
X-Axis: Normalized Interevent Time
Y-Axis: Probability
Number of Data Sets: 3


DATASET #1

     Name: ddot2_5 Histogram
   Points: 41
     Info: 

Data[x,y]:
0.05	  0.012660249
0.15	  0.008905443
0.25	  0.011348239
0.35	  0.014812207
0.45	  0.019522889
0.55	  0.02692999
0.65	  0.03768498
0.75	  0.059042517
0.85	  0.10325982
0.95	  0.16660108
1.05	  0.1936305
1.15	  0.14757788
1.25	  0.08791806
1.35	  0.044417594
1.45	  0.023801634
1.55	  0.0144885825
1.65	  0.009276349
1.75	  0.00605455
1.85	  0.0038782947
1.95	  0.0023914927
2.05	  0.0015013504
2.15	  9.971743E-4
2.25	  7.0501457E-4
2.35	  5.184257E-4
2.45	  3.97176E-4
2.55	  3.1392882E-4
2.65	  2.4455794E-4
2.75	  1.953669E-4
2.85	  1.5559384E-4
2.95	  1.2577204E-4
3.05	  1.0373633E-4
3.15	  8.5156375E-5
3.25	  7.290128E-5
3.35	  5.8651665E-5
3.45	  4.9031045E-5
3.55	  3.991172E-5
3.65	  3.586935E-5
3.75	  2.9000525E-5
3.85	  2.4104886E-5
3.95	  2.0275835E-5
4.05	  1.2464146E-4



DATASET #2

     Name: Log-Normal Fit
   Points: 401
     Info: 

Data[x,y]:
0.005	  0.0
0.015	  1.2448857E-33
0.025	  3.2632183E-27
0.035	  4.451486E-23
0.045	  4.1314744E-20
0.055	  7.662322E-18
0.065	  4.9061075E-16
0.075	  1.484083E-14
0.085	  2.5805315E-13
0.095	  2.9389603E-12
0.105	  2.401319E-11
0.115	  1.5033143E-10
0.125	  7.5725E-10
0.135	  3.18561E-9
0.145	  1.1520476E-8
0.155	  3.664333E-8
0.165	  1.04405046E-7
0.175	  2.704659E-7
0.185	  6.4488006E-7
0.195	  1.4296536E-6
0.205	  2.9721075E-6
0.215	  5.8358537E-6
0.225	  1.0889595E-5
0.235	  1.9411946E-5
0.245	  3.320831E-5
0.255	  5.4733824E-5
0.265	  8.721472E-5
0.275	  1.347595E-4
0.285	  2.0245096E-4
0.295	  2.9641076E-4
0.305	  4.238293E-4
0.315	  5.9295545E-4
0.325	  8.1304315E-4
0.335	  0.001094254
0.345	  0.0014475171
0.355	  0.001884351
0.365	  0.0024166522
0.375	  0.0030564582
0.385	  0.0038156933
0.395	  0.0047059054
0.405	  0.005738004
0.415	  0.0069220047
0.425	  0.008266794
0.435	  0.009779911
0.445	  0.011467365
0.455	  0.013333481
0.465	  0.015380785
0.475	  0.01760992
0.485	  0.020019611
0.495	  0.022606656
0.505	  0.025365954
0.515	  0.028290583
0.525	  0.031371873
0.535	  0.034599543
0.545	  0.037961837
0.555	  0.04144568
0.565	  0.04503685
0.575	  0.04872017
0.585	  0.05247968
0.595	  0.056298845
0.605	  0.060160726
0.615	  0.06404817
0.625	  0.067944
0.635	  0.07183114
0.645	  0.07569282
0.655	  0.0795127
0.665	  0.083274975
0.675	  0.08696455
0.685	  0.09056705
0.695	  0.094069
0.705	  0.09745783
0.715	  0.10072198
0.725	  0.103850864
0.735	  0.106835015
0.745	  0.109666
0.755	  0.11233646
0.765	  0.11484014
0.775	  0.117171824
0.785	  0.11932733
0.795	  0.1213035
0.805	  0.12309813
0.815	  0.12470995
0.825	  0.12613858
0.835	  0.12738445
0.845	  0.12844883
0.855	  0.12933363
0.865	  0.13004148
0.875	  0.13057564
0.885	  0.13093989
0.895	  0.13113852
0.905	  0.13117628
0.915	  0.13105829
0.925	  0.13079002
0.935	  0.13037726
0.945	  0.12982598
0.955	  0.12914237
0.965	  0.12833281
0.975	  0.12740374
0.985	  0.12636168
0.995	  0.12521322
1.005	  0.12396493
1.015	  0.12262334
1.025	  0.12119495
1.035	  0.11968618
1.045	  0.11810333
1.055	  0.11645262
1.065	  0.11474008
1.075	  0.11297162
1.085	  0.11115298
1.095	  0.109289706
1.105	  0.10738716
1.115	  0.10545053
1.125	  0.10348478
1.135	  0.10149466
1.145	  0.099484734
1.155	  0.09745933
1.165	  0.095422596
1.175	  0.093378425
1.185	  0.09133053
1.195	  0.08928241
1.205	  0.087237336
1.215	  0.08519841
1.225	  0.083168514
1.235	  0.08115034
1.245	  0.07914639
1.255	  0.07715898
1.265	  0.07519025
1.275	  0.07324219
1.285	  0.07131658
1.295	  0.06941507
1.305	  0.06753916
1.315	  0.06569019
1.325	  0.06386937
1.335	  0.06207777
1.345	  0.06031633
1.355	  0.058585886
1.365	  0.056887142
1.375	  0.055220705
1.385	  0.053587075
1.395	  0.051986657
1.405	  0.050419766
1.415	  0.048886638
1.425	  0.04738742
1.435	  0.045922194
1.445	  0.044490974
1.455	  0.0430937
1.465	  0.041730262
1.475	  0.040400498
1.485	  0.039104182
1.495	  0.037841063
1.505	  0.036610827
1.515	  0.035413135
1.525	  0.034247607
1.535	  0.033113837
1.545	  0.032011386
1.555	  0.030939793
1.565	  0.029898575
1.575	  0.028887222
1.585	  0.027905216
1.595	  0.026952023
1.605	  0.026027093
1.615	  0.025129866
1.625	  0.024259776
1.635	  0.02341625
1.645	  0.022598706
1.655	  0.021806566
1.665	  0.021039242
1.675	  0.02029615
1.685	  0.019576708
1.695	  0.01888033
1.705	  0.018206438
1.715	  0.017554458
1.725	  0.016923815
1.735	  0.016313946
1.745	  0.015724288
1.755	  0.015154289
1.765	  0.014603404
1.775	  0.014071094
1.785	  0.01355683
1.795	  0.013060088
1.805	  0.012580359
1.815	  0.012117138
1.825	  0.011669933
1.835	  0.011238259
1.845	  0.010821642
1.855	  0.01041962
1.865	  0.010031737
1.875	  0.0096575525
1.885	  0.009296631
1.895	  0.008948551
1.905	  0.0086129
1.915	  0.008289275
1.925	  0.0079772845
1.935	  0.0076765474
1.945	  0.007386691
1.955	  0.007107354
1.965	  0.006838184
1.975	  0.0065788394
1.985	  0.006328988
1.995	  0.006088306
2.005	  0.0058564804
2.015	  0.005633206
2.025	  0.005418188
2.035	  0.0052111396
2.045	  0.0050117825
2.055	  0.004819847
2.065	  0.0046350732
2.075	  0.0044572074
2.085	  0.004286004
2.095	  0.0041212263
2.105	  0.003962645
2.115	  0.0038100372
2.125	  0.003663188
2.135	  0.00352189
2.145	  0.0033859413
2.155	  0.0032551477
2.165	  0.0031293214
2.175	  0.0030082806
2.185	  0.00289185
2.195	  0.00277986
2.205	  0.0026721468
2.215	  0.002568552
2.225	  0.0024689236
2.235	  0.002373114
2.245	  0.0022809808
2.255	  0.002192387
2.265	  0.0021072002
2.275	  0.0020252927
2.285	  0.0019465412
2.295	  0.0018708273
2.305	  0.0017980362
2.315	  0.0017280574
2.325	  0.0016607848
2.335	  0.0015961155
2.345	  0.001533951
2.355	  0.0014741959
2.365	  0.0014167583
2.375	  0.00136155
2.385	  0.0013084856
2.395	  0.0012574834
2.405	  0.0012084641
2.415	  0.0011613519
2.425	  0.0011160735
2.435	  0.0010725583
2.445	  0.0010307385
2.455	  9.905488E-4
2.465	  9.519262E-4
2.475	  9.1481034E-4
2.485	  8.7914284E-4
2.495	  8.448677E-4
2.505	  8.1193104E-4
2.515	  7.8028097E-4
2.525	  7.498675E-4
2.535	  7.206427E-4
2.545	  6.9256034E-4
2.555	  6.6557596E-4
2.565	  6.396469E-4
2.575	  6.1473204E-4
2.585	  5.9079187E-4
2.595	  5.677884E-4
2.605	  5.45685E-4
2.615	  5.244466E-4
2.625	  5.0403946E-4
2.635	  4.8443102E-4
2.645	  4.655901E-4
2.655	  4.4748664E-4
2.665	  4.300918E-4
2.675	  4.133779E-4
2.685	  3.9731816E-4
2.695	  3.8188702E-4
2.705	  3.6705987E-4
2.715	  3.5281296E-4
2.725	  3.391236E-4
2.735	  3.2596992E-4
2.745	  3.1333085E-4
2.755	  3.0118623E-4
2.765	  2.8951667E-4
2.775	  2.7830352E-4
2.785	  2.675288E-4
2.795	  2.571754E-4
2.805	  2.4722665E-4
2.815	  2.3766674E-4
2.825	  2.2848036E-4
2.835	  2.1965287E-4
2.845	  2.1117012E-4
2.855	  2.030186E-4
2.865	  1.951853E-4
2.875	  1.876577E-4
2.885	  1.8042378E-4
2.895	  1.7347204E-4
2.905	  1.6679135E-4
2.915	  1.6037108E-4
2.925	  1.5420101E-4
2.935	  1.482713E-4
2.945	  1.425725E-4
2.955	  1.3709556E-4
2.965	  1.3183177E-4
2.975	  1.2677273E-4
2.985	  1.2191044E-4
2.995	  1.17237156E-4
3.005	  1.1274546E-4
3.015	  1.08428234E-4
3.025	  1.0427863E-4
3.035	  1.0029008E-4
3.045	  9.645626E-5
3.055	  9.277111E-5
3.065	  8.922879E-5
3.075	  8.5823725E-5
3.085	  8.255052E-5
3.095	  7.940402E-5
3.105	  7.6379256E-5
3.115	  7.347147E-5
3.125	  7.0676084E-5
3.135	  6.79887E-5
3.145	  6.54051E-5
3.155	  6.292121E-5
3.165	  6.0533144E-5
3.175	  5.823716E-5
3.185	  5.602966E-5
3.195	  5.3907195E-5
3.205	  5.186644E-5
3.215	  4.9904203E-5
3.225	  4.8017435E-5
3.235	  4.6203186E-5
3.245	  4.445863E-5
3.255	  4.2781056E-5
3.265	  4.1167856E-5
3.275	  3.9616523E-5
3.285	  3.812465E-5
3.295	  3.6689926E-5
3.305	  3.5310135E-5
3.315	  3.3983135E-5
3.325	  3.270688E-5
3.335	  3.14794E-5
3.345	  3.0298805E-5
3.355	  2.9163275E-5
3.365	  2.8071063E-5
3.375	  2.7020493E-5
3.385	  2.6009951E-5
3.395	  2.503789E-5
3.405	  2.4102821E-5
3.415	  2.3203313E-5
3.425	  2.2337992E-5
3.435	  2.1505539E-5
3.445	  2.0704685E-5
3.455	  1.993421E-5
3.465	  1.9192945E-5
3.475	  1.8479761E-5
3.485	  1.779358E-5
3.495	  1.7133361E-5
3.505	  1.6498107E-5
3.515	  1.5886855E-5
3.525	  1.5298685E-5
3.535	  1.4732709E-5
3.545	  1.4188076E-5
3.555	  1.3663969E-5
3.565	  1.3159598E-5
3.575	  1.2674209E-5
3.585	  1.2207074E-5
3.595	  1.17574955E-5
3.605	  1.1324802E-5
3.615	  1.0908347E-5
3.625	  1.050751E-5
3.635	  1.01216965E-5
3.645	  9.750332E-6
3.655	  9.392866E-6
3.665	  9.048769E-6
3.675	  8.717532E-6
3.685	  8.398665E-6
3.695	  8.091699E-6
3.705	  7.7961795E-6
3.715	  7.5116736E-6
3.725	  7.2377625E-6
3.735	  6.974044E-6
3.745	  6.720132E-6
3.755	  6.4756555E-6
3.765	  6.240257E-6
3.775	  6.0135926E-6
3.785	  5.795332E-6
3.795	  5.5851583E-6
3.805	  5.382766E-6
3.815	  5.1878615E-6
3.825	  5.000162E-6
3.835	  4.8193965E-6
3.845	  4.6453038E-6
3.855	  4.4776325E-6
3.865	  4.3161417E-6
3.875	  4.1605986E-6
3.885	  4.01078E-6
3.895	  3.866471E-6
3.905	  3.7274654E-6
3.915	  3.5935639E-6
3.925	  3.4645757E-6
3.935	  3.3403169E-6
3.945	  3.2206108E-6
3.955	  3.1052869E-6
3.965	  2.9941816E-6
3.975	  2.8871377E-6
3.985	  2.7840038E-6
3.995	  2.684634E-6
4.005	  2.5888883E-6



DATASET #3

     Name: BPT Fit
   Points: 401
     Info: Mean = 100.0, Aperiodicity = 0.5, Duration = 30.0, Delta T = 1.0, Num Points = 500, Historic Open Interval = 0.0
Computed mean = 0.99976856

Data[x,y]:
0.0	  0.0
0.01	  0.0
0.02	  0.0
0.03	  0.0
0.04	  0.0
0.05	  6.603111E-38
0.06	  5.4887743E-31
0.07	  4.5761504E-26
0.08	  2.1592304E-22
0.09	  1.506322E-19
0.1	  2.762625E-17
0.11	  1.920496E-15
0.12	  6.456783E-14
0.13	  1.2425573E-12
0.14	  1.543602E-11
0.15	  1.35185E-10
0.16	  8.915743E-10
0.17	  4.657119E-9
0.18	  2.0036385E-8
0.19	  7.3228435E-8
0.2	  2.3303444E-7
0.21	  6.58735E-7
0.22	  1.6812727E-6
0.23	  3.926903E-6
0.24	  8.488187E-6
0.25	  1.7140257E-5
0.26	  3.2591943E-5
0.27	  5.875325E-5
0.28	  1.0099456E-4
0.29	  1.6637005E-4
0.3	  2.6377823E-4
0.31	  4.0403722E-4
0.32	  5.998584E-4
0.33	  8.657118E-4
0.34	  0.0012175834
0.35	  0.0016726365
0.36	  0.0022487899
0.37	  0.0029642389
0.38	  0.0038369403
0.39	  0.004884087
0.4	  0.006121597
0.41	  0.0075636385
0.42	  0.009222208
0.43	  0.011106773
0.44	  0.013224
0.45	  0.015577553
0.46	  0.018167986
0.47	  0.020992707
0.48	  0.024046032
0.49	  0.027319288
0.5	  0.030801002
0.51	  0.034477115
0.52	  0.03833126
0.53	  0.042345047
0.54	  0.046498388
0.55	  0.05076983
0.56	  0.055136867
0.57	  0.05957629
0.58	  0.0640645
0.59	  0.068577796
0.6	  0.073092654
0.61	  0.077585995
0.62	  0.08203542
0.63	  0.08641939
0.64	  0.09071742
0.65	  0.09491023
0.66	  0.09897985
0.67	  0.10290974
0.68	  0.10668481
0.69	  0.11029153
0.7	  0.113717936
0.71	  0.116953574
0.72	  0.11998959
0.73	  0.12281863
0.74	  0.12543483
0.75	  0.12783374
0.76	  0.1300123
0.77	  0.13196875
0.78	  0.13370255
0.79	  0.13521428
0.8	  0.13650563
0.81	  0.13757926
0.82	  0.1384387
0.83	  0.13908829
0.84	  0.13953312
0.85	  0.1397789
0.86	  0.13983189
0.87	  0.13969888
0.88	  0.13938703
0.89	  0.13890384
0.9	  0.1382571
0.91	  0.13745482
0.92	  0.13650516
0.93	  0.13541633
0.94	  0.13419665
0.95	  0.13285442
0.96	  0.1313979
0.97	  0.12983528
0.98	  0.12817463
0.99	  0.1264239
1.0	  0.12459085
1.01	  0.12268308
1.02	  0.12070795
1.03	  0.11867262
1.04	  0.11658398
1.05	  0.11444871
1.06	  0.11227319
1.07	  0.11006355
1.08	  0.10782565
1.09	  0.10556506
1.1	  0.1032871
1.11	  0.10099678
1.12	  0.09869885
1.13	  0.09639778
1.14	  0.09409779
1.15	  0.09180283
1.16	  0.089516565
1.17	  0.08724243
1.18	  0.08498362
1.19	  0.08274307
1.2	  0.080523506
1.21	  0.078327425
1.22	  0.07615709
1.23	  0.0740146
1.24	  0.071901806
1.25	  0.06982041
1.26	  0.06777193
1.27	  0.06575769
1.28	  0.06377887
1.29	  0.0618365
1.3	  0.05993145
1.31	  0.058064457
1.32	  0.056236144
1.33	  0.05444699
1.34	  0.05269738
1.35	  0.050987575
1.36	  0.049317755
1.37	  0.047687992
1.38	  0.046098284
1.39	  0.04454854
1.4	  0.04303861
1.41	  0.041568257
1.42	  0.0401372
1.43	  0.03874509
1.44	  0.037391536
1.45	  0.03607609
1.46	  0.034798272
1.47	  0.033557557
1.48	  0.032353386
1.49	  0.031185182
1.5	  0.030052327
1.51	  0.028954186
1.52	  0.027890103
1.53	  0.026859412
1.54	  0.025861422
1.55	  0.02489544
1.56	  0.02396076
1.57	  0.023056667
1.58	  0.022182448
1.59	  0.02133738
1.6	  0.020520745
1.61	  0.019731821
1.62	  0.018969892
1.63	  0.018234242
1.64	  0.017524162
1.65	  0.016838951
1.66	  0.016177911
1.67	  0.015540352
1.68	  0.014925596
1.69	  0.014332973
1.7	  0.013761821
1.71	  0.013211492
1.72	  0.012681347
1.73	  0.01217076
1.74	  0.011679115
1.75	  0.011205811
1.76	  0.010750258
1.77	  0.010311879
1.78	  0.00989011
1.79	  0.009484401
1.8	  0.009094214
1.81	  0.008719025
1.82	  0.008358322
1.83	  0.008011607
1.84	  0.0076783975
1.85	  0.0073582195
1.86	  0.0070506157
1.87	  0.0067551397
1.88	  0.0064713587
1.89	  0.006198853
1.9	  0.005937213
1.91	  0.005686044
1.92	  0.005444963
1.93	  0.005213597
1.94	  0.0049915854
1.95	  0.00477858
1.96	  0.004574243
1.97	  0.0043782475
1.98	  0.0041902773
1.99	  0.0040100263
2.0	  0.0038371999
2.01	  0.003671512
2.02	  0.003512687
2.03	  0.0033604584
2.04	  0.003214569
2.05	  0.003074771
2.06	  0.0029408245
2.07	  0.0028124987
2.08	  0.002689571
2.09	  0.0025718266
2.1	  0.0024590583
2.11	  0.0023510673
2.12	  0.002247661
2.13	  0.0021486545
2.14	  0.0020538697
2.15	  0.001963135
2.16	  0.0018762858
2.17	  0.0017931628
2.18	  0.0017136133
2.19	  0.0016374902
2.2	  0.0015646525
2.21	  0.0014949641
2.22	  0.0014282942
2.23	  0.0013645176
2.24	  0.0013035134
2.25	  0.0012451657
2.26	  0.0011893632
2.27	  0.0011359988
2.28	  0.0010849698
2.29	  0.0010361777
2.3	  9.895279E-4
2.31	  9.4492926E-4
2.32	  9.022947E-4
2.33	  8.6154044E-4
2.34	  8.225863E-4
2.35	  7.8535517E-4
2.36	  7.497732E-4
2.37	  7.157695E-4
2.38	  6.8327604E-4
2.39	  6.5222784E-4
2.4	  6.225623E-4
2.41	  5.942196E-4
2.42	  5.671424E-4
2.43	  5.412756E-4
2.44	  5.1656656E-4
2.45	  4.929649E-4
2.46	  4.7042203E-4
2.47	  4.488918E-4
2.48	  4.2832975E-4
2.49	  4.0869342E-4
2.5	  3.8994208E-4
2.51	  3.720368E-4
2.52	  3.5494025E-4
2.53	  3.386167E-4
2.54	  3.2303197E-4
2.55	  3.0815334E-4
2.56	  2.9394953E-4
2.57	  2.8039052E-4
2.58	  2.6744764E-4
2.59	  2.550935E-4
2.6	  2.4330178E-4
2.61	  2.3204742E-4
2.62	  2.2130639E-4
2.63	  2.110557E-4
2.64	  2.0127337E-4
2.65	  1.9193842E-4
2.66	  1.8303074E-4
2.67	  1.745311E-4
2.68	  1.6642116E-4
2.69	  1.5868332E-4
2.7	  1.5130082E-4
2.71	  1.442576E-4
2.72	  1.3753831E-4
2.73	  1.3112831E-4
2.74	  1.2501357E-4
2.75	  1.1918069E-4
2.76	  1.13616894E-4
2.77	  1.0830994E-4
2.78	  1.0324815E-4
2.79	  9.8420365E-5
2.8	  9.381592E-5
2.81	  8.942462E-5
2.82	  8.523674E-5
2.83	  8.124298E-5
2.84	  7.7434466E-5
2.85	  7.380272E-5
2.86	  7.033964E-5
2.87	  6.70375E-5
2.88	  6.38889E-5
2.89	  6.0886807E-5
2.9	  5.802447E-5
2.91	  5.5295473E-5
2.92	  5.269367E-5
2.93	  5.0213206E-5
2.94	  4.7848487E-5
2.95	  4.5594174E-5
2.96	  4.3445165E-5
2.97	  4.13966E-5
2.98	  3.9443832E-5
2.99	  3.758243E-5
3.0	  3.5808163E-5
3.01	  3.4116998E-5
3.02	  3.250508E-5
3.03	  3.096873E-5
3.04	  2.9504445E-5
3.05	  2.8108874E-5
3.06	  2.6778827E-5
3.07	  2.5511254E-5
3.08	  2.4303248E-5
3.09	  2.3152039E-5
3.1	  2.2054977E-5
3.11	  2.100954E-5
3.12	  2.001332E-5
3.13	  1.9064018E-5
3.14	  1.8159446E-5
3.15	  1.7297514E-5
3.16	  1.6476228E-5
3.17	  1.5693688E-5
3.18	  1.4948079E-5
3.19	  1.4237674E-5
3.2	  1.3560823E-5
3.21	  1.2915954E-5
3.22	  1.2301568E-5
3.23	  1.17162335E-5
3.24	  1.1158589E-5
3.25	  1.0627332E-5
3.26	  1.01212245E-5
3.27	  9.639084E-6
3.28	  9.179784E-6
3.29	  8.7422495E-6
3.3	  8.325456E-6
3.31	  7.928429E-6
3.32	  7.550235E-6
3.33	  7.189987E-6
3.34	  6.8468403E-6
3.35	  6.519987E-6
3.36	  6.2086588E-6
3.37	  5.912123E-6
3.38	  5.6296813E-6
3.39	  5.3606677E-6
3.4	  5.104448E-6
3.41	  4.860417E-6
3.42	  4.627998E-6
3.43	  4.4066423E-6
3.44	  4.195826E-6
3.45	  3.9950505E-6
3.46	  3.8038395E-6
3.47	  3.6217405E-6
3.48	  3.4483216E-6
3.49	  3.283171E-6
3.5	  3.125897E-6
3.51	  2.9761252E-6
3.52	  2.8335003E-6
3.53	  2.6976827E-6
3.54	  2.5683494E-6
3.55	  2.445192E-6
3.56	  2.327917E-6
3.57	  2.2162453E-6
3.58	  2.10991E-6
3.59	  2.0086575E-6
3.6	  1.912246E-6
3.61	  1.8204449E-6
3.62	  1.7330351E-6
3.63	  1.6498072E-6
3.64	  1.5705622E-6
3.65	  1.4951103E-6
3.66	  1.4232705E-6
3.67	  1.354871E-6
3.68	  1.2897474E-6
3.69	  1.2277437E-6
3.7	  1.1687109E-6
3.71	  1.1125074E-6
3.72	  1.058998E-6
3.73	  1.0080541E-6
3.74	  9.595533E-7
3.75	  9.1337876E-7
3.76	  8.6941935E-7
3.77	  8.2756924E-7
3.78	  7.877276E-7
3.79	  7.4979835E-7
3.8	  7.136901E-7
3.81	  6.793157E-7
3.82	  6.465922E-7
3.83	  6.1544057E-7
3.84	  5.8578564E-7
3.85	  5.5755567E-7
3.86	  5.306824E-7
3.87	  5.0510096E-7
3.88	  4.8074935E-7
3.89	  4.5756872E-7
3.9	  4.355029E-7
3.91	  4.1449843E-7
3.92	  3.9450447E-7
3.93	  3.7547252E-7
3.94	  3.5735647E-7
3.95	  3.4011234E-7
3.96	  3.2369832E-7
3.97	  3.0807456E-7
3.98	  2.9320313E-7
3.99	  2.790479E-7
4.0	  2.6557444E-7


