
X-Axis: 0.2s SA (g)
Y-Axis: Annual Probabilitiy
Number of Data Sets: 5


DATASET #1

Name: UCERF3
Num Points: 401
Info: 

X, Y Data:
1.0E-4	0.05388225
1.0333392E-4	0.05388225
1.06779E-4	0.05388225
1.1033893E-4	0.05388225
1.14017545E-4	0.05388225
1.178188E-4	0.05388225
1.2174679E-4	0.05388225
1.2580573E-4	0.05388225
1.3E-4	0.05388225
1.334183E-4	0.05388225
1.369265E-4	0.05388225
1.4052694E-4	0.05388225
1.4422205E-4	0.05388225
1.4801433E-4	0.05388225
1.5190631E-4	0.05388225
1.5590065E-4	0.05388225
1.6E-4	0.05388225
1.645257E-4	0.05388225
1.691794E-4	0.05388225
1.7396474E-4	0.05388225
1.7888544E-4	0.05388225
1.8394532E-4	0.05388225
1.8914833E-4	0.05388225
1.944985E-4	0.05388225
2.0E-4	0.05388225
2.0565712E-4	0.05388225
2.1147425E-4	0.05388225
2.1745593E-4	0.05388225
2.236068E-4	0.05388225
2.2993165E-4	0.05388225
2.364354E-4	0.05388225
2.4312311E-4	0.05388225
2.5E-4	0.05388225
2.5783465E-4	0.05388225
2.659148E-4	0.05388225
2.742482E-4	0.05388225
2.8284272E-4	0.05388225
2.917066E-4	0.05388225
3.0084825E-4	0.05388225
3.102764E-4	0.05388225
3.2E-4	0.05388225
3.290514E-4	0.05388225
3.383588E-4	0.05388225
3.4792948E-4	0.05388225
3.5777088E-4	0.05388225
3.6789064E-4	0.05388225
3.7829665E-4	0.05388225
3.88997E-4	0.05388225
4.0E-4	0.05388225
4.1131425E-4	0.05388225
4.229485E-4	0.05388225
4.3491187E-4	0.05388225
4.472136E-4	0.05388225
4.598633E-4	0.05388225
4.728708E-4	0.05388225
4.8624622E-4	0.05388225
5.0E-4	0.05388225
5.1465514E-4	0.05388225
5.2973983E-4	0.05388225
5.4526667E-4	0.05388225
5.612486E-4	0.05388225
5.77699E-4	0.05388225
5.946315E-4	0.05388225
6.120603E-4	0.05388225
6.3E-4	0.053882245
6.4807665E-4	0.053882245
6.6667196E-4	0.053882245
6.858008E-4	0.053882245
7.0547854E-4	0.05388224
7.257209E-4	0.05388224
7.465441E-4	0.05388224
7.6796475E-4	0.053882238
7.9E-4	0.053882238
8.136239E-4	0.053882234
8.379543E-4	0.05388223
8.630122E-4	0.053882226
8.8881946E-4	0.05388222
9.153984E-4	0.053882215
9.427722E-4	0.053882208
9.7096455E-4	0.0538822
0.001	0.05388219
0.0010293103	0.053882178
0.0010594797	0.053882167
0.0010905333	0.053882148
0.0011224973	0.05388213
0.001155398	0.05388211
0.001189263	0.053882085
0.0012241206	0.053882055
0.00126	0.053882018
0.0012961533	0.05388198
0.0013333439	0.053881936
0.0013716016	0.05388188
0.0014109571	0.05388182
0.0014514418	0.053881746
0.0014930882	0.053881664
0.0015359295	0.05388157
0.00158	0.053881463
0.0016272478	0.05388133
0.0016759086	0.05388118
0.0017260244	0.053881004
0.0017776389	0.053880803
0.0018307968	0.053880572
0.0018855444	0.053880304
0.0019419291	0.053880002
0.002	0.053879652
0.0020575977	0.053879272
0.002116854	0.05387884
0.002177817	0.05387835
0.0022405356	0.053877793
0.0023050604	0.053877167
0.0023714434	0.05387646
0.0024397383	0.053875662
0.00251	0.053874765
0.0025833033	0.05387374
0.0026587474	0.053872593
0.0027363948	0.053871304
0.0028163097	0.05386986
0.0028985585	0.053868245
0.0029832094	0.05386644
0.0030703326	0.053864427
0.00316	0.053862188
0.0032524571	0.053859692
0.0033476194	0.053856917
0.003445566	0.053853843
0.0035463783	0.053850435
0.0036501405	0.05384667
0.0037569385	0.05384251
0.003866861	0.053837925
0.00398	0.053832874
0.004096165	0.053827334
0.0042157196	0.053821255
0.0043387646	0.053814586
0.0044654002	0.053807292
0.0045957323	0.053799313
0.0047298684	0.053790607
0.0048679197	0.05378111
0.00501	0.053770773
0.005156579	0.053759508
0.0053074467	0.053747274
0.005462728	0.053734004
0.0056225527	0.053719632
0.0057870536	0.053704087
0.005956367	0.053687293
0.0061306343	0.053669177
0.00631	0.053649653
0.006493865	0.05362873
0.0066830874	0.053606253
0.0068778237	0.05358213
0.007078234	0.05355628
0.0072844843	0.053528603
0.0074967444	0.05349901
0.00771519	0.053467408
0.00794	0.053433698
0.008172275	0.053397637
0.008411343	0.05335925
0.008657407	0.053318433
0.008910668	0.053275082
0.009171338	0.05322909
0.009439633	0.053180344
0.009715778	0.053128745
0.01	0.053074177
0.010292081	0.053016618
0.010592694	0.05295588
0.010902087	0.052891847
0.011220517	0.052824408
0.011548247	0.052753452
0.011885551	0.052678864
0.012232705	0.05260053
0.01259	0.052518338
0.012957647	0.05243219
0.013336032	0.05234196
0.013725464	0.052247535
0.01412627	0.0521488
0.014538779	0.052045647
0.014963334	0.051937956
0.015400288	0.051825624
0.01585	0.051708534
0.016312422	0.051586695
0.016788337	0.051459894
0.017278135	0.05132802
0.017782224	0.05119097
0.01830102	0.05104864
0.01883495	0.05090093
0.019384459	0.050747737
0.01995	0.05058896
0.020533005	0.050424237
0.021133045	0.050253723
0.021750621	0.050077327
0.022386245	0.049894962
0.023040446	0.04970655
0.023713762	0.049512003
0.024406755	0.04931125
0.02512	0.04910422
0.025853088	0.04889114
0.02660757	0.048671674
0.027384069	0.04844577
0.02818323	0.048213385
0.029005712	0.04797448
0.029852198	0.04772902
0.030723387	0.04747698
0.03162	0.047218356
0.032543603	0.046952903
0.033494186	0.04668085
0.034472536	0.04640221
0.03547946	0.046117008
0.0365158	0.04582529
0.03758241	0.045527097
0.03868017	0.04522249
0.03981	0.04491154
0.040972695	0.044594374
0.042169347	0.04427105
0.04340095	0.043941665
0.044668525	0.043606356
0.04597312	0.043265242
0.047315817	0.042918473
0.04869773	0.042566203
0.05012	0.042208597
0.0515838	0.041845832
0.053090356	0.041478094
0.05464091	0.041105576
0.05623675	0.04072848
0.0578792	0.040347017
0.059569612	0.03996141
0.0613094	0.03957187
0.0631	0.039178636
0.06494172	0.038782187
0.066837184	0.038382504
0.06878798	0.037979826
0.070795715	0.037574384
0.072862044	0.03716641
0.074988686	0.03675614
0.077177405	0.036343794
0.07943	0.035929598
0.08174976	0.035513517
0.08413727	0.03509601
0.08659451	0.034677275
0.08912351	0.034257513
0.09172637	0.0338369
0.09440525	0.03341562
0.097162366	0.032993827
0.1	0.032571673
0.102919795	0.032149397
0.10592484	0.031727027
0.109017625	0.031304676
0.112200715	0.030882442
0.11547674	0.030460414
0.11884842	0.030038664
0.12231855	0.029617257
0.12589	0.029196244
0.12956645	0.028775577
0.13335027	0.028355367
0.13724458	0.02793563
0.14125264	0.02751637
0.14537773	0.027097588
0.14962329	0.02667927
0.15399285	0.026261397
0.15849	0.025843944
0.16311829	0.025426902
0.16788174	0.025010215
0.17278428	0.024593849
0.17783	0.024177764
0.18302307	0.023761922
0.18836778	0.023346284
0.19386858	0.022930816
0.19953	0.022515483
0.20535603	0.022100307
0.21135218	0.021685217
0.21752341	0.021270193
0.22387484	0.020855231
0.23041171	0.02044033
0.23713945	0.020025501
0.24406363	0.019610763
0.25119	0.01919615
0.25852492	0.018781682
0.26607406	0.018367443
0.27384362	0.017953506
0.28184006	0.017539954
0.29007	0.017126888
0.29854023	0.016714426
0.30725783	0.016302695
0.31623	0.01589184
0.32546407	0.015482026
0.33496782	0.015073421
0.34474903	0.0146662155
0.3548159	0.014260611
0.3651767	0.013856822
0.37584007	0.013455078
0.3868148	0.013055617
0.39811	0.012658691
0.40973493	0.012264564
0.42169935	0.011873499
0.4340131	0.011485775
0.44668642	0.011101673
0.4597298	0.010721483
0.47315407	0.010345494
0.4869703	0.009973999
0.50119	0.009607291
0.5158249	0.00924566
0.5308872	0.008889398
0.5463893	0.008538786
0.5623441	0.008194106
0.57876474	0.007855625
0.59566486	0.0075236056
0.61305845	0.007198299
0.63096	0.006879942
0.6493842	0.0065687615
0.6683464	0.006264966
0.6878623	0.005968749
0.7079481	0.005680288
0.72862035	0.005399742
0.7498962	0.00512725
0.7717934	0.0048629334
0.79433	0.0046068914
0.8175246	0.004359205
0.8413966	0.0041199313
0.86596555	0.0038891083
0.8912519	0.003666753
0.9172767	0.0034528608
0.9440614	0.003247407
0.97162825	0.0030503466
1.0	0.0028616148
1.029201	0.0026811236
1.0592546	0.0025087756
1.090186	0.002344452
1.1220205	0.002188017
1.1547846	0.0020393196
1.1885055	0.0018981947
1.223211	0.001764464
1.25893	0.0016379373
1.2956905	0.0015184188
1.3335243	0.001405693
1.3724631	0.0012995421
1.4125386	0.0011997411
1.4537846	0.0011060599
1.4962348	0.0010182639
1.5399245	9.3611534E-4
1.58489	8.59375E-4
1.6311698	7.8780064E-4
1.678801	7.211547E-4
1.727823	6.591986E-4
1.7782766	6.016963E-4
1.8302034	5.4841477E-4
1.8836465	4.991249E-4
1.9386501	4.5360246E-4
1.99526	4.116286E-4
2.0535233	3.7299003E-4
2.113488	3.3748063E-4
2.1752036	3.049008E-4
2.2387214	2.7505824E-4
2.304094	2.4776813E-4
2.3713756	2.2285346E-4
2.4406219	2.0014515E-4
2.51189	1.7948209E-4
2.5852382	1.6071148E-4
2.6607285	1.4368806E-4
2.7384229	1.2827477E-4
2.818386	1.143425E-4
2.900684	1.0176983E-4
2.9853854	9.04429E-5
3.0725598	8.0255224E-5
3.16228	7.110741E-5
3.2546198	6.290695E-5
3.3496559	5.5567896E-5
3.447467	4.9010658E-5
3.5481343	4.3161646E-5
3.6517413	3.7952996E-5
3.7583735	3.332227E-5
3.8681195	2.921215E-5
3.98107	2.5570122E-5
4.097319	2.2348182E-5
4.2169633	1.9502584E-5
4.340101	1.6993503E-5
4.466834	1.4784779E-5
4.5972676	1.2843642E-5
4.7315106	1.11404715E-5
4.869673	9.648536E-6
5.01187	8.343773E-6
5.1582193	7.204558E-6
5.3088417	6.211506E-6
5.463863	5.347268E-6
5.62341	4.5963543E-6
5.7876167	3.944959E-6
5.9566183	3.3808055E-6
6.1305547	2.8929944E-6
6.30957	2.4718724E-6
6.493813	2.108904E-6
6.683436	1.7965588E-6
6.878596	1.5282042E-6
7.079455	1.2980105E-6
7.286179	1.1008642E-6
7.4989395	9.3228675E-7
7.7179127	7.8836496E-7
7.94328	6.6568504E-7
8.175228	5.6127504E-7
8.41395	4.7255304E-7
8.659641	3.9727917E-7
8.912508	3.3351338E-7
9.172758	2.7957958E-7
9.440608	2.340315E-7
9.716279	1.9562401E-7
10.0	1.6328688E-7



DATASET #2

Name: RSQSim
Num Points: 401
Info: 

X, Y Data:
1.0E-4	0.09391003
1.0333392E-4	0.09391003
1.06779E-4	0.09391003
1.1033893E-4	0.09391003
1.14017545E-4	0.09391003
1.178188E-4	0.09391003
1.2174679E-4	0.09391003
1.2580573E-4	0.09391003
1.3E-4	0.09391003
1.334183E-4	0.09391003
1.369265E-4	0.09391003
1.4052694E-4	0.09391003
1.4422205E-4	0.09391003
1.4801433E-4	0.09391003
1.5190631E-4	0.09391003
1.5590065E-4	0.09391003
1.6E-4	0.09391003
1.645257E-4	0.09391003
1.691794E-4	0.09391003
1.7396474E-4	0.09391003
1.7888544E-4	0.09391003
1.8394532E-4	0.09391003
1.8914833E-4	0.09391003
1.944985E-4	0.09391003
2.0E-4	0.09391003
2.0565712E-4	0.09391003
2.1147425E-4	0.09391003
2.1745593E-4	0.09391003
2.236068E-4	0.09391003
2.2993165E-4	0.09391003
2.364354E-4	0.09391003
2.4312311E-4	0.09391003
2.5E-4	0.09391003
2.5783465E-4	0.09391003
2.659148E-4	0.09391003
2.742482E-4	0.09391003
2.8284272E-4	0.09391003
2.917066E-4	0.09391003
3.0084825E-4	0.09391003
3.102764E-4	0.09391003
3.2E-4	0.09391003
3.290514E-4	0.09391003
3.383588E-4	0.09391003
3.4792948E-4	0.09391003
3.5777088E-4	0.09391003
3.6789064E-4	0.09391003
3.7829665E-4	0.09391003
3.88997E-4	0.09391003
4.0E-4	0.09391003
4.1131425E-4	0.09391003
4.229485E-4	0.09391003
4.3491187E-4	0.09391003
4.472136E-4	0.09391003
4.598633E-4	0.09391003
4.728708E-4	0.09391003
4.8624622E-4	0.09391003
5.0E-4	0.09391003
5.1465514E-4	0.09391003
5.2973983E-4	0.09391003
5.4526667E-4	0.09391003
5.612486E-4	0.09391002
5.77699E-4	0.09391002
5.946315E-4	0.09391002
6.120603E-4	0.09391002
6.3E-4	0.09391002
6.4807665E-4	0.093910016
6.6667196E-4	0.093910016
6.858008E-4	0.093910016
7.0547854E-4	0.09391001
7.257209E-4	0.09391001
7.465441E-4	0.09391
7.6796475E-4	0.093909994
7.9E-4	0.09390999
8.136239E-4	0.09390998
8.379543E-4	0.093909964
8.630122E-4	0.09390996
8.8881946E-4	0.093909934
9.153984E-4	0.09390992
9.427722E-4	0.0939099
9.7096455E-4	0.09390987
0.001	0.09390984
0.0010293103	0.0939098
0.0010594797	0.093909755
0.0010905333	0.0939097
0.0011224973	0.09390964
0.001155398	0.09390957
0.001189263	0.09390949
0.0012241206	0.09390938
0.00126	0.09390927
0.0012961533	0.09390914
0.0013333439	0.09390898
0.0013716016	0.0939088
0.0014109571	0.09390859
0.0014514418	0.09390835
0.0014930882	0.09390807
0.0015359295	0.09390775
0.00158	0.09390738
0.0016272478	0.09390693
0.0016759086	0.09390642
0.0017260244	0.09390582
0.0017776389	0.09390514
0.0018307968	0.09390436
0.0018855444	0.09390346
0.0019419291	0.093902424
0.002	0.09390125
0.0020575977	0.09389996
0.002116854	0.09389849
0.002177817	0.09389683
0.0022405356	0.09389495
0.0023050604	0.093892835
0.0023714434	0.09389044
0.0024397383	0.09388776
0.00251	0.09388474
0.0025833033	0.0938813
0.0026587474	0.09387745
0.0027363948	0.09387313
0.0028163097	0.0938683
0.0028985585	0.09386291
0.0029832094	0.0938569
0.0030703326	0.09385022
0.00316	0.09384278
0.0032524571	0.09383453
0.0033476194	0.09382537
0.003445566	0.093815245
0.0035463783	0.09380407
0.0036501405	0.09379174
0.0037569385	0.093778156
0.003866861	0.09376323
0.00398	0.09374685
0.004096165	0.09372894
0.0042157196	0.09370934
0.0043387646	0.09368794
0.0044654002	0.093664594
0.0045957323	0.09363916
0.0047298684	0.09361151
0.0048679197	0.093581475
0.00501	0.09354892
0.005156579	0.093513586
0.0053074467	0.09347537
0.005462728	0.09343412
0.0056225527	0.093389645
0.0057870536	0.09334177
0.005956367	0.09329029
0.0061306343	0.093235046
0.00631	0.09317582
0.006493865	0.093112685
0.0066830874	0.09304522
0.0068778237	0.09297322
0.007078234	0.09289649
0.0072844843	0.09281483
0.0074967444	0.09272805
0.00771519	0.09263593
0.00794	0.09253828
0.008172275	0.0924345
0.008411343	0.092324756
0.008657407	0.092208855
0.008910668	0.0920866
0.009171338	0.091957815
0.009439633	0.09182231
0.009715778	0.09167992
0.01	0.09153048
0.010292081	0.091374055
0.010592694	0.091210276
0.010902087	0.09103899
0.011220517	0.09086006
0.011548247	0.09067335
0.011885551	0.09047873
0.012232705	0.09027609
0.01259	0.09006532
0.012957647	0.089846365
0.013336032	0.08961908
0.013725464	0.089383386
0.01412627	0.0891392
0.014538779	0.088886455
0.014963334	0.08862508
0.015400288	0.088355035
0.01585	0.088076256
0.016312422	0.08778896
0.016788337	0.087492876
0.017278135	0.08718796
0.017782224	0.08687419
0.01830102	0.086551525
0.01883495	0.08621997
0.019384459	0.08587948
0.01995	0.085530065
0.020533005	0.0851711
0.021133045	0.08480315
0.021750621	0.084426194
0.022386245	0.08404022
0.023040446	0.08364521
0.023713762	0.083241165
0.024406755	0.08282807
0.02512	0.082405895
0.025853088	0.08197522
0.02660757	0.08153547
0.027384069	0.08108662
0.02818323	0.08062865
0.029005712	0.080161534
0.029852198	0.07968524
0.030723387	0.07919975
0.03162	0.07870504
0.032543603	0.078200616
0.033494186	0.07768689
0.034472536	0.07716384
0.03547946	0.07663141
0.0365158	0.07608958
0.03758241	0.07553834
0.03868017	0.07497764
0.03981	0.07440746
0.040972695	0.07382785
0.042169347	0.073238716
0.04340095	0.07264006
0.044668525	0.07203187
0.04597312	0.07141414
0.047315817	0.07078688
0.04869773	0.0701501
0.05012	0.06950382
0.0515838	0.06884808
0.053090356	0.06818292
0.05464091	0.067508385
0.05623675	0.06682453
0.0578792	0.06613145
0.059569612	0.06542921
0.0613094	0.06471793
0.0631	0.063997716
0.06494172	0.06326915
0.066837184	0.06253194
0.06878798	0.061786227
0.070795715	0.06103219
0.072862044	0.060270015
0.074988686	0.05949991
0.077177405	0.05872208
0.07943	0.05793677
0.08174976	0.05714374
0.08413727	0.05634373
0.08659451	0.055537023
0.08912351	0.05472391
0.09172637	0.0539047
0.09440525	0.05307972
0.097162366	0.05224931
0.1	0.05141381
0.102919795	0.050573803
0.10592484	0.04972946
0.109017625	0.048881166
0.112200715	0.048029326
0.11547674	0.04717435
0.11884842	0.046316657
0.12231855	0.045456678
0.12589	0.044594854
0.12956645	0.043731466
0.13335027	0.042867128
0.13724458	0.0420023
0.14125264	0.04113745
0.14537773	0.040273044
0.14962329	0.03940955
0.15399285	0.038547453
0.15849	0.037687216
0.16311829	0.03682936
0.16788174	0.035974316
0.17278428	0.035122566
0.17783	0.034274578
0.18302307	0.033430826
0.18836778	0.03259177
0.19386858	0.03175788
0.19953	0.030929606
0.20535603	0.030107502
0.21135218	0.029291911
0.21752341	0.02848327
0.22387484	0.02768201
0.23041171	0.02688855
0.23713945	0.026103303
0.24406363	0.025326673
0.25119	0.024559053
0.25852492	0.023800772
0.26607406	0.023052255
0.27384362	0.022313861
0.28184006	0.021585938
0.29007	0.02086882
0.29854023	0.020162826
0.30725783	0.01946827
0.31623	0.018785443
0.32546407	0.018114628
0.33496782	0.017456088
0.34474903	0.016810073
0.3548159	0.016176812
0.3651767	0.015556529
0.37584007	0.014949422
0.3868148	0.014355676
0.39811	0.013775458
0.40973493	0.013208919
0.42169935	0.0126561895
0.4340131	0.012117379
0.44668642	0.011592583
0.4597298	0.011081875
0.47315407	0.010585311
0.4869703	0.010102928
0.50119	0.00963474
0.5158249	0.009180745
0.5308872	0.008740921
0.5463893	0.008315224
0.5623441	0.007903594
0.57876474	0.0075059473
0.59566486	0.007122185
0.61305845	0.006752188
0.63096	0.006395818
0.6493842	0.006052921
0.6683464	0.0057233237
0.6878623	0.0054068356
0.7079481	0.0051032514
0.72862035	0.004812351
0.7498962	0.0045338986
0.7717934	0.0042676455
0.79433	0.0040133297
0.8175246	0.0037706792
0.8413966	0.0035394095
0.86596555	0.0033192271
0.8912519	0.0031098302
0.9172767	0.0029109092
0.9440614	0.002722149
0.97162825	0.0025432284
1.0	0.0023738227
1.029201	0.0022135999
1.0592546	0.0020622348
1.090186	0.0019193968
1.1220205	0.0017847554
1.1547846	0.0016579814
1.1885055	0.0015387477
1.223211	0.0014267302
1.25893	0.0013216088
1.2956905	0.0012230718
1.3335243	0.0011308047
1.3724631	0.0010445034
1.4125386	9.638708E-4
1.4537846	8.8861666E-4
1.4962348	8.184587E-4
1.5399245	7.531226E-4
1.58489	6.9234276E-4
1.6311698	6.358606E-4
1.678801	5.8343005E-4
1.727823	5.348123E-4
1.7782766	4.89778E-4
1.8302034	4.4810714E-4
1.8836465	4.0958915E-4
1.9386501	3.7402287E-4
1.99526	3.4121648E-4
2.0535233	3.1098718E-4
2.113488	2.8316173E-4
2.1752036	2.575756E-4
2.2387214	2.3407293E-4
2.304094	2.1250643E-4
2.3713756	1.9273709E-4
2.4406219	1.7463388E-4
2.51189	1.5807357E-4
2.5852382	1.4294052E-4
2.6607285	1.291259E-4
2.7384229	1.1652795E-4
2.818386	1.05051506E-4
2.900684	9.460768E-5
2.9853854	8.511356E-5
3.0725598	7.649191E-5
3.16228	6.867087E-5
3.2546198	6.158371E-5
3.3496559	5.5168464E-5
3.447467	4.9367733E-5
3.5481343	4.4128385E-5
3.6517413	3.9401315E-5
3.7583735	3.5141176E-5
3.8681195	3.130616E-5
3.98107	2.7857757E-5
4.097319	2.476053E-5
4.2169633	2.1981949E-5
4.340101	1.9492141E-5
4.466834	1.7263737E-5
4.5972676	1.527167E-5
4.7315106	1.3493026E-5
4.869673	1.1906878E-5
5.01187	1.0494139E-5
5.1582193	9.237421E-6
5.3088417	8.120904E-6
5.463863	7.13021E-6
5.62341	6.2522945E-6
5.7876167	5.475332E-6
5.9566183	4.7886188E-6
6.1305547	4.18248E-6
6.30957	3.64818E-6
6.493813	3.1778432E-6
6.683436	2.7643803E-6
6.878596	2.4014169E-6
7.079455	2.08323E-6
7.286179	1.8046887E-6
7.4989395	1.5611998E-6
7.7179127	1.3486573E-6
7.94328	1.163396E-6
8.175228	1.0021491E-6
8.41395	8.620099E-7
8.659641	7.403953E-7
8.912508	6.350135E-7
9.172758	5.4383463E-7
9.440608	4.6506344E-7
9.716279	3.9711458E-7
10.0	3.3859064E-7



DATASET #3

Name: 1000yr
Num Points: 2
Info: 

X, Y Data:
0.001	0.001
10.0	0.001



DATASET #4

Name: 2500yr
Num Points: 2
Info: 

X, Y Data:
0.001	4.0E-4
10.0	4.0E-4



DATASET #5

Name: 10000yr
Num Points: 2
Info: 

X, Y Data:
0.001	1.0E-4
10.0	1.0E-4


