
X-Axis: 5.0s SA (g)
Y-Axis: Annual Probabilitiy
Number of Data Sets: 5


DATASET #1

Name: UCERF3
Num Points: 401
Info: 

X, Y Data:
1.0E-4	0.15175141
1.0333392E-4	0.15145633
1.06779E-4	0.15114333
1.1033893E-4	0.15081179
1.14017545E-4	0.15046112
1.178188E-4	0.15009075
1.2174679E-4	0.14970009
1.2580573E-4	0.14928862
1.3E-4	0.14885585
1.334183E-4	0.14849791
1.369265E-4	0.14812608
1.4052694E-4	0.14774017
1.4422205E-4	0.14733997
1.4801433E-4	0.1469253
1.5190631E-4	0.146496
1.5590065E-4	0.14605191
1.6E-4	0.1455929
1.645257E-4	0.14508285
1.691794E-4	0.1445553
1.7396474E-4	0.14401017
1.7888544E-4	0.14344735
1.8394532E-4	0.14286682
1.8914833E-4	0.14226852
1.944985E-4	0.14165246
2.0E-4	0.14101866
2.0565712E-4	0.14036715
2.1147425E-4	0.139698
2.1745593E-4	0.13901128
2.236068E-4	0.13830712
2.2993165E-4	0.13758563
2.364354E-4	0.13684696
2.4312311E-4	0.13609128
2.5E-4	0.13531877
2.5783465E-4	0.13444479
2.659148E-4	0.13355076
2.742482E-4	0.13263701
2.8284272E-4	0.13170384
2.917066E-4	0.13075162
3.0084825E-4	0.12978072
3.102764E-4	0.12879153
3.2E-4	0.12778442
3.290514E-4	0.12685898
3.383588E-4	0.12591954
3.4792948E-4	0.12496637
3.5777088E-4	0.12399979
3.6789064E-4	0.1230201
3.7829665E-4	0.1220276
3.88997E-4	0.12102259
4.0E-4	0.12000537
4.1131425E-4	0.11897622
4.229485E-4	0.11793544
4.3491187E-4	0.11688331
4.472136E-4	0.1158201
4.598633E-4	0.114746094
4.728708E-4	0.11366155
4.8624622E-4	0.11256674
5.0E-4	0.11146191
5.1465514E-4	0.11030733
5.2973983E-4	0.10914255
5.4526667E-4	0.107967824
5.612486E-4	0.10678343
5.77699E-4	0.105589606
5.946315E-4	0.10438663
6.120603E-4	0.10317473
6.3E-4	0.10195418
6.4807665E-4	0.10075082
6.6667196E-4	0.09953964
6.858008E-4	0.09832089
7.0547854E-4	0.0970948
7.257209E-4	0.09586162
7.465441E-4	0.09462163
7.6796475E-4	0.09337509
7.9E-4	0.09212226
8.136239E-4	0.09081098
8.379543E-4	0.08949353
8.630122E-4	0.08817027
8.8881946E-4	0.08684156
9.153984E-4	0.085507795
9.427722E-4	0.08416938
9.7096455E-4	0.082826726
0.001	0.08148029
0.0010293103	0.08015695
0.0010594797	0.078830875
0.0010905333	0.07750254
0.0011224973	0.076172434
0.001155398	0.074841075
0.001189263	0.073509
0.0012241206	0.072176754
0.00126	0.07084491
0.0012961533	0.06954168
0.0013333439	0.06823996
0.0013716016	0.06694033
0.0014109571	0.06564339
0.0014514418	0.06434974
0.0014930882	0.063059986
0.0015359295	0.061774753
0.00158	0.060494673
0.0016272478	0.059167527
0.0016759086	0.05784737
0.0017260244	0.056534924
0.0017776389	0.055230908
0.0018307968	0.053936034
0.0018855444	0.05265102
0.0019419291	0.051376563
0.002	0.050113358
0.0020575977	0.04890745
0.002116854	0.04771322
0.002177817	0.046531245
0.0022405356	0.045362096
0.0023050604	0.044206318
0.0023714434	0.043064438
0.0024397383	0.04193697
0.00251	0.040824395
0.0025833033	0.039712053
0.0026587474	0.03861595
0.0027363948	0.037536517
0.0028163097	0.036474153
0.0028985585	0.035429228
0.0029832094	0.034402084
0.0030703326	0.033393025
0.00316	0.03240234
0.0032524571	0.03142851
0.0033476194	0.030473584
0.003445566	0.029537745
0.0035463783	0.028621146
0.0036501405	0.027723914
0.0037569385	0.026846139
0.003866861	0.025987882
0.00398	0.025149174
0.004096165	0.02433197
0.0042157196	0.0235342
0.0043387646	0.02275581
0.0044654002	0.021996722
0.0045957323	0.021256834
0.0047298684	0.02053602
0.0048679197	0.019834127
0.00501	0.019150987
0.005156579	0.018484851
0.0053074467	0.017837154
0.005462728	0.017207662
0.0056225527	0.016596131
0.0057870536	0.0160023
0.005956367	0.0154258935
0.0061306343	0.014866625
0.00631	0.014324198
0.006493865	0.013800371
0.0066830874	0.013292633
0.0068778237	0.012800663
0.007078234	0.012324134
0.0072844843	0.011862718
0.0074967444	0.011416078
0.00771519	0.010983877
0.00794	0.010565776
0.008172275	0.010159888
0.008411343	0.009767523
0.008657407	0.009388336
0.008910668	0.009021985
0.009171338	0.00866813
0.009439633	0.008326434
0.009715778	0.007996561
0.01	0.0076781814
0.010292081	0.007371432
0.010592694	0.0070754946
0.010902087	0.0067900545
0.011220517	0.006514801
0.011548247	0.006249431
0.011885551	0.0059936447
0.012232705	0.0057471497
0.01259	0.0055096596
0.012957647	0.0052809436
0.013336032	0.005060674
0.013725464	0.004848583
0.01412627	0.0046444098
0.014538779	0.0044478984
0.014963334	0.0042588008
0.015400288	0.004076874
0.01585	0.003901882
0.016312422	0.003733743
0.016788337	0.003572073
0.017278135	0.0034166547
0.017782224	0.003267276
0.01830102	0.0031237314
0.01883495	0.0029858204
0.019384459	0.0028533484
0.01995	0.0027261262
0.020533005	0.0026037747
0.021133045	0.002486326
0.021750621	0.0023736057
0.022386245	0.0022654452
0.023040446	0.0021616796
0.023713762	0.0020621496
0.024406755	0.001966701
0.02512	0.0018751835
0.025853088	0.0017875675
0.02660757	0.001703587
0.027384069	0.0016231063
0.02818323	0.0015459938
0.029005712	0.0014721225
0.029852198	0.001401369
0.030723387	0.0013336145
0.03162	0.0012687438
0.032543603	0.0012065924
0.033494186	0.0011471112
0.034472536	0.0010901962
0.03547946	0.0010357475
0.0365158	9.836685E-4
0.03758241	9.3386613E-4
0.03868017	8.8625087E-4
0.03981	8.407364E-4
0.040972695	7.972446E-4
0.042169347	7.556902E-4
0.04340095	7.159965E-4
0.044668525	6.7808956E-4
0.04597312	6.418985E-4
0.047315817	6.073549E-4
0.04869773	5.7439343E-4
0.05012	5.4295093E-4
0.0515838	5.129671E-4
0.053090356	4.843836E-4
0.05464091	4.5714458E-4
0.05623675	4.3119627E-4
0.0578792	4.0648715E-4
0.059569612	3.8296756E-4
0.0613094	3.6058974E-4
0.0631	3.3930785E-4
0.06494172	3.1909015E-4
0.066837184	2.9988037E-4
0.06878798	2.8163768E-4
0.070795715	2.6432268E-4
0.072862044	2.4789735E-4
0.074988686	2.323251E-4
0.077177405	2.1757053E-4
0.07943	2.0359954E-4
0.08174976	1.903714E-4
0.08413727	1.7786285E-4
0.08659451	1.6604303E-4
0.08912351	1.5488212E-4
0.09172637	1.4435126E-4
0.09440525	1.3442255E-4
0.097162366	1.2506895E-4
0.1	1.1626436E-4
0.102919795	1.07985405E-4
0.10592484	1.0020545E-4
0.109017625	9.290082E-5
0.112200715	8.604864E-5
0.11547674	7.9626785E-5
0.11884842	7.361386E-5
0.12231855	6.798921E-5
0.12589	6.273288E-5
0.12956645	5.7824687E-5
0.13335027	5.3247117E-5
0.13724458	4.898227E-5
0.14125264	4.501291E-5
0.14537773	4.132246E-5
0.14962329	3.789499E-5
0.15399285	3.471521E-5
0.15849	3.176845E-5
0.16311829	2.9040777E-5
0.16788174	2.6518623E-5
0.17278428	2.4189143E-5
0.17783	2.2040083E-5
0.18302307	2.0059759E-5
0.18836778	1.8237048E-5
0.19386858	1.6561378E-5
0.19953	1.5022713E-5
0.20535603	1.3611702E-5
0.21135218	1.2319146E-5
0.21752341	1.1136533E-5
0.22387484	1.005583E-5
0.23041171	9.069465E-6
0.23713945	8.170312E-6
0.24406363	7.3516762E-6
0.25119	6.607276E-6
0.25852492	5.9311847E-6
0.26607406	5.3179488E-6
0.27384362	4.762427E-6
0.28184006	4.2598267E-6
0.29007	3.8056849E-6
0.29854023	3.3958545E-6
0.30725783	3.0264869E-6
0.31623	2.6940152E-6
0.32546407	2.3951427E-6
0.33496782	2.1268202E-6
0.34474903	1.8862377E-6
0.3548159	1.6708088E-6
0.3651767	1.4781556E-6
0.37584007	1.3060958E-6
0.3868148	1.1526299E-6
0.39811	1.0159288E-6
0.40973493	8.9432257E-7
0.42169935	7.862865E-7
0.4340131	6.9043347E-7
0.44668642	6.055025E-7
0.4597298	5.3034915E-7
0.47315407	4.639364E-7
0.4869703	4.0532595E-7
0.50119	3.5367032E-7
0.5158249	3.082052E-7
0.5308872	2.682423E-7
0.5463893	2.3316305E-7
0.5623441	2.0241194E-7
0.57876474	1.7549131E-7
0.59566486	1.5195576E-7
0.61305845	1.3140743E-7
0.63096	1.1349144E-7
0.6493842	9.7891714E-8
0.6683464	8.432717E-8
0.6878623	7.2548275E-8
0.7079481	6.233385E-8
0.72862035	5.3488122E-8
0.7498962	4.5838114E-8
0.7717934	3.92312E-8
0.79433	3.353291E-8
0.8175246	2.862499E-8
0.8413966	2.4403578E-8
0.86596555	2.0777577E-8
0.8912519	1.7667276E-8
0.9172767	1.5002957E-8
0.9440614	1.2723809E-8
0.97162825	1.07768E-8
1.0	9.115795E-9
1.029201	7.700682E-9
1.0592546	6.496742E-9
1.090186	5.473881E-9
1.1220205	4.606039E-9
1.1547846	3.8707233E-9
1.1885055	3.2485445E-9
1.223211	2.722811E-9
1.25893	2.2791964E-9
1.2956905	1.9053896E-9
1.3335243	1.5908078E-9
1.3724631	1.3264435E-9
1.4125386	1.1045727E-9
1.4537846	9.186254E-10
1.4962348	7.629941E-10
1.5399245	6.3290817E-10
1.58489	5.243246E-10
1.6311698	4.3381154E-10
1.678801	3.5846037E-10
1.727823	2.958198E-10
1.7782766	2.4381552E-10
1.8302034	2.0069402E-10
1.8836465	1.6499346E-10
1.9386501	1.3547141E-10
1.99526	1.11088916E-10
2.0535233	9.0980445E-11
2.113488	7.442036E-11
2.1752036	6.079792E-11
2.2387214	4.9607762E-11
2.304094	4.0428216E-11
2.3713756	3.2906344E-11
2.4406219	2.6751379E-11
2.51189	2.172118E-11
2.5852382	1.7613577E-11
2.6607285	1.4268031E-11
2.7384229	1.1544432E-11
2.818386	9.3264285E-12
2.900684	7.528755E-12
2.9853854	6.068146E-12
3.0725598	4.8870907E-12
3.16228	3.9305226E-12
3.2546198	3.1573633E-12
3.3496559	2.533529E-12
3.447467	2.031486E-12
3.5481343	1.6255886E-12
3.6517413	1.3008483E-12
3.7583735	1.0389467E-12
3.8681195	8.2800433E-13
3.98107	6.6024963E-13
4.097319	5.252465E-13
4.2169633	4.1799897E-13
4.340101	3.3073544E-13
4.466834	2.6267877E-13
4.5972676	2.0849988E-13
4.7315106	1.6486812E-13
4.869673	1.3056223E-13
5.01187	1.0225154E-13
5.1582193	8.060219E-14
5.3088417	6.283862E-14
5.463863	4.862777E-14
5.62341	3.7969627E-14
5.7876167	2.9753977E-14
5.9566183	2.2537527E-14
6.1305547	1.6986412E-14
6.30957	1.3322676E-14
6.493813	9.769963E-15
6.683436	7.438494E-15
6.878596	5.551115E-15
7.079455	4.107825E-15
7.286179	3.2196468E-15
7.4989395	2.4424907E-15
7.7179127	1.5543122E-15
7.94328	1.110223E-15
8.175228	7.771561E-16
8.41395	6.661338E-16
8.659641	5.551115E-16
8.912508	2.220446E-16
9.172758	1.110223E-16
9.440608	1.110223E-16
9.716279	0.0
10.0	0.0



DATASET #2

Name: RSQSim
Num Points: 401
Info: 

X, Y Data:
1.0E-4	0.22883126
1.0333392E-4	0.2285366
1.06779E-4	0.22822241
1.1033893E-4	0.22788784
1.14017545E-4	0.22753201
1.178188E-4	0.22715412
1.2174679E-4	0.2267533
1.2580573E-4	0.22632872
1.3E-4	0.22587952
1.334183E-4	0.22550605
1.369265E-4	0.22511625
1.4052694E-4	0.22470975
1.4422205E-4	0.22428615
1.4801433E-4	0.22384506
1.5190631E-4	0.22338614
1.5590065E-4	0.222909
1.6E-4	0.22241332
1.645257E-4	0.22185954
1.691794E-4	0.22128354
1.7396474E-4	0.22068493
1.7888544E-4	0.22006334
1.8394532E-4	0.21941842
1.8914833E-4	0.21874984
1.944985E-4	0.21805729
2.0E-4	0.21734047
2.0565712E-4	0.2165991
2.1147425E-4	0.21583298
2.1745593E-4	0.21504185
2.236068E-4	0.21422552
2.2993165E-4	0.21338378
2.364354E-4	0.21251652
2.4312311E-4	0.21162356
2.5E-4	0.21070483
2.5783465E-4	0.20965831
2.659148E-4	0.20858003
2.742482E-4	0.20746996
2.8284272E-4	0.20632805
2.917066E-4	0.20515434
3.0084825E-4	0.20394887
3.102764E-4	0.2027117
3.2E-4	0.20144297
3.290514E-4	0.20026907
3.383588E-4	0.19906959
3.4792948E-4	0.19784468
3.5777088E-4	0.1965945
3.6789064E-4	0.19531924
3.7829665E-4	0.19401905
3.88997E-4	0.19269417
4.0E-4	0.1913448
4.1131425E-4	0.1899712
4.229485E-4	0.18857358
4.3491187E-4	0.18715224
4.472136E-4	0.18570744
4.598633E-4	0.18423946
4.728708E-4	0.18274862
4.8624622E-4	0.1812352
5.0E-4	0.17969956
5.1465514E-4	0.17808597
5.2973983E-4	0.17644925
5.4526667E-4	0.17478982
5.612486E-4	0.17310804
5.77699E-4	0.17140436
5.946315E-4	0.16967918
6.120603E-4	0.16793294
6.3E-4	0.16616611
6.4807665E-4	0.16441643
6.6667196E-4	0.16264787
6.858008E-4	0.1608609
7.0547854E-4	0.15905596
7.257209E-4	0.15723354
7.465441E-4	0.15539414
7.6796475E-4	0.15353824
7.9E-4	0.15166639
8.136239E-4	0.14970028
8.379543E-4	0.14771806
8.630122E-4	0.14572032
8.8881946E-4	0.14370774
9.153984E-4	0.14168097
9.427722E-4	0.1396407
9.7096455E-4	0.13758767
0.001	0.13552257
0.0010293103	0.1334869
0.0010594797	0.13144109
0.0010905333	0.12938589
0.0011224973	0.12732208
0.001155398	0.12525044
0.001189263	0.12317179
0.0012241206	0.12108695
0.00126	0.11899678
0.0012961533	0.11694567
0.0013333439	0.11489112
0.0013716016	0.112833984
0.0014109571	0.11077513
0.0014514418	0.10871545
0.0014930882	0.10665585
0.0015359295	0.104597256
0.00158	0.10254059
0.0016272478	0.10040149
0.0016759086	0.0982666
0.0017260244	0.096137024
0.0017776389	0.094013855
0.0018307968	0.09189821
0.0018855444	0.08979122
0.0019419291	0.08769401
0.002	0.08560771
0.0020575977	0.083608784
0.002116854	0.08162204
0.002177817	0.079648495
0.0022405356	0.07768914
0.0023050604	0.07574497
0.0023714434	0.07381697
0.0024397383	0.071906105
0.00251	0.07001332
0.0025833033	0.06811369
0.0026587474	0.06623458
0.0027363948	0.06437693
0.0028163097	0.062541634
0.0028985585	0.06072959
0.0029832094	0.058941647
0.0030703326	0.05717864
0.00316	0.05544135
0.0032524571	0.053727444
0.0033476194	0.052040834
0.003445566	0.050382208
0.0035463783	0.048752215
0.0036501405	0.047151454
0.0037569385	0.04558049
0.003866861	0.044039838
0.00398	0.042529967
0.004096165	0.041054826
0.0042157196	0.039611124
0.0043387646	0.03819918
0.0044654002	0.036819283
0.0045957323	0.035471663
0.0047298684	0.03415651
0.0048679197	0.03287396
0.00501	0.031624105
0.005156579	0.030404145
0.0053074467	0.029217085
0.005462728	0.028062873
0.0056225527	0.026941417
0.0057870536	0.025852585
0.005956367	0.024796195
0.0061306343	0.023772031
0.00631	0.022779826
0.006493865	0.021823063
0.0066830874	0.02089738
0.0068778237	0.020002406
0.007078234	0.019137744
0.0072844843	0.018302962
0.0074967444	0.0174976
0.00771519	0.016721163
0.00794	0.015973143
0.008172275	0.01525025
0.008411343	0.014554883
0.008657407	0.013886456
0.008910668	0.0132443635
0.009171338	0.0126279835
0.009439633	0.012036682
0.009715778	0.011469812
0.01	0.010926715
0.010292081	0.010407507
0.010592694	0.009910667
0.010902087	0.009435523
0.011220517	0.008981398
0.011548247	0.008547616
0.011885551	0.0081335
0.012232705	0.0077383756
0.01259	0.0073615727
0.012957647	0.0070025045
0.013336032	0.0066604265
0.013725464	0.0063346876
0.01412627	0.0060246456
0.014538779	0.0057296692
0.014963334	0.005449137
0.015400288	0.0051824404
0.01585	0.004928982
0.016312422	0.00468839
0.016788337	0.0044598635
0.017278135	0.0042428505
0.017782224	0.004036813
0.01830102	0.0038412302
0.01883495	0.0036555957
0.019384459	0.003479421
0.01995	0.0033122334
0.020533005	0.0031533248
0.021133045	0.0030025344
0.021750621	0.0028594385
0.022386245	0.0027236298
0.023040446	0.0025947187
0.023713762	0.0024723317
0.024406755	0.0023561127
0.02512	0.0022457214
0.025853088	0.0021409714
0.02660757	0.002041404
0.027384069	0.0019467277
0.02818323	0.0018566666
0.029005712	0.0017709594
0.029852198	0.0016893586
0.030723387	0.0016116312
0.03162	0.0015375576
0.032543603	0.00146687
0.033494186	0.0013994403
0.034472536	0.0013350856
0.03547946	0.0012736346
0.0365158	0.0012149268
0.03758241	0.0011588122
0.03868017	0.0011051508
0.03981	0.0010538119
0.040972695	0.0010046794
0.042169347	9.576339E-4
0.04340095	9.125702E-4
0.044668525	8.693903E-4
0.04597312	8.2800334E-4
0.047315817	7.883247E-4
0.04869773	7.5027597E-4
0.05012	7.1378425E-4
0.0515838	6.7878206E-4
0.053090356	6.452062E-4
0.05464091	6.129982E-4
0.05623675	5.821035E-4
0.0578792	5.5247115E-4
0.059569612	5.2405364E-4
0.0613094	4.968065E-4
0.0631	4.7068787E-4
0.06494172	4.4567388E-4
0.066837184	4.2171066E-4
0.06878798	3.9876308E-4
0.070795715	3.7679775E-4
0.072862044	3.5578292E-4
0.074988686	3.356881E-4
0.077177405	3.1648405E-4
0.07943	2.981426E-4
0.08174976	2.8062615E-4
0.08413727	2.6391953E-4
0.08659451	2.4799694E-4
0.08912351	2.3283323E-4
0.09172637	2.1840374E-4
0.09440525	2.0468437E-4
0.097162366	1.9165139E-4
0.1	1.7928147E-4
0.102919795	1.6755445E-4
0.10592484	1.5644458E-4
0.109017625	1.4592962E-4
0.112200715	1.3598753E-4
0.11547674	1.2659664E-4
0.11884842	1.1773553E-4
0.12231855	1.0938312E-4
0.12589	1.01518635E-4
0.12956645	9.412024E-5
0.13335027	8.716938E-5
0.13724458	8.06463E-5
0.14125264	7.453161E-5
0.14537773	6.880632E-5
0.14962329	6.3451866E-5
0.15399285	5.8450085E-5
0.15849	5.3783275E-5
0.16311829	4.943439E-5
0.16788174	4.5386463E-5
0.17278428	4.1623236E-5
0.17783	3.8128957E-5
0.18302307	3.4888395E-5
0.18836778	3.1886844E-5
0.19386858	2.911013E-5
0.19953	2.6544623E-5
0.20535603	2.4177514E-5
0.21135218	2.1995935E-5
0.21752341	1.9987894E-5
0.22387484	1.8141933E-5
0.23041171	1.6447137E-5
0.23713945	1.4893117E-5
0.24406363	1.3470008E-5
0.25119	1.216846E-5
0.25852492	1.097955E-5
0.26607406	9.8950095E-6
0.27384362	8.906957E-6
0.28184006	8.007978E-6
0.29007	7.191105E-6
0.29854023	6.4498054E-6
0.30725783	5.777965E-6
0.31623	5.16987E-6
0.32546407	4.6201944E-6
0.33496782	4.123972E-6
0.34474903	3.676591E-6
0.3548159	3.2737717E-6
0.3651767	2.9115508E-6
0.37584007	2.5862632E-6
0.3868148	2.2945255E-6
0.39811	2.0332207E-6
0.40973493	1.7994821E-6
0.42169935	1.5906741E-6
0.4340131	1.4043819E-6
0.44668642	1.2383954E-6
0.4597298	1.0906948E-6
0.47315407	9.594377E-7
0.4869703	8.429459E-7
0.50119	7.396938E-7
0.5158249	6.48296E-7
0.5308872	5.674973E-7
0.5463893	4.961617E-7
0.5623441	4.3326304E-7
0.57876474	3.7787572E-7
0.59566486	3.2916626E-7
0.61305845	2.8638522E-7
0.63096	2.4885983E-7
0.6493842	2.159873E-7
0.6683464	1.8722795E-7
0.6878623	1.6209974E-7
0.7079481	1.401726E-7
0.72862035	1.210635E-7
0.7498962	1.0443178E-7
0.7717934	8.997494E-8
0.79433	7.742478E-8
0.8175246	6.654388E-8
0.8413966	5.7122335E-8
0.86596555	4.8974897E-8
0.8912519	4.193832E-8
0.9172767	3.586894E-8
0.9440614	3.0640514E-8
0.97162825	2.6142299E-8
1.0	2.2277254E-8
1.029201	1.8960428E-8
1.0592546	1.6117763E-8
1.090186	1.3684594E-8
1.1220205	1.1604588E-8
1.1547846	9.828741E-9
1.1885055	8.314507E-9
1.223211	7.0249904E-9
1.25893	5.928241E-9
1.2956905	4.9966618E-9
1.3335243	4.206348E-9
1.3724631	3.5367274E-9
1.4125386	2.970089E-9
1.4537846	2.4912001E-9
1.4962348	2.0869853E-9
1.5399245	1.7462302E-9
1.58489	1.4593348E-9
1.6311698	1.2180901E-9
1.678801	1.0154887E-9
1.727823	8.455594E-10
1.7782766	7.032086E-10
1.8302034	5.8411664E-10
1.8836465	4.84602E-10
1.9386501	4.0155645E-10
1.99526	3.3233816E-10
2.0535233	2.7472102E-10
2.113488	2.2681657E-10
2.1752036	1.8704005E-10
2.2387214	1.540541E-10
2.304094	1.2673163E-10
2.3713756	1.0412893E-10
2.4406219	8.545564E-11
2.51189	7.004719E-11
2.5852382	5.7347682E-11
2.6607285	4.689571E-11
2.7384229	3.8303694E-11
2.818386	3.1246117E-11
2.900684	2.5461633E-11
2.9853854	2.0721869E-11
3.0725598	1.684497E-11
3.16228	1.3677726E-11
3.2546198	1.1092349E-11
3.3496559	8.98559E-12
3.447467	7.2706285E-12
3.5481343	5.8766325E-12
3.6517413	4.7419846E-12
3.7583735	3.822831E-12
3.8681195	3.0778713E-12
3.98107	2.4756863E-12
4.097319	1.9887425E-12
4.2169633	1.5957236E-12
4.340101	1.2798651E-12
4.466834	1.025291E-12
4.5972676	8.194556E-13
4.7315106	6.551426E-13
4.869673	5.2247096E-13
5.01187	4.1677772E-13
5.1582193	3.3217873E-13
5.3088417	2.6401104E-13
5.463863	2.0872193E-13
5.62341	1.6597834E-13
5.7876167	1.3200552E-13
5.9566183	1.040279E-13
6.1305547	8.160139E-14
6.30957	6.417089E-14
6.493813	5.0959237E-14
6.683436	4.0190073E-14
6.878596	3.1530334E-14
7.079455	2.4535929E-14
7.286179	1.9539925E-14
7.4989395	1.44329E-14
7.7179127	1.0769163E-14
7.94328	7.660539E-15
8.175228	5.6621374E-15
8.41395	4.5519144E-15
8.659641	3.5527137E-15
8.912508	2.7755576E-15
9.172758	2.1094237E-15
9.440608	1.6653345E-15
9.716279	1.2212453E-15
10.0	9.992007E-16



DATASET #3

Name: 1000yr
Num Points: 2
Info: 

X, Y Data:
0.001	0.001
10.0	0.001



DATASET #4

Name: 2500yr
Num Points: 2
Info: 

X, Y Data:
0.001	4.0E-4
10.0	4.0E-4



DATASET #5

Name: 10000yr
Num Points: 2
Info: 

X, Y Data:
0.001	1.0E-4
10.0	1.0E-4


