
X-Axis: 5.0s SA (g)
Y-Axis: Annual Probabilitiy
Number of Data Sets: 5


DATASET #1

Name: UCERF3
Num Points: 401
Info: 

X, Y Data:
1.0E-4	0.17039883
1.0333392E-4	0.17007893
1.06779E-4	0.16974007
1.1033893E-4	0.16938157
1.14017545E-4	0.16900277
1.178188E-4	0.16860302
1.2174679E-4	0.16818164
1.2580573E-4	0.16773802
1.3E-4	0.16727152
1.334183E-4	0.16688573
1.369265E-4	0.16648494
1.4052694E-4	0.16606885
1.4422205E-4	0.16563721
1.4801433E-4	0.16518974
1.5190631E-4	0.16472618
1.5590065E-4	0.16424628
1.6E-4	0.1637498
1.645257E-4	0.16319749
1.691794E-4	0.16262549
1.7396474E-4	0.16203354
1.7888544E-4	0.16142142
1.8394532E-4	0.16078886
1.8914833E-4	0.1601357
1.944985E-4	0.15946172
2.0E-4	0.15876676
2.0565712E-4	0.15805067
2.1147425E-4	0.1573133
2.1745593E-4	0.15655455
2.236068E-4	0.15577431
2.2993165E-4	0.15497251
2.364354E-4	0.1541491
2.4312311E-4	0.15330406
2.5E-4	0.15243736
2.5783465E-4	0.15145332
2.659148E-4	0.15044284
2.742482E-4	0.149406
2.8284272E-4	0.14834292
2.917066E-4	0.14725374
3.0084825E-4	0.14613864
3.102764E-4	0.14499784
3.2E-4	0.1438316
3.290514E-4	0.14275575
3.383588E-4	0.14165957
3.4792948E-4	0.14054337
3.5777088E-4	0.13940738
3.6789064E-4	0.13825196
3.7829665E-4	0.1370774
3.88997E-4	0.13588409
4.0E-4	0.1346724
4.1131425E-4	0.13344273
4.229485E-4	0.13219552
4.3491187E-4	0.1309312
4.472136E-4	0.12965026
4.598633E-4	0.1283532
4.728708E-4	0.1270405
4.8624622E-4	0.12571274
5.0E-4	0.12437045
5.1465514E-4	0.12296554
5.2973983E-4	0.12154633
5.4526667E-4	0.1201135
5.612486E-4	0.11866777
5.77699E-4	0.117209844
5.946315E-4	0.11574048
6.120603E-4	0.11426042
6.3E-4	0.11277045
6.4807665E-4	0.11130257
6.6667196E-4	0.109826684
6.858008E-4	0.10834357
7.0547854E-4	0.10685401
7.257209E-4	0.10535876
7.465441E-4	0.103858635
7.6796475E-4	0.10235442
7.9E-4	0.100846924
8.136239E-4	0.099274136
8.379543E-4	0.09769957
8.630122E-4	0.09612415
8.8881946E-4	0.09454879
9.153984E-4	0.092974395
9.427722E-4	0.09140188
9.7096455E-4	0.08983215
0.001	0.0882661
0.0010293103	0.08673509
0.0010594797	0.08520931
0.0010905333	0.08368955
0.0011224973	0.08217661
0.001155398	0.080671296
0.001189263	0.07917437
0.0012241206	0.077686585
0.00126	0.07620868
0.0012961533	0.07477173
0.0013333439	0.0733456
0.0013716016	0.07193092
0.0014109571	0.07052831
0.0014514418	0.06913837
0.0014930882	0.06776167
0.0015359295	0.06639873
0.00158	0.06505011
0.0016272478	0.06366116
0.0016759086	0.062288806
0.0017260244	0.060933545
0.0017776389	0.059595853
0.0018307968	0.05827617
0.0018855444	0.056974906
0.0019419291	0.055692438
0.002	0.05442911
0.0020575977	0.0532302
0.002116854	0.0520496
0.002177817	0.050887533
0.0022405356	0.04974419
0.0023050604	0.048619736
0.0023714434	0.04751431
0.0024397383	0.046428025
0.00251	0.045360964
0.0025833033	0.044298764
0.0026587474	0.04325642
0.0027363948	0.042233925
0.0028163097	0.041231267
0.0028985585	0.040248387
0.0029832094	0.03928522
0.0030703326	0.038341668
0.00316	0.037417606
0.0032524571	0.036511257
0.0033476194	0.03562416
0.003445566	0.034756135
0.0035463783	0.033906966
0.0036501405	0.03307643
0.0037569385	0.03226429
0.003866861	0.03147028
0.00398	0.030694127
0.004096165	0.029937347
0.0042157196	0.029197754
0.0043387646	0.028475031
0.0044654002	0.027768862
0.0045957323	0.02707891
0.0047298684	0.026404837
0.0048679197	0.0257463
0.00501	0.025102943
0.005156579	0.02447294
0.0053074467	0.023857469
0.005462728	0.023256168
0.0056225527	0.022668667
0.0057870536	0.022094604
0.005956367	0.02153361
0.0061306343	0.020985328
0.00631	0.020449392
0.006493865	0.019927524
0.0066830874	0.019417204
0.0068778237	0.018918097
0.007078234	0.018429864
0.0072844843	0.017952181
0.0074967444	0.01748473
0.00771519	0.017027197
0.00794	0.016579285
0.008172275	0.016139012
0.008411343	0.015707856
0.008657407	0.015285543
0.008910668	0.014871812
0.009171338	0.014466412
0.009439633	0.014069105
0.009715778	0.013679661
0.01	0.013297868
0.010292081	0.012924091
0.010592694	0.0125575485
0.010902087	0.012198063
0.011220517	0.011845467
0.011548247	0.011499605
0.011885551	0.011160336
0.012232705	0.010827527
0.01259	0.010501056
0.012957647	0.010180883
0.013336032	0.009866833
0.013725464	0.009558815
0.01412627	0.009256746
0.014538779	0.0089605525
0.014963334	0.008670169
0.015400288	0.008385536
0.01585	0.008106603
0.016312422	0.007833567
0.016788337	0.007566136
0.017278135	0.0073042735
0.017782224	0.007047951
0.01830102	0.006797142
0.01883495	0.006551822
0.019384459	0.006311972
0.01995	0.0060775727
0.020533005	0.0058482373
0.021133045	0.005624337
0.021750621	0.005405856
0.022386245	0.005192777
0.023040446	0.0049850848
0.023713762	0.0047827596
0.024406755	0.0045857825
0.02512	0.0043941317
0.025853088	0.00420803
0.02660757	0.00402719
0.027384069	0.0038515825
0.02818323	0.0036811735
0.029005712	0.0035159276
0.029852198	0.0033558044
0.030723387	0.0032007603
0.03162	0.0030507476
0.032543603	0.002905589
0.033494186	0.002765363
0.034472536	0.0026300095
0.03547946	0.0024994647
0.0365158	0.0023736602
0.03758241	0.002252524
0.03868017	0.0021359806
0.03981	0.0020239505
0.040972695	0.0019163626
0.042169347	0.0018131174
0.04340095	0.0017141256
0.044668525	0.0016192948
0.04597312	0.0015285299
0.047315817	0.0014417333
0.04869773	0.0013588056
0.05012	0.0012796449
0.0515838	0.0012041484
0.053090356	0.0011322111
0.05464091	0.0010637271
0.05623675	9.985898E-4
0.0578792	9.366921E-4
0.059569612	8.7792665E-4
0.0613094	8.2218595E-4
0.0631	7.6936267E-4
0.06494172	7.1938086E-4
0.066837184	6.721004E-4
0.06878798	6.274165E-4
0.070795715	5.8522524E-4
0.072862044	5.4542435E-4
0.074988686	5.07913E-4
0.077177405	4.7259202E-4
0.07943	4.3936417E-4
0.08174976	4.0811603E-4
0.08413727	3.78775E-4
0.08659451	3.5125014E-4
0.08912351	3.2545286E-4
0.09172637	3.0129708E-4
0.09440525	2.7869924E-4
0.097162366	2.575784E-4
0.1	2.3785625E-4
0.102919795	2.1946152E-4
0.10592484	2.0231643E-4
0.109017625	1.8635088E-4
0.112200715	1.7149748E-4
0.11547674	1.5769157E-4
0.11884842	1.4487118E-4
0.12231855	1.3297705E-4
0.12589	1.2195249E-4
0.12956645	1.1174158E-4
0.13335027	1.02295E-4
0.13724458	9.356372E-5
0.14125264	8.550116E-5
0.14537773	7.806311E-5
0.14962329	7.120768E-5
0.15399285	6.489521E-5
0.15849	5.9088237E-5
0.16311829	5.3751588E-5
0.16788174	4.8851653E-5
0.17278428	4.435702E-5
0.17783	4.0238152E-5
0.18302307	3.6467296E-5
0.18836778	3.301842E-5
0.19386858	2.986712E-5
0.19953	2.6990563E-5
0.20535603	2.4367706E-5
0.21135218	2.197825E-5
0.21752341	1.9803614E-5
0.22387484	1.782648E-5
0.23041171	1.6030735E-5
0.23713945	1.44014075E-5
0.24406363	1.2924595E-5
0.25119	1.1587407E-5
0.25852492	1.0377832E-5
0.26607406	9.284913E-6
0.27384362	8.298446E-6
0.28184006	7.4090094E-6
0.29007	6.6079187E-6
0.29854023	5.8871788E-6
0.30725783	5.239435E-6
0.31623	4.657931E-6
0.32546407	4.1364747E-6
0.33496782	3.669379E-6
0.34474903	3.2514463E-6
0.3548159	2.877923E-6
0.3651767	2.5444685E-6
0.37584007	2.2471247E-6
0.3868148	1.9822864E-6
0.39811	1.7466732E-6
0.40973493	1.5373054E-6
0.42169935	1.3514765E-6
0.4340131	1.186735E-6
0.44668642	1.0408614E-6
0.4597298	9.118491E-7
0.47315407	7.9788674E-7
0.4869703	6.973404E-7
0.50119	6.0873873E-7
0.5158249	5.307583E-7
0.5308872	4.6221055E-7
0.5463893	4.0202906E-7
0.5623441	3.4925853E-7
0.57876474	3.0304435E-7
0.59566486	2.6262282E-7
0.61305845	2.2731255E-7
0.63096	1.9650652E-7
0.6493842	1.6966447E-7
0.6683464	1.463063E-7
0.6878623	1.2600601E-7
0.7079481	1.08386125E-7
0.72862035	9.311253E-8
0.7498962	7.989011E-8
0.7717934	6.8458355E-8
0.79433	5.8587755E-8
0.8175246	5.0076352E-8
0.8413966	4.274665E-8
0.86596555	3.6443E-8
0.8912519	3.102894E-8
0.9172767	2.6385164E-8
0.9440614	2.2407376E-8
0.97162825	1.9004618E-8
1.0	1.6097749E-8
1.029201	1.36177105E-8
1.0592546	1.1504754E-8
1.090186	9.707012E-9
1.1220205	8.179482E-9
1.1547846	6.883358E-9
1.1885055	5.785021E-9
1.223211	4.8556053E-9
1.25893	4.0701575E-9
1.2956905	3.407314E-9
1.3335243	2.8487177E-9
1.3724631	2.3785687E-9
1.4125386	1.9834037E-9
1.4537846	1.6517169E-9
1.4962348	1.3736788E-9
1.5399245	1.1409544E-9
1.58489	9.464093E-10
1.6311698	7.8401874E-10
1.678801	6.486388E-10
1.727823	5.359212E-10
1.7782766	4.4221715E-10
1.8302034	3.6442427E-10
1.8836465	2.9990843E-10
1.9386501	2.4650237E-10
1.99526	2.0234914E-10
2.0535233	1.658873E-10
2.113488	1.3582246E-10
2.1752036	1.11052945E-10
2.2387214	9.069645E-11
2.304094	7.397005E-11
2.3713756	6.025369E-11
2.4406219	4.9021454E-11
2.51189	3.9832138E-11
2.5852382	3.2317482E-11
2.6607285	2.6192382E-11
2.7384229	2.1200153E-11
2.818386	1.7137514E-11
2.900684	1.38364875E-11
2.9853854	1.1153745E-11
3.0725598	8.9831476E-12
3.16228	7.223111E-12
3.2546198	5.8022476E-12
3.3496559	4.6559423E-12
3.447467	3.7319037E-12
3.5481343	2.982059E-12
3.6517413	2.3785418E-12
3.7583735	1.8940405E-12
3.8681195	1.5101254E-12
3.98107	1.2014834E-12
4.097319	9.513501E-13
4.2169633	7.530643E-13
4.340101	5.905276E-13
4.466834	4.649614E-13
4.5972676	3.663736E-13
4.7315106	2.8443914E-13
4.869673	2.2093438E-13
5.01187	1.7086332E-13
5.1582193	1.3422596E-13
5.3088417	1.0225154E-13
5.463863	7.849277E-14
5.62341	5.9507954E-14
5.7876167	4.5630166E-14
5.9566183	3.463896E-14
6.1305547	2.6090241E-14
6.30957	2.0206059E-14
6.493813	1.4765966E-14
6.683436	1.110223E-14
6.878596	8.21565E-15
7.079455	6.1062266E-15
7.286179	3.663736E-15
7.4989395	2.4424907E-15
7.7179127	1.9984014E-15
7.94328	1.110223E-15
8.175228	8.881784E-16
8.41395	3.330669E-16
8.659641	1.110223E-16
8.912508	1.110223E-16
9.172758	0.0
9.440608	0.0
9.716279	0.0
10.0	0.0



DATASET #2

Name: RSQSim
Num Points: 401
Info: 

X, Y Data:
1.0E-4	0.24247958
1.0333392E-4	0.24230768
1.06779E-4	0.24212229
1.1033893E-4	0.24192259
1.14017545E-4	0.24170773
1.178188E-4	0.24147683
1.2174679E-4	0.24122898
1.2580573E-4	0.24096327
1.3E-4	0.24067871
1.334183E-4	0.24043952
1.369265E-4	0.24018742
1.4052694E-4	0.23992194
1.4422205E-4	0.23964255
1.4801433E-4	0.23934872
1.5190631E-4	0.23903996
1.5590065E-4	0.23871572
1.6E-4	0.2383755
1.645257E-4	0.23799144
1.691794E-4	0.23758762
1.7396474E-4	0.23716338
1.7888544E-4	0.23671809
1.8394532E-4	0.23625104
1.8914833E-4	0.2357616
1.944985E-4	0.2352491
2.0E-4	0.2347129
2.0565712E-4	0.23415236
2.1147425E-4	0.23356687
2.1745593E-4	0.23295575
2.236068E-4	0.23231845
2.2993165E-4	0.23165435
2.364354E-4	0.23096289
2.4312311E-4	0.23024349
2.5E-4	0.22949561
2.5783465E-4	0.22863446
2.659148E-4	0.22773717
2.742482E-4	0.22680311
2.8284272E-4	0.22583166
2.917066E-4	0.2248223
3.0084825E-4	0.22377451
3.102764E-4	0.22268783
3.2E-4	0.22156185
3.290514E-4	0.22050993
3.383588E-4	0.21942538
3.4792948E-4	0.218308
3.5777088E-4	0.21715763
3.6789064E-4	0.21597417
3.7829665E-4	0.21475753
3.88997E-4	0.21350767
4.0E-4	0.2122246
4.1131425E-4	0.21090835
4.229485E-4	0.20955902
4.3491187E-4	0.20817673
4.472136E-4	0.20676164
4.598633E-4	0.20531398
4.728708E-4	0.20383398
4.8624622E-4	0.20232195
5.0E-4	0.20077822
5.1465514E-4	0.19914635
5.2973983E-4	0.19748133
5.4526667E-4	0.19578372
5.612486E-4	0.19405405
5.77699E-4	0.19229294
5.946315E-4	0.19050103
6.120603E-4	0.18867902
6.3E-4	0.18682766
6.4807665E-4	0.18498704
6.6667196E-4	0.18311979
6.858008E-4	0.18122672
7.0547854E-4	0.17930868
7.257209E-4	0.17736654
7.465441E-4	0.17540121
7.6796475E-4	0.17341365
7.9E-4	0.17140481
8.136239E-4	0.16929092
8.379543E-4	0.16715619
8.630122E-4	0.16500182
8.8881946E-4	0.16282904
9.153984E-4	0.16063906
9.427722E-4	0.15843317
9.7096455E-4	0.15621264
0.001	0.1539788
0.0010293103	0.15177695
0.0010594797	0.14956483
0.0010905333	0.14734367
0.0011224973	0.14511475
0.001155398	0.14287935
0.001189263	0.14063877
0.0012241206	0.13839425
0.00126	0.1361471
0.0012961533	0.13394527
0.0013333439	0.13174334
0.0013716016	0.12954247
0.0014109571	0.12734385
0.0014514418	0.12514864
0.0014930882	0.12295798
0.0015359295	0.120773025
0.00158	0.11859487
0.0016272478	0.11633458
0.0016759086	0.11408408
0.0017260244	0.11184456
0.0017776389	0.10961718
0.0018307968	0.10740307
0.0018855444	0.105203316
0.0019419291	0.103018984
0.002	0.100851096
0.0020575977	0.09877866
0.002116854	0.09672325
0.002177817	0.09468569
0.0022405356	0.092666745
0.0023050604	0.090667166
0.0023714434	0.08868766
0.0024397383	0.08672888
0.00251	0.08479146
0.0025833033	0.08284955
0.0026587474	0.08093078
0.0027363948	0.07903567
0.0028163097	0.07716472
0.0028985585	0.07531838
0.0029832094	0.07349707
0.0030703326	0.07170115
0.00316	0.06993094
0.0032524571	0.06818359
0.0033476194	0.066462606
0.003445566	0.06476821
0.0035463783	0.06310058
0.0036501405	0.06145986
0.0037569385	0.059846174
0.003866861	0.058259595
0.00398	0.056700177
0.004096165	0.055171594
0.0042157196	0.053670056
0.0043387646	0.052195527
0.0044654002	0.050747942
0.0045957323	0.049327224
0.0047298684	0.047933266
0.0048679197	0.046565946
0.00501	0.045225114
0.005156579	0.043907527
0.0053074467	0.04261622
0.005462728	0.041350998
0.0056225527	0.040111654
0.0057870536	0.038897973
0.005956367	0.037709724
0.0061306343	0.03654668
0.00631	0.03540859
0.006493865	0.03429961
0.0066830874	0.03321488
0.0068778237	0.03215415
0.007078234	0.031117162
0.0072844843	0.030103646
0.0074967444	0.029113341
0.00771519	0.028145976
0.00794	0.027201287
0.008172275	0.026275458
0.008411343	0.025371939
0.008657407	0.024490457
0.008910668	0.02363074
0.009171338	0.022792522
0.009439633	0.021975528
0.009715778	0.021179494
0.01	0.020404149
0.010292081	0.019650366
0.010592694	0.018916678
0.010902087	0.018202813
0.011220517	0.01750851
0.011548247	0.016833501
0.011885551	0.016177516
0.012232705	0.0155402925
0.01259	0.014921558
0.012957647	0.014321175
0.013336032	0.013738734
0.013725464	0.01317396
0.01412627	0.012626579
0.014538779	0.012096313
0.014963334	0.011582881
0.015400288	0.011086001
0.01585	0.010605388
0.016312422	0.010141163
0.016788337	0.009692596
0.017278135	0.009259393
0.017782224	0.008841258
0.01830102	0.00843789
0.01883495	0.008048986
0.019384459	0.0076742414
0.01995	0.0073133474
0.020533005	0.006965437
0.021133045	0.006630796
0.021750621	0.006309108
0.022386245	0.0060000545
0.023040446	0.005703316
0.023713762	0.005418572
0.024406755	0.0051455013
0.02512	0.0048837825
0.025853088	0.004633423
0.02660757	0.0043937447
0.027384069	0.0041644285
0.02818323	0.0039451574
0.029005712	0.0037356154
0.029852198	0.0035354898
0.030723387	0.0033444697
0.03162	0.0031622476
0.032543603	0.0029883701
0.033494186	0.0028227004
0.034472536	0.002664942
0.03547946	0.0025148024
0.0365158	0.0023719943
0.03758241	0.0022362357
0.03868017	0.0021072503
0.03981	0.001984767
0.040972695	0.0018685343
0.042169347	0.0017582793
0.04340095	0.0016537502
0.044668525	0.0015547017
0.04597312	0.0014608952
0.047315817	0.0013720988
0.04869773	0.0012880878
0.05012	0.0012086444
0.0515838	0.001133558
0.053090356	0.0010626244
0.05464091	9.956468E-4
0.05623675	9.324355E-4
0.0578792	8.728076E-4
0.059569612	8.1658695E-4
0.0613094	7.636045E-4
0.0631	7.136975E-4
0.06494172	6.667389E-4
0.066837184	6.225468E-4
0.06878798	5.8097823E-4
0.070795715	5.4189627E-4
0.072862044	5.0516997E-4
0.074988686	4.7067416E-4
0.077177405	4.382893E-4
0.07943	4.0790136E-4
0.08174976	3.7938484E-4
0.08413727	3.5265484E-4
0.08659451	3.2761236E-4
0.08912351	3.0416317E-4
0.09172637	2.8221763E-4
0.09440525	2.6169053E-4
0.097162366	2.4250078E-4
0.1	2.2457143E-4
0.102919795	2.0783325E-4
0.10592484	1.9221239E-4
0.109017625	1.7764306E-4
0.112200715	1.6406282E-4
0.11547674	1.5141246E-4
0.11884842	1.3963591E-4
0.12231855	1.2868001E-4
0.12589	1.1849443E-4
0.12956645	1.0902974E-4
0.13335027	1.0024289E-4
0.13724458	9.2091184E-5
0.14125264	8.453429E-5
0.14537773	7.7534045E-5
0.14962329	7.1054434E-5
0.15399285	6.506143E-5
0.15849	5.9522914E-5
0.16311829	5.4408807E-5
0.16788174	4.9690305E-5
0.17278428	4.5340486E-5
0.17783	4.1334013E-5
0.18302307	3.764702E-5
0.18836778	3.4257064E-5
0.19386858	3.1143052E-5
0.19953	2.8285165E-5
0.20535603	2.5665107E-5
0.21135218	2.3265071E-5
0.21752341	2.1068709E-5
0.22387484	1.9060708E-5
0.23041171	1.7226741E-5
0.23713945	1.5553418E-5
0.24406363	1.4028227E-5
0.25119	1.26394925E-5
0.25852492	1.1376252E-5
0.26607406	1.0228462E-5
0.27384362	9.18669E-6
0.28184006	8.242167E-6
0.29007	7.3867523E-6
0.29854023	6.6128964E-6
0.30725783	5.9136046E-6
0.31623	5.282405E-6
0.32546407	4.7133176E-6
0.33496782	4.200816E-6
0.34474903	3.7398072E-6
0.3548159	3.3256006E-6
0.3651767	2.9538821E-6
0.37584007	2.620688E-6
0.3868148	2.3223815E-6
0.39811	2.0556301E-6
0.40973493	1.8173856E-6
0.42169935	1.6048584E-6
0.4340131	1.4155044E-6
0.44668642	1.2470042E-6
0.4597298	1.0972466E-6
0.47315407	9.643124E-7
0.4869703	8.4645916E-7
0.50119	7.421072E-7
0.5158249	6.498264E-7
0.5308872	5.6832397E-7
0.5463893	4.964327E-7
0.5623441	4.331002E-7
0.57876474	3.7737937E-7
0.59566486	3.284185E-7
0.61305845	2.8545324E-7
0.63096	2.477983E-7
0.6493842	2.1484053E-7
0.6683464	1.8603158E-7
0.6878623	1.6088227E-7
0.7079481	1.3895657E-7
0.72862035	1.1986654E-7
0.7498962	1.03267425E-7
0.7717934	8.885337E-8
0.79433	7.63534E-8
0.8175246	6.552779E-8
0.8413966	5.6164804E-8
0.86596555	4.807765E-8
0.8912519	4.1101888E-8
0.9172767	3.5092846E-8
0.9440614	2.992354E-8
0.97162825	2.548262E-8
1.0	2.1672603E-8
1.029201	1.8408215E-8
1.0592546	1.561518E-8
1.090186	1.32286715E-8
1.1220205	1.1192295E-8
1.1547846	9.457039E-9
1.1885055	7.980403E-9
1.223211	6.7255366E-9
1.25893	5.660587E-9
1.2956905	4.7580717E-9
1.3335243	3.99423E-9
1.3724631	3.3486425E-9
1.4125386	2.803735E-9
1.4537846	2.3444402E-9
1.4962348	1.957822E-9
1.5399245	1.6328343E-9
1.58489	1.3600155E-9
1.6311698	1.1313077E-9
1.678801	9.398338E-10
1.727823	7.797636E-10
1.7782766	6.461117E-10
1.8302034	5.346764E-10
1.8836465	4.4188453E-10
1.9386501	3.6472547E-10
1.99526	3.0065817E-10
2.0535233	2.4752145E-10
2.113488	2.0351654E-10
2.1752036	1.6712753E-10
2.2387214	1.370738E-10
2.304094	1.1227674E-10
2.3713756	9.183465E-11
2.4406219	7.502787E-11
2.51189	6.122414E-11
2.5852382	4.9897753E-11
2.6607285	4.0617287E-11
2.7384229	3.302192E-11
2.818386	2.6812108E-11
2.900684	2.1744495E-11
2.9853854	1.7612578E-11
3.0725598	1.4248824E-11
3.16228	1.1514345E-11
3.2546198	9.292123E-12
3.3496559	7.490897E-12
3.447467	6.0313976E-12
3.5481343	4.849121E-12
3.6517413	3.8946624E-12
3.7583735	3.1249447E-12
3.8681195	2.503775E-12
3.98107	2.0038415E-12
4.097319	1.6014967E-12
4.2169633	1.2799761E-12
4.340101	1.0201839E-12
4.466834	8.120171E-13
4.5972676	6.4548367E-13
4.7315106	5.132561E-13
4.869673	4.0778492E-13
5.01187	3.2318592E-13
5.1582193	2.553513E-13
5.3088417	2.0217161E-13
5.463863	1.597611E-13
5.62341	1.2634338E-13
5.7876167	9.947598E-14
5.9566183	7.8825835E-14
6.1305547	6.17284E-14
6.30957	4.818368E-14
6.493813	3.763656E-14
6.683436	2.9865E-14
6.878596	2.2093438E-14
7.079455	1.7208457E-14
7.286179	1.3100632E-14
7.4989395	1.0325074E-14
7.7179127	7.660539E-15
7.94328	5.9952043E-15
8.175228	4.5519144E-15
8.41395	3.5527137E-15
8.659641	2.3314684E-15
8.912508	1.6653345E-15
9.172758	1.110223E-15
9.440608	8.881784E-16
9.716279	6.661338E-16
10.0	4.440892E-16



DATASET #3

Name: 1000yr
Num Points: 2
Info: 

X, Y Data:
0.001	0.001
10.0	0.001



DATASET #4

Name: 2500yr
Num Points: 2
Info: 

X, Y Data:
0.001	4.0E-4
10.0	4.0E-4



DATASET #5

Name: 10000yr
Num Points: 2
Info: 

X, Y Data:
0.001	1.0E-4
10.0	1.0E-4


