
X-Axis: 5.0s SA (g)
Y-Axis: Annual Probabilitiy
Number of Data Sets: 5


DATASET #1

Name: UCERF3
Num Points: 401
Info: 

X, Y Data:
1.0E-4	0.17190775
1.0333392E-4	0.17164108
1.06779E-4	0.17135552
1.1033893E-4	0.17105016
1.14017545E-4	0.17072408
1.178188E-4	0.17037638
1.2174679E-4	0.17000611
1.2580573E-4	0.16961238
1.3E-4	0.1691943
1.334183E-4	0.16884553
1.369265E-4	0.16848052
1.4052694E-4	0.1680988
1.4422205E-4	0.1677
1.4801433E-4	0.16728364
1.5190631E-4	0.16684937
1.5590065E-4	0.16639678
1.6E-4	0.16592552
1.645257E-4	0.16539781
1.691794E-4	0.16484769
1.7396474E-4	0.16427475
1.7888544E-4	0.16367863
1.8394532E-4	0.16305898
1.8914833E-4	0.16241549
1.944985E-4	0.16174787
2.0E-4	0.16105588
2.0565712E-4	0.16033933
2.1147425E-4	0.159598
2.1745593E-4	0.15883179
2.236068E-4	0.1580406
2.2993165E-4	0.15722437
2.364354E-4	0.15638308
2.4312311E-4	0.15551679
2.5E-4	0.15462555
2.5783465E-4	0.15361069
2.659148E-4	0.15256567
2.742482E-4	0.15149082
2.8284272E-4	0.1503865
2.917066E-4	0.14925313
3.0084825E-4	0.14809124
3.102764E-4	0.1469014
3.2E-4	0.14568426
3.290514E-4	0.14456113
3.383588E-4	0.14341682
3.4792948E-4	0.14225197
3.5777088E-4	0.1410672
3.6789064E-4	0.13986322
3.7829665E-4	0.13864075
3.88997E-4	0.13740052
4.0E-4	0.13614337
4.1131425E-4	0.13487008
4.229485E-4	0.13358152
4.3491187E-4	0.13227856
4.472136E-4	0.1309621
4.598633E-4	0.12963305
4.728708E-4	0.12829235
4.8624622E-4	0.12694094
5.0E-4	0.12557979
5.1465514E-4	0.12416078
5.2973983E-4	0.12273344
5.4526667E-4	0.12129883
5.612486E-4	0.11985804
5.77699E-4	0.11841215
5.946315E-4	0.11696222
6.120603E-4	0.115509294
6.3E-4	0.11405443
6.4807665E-4	0.112628855
6.6667196E-4	0.111203335
6.858008E-4	0.10977877
7.0547854E-4	0.108356066
7.257209E-4	0.10693608
7.465441E-4	0.10551965
7.6796475E-4	0.10410759
7.9E-4	0.10270066
8.136239E-4	0.101241484
8.379543E-4	0.09978948
8.630122E-4	0.0983454
8.8881946E-4	0.096909955
9.153984E-4	0.09548381
9.427722E-4	0.09406759
9.7096455E-4	0.09266188
0.001	0.09126721
0.0010293103	0.089911014
0.0010594797	0.08856633
0.0010905333	0.08723356
0.0011224973	0.08591303
0.001155398	0.08460507
0.001189263	0.08330995
0.0012241206	0.08202791
0.00126	0.080759175
0.0012961533	0.079529844
0.0013333439	0.07831358
0.0013716016	0.077110514
0.0014109571	0.07592074
0.0014514418	0.074744314
0.0014930882	0.073581316
0.0015359295	0.072431765
0.00158	0.07129569
0.0016272478	0.07012672
0.0016759086	0.06897236
0.0017260244	0.06783259
0.0017776389	0.06670737
0.0018307968	0.065596655
0.0018855444	0.06450039
0.0019419291	0.063418515
0.002	0.062350944
0.0020575977	0.06133573
0.002116854	0.06033366
0.002177817	0.059344657
0.0022405356	0.05836864
0.0023050604	0.05740552
0.0023714434	0.05645522
0.0024397383	0.05551765
0.00251	0.05459272
0.0025833033	0.05366777
0.0026587474	0.052755624
0.0027363948	0.051856194
0.0028163097	0.050969377
0.0028985585	0.050095074
0.0029832094	0.049233183
0.0030703326	0.048383597
0.00316	0.047546215
0.0032524571	0.04671943
0.0033476194	0.045904662
0.003445566	0.0451018
0.0035463783	0.044310715
0.0036501405	0.043531287
0.0037569385	0.042763386
0.003866861	0.042006873
0.00398	0.04126161
0.004096165	0.040529203
0.0042157196	0.039807696
0.0043387646	0.039096937
0.0044654002	0.03839676
0.0045957323	0.037707
0.0047298684	0.037027486
0.0048679197	0.036358044
0.00501	0.035698485
0.005156579	0.0350471
0.0053074467	0.034405265
0.005462728	0.033772785
0.0056225527	0.033149462
0.0057870536	0.032535095
0.005956367	0.031929467
0.0061306343	0.031332377
0.00631	0.030743612
0.006493865	0.030165266
0.0066830874	0.029594757
0.0068778237	0.029031878
0.007078234	0.028476423
0.0072844843	0.02792818
0.0074967444	0.027386947
0.00771519	0.026852524
0.00794	0.026324712
0.008172275	0.025801301
0.008411343	0.02528417
0.008657407	0.024773134
0.008910668	0.024268014
0.009171338	0.023768643
0.009439633	0.023274856
0.009715778	0.022786498
0.01	0.022303429
0.010292081	0.021826236
0.010592694	0.021354053
0.010902087	0.020886764
0.011220517	0.020424264
0.011548247	0.019966457
0.011885551	0.019513262
0.012232705	0.019064605
0.01259	0.018620426
0.012957647	0.01818077
0.013336032	0.017745504
0.013725464	0.017314596
0.01412627	0.016888032
0.014538779	0.016465804
0.014963334	0.016047917
0.015400288	0.015634386
0.01585	0.015225238
0.016312422	0.014820866
0.016788337	0.014420944
0.017278135	0.014025524
0.017782224	0.013634665
0.01830102	0.013248433
0.01883495	0.012866902
0.019384459	0.012490151
0.01995	0.012118264
0.020533005	0.011750736
0.021133045	0.011388272
0.021750621	0.011030968
0.022386245	0.010678924
0.023040446	0.010332241
0.023713762	0.009991019
0.024406755	0.009655362
0.02512	0.009325371
0.025853088	0.009001577
0.02660757	0.008683631
0.027384069	0.008371628
0.02818323	0.008065658
0.029005712	0.007765809
0.029852198	0.007472163
0.030723387	0.007184797
0.03162	0.0069037825
0.032543603	0.0066289445
0.033494186	0.006360592
0.034472536	0.006098775
0.03547946	0.0058435374
0.0365158	0.0055949134
0.03758241	0.00535293
0.03868017	0.005117606
0.03981	0.00488895
0.040972695	0.0046669873
0.042169347	0.0044516847
0.04340095	0.0042430237
0.044668525	0.0040409784
0.04597312	0.003845514
0.047315817	0.0036565869
0.04869773	0.003474145
0.05012	0.0032981276
0.0515838	0.0031284667
0.053090356	0.002965085
0.05464091	0.0028078982
0.05623675	0.002656815
0.0578792	0.0025117374
0.059569612	0.0023725606
0.0613094	0.0022391737
0.0631	0.0021114608
0.06494172	0.0019893756
0.066837184	0.0018727095
0.06878798	0.0017613326
0.070795715	0.0016551109
0.072862044	0.0015539068
0.074988686	0.0014575806
0.077177405	0.0013659894
0.07943	0.001278989
0.08174976	0.0011963849
0.08413727	0.0011180837
0.08659451	0.0010439376
0.08912351	9.737988E-4
0.09172637	9.0751937E-4
0.09440525	8.449523E-4
0.097162366	7.859513E-4
0.1	7.303716E-4
0.102919795	6.7808235E-4
0.10592484	6.289283E-4
0.109017625	5.8277074E-4
0.112200715	5.39473E-4
0.11547674	4.9890147E-4
0.11884842	4.6092534E-4
0.12231855	4.2541683E-4
0.12589	3.9225153E-4
0.12956645	3.6130272E-4
0.13335027	3.3245957E-4
0.13724458	3.0560824E-4
0.14125264	2.8063863E-4
0.14537773	2.5744457E-4
0.14962329	2.3592364E-4
0.15399285	2.1597739E-4
0.15849	1.9751122E-4
0.16311829	1.8043519E-4
0.16788174	1.6466175E-4
0.17278428	1.5010797E-4
0.17783	1.366948E-4
0.18302307	1.2434692E-4
0.18836778	1.12992726E-4
0.19386858	1.02564256E-4
0.19953	9.299708E-5
0.20535603	8.423124E-5
0.21135218	7.620793E-5
0.21752341	6.8872825E-5
0.22387484	6.217475E-5
0.23041171	5.6065583E-5
0.23713945	5.0500115E-5
0.24406363	4.543598E-5
0.25119	4.0833496E-5
0.25852492	3.665532E-5
0.26607406	3.2867152E-5
0.27384362	2.9436722E-5
0.28184006	2.6334003E-5
0.29007	2.3531096E-5
0.29854023	2.1002117E-5
0.30725783	1.8723089E-5
0.31623	1.6671827E-5
0.32546407	1.48278605E-5
0.33496782	1.3172276E-5
0.34474903	1.1687675E-5
0.3548159	1.0358059E-5
0.3651767	9.168737E-6
0.37584007	8.106241E-6
0.3868148	7.158242E-6
0.39811	6.313471E-6
0.40973493	5.561647E-6
0.42169935	4.89339E-6
0.4340131	4.3001683E-6
0.44668642	3.774232E-6
0.4597298	3.3085478E-6
0.47315407	2.8967443E-6
0.4869703	2.533058E-6
0.50119	2.212283E-6
0.5158249	1.9297238E-6
0.5308872	1.6811517E-6
0.5463893	1.4627649E-6
0.5623441	1.271149E-6
0.57876474	1.1032432E-6
0.59566486	9.563075E-7
0.61305845	8.278925E-7
0.63096	7.1581223E-7
0.6493842	6.181195E-7
0.6683464	5.330791E-7
0.6878623	4.5915127E-7
0.7079481	3.9497036E-7
0.72862035	3.3932565E-7
0.7498962	2.9114616E-7
0.7717934	2.494861E-7
0.79433	2.1351175E-7
0.8175246	1.8248844E-7
0.8413966	1.5577145E-7
0.86596555	1.327944E-7
0.8912519	1.13060295E-7
0.9172767	9.6133974E-8
0.9440614	8.163569E-8
0.97162825	6.923407E-8
1.0	5.8640076E-8
1.029201	4.960235E-8
1.0592546	4.1903114E-8
1.090186	3.535298E-8
1.1220205	2.9787977E-8
1.1547846	2.5066365E-8
1.1885055	2.1065706E-8
1.223211	1.7680586E-8
1.25893	1.482019E-8
1.2956905	1.2406517E-8
1.3335243	1.0372509E-8
1.3724631	8.660716E-9
1.4125386	7.222095E-9
1.4537846	6.0146474E-9
1.4962348	5.0026174E-9
1.5399245	4.1555026E-9
1.58489	3.4474033E-9
1.6311698	2.856273E-9
1.678801	2.3634485E-9
1.727823	1.9531683E-9
1.7782766	1.6120637E-9
1.8302034	1.3288024E-9
1.8836465	1.0939369E-9
1.9386501	8.994474E-10
1.99526	7.3860784E-10
2.0535233	6.0575067E-10
2.113488	4.961428E-10
2.1752036	4.0583892E-10
2.2387214	3.3159875E-10
2.304094	2.7058056E-10
2.3713756	2.2049573E-10
2.4406219	1.7946356E-10
2.51189	1.458963E-10
2.5852382	1.1844459E-10
2.6607285	9.603307E-11
2.7384229	7.776069E-11
2.818386	6.286527E-11
2.900684	5.076306E-11
2.9853854	4.0937143E-11
3.0725598	3.295819E-11
3.16228	2.6510905E-11
3.2546198	2.12792E-11
3.3496559	1.7058466E-11
3.447467	1.3650969E-11
3.5481343	1.0902945E-11
3.6517413	8.69127E-12
3.7583735	6.9180217E-12
3.8681195	5.4921623E-12
3.98107	4.3587356E-12
4.097319	3.4403591E-12
4.2169633	2.7065017E-12
4.340101	2.1262991E-12
4.466834	1.6604496E-12
4.5972676	1.2987389E-12
4.7315106	1.0047518E-12
4.869673	7.704948E-13
5.01187	5.9008354E-13
5.1582193	4.5308202E-13
5.3088417	3.455014E-13
5.463863	2.599032E-13
5.62341	1.9095836E-13
5.7876167	1.4399593E-13
5.9566183	1.0669243E-13
6.1305547	7.849277E-14
6.30957	5.4845017E-14
6.493813	3.952394E-14
6.683436	2.7200464E-14
6.878596	1.8873791E-14
7.079455	1.2878587E-14
7.286179	9.103829E-15
7.4989395	5.551115E-15
7.7179127	3.663736E-15
7.94328	1.9984014E-15
8.175228	1.3322676E-15
8.41395	7.771561E-16
8.659641	4.440892E-16
8.912508	1.110223E-16
9.172758	0.0
9.440608	0.0
9.716279	0.0
10.0	0.0



DATASET #2

Name: RSQSim
Num Points: 401
Info: 

X, Y Data:
1.0E-4	0.24187048
1.0333392E-4	0.24164525
1.06779E-4	0.24140325
1.1033893E-4	0.24114361
1.14017545E-4	0.24086541
1.178188E-4	0.24056773
1.2174679E-4	0.24024963
1.2580573E-4	0.23991016
1.3E-4	0.23954837
1.334183E-4	0.23924558
1.369265E-4	0.23892774
1.4052694E-4	0.23859437
1.4422205E-4	0.23824498
1.4801433E-4	0.2378791
1.5190631E-4	0.23749627
1.5590065E-4	0.23709604
1.6E-4	0.23667791
1.645257E-4	0.23620813
1.691794E-4	0.23571663
1.7396474E-4	0.23520286
1.7888544E-4	0.2346663
1.8394532E-4	0.23410647
1.8914833E-4	0.23352282
1.944985E-4	0.23291492
2.0E-4	0.2322823
2.0565712E-4	0.23162451
2.1147425E-4	0.23094118
2.1745593E-4	0.2302319
2.236068E-4	0.2294963
2.2993165E-4	0.22873406
2.364354E-4	0.22794488
2.4312311E-4	0.22712848
2.5E-4	0.22628462
2.5783465E-4	0.22531885
2.659148E-4	0.22431897
2.742482E-4	0.2232848
2.8284272E-4	0.22221622
2.917066E-4	0.22111315
3.0084825E-4	0.21997556
3.102764E-4	0.21880348
3.2E-4	0.21759701
3.290514E-4	0.21647695
3.383588E-4	0.21532904
3.4792948E-4	0.21415347
3.5777088E-4	0.21295045
3.6789064E-4	0.21172024
3.7829665E-4	0.21046312
3.88997E-4	0.20917945
4.0E-4	0.20786954
4.1131425E-4	0.20653385
4.229485E-4	0.20517276
4.3491187E-4	0.20378678
4.472136E-4	0.20237637
4.598633E-4	0.20094205
4.728708E-4	0.19948442
4.8624622E-4	0.19800404
5.0E-4	0.19650151
5.1465514E-4	0.19492267
5.2973983E-4	0.19332151
5.4526667E-4	0.19169877
5.612486E-4	0.19005525
5.77699E-4	0.18839175
5.946315E-4	0.1867091
6.120603E-4	0.18500814
6.3E-4	0.18328974
6.4807665E-4	0.18159096
6.6667196E-4	0.17987712
6.858008E-4	0.17814907
7.0547854E-4	0.17640767
7.257209E-4	0.17465375
7.465441E-4	0.17288822
7.6796475E-4	0.1711119
7.9E-4	0.16932568
8.136239E-4	0.16745558
8.379543E-4	0.16557667
8.630122E-4	0.1636899
8.8881946E-4	0.16179623
9.153984E-4	0.15989663
9.427722E-4	0.15799205
9.7096455E-4	0.15608343
0.001	0.15417169
0.0010293103	0.1522952
0.0010594797	0.15041745
0.0010905333	0.14853926
0.0011224973	0.14666145
0.001155398	0.1447848
0.001189263	0.14291012
0.0012241206	0.14103815
0.00126	0.13916965
0.0012961533	0.13734399
0.0013333439	0.13552299
0.0013716016	0.13370728
0.0014109571	0.13189751
0.0014514418	0.13009425
0.0014930882	0.12829806
0.0015359295	0.1265095
0.00158	0.12472911
0.0016272478	0.122883916
0.0016759086	0.12104866
0.0017260244	0.11922387
0.0017776389	0.11741002
0.0018307968	0.115607575
0.0018855444	0.11381696
0.0019419291	0.1120386
0.002	0.11027285
0.0020575977	0.108583674
0.002116854	0.10690683
0.002177817	0.10524258
0.0022405356	0.10359115
0.0023050604	0.10195277
0.0023714434	0.100327626
0.0024397383	0.0987159
0.00251	0.09711774
0.0025833033	0.09551136
0.0026587474	0.09391918
0.0027363948	0.092341274
0.0028163097	0.09077773
0.0028985585	0.08922859
0.0029832094	0.0876939
0.0030703326	0.08617366
0.00316	0.084667884
0.0032524571	0.083173834
0.0033476194	0.08169425
0.003445566	0.08022908
0.0035463783	0.078778274
0.0036501405	0.07734176
0.0037569385	0.07591945
0.003866861	0.07451126
0.00398	0.073117085
0.004096165	0.07174014
0.0042157196	0.07037693
0.0043387646	0.06902735
0.0044654002	0.06769127
0.0045957323	0.066368565
0.0047298684	0.065059125
0.0048679197	0.06376283
0.00501	0.06247954
0.005156579	0.06120616
0.0053074467	0.059945617
0.005462728	0.058697805
0.0056225527	0.05746261
0.0057870536	0.056239937
0.005956367	0.055029683
0.0061306343	0.053831767
0.00631	0.052646108
0.006493865	0.051477302
0.0066830874	0.050320525
0.0068778237	0.049175728
0.007078234	0.04804287
0.0072844843	0.04692193
0.0074967444	0.045812882
0.00771519	0.04471573
0.00794	0.04363047
0.008172275	0.042552974
0.008411343	0.04148752
0.008657407	0.04043414
0.008910668	0.039392903
0.009171338	0.038363867
0.009439633	0.03734711
0.009715778	0.03634272
0.01	0.0353508
0.010292081	0.034372944
0.010592694	0.03340774
0.010902087	0.032455318
0.011220517	0.031515803
0.011548247	0.030589344
0.011885551	0.029676085
0.012232705	0.028776176
0.01259	0.027889777
0.012957647	0.027017238
0.013336032	0.026158521
0.013725464	0.02531379
0.01412627	0.024483211
0.014538779	0.023666946
0.014963334	0.022865152
0.015400288	0.022077989
0.01585	0.021305608
0.016312422	0.020548832
0.016788337	0.019807098
0.017278135	0.019080544
0.017782224	0.018369287
0.01830102	0.017673448
0.01883495	0.01699313
0.019384459	0.016328422
0.01995	0.015679408
0.020533005	0.015045132
0.021133045	0.014426721
0.021750621	0.013824214
0.022386245	0.013237634
0.023040446	0.012666988
0.023713762	0.012112268
0.024406755	0.011573451
0.02512	0.011050491
0.025853088	0.010544003
0.02660757	0.010053196
0.027384069	0.009577978
0.02818323	0.009118238
0.029005712	0.0086738495
0.029852198	0.008244669
0.030723387	0.007830535
0.03162	0.0074312724
0.032543603	0.007046357
0.033494186	0.006675939
0.034472536	0.0063197976
0.03547946	0.0059776967
0.0365158	0.0056493874
0.03758241	0.0053346087
0.03868017	0.005033088
0.03981	0.0047445414
0.040972695	0.004468707
0.042169347	0.0042052483
0.04340095	0.0039538555
0.044668525	0.0037142108
0.04597312	0.0034859912
0.047315817	0.0032688677
0.04869773	0.0030625076
0.05012	0.0028665743
0.0515838	0.0026807308
0.053090356	0.0025046354
0.05464091	0.0023379475
0.05623675	0.002180327
0.0578792	0.0020314346
0.059569612	0.001890933
0.0613094	0.0017584877
0.0631	0.0016337675
0.06494172	0.0015165173
0.066837184	0.0014063343
0.06878798	0.0013029022
0.070795715	0.0012059108
0.072862044	0.0011150561
0.074988686	0.001030041
0.077177405	9.505758E-4
0.07943	8.7637827E-4
0.08174976	8.0713397E-4
0.08413727	7.4262277E-4
0.08659451	6.8258663E-4
0.08912351	6.267763E-4
0.09172637	5.749513E-4
0.09440525	5.2687986E-4
0.097162366	4.8233938E-4
0.1	4.4111616E-4
0.102919795	4.0301427E-4
0.10592484	3.6782763E-4
0.109017625	3.353694E-4
0.112200715	3.054614E-4
0.11547674	2.779341E-4
0.11884842	2.5262637E-4
0.12231855	2.293854E-4
0.12589	2.080664E-4
0.12956645	1.8852885E-4
0.13335027	1.7064772E-4
0.13724458	1.543011E-4
0.14125264	1.3937426E-4
0.14537773	1.2575931E-4
0.14962329	1.1335509E-4
0.15399285	1.0206679E-4
0.15849	9.180572E-5
0.16311829	8.248941E-5
0.16788174	7.404016E-5
0.17278428	6.638603E-5
0.17783	5.9460104E-5
0.18302307	5.3200292E-5
0.18836778	4.7548998E-5
0.19386858	4.245291E-5
0.19953	3.786275E-5
0.20535603	3.37335E-5
0.21135218	3.0022662E-5
0.21752341	2.669166E-5
0.22387484	2.3705035E-5
0.23041171	2.1030255E-5
0.23713945	1.8637496E-5
0.24406363	1.6499473E-5
0.25119	1.4591249E-5
0.25852492	1.2889965E-5
0.26607406	1.1375013E-5
0.27384362	1.0027524E-5
0.28184006	8.8303495E-6
0.29007	7.76793E-6
0.29854023	6.8261656E-6
0.30725783	5.9923E-6
0.31623	5.2548044E-6
0.32546407	4.6032806E-6
0.33496782	4.0283494E-6
0.34474903	3.5215749E-6
0.3548159	3.0753768E-6
0.3651767	2.6829518E-6
0.37584007	2.3382029E-6
0.3868148	2.0356727E-6
0.39811	1.7704839E-6
0.40973493	1.5382842E-6
0.42169935	1.3351905E-6
0.4340131	1.1577478E-6
0.44668642	1.0028843E-6
0.4597298	8.6787276E-7
0.47315407	7.502945E-7
0.4869703	6.480078E-7
0.50119	5.591184E-7
0.5158249	4.8195295E-7
0.5308872	4.150356E-7
0.5463893	3.5706583E-7
0.5623441	3.068993E-7
0.57876474	2.6353035E-7
0.59566486	2.2607628E-7
0.61305845	1.9376327E-7
0.63096	1.6591376E-7
0.6493842	1.4193533E-7
0.6683464	1.213104E-7
0.6878623	1.0358749E-7
0.7079481	8.837322E-8
0.72862035	7.532522E-8
0.7498962	6.414587E-8
0.7717934	5.457675E-8
0.79433	4.6393744E-8
0.8175246	3.9402682E-8
0.8413966	3.343557E-8
0.86596555	2.8347173E-8
0.8912519	2.4012135E-8
0.9172767	2.032231E-8
0.9440614	1.7184535E-8
0.97162825	1.4518643E-8
1.0	1.2255732E-8
1.029201	1.0336564E-8
1.0592546	8.71043E-9
1.090186	7.3337985E-9
1.1220205	6.169442E-9
1.1547846	5.1854796E-9
1.1885055	4.3547157E-9
1.223211	3.6539003E-9
1.25893	3.0632372E-9
1.2956905	2.5658564E-9
1.3335243	2.1473843E-9
1.3724631	1.7956175E-9
1.4125386	1.5001527E-9
1.4537846	1.2522214E-9
1.4962348	1.044355E-9
1.5399245	8.7022745E-10
1.58489	7.2448625E-10
1.6311698	6.0262306E-10
1.678801	5.0080184E-10
1.727823	4.1581605E-10
1.7782766	3.449363E-10
1.8302034	2.8587732E-10
1.8836465	2.3671187E-10
1.9386501	1.9581936E-10
1.99526	1.6183899E-10
2.0535233	1.3362467E-10
2.113488	1.1022483E-10
2.1752036	9.0843555E-11
2.2387214	7.4797724E-11
2.304094	6.153267E-11
2.3713756	5.0563553E-11
2.4406219	4.151235E-11
2.51189	3.403977E-11
2.5852382	2.7889913E-11
2.6607285	2.2823854E-11
2.7384229	1.866074E-11
2.818386	1.5244583E-11
2.900684	1.243905E-11
2.9853854	1.0141776E-11
3.0725598	8.258949E-12
3.16228	6.715295E-12
3.2546198	5.451528E-12
3.3496559	4.4220183E-12
3.447467	3.5838E-12
3.5481343	2.9035663E-12
3.6517413	2.3505642E-12
3.7583735	1.901257E-12
3.8681195	1.5341062E-12
3.98107	1.23479E-12
4.097319	9.940937E-13
4.2169633	7.994716E-13
4.340101	6.42153E-13
4.466834	5.1503246E-13
4.5972676	4.1355808E-13
4.7315106	3.3140157E-13
4.869673	2.629008E-13
5.01187	2.0949908E-13
5.1582193	1.667555E-13
5.3088417	1.3156143E-13
5.463863	1.0380585E-13
5.62341	8.237855E-14
5.7876167	6.550316E-14
5.9566183	5.206946E-14
6.1305547	4.0856207E-14
6.30957	3.2418512E-14
6.493813	2.553513E-14
6.683436	2.0095037E-14
6.878596	1.587619E-14
7.079455	1.2434498E-14
7.286179	9.65894E-15
7.4989395	7.771561E-15
7.7179127	6.217249E-15
7.94328	4.6629367E-15
8.175228	3.663736E-15
8.41395	2.7755576E-15
8.659641	2.220446E-15
8.912508	1.7763568E-15
9.172758	1.3322676E-15
9.440608	9.992007E-16
9.716279	7.771561E-16
10.0	6.661338E-16



DATASET #3

Name: 1000yr
Num Points: 2
Info: 

X, Y Data:
0.001	0.001
10.0	0.001



DATASET #4

Name: 2500yr
Num Points: 2
Info: 

X, Y Data:
0.001	4.0E-4
10.0	4.0E-4



DATASET #5

Name: 10000yr
Num Points: 2
Info: 

X, Y Data:
0.001	1.0E-4
10.0	1.0E-4


