
X-Axis: 5.0s SA (g)
Y-Axis: Annual Probabilitiy
Number of Data Sets: 5


DATASET #1

Name: UCERF3
Num Points: 401
Info: 

X, Y Data:
1.0E-4	0.050985433
1.0333392E-4	0.050985035
1.06779E-4	0.050984565
1.1033893E-4	0.05098402
1.14017545E-4	0.050983384
1.178188E-4	0.050982643
1.2174679E-4	0.050981786
1.2580573E-4	0.050980795
1.3E-4	0.050979648
1.334183E-4	0.050978612
1.369265E-4	0.05097746
1.4052694E-4	0.05097617
1.4422205E-4	0.05097473
1.4801433E-4	0.050973125
1.5190631E-4	0.050971337
1.5590065E-4	0.05096935
1.6E-4	0.050967146
1.645257E-4	0.050964504
1.691794E-4	0.050961554
1.7396474E-4	0.050958265
1.7888544E-4	0.0509546
1.8394532E-4	0.050950527
1.8914833E-4	0.050946
1.944985E-4	0.05094098
2.0E-4	0.050935417
2.0565712E-4	0.050929267
2.1147425E-4	0.05092247
2.1745593E-4	0.05091497
2.236068E-4	0.050906703
2.2993165E-4	0.05089761
2.364354E-4	0.05088761
2.4312311E-4	0.05087664
2.5E-4	0.05086461
2.5783465E-4	0.05084997
2.659148E-4	0.050833814
2.742482E-4	0.05081601
2.8284272E-4	0.050796423
2.917066E-4	0.050774906
3.0084825E-4	0.05075131
3.102764E-4	0.05072547
3.2E-4	0.050697222
3.290514E-4	0.05066946
3.383588E-4	0.05063945
3.4792948E-4	0.050607044
3.5777088E-4	0.050572097
3.6789064E-4	0.050534453
3.7829665E-4	0.05049396
3.88997E-4	0.050450448
4.0E-4	0.05040376
4.1131425E-4	0.050353713
4.229485E-4	0.05030014
4.3491187E-4	0.050242856
4.472136E-4	0.050181683
4.598633E-4	0.05011643
4.728708E-4	0.05004691
4.8624622E-4	0.049972933
5.0E-4	0.0498943
5.1465514E-4	0.04980775
5.2973983E-4	0.049715787
5.4526667E-4	0.04961819
5.612486E-4	0.049514737
5.77699E-4	0.049405225
5.946315E-4	0.049289428
6.120603E-4	0.049167138
6.3E-4	0.049038146
6.4807665E-4	0.048905145
6.6667196E-4	0.04876533
6.858008E-4	0.04861853
7.0547854E-4	0.04846456
7.257209E-4	0.04830325
7.465441E-4	0.048134442
7.6796475E-4	0.04795798
7.9E-4	0.04777372
8.136239E-4	0.04757336
8.379543E-4	0.047364257
8.630122E-4	0.047146272
8.8881946E-4	0.046919297
9.153984E-4	0.046683226
9.427722E-4	0.04643798
9.7096455E-4	0.04618348
0.001	0.045919683
0.0010293103	0.045651976
0.0010594797	0.04537527
0.0010905333	0.045089565
0.0011224973	0.044794872
0.001155398	0.044491224
0.001189263	0.04417867
0.0012241206	0.04385727
0.00126	0.043527104
0.0012961533	0.0431954
0.0013333439	0.042855497
0.0013716016	0.04250752
0.0014109571	0.04215161
0.0014514418	0.04178792
0.0014930882	0.041416615
0.0015359295	0.041037884
0.00158	0.040651925
0.0016272478	0.040242463
0.0016759086	0.03982564
0.0017260244	0.039401725
0.0017776389	0.038971003
0.0018307968	0.038533762
0.0018855444	0.03809032
0.0019419291	0.037640985
0.002	0.03718609
0.0020575977	0.03674282
0.002116854	0.03629501
0.002177817	0.035842974
0.0022405356	0.035387028
0.0023050604	0.034927502
0.0023714434	0.034464717
0.0024397383	0.033999007
0.00251	0.0335307
0.0025833033	0.03305358
0.0026587474	0.032574475
0.0027363948	0.032093726
0.0028163097	0.031611674
0.0028985585	0.031128649
0.0029832094	0.030644989
0.0030703326	0.030161016
0.00316	0.02967705
0.0032524571	0.029192518
0.0033476194	0.028708613
0.003445566	0.028225627
0.0035463783	0.027743848
0.0036501405	0.027263554
0.0037569385	0.02678501
0.003866861	0.026308473
0.00398	0.025834184
0.004096165	0.02536351
0.0042157196	0.024895523
0.0043387646	0.024430426
0.0044654002	0.023968415
0.0045957323	0.02350967
0.0047298684	0.02305436
0.0048679197	0.022602636
0.00501	0.022154646
0.005156579	0.02170947
0.0053074467	0.021268295
0.005462728	0.02083123
0.0056225527	0.020398367
0.0057870536	0.019969799
0.005956367	0.019545598
0.0061306343	0.019125827
0.00631	0.018710544
0.006493865	0.01830143
0.0066830874	0.017896852
0.0068778237	0.01749684
0.007078234	0.01710142
0.0072844843	0.016710607
0.0074967444	0.016324418
0.00771519	0.015942853
0.00794	0.01556592
0.008172275	0.015192175
0.008411343	0.014823093
0.008657407	0.014458666
0.008910668	0.0140988855
0.009171338	0.013743743
0.009439633	0.013393229
0.009715778	0.013047333
0.01	0.012706044
0.010292081	0.012369868
0.010592694	0.012038269
0.010902087	0.011711242
0.011220517	0.0113887815
0.011548247	0.011070887
0.011885551	0.010757555
0.012232705	0.010448793
0.01259	0.0101446025
0.012957647	0.009845059
0.013336032	0.009550106
0.013725464	0.009259754
0.01412627	0.00897402
0.014538779	0.008692923
0.014963334	0.008416483
0.015400288	0.008144722
0.01585	0.007877665
0.016312422	0.0076155714
0.016788337	0.0073582255
0.017278135	0.0071056564
0.017782224	0.0068578925
0.01830102	0.0066149626
0.01883495	0.0063768956
0.019384459	0.00614372
0.01995	0.0059154625
0.020533005	0.005691789
0.021133045	0.005473101
0.021750621	0.0052594207
0.022386245	0.0050507677
0.023040446	0.004847159
0.023713762	0.0046486096
0.024406755	0.004455128
0.02512	0.0042667226
0.025853088	0.0040836376
0.02660757	0.0039056146
0.027384069	0.0037326468
0.02818323	0.0035647233
0.029005712	0.003401827
0.029852198	0.0032439372
0.030723387	0.0030910266
0.03162	0.0029430634
0.032543603	0.0027998865
0.033494186	0.0026615856
0.034472536	0.0025281128
0.03547946	0.002399415
0.0365158	0.0022754336
0.03758241	0.0021561054
0.03868017	0.0020413618
0.03981	0.0019311302
0.040972695	0.0018253449
0.042169347	0.0017239111
0.04340095	0.0016267436
0.044668525	0.0015337528
0.04597312	0.0014448457
0.047315817	0.0013599264
0.04869773	0.0012788961
0.05012	0.0012016534
0.0515838	0.0011280949
0.053090356	0.0010581146
0.05464091	9.916055E-4
0.05623675	9.2845917E-4
0.0578792	8.6856633E-4
0.059569612	8.118171E-4
0.0613094	7.581013E-4
0.0631	7.0730865E-4
0.06494172	6.5935863E-4
0.066837184	6.141093E-4
0.06878798	5.714522E-4
0.070795715	5.3128024E-4
0.072862044	4.934875E-4
0.074988686	4.5796967E-4
0.077177405	4.2462422E-4
0.07943	3.9335046E-4
0.08174976	3.640329E-4
0.08413727	3.3659453E-4
0.08659451	3.109414E-4
0.08912351	2.8698207E-4
0.09172637	2.646278E-4
0.09440525	2.4379247E-4
0.097162366	2.2439288E-4
0.1	2.0634863E-4
0.102919795	1.8958618E-4
0.10592484	1.740265E-4
0.109017625	1.5959807E-4
0.112200715	1.4623231E-4
0.11547674	1.3386356E-4
0.11884842	1.2242913E-4
0.12231855	1.11869165E-4
0.12589	1.0212668E-4
0.12956645	9.314583E-5
0.13335027	8.48771E-5
0.13724458	7.727171E-5
0.14125264	7.0283495E-5
0.14537773	6.3868814E-5
0.14962329	5.798652E-5
0.15399285	5.259781E-5
0.15849	4.7666214E-5
0.16311829	4.3157634E-5
0.16788174	3.903971E-5
0.17278428	3.528233E-5
0.17783	3.1857326E-5
0.18302307	2.8738392E-5
0.18836778	2.5900985E-5
0.19386858	2.3322244E-5
0.19953	2.0980899E-5
0.20535603	1.885744E-5
0.21135218	1.693324E-5
0.21752341	1.5191314E-5
0.22387484	1.3615947E-5
0.23041171	1.2192613E-5
0.23713945	1.0907904E-5
0.24406363	9.749456E-6
0.25119	8.705886E-6
0.25852492	7.766668E-6
0.26607406	6.9222574E-6
0.27384362	6.1638298E-6
0.28184006	5.4833013E-6
0.29007	4.873273E-6
0.29854023	4.3269815E-6
0.30725783	3.838251E-6
0.31623	3.4014497E-6
0.32546407	3.0114506E-6
0.33496782	2.663583E-6
0.34474903	2.3536052E-6
0.3548159	2.0776663E-6
0.3651767	1.8322756E-6
0.37584007	1.6142709E-6
0.3868148	1.4207919E-6
0.39811	1.2492538E-6
0.40973493	1.0973245E-6
0.42169935	9.628989E-7
0.4340131	8.440828E-7
0.44668642	7.3917255E-7
0.4597298	6.4663624E-7
0.47315407	5.650999E-7
0.4869703	4.9333136E-7
0.50119	4.302269E-7
0.5158249	3.7479947E-7
0.5308872	3.2616703E-7
0.5463893	2.8354236E-7
0.5623441	2.462236E-7
0.57876474	2.1358579E-7
0.59566486	1.8507295E-7
0.61305845	1.601911E-7
0.63096	1.3850189E-7
0.6493842	1.1961677E-7
0.6683464	1.0319157E-7
0.6878623	8.8921986E-8
0.7079481	7.6539195E-8
0.72862035	6.580594E-8
0.7498962	5.651324E-8
0.7717934	4.847701E-8
0.79433	4.1535507E-8
0.8175246	3.5546606E-8
0.8413966	3.0385625E-8
0.86596555	2.5943434E-8
0.8912519	2.2124468E-8
0.9172767	1.8845249E-8
0.9440614	1.6032882E-8
0.97162825	1.3623818E-8
1.0	1.1562771E-8
1.029201	9.801586E-9
1.0592546	8.298505E-9
1.090186	7.017336E-9
1.1220205	5.926673E-9
1.1547846	4.99932E-9
1.1885055	4.211868E-9
1.223211	3.544003E-9
1.25893	2.9783238E-9
1.2956905	2.4998E-9
1.3335243	2.0955193E-9
1.3724631	1.7544048E-9
1.4125386	1.4669401E-9
1.4537846	1.225031E-9
1.4962348	1.0216967E-9
1.5399245	8.510259E-10
1.58489	7.0794726E-10
1.6311698	5.8816807E-10
1.678801	4.880233E-10
1.727823	4.0440395E-10
1.7782766	3.346694E-10
1.8302034	2.766024E-10
1.8836465	2.2831292E-10
1.9386501	1.8820423E-10
1.99526	1.5494428E-10
2.0535233	1.273962E-10
2.113488	1.0461354E-10
2.1752036	8.578793E-11
2.2387214	7.025991E-11
2.304094	5.7471916E-11
2.3713756	4.6948E-11
2.4406219	3.8305026E-11
2.51189	3.12117E-11
2.5852382	2.5393243E-11
2.6607285	2.0641822E-11
2.7384229	1.6750046E-11
2.818386	1.35775835E-11
2.900684	1.0987211E-11
2.9853854	8.883783E-12
3.0725598	7.172929E-12
3.16228	5.783596E-12
3.2546198	4.6574966E-12
3.3496559	3.7446712E-12
3.447467	3.00715E-12
3.5481343	2.4124036E-12
3.6517413	1.931122E-12
3.7583735	1.5460966E-12
3.8681195	1.2331247E-12
3.98107	9.836576E-13
4.097319	7.819301E-13
4.2169633	6.2150285E-13
4.340101	4.9504845E-13
4.466834	3.9301895E-13
4.5972676	3.1119551E-13
4.7315106	2.453593E-13
4.869673	1.9251267E-13
5.01187	1.5165647E-13
5.1582193	1.1968204E-13
5.3088417	9.392487E-14
5.463863	7.3052675E-14
5.62341	5.750955E-14
5.7876167	4.440892E-14
5.9566183	3.4527936E-14
6.1305547	2.6756375E-14
6.30957	2.1094237E-14
6.493813	1.587619E-14
6.683436	1.2101431E-14
6.878596	9.547918E-15
7.079455	7.21645E-15
7.286179	5.3290705E-15
7.4989395	3.996803E-15
7.7179127	3.330669E-15
7.94328	1.9984014E-15
8.175228	1.4432899E-15
8.41395	7.771561E-16
8.659641	5.551115E-16
8.912508	3.330669E-16
9.172758	2.220446E-16
9.440608	1.110223E-16
9.716279	1.110223E-16
10.0	0.0



DATASET #2

Name: RSQSim
Num Points: 401
Info: 

X, Y Data:
1.0E-4	0.07307993
1.0333392E-4	0.07307919
1.06779E-4	0.07307833
1.1033893E-4	0.073077336
1.14017545E-4	0.07307618
1.178188E-4	0.07307485
1.2174679E-4	0.07307331
1.2580573E-4	0.07307155
1.3E-4	0.073069505
1.334183E-4	0.07306769
1.369265E-4	0.07306566
1.4052694E-4	0.0730634
1.4422205E-4	0.0730609
1.4801433E-4	0.07305812
1.5190631E-4	0.07305504
1.5590065E-4	0.073051624
1.6E-4	0.07304785
1.645257E-4	0.07304335
1.691794E-4	0.07303835
1.7396474E-4	0.0730328
1.7888544E-4	0.07302664
1.8394532E-4	0.073019825
1.8914833E-4	0.07301229
1.944985E-4	0.07300398
2.0E-4	0.0729948
2.0565712E-4	0.072984695
2.1147425E-4	0.07297359
2.1745593E-4	0.072961375
2.236068E-4	0.07294798
2.2993165E-4	0.07293331
2.364354E-4	0.072917245
2.4312311E-4	0.07289969
2.5E-4	0.07288053
2.5783465E-4	0.07285732
2.659148E-4	0.07283182
2.742482E-4	0.07280385
2.8284272E-4	0.07277322
2.917066E-4	0.07273972
3.0084825E-4	0.07270315
3.102764E-4	0.07266328
3.2E-4	0.07261988
3.290514E-4	0.0725774
3.383588E-4	0.07253166
3.4792948E-4	0.07248246
3.5777088E-4	0.07242959
3.6789064E-4	0.07237286
3.7829665E-4	0.07231206
3.88997E-4	0.072246954
4.0E-4	0.072177336
4.1131425E-4	0.07210297
4.229485E-4	0.07202364
4.3491187E-4	0.071939096
4.472136E-4	0.07184909
4.598633E-4	0.071753405
4.728708E-4	0.07165177
4.8624622E-4	0.07154395
5.0E-4	0.07142968
5.1465514E-4	0.07130426
5.2973983E-4	0.07117139
5.4526667E-4	0.07103076
5.612486E-4	0.070882104
5.77699E-4	0.070725136
5.946315E-4	0.07055957
6.120603E-4	0.070385136
6.3E-4	0.07020155
6.4807665E-4	0.07001266
6.6667196E-4	0.06981449
6.858008E-4	0.069606796
7.0547854E-4	0.069389336
7.257209E-4	0.06916188
7.465441E-4	0.0689242
7.6796475E-4	0.068676084
7.9E-4	0.06841732
8.136239E-4	0.06813625
8.379543E-4	0.067843206
8.630122E-4	0.06753796
8.8881946E-4	0.06722034
9.153984E-4	0.06689016
9.427722E-4	0.06654726
9.7096455E-4	0.06619149
0.001	0.06582271
0.0010293103	0.06544841
0.0010594797	0.0650614
0.0010905333	0.0646616
0.0011224973	0.06424894
0.001155398	0.06382339
0.001189263	0.063384905
0.0012241206	0.06293347
0.00126	0.06246909
0.0012961533	0.06200183
0.0013333439	0.06152222
0.0013716016	0.0610303
0.0014109571	0.060526144
0.0014514418	0.060009845
0.0014930882	0.059481494
0.0015359295	0.05894122
0.00158	0.058389153
0.0016272478	0.05780177
0.0016759086	0.057201948
0.0017260244	0.056589913
0.0017776389	0.055965893
0.0018307968	0.055330142
0.0018855444	0.054682933
0.0019419291	0.054024555
0.002	0.053355318
0.0020575977	0.052700497
0.002116854	0.05203621
0.002177817	0.05136279
0.0022405356	0.050680578
0.0023050604	0.049989924
0.0023714434	0.0492912
0.0024397383	0.0485848
0.00251	0.047871117
0.0025833033	0.04714051
0.0026587474	0.04640328
0.0027363948	0.04565989
0.0028163097	0.044910792
0.0028985585	0.044156477
0.0029832094	0.043397423
0.0030703326	0.042634126
0.00316	0.0418671
0.0032524571	0.04109544
0.0033476194	0.040321067
0.003445566	0.03954451
0.0035463783	0.038766306
0.0036501405	0.037986986
0.0037569385	0.03720709
0.003866861	0.03642716
0.00398	0.03564774
0.004096165	0.034871235
0.0042157196	0.034096308
0.0043387646	0.033323493
0.0044654002	0.03255332
0.0045957323	0.031786304
0.0047298684	0.031022973
0.0048679197	0.030263836
0.00501	0.02950939
0.005156579	0.028758366
0.0053074467	0.028013041
0.005462728	0.027273893
0.0056225527	0.026541388
0.0057870536	0.025815973
0.005956367	0.025098087
0.0061306343	0.024388155
0.00631	0.023686578
0.006493865	0.022996506
0.0066830874	0.02231548
0.0068778237	0.021643857
0.007078234	0.020981967
0.0072844843	0.02033013
0.0074967444	0.01968864
0.00771519	0.019057775
0.00794	0.018437795
0.008172275	0.017826593
0.008411343	0.017226819
0.008657407	0.01663868
0.008910668	0.016062351
0.009171338	0.015497996
0.009439633	0.014945751
0.009715778	0.014405738
0.01	0.013878053
0.010292081	0.013363558
0.010592694	0.012861491
0.010902087	0.012371892
0.011220517	0.011894783
0.011548247	0.011430164
0.011885551	0.010978021
0.012232705	0.010538319
0.01259	0.01011101
0.012957647	0.009696116
0.013336032	0.009293459
0.013725464	0.008902945
0.01412627	0.008524458
0.014538779	0.008157876
0.014963334	0.0078030606
0.015400288	0.0074598608
0.01585	0.0071281157
0.016312422	0.0068079364
0.016788337	0.006498838
0.017278135	0.0062006298
0.017782224	0.0059131132
0.01830102	0.005636082
0.01883495	0.005369323
0.019384459	0.0051126173
0.01995	0.0048657404
0.020533005	0.0046280846
0.021133045	0.0043998263
0.021750621	0.0041807294
0.022386245	0.003970554
0.023040446	0.003769059
0.023713762	0.0035760023
0.024406755	0.0033911404
0.02512	0.0032142305
0.025853088	0.0030452525
0.02660757	0.0028837228
0.027384069	0.002729402
0.02818323	0.0025820532
0.029005712	0.0024414414
0.029852198	0.0023073344
0.030723387	0.0021795037
0.03162	0.0020577232
0.032543603	0.0019416717
0.033494186	0.0018312404
0.034472536	0.001726215
0.03547946	0.0016263858
0.0365158	0.0015315475
0.03758241	0.0014414997
0.03868017	0.0013560469
0.03981	0.0012749984
0.040972695	0.0011981776
0.042169347	0.0011253945
0.04340095	0.0010564742
0.044668525	9.912471E-4
0.04597312	9.2954864E-4
0.047315817	8.712195E-4
0.04869773	8.1610575E-4
0.05012	7.640585E-4
0.0515838	7.149343E-4
0.053090356	6.6859426E-4
0.05464091	6.2490476E-4
0.05623675	5.837371E-4
0.0578792	5.449675E-4
0.059569612	5.0847675E-4
0.0613094	4.7415055E-4
0.0631	4.41879E-4
0.06494172	4.1157522E-4
0.066837184	3.8311732E-4
0.06878798	3.5640862E-4
0.070795715	3.3135654E-4
0.072862044	3.0787245E-4
0.074988686	2.8587165E-4
0.077177405	2.652731E-4
0.07943	2.459995E-4
0.08174976	2.2796643E-4
0.08413727	2.1111537E-4
0.08659451	1.9537902E-4
0.08912351	1.8069323E-4
0.09172637	1.6699696E-4
0.09440525	1.5423213E-4
0.097162366	1.4234344E-4
0.1	1.3127839E-4
0.102919795	1.2098947E-4
0.10592484	1.114266E-4
0.109017625	1.0254487E-4
0.112200715	9.4301715E-5
0.11547674	8.6656815E-5
0.11884842	7.957199E-5
0.12231855	7.30111E-5
0.12589	6.694E-5
0.12956645	6.132538E-5
0.13335027	5.6137967E-5
0.13724458	5.1349005E-5
0.14125264	4.6931375E-5
0.14537773	4.2859538E-5
0.14962329	3.9109455E-5
0.15399285	3.5658504E-5
0.15849	3.248544E-5
0.16311829	2.9570427E-5
0.16788174	2.6894599E-5
0.17278428	2.4440404E-5
0.17783	2.2191407E-5
0.18302307	2.0132218E-5
0.18836778	1.8248456E-5
0.19386858	1.652668E-5
0.19953	1.49543475E-5
0.20535603	1.3519929E-5
0.21135218	1.2212331E-5
0.21752341	1.1021416E-5
0.22387484	9.937755E-6
0.23041171	8.95259E-6
0.23713945	8.057793E-6
0.24406363	7.245828E-6
0.25119	6.5097142E-6
0.25852492	5.842951E-6
0.26607406	5.239617E-6
0.27384362	4.6941973E-6
0.28184006	4.2016045E-6
0.29007	3.7571506E-6
0.29854023	3.3565195E-6
0.30725783	2.9957419E-6
0.31623	2.6711718E-6
0.32546407	2.3794655E-6
0.33496782	2.117553E-6
0.34474903	1.882626E-6
0.3548159	1.672115E-6
0.3651767	1.4836729E-6
0.37584007	1.3151571E-6
0.3868148	1.1646141E-6
0.39811	1.0302648E-6
0.40973493	9.1049174E-7
0.42169935	8.038233E-7
0.4340131	7.089246E-7
0.44668642	6.2458537E-7
0.4597298	5.497097E-7
0.47315407	4.8330605E-7
0.4869703	4.2447846E-7
0.50119	3.7241847E-7
0.5158249	3.2639696E-7
0.5308872	2.8575766E-7
0.5463893	2.4991013E-7
0.5623441	2.1832402E-7
0.57876474	1.9052331E-7
0.59566486	1.6608142E-7
0.61305845	1.4461646E-7
0.63096	1.2578691E-7
0.6493842	1.0928781E-7
0.6683464	9.4847046E-8
0.6878623	8.2222165E-8
0.7079481	7.119747E-8
0.72862035	6.1581176E-8
0.7498962	5.320307E-8
0.7717934	4.591218E-8
0.79433	3.9574854E-8
0.8175246	3.4072823E-8
0.8413966	2.9301631E-8
0.86596555	2.5169115E-8
0.8912519	2.1594044E-8
0.9172767	1.8504924E-8
0.9440614	1.5838912E-8
0.97162825	1.354086E-8
1.0	1.1562385E-8
1.029201	9.861076E-9
1.0592546	8.399952E-9
1.090186	7.146655E-9
1.1220205	6.072945E-9
1.1547846	5.1542512E-9
1.1885055	4.3691624E-9
1.223211	3.6991052E-9
1.25893	3.1279397E-9
1.2956905	2.6417015E-9
1.3335243	2.2282736E-9
1.3724631	1.877204E-9
1.4125386	1.5794698E-9
1.4537846	1.3272843E-9
1.4962348	1.1139564E-9
1.5399245	9.337406E-10
1.58489	7.816905E-10
1.6311698	6.535784E-10
1.678801	5.457632E-10
1.727823	4.5515103E-10
1.7782766	3.7910497E-10
1.8302034	3.1536207E-10
1.8836465	2.6199953E-10
1.9386501	2.1738689E-10
1.99526	1.8014101E-10
2.0535233	1.4909007E-10
2.113488	1.2322854E-10
2.1752036	1.01727626E-10
2.2387214	8.386858E-11
2.304094	6.905665E-11
2.3713756	5.6789018E-11
2.4406219	4.6641135E-11
2.51189	3.8257286E-11
2.5852382	3.1338487E-11
2.6607285	2.5639046E-11
2.7384229	2.0951352E-11
2.818386	1.7097768E-11
2.900684	1.3935519E-11
2.9853854	1.1345147E-11
3.0725598	9.222512E-12
3.16228	7.487899E-12
3.2546198	6.0716987E-12
3.3496559	4.91851E-12
3.447467	3.9787063E-12
3.5481343	3.2147618E-12
3.6517413	2.594036E-12
3.7583735	2.0901059E-12
3.8681195	1.6816548E-12
3.98107	1.3523627E-12
4.097319	1.0860202E-12
4.2169633	8.7030383E-13
4.340101	6.9777517E-13
4.466834	5.5722094E-13
4.5972676	4.450884E-13
4.7315106	3.5482728E-13
4.869673	2.8266278E-13
5.01187	2.2426505E-13
5.1582193	1.7830182E-13
5.3088417	1.4244161E-13
5.463863	1.1224355E-13
5.62341	8.8928864E-14
5.7876167	6.949996E-14
5.9566183	5.5067062E-14
6.1305547	4.3298698E-14
6.30957	3.419487E-14
6.493813	2.6423308E-14
6.683436	2.0650148E-14
6.878596	1.6653345E-14
7.079455	1.254552E-14
7.286179	9.992007E-15
7.4989395	7.438494E-15
7.7179127	5.440093E-15
7.94328	4.440892E-15
8.175228	3.5527137E-15
8.41395	2.6645353E-15
8.659641	1.9984014E-15
8.912508	1.4432899E-15
9.172758	1.110223E-15
9.440608	8.881784E-16
9.716279	5.551115E-16
10.0	2.220446E-16



DATASET #3

Name: 1000yr
Num Points: 2
Info: 

X, Y Data:
0.001	0.001
10.0	0.001



DATASET #4

Name: 2500yr
Num Points: 2
Info: 

X, Y Data:
0.001	4.0E-4
10.0	4.0E-4



DATASET #5

Name: 10000yr
Num Points: 2
Info: 

X, Y Data:
0.001	1.0E-4
10.0	1.0E-4


