
X-Axis: 5.0s SA (g)
Y-Axis: Annual Probabilitiy
Number of Data Sets: 5


DATASET #1

Name: UCERF3
Num Points: 401
Info: 

X, Y Data:
1.0E-4	0.048781224
1.0333392E-4	0.048780724
1.06779E-4	0.048780147
1.1033893E-4	0.048779473
1.14017545E-4	0.048778694
1.178188E-4	0.04877779
1.2174679E-4	0.048776746
1.2580573E-4	0.048775543
1.3E-4	0.048774157
1.334183E-4	0.048772916
1.369265E-4	0.048771534
1.4052694E-4	0.04876999
1.4422205E-4	0.04876828
1.4801433E-4	0.04876637
1.5190631E-4	0.04876426
1.5590065E-4	0.04876191
1.6E-4	0.048759315
1.645257E-4	0.04875622
1.691794E-4	0.048752766
1.7396474E-4	0.048748933
1.7888544E-4	0.048744675
1.8394532E-4	0.04873995
1.8914833E-4	0.04873472
1.944985E-4	0.048728935
2.0E-4	0.048722543
2.0565712E-4	0.048715495
2.1147425E-4	0.048707724
2.1745593E-4	0.048699174
2.236068E-4	0.048689775
2.2993165E-4	0.048679464
2.364354E-4	0.048668154
2.4312311E-4	0.04865577
2.5E-4	0.048642233
2.5783465E-4	0.048625793
2.659148E-4	0.048607703
2.742482E-4	0.048587818
2.8284272E-4	0.048565995
2.917066E-4	0.048542082
3.0084825E-4	0.048515923
3.102764E-4	0.048487347
3.2E-4	0.048456173
3.290514E-4	0.04842561
3.383588E-4	0.04839264
3.4792948E-4	0.048357107
3.5777088E-4	0.048318867
3.6789064E-4	0.048277758
3.7829665E-4	0.04823362
3.88997E-4	0.04818629
4.0E-4	0.048135597
4.1131425E-4	0.04808137
4.229485E-4	0.04802342
4.3491187E-4	0.047961578
4.472136E-4	0.047895655
4.598633E-4	0.047825467
4.728708E-4	0.047750827
4.8624622E-4	0.04767154
5.0E-4	0.047587425
5.1465514E-4	0.047495004
5.2973983E-4	0.047396984
5.4526667E-4	0.047293153
5.612486E-4	0.047183305
5.77699E-4	0.047067232
5.946315E-4	0.04694473
6.120603E-4	0.0468156
6.3E-4	0.046679653
6.4807665E-4	0.04653974
6.6667196E-4	0.04639294
6.858008E-4	0.04623909
7.0547854E-4	0.046078034
7.257209E-4	0.04590963
7.465441E-4	0.045733735
7.6796475E-4	0.045550227
7.9E-4	0.045358993
8.136239E-4	0.04515148
8.379543E-4	0.044935364
8.630122E-4	0.044710565
8.8881946E-4	0.044477005
9.153984E-4	0.04423463
9.427722E-4	0.0439834
9.7096455E-4	0.0437233
0.001	0.043454323
0.0010293103	0.043182004
0.0010594797	0.042901203
0.0010905333	0.042611968
0.0011224973	0.042314373
0.001155398	0.042008493
0.001189263	0.04169444
0.0012241206	0.041372336
0.00126	0.041042313
0.0012961533	0.040711623
0.0013333439	0.04037365
0.0013716016	0.040028572
0.0014109571	0.03967658
0.0014514418	0.03931788
0.0014930882	0.038952686
0.0015359295	0.038581233
0.00158	0.038203757
0.0016272478	0.03780446
0.0016759086	0.0373992
0.0017260244	0.036988284
0.0017776389	0.03657204
0.0018307968	0.036150783
0.0018855444	0.035724852
0.0019419291	0.035294585
0.002	0.034860324
0.0020575977	0.034438435
0.002116854	0.034013476
0.002177817	0.033585764
0.0022405356	0.03315561
0.0023050604	0.03272333
0.0023714434	0.032289233
0.0024397383	0.031853627
0.00251	0.031416822
0.0025833033	0.030973028
0.0026587474	0.030528614
0.0027363948	0.030083874
0.0028163097	0.029639104
0.0028985585	0.029194584
0.0029832094	0.02875059
0.0030703326	0.028307386
0.00316	0.027865224
0.0032524571	0.027423546
0.0033476194	0.026983391
0.003445566	0.026544984
0.0035463783	0.026108531
0.0036501405	0.025674233
0.0037569385	0.025242275
0.003866861	0.024812829
0.00398	0.024386054
0.004096165	0.023963118
0.0042157196	0.023543125
0.0043387646	0.023126198
0.0044654002	0.022712449
0.0045957323	0.02230198
0.0047298684	0.021894876
0.0048679197	0.021491218
0.00501	0.021091077
0.005156579	0.020693574
0.0053074467	0.02029971
0.005462728	0.01990953
0.0056225527	0.019523066
0.0057870536	0.01914034
0.005956367	0.018761374
0.0061306343	0.018386176
0.00631	0.018014757
0.006493865	0.017648576
0.0066830874	0.017286137
0.0068778237	0.016927434
0.007078234	0.016572457
0.0072844843	0.016221188
0.0074967444	0.015873617
0.00771519	0.015529721
0.00794	0.015189486
0.008172275	0.014851588
0.008411343	0.01451734
0.008657407	0.014186723
0.008910668	0.01385972
0.009171338	0.0135363145
0.009439633	0.013216493
0.009715778	0.012900242
0.01	0.012587551
0.010292081	0.0122788865
0.010592694	0.01197376
0.010902087	0.011672171
0.011220517	0.0113741215
0.011548247	0.011079616
0.011885551	0.010788664
0.012232705	0.010501279
0.01259	0.010217475
0.012957647	0.009937333
0.013336032	0.009660813
0.013725464	0.00938794
0.01412627	0.009118743
0.014538779	0.008853255
0.014963334	0.008591508
0.015400288	0.00833354
0.01585	0.00807939
0.016312422	0.007829322
0.016788337	0.007583147
0.017278135	0.0073409104
0.017782224	0.0071026557
0.01830102	0.0068684276
0.01883495	0.0066382717
0.019384459	0.0064122328
0.01995	0.0061903554
0.020533005	0.0059723305
0.021133045	0.005758567
0.021750621	0.005549104
0.022386245	0.0053439816
0.023040446	0.005143235
0.023713762	0.0049468977
0.024406755	0.0047550006
0.02512	0.00456757
0.025853088	0.004384872
0.02660757	0.004206671
0.027384069	0.004032982
0.02818323	0.0038638157
0.029005712	0.0036991783
0.029852198	0.0035390712
0.030723387	0.0033834907
0.03162	0.0032324286
0.032543603	0.0030857439
0.033494186	0.0029435535
0.034472536	0.0028058335
0.03547946	0.0026725547
0.0365158	0.0025436834
0.03758241	0.0024191807
0.03868017	0.0022990024
0.03981	0.0021830997
0.040972695	0.0020714318
0.042169347	0.0019639274
0.04340095	0.0018605241
0.044668525	0.0017611552
0.04597312	0.0016657508
0.047315817	0.0015742364
0.04869773	0.001486535
0.05012	0.0014025654
0.0515838	0.0013222449
0.053090356	0.0012454866
0.05464091	0.0011722017
0.05623675	0.0011022998
0.0578792	0.0010356882
0.059569612	9.722729E-4
0.0613094	9.119587E-4
0.0631	8.546494E-4
0.06494172	8.002816E-4
0.066837184	7.48721E-4
0.06878798	6.998704E-4
0.070795715	6.5363274E-4
0.072862044	6.0991116E-4
0.074988686	5.6860945E-4
0.077177405	5.2963226E-4
0.07943	4.928852E-4
0.08174976	4.5825486E-4
0.08413727	4.25672E-4
0.08659451	3.9504629E-4
0.08912351	3.66289E-4
0.09172637	3.3931326E-4
0.09440525	3.1403423E-4
0.097162366	2.903691E-4
0.1	2.6823726E-4
0.102919795	2.475652E-4
0.10592484	2.2827154E-4
0.109017625	2.1028268E-4
0.112200715	1.9352756E-4
0.11547674	1.7793757E-4
0.11884842	1.6344663E-4
0.12231855	1.4999116E-4
0.12589	1.375101E-4
0.12956645	1.2594275E-4
0.13335027	1.15235576E-4
0.13724458	1.05334955E-4
0.14125264	9.6189746E-5
0.14537773	8.775121E-5
0.14962329	7.997296E-5
0.15399285	7.2810944E-5
0.15849	6.622337E-5
0.16311829	6.017088E-5
0.16788174	5.4615735E-5
0.17278428	4.952256E-5
0.17783	4.4857992E-5
0.18302307	4.0590603E-5
0.18836778	3.6690835E-5
0.19386858	3.3130927E-5
0.19953	2.9884839E-5
0.20535603	2.6928523E-5
0.21135218	2.4238761E-5
0.21752341	2.179425E-5
0.22387484	1.9575124E-5
0.23041171	1.7562868E-5
0.23713945	1.5740268E-5
0.24406363	1.4091325E-5
0.25119	1.2601202E-5
0.25852492	1.1256065E-5
0.26607406	1.0043293E-5
0.27384362	8.951132E-6
0.28184006	7.968735E-6
0.29007	7.0861083E-6
0.29854023	6.294053E-6
0.30725783	5.584118E-6
0.31623	4.948547E-6
0.32546407	4.380235E-6
0.33496782	3.872673E-6
0.34474903	3.4199145E-6
0.3548159	3.0165331E-6
0.3651767	2.6575829E-6
0.37584007	2.338562E-6
0.3868148	2.0553778E-6
0.39811	1.8043165E-6
0.40973493	1.5820126E-6
0.42169935	1.3854171E-6
0.4340131	1.2117756E-6
0.44668642	1.0586015E-6
0.4597298	9.2365343E-7
0.47315407	8.049142E-7
0.4869703	7.005708E-7
0.50119	6.0899526E-7
0.5158249	5.287291E-7
0.5308872	4.5846693E-7
0.5463893	3.970417E-7
0.5623441	3.4341213E-7
0.57876474	2.966502E-7
0.59566486	2.5593005E-7
0.61305845	2.2051779E-7
0.63096	1.8976239E-7
0.6493842	1.63087E-7
0.6683464	1.3998108E-7
0.6878623	1.1999379E-7
0.7079481	1.0272734E-7
0.72862035	8.7831395E-8
0.7498962	7.4997814E-8
0.7717934	6.3956044E-8
0.79433	5.4468767E-8
0.8175246	4.6328186E-8
0.8413966	3.9352674E-8
0.86596555	3.33836E-8
0.8912519	2.8282736E-8
0.9172767	2.3929733E-8
0.9440614	2.0220014E-8
0.97162825	1.7062948E-8
1.0	1.4379779E-8
1.029201	1.21025305E-8
1.0592546	1.0172425E-8
1.090186	8.538862E-9
1.1220205	7.1581665E-9
1.1547846	5.9927956E-9
1.1885055	5.010503E-9
1.223211	4.1837094E-9
1.25893	3.4887198E-9
1.2956905	2.9053773E-9
1.3335243	2.4163744E-9
1.3724631	2.0070148E-9
1.4125386	1.6648285E-9
1.4537846	1.379153E-9
1.4962348	1.140999E-9
1.5399245	9.427222E-10
1.58489	7.77878E-10
1.6311698	6.410037E-10
1.678801	5.275096E-10
1.727823	4.3354553E-10
1.7782766	3.558709E-10
1.8302034	2.9171543E-10
1.8836465	2.388053E-10
1.9386501	1.952315E-10
1.99526	1.5940005E-10
2.0535233	1.2995538E-10
2.113488	1.0583012E-10
2.1752036	8.606327E-11
2.2387214	6.991008E-11
2.304094	5.670231E-11
2.3713756	4.5931148E-11
2.4406219	3.716427E-11
2.51189	3.0019542E-11
2.5852382	2.4230506E-11
2.6607285	1.9525048E-11
2.7384229	1.5717205E-11
2.818386	1.2625456E-11
2.900684	1.0137113E-11
2.9853854	8.123835E-12
3.0725598	6.505574E-12
3.16228	5.196732E-12
3.2546198	4.1446846E-12
3.3496559	3.3021363E-12
3.447467	2.62379E-12
3.5481343	2.0822233E-12
3.6517413	1.6466828E-12
3.7583735	1.3022916E-12
3.8681195	1.0282886E-12
3.98107	8.043566E-13
4.097319	6.292744E-13
4.2169633	4.919398E-13
4.340101	3.8369308E-13
4.466834	2.9787284E-13
4.5972676	2.2870594E-13
4.7315106	1.7630342E-13
4.869673	1.3467005E-13
5.01187	1.0225154E-13
5.1582193	7.704948E-14
5.3088417	5.895284E-14
5.463863	4.3964832E-14
5.62341	3.2085445E-14
5.7876167	2.4646951E-14
5.9566183	1.731948E-14
6.1305547	1.2212453E-14
6.30957	9.325873E-15
6.493813	6.550316E-15
6.683436	4.773959E-15
6.878596	3.4416914E-15
7.079455	2.7755576E-15
7.286179	1.3322676E-15
7.4989395	8.881784E-16
7.7179127	7.771561E-16
7.94328	5.551115E-16
8.175228	1.110223E-16
8.41395	0.0
8.659641	0.0
8.912508	0.0
9.172758	0.0
9.440608	0.0
9.716279	0.0
10.0	0.0



DATASET #2

Name: RSQSim
Num Points: 401
Info: 

X, Y Data:
1.0E-4	0.06420167
1.0333392E-4	0.06420127
1.06779E-4	0.06420081
1.1033893E-4	0.064200275
1.14017545E-4	0.06419965
1.178188E-4	0.064198926
1.2174679E-4	0.064198084
1.2580573E-4	0.06419711
1.3E-4	0.064195976
1.334183E-4	0.06419496
1.369265E-4	0.06419382
1.4052694E-4	0.064192556
1.4422205E-4	0.06419114
1.4801433E-4	0.06418956
1.5190631E-4	0.0641878
1.5590065E-4	0.06418584
1.6E-4	0.06418367
1.645257E-4	0.06418107
1.691794E-4	0.064178154
1.7396474E-4	0.06417491
1.7888544E-4	0.06417129
1.8394532E-4	0.064167276
1.8914833E-4	0.064162806
1.944985E-4	0.06415784
2.0E-4	0.064152345
2.0565712E-4	0.06414626
2.1147425E-4	0.06413954
2.1745593E-4	0.06413211
2.236068E-4	0.06412392
2.2993165E-4	0.064114906
2.364354E-4	0.06410499
2.4312311E-4	0.064094104
2.5E-4	0.06408215
2.5783465E-4	0.0640676
2.659148E-4	0.06405154
2.742482E-4	0.064033814
2.8284272E-4	0.0640143
2.917066E-4	0.06399285
3.0084825E-4	0.06396931
3.102764E-4	0.0639435
3.2E-4	0.06391525
3.290514E-4	0.06388748
3.383588E-4	0.06385742
3.4792948E-4	0.06382494
3.5777088E-4	0.06378987
3.6789064E-4	0.06375206
3.7829665E-4	0.063711345
3.88997E-4	0.06366756
4.0E-4	0.06362052
4.1131425E-4	0.063570045
4.229485E-4	0.06351595
4.3491187E-4	0.063458055
4.472136E-4	0.06339615
4.598633E-4	0.06333004
4.728708E-4	0.06325951
4.8624622E-4	0.06318437
5.0E-4	0.063104406
5.1465514E-4	0.063016266
5.2973983E-4	0.06292248
5.4526667E-4	0.062822804
5.612486E-4	0.06271699
5.77699E-4	0.06260481
5.946315E-4	0.062486004
6.120603E-4	0.062360335
6.3E-4	0.06222756
6.4807665E-4	0.06209042
6.6667196E-4	0.06194601
6.858008E-4	0.06179411
7.0547854E-4	0.061634507
7.257209E-4	0.06146698
7.465441E-4	0.06129133
7.6796475E-4	0.061107352
7.9E-4	0.060914848
8.136239E-4	0.060705077
8.379543E-4	0.060485654
8.630122E-4	0.06025638
8.8881946E-4	0.060017075
9.153984E-4	0.059767567
9.427722E-4	0.059507694
9.7096455E-4	0.05923731
0.001	0.058956284
0.0010293103	0.0586703
0.0010594797	0.058373872
0.0010905333	0.05806691
0.0011224973	0.05774934
0.001155398	0.057421107
0.001189263	0.057082165
0.0012241206	0.05673249
0.00126	0.056372065
0.0012961533	0.056008715
0.0013333439	0.055635076
0.0013716016	0.05525118
0.0014109571	0.05485708
0.0014514418	0.054452825
0.0014930882	0.0540385
0.0015359295	0.053614184
0.00158	0.053179987
0.0016272478	0.052717358
0.0016759086	0.052244276
0.0017260244	0.051760916
0.0017776389	0.05126745
0.0018307968	0.050764073
0.0018855444	0.050250992
0.0019419291	0.04972844
0.002	0.049196646
0.0020575977	0.048675716
0.002116854	0.048146676
0.002177817	0.047609776
0.0022405356	0.047065265
0.0023050604	0.046513412
0.0023714434	0.045954496
0.0024397383	0.045388795
0.00251	0.044816602
0.0025833033	0.044230144
0.0026587474	0.043637637
0.0027363948	0.04303941
0.0028163097	0.042435795
0.0028985585	0.041827124
0.0029832094	0.04121374
0.0030703326	0.04059599
0.00316	0.03997422
0.0032524571	0.03934764
0.0033476194	0.038717743
0.003445566	0.038084876
0.0035463783	0.037449405
0.0036501405	0.03681169
0.0037569385	0.036172092
0.003866861	0.03553097
0.00398	0.03488868
0.004096165	0.034247134
0.0042157196	0.033605136
0.0043387646	0.03296304
0.0044654002	0.032321192
0.0045957323	0.03167994
0.0047298684	0.031039622
0.0048679197	0.03040058
0.00501	0.029763147
0.005156579	0.02912615
0.0053074467	0.02849143
0.005462728	0.027859308
0.0056225527	0.027230104
0.0057870536	0.026604129
0.005956367	0.025981693
0.0061306343	0.025363093
0.00631	0.024748627
0.006493865	0.024141015
0.0066830874	0.02353807
0.0068778237	0.022940068
0.007078234	0.022347273
0.0072844843	0.02175995
0.0074967444	0.02117835
0.00771519	0.020602724
0.00794	0.02003331
0.008172275	0.019468164
0.008411343	0.018909745
0.008657407	0.018358277
0.008910668	0.017813971
0.009171338	0.017277036
0.009439633	0.016747668
0.009715778	0.016226064
0.01	0.015712403
0.010292081	0.015207631
0.010592694	0.014711117
0.010902087	0.01422302
0.011220517	0.013743486
0.011548247	0.013272656
0.011885551	0.012810658
0.012232705	0.012357614
0.01259	0.011913633
0.012957647	0.011478911
0.013336032	0.011053441
0.013725464	0.010637303
0.01412627	0.010230567
0.014538779	0.009833292
0.014963334	0.0094455285
0.015400288	0.009067314
0.01585	0.008698677
0.016312422	0.008339951
0.016788337	0.007990808
0.017278135	0.007651242
0.017782224	0.007321237
0.01830102	0.0070007667
0.01883495	0.006689793
0.019384459	0.006388268
0.01995	0.0060961326
0.020533005	0.0058128643
0.021133045	0.0055388673
0.021750621	0.0052740523
0.022386245	0.00501832
0.023040446	0.004771562
0.023713762	0.00453366
0.024406755	0.004304488
0.02512	0.004083912
0.025853088	0.003872068
0.02660757	0.0036685045
0.027384069	0.0034730658
0.02818323	0.0032855887
0.029005712	0.0031059047
0.029852198	0.0029338396
0.030723387	0.0027692148
0.03162	0.0026118464
0.032543603	0.002461418
0.033494186	0.0023178803
0.034472536	0.0021810394
0.03547946	0.0020506994
0.0365158	0.0019266625
0.03758241	0.0018087294
0.03868017	0.0016967006
0.03981	0.001590376
0.040972695	0.0014895673
0.042169347	0.0013940634
0.04340095	0.0013036665
0.044668525	0.0012181808
0.04597312	0.0011374123
0.047315817	0.0010611695
0.04869773	9.892638E-4
0.05012	9.215094E-4
0.0515838	8.577245E-4
0.053090356	7.977301E-4
0.05464091	7.4135157E-4
0.05623675	6.884185E-4
0.0578792	6.387647E-4
0.059569612	5.922286E-4
0.0613094	5.486533E-4
0.0631	5.078867E-4
0.06494172	4.698047E-4
0.066837184	4.342388E-4
0.06878798	4.0105204E-4
0.070795715	3.701124E-4
0.072862044	3.41293E-4
0.074988686	3.14472E-4
0.077177405	2.8953262E-4
0.07943	2.663629E-4
0.08174976	2.4484354E-4
0.08413727	2.2488665E-4
0.08659451	2.0639479E-4
0.08912351	1.8927515E-4
0.09172637	1.7343948E-4
0.09440525	1.5880403E-4
0.097162366	1.452894E-4
0.1	1.3282037E-4
0.102919795	1.2132849E-4
0.10592484	1.10743524E-4
0.109017625	1.01002144E-4
0.112200715	9.204471E-5
0.11547674	8.38151E-5
0.11884842	7.626055E-5
0.12231855	6.933154E-5
0.12589	6.298164E-5
0.12956645	5.7166275E-5
0.13335027	5.1846026E-5
0.13724458	4.698285E-5
0.14125264	4.2541233E-5
0.14537773	3.8488073E-5
0.14962329	3.479253E-5
0.15399285	3.1425912E-5
0.15849	2.836156E-5
0.16311829	2.5574827E-5
0.16788174	2.304262E-5
0.17278428	2.0743664E-5
0.17783	1.8658277E-5
0.18302307	1.6768252E-5
0.18836778	1.50567785E-5
0.19386858	1.3508342E-5
0.19953	1.2108638E-5
0.20535603	1.0844643E-5
0.21135218	9.704064E-6
0.21752341	8.675768E-6
0.22387484	7.7495315E-6
0.23041171	6.9159764E-6
0.23713945	6.16651E-6
0.24406363	5.4932643E-6
0.25119	4.889043E-6
0.25852492	4.347237E-6
0.26607406	3.8618846E-6
0.27384362	3.427512E-6
0.28184006	3.0391307E-6
0.29007	2.6922016E-6
0.29854023	2.3825974E-6
0.30725783	2.1065687E-6
0.31623	1.8607136E-6
0.32546407	1.6419493E-6
0.33496782	1.4474812E-6
0.34474903	1.2747826E-6
0.3548159	1.1215698E-6
0.3651767	9.857812E-7
0.37584007	8.655573E-7
0.3868148	7.5922287E-7
0.39811	6.6527E-7
0.40973493	5.8234366E-7
0.42169935	5.092255E-7
0.4340131	4.448233E-7
0.44668642	3.881581E-7
0.4597298	3.3835352E-7
0.47315407	2.9462583E-7
0.4869703	2.562751E-7
0.50119	2.226766E-7
0.5158249	1.9327369E-7
0.5308872	1.6757076E-7
0.5463893	1.4512707E-7
0.5623441	1.2555121E-7
0.57876474	1.0849581E-7
0.59566486	9.3653114E-8
0.61305845	8.0750695E-8
0.63096	6.9547674E-8
0.6493842	5.983141E-8
0.6683464	5.1414254E-8
0.6878623	4.4130964E-8
0.7079481	3.783612E-8
0.72862035	3.2401932E-8
0.7498962	2.7716242E-8
0.7717934	2.3680725E-8
0.79433	2.0209256E-8
0.8175246	1.722659E-8
0.8413966	1.4666934E-8
0.86596555	1.2472938E-8
0.8912519	1.05946345E-8
0.9172767	8.988557E-9
0.9440614	7.616885E-9
0.97162825	6.446851E-9
1.0	5.4500426E-9
1.029201	4.6018265E-9
1.0592546	3.8809596E-9
1.090186	3.2690806E-9
1.1220205	2.7503524E-9
1.1547846	2.3111375E-9
1.1885055	1.939705E-9
1.223211	1.6259979E-9
1.25893	1.3613717E-9
1.2956905	1.138441E-9
1.3335243	9.508502E-10
1.3724631	7.9320095E-10
1.4125386	6.608757E-10
1.4537846	5.499501E-10
1.4962348	4.5708548E-10
1.5399245	3.7943493E-10
1.58489	3.1458325E-10
1.6311698	2.6048674E-10
1.678801	2.1543611E-10
1.727823	1.7795787E-10
1.7782766	1.4682411E-10
1.8302034	1.2098689E-10
1.8836465	9.9568354E-11
1.9386501	8.1839424E-11
1.99526	6.719014E-11
2.0535233	5.5091043E-11
2.113488	4.511369E-11
2.1752036	3.6899483E-11
2.2387214	3.0149327E-11
2.304094	2.4601876E-11
2.3713756	2.0050517E-11
2.4406219	1.6319723E-11
2.51189	1.3269386E-11
2.5852382	1.0774159E-11
2.6607285	8.737344E-12
2.7384229	7.0772277E-12
2.818386	5.7273075E-12
2.900684	4.629297E-12
2.9853854	3.7347903E-12
3.0725598	3.0092595E-12
3.16228	2.424505E-12
3.2546198	1.9501067E-12
3.3496559	1.567857E-12
3.447467	1.2575496E-12
3.5481343	1.0063061E-12
3.6517413	8.053558E-13
3.7583735	6.427081E-13
3.8681195	5.1447735E-13
3.98107	4.0945025E-13
4.097319	3.2684966E-13
4.2169633	2.6012525E-13
4.340101	2.0550228E-13
4.466834	1.6431301E-13
4.5972676	1.284528E-13
4.7315106	1.0136336E-13
4.869673	8.01581E-14
5.01187	6.3837824E-14
5.1582193	4.9404925E-14
5.3088417	3.907985E-14
5.463863	2.9642955E-14
5.62341	2.3425706E-14
5.7876167	1.831868E-14
5.9566183	1.44329E-14
6.1305547	1.0991208E-14
6.30957	8.21565E-15
6.493813	6.3282712E-15
6.683436	4.9960036E-15
6.878596	3.8857806E-15
7.079455	2.9976022E-15
7.286179	1.9984014E-15
7.4989395	1.110223E-15
7.7179127	1.110223E-15
7.94328	7.771561E-16
8.175228	6.661338E-16
8.41395	3.330669E-16
8.659641	3.330669E-16
8.912508	2.220446E-16
9.172758	2.220446E-16
9.440608	0.0
9.716279	0.0
10.0	0.0



DATASET #3

Name: 1000yr
Num Points: 2
Info: 

X, Y Data:
0.001	0.001
10.0	0.001



DATASET #4

Name: 2500yr
Num Points: 2
Info: 

X, Y Data:
0.001	4.0E-4
10.0	4.0E-4



DATASET #5

Name: 10000yr
Num Points: 2
Info: 

X, Y Data:
0.001	1.0E-4
10.0	1.0E-4


