
X-Axis: 5.0s SA (g)
Y-Axis: Annual Probabilitiy
Number of Data Sets: 5


DATASET #1

Name: UCERF3
Num Points: 401
Info: 

X, Y Data:
1.0E-4	0.060983635
1.0333392E-4	0.060982753
1.06779E-4	0.060981728
1.1033893E-4	0.06098054
1.14017545E-4	0.06097916
1.178188E-4	0.060977567
1.2174679E-4	0.06097573
1.2580573E-4	0.060973614
1.3E-4	0.06097118
1.334183E-4	0.060969003
1.369265E-4	0.060966577
1.4052694E-4	0.06096388
1.4422205E-4	0.06096088
1.4801433E-4	0.060957555
1.5190631E-4	0.06095387
1.5590065E-4	0.060949787
1.6E-4	0.060945272
1.645257E-4	0.060939897
1.691794E-4	0.060933918
1.7396474E-4	0.060927287
1.7888544E-4	0.060919937
1.8394532E-4	0.060911804
1.8914833E-4	0.060902815
1.944985E-4	0.06089289
2.0E-4	0.060881957
2.0565712E-4	0.060869917
2.1147425E-4	0.06085668
2.1745593E-4	0.060842153
2.236068E-4	0.060826223
2.2993165E-4	0.06080878
2.364354E-4	0.06078971
2.4312311E-4	0.060768887
2.5E-4	0.060746174
2.5783465E-4	0.06071869
2.659148E-4	0.060688525
2.742482E-4	0.060655486
2.8284272E-4	0.06061935
2.917066E-4	0.06057989
3.0084825E-4	0.06053687
3.102764E-4	0.060490042
3.2E-4	0.06043915
3.290514E-4	0.060389433
3.383588E-4	0.06033598
3.4792948E-4	0.06027858
3.5777088E-4	0.060217023
3.6789064E-4	0.06015109
3.7829665E-4	0.06008056
3.88997E-4	0.060005214
4.0E-4	0.059924815
4.1131425E-4	0.059839137
4.229485E-4	0.059747946
4.3491187E-4	0.05965101
4.472136E-4	0.059548095
4.598633E-4	0.05943896
4.728708E-4	0.059323378
4.8624622E-4	0.059201114
5.0E-4	0.059071943
5.1465514E-4	0.058930628
5.2973983E-4	0.058781415
5.4526667E-4	0.058624063
5.612486E-4	0.058458336
5.77699E-4	0.058284007
5.946315E-4	0.05810086
6.120603E-4	0.0579087
6.3E-4	0.057707317
6.4807665E-4	0.05750101
6.6667196E-4	0.057285532
6.858008E-4	0.057060737
7.0547854E-4	0.056826495
7.257209E-4	0.05658268
7.465441E-4	0.0563292
7.6796475E-4	0.05606596
7.9E-4	0.055792894
8.136239E-4	0.05549797
8.379543E-4	0.055192288
8.630122E-4	0.054875832
8.8881946E-4	0.0545486
9.153984E-4	0.054210614
9.427722E-4	0.053861924
9.7096455E-4	0.053502597
0.001	0.053132724
0.0010293103	0.052759957
0.0010594797	0.05237728
0.0010905333	0.051984843
0.0011224973	0.05158281
0.001155398	0.051171362
0.001189263	0.0507507
0.0012241206	0.050321043
0.00126	0.049882628
0.0012961533	0.049445067
0.0013333439	0.048999596
0.0013716016	0.048546482
0.0014109571	0.048085995
0.0014514418	0.04761843
0.0014930882	0.047144078
0.0015359295	0.046663247
0.00158	0.04617626
0.0016272478	0.04566282
0.0016759086	0.04514342
0.0017260244	0.044618446
0.0017776389	0.04408828
0.0018307968	0.043553315
0.0018855444	0.043013945
0.0019419291	0.042470563
0.002	0.041923575
0.0020575977	0.041393463
0.002116854	0.040860727
0.002177817	0.04032572
0.0022405356	0.039788786
0.0023050604	0.039250284
0.0023714434	0.038710553
0.0024397383	0.03816993
0.00251	0.037628762
0.0025833033	0.03707986
0.0026587474	0.036531065
0.0027363948	0.035982713
0.0028163097	0.035435133
0.0028985585	0.034888636
0.0029832094	0.034343537
0.0030703326	0.03380013
0.00316	0.033258714
0.0032524571	0.032718584
0.0033476194	0.032181013
0.003445566	0.031646267
0.0035463783	0.031114599
0.0036501405	0.030586261
0.0037569385	0.03006149
0.003866861	0.029540516
0.00398	0.029023558
0.004096165	0.028512053
0.0042157196	0.028004952
0.0043387646	0.02750244
0.0044654002	0.027004695
0.0045957323	0.026511887
0.0047298684	0.026024174
0.0048679197	0.025541702
0.00501	0.025064614
0.005156579	0.024591925
0.0053074467	0.02412489
0.005462728	0.023663623
0.0056225527	0.023208223
0.0057870536	0.02275878
0.005956367	0.022315374
0.0061306343	0.021878077
0.00631	0.021446953
0.006493865	0.021023735
0.0066830874	0.020606738
0.0068778237	0.02019599
0.007078234	0.019791521
0.0072844843	0.019393343
0.0074967444	0.01900147
0.00771519	0.018615901
0.00794	0.018236628
0.008172275	0.017862197
0.008411343	0.017494075
0.008657407	0.017132236
0.008910668	0.01677664
0.009171338	0.016427247
0.009439633	0.016084008
0.009715778	0.015746871
0.01	0.015415778
0.010292081	0.0150911575
0.010592694	0.01477243
0.010902087	0.014459523
0.011220517	0.014152361
0.011548247	0.013850866
0.011885551	0.013554955
0.012232705	0.013264543
0.01259	0.012979545
0.012957647	0.012699933
0.013336032	0.012425553
0.013725464	0.012156314
0.01412627	0.011892124
0.014538779	0.01163289
0.014963334	0.01137852
0.015400288	0.011128921
0.01585	0.010883998
0.016312422	0.010643875
0.016788337	0.010408238
0.017278135	0.010176993
0.017782224	0.009950053
0.01830102	0.009727329
0.01883495	0.009508731
0.019384459	0.009294174
0.01995	0.009083572
0.020533005	0.008876506
0.021133045	0.008673242
0.021750621	0.008473697
0.022386245	0.008277791
0.023040446	0.0080854455
0.023713762	0.007896584
0.024406755	0.007711132
0.02512	0.007529014
0.025853088	0.0073503964
0.02660757	0.0071749617
0.027384069	0.0070026414
0.02818323	0.0068333675
0.029005712	0.0066670747
0.029852198	0.006503699
0.030723387	0.006343177
0.03162	0.0061854483
0.032543603	0.006030318
0.033494186	0.0058778683
0.034472536	0.005728043
0.03547946	0.005580788
0.0365158	0.0054360507
0.03758241	0.0052937805
0.03868017	0.005153928
0.03981	0.005016447
0.040972695	0.0048813075
0.042169347	0.004748451
0.04340095	0.0046178373
0.044668525	0.004489427
0.04597312	0.004363184
0.047315817	0.0042390744
0.04869773	0.004117067
0.05012	0.003997131
0.0515838	0.0038792402
0.053090356	0.0037633693
0.05464091	0.0036494953
0.05623675	0.0035375976
0.0578792	0.0034276582
0.059569612	0.0033196611
0.0613094	0.003213592
0.0631	0.0031094393
0.06494172	0.0030072564
0.066837184	0.0029069695
0.06878798	0.002808572
0.070795715	0.0027120588
0.072862044	0.0026174271
0.074988686	0.0025246744
0.077177405	0.0024338
0.07943	0.0023448041
0.08174976	0.0022576356
0.08413727	0.0021723504
0.08659451	0.0020889505
0.08912351	0.0020074386
0.09172637	0.0019278167
0.09440525	0.0018500873
0.097162366	0.0017742529
0.1	0.0017003147
0.102919795	0.0016282912
0.10592484	0.0015581646
0.109017625	0.0014899342
0.112200715	0.001423598
0.11547674	0.0013591533
0.11884842	0.0012965956
0.12231855	0.0012359191
0.12589	0.0011771163
0.12956645	0.0011201672
0.13335027	0.0010650728
0.13724458	0.0010118203
0.14125264	9.6039503E-4
0.14537773	9.107808E-4
0.14962329	8.6295925E-4
0.15399285	8.169101E-4
0.15849	7.726113E-4
0.16311829	7.300406E-4
0.16788174	6.8917027E-4
0.17278428	6.499727E-4
0.17783	6.1241863E-4
0.18302307	5.7647703E-4
0.18836778	5.4211536E-4
0.19386858	5.092997E-4
0.19953	4.7799468E-4
0.20535603	4.481672E-4
0.21135218	4.1977564E-4
0.21752341	3.9278125E-4
0.22387484	3.6714436E-4
0.23041171	3.4282455E-4
0.23713945	3.1978072E-4
0.24406363	2.9797133E-4
0.25119	2.7735438E-4
0.25852492	2.5788642E-4
0.26607406	2.3952645E-4
0.27384362	2.2223209E-4
0.28184006	2.0596109E-4
0.29007	1.9067137E-4
0.29854023	1.7632126E-4
0.30725783	1.6286947E-4
0.31623	1.5027527E-4
0.32546407	1.3849862E-4
0.33496782	1.2750007E-4
0.34474903	1.17241E-4
0.3548159	1.076837E-4
0.3651767	9.879137E-5
0.37584007	9.052822E-5
0.3868148	8.285948E-5
0.39811	7.575146E-5
0.40973493	6.917164E-5
0.42169935	6.308856E-5
0.4340131	5.7471978E-5
0.44668642	5.229283E-5
0.4597298	4.7523255E-5
0.47315407	4.313659E-5
0.4869703	3.910738E-5
0.50119	3.5411354E-5
0.5158249	3.2025426E-5
0.5308872	2.8927676E-5
0.5463893	2.6097341E-5
0.5623441	2.3514773E-5
0.57876474	2.1161428E-5
0.59566486	1.901983E-5
0.61305845	1.7073542E-5
0.63096	1.5307134E-5
0.6493842	1.3706147E-5
0.6683464	1.2257052E-5
0.6878623	1.0947218E-5
0.7079481	9.764872E-6
0.72862035	8.699063E-6
0.7498962	7.739619E-6
0.7717934	6.877109E-6
0.79433	6.1028077E-6
0.8175246	5.4086513E-6
0.8413966	4.787205E-6
0.86596555	4.2316233E-6
0.8912519	3.7356149E-6
0.9172767	3.2934086E-6
0.9440614	2.8997183E-6
0.97162825	2.5497118E-6
1.0	2.2389777E-6
1.029201	1.9634904E-6
1.0592546	1.7196022E-6
1.090186	1.5039932E-6
1.1220205	1.3136539E-6
1.1547846	1.1458606E-6
1.1885055	9.981524E-7
1.223211	8.683102E-7
1.25893	7.543356E-7
1.2956905	6.5443584E-7
1.3335243	5.6699423E-7
1.3724631	4.905669E-7
1.4125386	4.2386202E-7
1.4537846	3.6572644E-7
1.4962348	3.1513244E-7
1.5399245	2.7116482E-7
1.58489	2.3301088E-7
1.6311698	1.9994889E-7
1.678801	1.7134165E-7
1.727823	1.4662467E-7
1.7782766	1.252998E-7
1.8302034	1.069284E-7
1.8836465	9.112419E-8
1.9386501	7.754827E-8
1.99526	6.590344E-8
2.0535233	5.592946E-8
2.113488	4.7399052E-8
2.1752036	4.011391E-8
2.2387214	3.390139E-8
2.304094	2.8611174E-8
2.3713756	2.4112907E-8
2.4406219	2.0293696E-8
2.51189	1.7055699E-8
2.5852382	1.4314488E-8
2.6607285	1.1997191E-8
2.7384229	1.0041116E-8
2.818386	8.392317E-9
2.900684	7.0045783E-9
2.9853854	5.83824E-9
3.0725598	4.859411E-9
3.16228	4.0391157E-9
3.2546198	3.352679E-9
3.3496559	2.779069E-9
3.447467	2.3004523E-9
3.5481343	1.9016557E-9
3.6517413	1.5698639E-9
3.7583735	1.2941881E-9
3.8681195	1.0654805E-9
3.98107	8.760067E-10
4.097319	7.1926165E-10
4.2169633	5.897579E-10
4.340101	4.829127E-10
4.466834	3.9490855E-10
4.5972676	3.224928E-10
4.7315106	2.6300928E-10
4.869673	2.1421209E-10
5.01187	1.7422874E-10
5.1582193	1.415349E-10
5.3088417	1.14791954E-10
5.463863	9.299095E-11
5.62341	7.520906E-11
5.7876167	6.074752E-11
5.9566183	4.8992033E-11
6.1305547	3.9458437E-11
6.30957	3.1734948E-11
6.493813	2.5472735E-11
6.683436	2.0406787E-11
6.878596	1.6331936E-11
7.079455	1.3029244E-11
7.286179	1.0388468E-11
7.4989395	8.261614E-12
7.7179127	6.556089E-12
7.94328	5.193068E-12
8.175228	4.106493E-12
8.41395	3.2325254E-12
8.659641	2.5317526E-12
8.912508	1.981304E-12
9.172758	1.5495383E-12
9.440608	1.2039258E-12
9.716279	9.294787E-13
10.0	7.1309625E-13



DATASET #2

Name: RSQSim
Num Points: 401
Info: 

X, Y Data:
1.0E-4	0.07832617
1.0333392E-4	0.078325614
1.06779E-4	0.078324966
1.1033893E-4	0.078324206
1.14017545E-4	0.07832332
1.178188E-4	0.07832229
1.2174679E-4	0.0783211
1.2580573E-4	0.07831971
1.3E-4	0.07831811
1.334183E-4	0.07831667
1.369265E-4	0.07831506
1.4052694E-4	0.07831326
1.4422205E-4	0.07831124
1.4801433E-4	0.078309
1.5190631E-4	0.078306496
1.5590065E-4	0.07830371
1.6E-4	0.07830061
1.645257E-4	0.0782969
1.691794E-4	0.07829276
1.7396474E-4	0.07828812
1.7888544E-4	0.07828296
1.8394532E-4	0.07827721
1.8914833E-4	0.078270815
1.944985E-4	0.078263715
2.0E-4	0.07825584
2.0565712E-4	0.078247115
2.1147425E-4	0.07823746
2.1745593E-4	0.07822679
2.236068E-4	0.07821501
2.2993165E-4	0.07820203
2.364354E-4	0.07818775
2.4312311E-4	0.07817204
2.5E-4	0.078154795
2.5783465E-4	0.07813377
2.659148E-4	0.07811052
2.742482E-4	0.078084856
2.8284272E-4	0.07805657
2.917066E-4	0.07802542
3.0084825E-4	0.0779912
3.102764E-4	0.07795365
3.2E-4	0.07791251
3.290514E-4	0.077872
3.383588E-4	0.077828124
3.4792948E-4	0.07778065
3.5777088E-4	0.07772935
3.6789064E-4	0.077673994
3.7829665E-4	0.077614315
3.88997E-4	0.07755006
4.0E-4	0.077480964
4.1131425E-4	0.07740676
4.229485E-4	0.07732715
4.3491187E-4	0.07724185
4.472136E-4	0.07715057
4.598633E-4	0.077052996
4.728708E-4	0.076948814
4.8624622E-4	0.076837726
5.0E-4	0.076719396
5.1465514E-4	0.07658886
5.2973983E-4	0.076449856
5.4526667E-4	0.07630201
5.612486E-4	0.07614495
5.77699E-4	0.07597831
5.946315E-4	0.07580173
6.120603E-4	0.07561483
6.3E-4	0.075417265
6.4807665E-4	0.075213104
6.6667196E-4	0.074998036
6.858008E-4	0.07477174
7.0547854E-4	0.07453389
7.257209E-4	0.07428418
7.465441E-4	0.07402232
7.6796475E-4	0.07374803
7.9E-4	0.07346102
8.136239E-4	0.073148295
8.379543E-4	0.07282123
8.630122E-4	0.072479576
8.8881946E-4	0.0721231
9.153984E-4	0.0717516
9.427722E-4	0.07136489
9.7096455E-4	0.0709628
0.001	0.07054521
0.0010293103	0.07012064
0.0010594797	0.069680996
0.0010905333	0.069226235
0.0011224973	0.06875635
0.001155398	0.06827134
0.001189263	0.067771256
0.0012241206	0.067256175
0.00126	0.0667262
0.0012961533	0.066192925
0.0013333439	0.06564564
0.0013716016	0.06508455
0.0014109571	0.06450984
0.0014514418	0.06392177
0.0014930882	0.0633206
0.0015359295	0.06270663
0.00158	0.06208017
0.0016272478	0.061414767
0.0016759086	0.06073662
0.0017260244	0.06004618
0.0017776389	0.059343927
0.0018307968	0.058630366
0.0018855444	0.05790603
0.0019419291	0.05717148
0.002	0.056427285
0.0020575977	0.055701643
0.002116854	0.054968163
0.002177817	0.054227415
0.0022405356	0.05347998
0.0023050604	0.052726462
0.0023714434	0.05196746
0.0024397383	0.051203597
0.00251	0.050435495
0.0025833033	0.049653046
0.0026587474	0.04886755
0.0027363948	0.048079673
0.0028163097	0.047290076
0.0028985585	0.04649943
0.0029832094	0.04570839
0.0030703326	0.044917624
0.00316	0.044127777
0.0032524571	0.04333806
0.0033476194	0.042550553
0.003445566	0.04176588
0.0035463783	0.040984657
0.0036501405	0.04020749
0.0037569385	0.039434955
0.003866861	0.038667623
0.00398	0.037906043
0.004096165	0.03715255
0.0042157196	0.036405813
0.0043387646	0.035666306
0.0044654002	0.03493449
0.0045957323	0.0342108
0.0047298684	0.03349565
0.0048679197	0.032789417
0.00501	0.03209246
0.005156579	0.031403493
0.0053074467	0.030724488
0.005462728	0.030055722
0.0056225527	0.029397443
0.0057870536	0.028749878
0.005956367	0.028113218
0.0061306343	0.02748763
0.00631	0.026873257
0.006493865	0.026272595
0.0066830874	0.02568325
0.0068778237	0.025105283
0.007078234	0.024538724
0.0072844843	0.023983583
0.0074967444	0.023439843
0.00771519	0.022907468
0.00794	0.022386393
0.008172275	0.021874577
0.008411343	0.021373965
0.008657407	0.020884436
0.008910668	0.020405848
0.009171338	0.019938044
0.009439633	0.01948085
0.009715778	0.019034084
0.01	0.018597538
0.010292081	0.018171651
0.010592694	0.017755523
0.010902087	0.017348923
0.011220517	0.016951611
0.011548247	0.016563343
0.011885551	0.016183868
0.012232705	0.015812932
0.01259	0.015450277
0.012957647	0.015095722
0.013336032	0.014748925
0.013725464	0.014409629
0.01412627	0.014077574
0.014538779	0.013752506
0.014963334	0.0134341745
0.015400288	0.013122331
0.01585	0.012816735
0.016312422	0.012517414
0.016788337	0.012223865
0.017278135	0.011935865
0.017782224	0.011653198
0.01830102	0.011375661
0.01883495	0.011103055
0.019384459	0.010835193
0.01995	0.010571896
0.020533005	0.010312577
0.021133045	0.010057507
0.021750621	0.009806538
0.022386245	0.00955953
0.023040446	0.009316352
0.023713762	0.009076886
0.024406755	0.008841023
0.02512	0.008608662
0.025853088	0.008380019
0.02660757	0.008154701
0.027384069	0.007932638
0.02818323	0.0077137672
0.029005712	0.0074980375
0.029852198	0.007285404
0.030723387	0.007075831
0.03162	0.006869291
0.032543603	0.006665584
0.033494186	0.006464881
0.034472536	0.006267173
0.03547946	0.0060724593
0.0365158	0.0058807433
0.03758241	0.0056920345
0.03868017	0.0055063465
0.03981	0.0053236964
0.040972695	0.0051441262
0.042169347	0.004967639
0.04340095	0.0047942623
0.044668525	0.004624024
0.04597312	0.004456955
0.047315817	0.0042930865
0.04869773	0.0041324506
0.05012	0.0039750803
0.0515838	0.0038210074
0.053090356	0.0036702626
0.05464091	0.0035228762
0.05623675	0.0033788763
0.0578792	0.0032382896
0.059569612	0.0031011398
0.0613094	0.002967449
0.0631	0.0028372356
0.06494172	0.0027105934
0.066837184	0.0025874516
0.06878798	0.0024678179
0.070795715	0.0023516964
0.072862044	0.0022390871
0.074988686	0.0021299862
0.077177405	0.0020243847
0.07943	0.0019222698
0.08174976	0.0018235656
0.08413727	0.0017283125
0.08659451	0.001636484
0.08912351	0.001548049
0.09172637	0.0014629718
0.09440525	0.0013812126
0.097162366	0.0013027271
0.1	0.0012274672
0.102919795	0.0011553976
0.10592484	0.0010864437
0.109017625	0.0010205458
0.112200715	9.5764117E-4
0.11547674	8.976636E-4
0.11884842	8.405442E-4
0.12231855	7.8621117E-4
0.12589	7.345907E-4
0.12956645	6.855973E-4
0.13335027	6.3916325E-4
0.13724458	5.952091E-4
0.14125264	5.5365387E-4
0.14537773	5.1441585E-4
0.14962329	4.774124E-4
0.15399285	4.425606E-4
0.15849	4.0977716E-4
0.16311829	3.7898033E-4
0.16788174	3.5008584E-4
0.17278428	3.2301145E-4
0.17783	2.9767575E-4
0.18302307	2.7399827E-4
0.18836778	2.5189982E-4
0.19386858	2.3130249E-4
0.19953	2.1213003E-4
0.20535603	1.9430993E-4
0.21135218	1.7776708E-4
0.21752341	1.6243078E-4
0.22387484	1.4823237E-4
0.23041171	1.3510544E-4
0.23713945	1.2298577E-4
0.24406363	1.1181152E-4
0.25119	1.0152319E-4
0.25852492	9.206312E-5
0.26607406	8.3377345E-5
0.27384362	7.5413656E-5
0.28184006	6.812227E-5
0.29007	6.145582E-5
0.29854023	5.536937E-5
0.30725783	4.9820326E-5
0.31623	4.476842E-5
0.32546407	4.0175702E-5
0.33496782	3.6006364E-5
0.34474903	3.2226802E-5
0.3548159	2.880549E-5
0.3651767	2.5712934E-5
0.37584007	2.2921573E-5
0.3868148	2.0405716E-5
0.39811	1.8141456E-5
0.40973493	1.6106604E-5
0.42169935	1.4280564E-5
0.4340131	1.26442965E-5
0.44668642	1.1180221E-5
0.4597298	9.872134E-6
0.47315407	8.705127E-6
0.4869703	7.665512E-6
0.50119	6.7407464E-6
0.5158249	5.9193517E-6
0.5308872	5.1908496E-6
0.5463893	4.5456886E-6
0.5623441	3.97518E-6
0.57876474	3.4714315E-6
0.59566486	3.0272909E-6
0.61305845	2.6362854E-6
0.63096	2.2925697E-6
0.6493842	1.9908741E-6
0.6683464	1.7264548E-6
0.6878623	1.4950512E-6
0.7079481	1.2928426E-6
0.72862035	1.1164093E-6
0.7498962	9.626951E-7
0.7717934	8.289746E-7
0.79433	7.1282074E-7
0.8175246	6.120767E-7
0.8413966	5.248285E-7
0.86596555	4.4938116E-7
0.8912519	3.8423596E-7
0.9172767	3.280702E-7
0.9440614	2.797185E-7
0.97162825	2.3815592E-7
1.0	2.0248248E-7
1.029201	1.7190871E-7
1.0592546	1.4574536E-7
1.090186	1.2338957E-7
1.1220205	1.0431567E-7
1.1547846	8.806606E-8
1.1885055	7.4243125E-8
1.223211	6.25019E-8
1.25893	5.254367E-8
1.2956905	4.411048E-8
1.3335243	3.6979024E-8
1.3724631	3.095725E-8
1.4125386	2.5879986E-8
1.4537846	2.160536E-8
1.4962348	1.8011766E-8
1.5399245	1.4995122E-8
1.58489	1.2466483E-8
1.6311698	1.0349936E-8
1.678801	8.580953E-9
1.727823	7.1045845E-9
1.7782766	5.8742247E-9
1.8302034	4.850336E-9
1.8836465	3.999501E-9
1.9386501	3.2934664E-9
1.99526	2.7084295E-9
2.0535233	2.2243456E-9
2.113488	1.8243519E-9
2.1752036	1.4943055E-9
2.2387214	1.2223559E-9
2.304094	9.985854E-10
2.3713756	8.1472384E-10
2.4406219	6.638454E-10
2.51189	5.4021065E-10
2.5852382	4.3904147E-10
2.6607285	3.5636383E-10
2.7384229	2.8889469E-10
2.818386	2.339039E-10
2.900684	1.8914137E-10
2.9853854	1.527527E-10
3.0725598	1.2321233E-10
3.16228	9.926704E-11
3.2546198	7.987799E-11
3.3496559	6.419976E-11
3.447467	5.1529114E-11
3.5481343	4.1315507E-11
3.6517413	3.3087866E-11
3.7583735	2.6463609E-11
3.8681195	2.113898E-11
3.98107	1.6874502E-11
4.097319	1.344902E-11
4.2169633	1.0706214E-11
4.340101	8.513523E-12
4.466834	6.7640338E-12
4.5972676	5.366041E-12
4.7315106	4.2478243E-12
4.869673	3.3585357E-12
5.01187	2.6626479E-12
5.1582193	2.1027624E-12
5.3088417	1.6562307E-12
5.463863	1.3068435E-12
5.62341	1.0285106E-12
5.7876167	8.0568885E-13
5.9566183	6.318279E-13
6.1305547	4.922729E-13
6.30957	3.8569148E-13
6.493813	2.9654057E-13
6.683436	2.2781776E-13
6.878596	1.8129942E-13
7.079455	1.4310775E-13
7.286179	1.13020704E-13
7.4989395	7.627232E-14
7.7179127	5.0959237E-14
7.94328	3.1530334E-14
8.175228	1.687539E-14
8.41395	1.0880186E-14
8.659641	7.8825835E-15
8.912508	5.3290705E-15
9.172758	3.5527137E-15
9.440608	2.220446E-15
9.716279	6.661338E-16
10.0	4.440892E-16



DATASET #3

Name: 1000yr
Num Points: 2
Info: 

X, Y Data:
0.001	0.001
10.0	0.001



DATASET #4

Name: 2500yr
Num Points: 2
Info: 

X, Y Data:
0.001	4.0E-4
10.0	4.0E-4



DATASET #5

Name: 10000yr
Num Points: 2
Info: 

X, Y Data:
0.001	1.0E-4
10.0	1.0E-4


