
X-Axis: Normalized Interevent Time
Y-Axis: Probability
Number of Data Sets: 3


DATASET #1

     Name: Bruce 2637 Histogram
   Points: 41
     Info: 

Data[x,y]:
0.05	  0.011663304
0.15	  0.007716299
0.25	  0.01020187
0.35	  0.0138104
0.45	  0.01891165
0.55	  0.0267358
0.65	  0.03949264
0.75	  0.06042463
0.85	  0.101189904
0.95	  0.17677426
1.05	  0.21549158
1.15	  0.14683507
1.25	  0.071069986
1.35	  0.03652688
1.45	  0.021930786
1.55	  0.014366441
1.65	  0.009341289
1.75	  0.005990257
1.85	  0.0037020566
1.95	  0.0022747528
2.05	  0.0014725986
2.15	  9.783583E-4
2.25	  6.732601E-4
2.35	  5.0067285E-4
2.45	  3.7389042E-4
2.55	  2.9172338E-4
2.65	  2.2742189E-4
2.75	  1.8103453E-4
2.85	  1.434343E-4
2.95	  1.18626405E-4
3.05	  9.245917E-5
3.15	  7.78463E-5
3.25	  6.422866E-5
3.35	  5.349961E-5
3.45	  4.427554E-5
3.55	  3.888674E-5
3.65	  3.1556032E-5
3.75	  2.7647939E-5
3.85	  2.1846483E-5
3.95	  1.7865568E-5
4.05	  1.1901479E-4



DATASET #2

     Name: Log-Normal Fit
   Points: 401
     Info: 

Data[x,y]:
0.005	  0.0
0.015	  2.985842E-35
0.025	  1.6515936E-28
0.035	  3.637674E-24
0.045	  4.7568205E-21
0.055	  1.1464484E-18
0.065	  9.048927E-17
0.075	  3.2519467E-15
0.085	  6.537094E-14
0.095	  8.429114E-13
0.105	  7.669811E-12
0.115	  5.2765254E-11
0.125	  2.8890268E-10
0.135	  1.3090672E-9
0.145	  5.060104E-9
0.155	  1.7090667E-8
0.165	  5.141782E-8
0.175	  1.3996213E-7
0.185	  3.4916334E-7
0.195	  8.0686647E-7
0.205	  1.7426655E-6
0.215	  3.544456E-6
0.225	  6.8329105E-6
0.235	  1.2554001E-5
0.245	  2.2087703E-5
0.255	  3.736886E-5
0.265	  6.1014194E-5
0.275	  9.64477E-5
0.285	  1.4801572E-4
0.295	  2.2108264E-4
0.305	  3.2209832E-4
0.315	  4.586302E-4
0.325	  6.393539E-4
0.335	  8.739987E-4
0.345	  0.0011732479
0.355	  0.0015485935
0.365	  0.0020121506
0.375	  0.0025764364
0.385	  0.0032541216
0.395	  0.0040577617
0.405	  0.00499952
0.415	  0.006090885
0.425	  0.0073424038
0.435	  0.008763424
0.445	  0.010361865
0.455	  0.012144014
0.465	  0.014114363
0.475	  0.01627548
0.485	  0.018627923
0.495	  0.021170186
0.505	  0.0238987
0.515	  0.026807869
0.525	  0.029890116
0.535	  0.033136014
0.545	  0.036534384
0.555	  0.04007247
0.565	  0.043736108
0.575	  0.047509898
0.585	  0.051377416
0.595	  0.05532143
0.605	  0.05932407
0.615	  0.063367076
0.625	  0.06743198
0.635	  0.071500264
0.645	  0.07555362
0.655	  0.07957405
0.665	  0.083544046
0.675	  0.08744675
0.685	  0.09126603
0.695	  0.094986655
0.705	  0.09859433
0.715	  0.10207579
0.725	  0.10541889
0.735	  0.10861259
0.745	  0.11164703
0.755	  0.114513546
0.765	  0.117204644
0.775	  0.119714014
0.785	  0.12203652
0.795	  0.124168135
0.805	  0.12610595
0.815	  0.12784812
0.825	  0.12939376
0.835	  0.130743
0.845	  0.13189682
0.855	  0.13285707
0.865	  0.13362634
0.875	  0.13420796
0.885	  0.13460588
0.895	  0.13482468
0.905	  0.13486941
0.915	  0.1347456
0.925	  0.13445918
0.935	  0.13401642
0.945	  0.13342388
0.955	  0.13268834
0.965	  0.13181679
0.975	  0.13081631
0.985	  0.1296941
0.995	  0.12845741
1.005	  0.12711349
1.015	  0.12566957
1.025	  0.12413283
1.035	  0.122510344
1.045	  0.120809086
1.055	  0.11903591
1.065	  0.11719748
1.075	  0.11530031
1.085	  0.113350734
1.095	  0.11135485
1.105	  0.10931858
1.115	  0.107247576
1.125	  0.10514731
1.135	  0.10302299
1.145	  0.100879595
1.155	  0.098721854
1.165	  0.096554264
1.175	  0.09438109
1.185	  0.092206314
1.195	  0.09003374
1.205	  0.0878669
1.215	  0.08570911
1.225	  0.08356346
1.235	  0.08143281
1.245	  0.079319835
1.255	  0.077226974
1.265	  0.07515649
1.275	  0.073110424
1.285	  0.071090676
1.295	  0.06909893
1.305	  0.06713672
1.315	  0.0652054
1.325	  0.063306205
1.335	  0.06144018
1.345	  0.05960826
1.355	  0.05781123
1.365	  0.056049768
1.375	  0.05432442
1.385	  0.052635625
1.395	  0.050983727
1.405	  0.049368966
1.415	  0.047791485
1.425	  0.046251357
1.435	  0.044748563
1.445	  0.043283023
1.455	  0.041854586
1.465	  0.040463034
1.475	  0.039108098
1.485	  0.03778946
1.495	  0.036506746
1.505	  0.03525955
1.515	  0.034047417
1.525	  0.032869864
1.535	  0.03172638
1.545	  0.030616416
1.555	  0.029539408
1.565	  0.028494768
1.575	  0.027481891
1.585	  0.026500158
1.595	  0.02554893
1.605	  0.024627566
1.615	  0.023735415
1.625	  0.022871818
1.635	  0.022036111
1.645	  0.02122763
1.655	  0.020445712
1.665	  0.019689687
1.675	  0.018958896
1.685	  0.01825268
1.695	  0.017570382
1.705	  0.016911354
1.715	  0.016274953
1.725	  0.015660543
1.735	  0.015067495
1.745	  0.014495194
1.755	  0.013943027
1.765	  0.013410396
1.775	  0.012896712
1.785	  0.012401396
1.795	  0.011923881
1.805	  0.011463612
1.815	  0.011020043
1.825	  0.010592642
1.835	  0.010180889
1.845	  0.009784274
1.855	  0.009402302
1.865	  0.009034487
1.875	  0.008680359
1.885	  0.008339457
1.895	  0.008011334
1.905	  0.0076955515
1.915	  0.007391687
1.925	  0.007099329
1.935	  0.0068180757
1.945	  0.0065475386
1.955	  0.0062873396
1.965	  0.006037113
1.975	  0.0057965023
1.985	  0.005565164
1.995	  0.005342763
2.005	  0.0051289764
2.015	  0.00492349
2.025	  0.004726001
2.035	  0.0045362157
2.045	  0.0043538497
2.055	  0.004178629
2.065	  0.004010286
2.075	  0.0038485662
2.085	  0.0036932202
2.095	  0.0035440084
2.105	  0.0034006992
2.115	  0.0032630693
2.125	  0.0031309025
2.135	  0.003003991
2.145	  0.0028821337
2.155	  0.0027651363
2.165	  0.0026528125
2.175	  0.0025449814
2.185	  0.0024414698
2.195	  0.0023421098
2.205	  0.0022467403
2.215	  0.0021552055
2.225	  0.0020673557
2.235	  0.0019830465
2.245	  0.001902139
2.255	  0.0018244996
2.265	  0.0017499994
2.275	  0.0016785143
2.285	  0.0016099253
2.295	  0.0015441173
2.305	  0.0014809801
2.315	  0.0014204073
2.325	  0.0013622969
2.335	  0.0013065503
2.345	  0.0012530733
2.355	  0.001201775
2.365	  0.001152568
2.375	  0.0011053684
2.385	  0.0010600954
2.395	  0.0010166714
2.405	  9.750219E-4
2.415	  9.350754E-4
2.425	  8.96763E-4
2.435	  8.6001854E-4
2.445	  8.2477863E-4
2.455	  7.909822E-4
2.465	  7.5857074E-4
2.475	  7.274879E-4
2.485	  6.9767976E-4
2.495	  6.690944E-4
2.505	  6.4168195E-4
2.515	  6.153947E-4
2.525	  5.901867E-4
2.535	  5.660139E-4
2.545	  5.42834E-4
2.555	  5.206064E-4
2.565	  4.9929216E-4
2.575	  4.7885385E-4
2.585	  4.592556E-4
2.595	  4.40463E-4
2.605	  4.22443E-4
2.615	  4.0516388E-4
2.625	  3.8859525E-4
2.635	  3.7270793E-4
2.645	  3.574739E-4
2.655	  3.4286635E-4
2.665	  3.288595E-4
2.675	  3.154286E-4
2.685	  3.0254998E-4
2.695	  2.902009E-4
2.705	  2.7835957E-4
2.715	  2.670051E-4
2.725	  2.5611735E-4
2.735	  2.4567716E-4
2.745	  2.3566606E-4
2.755	  2.2606635E-4
2.765	  2.1686108E-4
2.775	  2.0803399E-4
2.785	  1.9956946E-4
2.795	  1.9145255E-4
2.805	  1.8366892E-4
2.815	  1.7620482E-4
2.825	  1.6904705E-4
2.835	  1.62183E-4
2.845	  1.5560052E-4
2.855	  1.4928801E-4
2.865	  1.4323431E-4
2.875	  1.3742877E-4
2.885	  1.3186113E-4
2.895	  1.2652158E-4
2.905	  1.21400706E-4
2.915	  1.1648949E-4
2.925	  1.11779285E-4
2.935	  1.07261796E-4
2.945	  1.0292908E-4
2.955	  9.877351E-5
2.965	  9.4787785E-5
2.975	  9.09649E-5
2.985	  8.7298155E-5
2.995	  8.37811E-5
3.005	  8.040758E-5
3.015	  7.717167E-5
3.025	  7.406772E-5
3.035	  7.1090275E-5
3.045	  6.823414E-5
3.055	  6.549432E-5
3.065	  6.2866035E-5
3.075	  6.0344682E-5
3.085	  5.7925874E-5
3.095	  5.5605393E-5
3.105	  5.3379197E-5
3.115	  5.1243416E-5
3.125	  4.9194332E-5
3.135	  4.7228386E-5
3.145	  4.5342164E-5
3.155	  4.3532396E-5
3.165	  4.179595E-5
3.175	  4.0129813E-5
3.185	  3.8531107E-5
3.195	  3.6997066E-5
3.205	  3.552504E-5
3.215	  3.41125E-5
3.225	  3.2757E-5
3.235	  3.1456213E-5
3.245	  3.02079E-5
3.255	  2.9009916E-5
3.265	  2.7860204E-5
3.275	  2.6756794E-5
3.285	  2.5697795E-5
3.295	  2.4681394E-5
3.305	  2.3705854E-5
3.315	  2.276951E-5
3.325	  2.1870768E-5
3.335	  2.100809E-5
3.345	  2.0180014E-5
3.355	  1.9385128E-5
3.365	  1.8622084E-5
3.375	  1.7889588E-5
3.385	  1.71864E-5
3.395	  1.6511325E-5
3.405	  1.5863228E-5
3.415	  1.5241011E-5
3.425	  1.4643626E-5
3.435	  1.4070067E-5
3.445	  1.3519369E-5
3.455	  1.2990606E-5
3.465	  1.2482891E-5
3.475	  1.1995374E-5
3.485	  1.1527238E-5
3.495	  1.1077699E-5
3.505	  1.0646009E-5
3.515	  1.0231446E-5
3.525	  9.83332E-6
3.535	  9.450969E-6
3.545	  9.0837575E-6
3.555	  8.731076E-6
3.565	  8.3923405E-6
3.575	  8.066991E-6
3.585	  7.754488E-6
3.595	  7.454317E-6
3.605	  7.1659824E-6
3.615	  6.8890104E-6
3.625	  6.6229454E-6
3.635	  6.36735E-6
3.645	  6.121806E-6
3.655	  5.885911E-6
3.665	  5.659279E-6
3.675	  5.44154E-6
3.685	  5.2323394E-6
3.695	  5.031336E-6
3.705	  4.8382035E-6
3.715	  4.6526275E-6
3.725	  4.474308E-6
3.735	  4.302956E-6
3.745	  4.1382937E-6
3.755	  3.9800557E-6
3.765	  3.8279873E-6
3.775	  3.681843E-6
3.785	  3.5413884E-6
3.795	  3.4063976E-6
3.805	  3.276654E-6
3.815	  3.1519503E-6
3.825	  3.032087E-6
3.835	  2.9168727E-6
3.845	  2.806124E-6
3.855	  2.6996645E-6
3.865	  2.5973247E-6
3.875	  2.4989426E-6
3.885	  2.4043622E-6
3.895	  2.3134337E-6
3.905	  2.2260137E-6
3.915	  2.141964E-6
3.925	  2.0611524E-6
3.935	  1.9834517E-6
3.945	  1.9087402E-6
3.955	  1.8369001E-6
3.965	  1.7678194E-6
3.975	  1.7013899E-6
3.985	  1.637508E-6
3.995	  1.576074E-6
4.005	  1.5169925E-6



DATASET #3

     Name: BPT Fit
   Points: 401
     Info: Mean = 100.0, Aperiodicity = 0.5, Duration = 30.0, Delta T = 1.0, Num Points = 500, Historic Open Interval = 0.0
Computed mean = 0.9949437

Data[x,y]:
0.0	  0.0
0.01	  0.0
0.02	  0.0
0.03	  0.0
0.04	  0.0
0.05	  1.113433E-39
0.06	  1.9872217E-32
0.07	  2.8573507E-27
0.08	  2.0275783E-23
0.09	  1.9416036E-20
0.1	  4.585354E-18
0.11	  3.9181984E-16
0.12	  1.5637658E-14
0.13	  3.477832E-13
0.14	  4.8889304E-12
0.15	  4.7640152E-11
0.16	  3.4484235E-10
0.17	  1.9547928E-9
0.18	  9.041518E-9
0.19	  3.524545E-8
0.2	  1.18829156E-7
0.21	  3.5382538E-7
0.22	  9.465181E-7
0.23	  2.3071339E-6
0.24	  5.184702E-6
0.25	  1.0848366E-5
0.26	  2.1311515E-5
0.27	  3.9587158E-5
0.28	  6.995554E-5
0.29	  1.1821958E-4
0.3	  1.9192121E-4
0.31	  3.0049286E-4
0.32	  4.553222E-4
0.33	  6.697152E-4
0.34	  9.58751E-4
0.35	  0.0013390289
0.36	  0.0018283195
0.37	  0.0024451336
0.38	  0.003208232
0.39	  0.0041361
0.4	  0.0052464087
0.41	  0.006555495
0.42	  0.008077869
0.43	  0.009825782
0.44	  0.011808857
0.45	  0.014033804
0.46	  0.016504206
0.47	  0.019220406
0.48	  0.022179473
0.49	  0.025375238
0.5	  0.028798413
0.51	  0.032436777
0.52	  0.036275398
0.53	  0.040296923
0.54	  0.04448187
0.55	  0.04880898
0.56	  0.05325555
0.57	  0.05779779
0.58	  0.062411156
0.59	  0.06707069
0.6	  0.07175137
0.61	  0.076428354
0.62	  0.08107727
0.63	  0.08567451
0.64	  0.09019738
0.65	  0.09462432
0.66	  0.098935075
0.67	  0.1031108
0.68	  0.10713417
0.69	  0.110989474
0.7	  0.114662625
0.71	  0.118141234
0.72	  0.12141456
0.73	  0.12447356
0.74	  0.1273108
0.75	  0.12992047
0.76	  0.13229825
0.77	  0.13444133
0.78	  0.13634826
0.79	  0.13801894
0.8	  0.13945442
0.81	  0.14065696
0.82	  0.14162983
0.83	  0.14237721
0.84	  0.14290419
0.85	  0.14321657
0.86	  0.14332086
0.87	  0.1432241
0.88	  0.1429339
0.89	  0.14245823
0.9	  0.14180541
0.91	  0.14098403
0.92	  0.1400029
0.93	  0.13887097
0.94	  0.13759722
0.95	  0.13619071
0.96	  0.13466047
0.97	  0.13301542
0.98	  0.13126443
0.99	  0.12941621
1.0	  0.12747926
1.01	  0.12546192
1.02	  0.12337229
1.03	  0.12121823
1.04	  0.11900731
1.05	  0.11674687
1.06	  0.11444393
1.07	  0.112105206
1.08	  0.10973712
1.09	  0.107345805
1.1	  0.104937054
1.11	  0.102516375
1.12	  0.10008895
1.13	  0.09765965
1.14	  0.095233075
1.15	  0.0928135
1.16	  0.09040493
1.17	  0.08801106
1.18	  0.08563534
1.19	  0.08328094
1.2	  0.08095077
1.21	  0.07864749
1.22	  0.076373525
1.23	  0.07413107
1.24	  0.07192211
1.25	  0.0697484
1.26	  0.067611516
1.27	  0.06551283
1.28	  0.06345354
1.29	  0.061434686
1.3	  0.059457127
1.31	  0.057521585
1.32	  0.055628635
1.33	  0.053778723
1.34	  0.05197217
1.35	  0.05020918
1.36	  0.04848985
1.37	  0.046814185
1.38	  0.045182083
1.39	  0.043593373
1.4	  0.0420478
1.41	  0.040545028
1.42	  0.039084673
1.43	  0.03766628
1.44	  0.03628935
1.45	  0.034953322
1.46	  0.033657603
1.47	  0.032401565
1.48	  0.031184535
1.49	  0.03000582
1.5	  0.028864693
1.51	  0.027760413
1.52	  0.026692215
1.53	  0.025659323
1.54	  0.024660949
1.55	  0.02369629
1.56	  0.022764543
1.57	  0.021864897
1.58	  0.02099654
1.59	  0.020158662
1.6	  0.019350449
1.61	  0.018571096
1.62	  0.017819803
1.63	  0.017095773
1.64	  0.016398218
1.65	  0.015726361
1.66	  0.015079433
1.67	  0.014456676
1.68	  0.013857344
1.69	  0.013280704
1.7	  0.012726034
1.71	  0.012192628
1.72	  0.011679794
1.73	  0.01118685
1.74	  0.010713135
1.75	  0.010257999
1.76	  0.009820809
1.77	  0.009400944
1.78	  0.0089978045
1.79	  0.0086108
1.8	  0.00823936
1.81	  0.007882926
1.82	  0.0075409575
1.83	  0.007212929
1.84	  0.0068983287
1.85	  0.0065966607
1.86	  0.006307444
1.87	  0.0060302117
1.88	  0.005764511
1.89	  0.0055099046
1.9	  0.0052659684
1.91	  0.005032291
1.92	  0.004808476
1.93	  0.0045941398
1.94	  0.0043889103
1.95	  0.0041924296
1.96	  0.004004351
1.97	  0.0038243406
1.98	  0.0036520755
1.99	  0.0034872445
2.0	  0.0033295476
2.01	  0.0031786952
2.02	  0.0030344084
2.03	  0.0028964188
2.04	  0.0027644674
2.05	  0.0026383046
2.06	  0.002517691
2.07	  0.002402396
2.08	  0.0022921967
2.09	  0.0021868802
2.1	  0.0020862406
2.11	  0.0019900806
2.12	  0.0018982105
2.13	  0.0018104478
2.14	  0.0017266173
2.15	  0.0016465508
2.16	  0.0015700868
2.17	  0.0014970701
2.18	  0.0014273517
2.19	  0.001360789
2.2	  0.0012972448
2.21	  0.0012365875
2.22	  0.0011786912
2.23	  0.0011234349
2.24	  0.0010707026
2.25	  0.0010203832
2.26	  9.723704E-4
2.27	  9.265619E-4
2.28	  8.828601E-4
2.29	  8.411713E-4
2.3	  8.014058E-4
2.31	  7.634777E-4
2.32	  7.2730484E-4
2.33	  6.928085E-4
2.34	  6.599132E-4
2.35	  6.285469E-4
2.36	  5.986407E-4
2.37	  5.7012844E-4
2.38	  5.4294703E-4
2.39	  5.1703607E-4
2.4	  4.923377E-4
2.41	  4.6879673E-4
2.42	  4.4636033E-4
2.43	  4.2497797E-4
2.44	  4.0460142E-4
2.45	  3.8518445E-4
2.46	  3.6668303E-4
2.47	  3.49055E-4
2.48	  3.3226004E-4
2.49	  3.162597E-4
2.5	  3.0101728E-4
2.51	  2.864976E-4
2.52	  2.726672E-4
2.53	  2.59494E-4
2.54	  2.4694743E-4
2.55	  2.3499831E-4
2.56	  2.2361876E-4
2.57	  2.1278218E-4
2.58	  2.0246314E-4
2.59	  1.9263742E-4
2.6	  1.8328188E-4
2.61	  1.7437444E-4
2.62	  1.65894E-4
2.63	  1.578205E-4
2.64	  1.5013473E-4
2.65	  1.4281839E-4
2.66	  1.3585405E-4
2.67	  1.2922502E-4
2.68	  1.2291546E-4
2.69	  1.1691021E-4
2.7	  1.1119483E-4
2.71	  1.0575554E-4
2.72	  1.0057922E-4
2.73	  9.565334E-5
2.74	  9.096597E-5
2.75	  8.650574E-5
2.76	  8.226179E-5
2.77	  7.8223784E-5
2.78	  7.4381875E-5
2.79	  7.0726666E-5
2.8	  6.724922E-5
2.81	  6.394099E-5
2.82	  6.0793864E-5
2.83	  5.7800095E-5
2.84	  5.4952307E-5
2.85	  5.2243468E-5
2.86	  4.9666887E-5
2.87	  4.721618E-5
2.88	  4.488528E-5
2.89	  4.26684E-5
2.9	  4.0560015E-5
2.91	  3.8554892E-5
2.92	  3.664802E-5
2.93	  3.4834644E-5
2.94	  3.311023E-5
2.95	  3.1470463E-5
2.96	  2.9911227E-5
2.97	  2.8428612E-5
2.98	  2.7018894E-5
2.99	  2.5678522E-5
3.0	  2.4404122E-5
3.01	  2.3192479E-5
3.02	  2.2040533E-5
3.03	  2.0945368E-5
3.04	  1.9904217E-5
3.05	  1.8914438E-5
3.06	  1.7973522E-5
3.07	  1.7079075E-5
3.08	  1.6228827E-5
3.09	  1.5420612E-5
3.1	  1.4652369E-5
3.11	  1.3922139E-5
3.12	  1.3228058E-5
3.13	  1.2568352E-5
3.14	  1.1941331E-5
3.15	  1.1345389E-5
3.16	  1.0778999E-5
3.17	  1.02407075E-5
3.18	  9.729131E-6
3.19	  9.242954E-6
3.2	  8.780925E-6
3.21	  8.341853E-6
3.22	  7.9246065E-6
3.23	  7.5281096E-6
3.24	  7.1513364E-6
3.25	  6.7933133E-6
3.26	  6.453114E-6
3.27	  6.129857E-6
3.28	  5.8227047E-6
3.29	  5.53086E-6
3.3	  5.2535656E-6
3.31	  4.9901E-6
3.32	  4.739779E-6
3.33	  4.50195E-6
3.34	  4.275995E-6
3.35	  4.0613236E-6
3.36	  3.857376E-6
3.37	  3.6636204E-6
3.38	  3.4795503E-6
3.39	  3.3046842E-6
3.4	  3.1385648E-6
3.41	  2.9807572E-6
3.42	  2.8308477E-6
3.43	  2.6884434E-6
3.44	  2.5531704E-6
3.45	  2.424674E-6
3.46	  2.3026162E-6
3.47	  2.1866763E-6
3.48	  2.0765492E-6
3.49	  1.971945E-6
3.5	  1.8725883E-6
3.51	  1.7782172E-6
3.52	  1.6885825E-6
3.53	  1.603448E-6
3.54	  1.5225888E-6
3.55	  1.4457912E-6
3.56	  1.3728521E-6
3.57	  1.3035786E-6
3.58	  1.2377876E-6
3.59	  1.1753045E-6
3.6	  1.1159639E-6
3.61	  1.0596084E-6
3.62	  1.0060886E-6
3.63	  9.552624E-7
3.64	  9.0699484E-7
3.65	  8.611576E-7
3.66	  8.17629E-7
3.67	  7.7629306E-7
3.68	  7.370399E-7
3.69	  6.9976494E-7
3.7	  6.64369E-7
3.71	  6.3075765E-7
3.72	  5.9884127E-7
3.73	  5.6853474E-7
3.74	  5.397572E-7
3.75	  5.1243177E-7
3.76	  4.864855E-7
3.77	  4.6184897E-7
3.78	  4.3845637E-7
3.79	  4.162451E-7
3.8	  3.9515572E-7
3.81	  3.7513175E-7
3.82	  3.5611959E-7
3.83	  3.3806825E-7
3.84	  3.2092936E-7
3.85	  3.04657E-7
3.86	  2.892074E-7
3.87	  2.745392E-7
3.88	  2.6061295E-7
3.89	  2.4739128E-7
3.9	  2.3483862E-7
3.91	  2.2292126E-7
3.92	  2.1160713E-7
3.93	  2.0086578E-7
3.94	  1.9066832E-7
3.95	  1.8098729E-7
3.96	  1.717966E-7
3.97	  1.630715E-7
3.98	  1.5478848E-7
3.99	  1.4692519E-7
4.0	  1.3946043E-7


