
X-Axis: Normalized Distance Along Strike
Y-Axis: Hypocenter Density
Number of Data Sets: 4


DATASET #1

     Name: 
   Points: 31
     Info: 

Data[x,y]:
0.05	  0.028391458
0.15	  0.03025713
0.25	  0.0315317
0.35	  0.0335082
0.45	  0.038440224
0.55	  0.03999187
0.65	  0.041506577
0.75	  0.047990248
0.85	  0.053568788
0.95	  0.07331535
1.05	  0.017252844
1.15	  0.020503916
1.25	  0.013927885
1.35	  0.012930398
1.45	  0.016883405
1.55	  0.016883405
1.65	  0.012930398
1.75	  0.013927885
1.85	  0.020503916
1.95	  0.017252844
2.05	  0.07331535
2.15	  0.053568788
2.25	  0.047990248
2.35	  0.041506577
2.45	  0.03999187
2.55	  0.038440224
2.65	  0.0335082
2.75	  0.0315317
2.85	  0.03025713
2.95	  0.028391458
3.05	  0.0



DATASET #2

     Name: 
   Points: 31
     Info: 

Data[x,y]:
0.05	  0.0
0.15	  0.0
0.25	  0.0
0.35	  0.0
0.45	  1.8471996E-5
0.55	  0.0
0.65	  1.8471996E-5
0.75	  9.235998E-5
0.85	  1.8471996E-4
0.95	  4.0638392E-4
1.05	  8.3123986E-4
1.15	  0.0019765035
1.25	  0.0016994237
1.35	  0.0011452638
1.45	  0.0021981676
1.55	  0.0021981676
1.65	  0.0011452638
1.75	  0.0016994237
1.85	  0.0019765035
1.95	  8.3123986E-4
2.05	  4.0638392E-4
2.15	  1.8471996E-4
2.25	  9.235998E-5
2.35	  1.8471996E-5
2.45	  0.0
2.55	  1.8471996E-5
2.65	  0.0
2.75	  0.0
2.85	  0.0
2.95	  0.0
3.05	  0.0



DATASET #3

Name: 
Num Points: 4
Info: 

X, Y Data:
0.021	  0.0010264149
0.021	  0.10161508
2.979	  0.10161508
2.979	  0.0010264149



DATASET #4

Name: 
Num Points: 4
Info: 

X, Y Data:
1.0	  0.0010264149
1.0	  0.09135093
2.0	  0.09135093
2.0	  0.0010264149


