
X-Axis: Normalized Interevent Time
Y-Axis: Probability
Number of Data Sets: 3


DATASET #1

     Name: aRed0_05 Histogram
   Points: 41
     Info: 

Data[x,y]:
0.05	  0.03242075
0.15	  0.027905384
0.25	  0.03176449
0.35	  0.0343824
0.45	  0.039960623
0.55	  0.04550318
0.65	  0.05250806
0.75	  0.059612807
0.85	  0.06669615
0.95	  0.09314635
1.05	  0.10873256
1.15	  0.09985163
1.25	  0.08221816
1.35	  0.05870688
1.45	  0.04269267
1.55	  0.0301809
1.65	  0.02234856
1.75	  0.016663337
1.85	  0.012804234
1.95	  0.009915257
2.05	  0.0071903444
2.15	  0.0053214254
2.25	  0.004408366
2.35	  0.0030815762
2.45	  0.0024966474
2.55	  0.0018546523
2.65	  0.0014195223
2.75	  0.001077125
2.85	  9.3445944E-4
2.95	  7.4899424E-4
3.05	  5.7779555E-4
3.15	  5.7779555E-4
3.25	  4.0659687E-4
3.35	  2.7819784E-4
3.45	  2.4966474E-4
3.55	  2.0686506E-4
3.65	  1.5693212E-4
3.75	  1.3553229E-4
3.85	  1.4266557E-4
3.95	  9.9865894E-5
4.05	  6.205952E-4



DATASET #2

     Name: Log-Normal Fit
   Points: 401
     Info: 

Data[x,y]:
0.005	  0.0
0.015	  8.353193E-14
0.025	  3.022118E-11
0.035	  1.3312091E-9
0.045	  1.965689E-8
0.055	  1.5016927E-7
0.065	  7.438622E-7
0.075	  2.7233282E-6
0.085	  7.996135E-6
0.095	  1.9871626E-5
0.105	  4.3379867E-5
0.115	  8.542108E-5
0.125	  1.5471774E-4
0.135	  2.615814E-4
0.145	  4.1753319E-4
0.155	  6.3482986E-4
0.165	  9.259481E-4
0.175	  0.0013030738
0.185	  0.001777633
0.195	  0.0023598885
0.205	  0.0030586186
0.215	  0.0038808817
0.225	  0.004831865
0.235	  0.0059148157
0.245	  0.0071310364
0.255	  0.008479945
0.265	  0.009959178
0.275	  0.01156473
0.285	  0.0132911205
0.295	  0.015131577
0.305	  0.017078223
0.315	  0.01912227
0.325	  0.021254215
0.335	  0.023464002
0.345	  0.02574121
0.355	  0.028075201
0.365	  0.030455261
0.375	  0.032870732
0.385	  0.035311114
0.395	  0.03776617
0.405	  0.040226012
0.415	  0.042681146
0.425	  0.045122553
0.435	  0.047541715
0.445	  0.04993065
0.455	  0.052281946
0.465	  0.05458875
0.475	  0.056844797
0.485	  0.0590444
0.495	  0.061182436
0.505	  0.06325436
0.515	  0.06525615
0.525	  0.06718432
0.535	  0.06903591
0.545	  0.07080841
0.555	  0.07249978
0.565	  0.07410843
0.575	  0.075633146
0.585	  0.07707312
0.595	  0.07842789
0.605	  0.0796973
0.615	  0.08088154
0.625	  0.08198105
0.635	  0.08299651
0.645	  0.083928846
0.655	  0.08477919
0.665	  0.08554885
0.675	  0.08623931
0.685	  0.08685219
0.695	  0.087389246
0.705	  0.08785234
0.715	  0.08824341
0.725	  0.08856451
0.735	  0.08881772
0.745	  0.0890052
0.755	  0.08912914
0.765	  0.08919176
0.775	  0.08919529
0.785	  0.089141995
0.795	  0.08903412
0.805	  0.0888739
0.815	  0.088663585
0.825	  0.088405386
0.835	  0.08810149
0.845	  0.087754056
0.855	  0.08736522
0.865	  0.08693707
0.875	  0.086471654
0.885	  0.08597099
0.895	  0.08543703
0.905	  0.084871694
0.915	  0.08427684
0.925	  0.08365429
0.935	  0.08300581
0.945	  0.0823331
0.955	  0.08163782
0.965	  0.08092158
0.975	  0.080185935
0.985	  0.07943236
0.995	  0.07866232
1.005	  0.07787719
1.015	  0.07707832
1.025	  0.076267
1.035	  0.075444445
1.045	  0.074611865
1.055	  0.07377038
1.065	  0.07292108
1.075	  0.07206502
1.085	  0.07120317
1.095	  0.070336506
1.105	  0.06946592
1.115	  0.06859227
1.125	  0.06771639
1.135	  0.066839054
1.145	  0.065960996
1.155	  0.06508294
1.165	  0.064205535
1.175	  0.06332941
1.185	  0.062455185
1.195	  0.061583407
1.205	  0.060714606
1.215	  0.05984929
1.225	  0.058987923
1.235	  0.058130953
1.245	  0.057278797
1.255	  0.056431837
1.265	  0.055590443
1.275	  0.054754946
1.285	  0.053925667
1.295	  0.0531029
1.305	  0.05228691
1.315	  0.051477954
1.325	  0.05067626
1.335	  0.04988204
1.345	  0.049095493
1.355	  0.048316788
1.365	  0.047546096
1.375	  0.046783555
1.385	  0.046029296
1.395	  0.04528344
1.405	  0.044546086
1.415	  0.043817326
1.425	  0.04309724
1.435	  0.042385887
1.445	  0.04168333
1.455	  0.040989615
1.465	  0.04030477
1.475	  0.039628826
1.485	  0.0389618
1.495	  0.038303703
1.505	  0.037654534
1.515	  0.037014287
1.525	  0.036382947
1.535	  0.035760496
1.545	  0.03514691
1.555	  0.03454216
1.565	  0.0339462
1.575	  0.033358995
1.585	  0.0327805
1.595	  0.032210656
1.605	  0.031649414
1.615	  0.031096715
1.625	  0.030552493
1.635	  0.030016687
1.645	  0.029489223
1.655	  0.028970033
1.665	  0.028459042
1.675	  0.027956171
1.685	  0.027461344
1.695	  0.02697448
1.705	  0.026495496
1.715	  0.026024308
1.725	  0.02556083
1.735	  0.025104975
1.745	  0.024656655
1.755	  0.024215784
1.765	  0.023782268
1.775	  0.02335602
1.785	  0.022936948
1.795	  0.022524958
1.805	  0.02211996
1.815	  0.021721864
1.825	  0.021330573
1.835	  0.020945998
1.845	  0.020568045
1.855	  0.020196622
1.865	  0.019831637
1.875	  0.019472998
1.885	  0.019120611
1.895	  0.018774388
1.905	  0.018434236
1.915	  0.018100064
1.925	  0.017771782
1.935	  0.0174493
1.945	  0.017132534
1.955	  0.016821388
1.965	  0.016515778
1.975	  0.016215619
1.985	  0.015920822
1.995	  0.015631301
2.005	  0.015346973
2.015	  0.015067754
2.025	  0.014793561
2.035	  0.014524311
2.045	  0.014259923
2.055	  0.014000317
2.065	  0.013745413
2.075	  0.013495133
2.085	  0.013249399
2.095	  0.013008134
2.105	  0.012771263
2.115	  0.01253871
2.125	  0.012310402
2.135	  0.012086266
2.145	  0.01186623
2.155	  0.011650222
2.165	  0.011438174
2.175	  0.011230016
2.185	  0.011025679
2.195	  0.0108250985
2.205	  0.010628206
2.215	  0.010434937
2.225	  0.010245227
2.235	  0.010059013
2.245	  0.0098762335
2.255	  0.009696826
2.265	  0.009520732
2.275	  0.00934789
2.285	  0.009178242
2.295	  0.009011731
2.305	  0.008848299
2.315	  0.008687892
2.325	  0.008530454
2.335	  0.008375931
2.345	  0.00822427
2.355	  0.008075419
2.365	  0.007929327
2.375	  0.0077859424
2.385	  0.007645217
2.395	  0.0075071002
2.405	  0.0073715453
2.415	  0.0072385045
2.425	  0.007107931
2.435	  0.0069797807
2.445	  0.0068540075
2.455	  0.0067305677
2.465	  0.006609418
2.475	  0.006490516
2.485	  0.00637382
2.495	  0.006259288
2.505	  0.0061468817
2.515	  0.0060365596
2.525	  0.0059282836
2.535	  0.0058220155
2.545	  0.0057177176
2.555	  0.005615353
2.565	  0.0055148858
2.575	  0.00541628
2.585	  0.0053195013
2.595	  0.005224515
2.605	  0.005131288
2.615	  0.0050397865
2.625	  0.0049499786
2.635	  0.0048618326
2.645	  0.0047753165
2.655	  0.0046904003
2.665	  0.004607054
2.675	  0.0045252475
2.685	  0.0044449526
2.695	  0.00436614
2.705	  0.004288782
2.715	  0.004212851
2.725	  0.004138321
2.735	  0.004065165
2.745	  0.0039933566
2.755	  0.003922871
2.765	  0.003853683
2.775	  0.003785768
2.785	  0.0037191026
2.795	  0.0036536625
2.805	  0.003589425
2.815	  0.0035263672
2.825	  0.0034644671
2.835	  0.0034037025
2.845	  0.0033440522
2.855	  0.003285495
2.865	  0.0032280108
2.875	  0.0031715785
2.885	  0.003116179
2.895	  0.0030617923
2.905	  0.0030083996
2.915	  0.0029559822
2.925	  0.0029045215
2.935	  0.0028539996
2.945	  0.0028043988
2.955	  0.0027557015
2.965	  0.002707891
2.975	  0.0026609504
2.985	  0.0026148637
2.995	  0.0025696142
3.005	  0.0025251866
3.015	  0.0024815653
3.025	  0.0024387352
3.035	  0.0023966813
3.045	  0.002355389
3.055	  0.0023148444
3.065	  0.002275033
3.075	  0.002235941
3.085	  0.002197555
3.095	  0.002159862
3.105	  0.0021228488
3.115	  0.0020865027
3.125	  0.0020508112
3.135	  0.002015762
3.145	  0.0019813431
3.155	  0.0019475427
3.165	  0.0019143492
3.175	  0.0018817512
3.185	  0.0018497378
3.195	  0.001818298
3.205	  0.001787421
3.215	  0.0017570961
3.225	  0.0017273135
3.235	  0.0016980628
3.245	  0.0016693341
3.255	  0.0016411177
3.265	  0.001613404
3.275	  0.0015861839
3.285	  0.001559448
3.295	  0.0015331872
3.305	  0.001507393
3.315	  0.0014820565
3.325	  0.0014571693
3.335	  0.0014327231
3.345	  0.0014087097
3.355	  0.001385121
3.365	  0.0013619494
3.375	  0.0013391869
3.385	  0.0013168261
3.395	  0.0012948595
3.405	  0.0012732799
3.415	  0.0012520801
3.425	  0.0012312531
3.435	  0.0012107922
3.445	  0.0011906904
3.455	  0.0011709414
3.465	  0.0011515383
3.475	  0.0011324752
3.485	  0.0011137456
3.495	  0.0010953434
3.505	  0.0010772627
3.515	  0.0010594975
3.525	  0.001042042
3.535	  0.0010248907
3.545	  0.001008038
3.555	  9.914783E-4
3.565	  9.752064E-4
3.575	  9.5921697E-4
3.585	  9.435049E-4
3.595	  9.280651E-4
3.605	  9.128927E-4
3.615	  8.979828E-4
3.625	  8.833306E-4
3.635	  8.689314E-4
3.645	  8.5478066E-4
3.655	  8.4087386E-4
3.665	  8.272066E-4
3.675	  8.1377453E-4
3.685	  8.005734E-4
3.695	  7.87599E-4
3.705	  7.7484734E-4
3.715	  7.623143E-4
3.725	  7.4999593E-4
3.735	  7.3788845E-4
3.745	  7.2598795E-4
3.755	  7.142908E-4
3.765	  7.027933E-4
3.775	  6.9149194E-4
3.785	  6.8038306E-4
3.795	  6.694633E-4
3.805	  6.587293E-4
3.815	  6.481777E-4
3.825	  6.378052E-4
3.835	  6.276086E-4
3.845	  6.1758485E-4
3.855	  6.0773076E-4
3.865	  5.980434E-4
3.875	  5.885197E-4
3.885	  5.791568E-4
3.895	  5.6995184E-4
3.905	  5.60902E-4
3.915	  5.5200455E-4
3.925	  5.432568E-4
3.935	  5.3465605E-4
3.945	  5.261997E-4
3.955	  5.178852E-4
3.965	  5.0971005E-4
3.975	  5.016718E-4
3.985	  4.93768E-4
3.995	  4.8599637E-4
4.005	  4.7835446E-4



DATASET #3

     Name: BPT Fit
   Points: 401
     Info: Mean = 100.0, Aperiodicity = 0.5, Duration = 30.0, Delta T = 1.0, Num Points = 500, Historic Open Interval = 0.0
Computed mean = 0.99713695

Data[x,y]:
0.0	  0.0
0.01	  0.0
0.02	  2.173879E-39
0.03	  9.6523215E-26
0.04	  5.607992E-19
0.05	  5.902639E-15
0.06	  2.6784792E-12
0.07	  2.0307629E-10
0.08	  5.0550235E-9
0.09	  6.006481E-8
0.1	  4.2619783E-7
0.11	  2.0817258E-6
0.12	  7.693031E-6
0.13	  2.2959857E-5
0.14	  5.7972768E-5
0.15	  1.281223E-4
0.16	  2.5422205E-4
0.17	  4.617538E-4
0.18	  7.793785E-4
0.19	  0.0012369998
0.2	  0.0018637044
0.21	  0.002685857
0.22	  0.003725545
0.23	  0.0049994737
0.24	  0.0065183328
0.25	  0.008286602
0.26	  0.010302721
0.27	  0.012559545
0.28	  0.015044994
0.29	  0.017742816
0.3	  0.020633413
0.31	  0.023694651
0.32	  0.026902642
0.33	  0.030232456
0.34	  0.033658754
0.35	  0.03715633
0.36	  0.040700566
0.37	  0.044267803
0.38	  0.04783562
0.39	  0.05138305
0.4	  0.054890722
0.41	  0.05834098
0.42	  0.06171789
0.43	  0.06500727
0.44	  0.06819667
0.45	  0.071275294
0.46	  0.074233964
0.47	  0.07706503
0.48	  0.07976225
0.49	  0.08232072
0.5	  0.08473677
0.51	  0.08700786
0.52	  0.08913244
0.53	  0.091109924
0.54	  0.09294053
0.55	  0.09462521
0.56	  0.096165575
0.57	  0.0975638
0.58	  0.09882256
0.59	  0.099944934
0.6	  0.10093437
0.61	  0.101794615
0.62	  0.10252966
0.63	  0.10314369
0.64	  0.10364104
0.65	  0.10402616
0.66	  0.104303576
0.67	  0.10447785
0.68	  0.10455358
0.69	  0.10453534
0.7	  0.10442767
0.71	  0.10423509
0.72	  0.10396203
0.73	  0.10361285
0.74	  0.103191815
0.75	  0.1027031
0.76	  0.10215078
0.77	  0.1015388
0.78	  0.100871
0.79	  0.10015108
0.8	  0.09938263
0.81	  0.09856911
0.82	  0.09771385
0.83	  0.09682005
0.84	  0.09589078
0.85	  0.094929
0.86	  0.093937516
0.87	  0.09291904
0.88	  0.09187613
0.89	  0.090811245
0.9	  0.08972674
0.91	  0.08862483
0.92	  0.08750762
0.93	  0.08637714
0.94	  0.085235275
0.95	  0.08408383
0.96	  0.08292452
0.97	  0.08175896
0.98	  0.08058865
0.99	  0.079415046
1.0	  0.078239486
1.01	  0.07706324
1.02	  0.07588751
1.03	  0.0747134
1.04	  0.07354197
1.05	  0.07237419
1.06	  0.07121097
1.07	  0.07005319
1.08	  0.06890161
1.09	  0.067756996
1.1	  0.066620015
1.11	  0.065491304
1.12	  0.064371444
1.13	  0.06326098
1.14	  0.062160403
1.15	  0.061070167
1.16	  0.059990685
1.17	  0.058922328
1.18	  0.057865445
1.19	  0.056820333
1.2	  0.055787276
1.21	  0.054766513
1.22	  0.053758264
1.23	  0.052762717
1.24	  0.051780038
1.25	  0.050810367
1.26	  0.04985382
1.27	  0.0489105
1.28	  0.04798048
1.29	  0.04706382
1.3	  0.046160564
1.31	  0.045270734
1.32	  0.044394344
1.33	  0.043531384
1.34	  0.042681843
1.35	  0.041845687
1.36	  0.04102287
1.37	  0.04021335
1.38	  0.03941706
1.39	  0.03863392
1.4	  0.037863858
1.41	  0.037106786
1.42	  0.036362603
1.43	  0.03563121
1.44	  0.034912497
1.45	  0.03420635
1.46	  0.033512644
1.47	  0.032831263
1.48	  0.032162074
1.49	  0.031504944
1.5	  0.030859735
1.51	  0.030226313
1.52	  0.02960453
1.53	  0.028994245
1.54	  0.028395312
1.55	  0.02780758
1.56	  0.027230902
1.57	  0.026665125
1.58	  0.026110096
1.59	  0.025565663
1.6	  0.025031673
1.61	  0.024507971
1.62	  0.023994403
1.63	  0.023490813
1.64	  0.02299705
1.65	  0.022512956
1.66	  0.02203838
1.67	  0.02157317
1.68	  0.02111717
1.69	  0.020670231
1.7	  0.020232202
1.71	  0.019802934
1.72	  0.019382276
1.73	  0.01897008
1.74	  0.018566204
1.75	  0.018170498
1.76	  0.017782822
1.77	  0.017403033
1.78	  0.017030988
1.79	  0.016666548
1.8	  0.016309578
1.81	  0.015959939
1.82	  0.015617498
1.83	  0.0152821215
1.84	  0.0149536785
1.85	  0.014632039
1.86	  0.014317075
1.87	  0.014008662
1.88	  0.013706673
1.89	  0.013410988
1.9	  0.013121485
1.91	  0.012838044
1.92	  0.01256055
1.93	  0.012288885
1.94	  0.012022938
1.95	  0.011762595
1.96	  0.011507747
1.97	  0.011258284
1.98	  0.011014101
1.99	  0.010775092
2.0	  0.010541155
2.01	  0.0103121875
2.02	  0.01008809
2.03	  0.009868765
2.04	  0.009654116
2.05	  0.009444049
2.06	  0.0092384685
2.07	  0.009037286
2.08	  0.00884041
2.09	  0.008647754
2.1	  0.00845923
2.11	  0.008274754
2.12	  0.008094242
2.13	  0.007917613
2.14	  0.0077447854
2.15	  0.0075756814
2.16	  0.0074102236
2.17	  0.0072483355
2.18	  0.007089943
2.19	  0.006934974
2.2	  0.0067833555
2.21	  0.0066350177
2.22	  0.0064898916
2.23	  0.00634791
2.24	  0.006209007
2.25	  0.006073117
2.26	  0.005940176
2.27	  0.0058101225
2.28	  0.005682895
2.29	  0.005558433
2.3	  0.005436679
2.31	  0.005317574
2.32	  0.005201062
2.33	  0.005087089
2.34	  0.004975599
2.35	  0.0048665395
2.36	  0.004759859
2.37	  0.004655506
2.38	  0.004553431
2.39	  0.004453585
2.4	  0.00435592
2.41	  0.004260389
2.42	  0.0041669467
2.43	  0.004075547
2.44	  0.0039861468
2.45	  0.0038987028
2.46	  0.0038131725
2.47	  0.0037295148
2.48	  0.0036476888
2.49	  0.0035676553
2.5	  0.003489375
2.51	  0.0034128106
2.52	  0.0033379244
2.53	  0.0032646798
2.54	  0.0031930415
2.55	  0.0031229747
2.56	  0.003054445
2.57	  0.0029874188
2.58	  0.0029218637
2.59	  0.0028577473
2.6	  0.0027950387
2.61	  0.002733707
2.62	  0.0026737219
2.63	  0.0026150544
2.64	  0.0025576756
2.65	  0.0025015573
2.66	  0.002446672
2.67	  0.0023929928
2.68	  0.0023404933
2.69	  0.0022891473
2.7	  0.0022389302
2.71	  0.002189817
2.72	  0.0021417835
2.73	  0.002094806
2.74	  0.0020488612
2.75	  0.002003927
2.76	  0.0019599807
2.77	  0.0019170009
2.78	  0.0018749662
2.79	  0.0018338561
2.8	  0.0017936501
2.81	  0.0017543285
2.82	  0.0017158716
2.83	  0.0016782607
2.84	  0.0016414772
2.85	  0.0016055027
2.86	  0.0015703195
2.87	  0.0015359103
2.88	  0.001502258
2.89	  0.0014693459
2.9	  0.0014371577
2.91	  0.0014056776
2.92	  0.00137489
2.93	  0.0013447795
2.94	  0.0013153314
2.95	  0.001286531
2.96	  0.001258364
2.97	  0.0012308165
2.98	  0.0012038748
2.99	  0.0011775257
3.0	  0.001151756
3.01	  0.001126553
3.02	  0.0011019043
3.03	  0.0010777975
3.04	  0.0010542207
3.05	  0.0010311623
3.06	  0.0010086108
3.07	  9.865551E-4
3.08	  9.649843E-4
3.09	  9.438876E-4
3.1	  9.232545E-4
3.11	  9.03075E-4
3.12	  8.8333886E-4
3.13	  8.6403644E-4
3.14	  8.451582E-4
3.15	  8.2669465E-4
3.16	  8.086368E-4
3.17	  7.909756E-4
3.18	  7.7370234E-4
3.19	  7.568085E-4
3.2	  7.402857E-4
3.21	  7.2412565E-4
3.22	  7.0832047E-4
3.23	  6.928623E-4
3.24	  6.777436E-4
3.25	  6.629566E-4
3.26	  6.484943E-4
3.27	  6.3434936E-4
3.28	  6.2051485E-4
3.29	  6.0698384E-4
3.3	  5.9374975E-4
3.31	  5.80806E-4
3.32	  5.681462E-4
3.33	  5.5576395E-4
3.34	  5.436534E-4
3.35	  5.318083E-4
3.36	  5.2022294E-4
3.37	  5.088916E-4
3.38	  4.978086E-4
3.39	  4.8696855E-4
3.4	  4.7636605E-4
3.41	  4.659959E-4
3.42	  4.5585292E-4
3.43	  4.4593218E-4
3.44	  4.3622873E-4
3.45	  4.267378E-4
3.46	  4.1745472E-4
3.47	  4.083749E-4
3.48	  3.994939E-4
3.49	  3.9080728E-4
3.5	  3.823108E-4
3.51	  3.7400026E-4
3.52	  3.658716E-4
3.53	  3.5792074E-4
3.54	  3.5014385E-4
3.55	  3.4253707E-4
3.56	  3.350966E-4
3.57	  3.2781888E-4
3.58	  3.207003E-4
3.59	  3.137373E-4
3.6	  3.0692652E-4
3.61	  3.002646E-4
3.62	  2.9374825E-4
3.63	  2.8737428E-4
3.64	  2.8113954E-4
3.65	  2.75041E-4
3.66	  2.6907565E-4
3.67	  2.6324057E-4
3.68	  2.575329E-4
3.69	  2.5194982E-4
3.7	  2.464886E-4
3.71	  2.4114657E-4
3.72	  2.3592112E-4
3.73	  2.3080966E-4
3.74	  2.2580972E-4
3.75	  2.2091884E-4
3.76	  2.161346E-4
3.77	  2.1145471E-4
3.78	  2.0687684E-4
3.79	  2.0239875E-4
3.8	  1.9801827E-4
3.81	  1.9373326E-4
3.82	  1.895416E-4
3.83	  1.8544127E-4
3.84	  1.8143025E-4
3.85	  1.7750658E-4
3.86	  1.7366836E-4
3.87	  1.699137E-4
3.88	  1.6624079E-4
3.89	  1.6264782E-4
3.9	  1.5913304E-4
3.91	  1.5569474E-4
3.92	  1.5233124E-4
3.93	  1.490409E-4
3.94	  1.4582214E-4
3.95	  1.4267337E-4
3.96	  1.3959306E-4
3.97	  1.3657972E-4
3.98	  1.3363187E-4
3.99	  1.3074809E-4
4.0	  1.2792696E-4


