
X-Axis: 10.0s SA (g)
Y-Axis: Annual Probabilitiy
Number of Data Sets: 5


DATASET #1

Name: UCERF3
Num Points: 401
Info: 

X, Y Data:
1.0E-4	0.03336181
1.0333392E-4	0.033334143
1.06779E-4	0.033304155
1.1033893E-4	0.033271708
1.14017545E-4	0.03323666
1.178188E-4	0.033198863
1.2174679E-4	0.03315818
1.2580573E-4	0.033114452
1.3E-4	0.03306754
1.334183E-4	0.03302805
1.369265E-4	0.0329864
1.4052694E-4	0.032942507
1.4422205E-4	0.032896303
1.4801433E-4	0.03284771
1.5190631E-4	0.03279666
1.5590065E-4	0.032743078
1.6E-4	0.032686897
1.645257E-4	0.032623537
1.691794E-4	0.03255701
1.7396474E-4	0.032487236
1.7888544E-4	0.032414127
1.8394532E-4	0.03233761
1.8914833E-4	0.032257613
1.944985E-4	0.032174066
2.0E-4	0.0320869
2.0565712E-4	0.031996056
2.1147425E-4	0.031901468
2.1745593E-4	0.031803086
2.236068E-4	0.031700864
2.2993165E-4	0.03159475
2.364354E-4	0.031484704
2.4312311E-4	0.031370692
2.5E-4	0.031252686
2.5783465E-4	0.031117449
2.659148E-4	0.030977266
2.742482E-4	0.030832117
2.8284272E-4	0.030681994
2.917066E-4	0.030526893
3.0084825E-4	0.030366823
3.102764E-4	0.030201802
3.2E-4	0.030031852
3.290514E-4	0.029874017
3.383588E-4	0.029712211
3.4792948E-4	0.029546471
3.5777088E-4	0.029376838
3.6789064E-4	0.029203359
3.7829665E-4	0.029026086
3.88997E-4	0.028845074
4.0E-4	0.028660387
4.1131425E-4	0.028472088
4.229485E-4	0.02828025
4.3491187E-4	0.028084949
4.472136E-4	0.02788626
4.598633E-4	0.027684273
4.728708E-4	0.02747907
4.8624622E-4	0.027270742
5.0E-4	0.027059384
5.1465514E-4	0.026837386
5.2973983E-4	0.02661235
5.4526667E-4	0.02638439
5.612486E-4	0.026153622
5.77699E-4	0.025920164
5.946315E-4	0.025684135
6.120603E-4	0.025445655
6.3E-4	0.025204848
6.4807665E-4	0.024966905
6.6667196E-4	0.024726963
6.858008E-4	0.024485143
7.0547854E-4	0.02424156
7.257209E-4	0.023996329
7.465441E-4	0.02374957
7.6796475E-4	0.023501396
7.9E-4	0.023251923
8.136239E-4	0.022990819
8.379543E-4	0.022728555
8.630122E-4	0.022465259
8.8881946E-4	0.022201052
9.153984E-4	0.021936057
9.427722E-4	0.021670394
9.7096455E-4	0.021404175
0.001	0.021137519
0.0010293103	0.02087576
0.0010594797	0.020613786
0.0010905333	0.0203517
0.0011224973	0.020089598
0.001155398	0.019827573
0.001189263	0.019565715
0.0012241206	0.019304113
0.00126	0.019042855
0.0012961533	0.01878743
0.0013333439	0.018532487
0.0013716016	0.018278096
0.0014109571	0.018024327
0.0014514418	0.017771246
0.0014930882	0.017518919
0.0015359295	0.017267406
0.00158	0.017016767
0.0016272478	0.016756697
0.0016759086	0.016497698
0.0017260244	0.016239827
0.0017776389	0.015983144
0.0018307968	0.015727699
0.0018855444	0.015473546
0.0019419291	0.015220733
0.002	0.014969307
0.0020575977	0.014728394
0.002116854	0.014488849
0.002177817	0.014250708
0.0022405356	0.014014006
0.0023050604	0.013778777
0.0023714434	0.013545053
0.0024397383	0.013312865
0.00251	0.013082242
0.0025833033	0.012850042
0.0026587474	0.012619508
0.0027363948	0.012390666
0.0028163097	0.012163541
0.0028985585	0.011938158
0.0029832094	0.01171454
0.0030703326	0.011492711
0.00316	0.011272688
0.0032524571	0.0110541
0.0033476194	0.010837365
0.003445566	0.010622505
0.0035463783	0.010409537
0.0036501405	0.010198477
0.0037569385	0.009989342
0.003866861	0.0097821485
0.00398	0.00957691
0.004096165	0.009374129
0.0042157196	0.009173321
0.0043387646	0.0089745
0.0044654002	0.008777679
0.0045957323	0.00858287
0.0047298684	0.008390083
0.0048679197	0.0081993295
0.00501	0.008010622
0.005156579	0.007823531
0.0053074467	0.0076385145
0.005462728	0.0074555846
0.0056225527	0.0072747506
0.0057870536	0.007096023
0.005956367	0.0069194115
0.0061306343	0.006744926
0.00631	0.0065725762
0.006493865	0.006403049
0.0066830874	0.006235661
0.0068778237	0.0060704225
0.007078234	0.005907344
0.0072844843	0.005746437
0.0074967444	0.005587711
0.00771519	0.0054311785
0.00794	0.0052768514
0.008172275	0.005124153
0.008411343	0.0049737017
0.008657407	0.00482551
0.008910668	0.0046795914
0.009171338	0.0045359586
0.009439633	0.004394626
0.009715778	0.004255607
0.01	0.0041189156
0.010292081	0.003984771
0.010592694	0.0038529756
0.010902087	0.0037235434
0.011220517	0.0035964889
0.011548247	0.0034718255
0.011885551	0.003349567
0.012232705	0.0032297268
0.01259	0.0031123173
0.012957647	0.002997376
0.013336032	0.0028848879
0.013725464	0.0027748633
0.01412627	0.0026673118
0.014538779	0.0025622419
0.014963334	0.0024596604
0.015400288	0.0023595733
0.01585	0.0022619849
0.016312422	0.002166982
0.016788337	0.002074477
0.017278135	0.001984469
0.017782224	0.0018969547
0.01830102	0.0018119299
0.01883495	0.0017293874
0.019384459	0.0016493183
0.01995	0.0015717112
0.020533005	0.0014964319
0.021133045	0.001423593
0.021750621	0.0013531762
0.022386245	0.0012851607
0.023040446	0.0012195234
0.023713762	0.0011562386
0.024406755	0.0010952788
0.02512	0.0010366135
0.025853088	9.802845E-4
0.02660757	9.261771E-4
0.027384069	8.7425445E-4
0.02818323	8.244779E-4
0.029005712	7.7680685E-4
0.029852198	7.311987E-4
0.030723387	6.876093E-4
0.03162	6.4599275E-4
0.032543603	6.0626765E-4
0.033494186	5.6842266E-4
0.034472536	5.3240784E-4
0.03547946	4.9817207E-4
0.0365158	4.656634E-4
0.03758241	4.3482904E-4
0.03868017	4.0561563E-4
0.03981	3.7796935E-4
0.040972695	3.518389E-4
0.042169347	3.271668E-4
0.04340095	3.0389868E-4
0.044668525	2.8198032E-4
0.04597312	2.6135784E-4
0.047315817	2.4197761E-4
0.04869773	2.2378666E-4
0.05012	2.0673255E-4
0.0515838	1.9076373E-4
0.053090356	1.7582932E-4
0.05464091	1.6187946E-4
0.05623675	1.488654E-4
0.0578792	1.3673943E-4
0.059569612	1.2545512E-4
0.0613094	1.1496726E-4
0.0631	1.0523199E-4
0.06494172	9.621231E-5
0.066837184	8.7860826E-5
0.06878798	8.013799E-5
0.070795715	7.300572E-5
0.072862044	6.642742E-5
0.074988686	6.0367987E-5
0.077177405	5.4793833E-5
0.07943	4.967286E-5
0.08174976	4.497176E-5
0.08413727	4.0664574E-5
0.08659451	3.672359E-5
0.08912351	3.3122535E-5
0.09172637	2.9836543E-5
0.09440525	2.6842128E-5
0.097162366	2.4117146E-5
0.1	2.164076E-5
0.102919795	1.939391E-5
0.10592484	1.735763E-5
0.109017625	1.5514748E-5
0.112200715	1.3849227E-5
0.11547674	1.2346107E-5
0.11884842	1.09914645E-5
0.12231855	9.772358E-6
0.12589	8.676784E-6
0.12956645	7.693449E-6
0.13335027	6.8122977E-6
0.13724458	6.0238453E-6
0.14125264	5.3193585E-6
0.14537773	4.690806E-6
0.14962329	4.1308176E-6
0.15399285	3.6326426E-6
0.15849	3.1901052E-6
0.16311829	2.7975855E-6
0.16788174	2.449927E-6
0.17278428	2.142457E-6
0.17783	1.8709335E-6
0.18302307	1.6315105E-6
0.18836778	1.4207075E-6
0.19386858	1.2353812E-6
0.19953	1.0726966E-6
0.20535603	9.3011835E-7
0.21135218	8.053339E-7
0.21752341	6.962876E-7
0.22387484	6.0113894E-7
0.23041171	5.182427E-7
0.23713945	4.4613083E-7
0.24406363	3.8349592E-7
0.25119	3.2917572E-7
0.25852492	2.8213552E-7
0.26607406	2.4146493E-7
0.27384362	2.0635551E-7
0.28184006	1.7609348E-7
0.29007	1.5004954E-7
0.29854023	1.2767028E-7
0.30725783	1.0846968E-7
0.31623	9.2021736E-8
0.32546407	7.795359E-8
0.33496782	6.5939396E-8
0.34474903	5.5695118E-8
0.3548159	4.697349E-8
0.3651767	3.9559662E-8
0.37584007	3.3267273E-8
0.3868148	2.793488E-8
0.39811	2.3422988E-8
0.40973493	1.961126E-8
0.42169935	1.6395962E-8
0.4340131	1.3687932E-8
0.44668642	1.1410618E-8
0.4597298	9.498477E-9
0.47315407	7.8953635E-9
0.4869703	6.553388E-9
0.50119	5.431724E-9
0.5158249	4.495617E-9
0.5308872	3.7155492E-9
0.5463893	3.0664793E-9
0.5623441	2.5272222E-9
0.57876474	2.0798905E-9
0.59566486	1.7093374E-9
0.61305845	1.4028242E-9
0.63096	1.1496883E-9
0.6493842	9.409374E-10
0.6683464	7.690192E-10
0.6878623	6.276575E-10
0.7079481	5.1158955E-10
0.72862035	4.163967E-10
0.7498962	3.3847047E-10
0.7717934	2.7475522E-10
0.79433	2.2273416E-10
0.8175246	1.8029467E-10
0.8413966	1.4574952E-10
0.86596555	1.1766443E-10
0.8912519	9.4872776E-11
0.9172767	7.6380235E-11
0.9440614	6.1405325E-11
0.97162825	4.9299564E-11
1.0	3.9511172E-11
1.029201	3.1629477E-11
1.0592546	2.528433E-11
1.090186	2.0178192E-11
1.1220205	1.608047E-11
1.1547846	1.2783552E-11
1.1885055	1.01677555E-11
1.223211	8.065326E-12
1.25893	6.3850036E-12
1.2956905	5.048739E-12
1.3335243	3.9800385E-12
1.3724631	3.141376E-12
1.4125386	2.4733549E-12
1.4537846	1.9401147E-12
1.4962348	1.5230039E-12
1.5399245	1.1856072E-12
1.58489	9.218182E-13
1.6311698	7.1209705E-13
1.678801	5.484502E-13
1.727823	4.2188475E-13
1.7782766	3.1685765E-13
1.8302034	2.3925306E-13
1.8836465	1.7941204E-13
1.9386501	1.3711254E-13
1.99526	9.992007E-14
2.0535233	7.283063E-14
2.113488	5.162537E-14
2.1752036	3.6970427E-14
2.2387214	2.553513E-14
2.304094	1.787459E-14
2.3713756	1.23234756E-14
2.4406219	8.437695E-15
2.51189	5.9952043E-15
2.5852382	4.2188475E-15
2.6607285	3.1086245E-15
2.7384229	1.6653345E-15
2.818386	1.2212453E-15
2.900684	7.771561E-16
2.9853854	5.551115E-16
3.0725598	3.330669E-16
3.16228	1.110223E-16
3.2546198	0.0
3.3496559	0.0
3.447467	0.0
3.5481343	0.0
3.6517413	0.0
3.7583735	0.0
3.8681195	0.0
3.98107	0.0
4.097319	0.0
4.2169633	0.0
4.340101	0.0
4.466834	0.0
4.5972676	0.0
4.7315106	0.0
4.869673	0.0
5.01187	0.0
5.1582193	0.0
5.3088417	0.0
5.463863	0.0
5.62341	0.0
5.7876167	0.0
5.9566183	0.0
6.1305547	0.0
6.30957	0.0
6.493813	0.0
6.683436	0.0
6.878596	0.0
7.079455	0.0
7.286179	0.0
7.4989395	0.0
7.7179127	0.0
7.94328	0.0
8.175228	0.0
8.41395	0.0
8.659641	0.0
8.912508	0.0
9.172758	0.0
9.440608	0.0
9.716279	0.0
10.0	0.0



DATASET #2

Name: RSQSim
Num Points: 401
Info: 

X, Y Data:
1.0E-4	0.034407467
1.0333392E-4	0.034386057
1.06779E-4	0.034362793
1.1033893E-4	0.034337558
1.14017545E-4	0.03431022
1.178188E-4	0.03428067
1.2174679E-4	0.034248766
1.2580573E-4	0.03421438
1.3E-4	0.03417738
1.334183E-4	0.034146156
1.369265E-4	0.034113143
1.4052694E-4	0.034078266
1.4422205E-4	0.034041464
1.4801433E-4	0.03400266
1.5190631E-4	0.03396179
1.5590065E-4	0.03391878
1.6E-4	0.03387356
1.645257E-4	0.03382243
1.691794E-4	0.033768576
1.7396474E-4	0.03371192
1.7888544E-4	0.03365238
1.8394532E-4	0.03358987
1.8914833E-4	0.03352431
1.944985E-4	0.033455614
2.0E-4	0.03338371
2.0565712E-4	0.033308513
2.1147425E-4	0.03322996
2.1745593E-4	0.033147965
2.236068E-4	0.033062465
2.2993165E-4	0.032973398
2.364354E-4	0.03288069
2.4312311E-4	0.032784287
2.5E-4	0.03268413
2.5783465E-4	0.032568883
2.659148E-4	0.032448903
2.742482E-4	0.03232413
2.8284272E-4	0.03219451
2.917066E-4	0.032059986
3.0084825E-4	0.03192051
3.102764E-4	0.031776052
3.2E-4	0.03162657
3.290514E-4	0.031487115
3.383588E-4	0.03134352
3.4792948E-4	0.031195778
3.5777088E-4	0.031043885
3.6789064E-4	0.03088784
3.7829665E-4	0.030727645
3.88997E-4	0.03056331
4.0E-4	0.030394847
4.1131425E-4	0.030222273
4.229485E-4	0.03004561
4.3491187E-4	0.029864883
4.472136E-4	0.029680122
4.598633E-4	0.029491361
4.728708E-4	0.02929864
4.8624622E-4	0.029102003
5.0E-4	0.028901491
5.1465514E-4	0.028689792
5.2973983E-4	0.028474055
5.4526667E-4	0.028254341
5.612486E-4	0.02803072
5.77699E-4	0.02780326
5.946315E-4	0.027572043
6.120603E-4	0.027337141
6.3E-4	0.027098639
6.4807665E-4	0.026861683
6.6667196E-4	0.026621437
6.858008E-4	0.026377985
7.0547854E-4	0.026131418
7.257209E-4	0.025881821
7.465441E-4	0.02562929
7.6796475E-4	0.025373911
7.9E-4	0.025115786
8.136239E-4	0.024844108
8.379543E-4	0.02456966
8.630122E-4	0.024292557
8.8881946E-4	0.024012908
9.153984E-4	0.023730827
9.427722E-4	0.023446433
9.7096455E-4	0.02315984
0.001	0.02287116
0.0010293103	0.022586219
0.0010594797	0.0222995
0.0010905333	0.022011112
0.0011224973	0.021721167
0.001155398	0.02142978
0.001189263	0.021137062
0.0012241206	0.020843126
0.00126	0.020548081
0.0012961533	0.020258201
0.0013333439	0.019967474
0.0013716016	0.01967601
0.0014109571	0.01938391
0.0014514418	0.019091282
0.0014930882	0.018798236
0.0015359295	0.018504877
0.00158	0.018211309
0.0016272478	0.017905433
0.0016759086	0.017599566
0.0017260244	0.017293833
0.0017776389	0.016988354
0.0018307968	0.016683247
0.0018855444	0.016378634
0.0019419291	0.016074633
0.002	0.015771365
0.0020575977	0.01547995
0.002116854	0.015189433
0.002177817	0.014899918
0.0022405356	0.014611512
0.0023050604	0.01432432
0.0023714434	0.014038443
0.0024397383	0.013753986
0.00251	0.01347105
0.0025833033	0.013185842
0.0026587474	0.012902403
0.0027363948	0.012620838
0.0028163097	0.012341245
0.0028985585	0.012063723
0.0029832094	0.011788369
0.0030703326	0.011515277
0.00316	0.011244541
0.0032524571	0.01097576
0.0033476194	0.010709521
0.003445566	0.01044591
0.0035463783	0.010185007
0.0036501405	0.009926893
0.0037569385	0.009671645
0.003866861	0.009419337
0.00398	0.00917004
0.004096165	0.008924409
0.0042157196	0.008681905
0.0043387646	0.00844259
0.0044654002	0.008206519
0.0045957323	0.007973749
0.0047298684	0.007744329
0.0048679197	0.0075183082
0.00501	0.007295731
0.005156579	0.0070761233
0.0053074467	0.006860056
0.005462728	0.006647565
0.0056225527	0.0064386823
0.0057870536	0.006233439
0.005956367	0.00603186
0.0061306343	0.005833972
0.00631	0.005639794
0.006493865	0.0054500992
0.0066830874	0.00526412
0.0068778237	0.0050818706
0.007078234	0.004903361
0.0072844843	0.0047286004
0.0074967444	0.0045575947
0.00771519	0.004390348
0.00794	0.004226863
0.008172275	0.004066524
0.008411343	0.0039099725
0.008657407	0.003757204
0.008910668	0.003608211
0.009171338	0.0034629845
0.009439633	0.0033215133
0.009715778	0.003183784
0.01	0.0030497806
0.010292081	0.0029196825
0.010592694	0.0027932613
0.010902087	0.002670494
0.011220517	0.002551356
0.011548247	0.0024358206
0.011885551	0.0023238582
0.012232705	0.0022154367
0.01259	0.002110522
0.012957647	0.0020090998
0.013336032	0.0019111076
0.013725464	0.0018165035
0.01412627	0.0017252439
0.014538779	0.0016372824
0.014963334	0.0015525707
0.015400288	0.0014710578
0.01585	0.0013926902
0.016312422	0.0013174793
0.016788337	0.0012452954
0.017278135	0.0011760794
0.017782224	0.0011097698
0.01830102	0.0010463034
0.01883495	9.856153E-4
0.019384459	9.2763914E-4
0.01995	8.723069E-4
0.020533005	8.1946515E-4
0.021133045	7.691358E-4
0.021750621	7.2124694E-4
0.022386245	6.757261E-4
0.023040446	6.324999E-4
0.023713762	5.914947E-4
0.024406755	5.5263634E-4
0.02512	5.1585055E-4
0.025853088	4.811086E-4
0.02660757	4.4828595E-4
0.027384069	4.1730917E-4
0.02818323	3.881054E-4
0.029005712	3.6060243E-4
0.029852198	3.3472883E-4
0.030723387	3.1041418E-4
0.03162	2.8758912E-4
0.032543603	2.6616728E-4
0.033494186	2.461024E-4
0.034472536	2.2732902E-4
0.03547946	2.097831E-4
0.0365158	1.934023E-4
0.03758241	1.7812599E-4
0.03868017	1.638953E-4
0.03981	1.5065318E-4
0.040972695	1.3834586E-4
0.042169347	1.2691856E-4
0.04340095	1.16320014E-4
0.044668525	1.06500935E-4
0.04597312	9.7414E-5
0.047315817	8.9013876E-5
0.04869773	8.1257196E-5
0.05012	7.410256E-5
0.0515838	6.751053E-5
0.053090356	6.144352E-5
0.05464091	5.586585E-5
0.05623675	5.0743685E-5
0.0578792	4.6045E-5
0.059569612	4.1739513E-5
0.0613094	3.7798647E-5
0.0631	3.4195484E-5
0.06494172	3.0906678E-5
0.066837184	2.7906104E-5
0.06878798	2.5171497E-5
0.070795715	2.2682003E-5
0.072862044	2.0418123E-5
0.074988686	1.836166E-5
0.077177405	1.6495644E-5
0.07943	1.4804282E-5
0.08174976	1.3272018E-5
0.08413727	1.1886276E-5
0.08659451	1.063441E-5
0.08912351	9.504714E-6
0.09172637	8.486377E-6
0.09440525	7.5694165E-6
0.097162366	6.7446394E-6
0.1	6.0035836E-6
0.102919795	5.3386266E-6
0.10592484	4.7424487E-6
0.109017625	4.208516E-6
0.112200715	3.7308491E-6
0.11547674	3.3039826E-6
0.11884842	2.922928E-6
0.12231855	2.5831384E-6
0.12589	2.2804747E-6
0.12956645	2.0111245E-6
0.13335027	1.7717313E-6
0.13724458	1.5591955E-6
0.14125264	1.3707103E-6
0.14537773	1.2037366E-6
0.14962329	1.0559816E-6
0.15399285	9.253767E-7
0.15849	8.100582E-7
0.16311829	7.083533E-7
0.16788174	6.187499E-7
0.17278428	5.3989555E-7
0.17783	4.705779E-7
0.18302307	4.097115E-7
0.18836778	3.5632573E-7
0.19386858	3.095538E-7
0.19953	2.6862244E-7
0.20535603	2.3284703E-7
0.21135218	2.0160948E-7
0.21752341	1.7436535E-7
0.22387484	1.5063138E-7
0.23041171	1.2997913E-7
0.23713945	1.1202929E-7
0.24406363	9.644641E-8
0.25119	8.293423E-8
0.25852492	7.123067E-8
0.26607406	6.1106384E-8
0.27384362	5.235872E-8
0.28184006	4.480956E-8
0.29007	3.830258E-8
0.29854023	3.2700726E-8
0.30725783	2.7884E-8
0.31623	2.3747468E-8
0.32546407	2.0199524E-8
0.33496782	1.7160183E-8
0.34474903	1.45598245E-8
0.3548159	1.233787E-8
0.3651767	1.04416715E-8
0.37584007	8.825557E-9
0.3868148	7.449942E-9
0.39811	6.28056E-9
0.40973493	5.2877995E-9
0.42169935	4.446115E-9
0.4340131	3.7334393E-9
0.44668642	3.1308298E-9
0.4597298	2.621962E-9
0.47315407	2.1928517E-9
0.4869703	1.831472E-9
0.50119	1.5275742E-9
0.5158249	1.2723651E-9
0.5308872	1.0583314E-9
0.5463893	8.790788E-10
0.5623441	7.2918127E-10
0.57876474	6.039993E-10
0.59566486	4.9960447E-10
0.61305845	4.1267645E-10
0.63096	3.4039416E-10
0.6493842	2.8037384E-10
0.6683464	2.3061442E-10
0.6878623	1.8941793E-10
0.7079481	1.5536361E-10
0.72862035	1.2722767E-10
0.7498962	1.040481E-10
0.7717934	8.4968366E-11
0.79433	6.928946E-11
0.8175246	5.6427862E-11
0.8413966	4.5887072E-11
0.86596555	3.7262304E-11
0.8912519	3.0210945E-11
0.9172767	2.446121E-11
0.9440614	1.9787949E-11
0.97162825	1.5980106E-11
1.0	1.2883361E-11
1.029201	1.0338952E-11
1.0592546	8.3058005E-12
1.090186	6.6868733E-12
1.1220205	5.3773652E-12
1.1547846	4.285683E-12
1.1885055	3.3908432E-12
1.223211	2.6968427E-12
1.25893	2.1483926E-12
1.2956905	1.7099655E-12
1.3335243	1.358913E-12
1.3724631	1.0785817E-12
1.4125386	8.552048E-13
1.4537846	6.76903E-13
1.4962348	5.352385E-13
1.5399245	4.2299497E-13
1.58489	3.3317793E-13
1.6311698	2.617906E-13
1.678801	2.0550228E-13
1.727823	1.6042723E-13
1.7782766	1.2401191E-13
1.8302034	9.6256336E-14
1.8836465	7.4495965E-14
1.9386501	5.7176486E-14
1.99526	4.42979E-14
2.0535233	3.3861802E-14
2.113488	2.5868196E-14
2.1752036	1.9650948E-14
2.2387214	1.5210055E-14
2.304094	1.110223E-14
2.3713756	8.9928065E-15
2.4406219	6.550316E-15
2.51189	4.9960036E-15
2.5852382	3.663736E-15
2.6607285	2.7755576E-15
2.7384229	2.1094237E-15
2.818386	1.6653345E-15
2.900684	1.2212453E-15
2.9853854	8.881784E-16
3.0725598	7.771561E-16
3.16228	6.661338E-16
3.2546198	2.220446E-16
3.3496559	1.110223E-16
3.447467	1.110223E-16
3.5481343	0.0
3.6517413	0.0
3.7583735	0.0
3.8681195	0.0
3.98107	0.0
4.097319	0.0
4.2169633	0.0
4.340101	0.0
4.466834	0.0
4.5972676	0.0
4.7315106	0.0
4.869673	0.0
5.01187	0.0
5.1582193	0.0
5.3088417	0.0
5.463863	0.0
5.62341	0.0
5.7876167	0.0
5.9566183	0.0
6.1305547	0.0
6.30957	0.0
6.493813	0.0
6.683436	0.0
6.878596	0.0
7.079455	0.0
7.286179	0.0
7.4989395	0.0
7.7179127	0.0
7.94328	0.0
8.175228	0.0
8.41395	0.0
8.659641	0.0
8.912508	0.0
9.172758	0.0
9.440608	0.0
9.716279	0.0
10.0	0.0



DATASET #3

Name: 1000yr
Num Points: 2
Info: 

X, Y Data:
0.001	0.001
10.0	0.001



DATASET #4

Name: 2500yr
Num Points: 2
Info: 

X, Y Data:
0.001	4.0E-4
10.0	4.0E-4



DATASET #5

Name: 10000yr
Num Points: 2
Info: 

X, Y Data:
0.001	1.0E-4
10.0	1.0E-4


