
X-Axis: 10.0s SA (g)
Y-Axis: Annual Probabilitiy
Number of Data Sets: 5


DATASET #1

Name: UCERF3
Num Points: 401
Info: 

X, Y Data:
1.0E-4	0.06525145
1.0333392E-4	0.065170564
1.06779E-4	0.06508272
1.1033893E-4	0.06498748
1.14017545E-4	0.06488441
1.178188E-4	0.064773045
1.2174679E-4	0.064652935
1.2580573E-4	0.06452361
1.3E-4	0.064384595
1.334183E-4	0.0642674
1.369265E-4	0.0641436
1.4052694E-4	0.06401297
1.4422205E-4	0.063875265
1.4801433E-4	0.063730255
1.5190631E-4	0.06357771
1.5590065E-4	0.063417405
1.6E-4	0.06324911
1.645257E-4	0.0630591
1.691794E-4	0.062859334
1.7396474E-4	0.06264956
1.7888544E-4	0.062429532
1.8394532E-4	0.062199004
1.8914833E-4	0.061957747
1.944985E-4	0.06170554
2.0E-4	0.061442185
2.0565712E-4	0.06116749
2.1147425E-4	0.060881276
2.1745593E-4	0.060583383
2.236068E-4	0.06027367
2.2993165E-4	0.059952017
2.364354E-4	0.05961831
2.4312311E-4	0.059272468
2.5E-4	0.058914423
2.5783465E-4	0.058504052
2.659148E-4	0.058078658
2.742482E-4	0.057638247
2.8284272E-4	0.057182852
2.917066E-4	0.056712545
3.0084825E-4	0.05622743
3.102764E-4	0.05572765
3.2E-4	0.05521337
3.290514E-4	0.0547362
3.383588E-4	0.054247543
3.4792948E-4	0.05374759
3.5777088E-4	0.053236574
3.6789064E-4	0.052714743
3.7829665E-4	0.052182358
3.88997E-4	0.051639717
4.0E-4	0.051087126
4.1131425E-4	0.05052492
4.229485E-4	0.049953446
4.3491187E-4	0.049373068
4.472136E-4	0.048784178
4.598633E-4	0.048187174
4.728708E-4	0.047582474
4.8624622E-4	0.0469705
5.0E-4	0.04635171
5.1465514E-4	0.045704108
5.2973983E-4	0.04505019
5.4526667E-4	0.044390477
5.612486E-4	0.043725513
5.77699E-4	0.043055836
5.946315E-4	0.042381994
6.120603E-4	0.04170454
6.3E-4	0.04102402
6.4807665E-4	0.04035521
6.6667196E-4	0.03968451
6.858008E-4	0.039012454
7.0547854E-4	0.03833955
7.257209E-4	0.03766631
7.465441E-4	0.03699323
7.6796475E-4	0.036320817
7.9E-4	0.035649553
8.136239E-4	0.034952115
8.379543E-4	0.034256972
8.630122E-4	0.03356464
8.8881946E-4	0.032875612
9.153984E-4	0.032190375
9.427722E-4	0.031509396
9.7096455E-4	0.030833121
0.001	0.030161982
0.0010293103	0.02950935
0.0010594797	0.028862422
0.0010905333	0.028221542
0.0011224973	0.027587047
0.001155398	0.026959246
0.001189263	0.026338434
0.0012241206	0.025724886
0.00126	0.025118856
0.0012961533	0.024532922
0.0013333439	0.023954626
0.0013716016	0.023384158
0.0014109571	0.022821683
0.0014514418	0.022267357
0.0014930882	0.021721317
0.0015359295	0.02118368
0.00158	0.020654555
0.0016272478	0.020112574
0.0016759086	0.01958001
0.0017260244	0.019056927
0.0017776389	0.01854338
0.0018307968	0.018039405
0.0018855444	0.017545024
0.0019419291	0.017060246
0.002	0.016585067
0.0020575977	0.01613626
0.002116854	0.015696324
0.002177817	0.015265224
0.0022405356	0.014842913
0.0023050604	0.014429338
0.0023714434	0.01402444
0.0024397383	0.013628149
0.00251	0.013240391
0.0025833033	0.012855877
0.0026587474	0.012479958
0.0027363948	0.012112537
0.0028163097	0.0117535135
0.0028985585	0.011402778
0.0029832094	0.01106022
0.0030703326	0.0107257245
0.00316	0.010399172
0.0032524571	0.010079865
0.0033476194	0.009768283
0.003445566	0.009464297
0.0035463783	0.009167778
0.0036501405	0.008878595
0.0037569385	0.008596615
0.003866861	0.008321704
0.00398	0.008053729
0.004096165	0.0077931755
0.0042157196	0.007539256
0.0043387646	0.0072918376
0.0044654002	0.007050787
0.0045957323	0.0068159723
0.0047298684	0.0065872623
0.0048679197	0.0063645267
0.00501	0.006147637
0.005156579	0.005935972
0.0053074467	0.0057299277
0.005462728	0.005529379
0.0056225527	0.005334204
0.0057870536	0.005144284
0.005956367	0.0049595013
0.0061306343	0.004779741
0.00631	0.0046048923
0.006493865	0.0044355155
0.0066830874	0.004270797
0.0068778237	0.0041106353
0.007078234	0.003954931
0.0072844843	0.0038035873
0.0074967444	0.003656511
0.00771519	0.0035136116
0.00794	0.003374801
0.008172275	0.0032394778
0.008411343	0.0031081066
0.008657407	0.0029806069
0.008910668	0.002856901
0.009171338	0.0027369128
0.009439633	0.00262057
0.009715778	0.002507801
0.01	0.0023985375
0.010292081	0.002292872
0.010592694	0.0021905692
0.010902087	0.0020915663
0.011220517	0.0019958012
0.011548247	0.0019032136
0.011885551	0.0018137437
0.012232705	0.0017273333
0.01259	0.0016439244
0.012957647	0.0015634778
0.013336032	0.001485918
0.013725464	0.0014111889
0.01412627	0.0013392344
0.014538779	0.001269999
0.014963334	0.0012034266
0.015400288	0.0011394616
0.01585	0.001078048
0.016312422	0.0010191812
0.016788337	9.6274854E-4
0.017278135	9.086933E-4
0.017782224	8.569585E-4
0.01830102	8.0748665E-4
0.01883495	7.6021993E-4
0.019384459	7.151002E-4
0.01995	6.72069E-4
0.020533005	6.310023E-4
0.021133045	5.9191254E-4
0.021750621	5.547403E-4
0.022386245	5.1942596E-4
0.023040446	4.8590964E-4
0.023713762	4.541317E-4
0.024406755	4.2403248E-4
0.02512	3.9555255E-4
0.025853088	3.6866788E-4
0.02660757	3.4328055E-4
0.027384069	3.1933247E-4
0.02818323	2.967661E-4
0.029005712	2.7552454E-4
0.029852198	2.555516E-4
0.030723387	2.3679202E-4
0.03162	2.1919138E-4
0.032543603	2.0268225E-4
0.033494186	1.8722817E-4
0.034472536	1.727779E-4
0.03547946	1.592814E-4
0.0365158	1.4668987E-4
0.03758241	1.3495593E-4
0.03868017	1.2403357E-4
0.03981	1.1387822E-4
0.040972695	1.0444781E-4
0.042169347	9.569957E-5
0.04340095	8.759343E-5
0.044668525	8.0090875E-5
0.04597312	7.315493E-5
0.047315817	6.6750166E-5
0.04869773	6.0842714E-5
0.05012	5.5400218E-5
0.0515838	5.0391885E-5
0.053090356	4.578836E-5
0.05464091	4.1561794E-5
0.05623675	3.7685786E-5
0.0578792	3.4135348E-5
0.059569612	3.088688E-5
0.0613094	2.7918115E-5
0.0631	2.5208088E-5
0.06494172	2.2738579E-5
0.066837184	2.0489337E-5
0.06878798	1.8443063E-5
0.070795715	1.6583575E-5
0.072862044	1.4895756E-5
0.074988686	1.3365511E-5
0.077177405	1.1979714E-5
0.07943	1.0726166E-5
0.08174976	9.592892E-6
0.08413727	8.570171E-6
0.08659451	7.648276E-6
0.08912351	6.8182135E-6
0.09172637	6.0716925E-6
0.09440525	5.401072E-6
0.097162366	4.799324E-6
0.1	4.2599927E-6
0.102919795	3.7772681E-6
0.10592484	3.3455933E-6
0.109017625	2.9600121E-6
0.112200715	2.615998E-6
0.11547674	2.3094226E-6
0.11884842	2.0365258E-6
0.12231855	1.7938876E-6
0.12589	1.5784025E-6
0.12956645	1.3872182E-6
0.13335027	1.2178259E-6
0.13724458	1.0679163E-6
0.14125264	9.3540325E-7
0.14537773	8.184048E-7
0.14962329	7.1522584E-7
0.15399285	6.2434094E-7
0.15849	5.4437965E-7
0.16311829	4.741153E-7
0.16788174	4.1244238E-7
0.17278428	3.5837505E-7
0.17783	3.1103198E-7
0.18302307	2.696268E-7
0.18836778	2.3345841E-7
0.19386858	2.0190274E-7
0.19953	1.74405E-7
0.20535603	1.5047534E-7
0.21135218	1.2967357E-7
0.21752341	1.1161307E-7
0.22387484	9.595202E-8
0.23041171	8.238847E-8
0.23713945	7.065617E-8
0.24406363	6.052052E-8
0.25119	5.1775285E-8
0.25852492	4.423878E-8
0.26607406	3.7752617E-8
0.27384362	3.21775E-8
0.28184006	2.7391598E-8
0.29007	2.328846E-8
0.29854023	1.9775184E-8
0.30725783	1.677087E-8
0.31623	1.4205104E-8
0.32546407	1.2016726E-8
0.33496782	1.0152645E-8
0.34474903	8.566864E-9
0.3548159	7.219612E-9
0.3651767	6.076502E-9
0.37584007	5.1078968E-9
0.3868148	4.288215E-9
0.39811	3.5954921E-9
0.40973493	3.010836E-9
0.42169935	2.5180187E-9
0.4340131	2.103192E-9
0.44668642	1.7544577E-9
0.4597298	1.4616658E-9
0.47315407	1.2162089E-9
0.4869703	1.0106612E-9
0.50119	8.3876717E-10
0.5158249	6.9523187E-10
0.5308872	5.755102E-10
0.5463893	4.7580806E-10
0.5623441	3.9286607E-10
0.57876474	3.2397351E-10
0.59566486	2.6681712E-10
0.61305845	2.1946078E-10
0.63096	1.8027435E-10
0.6493842	1.478937E-10
0.6683464	1.2117651E-10
0.6878623	9.915213E-11
0.7079481	8.102696E-11
0.72862035	6.612533E-11
0.7498962	5.3894E-11
0.7717934	4.3861803E-11
0.79433	3.5658587E-11
0.8175246	2.8950509E-11
0.8413966	2.3475777E-11
0.86596555	1.9006574E-11
0.8912519	1.5368484E-11
0.9172767	1.2410961E-11
0.9440614	1.0007772E-11
0.97162825	8.064993E-12
1.0	6.4890315E-12
1.029201	5.2108318E-12
1.0592546	4.181544E-12
1.090186	3.3543168E-12
1.1220205	2.6896263E-12
1.1547846	2.1513902E-12
1.1885055	1.7200685E-12
1.223211	1.3733459E-12
1.25893	1.0960122E-12
1.2956905	8.7385654E-13
1.3335243	6.9477757E-13
1.3724631	5.5289107E-13
1.4125386	4.3920423E-13
1.4537846	3.479439E-13
1.4962348	2.7600144E-13
1.5399245	2.1915803E-13
1.58489	1.7297275E-13
1.6311698	1.358913E-13
1.678801	1.0669243E-13
1.727823	8.382184E-14
1.7782766	6.594725E-14
1.8302034	5.1847415E-14
1.8836465	3.9745984E-14
1.9386501	3.230749E-14
1.99526	2.4868996E-14
2.0535233	1.8651747E-14
2.113488	1.4210855E-14
2.1752036	1.0769163E-14
2.2387214	7.993606E-15
2.304094	6.3282712E-15
2.3713756	4.6629367E-15
2.4406219	3.5527137E-15
2.51189	2.1094237E-15
2.5852382	1.6653345E-15
2.6607285	1.2212453E-15
2.7384229	1.110223E-15
2.818386	7.771561E-16
2.900684	2.220446E-16
2.9853854	2.220446E-16
3.0725598	1.110223E-16
3.16228	0.0
3.2546198	0.0
3.3496559	0.0
3.447467	0.0
3.5481343	0.0
3.6517413	0.0
3.7583735	0.0
3.8681195	0.0
3.98107	0.0
4.097319	0.0
4.2169633	0.0
4.340101	0.0
4.466834	0.0
4.5972676	0.0
4.7315106	0.0
4.869673	0.0
5.01187	0.0
5.1582193	0.0
5.3088417	0.0
5.463863	0.0
5.62341	0.0
5.7876167	0.0
5.9566183	0.0
6.1305547	0.0
6.30957	0.0
6.493813	0.0
6.683436	0.0
6.878596	0.0
7.079455	0.0
7.286179	0.0
7.4989395	0.0
7.7179127	0.0
7.94328	0.0
8.175228	0.0
8.41395	0.0
8.659641	0.0
8.912508	0.0
9.172758	0.0
9.440608	0.0
9.716279	0.0
10.0	0.0



DATASET #2

Name: RSQSim
Num Points: 401
Info: 

X, Y Data:
1.0E-4	0.055629887
1.0333392E-4	0.055581227
1.06779E-4	0.055528272
1.1033893E-4	0.055470753
1.14017545E-4	0.055408373
1.178188E-4	0.055340838
1.2174679E-4	0.055267837
1.2580573E-4	0.05518906
1.3E-4	0.055104185
1.334183E-4	0.055032477
1.369265E-4	0.054956585
1.4052694E-4	0.054876342
1.4422205E-4	0.054791585
1.4801433E-4	0.05470214
1.5190631E-4	0.054607842
1.5590065E-4	0.054508526
1.6E-4	0.05440402
1.645257E-4	0.054285735
1.691794E-4	0.05416106
1.7396474E-4	0.05402979
1.7888544E-4	0.05389172
1.8394532E-4	0.053746648
1.8914833E-4	0.053594384
1.944985E-4	0.053434733
2.0E-4	0.05326751
2.0565712E-4	0.053092528
2.1147425E-4	0.05290962
2.1745593E-4	0.052718613
2.236068E-4	0.052519344
2.2993165E-4	0.05231166
2.364354E-4	0.052095413
2.4312311E-4	0.051870473
2.5E-4	0.051636707
2.5783465E-4	0.051367674
2.659148E-4	0.05108756
2.742482E-4	0.050796233
2.8284272E-4	0.050493587
2.917066E-4	0.05017953
3.0084825E-4	0.04985399
3.102764E-4	0.04951692
3.2E-4	0.049168285
3.290514E-4	0.048843183
3.383588E-4	0.048508625
3.4792948E-4	0.04816464
3.5777088E-4	0.047811255
3.6789064E-4	0.047448523
3.7829665E-4	0.04707651
3.88997E-4	0.046695292
4.0E-4	0.046304967
4.1131425E-4	0.045905642
4.229485E-4	0.04549744
4.3491187E-4	0.0450805
4.472136E-4	0.044654977
4.598633E-4	0.044221032
4.728708E-4	0.04377885
4.8624622E-4	0.043328628
5.0E-4	0.042870566
5.1465514E-4	0.042388126
5.2973983E-4	0.04189778
5.4526667E-4	0.0413998
5.612486E-4	0.04089447
5.77699E-4	0.0403821
5.946315E-4	0.03986299
6.120603E-4	0.03933747
6.3E-4	0.038805876
6.4807665E-4	0.038279764
6.6667196E-4	0.03774849
6.858008E-4	0.037212387
7.0547854E-4	0.036671814
7.257209E-4	0.036127113
7.465441E-4	0.03557865
7.6796475E-4	0.03502678
7.9E-4	0.03447188
8.136239E-4	0.03389108
8.379543E-4	0.033307817
8.630122E-4	0.032722503
8.8881946E-4	0.032135565
9.153984E-4	0.031547427
9.427722E-4	0.030958513
9.7096455E-4	0.03036924
0.001	0.029780027
0.0010293103	0.029202795
0.0010594797	0.0286264
0.0010905333	0.02805122
0.0011224973	0.027477633
0.001155398	0.026906006
0.001189263	0.026336696
0.0012241206	0.025770055
0.00126	0.025206426
0.0012961533	0.024657743
0.0013333439	0.024112573
0.0013716016	0.023571214
0.0014109571	0.023033949
0.0014514418	0.022501057
0.0014930882	0.021972803
0.0015359295	0.021449441
0.00158	0.020931216
0.0016272478	0.020397156
0.0016759086	0.019869173
0.0017260244	0.0193475
0.0017776389	0.018832363
0.0018307968	0.018323971
0.0018855444	0.017822519
0.0019419291	0.01732819
0.002	0.016841153
0.0020575977	0.016378898
0.002116854	0.015923684
0.002177817	0.015475626
0.0022405356	0.015034828
0.0023050604	0.014601382
0.0023714434	0.014175372
0.0024397383	0.013756869
0.00251	0.013345934
0.0025833033	0.012937073
0.0026587474	0.012536087
0.0027363948	0.01214301
0.0028163097	0.0117578665
0.0028985585	0.01138067
0.0029832094	0.011011425
0.0030703326	0.01065013
0.00316	0.010296774
0.0032524571	0.009950715
0.0033476194	0.009612578
0.003445566	0.00928233
0.0035463783	0.008959931
0.0036501405	0.008645335
0.0037569385	0.0083384905
0.003866861	0.0080393385
0.00398	0.0077478164
0.004096165	0.007464532
0.0042157196	0.0071887006
0.0043387646	0.006920247
0.0044654002	0.0066590905
0.0045957323	0.0064051473
0.0047298684	0.00615833
0.0048679197	0.0059185475
0.00501	0.0056857066
0.005156579	0.0054591824
0.0053074467	0.0052394355
0.005462728	0.0050263633
0.0056225527	0.0048198616
0.0057870536	0.004619824
0.005956367	0.0044261403
0.0061306343	0.0042387014
0.00631	0.0040573943
0.006493865	0.0038827944
0.0066830874	0.0037140509
0.0068778237	0.003551049
0.007078234	0.0033936722
0.0072844843	0.0032418037
0.0074967444	0.0030953253
0.00771519	0.002954118
0.00794	0.0028180627
0.008172275	0.0026865392
0.008411343	0.002559965
0.008657407	0.0024382183
0.008910668	0.0023211772
0.009171338	0.002208719
0.009439633	0.0021007224
0.009715778	0.0019970653
0.01	0.0018976263
0.010292081	0.0018024284
0.010592694	0.0017111961
0.010902087	0.0016238107
0.011220517	0.0015401547
0.011548247	0.0014601111
0.011885551	0.0013835649
0.012232705	0.0013104018
0.01259	0.0012405092
0.012957647	0.0011737907
0.013336032	0.0011101209
0.013725464	0.0010493924
0.01412627	9.914995E-4
0.014538779	9.3633856E-4
0.014963334	8.83808E-4
0.015400288	8.338082E-4
0.01585	7.862419E-4
0.016312422	7.4105366E-4
0.016788337	6.981071E-4
0.017278135	6.57312E-4
0.017782224	6.185805E-4
0.01830102	5.818272E-4
0.01883495	5.46969E-4
0.019384459	5.1392533E-4
0.01995	4.8261794E-4
0.020533005	4.5292397E-4
0.021133045	4.248222E-4
0.021750621	3.9824133E-4
0.022386245	3.7311242E-4
0.023040446	3.493689E-4
0.023713762	3.269465E-4
0.024406755	3.0578332E-4
0.02512	2.8581967E-4
0.025853088	2.6702264E-4
0.02660757	2.4930952E-4
0.027384069	2.3262738E-4
0.02818323	2.1692528E-4
0.029005712	2.0215435E-4
0.029852198	1.8826764E-4
0.030723387	1.7522015E-4
0.03162	1.6296869E-4
0.032543603	1.5146208E-4
0.033494186	1.4067173E-4
0.034472536	1.305596E-4
0.03547946	1.21089295E-4
0.0365158	1.1222601E-4
0.03758241	1.0393647E-4
0.03868017	9.6188916E-5
0.03981	8.8952984E-5
0.040972695	8.2200466E-5
0.042169347	7.59029E-5
0.04340095	7.003396E-5
0.044668525	6.456857E-5
0.04597312	5.9482867E-5
0.047315817	5.4754117E-5
0.04869773	5.0360715E-5
0.05012	4.6282126E-5
0.0515838	4.249887E-5
0.053090356	3.8992406E-5
0.05464091	3.5745175E-5
0.05623675	3.2740543E-5
0.0578792	2.9962748E-5
0.059569612	2.739687E-5
0.0613094	2.5028812E-5
0.0631	2.2845246E-5
0.06494172	2.083481E-5
0.066837184	1.8984229E-5
0.06878798	1.7282338E-5
0.070795715	1.5718633E-5
0.072862044	1.4283222E-5
0.074988686	1.2966818E-5
0.077177405	1.1760694E-5
0.07943	1.0656667E-5
0.08174976	9.646486E-6
0.08413727	8.723656E-6
0.08659451	7.88145E-6
0.08912351	7.1135846E-6
0.09172637	6.414197E-6
0.09440525	5.7778207E-6
0.097162366	5.199366E-6
0.1	4.674099E-6
0.102919795	4.1977296E-6
0.10592484	3.7660448E-6
0.109017625	3.375262E-6
0.112200715	3.0218782E-6
0.11547674	2.702654E-6
0.11884842	2.4145952E-6
0.12231855	2.1549395E-6
0.12589	1.9211404E-6
0.12956645	1.7108144E-6
0.13335027	1.5218524E-6
0.13724458	1.3522726E-6
0.14125264	1.2002573E-6
0.14537773	1.0641409E-6
0.14962329	9.423988E-7
0.15399285	8.336379E-7
0.15849	7.3658595E-7
0.16311829	6.500865E-7
0.16788174	5.73079E-7
0.17278428	5.046026E-7
0.17783	4.4378473E-7
0.18302307	3.8983342E-7
0.18836778	3.4203123E-7
0.19386858	2.9972884E-7
0.19953	2.623393E-7
0.20535603	2.2933668E-7
0.21135218	2.002387E-7
0.21752341	1.7461556E-7
0.22387484	1.520808E-7
0.23041171	1.322874E-7
0.23713945	1.1492415E-7
0.24406363	9.971237E-8
0.25119	8.640282E-8
0.25852492	7.477216E-8
0.26607406	6.462276E-8
0.27384362	5.577773E-8
0.28184006	4.8079755E-8
0.29007	4.1389146E-8
0.29854023	3.558193E-8
0.30725783	3.0548403E-8
0.31623	2.6191444E-8
0.32546407	2.2425386E-8
0.33496782	1.9174585E-8
0.34474903	1.6372487E-8
0.3548159	1.3960564E-8
0.3651767	1.1887427E-8
0.37584007	1.0108049E-8
0.3868148	8.5829654E-9
0.39811	7.277742E-9
0.40973493	6.162294E-9
0.42169935	5.210425E-9
0.4340131	4.3993142E-9
0.44668642	3.7091743E-9
0.4597298	3.1228216E-9
0.47315407	2.6253846E-9
0.4869703	2.2040068E-9
0.50119	1.8475985E-9
0.5158249	1.5465852E-9
0.5308872	1.2927385E-9
0.5463893	1.078992E-9
0.5623441	8.9927465E-10
0.57876474	7.4839823E-10
0.59566486	6.2192274E-10
0.61305845	5.1606663E-10
0.63096	4.2760306E-10
0.6493842	3.5379233E-10
0.6683464	2.9230218E-10
0.6878623	2.4115598E-10
0.7079481	1.9866442E-10
0.72862035	1.6341062E-10
0.7498962	1.3421508E-10
0.7717934	1.100815E-10
0.79433	9.016188E-11
0.8175246	7.3742346E-11
0.8413966	6.022782E-11
0.86596555	4.912104E-11
0.8912519	4.0006998E-11
0.9172767	3.2537084E-11
0.9440614	2.6425195E-11
0.97162825	2.143119E-11
1.0	1.7356672E-11
1.029201	1.4038104E-11
1.0592546	1.13373755E-11
1.090186	9.144352E-12
1.1220205	7.3648865E-12
1.1547846	5.924039E-12
1.1885055	4.758749E-12
1.223211	3.819167E-12
1.25893	3.0584424E-12
1.2956905	2.4465985E-12
1.3335243	1.9543256E-12
1.3724631	1.5590862E-12
1.4125386	1.2418955E-12
1.4537846	9.875434E-13
1.4962348	7.8537177E-13
1.5399245	6.2294614E-13
1.58489	4.9404925E-13
1.6311698	3.9157566E-13
1.678801	3.0886405E-13
1.727823	2.4424907E-13
1.7782766	1.9195756E-13
1.8302034	1.5165647E-13
1.8836465	1.1901591E-13
1.9386501	9.292567E-14
1.99526	7.238654E-14
2.0535233	5.6732397E-14
2.113488	4.5186077E-14
2.1752036	3.4861003E-14
2.2387214	2.6756375E-14
2.304094	2.0539126E-14
2.3713756	1.54321E-14
2.4406219	1.1324275E-14
2.51189	8.437695E-15
2.5852382	6.3282712E-15
2.6607285	4.8849813E-15
2.7384229	3.330669E-15
2.818386	2.4424907E-15
2.900684	1.7763568E-15
2.9853854	1.4432899E-15
3.0725598	1.110223E-15
3.16228	9.992007E-16
3.2546198	5.551115E-16
3.3496559	3.330669E-16
3.447467	2.220446E-16
3.5481343	0.0
3.6517413	0.0
3.7583735	0.0
3.8681195	0.0
3.98107	0.0
4.097319	0.0
4.2169633	0.0
4.340101	0.0
4.466834	0.0
4.5972676	0.0
4.7315106	0.0
4.869673	0.0
5.01187	0.0
5.1582193	0.0
5.3088417	0.0
5.463863	0.0
5.62341	0.0
5.7876167	0.0
5.9566183	0.0
6.1305547	0.0
6.30957	0.0
6.493813	0.0
6.683436	0.0
6.878596	0.0
7.079455	0.0
7.286179	0.0
7.4989395	0.0
7.7179127	0.0
7.94328	0.0
8.175228	0.0
8.41395	0.0
8.659641	0.0
8.912508	0.0
9.172758	0.0
9.440608	0.0
9.716279	0.0
10.0	0.0



DATASET #3

Name: 1000yr
Num Points: 2
Info: 

X, Y Data:
0.001	0.001
10.0	0.001



DATASET #4

Name: 2500yr
Num Points: 2
Info: 

X, Y Data:
0.001	4.0E-4
10.0	4.0E-4



DATASET #5

Name: 10000yr
Num Points: 2
Info: 

X, Y Data:
0.001	1.0E-4
10.0	1.0E-4


