
X-Axis: 5.0s SA (g)
Y-Axis: Annual Probabilitiy
Number of Data Sets: 5


DATASET #1

Name: UCERF3
Num Points: 401
Info: 

X, Y Data:
1.0E-4	0.06161242
1.0333392E-4	0.06161151
1.06779E-4	0.061610453
1.1033893E-4	0.061609227
1.14017545E-4	0.061607808
1.178188E-4	0.061606165
1.2174679E-4	0.061604273
1.2580573E-4	0.061602093
1.3E-4	0.061599586
1.334183E-4	0.061597347
1.369265E-4	0.06159485
1.4052694E-4	0.061592076
1.4422205E-4	0.061588995
1.4801433E-4	0.061585575
1.5190631E-4	0.061581787
1.5590065E-4	0.061577592
1.6E-4	0.061572954
1.645257E-4	0.061567433
1.691794E-4	0.061561294
1.7396474E-4	0.061554488
1.7888544E-4	0.061546944
1.8394532E-4	0.0615386
1.8914833E-4	0.061529376
1.944985E-4	0.061519198
2.0E-4	0.06150798
2.0565712E-4	0.06149564
2.1147425E-4	0.061482072
2.1745593E-4	0.06146718
2.236068E-4	0.061450854
2.2993165E-4	0.06143298
2.364354E-4	0.06141344
2.4312311E-4	0.06139211
2.5E-4	0.06136885
2.5783465E-4	0.061340697
2.659148E-4	0.06130981
2.742482E-4	0.06127598
2.8284272E-4	0.06123899
2.917066E-4	0.061198596
3.0084825E-4	0.061154563
3.102764E-4	0.061106637
3.2E-4	0.061054558
3.290514E-4	0.061003685
3.383588E-4	0.060948987
3.4792948E-4	0.060890257
3.5777088E-4	0.060827278
3.6789064E-4	0.060759824
3.7829665E-4	0.060687672
3.88997E-4	0.060610592
4.0E-4	0.06052835
4.1131425E-4	0.060440708
4.229485E-4	0.06034743
4.3491187E-4	0.060248274
4.472136E-4	0.060143
4.598633E-4	0.060031373
4.728708E-4	0.05991315
4.8624622E-4	0.059788093
5.0E-4	0.059655964
5.1465514E-4	0.05951142
5.2973983E-4	0.05935879
5.4526667E-4	0.059197832
5.612486E-4	0.0590283
5.77699E-4	0.05884997
5.946315E-4	0.058662616
6.120603E-4	0.05846603
6.3E-4	0.05826
6.4807665E-4	0.05804893
6.6667196E-4	0.057828467
6.858008E-4	0.057598457
7.0547854E-4	0.057358768
7.257209E-4	0.057109278
7.465441E-4	0.056849875
7.6796475E-4	0.056580473
7.9E-4	0.056300998
8.136239E-4	0.05599913
8.379543E-4	0.055686228
8.630122E-4	0.055362266
8.8881946E-4	0.05502725
9.153984E-4	0.054681193
9.427722E-4	0.054324146
9.7096455E-4	0.05395617
0.001	0.053577352
0.0010293103	0.05319552
0.0010594797	0.0528035
0.0010905333	0.052401427
0.0011224973	0.05198947
0.001155398	0.0515678
0.001189263	0.05113662
0.0012241206	0.050696146
0.00126	0.05024661
0.0012961533	0.049797866
0.0013333439	0.04934092
0.0013716016	0.04887602
0.0014109571	0.048403453
0.0014514418	0.04792349
0.0014930882	0.047436427
0.0015359295	0.046942562
0.00158	0.04644221
0.0016272478	0.045914494
0.0016759086	0.04538044
0.0017260244	0.044840425
0.0017776389	0.044294816
0.0018307968	0.04374399
0.0018855444	0.043188334
0.0019419291	0.042628225
0.002	0.04206404
0.0020575977	0.041516908
0.002116854	0.040966686
0.002177817	0.040413707
0.0022405356	0.039858308
0.0023050604	0.039300814
0.0023714434	0.038741548
0.0024397383	0.03818083
0.00251	0.03761898
0.0025833033	0.03704848
0.0026587474	0.036477447
0.0027363948	0.03590619
0.0028163097	0.035335
0.0028985585	0.03476418
0.0029832094	0.03419402
0.0030703326	0.03362479
0.00316	0.03305677
0.0032524571	0.032489188
0.0033476194	0.031923346
0.003445566	0.031359494
0.0035463783	0.030797873
0.0036501405	0.030238725
0.0037569385	0.029682279
0.003866861	0.029128758
0.00398	0.02857838
0.004096165	0.02803267
0.0042157196	0.027490498
0.0043387646	0.026952066
0.0044654002	0.02641756
0.0045957323	0.02588717
0.0047298684	0.02536107
0.0048679197	0.024839438
0.00501	0.02432244
0.005156579	0.023809033
0.0053074467	0.023300601
0.005462728	0.022797303
0.0056225527	0.022299282
0.0057870536	0.021806683
0.005956367	0.021319643
0.0061306343	0.020838289
0.00631	0.020362746
0.006493865	0.019895002
0.0066830874	0.019433253
0.0068778237	0.018977605
0.007078234	0.018528156
0.0072844843	0.018085
0.0074967444	0.017648224
0.00771519	0.017217904
0.00794	0.016794117
0.008172275	0.016375316
0.008411343	0.015963221
0.008657407	0.015557884
0.008910668	0.015159351
0.009171338	0.014767655
0.009439633	0.014382828
0.009715778	0.014004889
0.01	0.013633851
0.010292081	0.013270275
0.010592694	0.012913582
0.010902087	0.012563763
0.011220517	0.012220802
0.011548247	0.011884672
0.011885551	0.011555343
0.012232705	0.011232775
0.01259	0.010916923
0.012957647	0.010607804
0.013336032	0.010305287
0.013725464	0.01000931
0.01412627	0.009719802
0.014538779	0.009436689
0.014963334	0.009159891
0.015400288	0.008889325
0.01585	0.008624901
0.016312422	0.008366759
0.016788337	0.008114564
0.017278135	0.007868218
0.017782224	0.007627623
0.01830102	0.0073926765
0.01883495	0.007163277
0.019384459	0.00693932
0.01995	0.006720702
0.020533005	0.006506975
0.021133045	0.0062983944
0.021750621	0.006094857
0.022386245	0.00589626
0.023040446	0.0057025007
0.023713762	0.005513479
0.024406755	0.005329096
0.02512	0.005149256
0.025853088	0.004974096
0.02660757	0.0048032803
0.027384069	0.0046367203
0.02818323	0.004474329
0.029005712	0.0043160226
0.029852198	0.004161721
0.030723387	0.004011345
0.03162	0.0038648208
0.032543603	0.0037219508
0.033494186	0.0035827968
0.034472536	0.003447292
0.03547946	0.0033153712
0.0365158	0.0031869737
0.03758241	0.0030620398
0.03868017	0.0029405127
0.03981	0.0028223374
0.040972695	0.0027074742
0.042169347	0.0025958582
0.04340095	0.00248744
0.044668525	0.0023821718
0.04597312	0.0022800067
0.047315817	0.002180899
0.04869773	0.0020848045
0.05012	0.0019916785
0.0515838	0.0019014785
0.053090356	0.0018141605
0.05464091	0.0017296817
0.05623675	0.0016479993
0.0578792	0.00156907
0.059569612	0.0014928507
0.0613094	0.0014192977
0.0631	0.001348367
0.06494172	0.0012800562
0.066837184	0.0012142747
0.06878798	0.0011509764
0.070795715	0.0010901147
0.072862044	0.0010316423
0.074988686	9.75511E-4
0.077177405	9.216715E-4
0.07943	8.700741E-4
0.08174976	8.2063896E-4
0.08413727	7.733463E-4
0.08659451	7.281438E-4
0.08912351	6.8497856E-4
0.09172637	6.437969E-4
0.09440525	6.0454477E-4
0.097162366	5.671674E-4
0.1	5.316098E-4
0.102919795	4.9782457E-4
0.10592484	4.6574732E-4
0.109017625	4.3532235E-4
0.112200715	4.06494E-4
0.11547674	3.7920655E-4
0.11884842	3.5340464E-4
0.12231855	3.29033E-4
0.12589	3.0603685E-4
0.12956645	2.8435775E-4
0.13335027	2.639465E-4
0.13724458	2.4474994E-4
0.14125264	2.2671571E-4
0.14537773	2.0979226E-4
0.14962329	1.9392895E-4
0.15399285	1.7907617E-4
0.15849	1.6518537E-4
0.16311829	1.5220964E-4
0.16788174	1.4010219E-4
0.17278428	1.2881799E-4
0.17783	1.1831338E-4
0.18302307	1.08545995E-4
0.18836778	9.9474855E-5
0.19386858	9.1060356E-5
0.19953	8.3264305E-5
0.20535603	7.60508E-5
0.21135218	6.938354E-5
0.21752341	6.322867E-5
0.22387484	5.7553756E-5
0.23041171	5.2327814E-5
0.23713945	4.7521266E-5
0.24406363	4.3105945E-5
0.25119	3.905507E-5
0.25852492	3.5342986E-5
0.26607406	3.1945878E-5
0.27384362	2.8840946E-5
0.28184006	2.6006674E-5
0.29007	2.3422766E-5
0.29854023	2.1070127E-5
0.30725783	1.893081E-5
0.31623	1.698799E-5
0.32546407	1.5225916E-5
0.33496782	1.3629842E-5
0.34474903	1.21860185E-5
0.3548159	1.0881637E-5
0.3651767	9.704779E-6
0.37584007	8.6443815E-6
0.3868148	7.690186E-6
0.39811	6.8326985E-6
0.40973493	6.063151E-6
0.42169935	5.3734448E-6
0.4340131	4.756126E-6
0.44668642	4.2043425E-6
0.4597298	3.7118036E-6
0.47315407	3.2727446E-6
0.4869703	2.8818906E-6
0.50119	2.5344239E-6
0.5158249	2.2259503E-6
0.5308872	1.9524703E-6
0.5463893	1.7103473E-6
0.5623441	1.4962818E-6
0.57876474	1.3072842E-6
0.59566486	1.14065E-6
0.61305845	9.939375E-7
0.63096	8.6494487E-7
0.6493842	7.516905E-7
0.6683464	6.523931E-7
0.6878623	5.654548E-7
0.7079481	4.8944423E-7
0.72862035	4.2308162E-7
0.7498962	3.65224E-7
0.7717934	3.1485266E-7
0.79433	2.7106117E-7
0.8175246	2.3304406E-7
0.8413966	2.0008673E-7
0.86596555	1.7155654E-7
0.8912519	1.4689398E-7
0.9172767	1.256052E-7
0.9440614	1.0725487E-7
0.97162825	9.146016E-8
1.0	7.788455E-8
1.029201	6.623278E-8
1.0592546	5.624686E-8
1.090186	4.7700883E-8
1.1220205	4.039774E-8
1.1547846	3.4165684E-8
1.1885055	2.8855268E-8
1.223211	2.4336698E-8
1.25893	2.0497485E-8
1.2956905	1.7240282E-8
1.3335243	1.4480728E-8
1.3724631	1.2146163E-8
1.4125386	1.0173942E-8
1.4537846	8.51028E-9
1.4962348	7.1088695E-9
1.5399245	5.9301106E-9
1.58489	4.9400106E-9
1.6311698	4.1095847E-9
1.678801	3.4140717E-9
1.727823	2.8323959E-9
1.7782766	2.3466442E-9
1.8302034	1.9415363E-9
1.8836465	1.6041883E-9
1.9386501	1.3236647E-9
1.99526	1.0907028E-9
2.0535233	8.975374E-10
2.113488	7.375984E-10
2.1752036	6.053239E-10
2.2387214	4.9611404E-10
2.304094	4.060563E-10
2.3713756	3.3190106E-10
2.4406219	2.7093428E-10
2.51189	2.2085234E-10
2.5852382	1.7978619E-10
2.6607285	1.4616919E-10
2.7384229	1.186774E-10
2.818386	9.620349E-11
2.900684	7.7894025E-11
2.9853854	6.297207E-11
3.0725598	5.0840887E-11
3.16228	4.0994652E-11
3.2546198	3.2994718E-11
3.3496559	2.6524893E-11
3.447467	2.1285529E-11
3.5481343	1.70578E-11
3.6517413	1.3638535E-11
3.7583735	1.0891177E-11
3.8681195	8.681944E-12
3.98107	6.9108053E-12
4.097319	5.4896088E-12
4.2169633	4.346634E-12
4.340101	3.4379166E-12
4.466834	2.7042812E-12
4.5972676	2.1285196E-12
4.7315106	1.6679991E-12
4.869673	1.3101742E-12
5.01187	1.0125234E-12
5.1582193	7.860379E-13
5.3088417	6.0862426E-13
5.463863	4.6906923E-13
5.62341	3.5982328E-13
5.7876167	2.733369E-13
5.9566183	2.0672353E-13
6.1305547	1.5654145E-13
6.30957	1.184608E-13
6.493813	8.9483976E-14
6.683436	6.794565E-14
6.878596	4.9849014E-14
7.079455	3.8302694E-14
7.286179	2.7866598E-14
7.4989395	1.931788E-14
7.7179127	1.4654944E-14
7.94328	1.0880186E-14
8.175228	7.438494E-15
8.41395	5.6621374E-15
8.659641	3.996803E-15
8.912508	2.9976022E-15
9.172758	2.3314684E-15
9.440608	1.110223E-15
9.716279	6.661338E-16
10.0	3.330669E-16



DATASET #2

Name: RSQSim
Num Points: 401
Info: 

X, Y Data:
1.0E-4	0.08853832
1.0333392E-4	0.08853786
1.06779E-4	0.08853731
1.1033893E-4	0.08853669
1.14017545E-4	0.08853595
1.178188E-4	0.08853509
1.2174679E-4	0.0885341
1.2580573E-4	0.088532954
1.3E-4	0.08853163
1.334183E-4	0.088530436
1.369265E-4	0.088529095
1.4052694E-4	0.088527605
1.4422205E-4	0.088525936
1.4801433E-4	0.08852407
1.5190631E-4	0.088522
1.5590065E-4	0.08851969
1.6E-4	0.08851712
1.645257E-4	0.08851405
1.691794E-4	0.08851061
1.7396474E-4	0.08850677
1.7888544E-4	0.08850249
1.8394532E-4	0.08849772
1.8914833E-4	0.088492416
1.944985E-4	0.088486515
2.0E-4	0.08847997
2.0565712E-4	0.088472724
2.1147425E-4	0.08846469
2.1745593E-4	0.08845581
2.236068E-4	0.08844601
2.2993165E-4	0.088435195
2.364354E-4	0.08842328
2.4312311E-4	0.08841017
2.5E-4	0.08839576
2.5783465E-4	0.088378176
2.659148E-4	0.08835871
2.742482E-4	0.08833719
2.8284272E-4	0.08831343
2.917066E-4	0.08828725
3.0084825E-4	0.08825844
3.102764E-4	0.08822677
3.2E-4	0.088192016
3.290514E-4	0.08815774
3.383588E-4	0.08812056
3.4792948E-4	0.08808026
3.5777088E-4	0.088036634
3.6789064E-4	0.08798947
3.7829665E-4	0.08793853
3.88997E-4	0.087883584
4.0E-4	0.087824374
4.1131425E-4	0.08776066
4.229485E-4	0.08769215
4.3491187E-4	0.08761859
4.472136E-4	0.08753969
4.598633E-4	0.087455146
4.728708E-4	0.08736467
4.8624622E-4	0.08726795
5.0E-4	0.08716468
5.1465514E-4	0.087050445
5.2973983E-4	0.086928464
5.4526667E-4	0.08679836
5.612486E-4	0.08665975
5.77699E-4	0.08651226
5.946315E-4	0.08635549
6.120603E-4	0.086189054
6.3E-4	0.086012565
6.4807665E-4	0.08582961
6.6667196E-4	0.08563625
6.858008E-4	0.08543214
7.0547854E-4	0.085216895
7.257209E-4	0.08499016
7.465441E-4	0.084751576
7.6796475E-4	0.08450078
7.9E-4	0.08423744
8.136239E-4	0.08394945
8.379543E-4	0.083647095
8.630122E-4	0.083330035
8.8881946E-4	0.08299793
9.153984E-4	0.082650445
9.427722E-4	0.082287274
9.7096455E-4	0.08190812
0.001	0.08151273
0.0010293103	0.081109054
0.0010594797	0.08068932
0.0010905333	0.08025333
0.0011224973	0.079800926
0.001155398	0.079331964
0.001189263	0.078846335
0.0012241206	0.07834396
0.00126	0.07782477
0.0012961533	0.07730005
0.0013333439	0.07675918
0.0013716016	0.07620221
0.0014109571	0.075629175
0.0014514418	0.07504018
0.0014930882	0.07443532
0.0015359295	0.07381477
0.00158	0.073178686
0.0016272478	0.07249986
0.0016759086	0.071804665
0.0017260244	0.07109341
0.0017776389	0.07036642
0.0018307968	0.06962406
0.0018855444	0.06886672
0.0019419291	0.06809484
0.002	0.06730887
0.0020575977	0.06653867
0.002116854	0.065756306
0.002177817	0.06496227
0.0022405356	0.06415706
0.0023050604	0.063341215
0.0023714434	0.06251529
0.0024397383	0.06167984
0.00251	0.060835455
0.0025833033	0.059970845
0.0026587474	0.059098307
0.0027363948	0.058218498
0.0028163097	0.057332084
0.0028985585	0.05643974
0.0029832094	0.055542145
0.0030703326	0.05463999
0.00316	0.05373397
0.0032524571	0.05282312
0.0033476194	0.051909786
0.003445566	0.05099467
0.0035463783	0.050078467
0.0036501405	0.049161863
0.0037569385	0.04824555
0.003866861	0.047330193
0.00398	0.04641647
0.004096165	0.04550722
0.0042157196	0.044600874
0.0043387646	0.043698058
0.0044654002	0.042799376
0.0045957323	0.04190542
0.0047298684	0.041016757
0.0048679197	0.040133942
0.00501	0.039257504
0.005156579	0.038385894
0.0053074467	0.037521698
0.005462728	0.036665376
0.0056225527	0.035817377
0.0057870536	0.034978118
0.005956367	0.034147996
0.0061306343	0.03332738
0.00631	0.03251661
0.006493865	0.031719193
0.0066830874	0.030932158
0.0068778237	0.030155769
0.007078234	0.029390268
0.0072844843	0.028635873
0.0074967444	0.027892778
0.00771519	0.027161153
0.00794	0.026441148
0.008172275	0.02573015
0.008411343	0.025031094
0.008657407	0.02434406
0.008910668	0.023669114
0.009171338	0.0230063
0.009439633	0.02235564
0.009715778	0.021717146
0.01	0.021090807
0.010292081	0.020477535
0.010592694	0.019876316
0.010902087	0.0192871
0.011220517	0.018709822
0.011548247	0.018144405
0.011885551	0.01759076
0.012232705	0.017048793
0.01259	0.0165184
0.012957647	0.01599958
0.013336032	0.015492094
0.013725464	0.014995819
0.01412627	0.014510624
0.014538779	0.014036376
0.014963334	0.013572937
0.015400288	0.013120167
0.01585	0.012677924
0.016312422	0.012246449
0.016788337	0.0118251955
0.017278135	0.011414021
0.017782224	0.011012781
0.01830102	0.010621334
0.01883495	0.010239539
0.019384459	0.009867254
0.01995	0.009504341
0.020533005	0.009150093
0.021133045	0.008804978
0.021750621	0.008468859
0.022386245	0.008141607
0.023040446	0.007823094
0.023713762	0.0075131916
0.024406755	0.0072117774
0.02512	0.006918728
0.025853088	0.0066343015
0.02660757	0.00635798
0.027384069	0.006089648
0.02818323	0.005829191
0.029005712	0.0055764946
0.029852198	0.005331448
0.030723387	0.0050939387
0.03162	0.0048638564
0.032543603	0.0046408977
0.033494186	0.0044251583
0.034472536	0.004216527
0.03547946	0.0040148934
0.0365158	0.003820146
0.03758241	0.0036321725
0.03868017	0.0034508598
0.03981	0.0032760936
0.040972695	0.0031077778
0.042169347	0.0029457747
0.04340095	0.002789966
0.044668525	0.0026402322
0.04597312	0.0024964514
0.047315817	0.0023585004
0.04869773	0.002226254
0.05012	0.0020995853
0.0515838	0.0019783669
0.053090356	0.0018624676
0.05464091	0.0017517558
0.05623675	0.0016460983
0.0578792	0.0015453605
0.059569612	0.0014494066
0.0613094	0.0013581
0.0631	0.0012713027
0.06494172	0.0011889271
0.066837184	0.0011107785
0.06878798	0.0010367179
0.070795715	9.666064E-4
0.072862044	9.003053E-4
0.074988686	8.376762E-4
0.077177405	7.7858154E-4
0.07943	7.228845E-4
0.08174976	6.7041884E-4
0.08413727	6.2108465E-4
0.08659451	5.747491E-4
0.08912351	5.3128105E-4
0.09172637	4.905516E-4
0.09440525	4.5243403E-4
0.097162366	4.1680402E-4
0.1	3.8353997E-4
0.102919795	3.5253033E-4
0.10592484	3.2365095E-4
0.109017625	2.9678925E-4
0.112200715	2.718357E-4
0.11547674	2.4868434E-4
0.11884842	2.2723243E-4
0.12231855	2.073809E-4
0.12589	1.8903418E-4
0.12956645	1.7209718E-4
0.13335027	1.564853E-4
0.13724458	1.4211389E-4
0.14125264	1.2890199E-4
0.14537773	1.1677226E-4
0.14962329	1.0565105E-4
0.15399285	9.5468284E-5
0.15849	8.615742E-5
0.16311829	7.765578E-5
0.16788174	6.99033E-5
0.17278428	6.2843705E-5
0.17783	5.6423945E-5
0.18302307	5.0594135E-5
0.18836778	4.530744E-5
0.19386858	4.051996E-5
0.19953	3.6190646E-5
0.20535603	3.2281616E-5
0.21135218	2.8756605E-5
0.21752341	2.5582396E-5
0.22387484	2.2728143E-5
0.23041171	2.0165258E-5
0.23713945	1.786729E-5
0.24406363	1.5809812E-5
0.25119	1.3970307E-5
0.25852492	1.2327954E-5
0.26607406	1.0863847E-5
0.27384362	9.560534E-6
0.28184006	8.402041E-6
0.29007	7.3737788E-6
0.29854023	6.462439E-6
0.30725783	5.6559093E-6
0.31623	4.943182E-6
0.32546407	4.314277E-6
0.33496782	3.7601485E-6
0.34474903	3.2726257E-6
0.3548159	2.8443358E-6
0.3651767	2.4686385E-6
0.37584007	2.1395638E-6
0.3868148	1.851753E-6
0.39811	1.6004059E-6
0.40973493	1.3812304E-6
0.42169935	1.1903913E-6
0.4340131	1.0244728E-6
0.44668642	8.8043544E-7
0.4597298	7.555801E-7
0.47315407	6.4751373E-7
0.4869703	5.541183E-7
0.50119	4.735227E-7
0.5158249	4.0407656E-7
0.5308872	3.4432693E-7
0.5463893	2.9299667E-7
0.5623441	2.4896536E-7
0.57876474	2.1125146E-7
0.59566486	1.7899686E-7
0.61305845	1.514524E-7
0.63096	1.2796535E-7
0.6493842	1.0796796E-7
0.6683464	9.096703E-8
0.6878623	7.6535066E-8
0.7079481	6.430207E-8
0.72862035	5.3948376E-8
0.7498962	4.5198252E-8
0.7717934	3.781429E-8
0.79433	3.1592364E-8
0.8175246	2.6357355E-8
0.8413966	2.19592E-8
0.86596555	1.8269533E-8
0.8912519	1.5178758E-8
0.9172767	1.2593442E-8
0.9440614	1.043408E-8
0.97162825	8.633098E-9
1.0	7.1331985E-9
1.029201	5.8858185E-9
1.0592546	4.8499724E-9
1.090186	3.9910195E-9
1.1220205	3.2797642E-9
1.1547846	2.6916531E-9
1.1885055	2.2060425E-9
1.223211	1.8056321E-9
1.25893	1.4759376E-9
1.2956905	1.2048721E-9
1.3335243	9.823049E-10
1.3724631	7.9980067E-10
1.4125386	6.503642E-10
1.4537846	5.281663E-10
1.4962348	4.2838177E-10
1.5399245	3.4700431E-10
1.58489	2.8073455E-10
1.6311698	2.2683355E-10
1.678801	1.8305224E-10
1.727823	1.4753632E-10
1.7782766	1.1877088E-10
1.8302034	9.549461E-11
1.8836465	7.6681994E-11
1.9386501	6.1499916E-11
1.99526	4.926537E-11
2.0535233	3.942202E-11
2.113488	3.150913E-11
2.1752036	2.5149438E-11
2.2387214	2.005307E-11
2.304094	1.5970114E-11
2.3713756	1.2705614E-11
2.4406219	1.0096479E-11
2.51189	8.006484E-12
2.5852382	6.3542505E-12
2.6607285	5.0348614E-12
2.7384229	3.9800385E-12
2.818386	3.1431524E-12
2.900684	2.4703573E-12
2.9853854	1.941669E-12
3.0725598	1.5275559E-12
3.16228	1.1987078E-12
3.2546198	9.349188E-13
3.3496559	7.3308026E-13
3.447467	5.7021055E-13
3.5481343	4.3687276E-13
3.6517413	3.365086E-13
3.7583735	2.673417E-13
3.8681195	2.0738966E-13
3.98107	1.5754065E-13
4.097319	1.1368684E-13
4.2169633	7.771561E-14
4.340101	4.485301E-14
4.466834	2.3314684E-14
4.5972676	1.44329E-14
4.7315106	1.0769163E-14
4.869673	7.5495166E-15
5.01187	5.440093E-15
5.1582193	3.996803E-15
5.3088417	1.9984014E-15
5.463863	5.551115E-16
5.62341	0.0
5.7876167	0.0
5.9566183	0.0
6.1305547	0.0
6.30957	0.0
6.493813	0.0
6.683436	0.0
6.878596	0.0
7.079455	0.0
7.286179	0.0
7.4989395	0.0
7.7179127	0.0
7.94328	0.0
8.175228	0.0
8.41395	0.0
8.659641	0.0
8.912508	0.0
9.172758	0.0
9.440608	0.0
9.716279	0.0
10.0	0.0



DATASET #3

Name: 1000yr
Num Points: 2
Info: 

X, Y Data:
0.001	0.001
10.0	0.001



DATASET #4

Name: 2500yr
Num Points: 2
Info: 

X, Y Data:
0.001	4.0E-4
10.0	4.0E-4



DATASET #5

Name: 10000yr
Num Points: 2
Info: 

X, Y Data:
0.001	1.0E-4
10.0	1.0E-4


