
X-Axis: 0.2s SA (g)
Y-Axis: Annual Probabilitiy
Number of Data Sets: 5


DATASET #1

Name: UCERF3
Num Points: 401
Info: 

X, Y Data:
1.0E-4	0.059430905
1.0333392E-4	0.059430905
1.06779E-4	0.059430905
1.1033893E-4	0.059430905
1.14017545E-4	0.059430905
1.178188E-4	0.059430905
1.2174679E-4	0.059430905
1.2580573E-4	0.059430905
1.3E-4	0.059430905
1.334183E-4	0.059430905
1.369265E-4	0.059430905
1.4052694E-4	0.059430905
1.4422205E-4	0.059430905
1.4801433E-4	0.059430905
1.5190631E-4	0.059430905
1.5590065E-4	0.059430905
1.6E-4	0.059430905
1.645257E-4	0.059430905
1.691794E-4	0.059430905
1.7396474E-4	0.059430905
1.7888544E-4	0.059430905
1.8394532E-4	0.059430905
1.8914833E-4	0.059430905
1.944985E-4	0.059430905
2.0E-4	0.059430905
2.0565712E-4	0.059430905
2.1147425E-4	0.059430905
2.1745593E-4	0.059430905
2.236068E-4	0.059430905
2.2993165E-4	0.059430905
2.364354E-4	0.059430905
2.4312311E-4	0.059430905
2.5E-4	0.059430905
2.5783465E-4	0.059430905
2.659148E-4	0.059430905
2.742482E-4	0.059430905
2.8284272E-4	0.059430905
2.917066E-4	0.059430905
3.0084825E-4	0.059430905
3.102764E-4	0.059430905
3.2E-4	0.059430905
3.290514E-4	0.059430905
3.383588E-4	0.059430905
3.4792948E-4	0.0594309
3.5777088E-4	0.0594309
3.6789064E-4	0.0594309
3.7829665E-4	0.0594309
3.88997E-4	0.0594309
4.0E-4	0.0594309
4.1131425E-4	0.0594309
4.229485E-4	0.059430897
4.3491187E-4	0.059430897
4.472136E-4	0.059430897
4.598633E-4	0.059430894
4.728708E-4	0.059430894
4.8624622E-4	0.05943089
5.0E-4	0.059430886
5.1465514E-4	0.059430882
5.2973983E-4	0.05943088
5.4526667E-4	0.059430875
5.612486E-4	0.059430867
5.77699E-4	0.05943086
5.946315E-4	0.05943085
6.120603E-4	0.059430838
6.3E-4	0.059430823
6.4807665E-4	0.059430808
6.6667196E-4	0.05943079
6.858008E-4	0.059430767
7.0547854E-4	0.059430737
7.257209E-4	0.059430704
7.465441E-4	0.059430666
7.6796475E-4	0.059430618
7.9E-4	0.059430566
8.136239E-4	0.059430495
8.379543E-4	0.059430417
8.630122E-4	0.05943032
8.8881946E-4	0.059430208
9.153984E-4	0.059430074
9.427722E-4	0.059429917
9.7096455E-4	0.05942973
0.001	0.05942951
0.0010293103	0.05942926
0.0010594797	0.05942897
0.0010905333	0.05942863
0.0011224973	0.059428234
0.001155398	0.05942777
0.001189263	0.05942724
0.0012241206	0.05942662
0.00126	0.059425905
0.0012961533	0.0594251
0.0013333439	0.059424173
0.0013716016	0.05942311
0.0014109571	0.059421897
0.0014514418	0.05942051
0.0014930882	0.059418928
0.0015359295	0.059417125
0.00158	0.059415076
0.0016272478	0.059412643
0.0016759086	0.059409875
0.0017260244	0.059406728
0.0017776389	0.059403155
0.0018307968	0.059399106
0.0018855444	0.059394524
0.0019419291	0.059389353
0.002	0.059383526
0.0020575977	0.059377223
0.002116854	0.059370175
0.002177817	0.059362303
0.0022405356	0.059353527
0.0023050604	0.059343763
0.0023714434	0.059332915
0.0024397383	0.05932088
0.00251	0.05930755
0.0025833033	0.059292596
0.0026587474	0.05927607
0.0027363948	0.059257828
0.0028163097	0.059237733
0.0028985585	0.059215628
0.0029832094	0.059191354
0.0030703326	0.059164744
0.00316	0.059135612
0.0032524571	0.059103724
0.0033476194	0.059068922
0.003445566	0.05903101
0.0035463783	0.058989774
0.0036501405	0.058944996
0.0037569385	0.05889645
0.003866861	0.058843896
0.00398	0.058787096
0.004096165	0.05872596
0.0042157196	0.058660105
0.0043387646	0.058589272
0.0044654002	0.058513205
0.0045957323	0.05843164
0.0047298684	0.058344316
0.0048679197	0.05825096
0.00501	0.058151312
0.005156579	0.05804484
0.0053074467	0.05793151
0.005462728	0.057811048
0.0056225527	0.0576832
0.0057870536	0.057547703
0.005956367	0.05740431
0.0061306343	0.057252765
0.00631	0.057092838
0.006493865	0.056924984
0.0066830874	0.056748364
0.0068778237	0.056562766
0.007078234	0.056368
0.0072844843	0.056163874
0.0074967444	0.055950217
0.00771519	0.055726867
0.00794	0.055493683
0.008172275	0.055249564
0.008411343	0.054995283
0.008657407	0.05473074
0.008910668	0.054455843
0.009171338	0.054170527
0.009439633	0.05387474
0.009715778	0.05356844
0.01	0.053251617
0.010292081	0.05292477
0.010592694	0.05258743
0.010902087	0.052239634
0.011220517	0.05188142
0.011548247	0.051512845
0.011885551	0.05113398
0.012232705	0.050744914
0.01259	0.050345745
0.012957647	0.04993668
0.013336032	0.049517747
0.013725464	0.04908908
0.01412627	0.048650835
0.014538779	0.04820315
0.014963334	0.047746204
0.015400288	0.047280155
0.01585	0.046805184
0.016312422	0.04632192
0.016788337	0.045830123
0.017278135	0.04532999
0.017782224	0.044821728
0.01830102	0.044305533
0.01883495	0.043781616
0.019384459	0.043250192
0.01995	0.042711474
0.020533005	0.042164788
0.021133045	0.04161122
0.021750621	0.041051008
0.022386245	0.040484373
0.023040446	0.039911542
0.023713762	0.03933276
0.024406755	0.038748257
0.02512	0.03815827
0.025853088	0.03756386
0.02660757	0.036964472
0.027384069	0.036360368
0.02818323	0.035751805
0.029005712	0.03513904
0.029852198	0.034522347
0.030723387	0.033902
0.03162	0.033278286
0.032543603	0.03265094
0.033494186	0.03202081
0.034472536	0.031388205
0.03547946	0.03075344
0.0365158	0.030116843
0.03758241	0.02947875
0.03868017	0.028839506
0.03981	0.02819947
0.040972695	0.027559076
0.042169347	0.02691863
0.04340095	0.026278513
0.044668525	0.025639124
0.04597312	0.025000865
0.047315817	0.02436415
0.04869773	0.023729393
0.05012	0.023097029
0.0515838	0.02246749
0.053090356	0.021841215
0.05464091	0.021218644
0.05623675	0.02060023
0.0578792	0.019986417
0.059569612	0.019377654
0.0613094	0.018774396
0.0631	0.018177085
0.06494172	0.017586535
0.066837184	0.017002806
0.06878798	0.016426327
0.070795715	0.015857521
0.072862044	0.015296801
0.074988686	0.014744564
0.077177405	0.014201199
0.07943	0.013667076
0.08174976	0.013142238
0.08413727	0.012627349
0.08659451	0.012122729
0.08912351	0.011628673
0.09172637	0.011145462
0.09440525	0.010673348
0.097162366	0.010212562
0.1	0.009763311
0.102919795	0.00932588
0.10592484	0.008900313
0.109017625	0.008486741
0.112200715	0.008085266
0.11547674	0.007695964
0.11884842	0.007318886
0.12231855	0.006954055
0.12589	0.0066014687
0.12956645	0.0062610353
0.13335027	0.005932772
0.13724458	0.005616602
0.14125264	0.005312426
0.14537773	0.005020121
0.14962329	0.004739545
0.15399285	0.0044705328
0.15849	0.004212903
0.16311829	0.0039664647
0.16788174	0.0037309907
0.17278428	0.0035062488
0.17783	0.0032919936
0.18302307	0.0030879674
0.18836778	0.002893902
0.19386858	0.0027095191
0.19953	0.0025345332
0.20535603	0.0023686711
0.21135218	0.002211613
0.21752341	0.0020630579
0.22387484	0.0019227006
0.23041171	0.0017902355
0.23713945	0.0016653562
0.24406363	0.0015477574
0.25119	0.0014371352
0.25852492	0.0013331819
0.26607406	0.0012356074
0.27384362	0.0011441188
0.28184006	0.0010584283
0.29007	9.782537E-4
0.29854023	9.033192E-4
0.30725783	8.333563E-4
0.31623	7.6810346E-4
0.32546407	7.073076E-4
0.33496782	6.5072277E-4
0.34474903	5.9811166E-4
0.3548159	5.4924574E-4
0.3651767	5.0390494E-4
0.37584007	4.6187808E-4
0.3868148	4.2296262E-4
0.39811	3.869649E-4
0.40973493	3.5370016E-4
0.42169935	3.2299184E-4
0.4340131	2.9467212E-4
0.44668642	2.685816E-4
0.4597298	2.445691E-4
0.47315407	2.2249135E-4
0.4869703	2.0221299E-4
0.50119	1.8360616E-4
0.5158249	1.6655031E-4
0.5308872	1.5093203E-4
0.5463893	1.3664465E-4
0.5623441	1.2358808E-4
0.57876474	1.1166844E-4
0.59566486	1.00797886E-4
0.61305845	9.089427E-5
0.63096	8.1880906E-5
0.6493842	7.368629E-5
0.6683464	6.624382E-5
0.6878623	5.9491522E-5
0.7079481	5.337187E-5
0.72862035	4.783148E-5
0.7498962	4.2820873E-5
0.7717934	3.8294274E-5
0.79433	3.4209355E-5
0.8175246	3.052705E-5
0.8413966	2.7211325E-5
0.86596555	2.4228993E-5
0.8912519	2.1549535E-5
0.9172767	1.9144902E-5
0.9440614	1.6989357E-5
0.97162825	1.5059311E-5
1.0	1.3333172E-5
1.029201	1.1791159E-5
1.0592546	1.0415285E-5
1.090186	9.189108E-6
1.1220205	8.097646E-6
1.1547846	7.1272693E-6
1.1885055	6.2655963E-6
1.223211	5.501387E-6
1.25893	4.824456E-6
1.2956905	4.225606E-6
1.3335243	3.6964748E-6
1.3724631	3.229538E-6
1.4125386	2.8180134E-6
1.4537846	2.4557921E-6
1.4962348	2.1373814E-6
1.5399245	1.8578492E-6
1.58489	1.6127718E-6
1.6311698	1.3981822E-6
1.678801	1.2105456E-6
1.727823	1.0466977E-6
1.7782766	9.0381695E-7
1.8302034	7.793907E-7
1.8836465	6.711844E-7
1.9386501	5.772144E-7
1.99526	4.9572157E-7
2.0535233	4.2514787E-7
2.113488	3.6411717E-7
2.1752036	3.1141388E-7
2.2387214	2.6596695E-7
2.304094	2.2683356E-7
2.3713756	1.9318531E-7
2.4406219	1.642954E-7
2.51189	1.3952712E-7
2.5852382	1.1832377E-7
2.6607285	1.0019885E-7
2.7384229	8.472825E-8
2.818386	7.154291E-8
2.900684	6.0321945E-8
2.9853854	5.0787033E-8
3.0725598	4.2697042E-8
3.16228	3.5843293E-8
3.2546198	3.004567E-8
3.3496559	2.5148825E-8
3.447467	2.1019153E-8
3.5481343	1.7541717E-8
3.6517413	1.4618017E-8
3.7583735	1.2163615E-8
3.8681195	1.0106376E-8
3.98107	8.384621E-9
4.097319	6.945875E-9
4.2169633	5.745484E-9
4.340101	4.7455044E-9
4.466834	3.9137573E-9
4.5972676	3.2229965E-9
4.7315106	2.6502307E-9
4.869673	2.1760203E-9
5.01187	1.7840337E-9
5.1582193	1.4604936E-9
5.3088417	1.1938529E-9
5.463863	9.744494E-10
5.62341	7.942005E-10
5.7876167	6.4634664E-10
5.9566183	5.252453E-10
6.1305547	4.2621107E-10
6.30957	3.4533887E-10
6.493813	2.7940839E-10
6.683436	2.2574143E-10
6.878596	1.821141E-10
7.079455	1.467052E-10
7.286179	1.1801327E-10
7.4989395	9.479528E-11
7.7179127	7.604117E-11
7.94328	6.0904615E-11
8.175228	4.8718807E-11
8.41395	3.8914427E-11
8.659641	3.1039393E-11
8.912508	2.4726998E-11
9.172758	1.9667934E-11
9.440608	1.5626389E-11
9.716279	1.2395307E-11
10.0	9.817702E-12



DATASET #2

Name: RSQSim
Num Points: 401
Info: 

X, Y Data:
1.0E-4	0.07896417
1.0333392E-4	0.07896417
1.06779E-4	0.07896417
1.1033893E-4	0.07896417
1.14017545E-4	0.07896417
1.178188E-4	0.07896417
1.2174679E-4	0.07896417
1.2580573E-4	0.07896417
1.3E-4	0.07896417
1.334183E-4	0.07896417
1.369265E-4	0.07896417
1.4052694E-4	0.07896417
1.4422205E-4	0.07896417
1.4801433E-4	0.07896417
1.5190631E-4	0.07896417
1.5590065E-4	0.07896417
1.6E-4	0.07896417
1.645257E-4	0.07896417
1.691794E-4	0.07896417
1.7396474E-4	0.07896417
1.7888544E-4	0.07896417
1.8394532E-4	0.07896417
1.8914833E-4	0.07896417
1.944985E-4	0.07896417
2.0E-4	0.07896417
2.0565712E-4	0.07896417
2.1147425E-4	0.07896417
2.1745593E-4	0.07896417
2.236068E-4	0.07896417
2.2993165E-4	0.07896417
2.364354E-4	0.07896417
2.4312311E-4	0.07896417
2.5E-4	0.07896417
2.5783465E-4	0.07896417
2.659148E-4	0.07896417
2.742482E-4	0.07896417
2.8284272E-4	0.07896417
2.917066E-4	0.07896417
3.0084825E-4	0.07896417
3.102764E-4	0.07896417
3.2E-4	0.07896417
3.290514E-4	0.07896417
3.383588E-4	0.07896417
3.4792948E-4	0.07896417
3.5777088E-4	0.07896417
3.6789064E-4	0.07896417
3.7829665E-4	0.07896417
3.88997E-4	0.07896417
4.0E-4	0.07896417
4.1131425E-4	0.07896417
4.229485E-4	0.07896417
4.3491187E-4	0.07896417
4.472136E-4	0.07896417
4.598633E-4	0.07896417
4.728708E-4	0.07896417
4.8624622E-4	0.07896417
5.0E-4	0.07896416
5.1465514E-4	0.07896416
5.2973983E-4	0.07896416
5.4526667E-4	0.07896415
5.612486E-4	0.07896415
5.77699E-4	0.078964144
5.946315E-4	0.078964144
6.120603E-4	0.07896414
6.3E-4	0.07896413
6.4807665E-4	0.07896412
6.6667196E-4	0.07896411
6.858008E-4	0.0789641
7.0547854E-4	0.078964084
7.257209E-4	0.07896406
7.465441E-4	0.07896405
7.6796475E-4	0.07896402
7.9E-4	0.07896399
8.136239E-4	0.07896396
8.379543E-4	0.07896391
8.630122E-4	0.07896386
8.8881946E-4	0.0789638
9.153984E-4	0.07896373
9.427722E-4	0.078963645
9.7096455E-4	0.07896355
0.001	0.07896343
0.0010293103	0.078963295
0.0010594797	0.07896314
0.0010905333	0.07896295
0.0011224973	0.07896274
0.001155398	0.07896249
0.001189263	0.0789622
0.0012241206	0.078961864
0.00126	0.07896148
0.0012961533	0.07896104
0.0013333439	0.07896052
0.0013716016	0.07895994
0.0014109571	0.07895927
0.0014514418	0.078958504
0.0014930882	0.078957625
0.0015359295	0.07895661
0.00158	0.078955464
0.0016272478	0.0789541
0.0016759086	0.07895253
0.0017260244	0.07895074
0.0017776389	0.07894871
0.0018307968	0.07894638
0.0018855444	0.07894374
0.0019419291	0.07894074
0.002	0.078937344
0.0020575977	0.07893365
0.002116854	0.07892949
0.002177817	0.07892483
0.0022405356	0.07891959
0.0023050604	0.078913726
0.0023714434	0.07890717
0.0024397383	0.078899845
0.00251	0.07889169
0.0025833033	0.078882456
0.0026587474	0.07887219
0.0027363948	0.07886076
0.0028163097	0.07884808
0.0028985585	0.07883402
0.0029832094	0.07881845
0.0030703326	0.07880123
0.00316	0.07878223
0.0032524571	0.078761235
0.0033476194	0.078738116
0.003445566	0.0787127
0.0035463783	0.07868479
0.0036501405	0.078654185
0.0037569385	0.07862067
0.003866861	0.07858402
0.00398	0.078544
0.004096165	0.078500465
0.0042157196	0.07845306
0.0043387646	0.0784015
0.0044654002	0.078345515
0.0045957323	0.07828479
0.0047298684	0.07821902
0.0048679197	0.07814787
0.00501	0.078071006
0.005156579	0.07798787
0.0053074467	0.077898264
0.005462728	0.077801816
0.0056225527	0.07769813
0.0057870536	0.0775868
0.005956367	0.07746742
0.0061306343	0.07733957
0.00631	0.0772028
0.006493865	0.07705729
0.0066830874	0.076902054
0.0068778237	0.07673666
0.007078234	0.07656064
0.0072844843	0.07637353
0.0074967444	0.076174885
0.00771519	0.07596423
0.00794	0.0757411
0.008172275	0.07550409
0.008411343	0.07525357
0.008657407	0.074989095
0.008910668	0.07471019
0.009171338	0.074416414
0.009439633	0.074107334
0.009715778	0.07378251
0.01	0.073441535
0.010292081	0.07308456
0.010592694	0.0727107
0.010902087	0.07231959
0.011220517	0.07191088
0.011548247	0.071484245
0.011885551	0.0710394
0.012232705	0.070576064
0.01259	0.070094
0.012957647	0.06959309
0.013336032	0.069073044
0.013725464	0.068533726
0.01412627	0.067975014
0.014538779	0.06739681
0.014963334	0.06679909
0.015400288	0.06618182
0.01585	0.06554505
0.016312422	0.06488944
0.016788337	0.06421454
0.017278135	0.063520506
0.017782224	0.06280752
0.01830102	0.062075842
0.01883495	0.061325736
0.019384459	0.06055753
0.01995	0.059771586
0.020533005	0.058966994
0.021133045	0.058145475
0.021750621	0.057307523
0.022386245	0.05645368
0.023040446	0.05558452
0.023713762	0.05470066
0.024406755	0.053802766
0.02512	0.05289152
0.025853088	0.051968906
0.02660757	0.051034473
0.027384069	0.050089005
0.02818323	0.049133334
0.029005712	0.0481683
0.029852198	0.047194794
0.030723387	0.046213705
0.03162	0.04522596
0.032543603	0.044231623
0.033494186	0.043232523
0.034472536	0.042229634
0.03547946	0.04122394
0.0365158	0.040216435
0.03758241	0.039208125
0.03868017	0.03820001
0.03981	0.037193093
0.040972695	0.03618849
0.042169347	0.035187088
0.04340095	0.034189865
0.044668525	0.03319781
0.04597312	0.032211874
0.047315817	0.031233009
0.04869773	0.030262146
0.05012	0.02930019
0.0515838	0.02834803
0.053090356	0.02740652
0.05464091	0.026476484
0.05623675	0.025558725
0.0578792	0.024654007
0.059569612	0.023763062
0.0613094	0.022886585
0.0631	0.022025233
0.06494172	0.021180153
0.066837184	0.020351373
0.06878798	0.019539427
0.070795715	0.01874481
0.072862044	0.017967967
0.074988686	0.017209304
0.077177405	0.016469182
0.07943	0.015747914
0.08174976	0.015045356
0.08413727	0.014362171
0.08659451	0.013698542
0.08912351	0.013054603
0.09172637	0.012430448
0.09440525	0.011826126
0.097162366	0.011241645
0.1	0.010676969
0.102919795	0.010132155
0.10592484	0.009606952
0.109017625	0.009101208
0.112200715	0.00861474
0.11547674	0.008147329
0.11884842	0.0076987217
0.12231855	0.0072686374
0.12589	0.006856766
0.12956645	0.0064626965
0.13335027	0.0060861497
0.13724458	0.0057267426
0.14125264	0.0053840717
0.14537773	0.0050577167
0.14962329	0.0047472394
0.15399285	0.0044521904
0.15849	0.0041721067
0.16311829	0.0039065275
0.16788174	0.0036549608
0.17278428	0.003416922
0.17783	0.003191922
0.18302307	0.0029794706
0.18836778	0.0027790768
0.19386858	0.0025902512
0.19953	0.0024125078
0.20535603	0.0022453847
0.21135218	0.0020883842
0.21752341	0.0019410378
0.22387484	0.0018028858
0.23041171	0.0016734775
0.23713945	0.0015523727
0.24406363	0.0014391425
0.25119	0.0013333698
0.25852492	0.0012346439
0.26607406	0.0011425803
0.27384362	0.0010568012
0.28184006	9.769424E-4
0.29007	9.026538E-4
0.29854023	8.335997E-4
0.30725783	7.6945854E-4
0.31623	7.099233E-4
0.32546407	6.547014E-4
0.33496782	6.035136E-4
0.34474903	5.5609527E-4
0.3548159	5.1219534E-4
0.3651767	4.7157603E-4
0.37584007	4.3401288E-4
0.3868148	3.9929396E-4
0.39811	3.672198E-4
0.40973493	3.3760295E-4
0.42169935	3.10267E-4
0.4340131	2.8504684E-4
0.44668642	2.6178788E-4
0.4597298	2.4034549E-4
0.47315407	2.2058476E-4
0.4869703	2.0237983E-4
0.50119	1.8561346E-4
0.5158249	1.7017659E-4
0.5308872	1.5596785E-4
0.5463893	1.4289316E-4
0.5623441	1.308652E-4
0.57876474	1.19803095E-4
0.59566486	1.09631896E-4
0.61305845	1.0028229E-4
0.63096	9.169014E-5
0.6493842	8.3796214E-5
0.6683464	7.6545744E-5
0.6878623	6.988817E-5
0.7079481	6.377684E-5
0.72862035	5.816868E-5
0.7498962	5.3023974E-5
0.7717934	4.8306087E-5
0.79433	4.3981225E-5
0.8175246	4.0018225E-5
0.8413966	3.638835E-5
0.86596555	3.306509E-5
0.8912519	3.0024019E-5
0.9172767	2.724259E-5
0.9440614	2.470001E-5
0.97162825	2.2377102E-5
1.0	2.0256171E-5
1.029201	1.8320849E-5
1.0592546	1.6556121E-5
1.090186	1.4948087E-5
1.1220205	1.3483916E-5
1.1547846	1.2151764E-5
1.1885055	1.09407065E-5
1.223211	9.8406545E-6
1.25893	8.842304E-6
1.2956905	7.937103E-6
1.3335243	7.1170916E-6
1.3724631	6.3749662E-6
1.4125386	5.703996E-6
1.4537846	5.097978E-6
1.4962348	4.551198E-6
1.5399245	4.0583964E-6
1.58489	3.6147337E-6
1.6311698	3.21575E-6
1.678801	2.8573697E-6
1.727823	2.5358393E-6
1.7782766	2.247715E-6
1.8302034	1.9898414E-6
1.8836465	1.7593285E-6
1.9386501	1.5535333E-6
1.99526	1.3700404E-6
2.0535233	1.2066445E-6
2.113488	1.0613369E-6
2.1752036	9.322877E-7
2.2387214	8.1783236E-7
2.304094	7.164591E-7
2.3713756	6.267966E-7
2.4406219	5.4760244E-7
2.51189	4.77753E-7
2.5852382	4.162339E-7
2.6607285	3.6212845E-7
2.7384229	3.1461195E-7
2.818386	2.7294274E-7
2.900684	2.3645481E-7
2.9853854	2.0455107E-7
3.0725598	1.76697E-7
3.16228	1.524149E-7
3.2546198	1.3127858E-7
3.3496559	1.12908225E-7
3.447467	9.696613E-8
3.5481343	8.315243E-8
3.6517413	7.120129E-8
3.7583735	6.08775E-8
3.8681195	5.197323E-8
3.98107	4.430521E-8
4.097319	3.7712034E-8
4.2169633	3.2051908E-8
4.340101	2.7200405E-8
4.466834	2.3048521E-8
4.5972676	1.9500945E-8
4.7315106	1.6474498E-8
4.869673	1.3896706E-8
5.01187	1.1704519E-8
5.1582193	9.843226E-9
5.3088417	8.265371E-9
5.463863	6.929909E-9
5.62341	5.801414E-9
5.7876167	4.8493125E-9
5.9566183	4.047319E-9
6.1305547	3.3728367E-9
6.30957	2.8064981E-9
6.493813	2.33171E-9
6.683436	1.9343114E-9
6.878596	1.6022133E-9
7.079455	1.3251311E-9
7.286179	1.094313E-9
7.4989395	9.0233676E-10
7.7179127	7.4291495E-10
7.94328	6.1074446E-10
8.175228	5.013342E-10
8.41395	4.1091408E-10
8.659641	3.3630132E-10
8.912508	2.7482616E-10
9.172758	2.2425684E-10
9.440608	1.8272217E-10
9.716279	1.4866108E-10
10.0	1.2077439E-10



DATASET #3

Name: 1000yr
Num Points: 2
Info: 

X, Y Data:
0.001	0.001
10.0	0.001



DATASET #4

Name: 2500yr
Num Points: 2
Info: 

X, Y Data:
0.001	4.0E-4
10.0	4.0E-4



DATASET #5

Name: 10000yr
Num Points: 2
Info: 

X, Y Data:
0.001	1.0E-4
10.0	1.0E-4


