
X-Axis: PGA (g)
Y-Axis: Annual Probabilitiy
Number of Data Sets: 6


DATASET #1

Name: UCERF3 Full
Num Points: 51
Info: 

X, Y Data:
1.0E-4	0.6971002
1.3E-4	0.6968055
1.6E-4	0.69631255
2.0E-4	0.69531804
2.5E-4	0.69353426
3.2E-4	0.69012177
4.0E-4	0.6851478
5.0E-4	0.67773986
6.3E-4	0.6668092
7.9E-4	0.65223324
0.001	0.63236105
0.00126	0.6077644
0.00158	0.57850504
0.002	0.54253775
0.00251	0.50279886
0.00316	0.45797017
0.00398	0.40945363
0.00501	0.35891443
0.00631	0.3080012
0.00794	0.25910944
0.01	0.21374886
0.01259	0.17353135
0.01585	0.13903284
0.01995	0.11026203
0.02512	0.08670575
0.03162	0.0677661
0.03981	0.052656405
0.05012	0.04067447
0.0631	0.031172806
0.07943	0.023627363
0.1	0.017637152
0.12589	0.012936444
0.15849	0.009324241
0.19953	0.006624629
0.25119	0.0046557626
0.31623	0.0032362842
0.39811	0.0022095463
0.50119	0.0014611072
0.63096	9.1931986E-4
0.79433	5.408157E-4
1.0	2.9313238E-4
1.25893	1.4479102E-4
1.58489	6.468796E-5
1.99526	2.6012258E-5
2.51189	9.388016E-6
3.16228	3.0369047E-6
3.98107	8.803802E-7
5.01187	2.2891174E-7
6.30957	5.348722E-8
7.94328	1.1263343E-8
10.0	2.1455782E-9



DATASET #2

Name: UCERF3
Num Points: 401
Info: 

X, Y Data:
1.0E-4	0.033630792
1.0333392E-4	0.033630792
1.06779E-4	0.033630792
1.1033893E-4	0.033630792
1.14017545E-4	0.033630792
1.178188E-4	0.033630792
1.2174679E-4	0.033630792
1.2580573E-4	0.033630792
1.3E-4	0.033630792
1.334183E-4	0.033630792
1.369265E-4	0.033630792
1.4052694E-4	0.033630792
1.4422205E-4	0.033630792
1.4801433E-4	0.033630792
1.5190631E-4	0.033630792
1.5590065E-4	0.033630792
1.6E-4	0.033630792
1.645257E-4	0.033630792
1.691794E-4	0.033630792
1.7396474E-4	0.033630792
1.7888544E-4	0.033630792
1.8394532E-4	0.033630792
1.8914833E-4	0.033630792
1.944985E-4	0.033630792
2.0E-4	0.033630792
2.0565712E-4	0.033630792
2.1147425E-4	0.033630792
2.1745593E-4	0.033630792
2.236068E-4	0.033630792
2.2993165E-4	0.033630792
2.364354E-4	0.033630792
2.4312311E-4	0.033630792
2.5E-4	0.033630792
2.5783465E-4	0.033630792
2.659148E-4	0.033630792
2.742482E-4	0.033630792
2.8284272E-4	0.033630792
2.917066E-4	0.03363079
3.0084825E-4	0.03363079
3.102764E-4	0.03363079
3.2E-4	0.03363079
3.290514E-4	0.033630785
3.383588E-4	0.033630785
3.4792948E-4	0.03363078
3.5777088E-4	0.033630777
3.6789064E-4	0.033630777
3.7829665E-4	0.03363077
3.88997E-4	0.033630766
4.0E-4	0.033630762
4.1131425E-4	0.033630755
4.229485E-4	0.033630747
4.3491187E-4	0.03363074
4.472136E-4	0.03363073
4.598633E-4	0.033630714
4.728708E-4	0.0336307
4.8624622E-4	0.03363068
5.0E-4	0.03363066
5.1465514E-4	0.033630636
5.2973983E-4	0.033630606
5.4526667E-4	0.03363057
5.612486E-4	0.033630524
5.77699E-4	0.033630475
5.946315E-4	0.033630416
6.120603E-4	0.03363035
6.3E-4	0.033630267
6.4807665E-4	0.033630174
6.6667196E-4	0.033630066
6.858008E-4	0.033629943
7.0547854E-4	0.033629797
7.257209E-4	0.03362963
7.465441E-4	0.033629436
7.6796475E-4	0.033629213
7.9E-4	0.033628955
8.136239E-4	0.033628646
8.379543E-4	0.03362829
8.630122E-4	0.033627875
8.8881946E-4	0.033627402
9.153984E-4	0.03362686
9.427722E-4	0.033626232
9.7096455E-4	0.033625517
0.001	0.033624697
0.0010293103	0.03362378
0.0010594797	0.03362274
0.0010905333	0.03362156
0.0011224973	0.033620223
0.001155398	0.033618707
0.001189263	0.033617
0.0012241206	0.03361507
0.00126	0.033612903
0.0012961533	0.03361052
0.0013333439	0.03360785
0.0013716016	0.03360487
0.0014109571	0.03360154
0.0014514418	0.033597834
0.0014930882	0.03359371
0.0015359295	0.03358913
0.00158	0.03358405
0.0016272478	0.03357818
0.0016759086	0.03357166
0.0017260244	0.03356444
0.0017776389	0.03355645
0.0018307968	0.033547625
0.0018855444	0.033537894
0.0019419291	0.033527184
0.002	0.033515412
0.0020575977	0.03350299
0.002116854	0.033489425
0.002177817	0.033474643
0.0022405356	0.033458553
0.0023050604	0.033441067
0.0023714434	0.033422098
0.0024397383	0.033401545
0.00251	0.033379313
0.0025833033	0.033354957
0.0026587474	0.03332866
0.0027363948	0.033300318
0.0028163097	0.03326982
0.0028985585	0.033237044
0.0029832094	0.033201877
0.0030703326	0.033164207
0.00316	0.03312391
0.0032524571	0.033080794
0.0033476194	0.033034805
0.003445566	0.032985825
0.0035463783	0.03293374
0.0036501405	0.032878432
0.0037569385	0.032819785
0.003866861	0.032757692
0.00398	0.032692038
0.004096165	0.03262289
0.0042157196	0.03254999
0.0043387646	0.03247324
0.0044654002	0.03239255
0.0045957323	0.032307826
0.0047298684	0.03221899
0.0048679197	0.032125954
0.00501	0.032028645
0.005156579	0.03192676
0.0053074467	0.03182045
0.005462728	0.031709664
0.0056225527	0.03159436
0.0057870536	0.031474482
0.005956367	0.03135
0.0061306343	0.031220894
0.00631	0.03108713
0.006493865	0.030949261
0.0066830874	0.030806752
0.0068778237	0.030659603
0.007078234	0.030507818
0.0072844843	0.030351408
0.0074967444	0.030190393
0.00771519	0.030024799
0.00794	0.029854653
0.008172275	0.029679306
0.008411343	0.029499453
0.008657407	0.029315144
0.008910668	0.029126434
0.009171338	0.028933382
0.009439633	0.028736055
0.009715778	0.028534522
0.01	0.02832886
0.010292081	0.028119473
0.010592694	0.027906135
0.010902087	0.027688932
0.011220517	0.027467959
0.011548247	0.027243314
0.011885551	0.027015096
0.012232705	0.02678341
0.01259	0.026548365
0.012957647	0.026310125
0.013336032	0.026068754
0.013725464	0.025824368
0.01412627	0.025577087
0.014538779	0.02532703
0.014963334	0.025074327
0.015400288	0.024819102
0.01585	0.02456148
0.016312422	0.024301825
0.016788337	0.024040036
0.017278135	0.023776243
0.017782224	0.023510575
0.01830102	0.023243159
0.01883495	0.022974126
0.019384459	0.0227036
0.01995	0.022431707
0.020533005	0.022158122
0.021133045	0.02188341
0.021750621	0.021607686
0.022386245	0.021331066
0.023040446	0.021053657
0.023713762	0.020775566
0.024406755	0.020496894
0.02512	0.020217733
0.025853088	0.01993855
0.02660757	0.019659054
0.027384069	0.019379321
0.02818323	0.019099422
0.029005712	0.018819423
0.029852198	0.018539382
0.030723387	0.018259352
0.03162	0.01797938
0.032543603	0.01769926
0.033494186	0.017419273
0.034472536	0.017139453
0.03547946	0.016859824
0.0365158	0.016580408
0.03758241	0.016301228
0.03868017	0.016022298
0.03981	0.015743634
0.040972695	0.015465283
0.042169347	0.015187228
0.04340095	0.014909485
0.044668525	0.014632073
0.04597312	0.014355012
0.047315817	0.014078328
0.04869773	0.013802052
0.05012	0.013526218
0.0515838	0.0132508725
0.053090356	0.012976065
0.05464091	0.012701854
0.05623675	0.012428308
0.0578792	0.012155505
0.059569612	0.011883533
0.0613094	0.01161249
0.0631	0.011342485
0.06494172	0.011073807
0.066837184	0.010806414
0.06878798	0.010540448
0.070795715	0.010276058
0.072862044	0.010013402
0.074988686	0.00975265
0.077177405	0.009493976
0.07943	0.009237562
0.08174976	0.008983446
0.08413727	0.008731975
0.08659451	0.008483347
0.08912351	0.008237758
0.09172637	0.007995409
0.09440525	0.0077564972
0.097162366	0.0075212186
0.1	0.0072897645
0.102919795	0.0070623746
0.10592484	0.0068391724
0.109017625	0.006620327
0.112200715	0.006405999
0.11547674	0.006196337
0.11884842	0.005991477
0.12231855	0.005791543
0.12589	0.0055966415
0.12956645	0.00540683
0.13335027	0.0052222223
0.13724458	0.005042878
0.14125264	0.0048688394
0.14537773	0.0047001312
0.14962329	0.00453676
0.15399285	0.0043787155
0.15849	0.00422597
0.16311829	0.0040784837
0.16788174	0.00393619
0.17278428	0.003799011
0.17783	0.003666855
0.18302307	0.0035396155
0.18836778	0.0034171734
0.19386858	0.003299398
0.19953	0.0031861477
0.20535603	0.0030772837
0.21135218	0.0029726338
0.21752341	0.0028720314
0.22387484	0.002775306
0.23041171	0.0026822824
0.23713945	0.0025927827
0.24406363	0.0025066286
0.25119	0.0024236413
0.25852492	0.0023436383
0.26607406	0.0022664508
0.27384362	0.002191908
0.28184006	0.0021198431
0.29007	0.0020500969
0.29854023	0.001982515
0.30725783	0.0019169515
0.31623	0.0018532685
0.32546407	0.0017913367
0.33496782	0.0017310356
0.34474903	0.0016722543
0.3548159	0.0016148917
0.3651767	0.0015588563
0.37584007	0.0015040669
0.3868148	0.0014504512
0.39811	0.0013979474
0.40973493	0.0013465028
0.42169935	0.0012960731
0.4340131	0.0012466228
0.44668642	0.0011981246
0.4597298	0.0011505587
0.47315407	0.001103912
0.4869703	0.001058178
0.50119	0.0010133557
0.5158249	9.69449E-4
0.5308872	9.2646625E-4
0.5463893	8.844193E-4
0.5623441	8.4332284E-4
0.57876474	8.0319383E-4
0.59566486	7.640508E-4
0.61305845	7.259132E-4
0.63096	6.8880076E-4
0.6493842	6.5273314E-4
0.6683464	6.177289E-4
0.6878623	5.8380567E-4
0.7079481	5.509793E-4
0.72862035	5.192636E-4
0.7498962	4.886701E-4
0.7717934	4.592077E-4
0.79433	4.3088238E-4
0.8175246	4.0369725E-4
0.8413966	3.7765226E-4
0.86596555	3.527441E-4
0.8912519	3.2896633E-4
0.9172767	3.0630938E-4
0.9440614	2.847605E-4
0.97162825	2.6430393E-4
1.0	2.449211E-4
1.029201	2.2659026E-4
1.0592546	2.0928805E-4
1.090186	1.9298833E-4
1.1220205	1.7766285E-4
1.1547846	1.632815E-4
1.1885055	1.4981256E-4
1.223211	1.3722293E-4
1.25893	1.254784E-4
1.2956905	1.14544324E-4
1.3335243	1.0438447E-4
1.3724631	9.496274E-5
1.4125386	8.624285E-5
1.4537846	7.818853E-5
1.4962348	7.076377E-5
1.5399245	6.393296E-5
1.58489	5.7661076E-5
1.6311698	5.191368E-5
1.678801	4.6657526E-5
1.727823	4.186017E-5
1.7782766	3.7490263E-5
1.8302034	3.3517605E-5
1.8836465	2.991324E-5
1.9386501	2.66495E-5
1.99526	2.3700037E-5
2.0535233	2.103983E-5
2.113488	1.8645263E-5
2.1752036	1.6494057E-5
2.2387214	1.4565276E-5
2.304094	1.2839318E-5
2.3713756	1.1297882E-5
2.4406219	9.923936E-6
2.51189	8.701671E-6
2.5852382	7.616476E-6
2.6607285	6.654841E-6
2.7384229	5.8043515E-6
2.818386	5.0536196E-6
2.900684	4.3922264E-6
2.9853854	3.8106643E-6
3.0725598	3.3002827E-6
3.16228	2.8532306E-6
3.2546198	2.4624007E-6
3.3496559	2.1213755E-6
3.447467	1.8243758E-6
3.5481343	1.5662104E-6
3.6517413	1.3422273E-6
3.7583735	1.1482687E-6
3.8681195	9.806269E-7
3.98107	8.3600395E-7
4.097319	7.114728E-7
4.2169633	6.044435E-7
4.340101	5.1262805E-7
4.466834	4.3401022E-7
4.5972676	3.6681783E-7
4.7315106	3.094966E-7
4.869673	2.6068642E-7
5.01187	2.1919982E-7
5.1582193	1.8400242E-7
5.3088417	1.5419522E-7
5.463863	1.2899854E-7
5.62341	1.0773771E-7
5.7876167	8.983024E-8
5.9566183	7.477422E-8
6.1305547	6.213821E-8
6.30957	5.155208E-8
6.493813	4.2698936E-8
6.683436	3.5308112E-8
6.878596	2.9148879E-8
7.079455	2.4024951E-8
7.286179	1.9769688E-8
7.4989395	1.6241918E-8
7.7179127	1.3322277E-8
7.94328	1.09100515E-8
8.175228	8.920437E-9
8.41395	7.2821518E-9
8.659641	5.9354255E-9
8.912508	4.8302153E-9
9.172758	3.924706E-9
9.440608	3.184031E-9
9.716279	2.5791735E-9
10.0	2.0860464E-9



DATASET #3

Name: RSQSim
Num Points: 401
Info: 

X, Y Data:
1.0E-4	0.033781007
1.0333392E-4	0.033781007
1.06779E-4	0.033781007
1.1033893E-4	0.033781007
1.14017545E-4	0.033781007
1.178188E-4	0.033781007
1.2174679E-4	0.033781007
1.2580573E-4	0.033781007
1.3E-4	0.033781007
1.334183E-4	0.033781007
1.369265E-4	0.033781007
1.4052694E-4	0.033781007
1.4422205E-4	0.033781007
1.4801433E-4	0.033781007
1.5190631E-4	0.033781007
1.5590065E-4	0.033781007
1.6E-4	0.033781007
1.645257E-4	0.033781007
1.691794E-4	0.033781007
1.7396474E-4	0.033781007
1.7888544E-4	0.033781007
1.8394532E-4	0.033781007
1.8914833E-4	0.033781007
1.944985E-4	0.033781007
2.0E-4	0.033781007
2.0565712E-4	0.033781007
2.1147425E-4	0.033781007
2.1745593E-4	0.033781007
2.236068E-4	0.033781007
2.2993165E-4	0.033781007
2.364354E-4	0.033781007
2.4312311E-4	0.033781007
2.5E-4	0.033781007
2.5783465E-4	0.033781007
2.659148E-4	0.033781007
2.742482E-4	0.033781007
2.8284272E-4	0.033781007
2.917066E-4	0.033781007
3.0084825E-4	0.033781007
3.102764E-4	0.033781007
3.2E-4	0.033781007
3.290514E-4	0.033781003
3.383588E-4	0.033781003
3.4792948E-4	0.033781003
3.5777088E-4	0.033781003
3.6789064E-4	0.033781003
3.7829665E-4	0.033781
3.88997E-4	0.033781
4.0E-4	0.033780996
4.1131425E-4	0.033780996
4.229485E-4	0.033780992
4.3491187E-4	0.03378099
4.472136E-4	0.033780985
4.598633E-4	0.03378098
4.728708E-4	0.033780977
4.8624622E-4	0.03378097
5.0E-4	0.033780962
5.1465514E-4	0.033780955
5.2973983E-4	0.033780944
5.4526667E-4	0.033780932
5.612486E-4	0.033780918
5.77699E-4	0.0337809
5.946315E-4	0.03378088
6.120603E-4	0.033780854
6.3E-4	0.033780828
6.4807665E-4	0.033780795
6.6667196E-4	0.033780754
6.858008E-4	0.03378071
7.0547854E-4	0.033780657
7.257209E-4	0.033780597
7.465441E-4	0.033780523
7.6796475E-4	0.03378044
7.9E-4	0.033780344
8.136239E-4	0.033780225
8.379543E-4	0.03378009
8.630122E-4	0.03377993
8.8881946E-4	0.033779744
9.153984E-4	0.03377953
9.427722E-4	0.033779282
9.7096455E-4	0.033778995
0.001	0.033778664
0.0010293103	0.03377829
0.0010594797	0.033777863
0.0010905333	0.03377737
0.0011224973	0.03377681
0.001155398	0.033776168
0.001189263	0.033775434
0.0012241206	0.0337746
0.00126	0.033773653
0.0012961533	0.0337726
0.0013333439	0.03377141
0.0013716016	0.033770066
0.0014109571	0.03376855
0.0014514418	0.033766843
0.0014930882	0.033764925
0.0015359295	0.033762768
0.00158	0.033760354
0.0016272478	0.03375753
0.0016759086	0.033754356
0.0017260244	0.033750802
0.0017776389	0.03374682
0.0018307968	0.03374237
0.0018855444	0.0337374
0.0019419291	0.033731863
0.002	0.0337257
0.0020575977	0.033719122
0.002116854	0.033711847
0.002177817	0.03370382
0.0022405356	0.033694975
0.0023050604	0.03368524
0.0023714434	0.033674546
0.0024397383	0.03366281
0.00251	0.033649955
0.0025833033	0.033635683
0.0026587474	0.033620074
0.0027363948	0.033603027
0.0028163097	0.033584435
0.0028985585	0.033564184
0.0029832094	0.033542167
0.0030703326	0.03351826
0.00316	0.033492338
0.0032524571	0.033464223
0.0033476194	0.03343382
0.003445566	0.033401
0.0035463783	0.033365622
0.0036501405	0.03332753
0.0037569385	0.03328659
0.003866861	0.033242647
0.00398	0.033195548
0.004096165	0.033145264
0.0042157196	0.033091534
0.0043387646	0.0330342
0.0044654002	0.032973114
0.0045957323	0.03290812
0.0047298684	0.032839064
0.0048679197	0.0327658
0.00501	0.032688174
0.005156579	0.032605845
0.0053074467	0.032518853
0.005462728	0.03242706
0.0056225527	0.032330338
0.0057870536	0.03222856
0.005956367	0.032121614
0.0061306343	0.03200939
0.00631	0.03189179
0.006493865	0.031769224
0.0066830874	0.031641155
0.0068778237	0.031507522
0.007078234	0.031368256
0.0072844843	0.031223321
0.0074967444	0.031072682
0.00771519	0.03091632
0.00794	0.030754227
0.008172275	0.030585745
0.008411343	0.030411517
0.008657407	0.030231575
0.008910668	0.030045971
0.009171338	0.029854765
0.009439633	0.029658036
0.009715778	0.029455874
0.01	0.029248385
0.010292081	0.029036015
0.010592694	0.02881858
0.010902087	0.028596222
0.011220517	0.028369093
0.011548247	0.028137358
0.011885551	0.027901188
0.012232705	0.027660765
0.01259	0.02741628
0.012957647	0.027167985
0.013336032	0.026916025
0.013725464	0.02666061
0.01412627	0.026401946
0.014538779	0.026140245
0.014963334	0.025875717
0.015400288	0.025608575
0.01585	0.025339022
0.016312422	0.025067512
0.016788337	0.024794
0.017278135	0.02451868
0.017782224	0.024241736
0.01830102	0.023963347
0.01883495	0.02368368
0.019384459	0.02340289
0.01995	0.023121124
0.020533005	0.02283805
0.021133045	0.022554252
0.021750621	0.022269836
0.022386245	0.021984892
0.023040446	0.021699501
0.023713762	0.021413729
0.024406755	0.021127624
0.02512	0.020841226
0.025853088	0.02055494
0.02660757	0.020268394
0.027384069	0.019981584
0.02818323	0.019694498
0.029005712	0.019407114
0.029852198	0.019119399
0.030723387	0.01883131
0.03162	0.018542808
0.032543603	0.018253583
0.033494186	0.017963836
0.034472536	0.017673513
0.03547946	0.01738256
0.0365158	0.017090924
0.03758241	0.016798558
0.03868017	0.016505418
0.03981	0.016211472
0.040972695	0.01591673
0.042169347	0.015621142
0.04340095	0.015324709
0.044668525	0.015027443
0.04597312	0.014729373
0.047315817	0.0144305425
0.04869773	0.014131015
0.05012	0.013830869
0.0515838	0.013530208
0.053090356	0.013229146
0.05464091	0.01292782
0.05623675	0.012626387
0.0578792	0.012325021
0.059569612	0.0120239165
0.0613094	0.011723283
0.0631	0.011423346
0.06494172	0.011124536
0.066837184	0.01082692
0.06878798	0.010530764
0.070795715	0.010236344
0.072862044	0.009943948
0.074988686	0.009653867
0.077177405	0.009366399
0.07943	0.0090818405
0.08174976	0.008800324
0.08413727	0.008522318
0.08659451	0.008248114
0.08912351	0.007978
0.09172637	0.00771225
0.09440525	0.007451132
0.097162366	0.0071948976
0.1	0.0069437856
0.102919795	0.006698076
0.10592484	0.006457912
0.109017625	0.0062234765
0.112200715	0.005994934
0.11547674	0.0057724277
0.11884842	0.005556077
0.12231855	0.005345981
0.12589	0.0051422133
0.12956645	0.0049447888
0.13335027	0.0047537764
0.13724458	0.0045691826
0.14125264	0.004390992
0.14537773	0.0042191674
0.14962329	0.004053652
0.15399285	0.0038943675
0.15849	0.0037412192
0.16311829	0.003594101
0.16788174	0.0034528777
0.17278428	0.0033174066
0.17783	0.0031875328
0.18302307	0.0030630894
0.18836778	0.0029439004
0.19386858	0.0028297813
0.19953	0.0027205413
0.20535603	0.002615997
0.21135218	0.0025159365
0.21752341	0.002420158
0.22387484	0.0023284599
0.23041171	0.002240642
0.23713945	0.002156505
0.24406363	0.0020758533
0.25119	0.0019984958
0.25852492	0.0019242414
0.26607406	0.0018529152
0.27384362	0.0017843435
0.28184006	0.0017183605
0.29007	0.0016548081
0.29854023	0.0015935365
0.30725783	0.0015344049
0.31623	0.0014772811
0.32546407	0.0014220425
0.33496782	0.0013685748
0.34474903	0.0013167731
0.3548159	0.0012665415
0.3651767	0.0012177929
0.37584007	0.0011704484
0.3868148	0.0011244377
0.39811	0.0010796981
0.40973493	0.0010361748
0.42169935	9.938192E-4
0.4340131	9.5258956E-4
0.44668642	9.124503E-4
0.4597298	8.733713E-4
0.47315407	8.3532743E-4
0.4869703	7.98298E-4
0.50119	7.6226634E-4
0.5158249	7.272193E-4
0.5308872	6.931466E-4
0.5463893	6.600405E-4
0.5623441	6.278951E-4
0.57876474	5.967063E-4
0.59566486	5.664709E-4
0.61305845	5.3718657E-4
0.63096	5.0885114E-4
0.6493842	4.8146283E-4
0.6683464	4.5501927E-4
0.6878623	4.295176E-4
0.7079481	4.0495433E-4
0.72862035	3.813249E-4
0.7498962	3.5862366E-4
0.7717934	3.368437E-4
0.79433	3.1597668E-4
0.8175246	2.960129E-4
0.8413966	2.7694114E-4
0.86596555	2.5874862E-4
0.8912519	2.4142109E-4
0.9172767	2.2494282E-4
0.9440614	2.0929669E-4
0.97162825	1.9446414E-4
1.0	1.804254E-4
1.029201	1.6715915E-4
1.0592546	1.546437E-4
1.090186	1.42856E-4
1.1220205	1.317722E-4
1.1547846	1.2136772E-4
1.1885055	1.1161735E-4
1.223211	1.02495476E-4
1.25893	9.3976145E-5
1.2956905	8.60335E-5
1.3335243	7.864094E-5
1.3724631	7.177229E-5
1.4125386	6.5401495E-5
1.4537846	5.9502792E-5
1.4962348	5.405076E-5
1.5399245	4.902044E-5
1.58489	4.43874E-5
1.6311698	4.01277E-5
1.678801	3.6218327E-5
1.727823	3.2636868E-5
1.7782766	2.936168E-5
1.8302034	2.637194E-5
1.8836465	2.3647679E-5
1.9386501	2.11698E-5
1.99526	1.8920098E-5
2.0535233	1.6881253E-5
2.113488	1.5036875E-5
2.1752036	1.3371461E-5
2.2387214	1.1870397E-5
2.304094	1.0519947E-5
2.3713756	9.307232E-6
2.4406219	8.220215E-6
2.51189	7.2476687E-6
2.5852382	6.379164E-6
2.6607285	5.605002E-6
2.7384229	4.9162213E-6
2.818386	4.304551E-6
2.900684	3.7623768E-6
2.9853854	3.2827056E-6
3.0725598	2.859132E-6
3.16228	2.4858018E-6
3.2546198	2.1573787E-6
3.3496559	1.8690088E-6
3.447467	1.6162891E-6
3.5481343	1.3952343E-6
3.6517413	1.2022467E-6
3.7583735	1.0340851E-6
3.8681195	8.8783713E-7
3.98107	7.608915E-7
4.097319	6.509124E-7
4.2169633	5.5581654E-7
4.340101	4.7374868E-7
4.466834	4.0306105E-7
4.5972676	3.4229353E-7
4.7315106	2.9015533E-7
4.869673	2.455079E-7
5.01187	2.0734934E-7
5.1582193	1.7480004E-7
5.3088417	1.4708947E-7
5.463863	1.2354425E-7
5.62341	1.0357724E-7
5.7876167	8.66776E-8
5.9566183	7.2402E-8
6.1305547	6.0366474E-8
6.30957	5.023924E-8
6.493813	4.1734296E-8
6.683436	3.4605655E-8
6.878596	2.8642186E-8
7.079455	2.3663103E-8
7.286179	1.9513953E-8
7.4989395	1.6063076E-8
7.7179127	1.3198482E-8
7.94328	1.0825133E-8
8.175228	8.862556E-9
8.41395	7.2427544E-9
8.659641	5.908407E-9
8.912508	4.8112936E-9
9.172758	3.9109427E-9
9.440608	3.1734582E-9
9.716279	2.5705083E-9
10.0	2.0784743E-9



DATASET #4

Name: 1000yr
Num Points: 2
Info: 

X, Y Data:
0.001	0.001
10.0	0.001



DATASET #5

Name: 2500yr
Num Points: 2
Info: 

X, Y Data:
0.001	4.0E-4
10.0	4.0E-4



DATASET #6

Name: 10000yr
Num Points: 2
Info: 

X, Y Data:
0.001	1.0E-4
10.0	1.0E-4


