
X-Axis: PGA (g)
Y-Axis: Annual Probabilitiy
Number of Data Sets: 6


DATASET #1

Name: UCERF3 Full
Num Points: 51
Info: 

X, Y Data:
1.0E-4	0.7938491
1.3E-4	0.7936558
1.6E-4	0.7933238
2.0E-4	0.79263556
2.5E-4	0.79136395
3.2E-4	0.7888483
4.0E-4	0.7850515
5.0E-4	0.77919406
6.3E-4	0.77021915
7.9E-4	0.7577707
0.001	0.7400924
0.00126	0.7173015
0.00158	0.68915015
0.002	0.65337104
0.00251	0.6127804
0.00316	0.5661413
0.00398	0.51505643
0.00501	0.46135357
0.00631	0.40662804
0.00794	0.3530843
0.01	0.3019695
0.01259	0.2548883
0.01585	0.2126305
0.01995	0.17557928
0.02512	0.14355573
0.03162	0.11624979
0.03981	0.09305761
0.05012	0.07349072
0.0631	0.057121683
0.07943	0.04360979
0.1	0.032617845
0.12589	0.023832588
0.15849	0.016926069
0.19953	0.011600221
0.25119	0.0075975317
0.31623	0.0047002537
0.39811	0.0027134584
0.50119	0.0014448026
0.63096	7.0231355E-4
0.79433	3.0910087E-4
1.0	1.2242183E-4
1.25893	4.3458404E-5
1.58489	1.380299E-5
1.99526	3.9232405E-6
2.51189	1.0004161E-6
3.16228	2.2998105E-7
3.98107	4.800841E-8
5.01187	9.188619E-9
6.30957	1.6314248E-9
7.94328	2.7219083E-10
10.0	4.3075654E-11



DATASET #2

Name: UCERF3
Num Points: 401
Info: 

X, Y Data:
1.0E-4	0.05518216
1.0333392E-4	0.05518216
1.06779E-4	0.05518216
1.1033893E-4	0.05518216
1.14017545E-4	0.05518216
1.178188E-4	0.05518216
1.2174679E-4	0.05518216
1.2580573E-4	0.05518216
1.3E-4	0.05518216
1.334183E-4	0.05518216
1.369265E-4	0.05518216
1.4052694E-4	0.05518216
1.4422205E-4	0.05518216
1.4801433E-4	0.05518216
1.5190631E-4	0.05518216
1.5590065E-4	0.05518216
1.6E-4	0.05518216
1.645257E-4	0.05518216
1.691794E-4	0.05518216
1.7396474E-4	0.05518216
1.7888544E-4	0.05518216
1.8394532E-4	0.05518216
1.8914833E-4	0.05518216
1.944985E-4	0.05518216
2.0E-4	0.05518216
2.0565712E-4	0.05518216
2.1147425E-4	0.05518216
2.1745593E-4	0.05518216
2.236068E-4	0.05518216
2.2993165E-4	0.05518216
2.364354E-4	0.05518216
2.4312311E-4	0.05518216
2.5E-4	0.05518216
2.5783465E-4	0.05518216
2.659148E-4	0.05518216
2.742482E-4	0.05518216
2.8284272E-4	0.05518216
2.917066E-4	0.05518216
3.0084825E-4	0.05518216
3.102764E-4	0.05518216
3.2E-4	0.05518216
3.290514E-4	0.05518216
3.383588E-4	0.05518216
3.4792948E-4	0.05518216
3.5777088E-4	0.05518216
3.6789064E-4	0.05518216
3.7829665E-4	0.05518216
3.88997E-4	0.05518216
4.0E-4	0.05518216
4.1131425E-4	0.05518216
4.229485E-4	0.055182155
4.3491187E-4	0.055182155
4.472136E-4	0.055182155
4.598633E-4	0.055182155
4.728708E-4	0.05518215
4.8624622E-4	0.05518215
5.0E-4	0.05518215
5.1465514E-4	0.055182148
5.2973983E-4	0.055182144
5.4526667E-4	0.05518214
5.612486E-4	0.055182137
5.77699E-4	0.055182133
5.946315E-4	0.05518213
6.120603E-4	0.05518212
6.3E-4	0.055182114
6.4807665E-4	0.055182107
6.6667196E-4	0.055182096
6.858008E-4	0.055182084
7.0547854E-4	0.05518207
7.257209E-4	0.05518205
7.465441E-4	0.055182032
7.6796475E-4	0.055182006
7.9E-4	0.05518198
8.136239E-4	0.055181947
8.379543E-4	0.055181906
8.630122E-4	0.055181857
8.8881946E-4	0.0551818
9.153984E-4	0.055181734
9.427722E-4	0.05518166
9.7096455E-4	0.05518157
0.001	0.055181462
0.0010293103	0.055181343
0.0010594797	0.0551812
0.0010905333	0.055181038
0.0011224973	0.055180844
0.001155398	0.055180624
0.001189263	0.055180367
0.0012241206	0.055180073
0.00126	0.055179726
0.0012961533	0.055179343
0.0013333439	0.055178896
0.0013716016	0.055178385
0.0014109571	0.0551778
0.0014514418	0.055177126
0.0014930882	0.05517636
0.0015359295	0.055175483
0.00158	0.05517448
0.0016272478	0.055173293
0.0016759086	0.05517193
0.0017260244	0.055170372
0.0017776389	0.05516859
0.0018307968	0.05516657
0.0018855444	0.055164263
0.0019419291	0.055161647
0.002	0.055158675
0.0020575977	0.05515544
0.002116854	0.055151798
0.002177817	0.0551477
0.0022405356	0.0551431
0.0023050604	0.05513794
0.0023714434	0.055132158
0.0024397383	0.05512569
0.00251	0.05511847
0.0025833033	0.0551103
0.0026587474	0.05510119
0.0027363948	0.055091042
0.0028163097	0.055079754
0.0028985585	0.055067226
0.0029832094	0.05505334
0.0030703326	0.055037964
0.00316	0.055020973
0.0032524571	0.055002186
0.0033476194	0.05498148
0.003445566	0.054958705
0.0035463783	0.054933682
0.0036501405	0.054906238
0.0037569385	0.054876186
0.003866861	0.054843333
0.00398	0.05480747
0.004096165	0.054768488
0.0042157196	0.054726083
0.0043387646	0.054680027
0.0044654002	0.054630093
0.0045957323	0.05457604
0.0047298684	0.05451762
0.0048679197	0.054454587
0.00501	0.054386687
0.005156579	0.054313485
0.0053074467	0.054234877
0.005462728	0.054150604
0.0056225527	0.054060403
0.0057870536	0.053964023
0.005956367	0.053861205
0.0061306343	0.053751703
0.00631	0.053635273
0.006493865	0.053512186
0.0066830874	0.053381775
0.0068778237	0.05324382
0.007078234	0.053098124
0.0072844843	0.0529445
0.0074967444	0.052782778
0.00771519	0.052612796
0.00794	0.05243442
0.008172275	0.052246783
0.008411343	0.052050456
0.008657407	0.051845364
0.008910668	0.05163144
0.009171338	0.05140864
0.009439633	0.051176954
0.009715778	0.050936382
0.01	0.050686948
0.010292081	0.050429102
0.010592694	0.050162535
0.010902087	0.04988734
0.011220517	0.049603622
0.011548247	0.049311507
0.011885551	0.049011145
0.012232705	0.048702694
0.01259	0.048386335
0.012957647	0.048062332
0.013336032	0.047730815
0.013725464	0.047392
0.01412627	0.04704611
0.014538779	0.046693373
0.014963334	0.04633403
0.015400288	0.04596831
0.01585	0.04559646
0.016312422	0.045219067
0.016788337	0.044836037
0.017278135	0.0444476
0.017782224	0.044053998
0.01830102	0.043655455
0.01883495	0.04325219
0.019384459	0.042844422
0.01995	0.042432353
0.020533005	0.042015504
0.021133045	0.04159473
0.021750621	0.04117021
0.022386245	0.040742118
0.023040446	0.040310618
0.023713762	0.039875865
0.024406755	0.039437994
0.02512	0.038997155
0.025853088	0.038554065
0.02660757	0.03810826
0.027384069	0.037659854
0.02818323	0.03720896
0.029005712	0.036755685
0.029852198	0.036300126
0.030723387	0.035842393
0.03162	0.03538258
0.032543603	0.034920376
0.033494186	0.034456287
0.034472536	0.033990417
0.03547946	0.03352286
0.0365158	0.033053726
0.03758241	0.03258312
0.03868017	0.032111157
0.03981	0.031637944
0.040972695	0.031163659
0.042169347	0.03068837
0.04340095	0.030212203
0.044668525	0.029735291
0.04597312	0.029257769
0.047315817	0.028779777
0.04869773	0.028301459
0.05012	0.027822962
0.0515838	0.027344441
0.053090356	0.026866047
0.05464091	0.026387932
0.05623675	0.025910258
0.0578792	0.025433183
0.059569612	0.024956865
0.0613094	0.024481468
0.0631	0.02400715
0.06494172	0.023534372
0.066837184	0.02306299
0.06878798	0.022593163
0.070795715	0.022125047
0.072862044	0.021658795
0.074988686	0.021194559
0.077177405	0.02073249
0.07943	0.020272734
0.08174976	0.019815158
0.08413727	0.019360183
0.08659451	0.01890795
0.08912351	0.01845859
0.09172637	0.01801224
0.09440525	0.017569032
0.097162366	0.017129092
0.1	0.016692545
0.102919795	0.016259626
0.10592484	0.015830345
0.109017625	0.015404827
0.112200715	0.014983192
0.11547674	0.014565559
0.11884842	0.014152047
0.12231855	0.013742776
0.12589	0.013337864
0.12956645	0.012937352
0.13335027	0.012541439
0.13724458	0.012150247
0.14125264	0.011763895
0.14537773	0.011382506
0.14962329	0.011006203
0.15399285	0.010635111
0.15849	0.010269352
0.16311829	0.009909072
0.16788174	0.009554378
0.17278428	0.009205399
0.17783	0.008862262
0.18302307	0.008525093
0.18836778	0.008194019
0.19386858	0.007869167
0.19953	0.00755066
0.20535603	0.0072386567
0.21135218	0.006933238
0.21752341	0.0066345176
0.22387484	0.006342608
0.23041171	0.006057615
0.23713945	0.005779639
0.24406363	0.005508774
0.25119	0.0052451068
0.25852492	0.004988699
0.26607406	0.0047396384
0.27384362	0.004497985
0.28184006	0.0042637885
0.29007	0.0040370882
0.29854023	0.0038179113
0.30725783	0.0036062729
0.31623	0.003402176
0.32546407	0.0032056123
0.33496782	0.0030165564
0.34474903	0.0028349718
0.3548159	0.0026608082
0.3651767	0.0024940018
0.37584007	0.0023344755
0.3868148	0.0021821386
0.39811	0.0020368877
0.40973493	0.0018986077
0.42169935	0.0017671695
0.4340131	0.0016424335
0.44668642	0.0015242489
0.4597298	0.0014124552
0.47315407	0.0013068825
0.4869703	0.001207352
0.50119	0.0011136777
0.5158249	0.0010256667
0.5308872	9.431207E-4
0.5463893	8.6583634E-4
0.5623441	7.9360686E-4
0.57876474	7.262226E-4
0.59566486	6.634722E-4
0.61305845	6.051436E-4
0.63096	5.5102486E-4
0.6493842	5.0090527E-4
0.6683464	4.5457567E-4
0.6878623	4.118299E-4
0.7079481	3.7246523E-4
0.72862035	3.362831E-4
0.7498962	3.0308974E-4
0.7717934	2.7269675E-4
0.79433	2.449216E-4
0.8175246	2.1958802E-4
0.8413966	1.9652637E-4
0.86596555	1.7557394E-4
0.8912519	1.5657513E-4
0.9172767	1.3938174E-4
0.9440614	1.2385291E-4
0.97162825	1.0985526E-4
1.0	9.726287E-5
1.029201	8.595695E-5
1.0592546	7.582658E-5
1.090186	6.6767694E-5
1.1220205	5.8683167E-5
1.1547846	5.148268E-5
1.1885055	4.508244E-5
1.223211	3.940495E-5
1.25893	3.4378732E-5
1.2956905	2.9938206E-5
1.3335243	2.6022866E-5
1.3724631	2.2577558E-5
1.4125386	1.9551968E-5
1.4537846	1.6900327E-5
1.4962348	1.45811E-5
1.5399245	1.2556708E-5
1.58489	1.079323E-5
1.6311698	9.260092E-6
1.678801	7.929932E-6
1.727823	6.7781957E-6
1.7782766	5.7829543E-6
1.8302034	4.924669E-6
1.8836465	4.1859757E-6
1.9386501	3.551482E-6
1.99526	3.0075778E-6
2.0535233	2.542255E-6
2.113488	2.1449553E-6
2.1752036	1.8064075E-6
2.2387214	1.5184945E-6
2.304094	1.2741265E-6
2.3713756	1.0671256E-6
2.4406219	8.921221E-7
2.51189	7.4445956E-7
2.5852382	6.201109E-7
2.6607285	5.1559687E-7
2.7384229	4.2792402E-7
2.818386	3.5452035E-7
2.900684	2.9318204E-7
2.9853854	2.42023E-7
3.0725598	1.9943585E-7
3.16228	1.6405077E-7
3.2546198	1.3470616E-7
3.3496559	1.10416366E-7
3.447467	9.034823E-8
3.5481343	7.379929E-8
3.6517413	6.017721E-8
3.7583735	4.8984763E-8
3.8681195	3.9805638E-8
3.98107	3.22912E-8
4.097319	2.6151238E-8
4.2169633	2.114313E-8
4.340101	1.7065426E-8
4.466834	1.375101E-8
4.5972676	1.1061953E-8
4.7315106	8.884248E-9
4.869673	7.1235964E-9
5.01187	5.7025753E-9
5.1582193	4.5575477E-9
5.3088417	3.6365084E-9
5.463863	2.8970548E-9
5.62341	2.3043178E-9
5.7876167	1.8299596E-9
5.9566183	1.4510038E-9
6.1305547	1.1487183E-9
6.30957	9.0799723E-10
6.493813	7.1660344E-10
6.683436	5.646986E-10
6.878596	4.4435322E-10
7.079455	3.49053E-10
7.286179	2.7380942E-10
7.4989395	2.1444946E-10
7.7179127	1.6770929E-10
7.94328	1.3096946E-10
8.175228	1.02124864E-10
8.41395	7.9493745E-11
8.659641	6.1748384E-11
8.912508	4.7876147E-11
9.172758	3.7081116E-11
9.440608	2.8662517E-11
9.716279	2.209899E-11
10.0	1.7014501E-11



DATASET #3

Name: RSQSim
Num Points: 401
Info: 

X, Y Data:
1.0E-4	0.04766868
1.0333392E-4	0.04766868
1.06779E-4	0.04766868
1.1033893E-4	0.04766868
1.14017545E-4	0.04766868
1.178188E-4	0.04766868
1.2174679E-4	0.04766868
1.2580573E-4	0.04766868
1.3E-4	0.04766868
1.334183E-4	0.04766868
1.369265E-4	0.04766868
1.4052694E-4	0.04766868
1.4422205E-4	0.04766868
1.4801433E-4	0.04766868
1.5190631E-4	0.04766868
1.5590065E-4	0.04766868
1.6E-4	0.04766868
1.645257E-4	0.04766868
1.691794E-4	0.04766868
1.7396474E-4	0.04766868
1.7888544E-4	0.04766868
1.8394532E-4	0.04766868
1.8914833E-4	0.04766868
1.944985E-4	0.04766868
2.0E-4	0.04766868
2.0565712E-4	0.04766868
2.1147425E-4	0.04766868
2.1745593E-4	0.04766868
2.236068E-4	0.04766868
2.2993165E-4	0.04766868
2.364354E-4	0.04766868
2.4312311E-4	0.04766868
2.5E-4	0.04766868
2.5783465E-4	0.04766868
2.659148E-4	0.04766868
2.742482E-4	0.04766868
2.8284272E-4	0.04766868
2.917066E-4	0.04766868
3.0084825E-4	0.04766868
3.102764E-4	0.04766868
3.2E-4	0.04766868
3.290514E-4	0.04766868
3.383588E-4	0.04766868
3.4792948E-4	0.04766868
3.5777088E-4	0.04766868
3.6789064E-4	0.04766868
3.7829665E-4	0.04766868
3.88997E-4	0.04766868
4.0E-4	0.04766868
4.1131425E-4	0.04766868
4.229485E-4	0.047668677
4.3491187E-4	0.047668677
4.472136E-4	0.047668677
4.598633E-4	0.047668677
4.728708E-4	0.047668673
4.8624622E-4	0.047668673
5.0E-4	0.04766867
5.1465514E-4	0.047668666
5.2973983E-4	0.047668666
5.4526667E-4	0.047668662
5.612486E-4	0.047668654
5.77699E-4	0.04766865
5.946315E-4	0.047668643
6.120603E-4	0.047668636
6.3E-4	0.04766863
6.4807665E-4	0.047668617
6.6667196E-4	0.047668606
6.858008E-4	0.04766859
7.0547854E-4	0.047668576
7.257209E-4	0.047668558
7.465441E-4	0.047668535
7.6796475E-4	0.04766851
7.9E-4	0.047668476
8.136239E-4	0.04766844
8.379543E-4	0.047668397
8.630122E-4	0.047668345
8.8881946E-4	0.047668286
9.153984E-4	0.047668215
9.427722E-4	0.047668137
9.7096455E-4	0.04766804
0.001	0.04766793
0.0010293103	0.04766781
0.0010594797	0.047667667
0.0010905333	0.0476675
0.0011224973	0.047667313
0.001155398	0.047667094
0.001189263	0.047666844
0.0012241206	0.04766656
0.00126	0.047666233
0.0012961533	0.047665868
0.0013333439	0.04766545
0.0013716016	0.047664978
0.0014109571	0.047664437
0.0014514418	0.04766383
0.0014930882	0.04766314
0.0015359295	0.04766236
0.00158	0.047661476
0.0016272478	0.047660436
0.0016759086	0.04765926
0.0017260244	0.04765793
0.0017776389	0.047656424
0.0018307968	0.04765473
0.0018855444	0.047652815
0.0019419291	0.047650665
0.002	0.04764825
0.0020575977	0.047645643
0.002116854	0.04764273
0.002177817	0.047639485
0.0022405356	0.047635876
0.0023050604	0.047631856
0.0023714434	0.047627393
0.0024397383	0.047622442
0.00251	0.047616955
0.0025833033	0.047610793
0.0026587474	0.04760397
0.0027363948	0.047596425
0.0028163097	0.047588095
0.0028985585	0.04757891
0.0029832094	0.047568783
0.0030703326	0.047557645
0.00316	0.0475454
0.0032524571	0.047531936
0.0033476194	0.047517173
0.003445566	0.047501005
0.0035463783	0.047483318
0.0036501405	0.047463994
0.0037569385	0.04744291
0.003866861	0.04741993
0.00398	0.04739492
0.004096165	0.047367796
0.0042157196	0.04733835
0.0043387646	0.047306426
0.0044654002	0.04727185
0.0045957323	0.04723446
0.0047298684	0.047194067
0.0048679197	0.047150485
0.00501	0.047103528
0.005156579	0.047052868
0.0053074467	0.046998404
0.005462728	0.04693993
0.0056225527	0.04687723
0.0057870536	0.04681008
0.005956367	0.04673826
0.0061306343	0.046661537
0.00631	0.04657969
0.006493865	0.046492837
0.0066830874	0.04640044
0.0068778237	0.046302263
0.007078234	0.046198085
0.0072844843	0.046087675
0.0074967444	0.045970812
0.00771519	0.045847274
0.00794	0.04571685
0.008172275	0.04557877
0.008411343	0.045433335
0.008657407	0.04528035
0.008910668	0.045119617
0.009171338	0.044950962
0.009439633	0.044774223
0.009715778	0.044589244
0.01	0.044395883
0.010292081	0.04419433
0.010592694	0.04398418
0.010902087	0.043765336
0.011220517	0.043537717
0.011548247	0.04330126
0.011885551	0.043055914
0.012232705	0.042801656
0.01259	0.042538464
0.012957647	0.042266406
0.013336032	0.041985452
0.013725464	0.04169564
0.01412627	0.041397024
0.014538779	0.041089687
0.014963334	0.04077372
0.015400288	0.040449232
0.01585	0.040116347
0.016312422	0.039775524
0.016788337	0.039426625
0.017278135	0.03906982
0.017782224	0.038705297
0.01830102	0.038333252
0.01883495	0.037953906
0.019384459	0.037567478
0.01995	0.037174206
0.020533005	0.036773678
0.021133045	0.03636679
0.021750621	0.0359538
0.022386245	0.035534997
0.023040446	0.035110645
0.023713762	0.034681045
0.024406755	0.03424649
0.02512	0.03380727
0.025853088	0.033364296
0.02660757	0.032917287
0.027384069	0.03246655
0.02818323	0.032012396
0.029005712	0.031555142
0.029852198	0.031095108
0.030723387	0.030632606
0.03162	0.030167956
0.032543603	0.029701062
0.033494186	0.029232653
0.034472536	0.028763043
0.03547946	0.02829255
0.0365158	0.027821485
0.03758241	0.027350157
0.03868017	0.026878875
0.03981	0.026407938
0.040972695	0.025937697
0.042169347	0.02546839
0.04340095	0.025000298
0.044668525	0.024533704
0.04597312	0.02406887
0.047315817	0.023606062
0.04869773	0.023145525
0.05012	0.022687504
0.0515838	0.022232225
0.053090356	0.021779908
0.05464091	0.021330751
0.05623675	0.020884948
0.0578792	0.020442674
0.059569612	0.020004092
0.0613094	0.01956935
0.0631	0.01913858
0.06494172	0.018712165
0.066837184	0.018289937
0.06878798	0.01787198
0.070795715	0.017458363
0.072862044	0.017049147
0.074988686	0.016644372
0.077177405	0.016244067
0.07943	0.015848247
0.08174976	0.015456683
0.08413727	0.015069609
0.08659451	0.014687006
0.08912351	0.014308852
0.09172637	0.013935114
0.09440525	0.013565756
0.097162366	0.013200736
0.1	0.012840011
0.102919795	0.012483622
0.10592484	0.012131439
0.109017625	0.011783419
0.112200715	0.011439527
0.11547674	0.011099732
0.11884842	0.010764006
0.12231855	0.010432335
0.12589	0.010104709
0.12956645	0.009781071
0.13335027	0.009461496
0.13724458	0.00914601
0.14125264	0.00883465
0.14537773	0.008527465
0.14962329	0.008224518
0.15399285	0.007925882
0.15849	0.0076316427
0.16311829	0.0073419106
0.16788174	0.0070567806
0.17278428	0.006776369
0.17783	0.0065008025
0.18302307	0.006230213
0.18836778	0.0059647406
0.19386858	0.005704527
0.19953	0.0054497183
0.20535603	0.005200491
0.21135218	0.004956959
0.21752341	0.0047192657
0.22387484	0.00448755
0.23041171	0.004261945
0.23713945	0.0040425747
0.24406363	0.003829556
0.25119	0.0036229936
0.25852492	0.0034229672
0.26607406	0.0032295699
0.27384362	0.0030428667
0.28184006	0.002862907
0.29007	0.0026897239
0.29854023	0.0025233338
0.30725783	0.0023637356
0.31623	0.0022109114
0.32546407	0.002064826
0.33496782	0.0019254253
0.34474903	0.0017926389
0.3548159	0.0016663802
0.3651767	0.0015465465
0.37584007	0.0014330196
0.3868148	0.0013256677
0.39811	0.001224345
0.40973493	0.0011288945
0.42169935	0.0010391468
0.4340131	9.549234E-4
0.44668642	8.7603723E-4
0.4597298	8.0229394E-4
0.47315407	7.334934E-4
0.4869703	6.694308E-4
0.50119	6.09898E-4
0.5158249	5.546846E-4
0.5308872	5.0357974E-4
0.5463893	4.563724E-4
0.5623441	4.1285317E-4
0.57876474	3.728149E-4
0.59566486	3.3605375E-4
0.61305845	3.0237E-4
0.63096	2.7156886E-4
0.6493842	2.4346112E-4
0.6683464	2.1786362E-4
0.6878623	1.9459987E-4
0.7079481	1.7350043E-4
0.72862035	1.5440323E-4
0.7498962	1.371538E-4
0.7717934	1.2160536E-4
0.79433	1.0761905E-4
0.8175246	9.506385E-5
0.8413966	8.3816536E-5
0.86596555	7.3761636E-5
0.8912519	6.479127E-5
0.9172767	5.6804958E-5
0.9440614	4.9709422E-5
0.97162825	4.3418302E-5
1.0	3.7851903E-5
1.029201	3.2936776E-5
1.0592546	2.8605775E-5
1.090186	2.479734E-5
1.1220205	2.1455315E-5
1.1547846	1.8528604E-5
1.1885055	1.5970867E-5
1.223211	1.374017E-5
1.25893	1.1798688E-5
1.2956905	1.0112447E-5
1.3335243	8.650822E-6
1.3724631	7.386479E-6
1.4125386	6.295021E-6
1.4537846	5.3547265E-6
1.4962348	4.5463044E-6
1.5399245	3.852671E-6
1.58489	3.258731E-6
1.6311698	2.7511703E-6
1.678801	2.3183138E-6
1.727823	1.9499084E-6
1.7782766	1.6369866E-6
1.8302034	1.3717237E-6
1.8836465	1.1473097E-6
1.9386501	9.578318E-7
1.99526	7.9816857E-7
2.0535233	6.638934E-7
2.113488	5.511928E-7
2.1752036	4.5678593E-7
2.2387214	3.77858E-7
2.304094	3.1199963E-7
2.3713756	2.5715326E-7
2.4406219	2.1156592E-7
2.51189	1.7374738E-7
2.5852382	1.4243422E-7
2.6607285	1.16556414E-7
2.7384229	9.5211085E-8
2.818386	7.76376E-8
2.900684	6.3196616E-8
2.9853854	5.135192E-8
3.0725598	4.1654786E-8
3.16228	3.3730494E-8
3.2546198	2.7266832E-8
3.3496559	2.2004178E-8
3.447467	1.7727142E-8
3.5481343	1.4257396E-8
3.6517413	1.1447597E-8
3.7583735	9.176264E-9
3.8681195	7.343452E-9
3.98107	5.8670855E-9
4.097319	4.679908E-9
4.2169633	3.7269277E-9
4.340101	2.9632468E-9
4.466834	2.3523097E-9
4.5972676	1.8643838E-9
4.7315106	1.4753596E-9
4.869673	1.165698E-9
5.01187	9.196147E-10
5.1582193	7.243782E-10
5.3088417	5.6972493E-10
5.463863	4.4742332E-10
5.62341	3.5085623E-10
5.7876167	2.7472846E-10
5.9566183	2.1480073E-10
6.1305547	1.677074E-10
6.30957	1.3074963E-10
6.493813	1.0179413E-10
6.683436	7.9141804E-11
6.878596	6.144307E-11
7.079455	4.7640003E-11
7.286179	3.6883274E-11
7.4989395	2.8519298E-11
7.7179127	2.201972E-11
7.94328	1.6982415E-11
8.175228	1.3080759E-11
8.41395	1.0063728E-11
8.659641	7.730261E-12
8.912508	5.9311445E-12
9.172758	4.545364E-12
9.440608	3.4806602E-12
9.716279	2.6566527E-12
10.0	2.031486E-12



DATASET #4

Name: 1000yr
Num Points: 2
Info: 

X, Y Data:
0.001	0.001
10.0	0.001



DATASET #5

Name: 2500yr
Num Points: 2
Info: 

X, Y Data:
0.001	4.0E-4
10.0	4.0E-4



DATASET #6

Name: 10000yr
Num Points: 2
Info: 

X, Y Data:
0.001	1.0E-4
10.0	1.0E-4


