
X-Axis: Normalized Interevent Time
Y-Axis: Probability
Number of Data Sets: 3


DATASET #1

     Name: mu0_4 Histogram
   Points: 41
     Info: 

Data[x,y]:
0.05	  0.0030009635
0.15	  0.004625738
0.25	  0.009530814
0.35	  0.019189766
0.45	  0.030001948
0.55	  0.03656255
0.65	  0.06175681
0.75	  0.109380126
0.85	  0.16462758
0.95	  0.19596471
1.05	  0.1319527
1.15	  0.078542724
1.25	  0.04156245
1.35	  0.02116051
1.45	  0.014546088
1.55	  0.011188905
1.65	  0.009559005
1.75	  0.007857348
1.85	  0.0065580406
1.95	  0.005363806
2.05	  0.0045437305
2.15	  0.0036647122
2.25	  0.0032444235
2.35	  0.0029112678
2.45	  0.0026216786
2.55	  0.0022654585
2.65	  0.0020988807
2.75	  0.0017375349
2.85	  0.001570957
2.95	  0.0012711169
3.05	  0.0011122273
3.15	  0.0011071019
3.25	  9.2002214E-4
3.35	  7.4831885E-4
3.45	  6.663113E-4
3.55	  6.227448E-4
3.65	  5.433E-4
3.75	  5.689273E-4
3.85	  5.074217E-4
3.95	  4.2797686E-4
4.05	  0.0039132973



DATASET #2

     Name: Log-Normal Fit
   Points: 401
     Info: 

Data[x,y]:
0.005	  0.0
0.015	  1.2718588E-14
0.025	  6.644324E-12
0.035	  3.7191128E-10
0.045	  6.5406964E-9
0.055	  5.719173E-8
0.065	  3.1564315E-7
0.075	  1.262965E-6
0.085	  3.9952E-6
0.095	  1.0580126E-5
0.105	  2.4400491E-5
0.115	  5.0410796E-5
0.125	  9.5256415E-5
0.135	  1.6723399E-4
0.145	  2.761002E-4
0.155	  4.327563E-4
0.165	  6.488462E-4
0.175	  9.3631033E-4
0.185	  0.0013069316
0.195	  0.0017719071
0.205	  0.002341467
0.215	  0.003024558
0.225	  0.0038285973
0.235	  0.0047593005
0.245	  0.0058205817
0.255	  0.0070145163
0.265	  0.008341362
0.275	  0.009799627
0.285	  0.011386179
0.295	  0.01309638
0.305	  0.014924243
0.315	  0.016862603
0.325	  0.01890329
0.335	  0.02103732
0.345	  0.023255046
0.355	  0.025546348
0.365	  0.027900774
0.375	  0.030307697
0.385	  0.032756437
0.395	  0.035236385
0.405	  0.03773711
0.415	  0.040248446
0.425	  0.04276057
0.435	  0.04526406
0.445	  0.047749974
0.455	  0.05020985
0.465	  0.052635767
0.475	  0.055020362
0.485	  0.057356838
0.495	  0.059638977
0.505	  0.061861128
0.515	  0.06401821
0.525	  0.066105716
0.535	  0.06811967
0.545	  0.07005661
0.555	  0.07191361
0.565	  0.07368822
0.575	  0.075378425
0.585	  0.07698269
0.595	  0.07849985
0.605	  0.07992916
0.615	  0.081270196
0.625	  0.08252289
0.635	  0.083687484
0.645	  0.08476447
0.655	  0.08575464
0.665	  0.08665899
0.675	  0.08747873
0.685	  0.08821527
0.695	  0.08887017
0.705	  0.08944516
0.715	  0.08994208
0.725	  0.0903629
0.735	  0.09070967
0.745	  0.09098454
0.755	  0.091189705
0.765	  0.09132742
0.775	  0.0914
0.785	  0.09140976
0.795	  0.09135906
0.805	  0.09125024
0.815	  0.09108567
0.825	  0.09086771
0.835	  0.090598695
0.845	  0.09028094
0.855	  0.08991674
0.865	  0.08950836
0.875	  0.08905803
0.885	  0.08856792
0.895	  0.088040195
0.905	  0.08747694
0.915	  0.086880215
0.925	  0.08625201
0.935	  0.085594274
0.945	  0.0849089
0.955	  0.08419774
0.965	  0.08346256
0.975	  0.08270509
0.985	  0.081927
0.995	  0.08112991
1.005	  0.08031537
1.015	  0.07948487
1.025	  0.07863987
1.035	  0.07778176
1.045	  0.07691186
1.055	  0.076031454
1.065	  0.07514177
1.075	  0.07424399
1.085	  0.073339224
1.095	  0.072428554
1.105	  0.071513005
1.115	  0.07059354
1.125	  0.06967111
1.135	  0.06874659
1.145	  0.06782082
1.155	  0.06689459
1.165	  0.06596868
1.175	  0.065043785
1.185	  0.06412059
1.195	  0.06319974
1.205	  0.06228184
1.215	  0.061367452
1.225	  0.06045712
1.235	  0.05955134
1.245	  0.05865059
1.255	  0.05775531
1.265	  0.05686591
1.275	  0.05598278
1.285	  0.055106275
1.295	  0.05423673
1.305	  0.053374454
1.315	  0.05251973
1.325	  0.051672827
1.335	  0.050833978
1.345	  0.05000341
1.355	  0.049181323
1.365	  0.0483679
1.375	  0.047563303
1.385	  0.046767686
1.395	  0.045981176
1.405	  0.04520389
1.415	  0.044435937
1.425	  0.043677393
1.435	  0.042928346
1.445	  0.04218885
1.455	  0.041458957
1.465	  0.04073871
1.475	  0.040028136
1.485	  0.039327256
1.495	  0.03863608
1.505	  0.037954606
1.515	  0.03728283
1.525	  0.03662073
1.535	  0.035968293
1.545	  0.03532548
1.555	  0.03469226
1.565	  0.034068596
1.575	  0.03345443
1.585	  0.03284971
1.595	  0.032254383
1.605	  0.031668384
1.615	  0.031091643
1.625	  0.030524096
1.635	  0.02996566
1.645	  0.029416261
1.655	  0.028875817
1.665	  0.028344244
1.675	  0.027821455
1.685	  0.02730736
1.695	  0.02680187
1.705	  0.02630489
1.715	  0.025816325
1.725	  0.02533608
1.735	  0.024864053
1.745	  0.02440015
1.755	  0.023944268
1.765	  0.023496307
1.775	  0.023056164
1.785	  0.022623738
1.795	  0.022198927
1.805	  0.021781623
1.815	  0.021371728
1.825	  0.020969136
1.835	  0.020573743
1.845	  0.020185446
1.855	  0.01980414
1.865	  0.019429727
1.875	  0.019062096
1.885	  0.018701151
1.895	  0.018346786
1.905	  0.017998904
1.915	  0.0176574
1.925	  0.017322173
1.935	  0.016993126
1.945	  0.01667016
1.955	  0.016353175
1.965	  0.016042074
1.975	  0.015736762
1.985	  0.015437143
1.995	  0.015143121
2.005	  0.0148546025
2.015	  0.014571495
2.025	  0.014293708
2.035	  0.014021148
2.045	  0.013753728
2.055	  0.013491358
2.065	  0.013233949
2.075	  0.012981417
2.085	  0.012733675
2.095	  0.0124906385
2.105	  0.012252225
2.115	  0.012018352
2.125	  0.011788938
2.135	  0.011563904
2.145	  0.01134317
2.155	  0.011126659
2.165	  0.010914295
2.175	  0.010706001
2.185	  0.010501704
2.195	  0.01030133
2.205	  0.010104807
2.215	  0.009912065
2.225	  0.009723033
2.235	  0.009537642
2.245	  0.009355824
2.255	  0.009177515
2.265	  0.009002646
2.275	  0.0088311555
2.285	  0.008662977
2.295	  0.008498051
2.305	  0.008336315
2.315	  0.008177708
2.325	  0.008022171
2.335	  0.007869647
2.345	  0.007720077
2.355	  0.0075734053
2.365	  0.007429577
2.375	  0.007288537
2.385	  0.007150233
2.395	  0.007014611
2.405	  0.0068816207
2.415	  0.006751211
2.425	  0.006623332
2.435	  0.006497935
2.445	  0.0063749724
2.455	  0.006254397
2.465	  0.006136162
2.475	  0.006020223
2.485	  0.0059065344
2.495	  0.005795053
2.505	  0.005685736
2.515	  0.005578541
2.525	  0.005473427
2.535	  0.0053703533
2.545	  0.0052692797
2.555	  0.0051701674
2.565	  0.005072978
2.575	  0.0049776738
2.585	  0.0048842183
2.595	  0.004792575
2.605	  0.004702708
2.615	  0.0046145837
2.625	  0.0045281667
2.635	  0.004443424
2.645	  0.0043603224
2.655	  0.00427883
2.665	  0.004198915
2.675	  0.004120546
2.685	  0.004043693
2.695	  0.003968327
2.705	  0.0038944173
2.715	  0.003821936
2.725	  0.0037508546
2.735	  0.0036811458
2.745	  0.0036127826
2.755	  0.003545738
2.765	  0.0034799867
2.775	  0.0034155028
2.785	  0.0033522614
2.795	  0.003290238
2.805	  0.0032294085
2.815	  0.0031697496
2.825	  0.0031112381
2.835	  0.0030538512
2.845	  0.0029975667
2.855	  0.0029423633
2.865	  0.0028882194
2.875	  0.002835114
2.885	  0.0027830268
2.895	  0.0027319377
2.905	  0.002681827
2.915	  0.0026326752
2.925	  0.002584464
2.935	  0.0025371742
2.945	  0.002490788
2.955	  0.0024452878
2.965	  0.0024006558
2.975	  0.0023568748
2.985	  0.0023139284
2.995	  0.0022718003
3.005	  0.002230474
3.015	  0.0021899338
3.025	  0.0021501645
3.035	  0.0021111507
3.045	  0.0020728777
3.055	  0.0020353307
3.065	  0.001998496
3.075	  0.001962359
3.085	  0.0019269064
3.095	  0.0018921247
3.105	  0.0018580006
3.115	  0.0018245215
3.125	  0.0017916744
3.135	  0.0017594473
3.145	  0.0017278277
3.155	  0.001696804
3.165	  0.0016663644
3.175	  0.0016364976
3.185	  0.0016071922
3.195	  0.0015784375
3.205	  0.0015502226
3.215	  0.0015225371
3.225	  0.0014953704
3.235	  0.0014687127
3.245	  0.0014425539
3.255	  0.0014168844
3.265	  0.0013916945
3.275	  0.0013669751
3.285	  0.001342717
3.295	  0.0013189111
3.305	  0.0012955487
3.315	  0.0012726213
3.325	  0.0012501203
3.335	  0.0012280375
3.345	  0.0012063648
3.355	  0.0011850944
3.365	  0.0011642183
3.375	  0.001143729
3.385	  0.0011236189
3.395	  0.0011038808
3.405	  0.0010845074
3.415	  0.0010654919
3.425	  0.0010468273
3.435	  0.0010285067
3.445	  0.0010105236
3.455	  9.928715E-4
3.465	  9.75544E-4
3.475	  9.585349E-4
3.485	  9.418381E-4
3.495	  9.2544756E-4
3.505	  9.0935745E-4
3.515	  8.93562E-4
3.525	  8.780555E-4
3.535	  8.6283253E-4
3.545	  8.4788766E-4
3.555	  8.3321554E-4
3.565	  8.1881095E-4
3.575	  8.046688E-4
3.585	  7.907841E-4
3.595	  7.7715196E-4
3.605	  7.637675E-4
3.615	  7.506261E-4
3.625	  7.377231E-4
3.635	  7.2505395E-4
3.645	  7.126142E-4
3.655	  7.0039957E-4
3.665	  6.8840577E-4
3.675	  6.766286E-4
3.685	  6.650639E-4
3.695	  6.537078E-4
3.705	  6.4255623E-4
3.715	  6.316054E-4
3.725	  6.208514E-4
3.735	  6.1029074E-4
3.745	  5.999196E-4
3.755	  5.897344E-4
3.765	  5.7973183E-4
3.775	  5.6990824E-4
3.785	  5.602604E-4
3.795	  5.50785E-4
3.805	  5.4147874E-4
3.815	  5.323385E-4
3.825	  5.233612E-4
3.835	  5.1454373E-4
3.845	  5.058832E-4
3.855	  4.9737655E-4
3.865	  4.8902095E-4
3.875	  4.8081364E-4
3.885	  4.7275182E-4
3.895	  4.648328E-4
3.905	  4.5705386E-4
3.915	  4.4941247E-4
3.925	  4.4190607E-4
3.935	  4.3453212E-4
3.945	  4.2728818E-4
3.955	  4.2017185E-4
3.965	  4.1318077E-4
3.975	  4.0631258E-4
3.985	  3.995651E-4
3.995	  3.92936E-4
4.005	  3.8642317E-4



DATASET #3

     Name: BPT Fit
   Points: 401
     Info: Mean = 100.0, Aperiodicity = 0.5, Duration = 30.0, Delta T = 1.0, Num Points = 500, Historic Open Interval = 0.0
Computed mean = 0.9962841

Data[x,y]:
0.0	  0.0
0.01	  0.0
0.02	  7.222E-42
0.03	  2.3507458E-27
0.04	  3.695527E-20
0.05	  7.0643813E-16
0.06	  4.769876E-13
0.07	  4.80177E-11
0.08	  1.4779901E-9
0.09	  2.0709193E-8
0.1	  1.6761815E-7
0.11	  9.116056E-7
0.12	  3.6837039E-6
0.13	  1.1855134E-5
0.14	  3.1926767E-5
0.15	  7.460089E-5
0.16	  1.5539219E-4
0.17	  2.9456223E-4
0.18	  5.163495E-4
0.19	  8.4763137E-4
0.2	  0.0013162481
0.21	  0.0019492392
0.22	  0.0027712092
0.23	  0.003802975
0.24	  0.005060576
0.25	  0.006554678
0.26	  0.008290341
0.27	  0.010267105
0.28	  0.0124793295
0.29	  0.014916712
0.3	  0.017564934
0.31	  0.020406356
0.32	  0.023420746
0.33	  0.02658597
0.34	  0.02987866
0.35	  0.03327479
0.36	  0.036750216
0.37	  0.04028112
0.38	  0.043844376
0.39	  0.04741784
0.4	  0.050980616
0.41	  0.054513194
0.42	  0.05799759
0.43	  0.06141741
0.44	  0.06475788
0.45	  0.06800588
0.46	  0.071149856
0.47	  0.07417982
0.48	  0.0770873
0.49	  0.07986522
0.5	  0.08250782
0.51	  0.08501063
0.52	  0.08737029
0.53	  0.08958452
0.54	  0.091652
0.55	  0.09357227
0.56	  0.095345676
0.57	  0.096973255
0.58	  0.098456666
0.59	  0.099798106
0.6	  0.101000264
0.61	  0.10206623
0.62	  0.10299943
0.63	  0.1038036
0.64	  0.104482695
0.65	  0.1050409
0.66	  0.10548251
0.67	  0.10581196
0.68	  0.10603376
0.69	  0.10615245
0.7	  0.10617263
0.71	  0.106098846
0.72	  0.10593566
0.73	  0.10568757
0.74	  0.105359025
0.75	  0.104954384
0.76	  0.10447795
0.77	  0.1039339
0.78	  0.10332632
0.79	  0.1026592
0.8	  0.101936385
0.81	  0.10116163
0.82	  0.10033854
0.83	  0.09947061
0.84	  0.098561205
0.85	  0.097613566
0.86	  0.0966308
0.87	  0.09561588
0.88	  0.09457168
0.89	  0.09350093
0.9	  0.092406236
0.91	  0.091290094
0.92	  0.09015488
0.93	  0.08900284
0.94	  0.08783614
0.95	  0.08665681
0.96	  0.08546679
0.97	  0.0842679
0.98	  0.08306189
0.99	  0.08185039
1.0	  0.08063494
1.01	  0.079417
1.02	  0.07819794
1.03	  0.076979056
1.04	  0.07576156
1.05	  0.07454657
1.06	  0.073335156
1.07	  0.07212832
1.08	  0.07092697
1.09	  0.06973199
1.1	  0.068544164
1.11	  0.067364246
1.12	  0.066192925
1.13	  0.06503083
1.14	  0.06387855
1.15	  0.06273663
1.16	  0.061605565
1.17	  0.060485795
1.18	  0.05937774
1.19	  0.058281768
1.2	  0.05719822
1.21	  0.056127388
1.22	  0.055069543
1.23	  0.054024927
1.24	  0.052993745
1.25	  0.051976178
1.26	  0.05097238
1.27	  0.04998248
1.28	  0.04900659
1.29	  0.04804479
1.3	  0.04709715
1.31	  0.04616371
1.32	  0.045244507
1.33	  0.044339545
1.34	  0.04344882
1.35	  0.04257232
1.36	  0.041710008
1.37	  0.040861838
1.38	  0.040027753
1.39	  0.03920769
1.4	  0.038401566
1.41	  0.037609294
1.42	  0.03683078
1.43	  0.036065914
1.44	  0.03531459
1.45	  0.03457669
1.46	  0.033852085
1.47	  0.03314065
1.48	  0.032442242
1.49	  0.031756725
1.5	  0.031083954
1.51	  0.030423783
1.52	  0.029776057
1.53	  0.029140623
1.54	  0.028517324
1.55	  0.027906
1.56	  0.027306492
1.57	  0.026718633
1.58	  0.02614226
1.59	  0.025577208
1.6	  0.025023311
1.61	  0.024480402
1.62	  0.023948314
1.63	  0.02342688
1.64	  0.022915928
1.65	  0.022415295
1.66	  0.021924814
1.67	  0.021444317
1.68	  0.02097364
1.69	  0.020512614
1.7	  0.02006108
1.71	  0.01961887
1.72	  0.019185826
1.73	  0.018761784
1.74	  0.018346587
1.75	  0.017940076
1.76	  0.017542092
1.77	  0.017152485
1.78	  0.016771097
1.79	  0.016397778
1.8	  0.016032377
1.81	  0.015674746
1.82	  0.015324739
1.83	  0.0149822105
1.84	  0.014647017
1.85	  0.014319018
1.86	  0.013998075
1.87	  0.01368405
1.88	  0.013376808
1.89	  0.013076214
1.9	  0.01278214
1.91	  0.012494452
1.92	  0.012213027
1.93	  0.0119377365
1.94	  0.011668459
1.95	  0.011405071
1.96	  0.011147454
1.97	  0.010895491
1.98	  0.010649065
1.99	  0.0104080625
2.0	  0.010172373
2.01	  0.009941885
2.02	  0.009716492
2.03	  0.009496087
2.04	  0.009280566
2.05	  0.009069827
2.06	  0.0088637695
2.07	  0.008662295
2.08	  0.008465306
2.09	  0.008272708
2.1	  0.008084408
2.11	  0.007900314
2.12	  0.007720337
2.13	  0.007544388
2.14	  0.0073723807
2.15	  0.007204231
2.16	  0.0070398552
2.17	  0.0068791728
2.18	  0.006722103
2.19	  0.0065685674
2.2	  0.00641849
2.21	  0.0062717954
2.22	  0.0061284094
2.23	  0.0059882607
2.24	  0.0058512776
2.25	  0.005717391
2.26	  0.0055865333
2.27	  0.005458638
2.28	  0.005333639
2.29	  0.005211474
2.3	  0.005092079
2.31	  0.004975393
2.32	  0.004861357
2.33	  0.0047499114
2.34	  0.0046409993
2.35	  0.004534564
2.36	  0.00443055
2.37	  0.0043289047
2.38	  0.004229574
2.39	  0.004132507
2.4	  0.0040376526
2.41	  0.003944962
2.42	  0.0038543856
2.43	  0.003765877
2.44	  0.0036793898
2.45	  0.0035948781
2.46	  0.003512298
2.47	  0.0034316054
2.48	  0.0033527585
2.49	  0.0032757153
2.5	  0.0032004353
2.51	  0.0031268785
2.52	  0.003055006
2.53	  0.00298478
2.54	  0.002916163
2.55	  0.0028491186
2.56	  0.0027836112
2.57	  0.002719606
2.58	  0.0026570691
2.59	  0.0025959667
2.6	  0.0025362666
2.61	  0.002477937
2.62	  0.0024209463
2.63	  0.0023652643
2.64	  0.0023108614
2.65	  0.0022577082
2.66	  0.0022057763
2.67	  0.0021550378
2.68	  0.0021054654
2.69	  0.002057033
2.7	  0.0020097138
2.71	  0.001963483
2.72	  0.0019183152
2.73	  0.0018741866
2.74	  0.0018310731
2.75	  0.0017889517
2.76	  0.0017477996
2.77	  0.0017075945
2.78	  0.0016683148
2.79	  0.0016299393
2.8	  0.0015924473
2.81	  0.0015558184
2.82	  0.001520033
2.83	  0.0014850716
2.84	  0.0014509155
2.85	  0.001417546
2.86	  0.001384945
2.87	  0.0013530949
2.88	  0.0013219786
2.89	  0.0012915791
2.9	  0.00126188
2.91	  0.0012328652
2.92	  0.0012045188
2.93	  0.0011768256
2.94	  0.0011497705
2.95	  0.0011233388
2.96	  0.0010975162
2.97	  0.0010722887
2.98	  0.0010476426
2.99	  0.0010235643
3.0	  0.001000041
3.01	  9.770598E-4
3.02	  9.546082E-4
3.03	  9.32674E-4
3.04	  9.112453E-4
3.05	  8.9031045E-4
3.06	  8.698581E-4
3.07	  8.49877E-4
3.08	  8.3035644E-4
3.09	  8.112857E-4
3.1	  7.926544E-4
3.11	  7.7445246E-4
3.12	  7.5666996E-4
3.13	  7.3929725E-4
3.14	  7.223248E-4
3.15	  7.0574344E-4
3.16	  6.8954413E-4
3.17	  6.73718E-4
3.18	  6.582565E-4
3.19	  6.431513E-4
3.2	  6.2839396E-4
3.21	  6.139766E-4
3.22	  5.998914E-4
3.23	  5.861306E-4
3.24	  5.726867E-4
3.25	  5.595525E-4
3.26	  5.4672075E-4
3.27	  5.341845E-4
3.28	  5.219369E-4
3.29	  5.099714E-4
3.3	  4.982813E-4
3.31	  4.8686043E-4
3.32	  4.7570246E-4
3.33	  4.6480133E-4
3.34	  4.5415113E-4
3.35	  4.4374607E-4
3.36	  4.3358048E-4
3.37	  4.2364886E-4
3.38	  4.1394576E-4
3.39	  4.044659E-4
3.4	  3.952042E-4
3.41	  3.8615556E-4
3.42	  3.7731507E-4
3.43	  3.6867795E-4
3.44	  3.6023947E-4
3.45	  3.5199508E-4
3.46	  3.4394028E-4
3.47	  3.360707E-4
3.48	  3.2838204E-4
3.49	  3.2087017E-4
3.5	  3.1353097E-4
3.51	  3.0636045E-4
3.52	  2.9935478E-4
3.53	  2.9251009E-4
3.54	  2.858227E-4
3.55	  2.7928894E-4
3.56	  2.7290534E-4
3.57	  2.6666836E-4
3.58	  2.6057466E-4
3.59	  2.546209E-4
3.6	  2.488039E-4
3.61	  2.4312045E-4
3.62	  2.3756752E-4
3.63	  2.3214208E-4
3.64	  2.2684118E-4
3.65	  2.2166195E-4
3.66	  2.166016E-4
3.67	  2.1165737E-4
3.68	  2.068266E-4
3.69	  2.0210668E-4
3.7	  1.9749503E-4
3.71	  1.9298916E-4
3.72	  1.8858665E-4
3.73	  1.8428509E-4
3.74	  1.8008219E-4
3.75	  1.7597564E-4
3.76	  1.7196324E-4
3.77	  1.6804282E-4
3.78	  1.6421227E-4
3.79	  1.604695E-4
3.8	  1.5681249E-4
3.81	  1.5323928E-4
3.82	  1.4974792E-4
3.83	  1.4633655E-4
3.84	  1.4300332E-4
3.85	  1.3974642E-4
3.86	  1.365641E-4
3.87	  1.3345464E-4
3.88	  1.3041637E-4
3.89	  1.2744765E-4
3.9	  1.2454689E-4
3.91	  1.21712495E-4
3.92	  1.1894297E-4
3.93	  1.16236806E-4
3.94	  1.1359255E-4
3.95	  1.1100878E-4
3.96	  1.08484106E-4
3.97	  1.0601716E-4
3.98	  1.0360663E-4
3.99	  1.01251215E-4
4.0	  9.894964E-5


