
X-Axis: Period (s)
Y-Axis: PSA (g)
Number of Data Sets: 16


DATASET #1

Name: ASK2014 ±σ
Num Points: 22
Info: 

X, Y Data:
0.01	0.23070541	[0.12458983	0.4272017]
0.02	0.2345873	[0.12697998	0.4333849]
0.03	0.24162765	[0.13205473	0.44211912]
0.05	0.2740286	[0.15108408	0.49701908]
0.075	0.34451923	[0.19095556	0.62157655]
0.1	0.41610825	[0.22975795	0.7536021]
0.15	0.54400647	[0.29453784	1.0047708]
0.2	0.6188371	[0.3247177	1.1793609]
0.25	0.61754006	[0.31468678	1.2118582]
0.3	0.5536558	[0.2797514	1.09574]
0.4	0.45159703	[0.22624801	0.9013997]
0.5	0.38854027	[0.19299853	0.7822004]
0.75	0.27789563	[0.13626851	0.5667193]
1.0	0.21035007	[0.10181627	0.43457836]
1.5	0.13888173	[0.06664102	0.28943336]
2.0	0.09968586	[0.047417413	0.20957008]
3.0	0.06302754	[0.030243138	0.13135113]
4.0	0.046505623	[0.022510234	0.09607954]
5.0	0.036398802	[0.017618204	0.07519908]
6.0	0.02975213	[0.014400998	0.06146721]
7.5	0.02298906	[0.011127452	0.047494866]
10.0	0.015614095	[0.0075577297	0.03225836]



DATASET #2

Name: 
Num Points: 22
Info: 

X, Y Data:
0.01	0.4272017
0.02	0.4333849
0.03	0.44211912
0.05	0.49701908
0.075	0.62157655
0.1	0.7536021
0.15	1.0047708
0.2	1.1793609
0.25	1.2118582
0.3	1.09574
0.4	0.9013997
0.5	0.7822004
0.75	0.5667193
1.0	0.43457836
1.5	0.28943336
2.0	0.20957008
3.0	0.13135113
4.0	0.09607954
5.0	0.07519908
6.0	0.06146721
7.5	0.047494866
10.0	0.03225836



DATASET #3

Name: 
Num Points: 22
Info: 

X, Y Data:
0.01	0.12458983
0.02	0.12697998
0.03	0.13205473
0.05	0.15108408
0.075	0.19095556
0.1	0.22975795
0.15	0.29453784
0.2	0.3247177
0.25	0.31468678
0.3	0.2797514
0.4	0.22624801
0.5	0.19299853
0.75	0.13626851
1.0	0.10181627
1.5	0.06664102
2.0	0.047417413
3.0	0.030243138
4.0	0.022510234
5.0	0.017618204
6.0	0.014400998
7.5	0.011127452
10.0	0.0075577297



DATASET #4

Name: BSSA2014 ±σ
Num Points: 21
Info: 

X, Y Data:
0.01	0.24867924	[0.13557328	0.45614707]
0.02	0.24662612	[0.13404627	0.45375708]
0.03	0.25768122	[0.13726157	0.48374513]
0.05	0.301755	[0.15263861	0.5965469]
0.075	0.36948395	[0.18078719	0.75513303]
0.1	0.42887926	[0.2111021	0.8713198]
0.15	0.5198832	[0.26803008	1.0083891]
0.2	0.54767084	[0.2942365	1.0193955]
0.25	0.53060544	[0.2888106	0.97483295]
0.3	0.5047788	[0.2753881	0.92524564]
0.4	0.44319558	[0.23916754	0.821275]
0.5	0.38987252	[0.20567694	0.73902583]
0.75	0.28204417	[0.14339064	0.5547705]
1.0	0.21521367	[0.10768639	0.43010935]
1.5	0.1385059	[0.06915655	0.27739793]
2.0	0.09867587	[0.048995215	0.19873223]
3.0	0.06578889	[0.032404147	0.13356864]
4.0	0.050226163	[0.02474296	0.10195496]
5.0	0.040217206	[0.019842347	0.081513725]
7.5	0.02481158	[0.012456126	0.049422633]
10.0	0.015740262	[0.008220699	0.030138057]



DATASET #5

Name: 
Num Points: 21
Info: 

X, Y Data:
0.01	0.45614707
0.02	0.45375708
0.03	0.48374513
0.05	0.5965469
0.075	0.75513303
0.1	0.8713198
0.15	1.0083891
0.2	1.0193955
0.25	0.97483295
0.3	0.92524564
0.4	0.821275
0.5	0.73902583
0.75	0.5547705
1.0	0.43010935
1.5	0.27739793
2.0	0.19873223
3.0	0.13356864
4.0	0.10195496
5.0	0.081513725
7.5	0.049422633
10.0	0.030138057



DATASET #6

Name: 
Num Points: 21
Info: 

X, Y Data:
0.01	0.13557328
0.02	0.13404627
0.03	0.13726157
0.05	0.15263861
0.075	0.18078719
0.1	0.2111021
0.15	0.26803008
0.2	0.2942365
0.25	0.2888106
0.3	0.2753881
0.4	0.23916754
0.5	0.20567694
0.75	0.14339064
1.0	0.10768639
1.5	0.06915655
2.0	0.048995215
3.0	0.032404147
4.0	0.02474296
5.0	0.019842347
7.5	0.012456126
10.0	0.008220699



DATASET #7

Name: CB2014 ±σ
Num Points: 21
Info: 

X, Y Data:
0.01	0.2315915	[0.13325852	0.4024855]
0.02	0.23722169	[0.1361083	0.41345116]
0.03	0.2622902	[0.14900476	0.46170437]
0.05	0.33421803	[0.18656889	0.59871554]
0.075	0.40231317	[0.21770597	0.74346095]
0.1	0.44073832	[0.23570617	0.8241204]
0.15	0.48190075	[0.26151058	0.8880265]
0.2	0.47422653	[0.25873476	0.8691943]
0.25	0.4698997	[0.25723028	0.8583971]
0.3	0.4529985	[0.24213782	0.84748286]
0.4	0.43447176	[0.22713628	0.8310681]
0.5	0.37860313	[0.19466679	0.7363369]
0.75	0.26204798	[0.12857506	0.53407824]
1.0	0.20761143	[0.101013735	0.42669943]
1.5	0.14278622	[0.069289446	0.2942426]
2.0	0.11081267	[0.05441742	0.22565289]
3.0	0.07358549	[0.03607953	0.15008025]
4.0	0.055100113	[0.027822053	0.10912287]
5.0	0.040817387	[0.02040297	0.081657685]
7.5	0.018298801	[0.009087175	0.036848206]
10.0	0.009810081	[0.0048830826	0.01970839]



DATASET #8

Name: 
Num Points: 21
Info: 

X, Y Data:
0.01	0.4024855
0.02	0.41345116
0.03	0.46170437
0.05	0.59871554
0.075	0.74346095
0.1	0.8241204
0.15	0.8880265
0.2	0.8691943
0.25	0.8583971
0.3	0.84748286
0.4	0.8310681
0.5	0.7363369
0.75	0.53407824
1.0	0.42669943
1.5	0.2942426
2.0	0.22565289
3.0	0.15008025
4.0	0.10912287
5.0	0.081657685
7.5	0.036848206
10.0	0.01970839



DATASET #9

Name: 
Num Points: 21
Info: 

X, Y Data:
0.01	0.13325852
0.02	0.1361083
0.03	0.14900476
0.05	0.18656889
0.075	0.21770597
0.1	0.23570617
0.15	0.26151058
0.2	0.25873476
0.25	0.25723028
0.3	0.24213782
0.4	0.22713628
0.5	0.19466679
0.75	0.12857506
1.0	0.101013735
1.5	0.069289446
2.0	0.05441742
3.0	0.03607953
4.0	0.027822053
5.0	0.02040297
7.5	0.009087175
10.0	0.0048830826



DATASET #10

Name: CY2014 ±σ
Num Points: 24
Info: 

X, Y Data:
0.01	0.25618938	[0.14698492	0.44652876]
0.02	0.2585284	[0.14793123	0.45181084]
0.03	0.2799969	[0.15828173	0.49530834]
0.04	0.31064248	[0.17444277	0.5531829]
0.05	0.34985375	[0.19581859	0.6250563]
0.075	0.44722572	[0.24936672	0.80207515]
0.1	0.5159031	[0.28612125	0.9302211]
0.12	0.5544245	[0.30578277	1.0052447]
0.15	0.58760715	[0.3214683	1.0740783]
0.17	0.5996459	[0.3263594	1.1017768]
0.2	0.60706234	[0.32787037	1.1239951]
0.25	0.59380966	[0.31714582	1.1118226]
0.3	0.5641565	[0.2984936	1.0662625]
0.4	0.4956807	[0.25856057	0.95025843]
0.5	0.43508762	[0.22460425	0.8428213]
0.75	0.31153527	[0.15820949	0.6134538]
1.0	0.22955471	[0.11570813	0.45541626]
1.5	0.14192931	[0.07096475	0.28385824]
2.0	0.100574635	[0.050311062	0.20105432]
3.0	0.060654838	[0.030452775	0.120810315]
4.0	0.039482135	[0.019866357	0.07846627]
5.0	0.026609512	[0.013429351	0.052725267]
7.5	0.012416881	[0.0063041723	0.024456648]
10.0	0.007027655	[0.003583266	0.013782938]



DATASET #11

Name: 
Num Points: 24
Info: 

X, Y Data:
0.01	0.44652876
0.02	0.45181084
0.03	0.49530834
0.04	0.5531829
0.05	0.6250563
0.075	0.80207515
0.1	0.9302211
0.12	1.0052447
0.15	1.0740783
0.17	1.1017768
0.2	1.1239951
0.25	1.1118226
0.3	1.0662625
0.4	0.95025843
0.5	0.8428213
0.75	0.6134538
1.0	0.45541626
1.5	0.28385824
2.0	0.20105432
3.0	0.120810315
4.0	0.07846627
5.0	0.052725267
7.5	0.024456648
10.0	0.013782938



DATASET #12

Name: 
Num Points: 24
Info: 

X, Y Data:
0.01	0.14698492
0.02	0.14793123
0.03	0.15828173
0.04	0.17444277
0.05	0.19581859
0.075	0.24936672
0.1	0.28612125
0.12	0.30578277
0.15	0.3214683
0.17	0.3263594
0.2	0.32787037
0.25	0.31714582
0.3	0.2984936
0.4	0.25856057
0.5	0.22460425
0.75	0.15820949
1.0	0.11570813
1.5	0.07096475
2.0	0.050311062
3.0	0.030452775
4.0	0.019866357
5.0	0.013429351
7.5	0.0063041723
10.0	0.003583266



DATASET #13

Name: Psa5_N
Num Points: 63
Info: 

X, Y Data:
0.01	0.35157
0.011	0.35159
0.012	0.35161
0.013	0.35163
0.015	0.35169
0.017	0.35175
0.02	0.35186
0.022	0.35194
0.025	0.35208
0.029	0.35229
0.032	0.35247
0.035	0.35267
0.04	0.35304
0.045	0.35346
0.05	0.35393
0.055	0.35446
0.06	0.35503
0.065	0.35566
0.075	0.35708
0.085	0.35872
0.1	0.36162
0.11	0.36385
0.12	0.36634
0.13	0.36911
0.15	0.37553
0.17	0.38327
0.2	0.39789
0.22	0.41003
0.24	0.42331
0.26	0.43386
0.28	0.46674
0.3	0.49249
0.35	0.64106
0.4	0.90608
0.45	0.80143
0.5	1.2179
0.55	1.4235
0.6	1.4087
0.65	1.5191
0.75	1.5284
0.85	0.90357
1.0	0.52834
1.1	0.41105
1.2	0.34203
1.3	0.29725
1.5	0.23963
1.7	0.15344
2.0	0.12807
2.2	0.10598
2.4	0.12356
2.6	0.11633
2.8	0.090389
3.0	0.075466
3.5	0.067377
4.0	0.05099
4.4	0.038369
5.0	0.029874
5.5	0.034528
6.0	0.039176
6.5	0.044647
7.5	0.044785
8.5	0.040714
10.0	0.032043



DATASET #14

Name: Psa5_E
Num Points: 63
Info: 

X, Y Data:
0.01	0.71201
0.011	0.71205
0.012	0.71209
0.013	0.71214
0.015	0.71225
0.017	0.71237
0.02	0.71258
0.022	0.71275
0.025	0.71302
0.029	0.71343
0.032	0.71379
0.035	0.71417
0.04	0.7149
0.045	0.71573
0.05	0.71666
0.055	0.71769
0.06	0.71882
0.065	0.72006
0.075	0.72285
0.085	0.72608
0.1	0.73179
0.11	0.73619
0.12	0.74111
0.13	0.74657
0.15	0.75923
0.17	0.77453
0.2	0.8036
0.22	0.82825
0.24	0.86019
0.26	0.89385
0.28	0.93726
0.3	1.0163
0.35	1.4338
0.4	1.7586
0.45	1.661
0.5	2.3693
0.55	2.7074
0.6	2.7854
0.65	3.3149
0.75	3.8197
0.85	2.3772
1.0	1.2589
1.1	0.8335
1.2	0.84009
1.3	0.60194
1.5	0.6743
1.7	0.51627
2.0	0.2895
2.2	0.18322
2.4	0.1721
2.6	0.20631
2.8	0.20598
3.0	0.18869
3.5	0.084115
4.0	0.072334
4.4	0.06642
5.0	0.049029
5.5	0.049628
6.0	0.05631
6.5	0.05588
7.5	0.046141
8.5	0.033692
10.0	0.024468



DATASET #15

Name: RotD50
Num Points: 63
Info: 

X, Y Data:
0.01	0.58424
0.011	0.58427
0.012	0.5843
0.013	0.58434
0.015	0.58441
0.017	0.5845
0.02	0.58466
0.022	0.58478
0.025	0.58497
0.029	0.58527
0.032	0.58553
0.035	0.58581
0.04	0.58634
0.045	0.58693
0.05	0.5876
0.055	0.58835
0.06	0.58917
0.065	0.59006
0.075	0.59207
0.085	0.5944
0.1	0.59849
0.11	0.60165
0.12	0.60516
0.13	0.60906
0.15	0.61807
0.17	0.62931
0.2	0.64981
0.22	0.66762
0.24	0.69043
0.26	0.7141
0.28	0.76013
0.3	0.83329
0.35	1.1293
0.4	1.4574
0.45	1.3387
0.5	1.8983
0.55	2.1639
0.6	2.0612
0.65	2.4698
0.75	2.8705
0.85	1.7795
1.0	0.93502
1.1	0.65409
1.2	0.64141
1.3	0.45315
1.5	0.50711
1.7	0.36811
2.0	0.21978
2.2	0.17297
2.4	0.15359
2.6	0.16835
2.8	0.16422
3.0	0.14161
3.5	0.083247
4.0	0.065141
4.4	0.052008
5.0	0.042164
5.5	0.045924
6.0	0.048692
6.5	0.049775
7.5	0.045356
8.5	0.037433
10.0	0.02843



DATASET #16

Name: RotD100
Num Points: 63
Info: 

X, Y Data:
0.01	0.76037
0.011	0.7604
0.012	0.76043
0.013	0.76047
0.015	0.76055
0.017	0.76065
0.02	0.76081
0.022	0.76094
0.025	0.76115
0.029	0.76147
0.032	0.76174
0.035	0.76204
0.04	0.7626
0.045	0.76323
0.05	0.76394
0.055	0.76472
0.06	0.76559
0.065	0.76653
0.075	0.76865
0.085	0.7711
0.1	0.7754
0.11	0.7787
0.12	0.78235
0.13	0.78639
0.15	0.79567
0.17	0.80671
0.2	0.82719
0.22	0.84457
0.24	0.8662
0.26	0.89854
0.28	0.94153
0.3	1.0185
0.35	1.4537
0.4	1.8188
0.45	1.801
0.5	2.6126
0.55	3.0034
0.6	2.9133
0.65	3.3797
0.75	4.0256
0.85	2.5141
1.0	1.294
1.1	0.92218
1.2	0.90672
1.3	0.63976
1.5	0.71225
1.7	0.5194
2.0	0.29341
2.2	0.19896
2.4	0.17554
2.6	0.20631
2.8	0.20808
3.0	0.19358
3.5	0.107
4.0	0.077318
4.4	0.07218
5.0	0.052815
5.5	0.053397
6.0	0.05735
6.5	0.056209
7.5	0.051938
8.5	0.045714
10.0	0.033976


