
X-Axis: Normalized Distance Along Strike
Y-Axis: Hypocenter Density
Number of Data Sets: 4


DATASET #1

     Name: 
   Points: 31
     Info: 

Data[x,y]:
0.05	  0.0070422534
0.15	  0.014084507
0.25	  0.014084507
0.35	  0.014084507
0.45	  0.014084507
0.55	  0.02112676
0.65	  0.04225352
0.75	  0.02112676
0.85	  0.1056338
0.95	  0.07746479
1.05	  0.056338027
1.15	  0.04225352
1.25	  0.03521127
1.35	  0.028169014
1.45	  0.0070422534
1.55	  0.0070422534
1.65	  0.028169014
1.75	  0.03521127
1.85	  0.04225352
1.95	  0.056338027
2.05	  0.07746479
2.15	  0.1056338
2.25	  0.02112676
2.35	  0.04225352
2.45	  0.02112676
2.55	  0.014084507
2.65	  0.014084507
2.75	  0.014084507
2.85	  0.014084507
2.95	  0.0070422534
3.05	  0.0



DATASET #2

     Name: 
   Points: 31
     Info: 

Data[x,y]:
0.05	  0.0
0.15	  0.0
0.25	  0.0
0.35	  0.0
0.45	  0.0
0.55	  0.0
0.65	  0.0
0.75	  0.0
0.85	  0.0
0.95	  0.0
1.05	  0.0
1.15	  0.0
1.25	  0.0
1.35	  0.0
1.45	  0.0
1.55	  0.0
1.65	  0.0
1.75	  0.0
1.85	  0.0
1.95	  0.0
2.05	  0.0
2.15	  0.0
2.25	  0.0
2.35	  0.0
2.45	  0.0
2.55	  0.0
2.65	  0.0
2.75	  0.0
2.85	  0.0
2.95	  0.0
3.05	  0.0



DATASET #3

Name: 
Num Points: 4
Info: 

X, Y Data:
0.021	  0.0014788732
0.021	  0.14640845
2.979	  0.14640845
2.979	  0.0014788732



DATASET #4

Name: 
Num Points: 4
Info: 

X, Y Data:
1.0	  0.0014788732
1.0	  0.13161972
2.0	  0.13161972
2.0	  0.0014788732


