
X-Axis: Normalized Interevent Time
Y-Axis: Probability
Number of Data Sets: 3


DATASET #1

     Name: Bruce 2194 Histogram
   Points: 41
     Info: 

Data[x,y]:
0.05	  0.062596045
0.15	  0.046163302
0.25	  0.051101323
0.35	  0.05124475
0.45	  0.053703513
0.55	  0.057617046
0.65	  0.05806782
0.75	  0.059973363
0.85	  0.058662023
0.95	  0.058375165
1.05	  0.058047332
1.15	  0.05349862
1.25	  0.047167297
1.35	  0.043929927
1.45	  0.037557628
1.55	  0.03331626
1.65	  0.02776355
1.75	  0.024362259
1.85	  0.01934228
1.95	  0.015777072
2.05	  0.01311341
2.15	  0.01104395
2.25	  0.00899498
2.35	  0.007683639
2.45	  0.0068845404
2.55	  0.0050814464
2.65	  0.0046716523
2.75	  0.0035242292
2.85	  0.0032988423
2.95	  0.0024792543
3.05	  0.0023768058
3.15	  0.0020284806
3.25	  0.0017211351
3.35	  0.0015572174
3.45	  0.0013318307
3.55	  5.9420144E-4
3.65	  8.810573E-4
3.75	  6.146911E-4
3.85	  5.737117E-4
3.95	  4.3028378E-4
4.05	  0.002848069



DATASET #2

     Name: Log-Normal Fit
   Points: 401
     Info: 

Data[x,y]:
0.005	  3.892736E-10
0.015	  1.6450767E-7
0.025	  3.514277E-6
0.035	  2.3790606E-5
0.045	  8.961426E-5
0.055	  2.3956402E-4
0.065	  5.138914E-4
0.075	  9.4783184E-4
0.085	  0.001567845
0.095	  0.002390344
0.105	  0.003422056
0.115	  0.004661271
0.125	  0.0060994495
0.135	  0.007722879
0.145	  0.0095142
0.155	  0.011453719
0.165	  0.013520495
0.175	  0.015693193
0.185	  0.017950749
0.195	  0.020272842
0.205	  0.022640243
0.215	  0.025035039
0.225	  0.027440764
0.235	  0.029842474
0.245	  0.03222675
0.255	  0.03458167
0.265	  0.036896758
0.275	  0.039162923
0.285	  0.041372348
0.295	  0.043518417
0.305	  0.045595616
0.315	  0.04759943
0.325	  0.049526263
0.335	  0.051373333
0.345	  0.05313859
0.355	  0.054820657
0.365	  0.05641872
0.375	  0.057932485
0.385	  0.059362106
0.395	  0.060708128
0.405	  0.06197143
0.415	  0.063153185
0.425	  0.064254805
0.435	  0.06527792
0.445	  0.06622433
0.455	  0.067095965
0.465	  0.06789488
0.475	  0.06862322
0.485	  0.069283195
0.495	  0.06987706
0.505	  0.0704071
0.515	  0.07087562
0.525	  0.07128494
0.535	  0.07163736
0.545	  0.07193516
0.555	  0.07218061
0.565	  0.07237592
0.575	  0.07252331
0.585	  0.07262491
0.595	  0.07268282
0.605	  0.0726991
0.615	  0.07267575
0.625	  0.07261471
0.635	  0.072517864
0.645	  0.072387055
0.655	  0.07222405
0.665	  0.07203057
0.675	  0.071808256
0.685	  0.07155872
0.695	  0.071283504
0.705	  0.07098409
0.715	  0.070661895
0.725	  0.07031831
0.735	  0.06995464
0.745	  0.069572166
0.755	  0.06917209
0.765	  0.06875558
0.775	  0.06832376
0.785	  0.06787769
0.795	  0.06741839
0.805	  0.06694684
0.815	  0.06646398
0.825	  0.06597069
0.835	  0.065467834
0.845	  0.06495621
0.855	  0.06443661
0.865	  0.06390976
0.875	  0.06337637
0.885	  0.0628371
0.895	  0.062292594
0.905	  0.06174346
0.915	  0.06119027
0.925	  0.060633574
0.935	  0.06007389
0.945	  0.059511706
0.955	  0.0589475
0.965	  0.058381706
0.975	  0.057814747
0.985	  0.057247024
0.995	  0.056678906
1.005	  0.05611075
1.015	  0.055542897
1.025	  0.054975662
1.035	  0.05440934
1.045	  0.053844217
1.055	  0.05328056
1.065	  0.052718613
1.075	  0.052158613
1.085	  0.051600784
1.095	  0.05104533
1.105	  0.050492443
1.115	  0.04994231
1.125	  0.0493951
1.135	  0.048850965
1.145	  0.048310056
1.155	  0.04777251
1.165	  0.04723846
1.175	  0.046708018
1.185	  0.046181295
1.195	  0.045658395
1.205	  0.045139406
1.215	  0.044624418
1.225	  0.044113506
1.235	  0.04360674
1.245	  0.04310419
1.255	  0.04260591
1.265	  0.042111956
1.275	  0.04162237
1.285	  0.041137196
1.295	  0.040656473
1.305	  0.040180232
1.315	  0.0397085
1.325	  0.0392413
1.335	  0.038778648
1.345	  0.03832056
1.355	  0.03786705
1.365	  0.037418127
1.375	  0.036973793
1.385	  0.03653405
1.395	  0.036098897
1.405	  0.03566833
1.415	  0.03524234
1.425	  0.03482092
1.435	  0.034404065
1.445	  0.033991754
1.455	  0.033583973
1.465	  0.033180706
1.475	  0.032781933
1.485	  0.032387633
1.495	  0.031997785
1.505	  0.031612363
1.515	  0.031231344
1.525	  0.030854702
1.535	  0.03048241
1.545	  0.030114437
1.555	  0.029750753
1.565	  0.02939133
1.575	  0.029036136
1.585	  0.028685138
1.595	  0.028338304
1.605	  0.0279956
1.615	  0.027656991
1.625	  0.027322443
1.635	  0.02699192
1.645	  0.026665388
1.655	  0.02634281
1.665	  0.026024148
1.675	  0.025709368
1.685	  0.025398431
1.695	  0.025091302
1.705	  0.02478794
1.715	  0.02448831
1.725	  0.024192372
1.735	  0.02390009
1.745	  0.023611426
1.755	  0.023326343
1.765	  0.0230448
1.775	  0.022766761
1.785	  0.022492189
1.795	  0.022221044
1.805	  0.021953288
1.815	  0.021688886
1.825	  0.021427799
1.835	  0.021169988
1.845	  0.020915417
1.855	  0.02066405
1.865	  0.020415846
1.875	  0.020170774
1.885	  0.019928792
1.895	  0.019689867
1.905	  0.019453961
1.915	  0.01922104
1.925	  0.018991066
1.935	  0.018764004
1.945	  0.01853982
1.955	  0.018318478
1.965	  0.018099945
1.975	  0.017884184
1.985	  0.017671162
1.995	  0.017460847
2.005	  0.017253203
2.015	  0.017048197
2.025	  0.016845798
2.035	  0.01664597
2.045	  0.016448684
2.055	  0.016253907
2.065	  0.016061608
2.075	  0.015871752
2.085	  0.015684312
2.095	  0.015499257
2.105	  0.015316553
2.115	  0.015136174
2.125	  0.014958088
2.135	  0.014782266
2.145	  0.014608678
2.155	  0.014437297
2.165	  0.014268094
2.175	  0.01410104
2.185	  0.013936107
2.195	  0.013773268
2.205	  0.013612496
2.215	  0.013453763
2.225	  0.013297044
2.235	  0.013142311
2.245	  0.01298954
2.255	  0.012838703
2.265	  0.012689776
2.275	  0.012542734
2.285	  0.012397551
2.295	  0.012254205
2.305	  0.01211267
2.315	  0.011972921
2.325	  0.011834937
2.335	  0.011698694
2.345	  0.011564168
2.355	  0.011431338
2.365	  0.01130018
2.375	  0.011170672
2.385	  0.011042794
2.395	  0.010916522
2.405	  0.010791836
2.415	  0.010668715
2.425	  0.010547139
2.435	  0.010427085
2.445	  0.010308535
2.455	  0.0101914685
2.465	  0.010075866
2.475	  0.009961708
2.485	  0.009848976
2.495	  0.009737649
2.505	  0.00962771
2.515	  0.00951914
2.525	  0.009411923
2.535	  0.009306037
2.545	  0.009201467
2.555	  0.0090981955
2.565	  0.0089962045
2.575	  0.008895478
2.585	  0.008795998
2.595	  0.008697749
2.605	  0.008600714
2.615	  0.008504877
2.625	  0.008410222
2.635	  0.008316734
2.645	  0.008224398
2.655	  0.008133196
2.665	  0.008043117
2.675	  0.007954143
2.685	  0.007866261
2.695	  0.0077794553
2.705	  0.007693713
2.715	  0.007609019
2.725	  0.00752536
2.735	  0.007442723
2.745	  0.007361093
2.755	  0.0072804578
2.765	  0.007200804
2.775	  0.007122119
2.785	  0.0070443894
2.795	  0.006967603
2.805	  0.0068917475
2.815	  0.0068168105
2.825	  0.00674278
2.835	  0.0066696443
2.845	  0.0065973913
2.855	  0.0065260096
2.865	  0.0064554876
2.875	  0.0063858144
2.885	  0.006316979
2.895	  0.00624897
2.905	  0.0061817765
2.915	  0.0061153886
2.925	  0.006049795
2.935	  0.0059849857
2.945	  0.0059209503
2.955	  0.0058576795
2.965	  0.005795162
2.975	  0.0057333894
2.985	  0.005672351
2.995	  0.005612038
3.005	  0.0055524404
3.015	  0.005493549
3.025	  0.005435355
3.035	  0.0053778496
3.045	  0.005321023
3.055	  0.005264867
3.065	  0.0052093733
3.075	  0.005154533
3.085	  0.0051003373
3.095	  0.0050467784
3.105	  0.0049938476
3.115	  0.0049415375
3.125	  0.00488984
3.135	  0.004838747
3.145	  0.0047882507
3.155	  0.004738344
3.165	  0.0046890182
3.175	  0.004640267
3.185	  0.004592083
3.195	  0.0045444584
3.205	  0.004497386
3.215	  0.0044508595
3.225	  0.0044048717
3.235	  0.0043594153
3.245	  0.004314484
3.255	  0.004270071
3.265	  0.0042261695
3.275	  0.0041827736
3.285	  0.0041398765
3.295	  0.004097472
3.305	  0.0040555536
3.315	  0.0040141153
3.325	  0.0039731516
3.335	  0.003932656
3.345	  0.0038926224
3.355	  0.0038530456
3.365	  0.0038139196
3.375	  0.0037752385
3.385	  0.003736997
3.395	  0.0036991898
3.405	  0.003661811
3.415	  0.0036248553
3.425	  0.003588318
3.435	  0.003552193
3.445	  0.003516476
3.455	  0.0034811615
3.465	  0.0034462444
3.475	  0.0034117203
3.485	  0.0033775836
3.495	  0.0033438301
3.505	  0.0033104548
3.515	  0.003277453
3.525	  0.00324482
3.535	  0.0032125516
3.545	  0.003180643
3.555	  0.0031490899
3.565	  0.003117888
3.575	  0.0030870328
3.585	  0.0030565201
3.595	  0.0030263457
3.605	  0.0029965057
3.615	  0.0029669956
3.625	  0.0029378117
3.635	  0.00290895
3.645	  0.0028804063
3.655	  0.0028521768
3.665	  0.002824258
3.675	  0.0027966457
3.685	  0.0027693366
3.695	  0.0027423266
3.705	  0.0027156123
3.715	  0.0026891902
3.725	  0.0026630566
3.735	  0.002637208
3.745	  0.002611641
3.755	  0.0025863526
3.765	  0.002561339
3.775	  0.0025365967
3.785	  0.002512123
3.795	  0.0024879142
3.805	  0.0024639675
3.815	  0.0024402796
3.825	  0.0024168473
3.835	  0.0023936678
3.845	  0.002370738
3.855	  0.0023480547
3.865	  0.002325615
3.875	  0.0023034164
3.885	  0.0022814556
3.895	  0.00225973
3.905	  0.0022382366
3.915	  0.002216973
3.925	  0.0021959362
3.935	  0.0021751237
3.945	  0.0021545328
3.955	  0.0021341606
3.965	  0.002114005
3.975	  0.0020940632
3.985	  0.0020743327
3.995	  0.002054811
4.005	  0.0020354956



DATASET #3

     Name: BPT Fit
   Points: 401
     Info: Mean = 100.0, Aperiodicity = 0.5, Duration = 30.0, Delta T = 1.0, Num Points = 500, Historic Open Interval = 0.0
Computed mean = 0.9743836

Data[x,y]:
0.0	  0.0
0.01	  2.4163E-41
0.02	  3.488493E-20
0.03	  3.014952E-13
0.04	  7.7639756E-10
0.05	  7.9781834E-8
0.06	  1.658836E-6
0.07	  1.3942242E-5
0.08	  6.682943E-5
0.09	  2.2095877E-4
0.1	  5.64497E-4
0.11	  0.0011973588
0.12	  0.0022115256
0.13	  0.0036754769
0.14	  0.005626171
0.15	  0.00806814
0.16	  0.010977489
0.17	  0.014308389
0.18	  0.01800018
0.19	  0.021983933
0.2	  0.026187884
0.21	  0.030541565
0.22	  0.034978703
0.23	  0.03943907
0.24	  0.043869488
0.25	  0.048224207
0.26	  0.05246484
0.27	  0.05656
0.28	  0.060484756
0.29	  0.06421999
0.3	  0.067751706
0.31	  0.07107038
0.32	  0.07417029
0.33	  0.077048935
0.34	  0.079706475
0.35	  0.08214529
0.36	  0.084369496
0.37	  0.08638464
0.38	  0.08819732
0.39	  0.08981498
0.4	  0.09124564
0.41	  0.092497684
0.42	  0.093579784
0.43	  0.09450068
0.44	  0.09526913
0.45	  0.09589379
0.46	  0.09638319
0.47	  0.096745625
0.48	  0.096989155
0.49	  0.09712157
0.5	  0.09715034
0.51	  0.09708266
0.52	  0.09692536
0.53	  0.096684985
0.54	  0.09636773
0.55	  0.095979474
0.56	  0.0955258
0.57	  0.09501195
0.58	  0.094442904
0.59	  0.09382332
0.6	  0.09315762
0.61	  0.09244991
0.62	  0.09170409
0.63	  0.09092379
0.64	  0.090112425
0.65	  0.08927316
0.66	  0.08840901
0.67	  0.08752272
0.68	  0.08661692
0.69	  0.08569402
0.7	  0.084756285
0.71	  0.08380581
0.72	  0.08284455
0.73	  0.081874326
0.74	  0.08089683
0.75	  0.07991363
0.76	  0.078926176
0.77	  0.07793581
0.78	  0.07694377
0.79	  0.07595122
0.8	  0.07495922
0.81	  0.073968746
0.82	  0.0729807
0.83	  0.071995914
0.84	  0.07101515
0.85	  0.07003911
0.86	  0.069068424
0.87	  0.06810369
0.88	  0.06714544
0.89	  0.06619415
0.9	  0.06525026
0.91	  0.06431418
0.92	  0.06338626
0.93	  0.062466834
0.94	  0.061556175
0.95	  0.060654555
0.96	  0.05976219
0.97	  0.05887929
0.98	  0.058006026
0.99	  0.05714255
1.0	  0.05628899
1.01	  0.055445462
1.02	  0.05461205
1.03	  0.05378883
1.04	  0.052975856
1.05	  0.05217317
1.06	  0.051380802
1.07	  0.050598763
1.08	  0.049827058
1.09	  0.049065676
1.1	  0.0483146
1.11	  0.047573805
1.12	  0.04684325
1.13	  0.046122894
1.14	  0.045412682
1.15	  0.04471256
1.16	  0.044022463
1.17	  0.04334232
1.18	  0.042672053
1.19	  0.04201159
1.2	  0.04136084
1.21	  0.040719725
1.22	  0.040088147
1.23	  0.039466016
1.24	  0.038853236
1.25	  0.038249705
1.26	  0.037655327
1.27	  0.03707
1.28	  0.036493614
1.29	  0.035926074
1.3	  0.035367265
1.31	  0.034817085
1.32	  0.03427542
1.33	  0.03374217
1.34	  0.03321722
1.35	  0.032700464
1.36	  0.03219179
1.37	  0.031691093
1.38	  0.031198261
1.39	  0.030713186
1.4	  0.030235756
1.41	  0.029765869
1.42	  0.029303413
1.43	  0.028848281
1.44	  0.028400369
1.45	  0.02795957
1.46	  0.027525777
1.47	  0.02709889
1.48	  0.026678802
1.49	  0.026265413
1.5	  0.025858618
1.51	  0.025458321
1.52	  0.025064418
1.53	  0.024676815
1.54	  0.024295412
1.55	  0.023920111
1.56	  0.023550821
1.57	  0.023187445
1.58	  0.02282989
1.59	  0.022478065
1.6	  0.022131879
1.61	  0.021791242
1.62	  0.021456065
1.63	  0.021126263
1.64	  0.020801747
1.65	  0.020482436
1.66	  0.020168241
1.67	  0.019859085
1.68	  0.019554881
1.69	  0.019255554
1.7	  0.018961022
1.71	  0.018671209
1.72	  0.018386034
1.73	  0.018105427
1.74	  0.017829308
1.75	  0.017557608
1.76	  0.017290253
1.77	  0.017027171
1.78	  0.016768293
1.79	  0.01651355
1.8	  0.016262874
1.81	  0.016016198
1.82	  0.015773457
1.83	  0.0155345835
1.84	  0.015299517
1.85	  0.015068193
1.86	  0.014840551
1.87	  0.014616529
1.88	  0.014396069
1.89	  0.01417911
1.9	  0.0139655955
1.91	  0.013755469
1.92	  0.013548673
1.93	  0.013345154
1.94	  0.013144858
1.95	  0.012947731
1.96	  0.01275372
1.97	  0.012562775
1.98	  0.012374845
1.99	  0.012189881
2.0	  0.012007832
2.01	  0.011828651
2.02	  0.011652291
2.03	  0.011478704
2.04	  0.011307847
2.05	  0.011139673
2.06	  0.010974138
2.07	  0.010811199
2.08	  0.010650814
2.09	  0.010492938
2.1	  0.0103375325
2.11	  0.010184556
2.12	  0.01003397
2.13	  0.009885732
2.14	  0.009739807
2.15	  0.009596154
2.16	  0.009454738
2.17	  0.009315521
2.18	  0.009178468
2.19	  0.009043543
2.2	  0.008910711
2.21	  0.008779937
2.22	  0.0086511895
2.23	  0.008524435
2.24	  0.008399639
2.25	  0.008276771
2.26	  0.0081557995
2.27	  0.008036694
2.28	  0.007919422
2.29	  0.0078039574
2.3	  0.0076902676
2.31	  0.0075783255
2.32	  0.0074681016
2.33	  0.007359569
2.34	  0.0072526997
2.35	  0.007147467
2.36	  0.0070438446
2.37	  0.0069418065
2.38	  0.0068413266
2.39	  0.00674238
2.4	  0.0066449423
2.41	  0.006548989
2.42	  0.006454496
2.43	  0.0063614403
2.44	  0.006269798
2.45	  0.006179547
2.46	  0.0060906652
2.47	  0.00600313
2.48	  0.0059169205
2.49	  0.0058320146
2.5	  0.0057483925
2.51	  0.005666033
2.52	  0.005584916
2.53	  0.005505022
2.54	  0.0054263314
2.55	  0.0053488254
2.56	  0.0052724844
2.57	  0.00519729
2.58	  0.0051232246
2.59	  0.00505027
2.6	  0.004978408
2.61	  0.0049076225
2.62	  0.0048378953
2.63	  0.0047692107
2.64	  0.0047015515
2.65	  0.004634902
2.66	  0.0045692455
2.67	  0.0045045675
2.68	  0.0044408515
2.69	  0.004378083
2.7	  0.004316247
2.71	  0.0042553293
2.72	  0.004195315
2.73	  0.00413619
2.74	  0.0040779402
2.75	  0.004020552
2.76	  0.0039640125
2.77	  0.0039083078
2.78	  0.0038534252
2.79	  0.0037993519
2.8	  0.003746075
2.81	  0.0036935827
2.82	  0.0036418622
2.83	  0.0035909018
2.84	  0.0035406898
2.85	  0.0034912145
2.86	  0.0034424646
2.87	  0.0033944286
2.88	  0.0033470958
2.89	  0.0033004552
2.9	  0.003254496
2.91	  0.003209208
2.92	  0.0031645803
2.93	  0.0031206035
2.94	  0.0030772672
2.95	  0.0030345616
2.96	  0.002992477
2.97	  0.0029510038
2.98	  0.002910133
2.99	  0.002869855
3.0	  0.0028301608
3.01	  0.0027910417
3.02	  0.0027524887
3.03	  0.0027144933
3.04	  0.002677047
3.05	  0.0026401414
3.06	  0.0026037681
3.07	  0.0025679194
3.08	  0.0025325872
3.09	  0.0024977636
3.1	  0.0024634409
3.11	  0.0024296115
3.12	  0.0023962678
3.13	  0.0023634029
3.14	  0.0023310091
3.15	  0.0022990797
3.16	  0.0022676073
3.17	  0.0022365851
3.18	  0.0022060068
3.19	  0.0021758652
3.2	  0.002146154
3.21	  0.0021168664
3.22	  0.0020879966
3.23	  0.0020595377
3.24	  0.0020314842
3.25	  0.0020038297
3.26	  0.001976568
3.27	  0.0019496938
3.28	  0.0019232009
3.29	  0.0018970837
3.3	  0.0018713367
3.31	  0.0018459543
3.32	  0.0018209312
3.33	  0.001796262
3.34	  0.0017719413
3.35	  0.0017479641
3.36	  0.0017243252
3.37	  0.0017010198
3.38	  0.0016780427
3.39	  0.0016553893
3.4	  0.0016330546
3.41	  0.001611034
3.42	  0.0015893228
3.43	  0.0015679166
3.44	  0.0015468107
3.45	  0.0015260009
3.46	  0.0015054827
3.47	  0.0014852518
3.48	  0.001465304
3.49	  0.0014456353
3.5	  0.0014262415
3.51	  0.0014071185
3.52	  0.0013882624
3.53	  0.0013696693
3.54	  0.0013513354
3.55	  0.001333257
3.56	  0.0013154302
3.57	  0.0012978513
3.58	  0.0012805169
3.59	  0.0012634232
3.6	  0.0012465669
3.61	  0.0012299445
3.62	  0.0012135525
3.63	  0.0011973878
3.64	  0.0011814468
3.65	  0.0011657265
3.66	  0.0011502235
3.67	  0.001134935
3.68	  0.0011198574
3.69	  0.001104988
3.7	  0.0010903239
3.71	  0.0010758619
3.72	  0.001061599
3.73	  0.0010475327
3.74	  0.0010336598
3.75	  0.0010199777
3.76	  0.0010064837
3.77	  9.93175E-4
3.78	  9.80049E-4
3.79	  9.6710306E-4
3.8	  9.5433457E-4
3.81	  9.4174105E-4
3.82	  9.2932E-4
3.83	  9.170689E-4
3.84	  9.0498535E-4
3.85	  8.93067E-4
3.86	  8.813114E-4
3.87	  8.6971634E-4
3.88	  8.582794E-4
3.89	  8.469985E-4
3.9	  8.3587127E-4
3.91	  8.2489563E-4
3.92	  8.1406935E-4
3.93	  8.0339034E-4
3.94	  7.9285656E-4
3.95	  7.824659E-4
3.96	  7.722163E-4
3.97	  7.6210586E-4
3.98	  7.5213256E-4
3.99	  7.422944E-4
4.0	  7.325896E-4


