
X-Axis: 10.0s SA (g)
Y-Axis: Annual Probabilitiy
Number of Data Sets: 5


DATASET #1

Name: UCERF3
Num Points: 401
Info: 

X, Y Data:
1.0E-4	0.1499979
1.0333392E-4	0.14883794
1.06779E-4	0.14764953
1.1033893E-4	0.1464333
1.14017545E-4	0.14518996
1.178188E-4	0.14392026
1.2174679E-4	0.14262503
1.2580573E-4	0.14130516
1.3E-4	0.13996154
1.334183E-4	0.138882
1.369265E-4	0.13778871
1.4052694E-4	0.13668218
1.4422205E-4	0.13556297
1.4801433E-4	0.1344316
1.5190631E-4	0.13328865
1.5590065E-4	0.13213468
1.6E-4	0.13097028
1.645257E-4	0.129708
1.691794E-4	0.12843512
1.7396474E-4	0.12715237
1.7888544E-4	0.12586051
1.8394532E-4	0.124560334
1.8914833E-4	0.12325258
1.944985E-4	0.12193802
2.0E-4	0.12061742
2.0565712E-4	0.11929154
2.1147425E-4	0.11796113
2.1745593E-4	0.11662695
2.236068E-4	0.115289725
2.2993165E-4	0.113950185
2.364354E-4	0.11260906
2.4312311E-4	0.11126704
2.5E-4	0.109924816
2.5783465E-4	0.1084405
2.659148E-4	0.10695765
2.742482E-4	0.10547712
2.8284272E-4	0.10399973
2.917066E-4	0.102526285
3.0084825E-4	0.10105756
3.102764E-4	0.09959428
3.2E-4	0.09813715
3.290514E-4	0.09682586
3.383588E-4	0.095520616
3.4792948E-4	0.09422186
3.5777088E-4	0.09293002
3.6789064E-4	0.091645494
3.7829665E-4	0.090368666
3.88997E-4	0.089099884
4.0E-4	0.08783948
4.1131425E-4	0.08658777
4.229485E-4	0.085345045
4.3491187E-4	0.084111564
4.472136E-4	0.082887575
4.598633E-4	0.08167331
4.728708E-4	0.080468975
4.8624622E-4	0.07927475
5.0E-4	0.07809081
5.1465514E-4	0.0768756
5.2973983E-4	0.07567172
5.4526667E-4	0.074479304
5.612486E-4	0.07329846
5.77699E-4	0.072129294
5.946315E-4	0.07097187
6.120603E-4	0.06982625
6.3E-4	0.068692476
6.4807665E-4	0.06759376
6.6667196E-4	0.066506445
6.858008E-4	0.065430544
7.0547854E-4	0.06436605
7.257209E-4	0.06331295
7.465441E-4	0.062271215
7.6796475E-4	0.06124081
7.9E-4	0.0602217
8.136239E-4	0.059172172
8.379543E-4	0.058134776
8.630122E-4	0.057109445
8.8881946E-4	0.056096103
9.153984E-4	0.055094674
9.427722E-4	0.054105066
9.7096455E-4	0.05312719
0.001	0.052160956
0.0010293103	0.05122483
0.0010594797	0.050299715
0.0010905333	0.04938551
0.0011224973	0.048482127
0.001155398	0.047589473
0.001189263	0.04670745
0.0012241206	0.04583597
0.00126	0.04497494
0.0012961533	0.04414183
0.0013333439	0.043318566
0.0013716016	0.042505074
0.0014109571	0.04170128
0.0014514418	0.0409071
0.0014930882	0.04012247
0.0015359295	0.039347317
0.00158	0.038581576
0.0016272478	0.03779394
0.0016759086	0.037016384
0.0017260244	0.036248844
0.0017776389	0.035491265
0.0018307968	0.0347436
0.0018855444	0.034005795
0.0019419291	0.03327781
0.002	0.032559603
0.0020575977	0.031876788
0.002116854	0.031202994
0.002177817	0.030538205
0.0022405356	0.029882398
0.0023050604	0.029235559
0.0023714434	0.028597672
0.0024397383	0.027968729
0.00251	0.027348721
0.0025833033	0.02672922
0.0026587474	0.026118895
0.0027363948	0.025517737
0.0028163097	0.02492575
0.0028985585	0.02434293
0.0029832094	0.023769274
0.0030703326	0.023204783
0.00316	0.022649452
0.0032524571	0.02210229
0.0033476194	0.021564316
0.003445566	0.021035522
0.0035463783	0.020515896
0.0036501405	0.02000543
0.0037569385	0.019504106
0.003866861	0.019011905
0.00398	0.018528804
0.004096165	0.018055908
0.0042157196	0.017592011
0.0043387646	0.017137075
0.0044654002	0.016691057
0.0045957323	0.016253913
0.0047298684	0.015825588
0.0048679197	0.0154060265
0.00501	0.014995163
0.005156579	0.014591986
0.0053074467	0.014197403
0.005462728	0.013811332
0.0056225527	0.013433687
0.0057870536	0.013064374
0.005956367	0.012703296
0.0061306343	0.012350347
0.00631	0.0120054195
0.006493865	0.011669732
0.0066830874	0.011341771
0.0068778237	0.011021417
0.007078234	0.010708544
0.0072844843	0.010403025
0.0074967444	0.010104728
0.00771519	0.009813518
0.00794	0.00952926
0.008172275	0.009250749
0.008411343	0.008978962
0.008657407	0.008713757
0.008910668	0.0084549915
0.009171338	0.008202523
0.009439633	0.007956207
0.009715778	0.0077159028
0.01	0.0074814693
0.010292081	0.007253113
0.010592694	0.007030334
0.010902087	0.006812996
0.011220517	0.0066009685
0.011548247	0.006394122
0.011885551	0.006192329
0.012232705	0.0059954682
0.01259	0.0058034197
0.012957647	0.00561611
0.013336032	0.0054333834
0.013725464	0.0052551334
0.01412627	0.005081256
0.014538779	0.0049116523
0.014963334	0.004746228
0.015400288	0.004584891
0.01585	0.004427555
0.016312422	0.0042742738
0.016788337	0.004124825
0.017278135	0.0039791334
0.017782224	0.003837129
0.01830102	0.0036987432
0.01883495	0.0035639117
0.019384459	0.0034325733
0.01995	0.0033046692
0.020533005	0.003179943
0.021133045	0.0030585527
0.021750621	0.002940447
0.022386245	0.002825576
0.023040446	0.0027138921
0.023713762	0.0026053488
0.024406755	0.002499901
0.02512	0.0023975044
0.025853088	0.002298247
0.02660757	0.002201947
0.027384069	0.0021085616
0.02818323	0.0020180487
0.029005712	0.001930366
0.029852198	0.0018454714
0.030723387	0.0017633222
0.03162	0.0016838752
0.032543603	0.0016070203
0.033494186	0.0015327843
0.034472536	0.0014611222
0.03547946	0.001391988
0.0365158	0.0013253352
0.03758241	0.0012611161
0.03868017	0.0011992827
0.03981	0.0011397856
0.040972695	0.0010825814
0.042169347	0.0010276124
0.04340095	9.748274E-4
0.044668525	9.2417427E-4
0.04597312	8.7560044E-4
0.047315817	8.290528E-4
0.04869773	7.8447786E-4
0.05012	7.418218E-4
0.0515838	7.010306E-4
0.053090356	6.6205E-4
0.05464091	6.2482565E-4
0.05623675	5.893034E-4
0.0578792	5.5542914E-4
0.059569612	5.2314927E-4
0.0613094	4.9241027E-4
0.0631	4.631593E-4
0.06494172	4.3536097E-4
0.066837184	4.0894473E-4
0.06878798	3.8385965E-4
0.070795715	3.6005548E-4
0.072862044	3.374829E-4
0.074988686	3.1609347E-4
0.077177405	2.9583977E-4
0.07943	2.766753E-4
0.08174976	2.5854405E-4
0.08413727	2.4141351E-4
0.08659451	2.2524047E-4
0.08912351	2.099828E-4
0.09172637	1.955996E-4
0.09440525	1.8205111E-4
0.097162366	1.6929879E-4
0.1	1.5730532E-4
0.102919795	1.4603717E-4
0.10592484	1.3545646E-4
0.109017625	1.255294E-4
0.112200715	1.16223484E-4
0.11547674	1.0750728E-4
0.11884842	9.935054E-5
0.12231855	9.172414E-5
0.12589	8.460008E-5
0.12956645	7.7950164E-5
0.13335027	7.1749964E-5
0.13724458	6.597464E-5
0.14125264	6.0600367E-5
0.14537773	5.5604338E-5
0.14962329	5.0964696E-5
0.15399285	4.666054E-5
0.15849	4.2671887E-5
0.16311829	3.8979793E-5
0.16788174	3.5565867E-5
0.17278428	3.2412736E-5
0.17783	2.9503854E-5
0.18302307	2.6823465E-5
0.18836778	2.4356594E-5
0.19386858	2.2089009E-5
0.19953	2.000721E-5
0.20535603	1.8098619E-5
0.21135218	1.635086E-5
0.21752341	1.4752471E-5
0.22387484	1.32926325E-5
0.23041171	1.1961136E-5
0.23713945	1.0748361E-5
0.24406363	9.645257E-6
0.25119	8.64332E-6
0.25852492	7.734514E-6
0.26607406	6.9114312E-6
0.27384362	6.1670758E-6
0.28184006	5.494915E-6
0.29007	4.8888555E-6
0.29854023	4.3432246E-6
0.30725783	3.852748E-6
0.31623	3.4125321E-6
0.32546407	3.0180456E-6
0.33496782	2.6650923E-6
0.34474903	2.349801E-6
0.3548159	2.0686045E-6
0.3651767	1.818221E-6
0.37584007	1.5956368E-6
0.3868148	1.3980903E-6
0.39811	1.2230544E-6
0.40973493	1.0682235E-6
0.42169935	9.314932E-7
0.4340131	8.1095124E-7
0.44668642	7.0486084E-7
0.4597298	6.116487E-7
0.47315407	5.2989196E-7
0.4869703	4.583062E-7
0.50119	3.957347E-7
0.5158249	3.4113756E-7
0.5308872	2.9358185E-7
0.5463893	2.52232E-7
0.5623441	2.1634135E-7
0.57876474	1.8524432E-7
0.59566486	1.5834837E-7
0.61305845	1.351276E-7
0.63096	1.15115824E-7
0.6493842	9.790021E-8
0.6683464	8.311668E-8
0.6878623	7.044449E-8
0.7079481	5.9601707E-8
0.72862035	5.0341033E-8
0.7498962	4.2445908E-8
0.7717934	3.5727204E-8
0.79433	3.0019955E-8
0.8175246	2.5180723E-8
0.8413966	2.1085079E-8
0.86596555	1.7624924E-8
0.8912519	1.4707102E-8
0.9172767	1.2251093E-8
0.9440614	1.0187543E-8
0.97162825	8.4568565E-9
1.0	7.0080683E-9
1.029201	5.7973866E-9
1.0592546	4.7875837E-9
1.090186	3.946859E-9
1.1220205	3.2481595E-9
1.1547846	2.6685407E-9
1.1885055	2.1885909E-9
1.223211	1.7918986E-9
1.25893	1.464589E-9
1.2956905	1.195027E-9
1.3335243	9.734253E-10
1.3724631	7.9159235E-10
1.4125386	6.426225E-10
1.4537846	5.207992E-10
1.4962348	4.2136095E-10
1.5399245	3.4033087E-10
1.58489	2.7443403E-10
1.6311698	2.2092139E-10
1.678801	1.7754576E-10
1.727823	1.4244916E-10
1.7782766	1.1410317E-10
1.8302034	9.12429E-11
1.8836465	7.2850725E-11
1.9386501	5.8051897E-11
1.99526	4.6196824E-11
2.0535233	3.668965E-11
2.113488	2.9091507E-11
2.1752036	2.302325E-11
2.2387214	1.819045E-11
2.304094	1.4345303E-11
2.3713756	1.1285195E-11
2.4406219	8.875456E-12
2.51189	6.9574346E-12
2.5852382	5.445422E-12
2.6607285	4.2528203E-12
2.7384229	3.3127945E-12
2.818386	2.568723E-12
2.900684	1.9904078E-12
2.9853854	1.5361046E-12
3.0725598	1.1814993E-12
3.16228	9.019452E-13
3.2546198	6.9022565E-13
3.3496559	5.218048E-13
3.447467	3.9346304E-13
3.5481343	2.9232172E-13
3.6517413	2.1638247E-13
3.7583735	1.6009416E-13
3.8681195	1.1812773E-13
3.98107	8.548717E-14
4.097319	6.183942E-14
4.2169633	4.4630966E-14
4.340101	3.2196468E-14
4.466834	2.3092639E-14
4.5972676	1.6542323E-14
4.7315106	1.1879386E-14
4.869673	8.104628E-15
5.01187	6.217249E-15
5.1582193	4.440892E-15
5.3088417	2.9976022E-15
5.463863	1.9984014E-15
5.62341	8.881784E-16
5.7876167	4.440892E-16
5.9566183	3.330669E-16
6.1305547	3.330669E-16
6.30957	0.0
6.493813	0.0
6.683436	0.0
6.878596	0.0
7.079455	0.0
7.286179	0.0
7.4989395	0.0
7.7179127	0.0
7.94328	0.0
8.175228	0.0
8.41395	0.0
8.659641	0.0
8.912508	0.0
9.172758	0.0
9.440608	0.0
9.716279	0.0
10.0	0.0



DATASET #2

Name: RSQSim
Num Points: 401
Info: 

X, Y Data:
1.0E-4	0.20427763
1.0333392E-4	0.2032847
1.06779E-4	0.20226161
1.1033893E-4	0.20120844
1.14017545E-4	0.20012526
1.178188E-4	0.19901223
1.2174679E-4	0.19786952
1.2580573E-4	0.19669735
1.3E-4	0.19549596
1.334183E-4	0.19452465
1.369265E-4	0.19353536
1.4052694E-4	0.19252829
1.4422205E-4	0.19150361
1.4801433E-4	0.19046153
1.5190631E-4	0.18940225
1.5590065E-4	0.188326
1.6E-4	0.187233
1.645257E-4	0.18603998
1.691794E-4	0.18482824
1.7396474E-4	0.18359806
1.7888544E-4	0.18234982
1.8394532E-4	0.18108383
1.8914833E-4	0.17980048
1.944985E-4	0.17850013
2.0E-4	0.17718315
2.0565712E-4	0.17584996
2.1147425E-4	0.17450093
2.1745593E-4	0.17313647
2.236068E-4	0.171757
2.2993165E-4	0.17036292
2.364354E-4	0.16895466
2.4312311E-4	0.16753265
2.5E-4	0.16609733
2.5783465E-4	0.16449445
2.659148E-4	0.16287643
2.742482E-4	0.16124381
2.8284272E-4	0.15959723
2.917066E-4	0.1579373
3.0084825E-4	0.15626462
3.102764E-4	0.15457979
3.2E-4	0.15288344
3.290514E-4	0.15134066
3.383588E-4	0.14978942
3.4792948E-4	0.14823018
3.5777088E-4	0.14666338
3.6789064E-4	0.14508949
3.7829665E-4	0.14350896
3.88997E-4	0.14192225
4.0E-4	0.1403298
4.1131425E-4	0.13873208
4.229485E-4	0.13712952
4.3491187E-4	0.13552259
4.472136E-4	0.13391173
4.598633E-4	0.1322974
4.728708E-4	0.13068002
4.8624622E-4	0.12906009
5.0E-4	0.127438
5.1465514E-4	0.1257562
5.2973983E-4	0.12407308
5.4526667E-4	0.122389115
5.612486E-4	0.1207048
5.77699E-4	0.1190206
5.946315E-4	0.11733702
6.120603E-4	0.11565451
6.3E-4	0.11397357
6.4807665E-4	0.1123295
6.6667196E-4	0.11068781
6.858008E-4	0.10904894
7.0547854E-4	0.10741333
7.257209E-4	0.105781406
7.465441E-4	0.10415359
7.6796475E-4	0.102530316
7.9E-4	0.10091199
8.136239E-4	0.0992321
8.379543E-4	0.09755849
8.630122E-4	0.095891625
8.8881946E-4	0.09423196
9.153984E-4	0.09257994
9.427722E-4	0.090936005
9.7096455E-4	0.08930059
0.001	0.08767412
0.0010293103	0.08608856
0.0010594797	0.084512405
0.0010905333	0.08294603
0.0011224973	0.08138983
0.001155398	0.07984417
0.001189263	0.07830941
0.0012241206	0.07678592
0.00126	0.07527405
0.0012961533	0.07380516
0.0013333439	0.072348066
0.0013716016	0.07090307
0.0014109571	0.06947048
0.0014514418	0.0680506
0.0014930882	0.06664371
0.0015359295	0.065250084
0.00158	0.06387002
0.0016272478	0.062447265
0.0016759086	0.061039798
0.0017260244	0.059647895
0.0017776389	0.05827183
0.0018307968	0.05691187
0.0018855444	0.05556827
0.0019419291	0.05424127
0.002	0.052931104
0.0020575977	0.0516848
0.002116854	0.050454523
0.002177817	0.04924046
0.0022405356	0.04804277
0.0023050604	0.046861622
0.0023714434	0.045697164
0.0024397383	0.04454954
0.00251	0.043418877
0.0025833033	0.042289954
0.0026587474	0.041178703
0.0027363948	0.04008523
0.0028163097	0.039009627
0.0028985585	0.037951965
0.0029832094	0.03691232
0.0030703326	0.03589074
0.00316	0.034887273
0.0032524571	0.03390017
0.0033476194	0.032931298
0.003445566	0.031980664
0.0035463783	0.03104826
0.0036501405	0.030134076
0.0037569385	0.02923808
0.003866861	0.028360233
0.00398	0.027500479
0.004096165	0.02666076
0.0042157196	0.025838912
0.0043387646	0.025034845
0.0044654002	0.024248462
0.0045957323	0.023479654
0.0047298684	0.0227283
0.0048679197	0.021994272
0.00501	0.021277431
0.005156579	0.020575985
0.0053074467	0.019891497
0.005462728	0.019223796
0.0056225527	0.018572703
0.0057870536	0.017938033
0.005956367	0.017319592
0.0061306343	0.016717177
0.00631	0.016130578
0.006493865	0.015561834
0.0066830874	0.015008349
0.0068778237	0.014469897
0.007078234	0.013946252
0.0072844843	0.013437177
0.0074967444	0.012942436
0.00771519	0.012461787
0.00794	0.011994985
0.008172275	0.011540045
0.008411343	0.011098559
0.008657407	0.010670272
0.008910668	0.010254928
0.009171338	0.0098522715
0.009439633	0.0094620455
0.009715778	0.009083993
0.01	0.008717855
0.010292081	0.008363915
0.010592694	0.008021343
0.010902087	0.007689889
0.011220517	0.007369301
0.011548247	0.0070593287
0.011885551	0.006759726
0.012232705	0.0064702467
0.01259	0.006190648
0.012957647	0.0059207487
0.013336032	0.0056602485
0.013725464	0.0054089124
0.01412627	0.0051665097
0.014538779	0.004932811
0.014963334	0.0047075925
0.015400288	0.004490631
0.01585	0.0042817085
0.016312422	0.0040807864
0.016788337	0.003887462
0.017278135	0.003701527
0.017782224	0.0035227763
0.01830102	0.0033510085
0.01883495	0.003186025
0.019384459	0.0030276307
0.01995	0.0028756335
0.020533005	0.002729612
0.021133045	0.0025896328
0.021750621	0.0024555128
0.022386245	0.0023270717
0.023040446	0.0022041327
0.023713762	0.0020865218
0.024406755	0.001974068
0.02512	0.0018666041
0.025853088	0.0017640998
0.02660757	0.0016662464
0.027384069	0.0015728861
0.02818323	0.0014838639
0.029005712	0.0013990279
0.029852198	0.0013182291
0.030723387	0.0012413218
0.03162	0.0011681631
0.032543603	0.0010985537
0.033494186	0.0010324223
0.034472536	9.696352E-4
0.03547946	9.1006147E-4
0.0365158	8.535733E-4
0.03758241	8.000462E-4
0.03868017	7.4935856E-4
0.03981	7.01392E-4
0.040972695	6.5603637E-4
0.042169347	6.13174E-4
0.04340095	5.7269604E-4
0.044668525	5.344967E-4
0.04597312	4.9847335E-4
0.047315817	4.6452656E-4
0.04869773	4.325599E-4
0.05012	4.0248013E-4
0.0515838	3.741972E-4
0.053090356	3.4762372E-4
0.05464091	3.2267554E-4
0.05623675	2.9927146E-4
0.0578792	2.7733322E-4
0.059569612	2.5678548E-4
0.0613094	2.375557E-4
0.0631	2.1957417E-4
0.06494172	2.0278415E-4
0.066837184	1.8710978E-4
0.06878798	1.7248951E-4
0.070795715	1.588644E-4
0.072862044	1.4617798E-4
0.074988686	1.3437627E-4
0.077177405	1.2340768E-4
0.07943	1.132229E-4
0.08174976	1.0376945E-4
0.08413727	9.5008785E-5
0.08659451	8.689812E-5
0.08912351	7.9396756E-5
0.09172637	7.2465984E-5
0.09440525	6.6069035E-5
0.097162366	6.017102E-5
0.1	5.473885E-5
0.102919795	4.9742343E-5
0.10592484	4.5150486E-5
0.109017625	4.0935258E-5
0.112200715	3.7070193E-5
0.11547674	3.3530323E-5
0.11884842	3.029211E-5
0.12231855	2.7333399E-5
0.12589	2.4633353E-5
0.12956645	2.2171946E-5
0.13335027	1.9931349E-5
0.13724458	1.7894348E-5
0.14125264	1.6044829E-5
0.14537773	1.4367727E-5
0.14962329	1.2848983E-5
0.15399285	1.1475485E-5
0.15849	1.0235029E-5
0.16311829	9.11631E-6
0.16788174	8.108737E-6
0.17278428	7.202544E-6
0.17783	6.3886864E-6
0.18302307	5.6588055E-6
0.18836778	5.005186E-6
0.19386858	4.4207163E-6
0.19953	3.8988546E-6
0.20535603	3.4336435E-6
0.21135218	3.0195042E-6
0.21752341	2.6513903E-6
0.22387484	2.3246878E-6
0.23041171	2.035186E-6
0.23713945	1.7790483E-6
0.24406363	1.5527849E-6
0.25119	1.3532272E-6
0.25852492	1.1774921E-6
0.26607406	1.0229945E-6
0.27384362	8.8738665E-7
0.28184006	7.685519E-7
0.29007	6.645855E-7
0.29854023	5.737763E-7
0.30725783	4.9458987E-7
0.31623	4.2565304E-7
0.32546407	3.6573948E-7
0.33496782	3.1375475E-7
0.34474903	2.6872533E-7
0.3548159	2.2978638E-7
0.3651767	1.9617116E-7
0.37584007	1.6720107E-7
0.3868148	1.4227679E-7
0.39811	1.2086996E-7
0.40973493	1.025158E-7
0.42169935	8.6805954E-8
0.4340131	7.3382594E-8
0.44668642	6.193277E-8
0.4597298	5.2183193E-8
0.47315407	4.3895778E-8
0.4869703	3.6863455E-8
0.50119	3.0906534E-8
0.5158249	2.586934E-8
0.5308872	2.1617266E-8
0.5463893	1.8034187E-8
0.5623441	1.50201E-8
0.57876474	1.2489081E-8
0.59566486	1.03674065E-8
0.61305845	8.591974E-9
0.63096	7.108847E-9
0.6493842	5.872081E-9
0.6683464	4.842514E-9
0.6878623	3.9869166E-9
0.7079481	3.2771204E-9
0.72862035	2.6892977E-9
0.7498962	2.203326E-9
0.7717934	1.8022548E-9
0.79433	1.4718136E-9
0.8175246	1.2000326E-9
0.8413966	9.768676E-10
0.86596555	7.939456E-10
0.8912519	6.4424366E-10
0.9172767	5.219526E-10
0.9440614	4.2220927E-10
0.97162825	3.40994E-10
1.0	2.7497182E-10
1.029201	2.2139324E-10
1.0592546	1.7798396E-10
1.090186	1.4287105E-10
1.1220205	1.1451018E-10
1.1547846	9.163614E-11
1.1885055	7.3224427E-11
1.223211	5.842338E-11
1.25893	4.6551984E-11
1.2956905	3.703604E-11
1.3335243	2.941869E-11
1.3724631	2.3332891E-11
1.4125386	1.8479218E-11
1.4537846	1.4614865E-11
1.4962348	1.1539325E-11
1.5399245	9.100609E-12
1.58489	7.168599E-12
1.6311698	5.639489E-12
1.678801	4.430456E-12
1.727823	3.4773295E-12
1.7782766	2.7265967E-12
1.8302034	2.1367352E-12
1.8836465	1.6698865E-12
1.9386501	1.2999601E-12
1.99526	1.0050849E-12
2.0535233	7.784884E-13
2.113488	6.0107475E-13
2.1752036	4.6518345E-13
2.2387214	3.6048942E-13
2.304094	2.7811087E-13
2.3713756	2.1582736E-13
2.4406219	1.667555E-13
2.51189	1.2922996E-13
2.5852382	1.00586206E-13
2.6607285	7.704948E-14
2.7384229	5.7620575E-14
2.818386	4.1855408E-14
2.900684	3.0531133E-14
2.9853854	2.1982416E-14
3.0725598	1.498801E-14
3.16228	7.660539E-15
3.2546198	2.3314684E-15
3.3496559	2.220446E-16
3.447467	0.0
3.5481343	0.0
3.6517413	0.0
3.7583735	0.0
3.8681195	0.0
3.98107	0.0
4.097319	0.0
4.2169633	0.0
4.340101	0.0
4.466834	0.0
4.5972676	0.0
4.7315106	0.0
4.869673	0.0
5.01187	0.0
5.1582193	0.0
5.3088417	0.0
5.463863	0.0
5.62341	0.0
5.7876167	0.0
5.9566183	0.0
6.1305547	0.0
6.30957	0.0
6.493813	0.0
6.683436	0.0
6.878596	0.0
7.079455	0.0
7.286179	0.0
7.4989395	0.0
7.7179127	0.0
7.94328	0.0
8.175228	0.0
8.41395	0.0
8.659641	0.0
8.912508	0.0
9.172758	0.0
9.440608	0.0
9.716279	0.0
10.0	0.0



DATASET #3

Name: 1000yr
Num Points: 2
Info: 

X, Y Data:
0.001	0.001
10.0	0.001



DATASET #4

Name: 2500yr
Num Points: 2
Info: 

X, Y Data:
0.001	4.0E-4
10.0	4.0E-4



DATASET #5

Name: 10000yr
Num Points: 2
Info: 

X, Y Data:
0.001	1.0E-4
10.0	1.0E-4


