
X-Axis: 0.2s SA (g)
Y-Axis: Annual Probabilitiy
Number of Data Sets: 5


DATASET #1

Name: UCERF3
Num Points: 401
Info: 

X, Y Data:
1.0E-4	0.055131685
1.0333392E-4	0.055131685
1.06779E-4	0.055131685
1.1033893E-4	0.055131685
1.14017545E-4	0.055131685
1.178188E-4	0.055131685
1.2174679E-4	0.055131685
1.2580573E-4	0.055131685
1.3E-4	0.055131685
1.334183E-4	0.055131685
1.369265E-4	0.055131685
1.4052694E-4	0.055131685
1.4422205E-4	0.055131685
1.4801433E-4	0.055131685
1.5190631E-4	0.055131685
1.5590065E-4	0.055131685
1.6E-4	0.055131685
1.645257E-4	0.055131685
1.691794E-4	0.055131685
1.7396474E-4	0.055131685
1.7888544E-4	0.055131685
1.8394532E-4	0.055131685
1.8914833E-4	0.055131685
1.944985E-4	0.055131685
2.0E-4	0.055131685
2.0565712E-4	0.055131685
2.1147425E-4	0.055131685
2.1745593E-4	0.055131685
2.236068E-4	0.055131685
2.2993165E-4	0.055131685
2.364354E-4	0.055131685
2.4312311E-4	0.055131685
2.5E-4	0.055131685
2.5783465E-4	0.055131685
2.659148E-4	0.055131685
2.742482E-4	0.055131685
2.8284272E-4	0.055131685
2.917066E-4	0.055131685
3.0084825E-4	0.055131685
3.102764E-4	0.055131685
3.2E-4	0.055131685
3.290514E-4	0.055131685
3.383588E-4	0.055131685
3.4792948E-4	0.055131685
3.5777088E-4	0.055131685
3.6789064E-4	0.055131685
3.7829665E-4	0.055131685
3.88997E-4	0.055131685
4.0E-4	0.055131685
4.1131425E-4	0.055131685
4.229485E-4	0.055131685
4.3491187E-4	0.055131685
4.472136E-4	0.055131685
4.598633E-4	0.055131685
4.728708E-4	0.055131685
4.8624622E-4	0.055131685
5.0E-4	0.055131685
5.1465514E-4	0.05513168
5.2973983E-4	0.05513168
5.4526667E-4	0.05513168
5.612486E-4	0.05513168
5.77699E-4	0.05513168
5.946315E-4	0.05513168
6.120603E-4	0.055131678
6.3E-4	0.055131678
6.4807665E-4	0.055131678
6.6667196E-4	0.055131674
6.858008E-4	0.055131674
7.0547854E-4	0.05513167
7.257209E-4	0.055131666
7.465441E-4	0.055131666
7.6796475E-4	0.05513166
7.9E-4	0.055131655
8.136239E-4	0.05513165
8.379543E-4	0.055131644
8.630122E-4	0.055131637
8.8881946E-4	0.055131625
9.153984E-4	0.055131614
9.427722E-4	0.0551316
9.7096455E-4	0.055131584
0.001	0.055131566
0.0010293103	0.055131547
0.0010594797	0.05513152
0.0010905333	0.05513149
0.0011224973	0.055131458
0.001155398	0.055131417
0.001189263	0.055131372
0.0012241206	0.055131316
0.00126	0.055131253
0.0012961533	0.055131182
0.0013333439	0.0551311
0.0013716016	0.055131007
0.0014109571	0.0551309
0.0014514418	0.055130772
0.0014930882	0.05513063
0.0015359295	0.055130467
0.00158	0.055130277
0.0016272478	0.055130053
0.0016759086	0.055129796
0.0017260244	0.055129502
0.0017776389	0.055129167
0.0018307968	0.05512878
0.0018855444	0.05512834
0.0019419291	0.055127837
0.002	0.055127267
0.0020575977	0.05512664
0.002116854	0.055125937
0.002177817	0.05512514
0.0022405356	0.055124246
0.0023050604	0.055123232
0.0023714434	0.055122096
0.0024397383	0.055120822
0.00251	0.05511939
0.0025833033	0.055117764
0.0026587474	0.05511594
0.0027363948	0.055113897
0.0028163097	0.055111613
0.0028985585	0.05510906
0.0029832094	0.055106215
0.0030703326	0.055103045
0.00316	0.055099517
0.0032524571	0.05509559
0.0033476194	0.05509123
0.003445566	0.05508639
0.0035463783	0.055081032
0.0036501405	0.0550751
0.0037569385	0.055068552
0.003866861	0.05506132
0.00398	0.05505335
0.004096165	0.055044595
0.0042157196	0.05503497
0.0043387646	0.0550244
0.0044654002	0.055012804
0.0045957323	0.0550001
0.0047298684	0.0549862
0.0048679197	0.05497101
0.00501	0.05495443
0.005156579	0.054936305
0.0053074467	0.054916564
0.005462728	0.05489509
0.0056225527	0.05487176
0.0057870536	0.054846443
0.005956367	0.054819006
0.0061306343	0.05478931
0.00631	0.054757204
0.006493865	0.05472268
0.0066830874	0.054685466
0.0068778237	0.054645397
0.007078234	0.054602306
0.0072844843	0.05455603
0.0074967444	0.054506395
0.00771519	0.05445322
0.00794	0.05439633
0.008172275	0.054335296
0.008411343	0.05427015
0.008657407	0.054200694
0.008910668	0.054126747
0.009171338	0.05404812
0.009439633	0.053964622
0.009715778	0.05387607
0.01	0.053782273
0.010292081	0.053683214
0.010592694	0.053578567
0.010902087	0.053468164
0.011220517	0.053351842
0.011548247	0.05322943
0.011885551	0.053100783
0.012232705	0.052965753
0.01259	0.0528242
0.012957647	0.052676033
0.013336032	0.052521106
0.013725464	0.052359305
0.01412627	0.052190546
0.014538779	0.05201474
0.014963334	0.05183181
0.015400288	0.051641714
0.01585	0.0514444
0.016312422	0.051240023
0.016788337	0.0510284
0.017278135	0.05080952
0.017782224	0.0505834
0.01830102	0.050350066
0.01883495	0.050109554
0.019384459	0.049861915
0.01995	0.04960722
0.020533005	0.04934511
0.021133045	0.049076088
0.021750621	0.048800256
0.022386245	0.048517726
0.023040446	0.04822862
0.023713762	0.047933076
0.024406755	0.047631234
0.02512	0.047323238
0.025853088	0.047009677
0.02660757	0.046690296
0.027384069	0.046365265
0.02818323	0.04603475
0.029005712	0.04569893
0.029852198	0.045357972
0.030723387	0.045012057
0.03162	0.044661358
0.032543603	0.044305738
0.033494186	0.04394567
0.034472536	0.043581333
0.03547946	0.04321289
0.0365158	0.042840507
0.03758241	0.042464342
0.03868017	0.04208455
0.03981	0.041701272
0.040972695	0.0413147
0.042169347	0.04092492
0.04340095	0.04053207
0.044668525	0.04013626
0.04597312	0.03973761
0.047315817	0.039336216
0.04869773	0.038932186
0.05012	0.038525604
0.0515838	0.03811656
0.053090356	0.037705123
0.05464091	0.037291367
0.05623675	0.036875352
0.0578792	0.036457133
0.059569612	0.03603676
0.0613094	0.035614274
0.0631	0.035189725
0.06494172	0.034763407
0.066837184	0.03433509
0.06878798	0.033904806
0.070795715	0.033472575
0.072862044	0.033038422
0.074988686	0.032602374
0.077177405	0.03216445
0.07943	0.03172468
0.08174976	0.03128282
0.08413727	0.03083916
0.08659451	0.030393733
0.08912351	0.029946573
0.09172637	0.02949772
0.09440525	0.029047221
0.097162366	0.028595123
0.1	0.028141486
0.102919795	0.027686486
0.10592484	0.027230088
0.109017625	0.026772372
0.112200715	0.026313435
0.11547674	0.025853375
0.11884842	0.025392307
0.12231855	0.024930354
0.12589	0.02446765
0.12956645	0.024004254
0.13335027	0.023540411
0.13724458	0.023076288
0.14125264	0.02261207
0.14537773	0.022147946
0.14962329	0.021684118
0.15399285	0.021220801
0.15849	0.020758219
0.16311829	0.020296628
0.16788174	0.019836245
0.17278428	0.019377327
0.17783	0.01892013
0.18302307	0.01846492
0.18836778	0.01801197
0.19386858	0.017561557
0.19953	0.01711396
0.20535603	0.016669516
0.21135218	0.016228456
0.21752341	0.015791066
0.22387484	0.01535763
0.23041171	0.014928429
0.23713945	0.0145037435
0.24406363	0.0140838465
0.25119	0.013669007
0.25852492	0.013259462
0.26607406	0.012855492
0.27384362	0.01245734
0.28184006	0.012065243
0.29007	0.011679424
0.29854023	0.011300093
0.30725783	0.010927449
0.31623	0.010561678
0.32546407	0.010202951
0.33496782	0.009851421
0.34474903	0.009507228
0.3548159	0.009170496
0.3651767	0.008841332
0.37584007	0.008519827
0.3868148	0.008206057
0.39811	0.007900079
0.40973493	0.0076019354
0.42169935	0.0073116515
0.4340131	0.0070292354
0.44668642	0.006754681
0.4597298	0.0064879665
0.47315407	0.006229055
0.4869703	0.005977897
0.50119	0.0057344274
0.5158249	0.005498569
0.5308872	0.005270234
0.5463893	0.0050493213
0.5623441	0.004835721
0.57876474	0.004629313
0.59566486	0.004429968
0.61305845	0.0042375494
0.63096	0.004051914
0.6493842	0.0038729126
0.6683464	0.0037003898
0.6878623	0.003534187
0.7079481	0.0033741423
0.72862035	0.0032200909
0.7498962	0.0030718662
0.7717934	0.002929301
0.79433	0.0027922275
0.8175246	0.0026604792
0.8413966	0.0025338891
0.86596555	0.0024122933
0.8912519	0.0022955295
0.9172767	0.0021834378
0.9440614	0.0020758614
0.97162825	0.0019726476
1.0	0.0018736464
1.029201	0.0017787099
1.0592546	0.0016876993
1.090186	0.0016004775
1.1220205	0.0015169114
1.1547846	0.001436873
1.1885055	0.0013602382
1.223211	0.0012868877
1.25893	0.0012167062
1.2956905	0.0011495857
1.3335243	0.0010854165
1.3724631	0.0010240959
1.4125386	9.6552505E-4
1.4537846	9.096087E-4
1.4962348	8.56255E-4
1.5399245	8.053757E-4
1.58489	7.5688533E-4
1.6311698	7.107E-4
1.678801	6.6674134E-4
1.727823	6.2493194E-4
1.7782766	5.8519666E-4
1.8302034	5.474625E-4
1.8836465	5.1165844E-4
1.9386501	4.7771522E-4
1.99526	4.4556518E-4
2.0535233	4.151421E-4
2.113488	3.8638155E-4
2.1752036	3.5922023E-4
2.2387214	3.3359608E-4
2.304094	3.0944825E-4
2.3713756	2.8671703E-4
2.4406219	2.6534378E-4
2.51189	2.4527108E-4
2.5852382	2.2644275E-4
2.6607285	2.0880315E-4
2.7384229	1.9229809E-4
2.818386	1.7687444E-4
2.900684	1.6248027E-4
2.9853854	1.4906477E-4
3.0725598	1.3657838E-4
3.16228	1.2497278E-4
3.2546198	1.1420094E-4
3.3496559	1.04217106E-4
3.447467	9.497693E-5
3.5481343	8.643743E-5
3.6517413	7.8557074E-5
3.7583735	7.129577E-5
3.8681195	6.461492E-5
3.98107	5.8477406E-5
4.097319	5.284761E-5
4.2169633	4.7691487E-5
4.340101	4.2976484E-5
4.466834	3.8671584E-5
4.5972676	3.4747263E-5
4.7315106	3.1175518E-5
4.869673	2.792982E-5
5.01187	2.4985096E-5
5.1582193	2.2317708E-5
5.3088417	1.9905418E-5
5.463863	1.772734E-5
5.62341	1.5763915E-5
5.7876167	1.39968615E-5
5.9566183	1.2409126E-5
6.1305547	1.0984836E-5
6.30957	9.709259E-6
6.493813	8.568736E-6
6.683436	7.550646E-6
6.878596	6.6433404E-6
7.079455	5.836097E-6
7.286179	5.1190655E-6
7.4989395	4.4832177E-6
7.7179127	3.920295E-6
7.94328	3.4227587E-6
8.175228	2.9837433E-6
8.41395	2.597008E-6
8.659641	2.256893E-6
8.912508	1.9582749E-6
9.172758	1.6965267E-6
9.440608	1.4674775E-6
9.716279	1.2673758E-6
10.0	1.0928536E-6



DATASET #2

Name: RSQSim
Num Points: 401
Info: 

X, Y Data:
1.0E-4	0.08221535
1.0333392E-4	0.08221535
1.06779E-4	0.08221535
1.1033893E-4	0.08221535
1.14017545E-4	0.08221535
1.178188E-4	0.08221535
1.2174679E-4	0.08221535
1.2580573E-4	0.08221535
1.3E-4	0.08221535
1.334183E-4	0.08221535
1.369265E-4	0.08221535
1.4052694E-4	0.08221535
1.4422205E-4	0.08221535
1.4801433E-4	0.08221535
1.5190631E-4	0.08221535
1.5590065E-4	0.08221535
1.6E-4	0.08221535
1.645257E-4	0.08221535
1.691794E-4	0.08221535
1.7396474E-4	0.08221535
1.7888544E-4	0.08221535
1.8394532E-4	0.08221535
1.8914833E-4	0.08221535
1.944985E-4	0.08221535
2.0E-4	0.08221535
2.0565712E-4	0.08221535
2.1147425E-4	0.08221535
2.1745593E-4	0.08221535
2.236068E-4	0.08221535
2.2993165E-4	0.08221535
2.364354E-4	0.08221535
2.4312311E-4	0.08221535
2.5E-4	0.08221535
2.5783465E-4	0.08221535
2.659148E-4	0.08221535
2.742482E-4	0.08221535
2.8284272E-4	0.08221535
2.917066E-4	0.08221535
3.0084825E-4	0.08221535
3.102764E-4	0.08221535
3.2E-4	0.08221535
3.290514E-4	0.08221535
3.383588E-4	0.08221535
3.4792948E-4	0.08221535
3.5777088E-4	0.08221535
3.6789064E-4	0.08221535
3.7829665E-4	0.08221535
3.88997E-4	0.08221535
4.0E-4	0.08221535
4.1131425E-4	0.08221535
4.229485E-4	0.08221535
4.3491187E-4	0.08221535
4.472136E-4	0.08221535
4.598633E-4	0.08221535
4.728708E-4	0.08221535
4.8624622E-4	0.08221535
5.0E-4	0.08221535
5.1465514E-4	0.08221535
5.2973983E-4	0.08221535
5.4526667E-4	0.08221535
5.612486E-4	0.08221535
5.77699E-4	0.08221534
5.946315E-4	0.08221534
6.120603E-4	0.08221534
6.3E-4	0.08221534
6.4807665E-4	0.08221534
6.6667196E-4	0.08221533
6.858008E-4	0.08221533
7.0547854E-4	0.082215324
7.257209E-4	0.082215324
7.465441E-4	0.08221532
7.6796475E-4	0.08221531
7.9E-4	0.0822153
8.136239E-4	0.082215294
8.379543E-4	0.08221528
8.630122E-4	0.08221527
8.8881946E-4	0.08221526
9.153984E-4	0.082215235
9.427722E-4	0.08221521
9.7096455E-4	0.08221519
0.001	0.08221516
0.0010293103	0.08221512
0.0010594797	0.082215086
0.0010905333	0.08221503
0.0011224973	0.08221498
0.001155398	0.082214914
0.001189263	0.08221483
0.0012241206	0.08221474
0.00126	0.08221464
0.0012961533	0.08221452
0.0013333439	0.082214385
0.0013716016	0.08221422
0.0014109571	0.08221404
0.0014514418	0.08221383
0.0014930882	0.08221358
0.0015359295	0.082213305
0.00158	0.082212985
0.0016272478	0.0822126
0.0016759086	0.08221215
0.0017260244	0.08221164
0.0017776389	0.082211055
0.0018307968	0.082210384
0.0018855444	0.08220962
0.0019419291	0.08220874
0.002	0.08220773
0.0020575977	0.08220664
0.002116854	0.08220539
0.002177817	0.08220399
0.0022405356	0.082202405
0.0023050604	0.08220062
0.0023714434	0.082198605
0.0024397383	0.08219634
0.00251	0.08219381
0.0025833033	0.082190916
0.0026587474	0.082187675
0.0027363948	0.08218405
0.0028163097	0.082179986
0.0028985585	0.082175456
0.0029832094	0.082170404
0.0030703326	0.08216477
0.00316	0.08215852
0.0032524571	0.082151555
0.0033476194	0.082143836
0.003445566	0.08213528
0.0035463783	0.08212582
0.0036501405	0.082115375
0.0037569385	0.08210385
0.003866861	0.08209115
0.00398	0.08207718
0.004096165	0.08206187
0.0042157196	0.082045086
0.0043387646	0.08202669
0.0044654002	0.082006566
0.0045957323	0.08198458
0.0047298684	0.08196059
0.0048679197	0.08193445
0.00501	0.081906
0.005156579	0.081875
0.0053074467	0.08184134
0.005462728	0.08180484
0.0056225527	0.08176532
0.0057870536	0.081722565
0.005956367	0.08167638
0.0061306343	0.08162655
0.00631	0.08157286
0.006493865	0.081515305
0.0066830874	0.08145346
0.0068778237	0.08138707
0.007078234	0.0813159
0.0072844843	0.08123968
0.0074967444	0.08115816
0.00771519	0.08107108
0.00794	0.08097814
0.008172275	0.08087869
0.008411343	0.08077278
0.008657407	0.08066013
0.008910668	0.08054042
0.009171338	0.08041338
0.009439633	0.08027869
0.009715778	0.08013605
0.01	0.079985164
0.010292081	0.07982596
0.010592694	0.07965793
0.010902087	0.07948075
0.011220517	0.07929414
0.011548247	0.07909778
0.011885551	0.078891374
0.012232705	0.07867464
0.01259	0.078447275
0.012957647	0.07820906
0.013336032	0.077959664
0.013725464	0.07769882
0.01412627	0.07742626
0.014538779	0.07714174
0.014963334	0.076845
0.015400288	0.07653581
0.01585	0.07621396
0.016312422	0.07587954
0.016788337	0.07553205
0.017278135	0.075171314
0.017782224	0.07479717
0.01830102	0.07440945
0.01883495	0.07400801
0.019384459	0.07359273
0.01995	0.07316349
0.020533005	0.07271946
0.021133045	0.07226127
0.021750621	0.07178883
0.022386245	0.07130212
0.023040446	0.07080112
0.023713762	0.070285805
0.024406755	0.06975621
0.02512	0.06921236
0.025853088	0.06865507
0.02660757	0.0680837
0.027384069	0.06749834
0.02818323	0.066899106
0.029005712	0.06628613
0.029852198	0.065659575
0.030723387	0.065019615
0.03162	0.064366445
0.032543603	0.06369969
0.033494186	0.06302017
0.034472536	0.062328137
0.03547946	0.061623875
0.0365158	0.060907684
0.03758241	0.06017989
0.03868017	0.059440836
0.03981	0.058690887
0.040972695	0.05793051
0.042169347	0.057160024
0.04340095	0.056379855
0.044668525	0.055590443
0.04597312	0.054792248
0.047315817	0.053985745
0.04869773	0.053171437
0.05012	0.05234984
0.0515838	0.05152148
0.053090356	0.05068691
0.05464091	0.049846686
0.05623675	0.04900139
0.0578792	0.048151605
0.059569612	0.04729794
0.0613094	0.046441015
0.0631	0.04558145
0.06494172	0.044720426
0.066837184	0.04385805
0.06878798	0.04299497
0.070795715	0.042131837
0.072862044	0.04126932
0.074988686	0.04040808
0.077177405	0.039548777
0.07943	0.038692076
0.08174976	0.037838124
0.08413727	0.0369881
0.08659451	0.036142647
0.08912351	0.035302415
0.09172637	0.03446804
0.09440525	0.03364013
0.097162366	0.03281931
0.1	0.032006156
0.102919795	0.03120144
0.10592484	0.030405523
0.109017625	0.029618932
0.112200715	0.028842175
0.11547674	0.02807574
0.11884842	0.027320083
0.12231855	0.026575632
0.12589	0.02584279
0.12956645	0.025121788
0.13335027	0.024413107
0.13724458	0.023717057
0.14125264	0.02303391
0.14537773	0.022363909
0.14962329	0.021707261
0.15399285	0.021064138
0.15849	0.020434681
0.16311829	0.019819025
0.16788174	0.019217212
0.17278428	0.018629285
0.17783	0.018055253
0.18302307	0.017495094
0.18836778	0.016948761
0.19386858	0.016416175
0.19953	0.015897227
0.20535603	0.015391854
0.21135218	0.014899834
0.21752341	0.014420993
0.22387484	0.013955137
0.23041171	0.013502053
0.23713945	0.013061512
0.24406363	0.012633272
0.25119	0.01221708
0.25852492	0.011812644
0.26607406	0.011419719
0.27384362	0.011038027
0.28184006	0.010667284
0.29007	0.010307205
0.29854023	0.009957503
0.30725783	0.00961789
0.31623	0.009288083
0.32546407	0.008967804
0.33496782	0.008656772
0.34474903	0.008354716
0.3548159	0.008061372
0.3651767	0.0077764825
0.37584007	0.0074997973
0.3868148	0.0072310753
0.39811	0.0069700843
0.40973493	0.006716603
0.42169935	0.006470415
0.4340131	0.0062313164
0.44668642	0.005999111
0.4597298	0.005773613
0.47315407	0.0055546463
0.4869703	0.00534204
0.50119	0.0051356363
0.5158249	0.0049352804
0.5308872	0.0047408286
0.5463893	0.004552143
0.5623441	0.0043690917
0.57876474	0.004191549
0.59566486	0.004019395
0.61305845	0.0038525139
0.63096	0.003690795
0.6493842	0.0035341315
0.6683464	0.0033824192
0.6878623	0.0032355576
0.7079481	0.0030934482
0.72862035	0.002955995
0.7498962	0.0028231042
0.7717934	0.0026946825
0.79433	0.0025706387
0.8175246	0.0024508825
0.8413966	0.002335324
0.86596555	0.002223874
0.8912519	0.002116444
0.9172767	0.0020129457
0.9440614	0.0019132914
0.97162825	0.0018173931
1.0	0.0017251635
1.029201	0.0016365132
1.0592546	0.0015513572
1.090186	0.001469609
1.1220205	0.0013911818
1.1547846	0.0013159896
1.1885055	0.0012439466
1.223211	0.0011749673
1.25893	0.0011089667
1.2956905	0.0010458629
1.3335243	9.855694E-4
1.3724631	9.2800334E-4
1.4125386	8.730821E-4
1.4537846	8.207241E-4
1.4962348	7.7084865E-4
1.5399245	7.233758E-4
1.58489	6.7822664E-4
1.6311698	6.35322E-4
1.678801	5.945862E-4
1.727823	5.559433E-4
1.7782766	5.1931845E-4
1.8302034	4.8463792E-4
1.8836465	4.5182914E-4
1.9386501	4.2082064E-4
1.99526	3.9154224E-4
2.0535233	3.6392477E-4
2.113488	3.379007E-4
2.1752036	3.134036E-4
2.2387214	2.903684E-4
2.304094	2.6873124E-4
2.3713756	2.4842971E-4
2.4406219	2.2940287E-4
2.51189	2.1159108E-4
2.5852382	1.9493644E-4
2.6607285	1.7938203E-4
2.7384229	1.648727E-4
2.818386	1.5135488E-4
2.900684	1.3877645E-4
2.9853854	1.2708695E-4
3.0725598	1.162375E-4
3.16228	1.061808E-4
3.2546198	9.687124E-5
3.3496559	8.826479E-5
3.447467	8.031906E-5
3.5481343	7.299336E-5
3.6517413	6.624862E-5
3.7583735	6.0047416E-5
3.8681195	5.435397E-5
3.98107	4.913414E-5
4.097319	4.4355358E-5
4.2169633	3.9986702E-5
4.340101	3.5998786E-5
4.466834	3.2363772E-5
4.5972676	2.9055325E-5
4.7315106	2.6048587E-5
4.869673	2.332013E-5
5.01187	2.0847929E-5
5.1582193	1.8611305E-5
5.3088417	1.6590893E-5
5.463863	1.476858E-5
5.62341	1.3127469E-5
5.7876167	1.1651824E-5
5.9566183	1.0327017E-5
6.1305547	9.13948E-6
6.30957	8.076652E-6
6.493813	7.126925E-6
6.683436	6.279599E-6
6.878596	5.5248242E-6
7.079455	4.853554E-6
7.286179	4.2574966E-6
7.4989395	3.7290647E-6
7.7179127	3.2613325E-6
7.94328	2.8479876E-6
8.175228	2.4832902E-6
8.41395	2.1620301E-6
8.659641	1.8794879E-6
8.912508	1.6313963E-6
9.172758	1.4139056E-6
9.440608	1.2235483E-6
9.716279	1.0572082E-6
10.0	9.120898E-7



DATASET #3

Name: 1000yr
Num Points: 2
Info: 

X, Y Data:
0.001	0.001
10.0	0.001



DATASET #4

Name: 2500yr
Num Points: 2
Info: 

X, Y Data:
0.001	4.0E-4
10.0	4.0E-4



DATASET #5

Name: 10000yr
Num Points: 2
Info: 

X, Y Data:
0.001	1.0E-4
10.0	1.0E-4


