
X-Axis: 0.2s SA (g)
Y-Axis: Annual Probabilitiy
Number of Data Sets: 5


DATASET #1

Name: UCERF3
Num Points: 401
Info: 

X, Y Data:
1.0E-4	0.050438486
1.0333392E-4	0.050438486
1.06779E-4	0.050438486
1.1033893E-4	0.050438486
1.14017545E-4	0.050438486
1.178188E-4	0.050438486
1.2174679E-4	0.050438486
1.2580573E-4	0.050438486
1.3E-4	0.050438486
1.334183E-4	0.050438486
1.369265E-4	0.050438486
1.4052694E-4	0.050438486
1.4422205E-4	0.050438486
1.4801433E-4	0.050438486
1.5190631E-4	0.050438486
1.5590065E-4	0.050438486
1.6E-4	0.050438486
1.645257E-4	0.050438486
1.691794E-4	0.050438486
1.7396474E-4	0.050438486
1.7888544E-4	0.050438486
1.8394532E-4	0.050438486
1.8914833E-4	0.050438486
1.944985E-4	0.050438486
2.0E-4	0.050438486
2.0565712E-4	0.050438486
2.1147425E-4	0.050438486
2.1745593E-4	0.050438486
2.236068E-4	0.050438486
2.2993165E-4	0.050438486
2.364354E-4	0.050438486
2.4312311E-4	0.050438486
2.5E-4	0.050438486
2.5783465E-4	0.050438486
2.659148E-4	0.050438486
2.742482E-4	0.050438486
2.8284272E-4	0.050438486
2.917066E-4	0.050438486
3.0084825E-4	0.050438486
3.102764E-4	0.050438486
3.2E-4	0.050438486
3.290514E-4	0.050438486
3.383588E-4	0.050438486
3.4792948E-4	0.050438486
3.5777088E-4	0.050438486
3.6789064E-4	0.050438486
3.7829665E-4	0.050438486
3.88997E-4	0.050438486
4.0E-4	0.050438486
4.1131425E-4	0.050438486
4.229485E-4	0.050438486
4.3491187E-4	0.050438482
4.472136E-4	0.050438482
4.598633E-4	0.050438482
4.728708E-4	0.050438482
4.8624622E-4	0.050438482
5.0E-4	0.050438482
5.1465514E-4	0.05043848
5.2973983E-4	0.05043848
5.4526667E-4	0.05043848
5.612486E-4	0.050438475
5.77699E-4	0.05043847
5.946315E-4	0.05043847
6.120603E-4	0.050438467
6.3E-4	0.050438464
6.4807665E-4	0.050438456
6.6667196E-4	0.050438453
6.858008E-4	0.050438445
7.0547854E-4	0.050438438
7.257209E-4	0.050438426
7.465441E-4	0.050438415
7.6796475E-4	0.0504384
7.9E-4	0.050438385
8.136239E-4	0.050438363
8.379543E-4	0.05043834
8.630122E-4	0.05043831
8.8881946E-4	0.050438277
9.153984E-4	0.050438236
9.427722E-4	0.05043819
9.7096455E-4	0.050438136
0.001	0.05043807
0.0010293103	0.050437994
0.0010594797	0.050437905
0.0010905333	0.050437804
0.0011224973	0.050437685
0.001155398	0.050437544
0.001189263	0.050437383
0.0012241206	0.050437197
0.00126	0.050436977
0.0012961533	0.050436735
0.0013333439	0.050436452
0.0013716016	0.050436128
0.0014109571	0.050435755
0.0014514418	0.050435327
0.0014930882	0.05043484
0.0015359295	0.05043428
0.00158	0.050433643
0.0016272478	0.050432887
0.0016759086	0.05043202
0.0017260244	0.05043103
0.0017776389	0.050429907
0.0018307968	0.050428625
0.0018855444	0.05042717
0.0019419291	0.05042552
0.002	0.050423652
0.0020575977	0.05042162
0.002116854	0.05041934
0.002177817	0.050416782
0.0022405356	0.050413914
0.0023050604	0.05041071
0.0023714434	0.050407127
0.0024397383	0.050403133
0.00251	0.050398685
0.0025833033	0.050393667
0.0026587474	0.05038809
0.0027363948	0.050381895
0.0028163097	0.05037503
0.0028985585	0.05036743
0.0029832094	0.050359033
0.0030703326	0.050349765
0.00316	0.05033955
0.0032524571	0.050328292
0.0033476194	0.050315924
0.003445566	0.05030235
0.0035463783	0.05028748
0.0036501405	0.050271217
0.0037569385	0.050253447
0.003866861	0.05023407
0.00398	0.05021296
0.004096165	0.050190065
0.0042157196	0.050165202
0.0043387646	0.050138243
0.0044654002	0.05010906
0.0045957323	0.0500775
0.0047298684	0.050043434
0.0048679197	0.050006703
0.00501	0.049967155
0.005156579	0.04992453
0.0053074467	0.049878757
0.005462728	0.04982967
0.0056225527	0.0497771
0.0057870536	0.04972088
0.005956367	0.049660835
0.0061306343	0.049596786
0.00631	0.049528565
0.006493865	0.049456287
0.0066830874	0.049379513
0.0068778237	0.049298074
0.007078234	0.04921179
0.0072844843	0.04912049
0.0074967444	0.049024
0.00771519	0.04892216
0.00794	0.048814796
0.008172275	0.048701297
0.008411343	0.04858191
0.008657407	0.048456483
0.008910668	0.04832486
0.009171338	0.048186906
0.009439633	0.048042476
0.009715778	0.047891438
0.01	0.047733676
0.010292081	0.047569323
0.010592694	0.047398042
0.010902087	0.04721973
0.011220517	0.0470343
0.011548247	0.046841674
0.011885551	0.04664177
0.012232705	0.046434537
0.01259	0.046219915
0.012957647	0.045997918
0.013336032	0.045768462
0.013725464	0.045531534
0.01412627	0.045287114
0.014538779	0.045035206
0.014963334	0.044775814
0.015400288	0.044508968
0.01585	0.044234686
0.016312422	0.04395327
0.016788337	0.043664526
0.017278135	0.04336851
0.017782224	0.043065295
0.01830102	0.042754956
0.01883495	0.04243758
0.019384459	0.042113263
0.01995	0.04178211
0.020533005	0.041443672
0.021133045	0.04109861
0.021750621	0.04074705
0.022386245	0.040389124
0.023040446	0.04002498
0.023713762	0.039654765
0.024406755	0.03927863
0.02512	0.038896743
0.025853088	0.038509794
0.02660757	0.03811744
0.027384069	0.037719857
0.02818323	0.03731723
0.029005712	0.03690974
0.029852198	0.036497578
0.030723387	0.03608093
0.03162	0.035659995
0.032543603	0.03523459
0.033494186	0.034805287
0.034472536	0.03437228
0.03547946	0.03393578
0.0365158	0.033495985
0.03758241	0.033053104
0.03868017	0.032607343
0.03981	0.032158904
0.040972695	0.031708043
0.042169347	0.031254917
0.04340095	0.030799732
0.044668525	0.030342689
0.04597312	0.029883992
0.047315817	0.029423844
0.04869773	0.028962445
0.05012	0.028499993
0.0515838	0.02803669
0.053090356	0.027572725
0.05464091	0.027108297
0.05623675	0.026643597
0.0578792	0.026178814
0.059569612	0.02571414
0.0613094	0.025249762
0.0631	0.024785865
0.06494172	0.024322927
0.066837184	0.023860836
0.06878798	0.023399776
0.070795715	0.022939926
0.072862044	0.022481468
0.074988686	0.02202458
0.077177405	0.021569442
0.07943	0.02111623
0.08174976	0.020664856
0.08413727	0.020215768
0.08659451	0.019769145
0.08912351	0.019325169
0.09172637	0.018884016
0.09440525	0.018445868
0.097162366	0.018010905
0.1	0.017579304
0.102919795	0.01715135
0.10592484	0.01672712
0.109017625	0.016306793
0.112200715	0.01589055
0.11547674	0.01547857
0.11884842	0.015071031
0.12231855	0.014668112
0.12589	0.014269988
0.12956645	0.0138767585
0.13335027	0.013488672
0.13724458	0.013105897
0.14125264	0.012728598
0.14537773	0.012356937
0.14962329	0.01199107
0.15399285	0.011631146
0.15849	0.011277311
0.16311829	0.010929716
0.16788174	0.010588477
0.17278428	0.010253717
0.17783	0.009925549
0.18302307	0.009604077
0.18836778	0.009289397
0.19386858	0.008981592
0.19953	0.008680736
0.20535603	0.008386927
0.21135218	0.008100179
0.21752341	0.00782053
0.22387484	0.0075480076
0.23041171	0.007282626
0.23713945	0.0070243874
0.24406363	0.0067732814
0.25119	0.006529285
0.25852492	0.0062923483
0.26607406	0.0060624396
0.27384362	0.0058395015
0.28184006	0.005623462
0.29007	0.0054142405
0.29854023	0.005211745
0.30725783	0.005015873
0.31623	0.0048265127
0.32546407	0.0046435455
0.33496782	0.004466841
0.34474903	0.0042962637
0.3548159	0.00413167
0.3651767	0.003972912
0.37584007	0.003819836
0.3868148	0.0036722836
0.39811	0.0035300928
0.40973493	0.0033931008
0.42169935	0.0032611398
0.4340131	0.003134043
0.44668642	0.0030116423
0.4597298	0.00289377
0.47315407	0.00278026
0.4869703	0.0026709477
0.50119	0.0025656705
0.5158249	0.002464269
0.5308872	0.002366587
0.5463893	0.0022724727
0.5623441	0.002181778
0.57876474	0.0020943598
0.59566486	0.0020100805
0.61305845	0.0019288067
0.63096	0.0018504115
0.6493842	0.0017747736
0.6683464	0.0017017769
0.6878623	0.0016313115
0.7079481	0.0015632734
0.72862035	0.0014975641
0.7498962	0.0014340916
0.7717934	0.0013727687
0.79433	0.0013135142
0.8175246	0.0012562523
0.8413966	0.001200912
0.86596555	0.0011474275
0.8912519	0.0010957371
0.9172767	0.0010457842
0.9440614	9.975159E-4
0.97162825	9.508829E-4
1.0	9.0583984E-4
1.029201	8.6234324E-4
1.0592546	8.2035473E-4
1.090186	7.798374E-4
1.1220205	7.407567E-4
1.1547846	7.0308E-4
1.1885055	6.6677644E-4
1.223211	6.318166E-4
1.25893	5.981724E-4
1.2956905	5.65818E-4
1.3335243	5.347255E-4
1.3724631	5.048692E-4
1.4125386	4.7622368E-4
1.4537846	4.4876378E-4
1.4962348	4.2246442E-4
1.5399245	3.9730055E-4
1.58489	3.7324693E-4
1.6311698	3.5027752E-4
1.678801	3.2836728E-4
1.727823	3.0749018E-4
1.7782766	2.8761986E-4
1.8302034	2.687295E-4
1.8836465	2.5079193E-4
1.9386501	2.3377963E-4
1.99526	2.1766474E-4
2.0535233	2.024189E-4
2.113488	1.8801379E-4
2.1752036	1.7442065E-4
2.2387214	1.6161062E-4
2.304094	1.495547E-4
2.3713756	1.3822383E-4
2.4406219	1.27589E-4
2.51189	1.1762127E-4
2.5852382	1.08292006E-4
2.6607285	9.957253E-5
2.7384229	9.1434624E-5
2.818386	8.385043E-5
2.900684	7.679254E-5
2.9853854	7.023405E-5
3.0725598	6.41486E-5
3.16228	5.851045E-5
3.2546198	5.3294545E-5
3.3496559	4.847651E-5
3.447467	4.403272E-5
3.5481343	3.994034E-5
3.6517413	3.617734E-5
3.7583735	3.2722517E-5
3.8681195	2.9555538E-5
3.98107	2.6656917E-5
4.097319	2.400803E-5
4.2169633	2.1591159E-5
4.340101	1.938944E-5
4.466834	1.7386878E-5
4.5972676	1.5568337E-5
4.7315106	1.3919528E-5
4.869673	1.2426984E-5
5.01187	1.1078052E-5
5.1582193	9.860864E-6
5.3088417	8.7643175E-6
5.463863	7.778043E-6
5.62341	6.8923846E-6
5.7876167	6.0983625E-6
5.9566183	5.38765E-6
6.1305547	4.7525405E-6
6.30957	4.185916E-6
6.493813	3.6812166E-6
6.683436	3.2324103E-6
6.878596	2.8339616E-6
7.079455	2.4808012E-6
7.286179	2.1682968E-6
7.4989395	1.8922237E-6
7.7179127	1.6487377E-6
7.94328	1.4343476E-6
8.175228	1.2458892E-6
8.41395	1.0805007E-6
8.659641	9.3559936E-7
8.912508	8.0885866E-7
9.172758	6.9818725E-7
9.440608	6.017089E-7
9.716279	5.17744E-7
10.0	4.4479168E-7



DATASET #2

Name: RSQSim
Num Points: 401
Info: 

X, Y Data:
1.0E-4	0.10604929
1.0333392E-4	0.10604929
1.06779E-4	0.10604929
1.1033893E-4	0.10604929
1.14017545E-4	0.10604929
1.178188E-4	0.10604929
1.2174679E-4	0.10604929
1.2580573E-4	0.10604929
1.3E-4	0.10604929
1.334183E-4	0.10604929
1.369265E-4	0.10604929
1.4052694E-4	0.10604929
1.4422205E-4	0.10604929
1.4801433E-4	0.10604929
1.5190631E-4	0.10604929
1.5590065E-4	0.10604929
1.6E-4	0.10604929
1.645257E-4	0.10604929
1.691794E-4	0.10604929
1.7396474E-4	0.10604929
1.7888544E-4	0.10604929
1.8394532E-4	0.10604929
1.8914833E-4	0.10604929
1.944985E-4	0.10604929
2.0E-4	0.10604929
2.0565712E-4	0.10604929
2.1147425E-4	0.10604929
2.1745593E-4	0.10604929
2.236068E-4	0.10604929
2.2993165E-4	0.10604929
2.364354E-4	0.10604929
2.4312311E-4	0.10604929
2.5E-4	0.10604929
2.5783465E-4	0.10604929
2.659148E-4	0.10604929
2.742482E-4	0.10604929
2.8284272E-4	0.10604929
2.917066E-4	0.10604929
3.0084825E-4	0.10604929
3.102764E-4	0.10604929
3.2E-4	0.10604929
3.290514E-4	0.10604929
3.383588E-4	0.10604929
3.4792948E-4	0.10604929
3.5777088E-4	0.10604929
3.6789064E-4	0.10604929
3.7829665E-4	0.10604929
3.88997E-4	0.10604929
4.0E-4	0.10604929
4.1131425E-4	0.10604929
4.229485E-4	0.10604929
4.3491187E-4	0.10604929
4.472136E-4	0.10604929
4.598633E-4	0.106049284
4.728708E-4	0.106049284
4.8624622E-4	0.106049284
5.0E-4	0.106049284
5.1465514E-4	0.10604928
5.2973983E-4	0.10604928
5.4526667E-4	0.10604927
5.612486E-4	0.10604927
5.77699E-4	0.10604926
5.946315E-4	0.106049255
6.120603E-4	0.10604925
6.3E-4	0.10604923
6.4807665E-4	0.106049225
6.6667196E-4	0.10604921
6.858008E-4	0.10604919
7.0547854E-4	0.106049165
7.257209E-4	0.10604914
7.465441E-4	0.10604911
7.6796475E-4	0.106049076
7.9E-4	0.10604904
8.136239E-4	0.10604899
8.379543E-4	0.10604893
8.630122E-4	0.10604885
8.8881946E-4	0.10604876
9.153984E-4	0.10604866
9.427722E-4	0.10604854
9.7096455E-4	0.1060484
0.001	0.10604823
0.0010293103	0.10604803
0.0010594797	0.1060478
0.0010905333	0.10604753
0.0011224973	0.10604723
0.001155398	0.10604686
0.001189263	0.10604644
0.0012241206	0.10604594
0.00126	0.10604537
0.0012961533	0.10604472
0.0013333439	0.10604397
0.0013716016	0.10604311
0.0014109571	0.10604211
0.0014514418	0.10604097
0.0014930882	0.10603966
0.0015359295	0.10603816
0.00158	0.10603645
0.0016272478	0.1060344
0.0016759086	0.10603205
0.0017260244	0.10602936
0.0017776389	0.10602629
0.0018307968	0.10602278
0.0018855444	0.10601879
0.0019419291	0.10601425
0.002	0.10600909
0.0020575977	0.10600347
0.002116854	0.10599714
0.002177817	0.10599001
0.0022405356	0.105982
0.0023050604	0.10597302
0.0023714434	0.105962954
0.0024397383	0.1059517
0.00251	0.10593913
0.0025833033	0.1059249
0.0026587474	0.105909035
0.0027363948	0.10589137
0.0028163097	0.10587174
0.0028985585	0.10584994
0.0029832094	0.10582577
0.0030703326	0.10579903
0.00316	0.10576948
0.0032524571	0.10573681
0.0033476194	0.10570081
0.003445566	0.105661206
0.0035463783	0.105617695
0.0036501405	0.10556997
0.0037569385	0.1055177
0.003866861	0.10546053
0.00398	0.1053981
0.004096165	0.10533021
0.0042157196	0.105256304
0.0043387646	0.10517597
0.0044654002	0.10508879
0.0045957323	0.10499431
0.0047298684	0.10489207
0.0048679197	0.1047816
0.00501	0.104662396
0.005156579	0.10453365
0.0053074467	0.104395114
0.005462728	0.10424626
0.0056225527	0.10408655
0.0057870536	0.10391543
0.005956367	0.10373236
0.0061306343	0.10353677
0.00631	0.10332811
0.006493865	0.10310674
0.0066830874	0.10287128
0.0068778237	0.10262119
0.007078234	0.102355935
0.0072844843	0.102074966
0.0074967444	0.10177777
0.00771519	0.10146382
0.00794	0.101132624
0.008172275	0.100782305
0.008411343	0.10041365
0.008657407	0.10002621
0.008910668	0.099619575
0.009171338	0.099193335
0.009439633	0.098747134
0.009715778	0.09828062
0.01	0.09779352
0.010292081	0.09728633
0.010592694	0.096758105
0.010902087	0.09620865
0.011220517	0.0956378
0.011548247	0.09504545
0.011885551	0.09443152
0.012232705	0.09379599
0.01259	0.09313886
0.012957647	0.09246034
0.013336032	0.09176039
0.013725464	0.09103914
0.01412627	0.09029678
0.014538779	0.08953353
0.014963334	0.08874966
0.015400288	0.087945476
0.01585	0.08712133
0.016312422	0.08627837
0.016788337	0.08541629
0.017278135	0.08453555
0.017782224	0.083636634
0.01830102	0.08272008
0.01883495	0.081786424
0.019384459	0.080836274
0.01995	0.079870224
0.020533005	0.078887306
0.021133045	0.07788973
0.021750621	0.0768782
0.022386245	0.0758534
0.023040446	0.07481605
0.023713762	0.07376688
0.024406755	0.072706625
0.02512	0.07163605
0.025853088	0.07055737
0.02660757	0.06946992
0.027384069	0.06837446
0.02818323	0.06727176
0.029005712	0.06616261
0.029852198	0.06504776
0.030723387	0.063928
0.03162	0.06280409
0.032543603	0.061675802
0.033494186	0.060544886
0.034472536	0.0594121
0.03547946	0.05827819
0.0365158	0.057143908
0.03758241	0.05600998
0.03868017	0.05487714
0.03981	0.0537461
0.040972695	0.0526177
0.042169347	0.051492505
0.04340095	0.05037121
0.044668525	0.04925449
0.04597312	0.048143007
0.047315817	0.047037423
0.04869773	0.04593838
0.05012	0.044846512
0.0515838	0.04376245
0.053090356	0.042686787
0.05464091	0.041620124
0.05623675	0.040563043
0.0578792	0.039516117
0.059569612	0.038479894
0.0613094	0.037454914
0.0631	0.03644171
0.06494172	0.03544141
0.066837184	0.034453865
0.06878798	0.03347955
0.070795715	0.032518916
0.072862044	0.03157241
0.074988686	0.03064044
0.077177405	0.02972341
0.07943	0.028821692
0.08174976	0.027935112
0.08413727	0.027064553
0.08659451	0.026210321
0.08912351	0.025372703
0.09172637	0.024551956
0.09440525	0.023748318
0.097162366	0.022961993
0.1	0.022193165
0.102919795	0.02144217
0.10592484	0.020708943
0.109017625	0.019993588
0.112200715	0.019296175
0.11547674	0.018616749
0.11884842	0.017955326
0.12231855	0.017311895
0.12589	0.01668642
0.12956645	0.01607872
0.13335027	0.015488823
0.13724458	0.014916616
0.14125264	0.014361953
0.14537773	0.01382467
0.14962329	0.013304574
0.15399285	0.012801455
0.15849	0.012315077
0.16311829	0.011845205
0.16788174	0.011391545
0.17278428	0.010953803
0.17783	0.010531671
0.18302307	0.010124828
0.18836778	0.009732932
0.19386858	0.009355635
0.19953	0.008992576
0.20535603	0.008643425
0.21135218	0.008307758
0.21752341	0.007985188
0.22387484	0.007675324
0.23041171	0.0073777703
0.23713945	0.007092129
0.24406363	0.006818
0.25119	0.006554983
0.25852492	0.006302663
0.26607406	0.006060661
0.27384362	0.005828582
0.28184006	0.005606038
0.29007	0.005392644
0.29854023	0.005188022
0.30725783	0.0049918005
0.31623	0.004803616
0.32546407	0.0046231155
0.33496782	0.0044499505
0.34474903	0.0042837844
0.3548159	0.0041242917
0.3651767	0.0039711553
0.37584007	0.0038240703
0.3868148	0.0036827426
0.39811	0.0035468892
0.40973493	0.0034162393
0.42169935	0.0032905324
0.4340131	0.0031695198
0.44668642	0.0030529655
0.4597298	0.0029406438
0.47315407	0.0028323415
0.4869703	0.0027278562
0.50119	0.002626997
0.5158249	0.0025295834
0.5308872	0.0024354467
0.5463893	0.0023444279
0.5623441	0.0022563783
0.57876474	0.0021711588
0.59566486	0.0020886406
0.61305845	0.0020087035
0.63096	0.0019312358
0.6493842	0.001856135
0.6683464	0.0017833058
0.6878623	0.0017126605
0.7079481	0.0016441192
0.72862035	0.0015776079
0.7498962	0.0015130596
0.7717934	0.0014504126
0.79433	0.0013896108
0.8175246	0.0013306035
0.8413966	0.0012733438
0.86596555	0.0012177898
0.8912519	0.0011639027
0.9172767	0.0011116473
0.9440614	0.0010609917
0.97162825	0.0010119062
1.0	9.6436334E-4
1.029201	9.1833685E-4
1.0592546	8.7380403E-4
1.090186	8.3074253E-4
1.1220205	7.891309E-4
1.1547846	7.4894837E-4
1.1885055	7.1017485E-4
1.223211	6.727903E-4
1.25893	6.36775E-4
1.2956905	6.0211035E-4
1.3335243	5.687747E-4
1.3724631	5.3674745E-4
1.4125386	5.0600746E-4
1.4537846	4.7653296E-4
1.4962348	4.4830152E-4
1.5399245	4.2128985E-4
1.58489	3.9547397E-4
1.6311698	3.7082823E-4
1.678801	3.4732773E-4
1.727823	3.249459E-4
1.7782766	3.036553E-4
1.8302034	2.834278E-4
1.8836465	2.6423452E-4
1.9386501	2.4604585E-4
1.99526	2.2883162E-4
2.0535233	2.1256096E-4
2.113488	1.9720283E-4
2.1752036	1.8272565E-4
2.2387214	1.6909758E-4
2.304094	1.5628657E-4
2.3713756	1.4426047E-4
2.4406219	1.3298716E-4
2.51189	1.2243459E-4
2.5852382	1.12571004E-4
2.6607285	1.0336467E-4
2.7384229	9.478435E-5
2.818386	8.679924E-5
2.900684	7.937908E-5
2.9853854	7.2494186E-5
3.0725598	6.6115535E-5
3.16228	6.021483E-5
3.2546198	5.4764554E-5
3.3496559	4.9738E-5
3.447467	4.5109336E-5
3.5481343	4.0853636E-5
3.6517413	3.6946905E-5
3.7583735	3.3366097E-5
3.8681195	3.0089152E-5
3.98107	2.7094973E-5
4.097319	2.4363451E-5
4.2169633	2.187549E-5
4.340101	1.9612959E-5
4.466834	1.7558694E-5
4.5972676	1.5696494E-5
4.7315106	1.4011097E-5
4.869673	1.2488158E-5
5.01187	1.1114224E-5
5.1582193	9.876711E-6
5.3088417	8.76387E-6
5.463863	7.7647555E-6
5.62341	6.8691975E-6
5.7876167	6.067765E-6
5.9566183	5.3517297E-6
6.1305547	4.713033E-6
6.30957	4.144251E-6
6.493813	3.6385559E-6
6.683436	3.1896868E-6
6.878596	2.7919104E-6
7.079455	2.4399892E-6
7.286179	2.129148E-6
7.4989395	1.855043E-6
7.7179127	1.6137304E-6
7.94328	1.4016371E-6
8.175228	1.2155325E-6
8.41395	1.0525018E-6
8.659641	9.0992023E-7
8.912508	7.85429E-7
9.172758	6.7691275E-7
9.440608	5.824782E-7
9.716279	5.0043434E-7
10.0	4.2927354E-7



DATASET #3

Name: 1000yr
Num Points: 2
Info: 

X, Y Data:
0.001	0.001
10.0	0.001



DATASET #4

Name: 2500yr
Num Points: 2
Info: 

X, Y Data:
0.001	4.0E-4
10.0	4.0E-4



DATASET #5

Name: 10000yr
Num Points: 2
Info: 

X, Y Data:
0.001	1.0E-4
10.0	1.0E-4


