
X-Axis: 0.2s SA (g)
Y-Axis: Annual Probabilitiy
Number of Data Sets: 5


DATASET #1

Name: UCERF3
Num Points: 401
Info: 

X, Y Data:
1.0E-4	0.054743014
1.0333392E-4	0.054743014
1.06779E-4	0.054743014
1.1033893E-4	0.054743014
1.14017545E-4	0.054743014
1.178188E-4	0.054743014
1.2174679E-4	0.054743014
1.2580573E-4	0.054743014
1.3E-4	0.054743014
1.334183E-4	0.054743014
1.369265E-4	0.054743014
1.4052694E-4	0.054743014
1.4422205E-4	0.054743014
1.4801433E-4	0.054743014
1.5190631E-4	0.054743014
1.5590065E-4	0.054743014
1.6E-4	0.054743014
1.645257E-4	0.054743014
1.691794E-4	0.054743014
1.7396474E-4	0.054743014
1.7888544E-4	0.054743014
1.8394532E-4	0.054743014
1.8914833E-4	0.054743014
1.944985E-4	0.054743014
2.0E-4	0.054743014
2.0565712E-4	0.054743014
2.1147425E-4	0.054743014
2.1745593E-4	0.054743014
2.236068E-4	0.054743014
2.2993165E-4	0.054743014
2.364354E-4	0.054743014
2.4312311E-4	0.054743014
2.5E-4	0.054743014
2.5783465E-4	0.054743014
2.659148E-4	0.054743014
2.742482E-4	0.054743014
2.8284272E-4	0.054743014
2.917066E-4	0.054743014
3.0084825E-4	0.054743014
3.102764E-4	0.054743014
3.2E-4	0.054743014
3.290514E-4	0.054743014
3.383588E-4	0.054743014
3.4792948E-4	0.054743014
3.5777088E-4	0.054743014
3.6789064E-4	0.054743014
3.7829665E-4	0.054743014
3.88997E-4	0.054743014
4.0E-4	0.054743014
4.1131425E-4	0.054743014
4.229485E-4	0.054743014
4.3491187E-4	0.054743014
4.472136E-4	0.054743014
4.598633E-4	0.054743014
4.728708E-4	0.054743014
4.8624622E-4	0.054743014
5.0E-4	0.054743014
5.1465514E-4	0.054743014
5.2973983E-4	0.054743014
5.4526667E-4	0.054743014
5.612486E-4	0.054743014
5.77699E-4	0.054743014
5.946315E-4	0.054743014
6.120603E-4	0.054743014
6.3E-4	0.054743014
6.4807665E-4	0.05474301
6.6667196E-4	0.05474301
6.858008E-4	0.05474301
7.0547854E-4	0.05474301
7.257209E-4	0.05474301
7.465441E-4	0.05474301
7.6796475E-4	0.054743007
7.9E-4	0.054743007
8.136239E-4	0.054743003
8.379543E-4	0.054743003
8.630122E-4	0.054743
8.8881946E-4	0.054742996
9.153984E-4	0.054742992
9.427722E-4	0.05474299
9.7096455E-4	0.05474298
0.001	0.054742977
0.0010293103	0.05474297
0.0010594797	0.05474296
0.0010905333	0.054742947
0.0011224973	0.054742936
0.001155398	0.05474292
0.001189263	0.054742903
0.0012241206	0.05474288
0.00126	0.054742858
0.0012961533	0.054742828
0.0013333439	0.054742794
0.0013716016	0.054742757
0.0014109571	0.05474271
0.0014514418	0.054742657
0.0014930882	0.054742597
0.0015359295	0.054742523
0.00158	0.05474244
0.0016272478	0.05474234
0.0016759086	0.054742225
0.0017260244	0.054742087
0.0017776389	0.054741926
0.0018307968	0.054741744
0.0018855444	0.05474153
0.0019419291	0.054741286
0.002	0.054741003
0.0020575977	0.05474069
0.002116854	0.05474033
0.002177817	0.05473992
0.0022405356	0.054739445
0.0023050604	0.054738913
0.0023714434	0.0547383
0.0024397383	0.05473761
0.00251	0.05473682
0.0025833033	0.054735914
0.0026587474	0.054734882
0.0027363948	0.054733716
0.0028163097	0.054732397
0.0028985585	0.054730907
0.0029832094	0.054729223
0.0030703326	0.054727327
0.00316	0.054725196
0.0032524571	0.054722793
0.0033476194	0.0547201
0.003445566	0.05471708
0.0035463783	0.054713696
0.0036501405	0.054709915
0.0037569385	0.054705698
0.003866861	0.054700993
0.00398	0.05469576
0.004096165	0.054689955
0.0042157196	0.054683514
0.0043387646	0.054676373
0.0044654002	0.054668475
0.0045957323	0.05465974
0.0047298684	0.0546501
0.0048679197	0.05463948
0.00501	0.054627787
0.005156579	0.054614905
0.0053074467	0.05460076
0.005462728	0.054585252
0.0056225527	0.054568272
0.0057870536	0.05454971
0.005956367	0.05452944
0.0061306343	0.054507338
0.00631	0.054483276
0.006493865	0.05445722
0.0066830874	0.054428943
0.0068778237	0.054398287
0.007078234	0.054365106
0.0072844843	0.05432924
0.0074967444	0.05429052
0.00771519	0.05424878
0.00794	0.05420385
0.008172275	0.05415535
0.008411343	0.05410327
0.008657407	0.054047424
0.008910668	0.05398762
0.009171338	0.053923666
0.009439633	0.05385537
0.009715778	0.053782538
0.01	0.053704977
0.010292081	0.05362262
0.010592694	0.053535163
0.010902087	0.05344242
0.011220517	0.0533442
0.011548247	0.053240325
0.011885551	0.05313062
0.012232705	0.05301491
0.01259	0.052893035
0.012957647	0.052764863
0.013336032	0.052630223
0.013725464	0.05248898
0.01412627	0.052341
0.014538779	0.052186165
0.014963334	0.052024372
0.015400288	0.05185553
0.01585	0.05167955
0.016312422	0.051496543
0.016788337	0.051306296
0.017278135	0.05110877
0.017782224	0.05090394
0.01830102	0.050691795
0.01883495	0.050472345
0.019384459	0.05024561
0.01995	0.05001162
0.020533005	0.04977003
0.021133045	0.04952128
0.021750621	0.049265444
0.022386245	0.04900262
0.023040446	0.048732914
0.023713762	0.048456445
0.024406755	0.04817334
0.02512	0.047883738
0.025853088	0.047588196
0.02660757	0.047286488
0.027384069	0.046978787
0.02818323	0.046665266
0.029005712	0.04634611
0.029852198	0.046021502
0.030723387	0.04569164
0.03162	0.04535672
0.032543603	0.04501664
0.033494186	0.04467189
0.034472536	0.044322673
0.03547946	0.04396919
0.0365158	0.043611646
0.03758241	0.043250233
0.03868017	0.042885147
0.03981	0.042516585
0.040972695	0.04214477
0.042169347	0.041769847
0.04340095	0.041391995
0.044668525	0.041011382
0.04597312	0.040628176
0.047315817	0.040242538
0.04869773	0.039854616
0.05012	0.03946456
0.0515838	0.03907251
0.053090356	0.0386786
0.05464091	0.038282953
0.05623675	0.037885692
0.0578792	0.037486922
0.059569612	0.03708676
0.0613094	0.03668529
0.0631	0.036282625
0.06494172	0.035879094
0.066837184	0.03547453
0.06878798	0.03506901
0.070795715	0.034662608
0.072862044	0.034255393
0.074988686	0.03384742
0.077177405	0.033438753
0.07943	0.033029452
0.08174976	0.032619316
0.08413727	0.03220864
0.08659451	0.031797472
0.08912351	0.031385858
0.09172637	0.030973835
0.09440525	0.030561443
0.097162366	0.030148724
0.1	0.02973571
0.102919795	0.029322539
0.10592484	0.028909141
0.109017625	0.028495554
0.112200715	0.028081812
0.11547674	0.027667945
0.11884842	0.02725399
0.12231855	0.026839977
0.12589	0.026425948
0.12956645	0.026011854
0.13335027	0.025597816
0.13724458	0.025183875
0.14125264	0.024770074
0.14537773	0.024356455
0.14962329	0.02394307
0.15399285	0.02352997
0.15849	0.023117207
0.16311829	0.022704864
0.16788174	0.022292983
0.17278428	0.021881636
0.17783	0.021470895
0.18302307	0.02106084
0.18836778	0.020651555
0.19386858	0.020243132
0.19953	0.019835668
0.20535603	0.019429315
0.21135218	0.019024132
0.21752341	0.018620234
0.22387484	0.018217744
0.23041171	0.017816791
0.23713945	0.017417507
0.24406363	0.017020036
0.25119	0.016624518
0.25852492	0.016231082
0.26607406	0.01583991
0.27384362	0.015451161
0.28184006	0.015065003
0.29007	0.014681602
0.29854023	0.014301129
0.30725783	0.013923759
0.31623	0.013549666
0.32546407	0.01317903
0.33496782	0.012812024
0.34474903	0.012448825
0.3548159	0.012089606
0.3651767	0.011734541
0.37584007	0.011383798
0.3868148	0.011037545
0.39811	0.010695944
0.40973493	0.010359153
0.42169935	0.010027323
0.4340131	0.009700597
0.44668642	0.009379115
0.4597298	0.009063008
0.47315407	0.008752399
0.4869703	0.008447403
0.50119	0.008148127
0.5158249	0.007854668
0.5308872	0.007567115
0.5463893	0.007285548
0.5623441	0.0070100357
0.57876474	0.0067406395
0.59566486	0.0064774104
0.61305845	0.00622039
0.63096	0.0059696115
0.6493842	0.0057250983
0.6683464	0.005486865
0.6878623	0.0052549173
0.7079481	0.0050292527
0.72862035	0.004809861
0.7498962	0.0045967232
0.7717934	0.0043898146
0.79433	0.0041891006
0.8175246	0.003994543
0.8413966	0.003806095
0.86596555	0.003623704
0.8912519	0.0034473117
0.9172767	0.0032768548
0.9440614	0.003112264
0.97162825	0.002953466
1.0	0.0028003822
1.029201	0.0026529266
1.0592546	0.002511016
1.090186	0.0023745606
1.1220205	0.0022434655
1.1547846	0.002117634
1.1885055	0.001996965
1.223211	0.0018813551
1.25893	0.0017706981
1.2956905	0.0016648892
1.3335243	0.0015638127
1.3724631	0.0014673551
1.4125386	0.0013754009
1.4537846	0.001287833
1.4962348	0.0012045321
1.5399245	0.0011253782
1.58489	0.0010502492
1.6311698	9.790206E-4
1.678801	9.11571E-4
1.727823	8.47776E-4
1.7782766	7.875109E-4
1.8302034	7.3065073E-4
1.8836465	6.7707064E-4
1.9386501	6.266459E-4
1.99526	5.7925243E-4
2.0535233	5.3476635E-4
2.113488	4.9306557E-4
2.1752036	4.5402878E-4
2.2387214	4.175361E-4
2.304094	3.834693E-4
2.3713756	3.5171205E-4
2.4406219	3.2215007E-4
2.51189	2.946714E-4
2.5852382	2.6916692E-4
2.6607285	2.455294E-4
2.7384229	2.2365488E-4
2.818386	2.0344231E-4
2.900684	1.8479383E-4
2.9853854	1.6761475E-4
3.0725598	1.5181376E-4
3.16228	1.3730294E-4
3.2546198	1.2399784E-4
3.3496559	1.1181754E-4
3.447467	1.00684665E-4
3.5481343	9.052541E-5
3.6517413	8.126956E-5
3.7583735	7.2850395E-5
3.8681195	6.5204746E-5
3.98107	5.827289E-5
4.097319	5.199847E-5
4.2169633	4.6328532E-5
4.340101	4.1213316E-5
4.466834	3.660622E-5
4.5972676	3.246369E-5
4.7315106	2.8745115E-5
4.869673	2.541271E-5
5.01187	2.2431397E-5
5.1582193	1.9768695E-5
5.3088417	1.7394575E-5
5.463863	1.5281355E-5
5.62341	1.3403562E-5
5.7876167	1.17378095E-5
5.9566183	1.026268E-5
6.1305547	8.958594E-6
6.30957	7.807691E-6
6.493813	6.7937217E-6
6.683436	5.9019285E-6
6.878596	5.1189395E-6
7.079455	4.4326644E-6
7.286179	3.8321937E-6
7.4989395	3.3077058E-6
7.7179127	2.850377E-6
7.94328	2.4522963E-6
8.175228	2.1063865E-6
8.41395	1.8063305E-6
8.659641	1.5465E-6
8.912508	1.3218912E-6
9.172758	1.1280656E-6
9.440608	9.610934E-7
9.716279	8.1750306E-7
10.0	6.9423373E-7



DATASET #2

Name: RSQSim
Num Points: 401
Info: 

X, Y Data:
1.0E-4	0.08237107
1.0333392E-4	0.08237107
1.06779E-4	0.08237107
1.1033893E-4	0.08237107
1.14017545E-4	0.08237107
1.178188E-4	0.08237107
1.2174679E-4	0.08237107
1.2580573E-4	0.08237107
1.3E-4	0.08237107
1.334183E-4	0.08237107
1.369265E-4	0.08237107
1.4052694E-4	0.08237107
1.4422205E-4	0.08237107
1.4801433E-4	0.08237107
1.5190631E-4	0.08237107
1.5590065E-4	0.08237107
1.6E-4	0.08237107
1.645257E-4	0.08237107
1.691794E-4	0.08237107
1.7396474E-4	0.08237107
1.7888544E-4	0.08237107
1.8394532E-4	0.08237107
1.8914833E-4	0.08237107
1.944985E-4	0.08237107
2.0E-4	0.08237107
2.0565712E-4	0.08237107
2.1147425E-4	0.08237107
2.1745593E-4	0.08237107
2.236068E-4	0.08237107
2.2993165E-4	0.08237107
2.364354E-4	0.08237107
2.4312311E-4	0.08237107
2.5E-4	0.08237107
2.5783465E-4	0.08237107
2.659148E-4	0.08237107
2.742482E-4	0.08237107
2.8284272E-4	0.08237107
2.917066E-4	0.08237107
3.0084825E-4	0.08237107
3.102764E-4	0.08237107
3.2E-4	0.08237107
3.290514E-4	0.08237107
3.383588E-4	0.08237107
3.4792948E-4	0.08237107
3.5777088E-4	0.08237107
3.6789064E-4	0.08237107
3.7829665E-4	0.08237107
3.88997E-4	0.08237107
4.0E-4	0.08237107
4.1131425E-4	0.08237107
4.229485E-4	0.08237107
4.3491187E-4	0.08237107
4.472136E-4	0.08237107
4.598633E-4	0.08237107
4.728708E-4	0.08237107
4.8624622E-4	0.08237107
5.0E-4	0.08237107
5.1465514E-4	0.08237107
5.2973983E-4	0.08237107
5.4526667E-4	0.08237107
5.612486E-4	0.08237107
5.77699E-4	0.08237107
5.946315E-4	0.08237107
6.120603E-4	0.08237107
6.3E-4	0.08237107
6.4807665E-4	0.08237106
6.6667196E-4	0.08237106
6.858008E-4	0.08237106
7.0547854E-4	0.08237106
7.257209E-4	0.082371056
7.465441E-4	0.082371056
7.6796475E-4	0.08237105
7.9E-4	0.08237105
8.136239E-4	0.08237104
8.379543E-4	0.082371034
8.630122E-4	0.08237103
8.8881946E-4	0.08237102
9.153984E-4	0.082371004
9.427722E-4	0.082371
9.7096455E-4	0.082370974
0.001	0.08237096
0.0010293103	0.08237094
0.0010594797	0.08237091
0.0010905333	0.08237088
0.0011224973	0.08237084
0.001155398	0.0823708
0.001189263	0.08237075
0.0012241206	0.08237069
0.00126	0.082370624
0.0012961533	0.08237054
0.0013333439	0.08237045
0.0013716016	0.08237034
0.0014109571	0.082370214
0.0014514418	0.08237007
0.0014930882	0.08236991
0.0015359295	0.082369715
0.00158	0.08236949
0.0016272478	0.08236922
0.0016759086	0.08236891
0.0017260244	0.08236855
0.0017776389	0.08236814
0.0018307968	0.082367666
0.0018855444	0.082367115
0.0019419291	0.08236649
0.002	0.082365766
0.0020575977	0.08236497
0.002116854	0.08236407
0.002177817	0.08236304
0.0022405356	0.08236187
0.0023050604	0.08236055
0.0023714434	0.08235905
0.0024397383	0.08235736
0.00251	0.08235546
0.0025833033	0.08235329
0.0026587474	0.08235083
0.0027363948	0.08234807
0.0028163097	0.08234497
0.0028985585	0.08234149
0.0029832094	0.082337596
0.0030703326	0.082333244
0.00316	0.08232838
0.0032524571	0.08232294
0.0033476194	0.08231688
0.003445566	0.08231015
0.0035463783	0.08230267
0.0036501405	0.082294375
0.0037569385	0.08228519
0.003866861	0.082275026
0.00398	0.082263805
0.004096165	0.08225146
0.0042157196	0.08223788
0.0043387646	0.08222294
0.0044654002	0.08220653
0.0045957323	0.08218855
0.0047298684	0.08216886
0.0048679197	0.08214733
0.00501	0.08212383
0.005156579	0.082098134
0.0053074467	0.08207015
0.005462728	0.08203971
0.0056225527	0.08200664
0.0057870536	0.08197077
0.005956367	0.08193191
0.0061306343	0.08188987
0.00631	0.081844434
0.006493865	0.08179562
0.0066830874	0.08174301
0.0068778237	0.08168641
0.007078234	0.08162558
0.0072844843	0.081560284
0.0074967444	0.08149029
0.00771519	0.08141535
0.00794	0.0813352
0.008172275	0.08124925
0.008411343	0.08115754
0.008657407	0.0810598
0.008910668	0.080955744
0.009171338	0.08084511
0.009439633	0.080727614
0.009715778	0.08060298
0.01	0.08047092
0.010292081	0.08033138
0.010592694	0.08018387
0.010902087	0.08002812
0.011220517	0.07986385
0.011548247	0.07969078
0.011885551	0.07950864
0.012232705	0.07931716
0.01259	0.079116076
0.012957647	0.07890518
0.013336032	0.07868417
0.013725464	0.07845281
0.01412627	0.07821085
0.014538779	0.07795808
0.014963334	0.07769427
0.015400288	0.0774192
0.01585	0.077132694
0.016312422	0.076834835
0.016788337	0.0765252
0.017278135	0.076203614
0.017782224	0.075869955
0.01830102	0.075524084
0.01883495	0.07516588
0.019384459	0.07479526
0.01995	0.07441214
0.020533005	0.07401578
0.021133045	0.07360677
0.021750621	0.073185064
0.022386245	0.07275066
0.023040446	0.07230356
0.023713762	0.071843795
0.024406755	0.07137141
0.02512	0.070886455
0.025853088	0.0703897
0.02660757	0.06988061
0.027384069	0.069359295
0.02818323	0.0688259
0.029005712	0.068280585
0.029852198	0.06772352
0.030723387	0.0671549
0.03162	0.06657494
0.032543603	0.06598334
0.033494186	0.06538086
0.034472536	0.06476775
0.03547946	0.06414429
0.0365158	0.06351078
0.03758241	0.06286752
0.03868017	0.062214833
0.03981	0.06155304
0.040972695	0.060882565
0.042169347	0.060203686
0.04340095	0.059516758
0.044668525	0.05882215
0.04597312	0.05812024
0.047315817	0.05741141
0.04869773	0.05669604
0.05012	0.055974517
0.0515838	0.055247243
0.053090356	0.054514606
0.05464091	0.053776998
0.05623675	0.05303481
0.0578792	0.052288428
0.059569612	0.05153825
0.0613094	0.050784655
0.0631	0.050028022
0.06494172	0.04926921
0.066837184	0.04850811
0.06878798	0.047745083
0.070795715	0.046980485
0.072862044	0.046214666
0.074988686	0.045447968
0.077177405	0.04468072
0.07943	0.043913245
0.08174976	0.043145403
0.08413727	0.042377964
0.08659451	0.041611224
0.08912351	0.040845484
0.09172637	0.040081024
0.09440525	0.039318122
0.097162366	0.038557053
0.1	0.037798077
0.102919795	0.03704164
0.10592484	0.036287814
0.109017625	0.035536844
0.112200715	0.034788974
0.11547674	0.03404445
0.11884842	0.033303507
0.12231855	0.032566387
0.12589	0.031833325
0.12956645	0.03110441
0.13335027	0.030380027
0.13724458	0.02966041
0.14125264	0.028945794
0.14537773	0.02823642
0.14962329	0.027532527
0.15399285	0.026834358
0.15849	0.026142156
0.16311829	0.0254562
0.16788174	0.024776706
0.17278428	0.02410393
0.17783	0.023438124
0.18302307	0.022779543
0.18836778	0.022128444
0.19386858	0.021485087
0.19953	0.020849727
0.20535603	0.020222701
0.21135218	0.019604186
0.21752341	0.018994436
0.22387484	0.018393705
0.23041171	0.017802237
0.23713945	0.017220277
0.24406363	0.01664806
0.25119	0.016085817
0.25852492	0.015533728
0.26607406	0.014992044
0.27384362	0.014460965
0.28184006	0.013940679
0.29007	0.01343136
0.29854023	0.0129331695
0.30725783	0.012446253
0.31623	0.011970739
0.32546407	0.011506745
0.33496782	0.011054361
0.34474903	0.010613665
0.3548159	0.010184715
0.3651767	0.009767548
0.37584007	0.009362184
0.3868148	0.0089686215
0.39811	0.00858684
0.40973493	0.0082168
0.42169935	0.00785844
0.4340131	0.00751168
0.44668642	0.0071764216
0.4597298	0.006852547
0.47315407	0.0065399227
0.4869703	0.006238397
0.50119	0.0059478036
0.5158249	0.0056679593
0.5308872	0.0053986683
0.5463893	0.0051397216
0.5623441	0.004890899
0.57876474	0.0046519698
0.59566486	0.004422693
0.61305845	0.0042028213
0.63096	0.0039921
0.6493842	0.0037902682
0.6683464	0.0035970623
0.6878623	0.0034122146
0.7079481	0.003235456
0.72862035	0.0030665174
0.7498962	0.0029051292
0.7717934	0.002751024
0.79433	0.0026039365
0.8175246	0.002463605
0.8413966	0.0023297716
0.86596555	0.0022021832
0.8912519	0.0020805926
0.9172767	0.0019647582
0.9440614	0.0018544447
0.97162825	0.0017494243
1.0	0.0016494757
1.029201	0.0015543828
1.0592546	0.0014639425
1.090186	0.0013779558
1.1220205	0.0012962316
1.1547846	0.0012185868
1.1885055	0.0011448453
1.223211	0.0010748382
1.25893	0.0010084042
1.2956905	9.453912E-4
1.3335243	8.8564836E-4
1.3724631	8.2903425E-4
1.4125386	7.754134E-4
1.4537846	7.2465616E-4
1.4962348	6.7663845E-4
1.5399245	6.3124124E-4
1.58489	5.8835064E-4
1.6311698	5.47856E-4
1.678801	5.0965353E-4
1.727823	4.7364214E-4
1.7782766	4.3972462E-4
1.8302034	4.078073E-4
1.8836465	3.777998E-4
1.9386501	3.4961491E-4
1.99526	3.2316844E-4
2.0535233	2.9837876E-4
2.113488	2.7516726E-4
2.1752036	2.5345775E-4
2.2387214	2.3317641E-4
2.304094	2.1425179E-4
2.3713756	1.9661467E-4
2.4406219	1.801981E-4
2.51189	1.6493726E-4
2.5852382	1.5076964E-4
2.6607285	1.3763446E-4
2.7384229	1.2547316E-4
2.818386	1.1422934E-4
2.900684	1.0384857E-4
2.9853854	9.427849E-5
3.0725598	8.546878E-5
3.16228	7.737113E-5
3.2546198	6.9939255E-5
3.3496559	6.3128864E-5
3.447467	5.689766E-5
3.5481343	5.120532E-5
3.6517413	4.6013476E-5
3.7583735	4.128569E-5
3.8681195	3.698743E-5
3.98107	3.3086013E-5
4.097319	2.9550592E-5
4.2169633	2.635213E-5
4.340101	2.3463315E-5
4.466834	2.0858526E-5
4.5972676	1.8513781E-5
4.7315106	1.6406684E-5
4.869673	1.4516358E-5
5.01187	1.282339E-5
5.1582193	1.1309769E-5
5.3088417	9.958819E-6
5.463863	8.755133E-6
5.62341	7.684513E-6
5.7876167	6.733896E-6
5.9566183	5.8912997E-6
6.1305547	5.145749E-6
6.30957	4.4872186E-6
6.493813	3.906567E-6
6.683436	3.395482E-6
6.878596	2.9464181E-6
7.079455	2.552542E-6
7.286179	2.2076788E-6
7.4989395	1.9062611E-6
7.7179127	1.6432797E-6
7.94328	1.4142379E-6
8.175228	1.2151074E-6
8.41395	1.0422874E-6
8.659641	8.925665E-7
8.912508	7.6308606E-7
9.172758	6.5130763E-7
9.440608	5.549812E-7
9.716279	4.7211736E-7
10.0	4.0096018E-7



DATASET #3

Name: 1000yr
Num Points: 2
Info: 

X, Y Data:
0.001	0.001
10.0	0.001



DATASET #4

Name: 2500yr
Num Points: 2
Info: 

X, Y Data:
0.001	4.0E-4
10.0	4.0E-4



DATASET #5

Name: 10000yr
Num Points: 2
Info: 

X, Y Data:
0.001	1.0E-4
10.0	1.0E-4


