
X-Axis: 1.0s SA (g)
Y-Axis: Annual Probabilitiy
Number of Data Sets: 6


DATASET #1

Name: UCERF3 Full
Num Points: 51
Info: 

X, Y Data:
1.0E-4	0.83416855
1.3E-4	0.833224
1.6E-4	0.83182895
2.0E-4	0.82930636
2.5E-4	0.82522315
3.2E-4	0.81812775
4.0E-4	0.80859137
5.0E-4	0.79527783
6.3E-4	0.77666795
7.9E-4	0.7529372
0.001	0.72181296
0.00126	0.684664
0.00158	0.6420609
0.002	0.5917952
0.00251	0.5387919
0.00316	0.48201266
0.00398	0.4238682
0.00501	0.36648762
0.00631	0.3113479
0.00794	0.26022336
0.01	0.2137239
0.01259	0.17269184
0.01585	0.13724859
0.01995	0.107307136
0.02512	0.08249249
0.03162	0.06243563
0.03981	0.046544548
0.05012	0.034234747
0.0631	0.024881586
0.07943	0.01789491
0.1	0.012738307
0.12589	0.008974941
0.15849	0.006248814
0.19953	0.0042867986
0.25119	0.0028832778
0.31623	0.0018878998
0.39811	0.0011931304
0.50119	7.210375E-4
0.63096	4.128622E-4
0.79433	2.2213557E-4
1.0	1.1150691E-4
1.25893	5.1915216E-5
1.58489	2.2313152E-5
1.99526	8.819386E-6
2.51189	3.1963243E-6
3.16228	1.0598396E-6
3.98107	3.2102298E-7
5.01187	8.8754256E-8
6.30957	2.2398062E-8
7.94328	5.164176E-9
10.0	1.0898863E-9



DATASET #2

Name: UCERF3
Num Points: 401
Info: 

X, Y Data:
1.0E-4	0.051564872
1.0333392E-4	0.051564872
1.06779E-4	0.051564872
1.1033893E-4	0.051564872
1.14017545E-4	0.051564872
1.178188E-4	0.051564872
1.2174679E-4	0.051564872
1.2580573E-4	0.051564872
1.3E-4	0.051564872
1.334183E-4	0.051564872
1.369265E-4	0.051564872
1.4052694E-4	0.051564872
1.4422205E-4	0.051564872
1.4801433E-4	0.051564872
1.5190631E-4	0.051564872
1.5590065E-4	0.051564872
1.6E-4	0.051564872
1.645257E-4	0.051564872
1.691794E-4	0.051564872
1.7396474E-4	0.051564872
1.7888544E-4	0.051564872
1.8394532E-4	0.051564872
1.8914833E-4	0.051564872
1.944985E-4	0.051564872
2.0E-4	0.051564872
2.0565712E-4	0.051564872
2.1147425E-4	0.051564872
2.1745593E-4	0.051564872
2.236068E-4	0.05156487
2.2993165E-4	0.05156487
2.364354E-4	0.05156487
2.4312311E-4	0.05156487
2.5E-4	0.05156487
2.5783465E-4	0.051564865
2.659148E-4	0.051564865
2.742482E-4	0.05156486
2.8284272E-4	0.05156486
2.917066E-4	0.051564857
3.0084825E-4	0.051564854
3.102764E-4	0.05156485
3.2E-4	0.051564842
3.290514E-4	0.05156484
3.383588E-4	0.05156483
3.4792948E-4	0.051564824
3.5777088E-4	0.051564816
3.6789064E-4	0.051564805
3.7829665E-4	0.051564794
3.88997E-4	0.05156478
4.0E-4	0.05156476
4.1131425E-4	0.051564742
4.229485E-4	0.051564716
4.3491187E-4	0.05156469
4.472136E-4	0.051564656
4.598633E-4	0.05156462
4.728708E-4	0.051564578
4.8624622E-4	0.051564526
5.0E-4	0.05156447
5.1465514E-4	0.0515644
5.2973983E-4	0.051564317
5.4526667E-4	0.05156422
5.612486E-4	0.051564112
5.77699E-4	0.051563982
5.946315E-4	0.051563833
6.120603E-4	0.051563665
6.3E-4	0.051563468
6.4807665E-4	0.051563244
6.6667196E-4	0.051562987
6.858008E-4	0.051562697
7.0547854E-4	0.05156236
7.257209E-4	0.05156198
7.465441E-4	0.05156154
7.6796475E-4	0.051561046
7.9E-4	0.05156048
8.136239E-4	0.05155981
8.379543E-4	0.051559042
8.630122E-4	0.051558167
8.8881946E-4	0.051557172
9.153984E-4	0.051556043
9.427722E-4	0.05155476
9.7096455E-4	0.05155331
0.001	0.051551666
0.0010293103	0.05154985
0.0010594797	0.051547803
0.0010905333	0.051545504
0.0011224973	0.051542923
0.001155398	0.05154003
0.001189263	0.05153679
0.0012241206	0.051533174
0.00126	0.05152913
0.0012961533	0.05152473
0.0013333439	0.051519834
0.0013716016	0.051514406
0.0014109571	0.051508393
0.0014514418	0.05150174
0.0014930882	0.051494386
0.0015359295	0.051486272
0.00158	0.05147733
0.0016272478	0.051467057
0.0016759086	0.051455718
0.0017260244	0.051443223
0.0017776389	0.05142947
0.0018307968	0.051414356
0.0018855444	0.051397767
0.0019419291	0.051379584
0.002	0.051359683
0.0020575977	0.05133876
0.002116854	0.05131599
0.002177817	0.051291246
0.0022405356	0.05126439
0.0023050604	0.051235277
0.0023714434	0.051203758
0.0024397383	0.05116967
0.00251	0.05113286
0.0025833033	0.051092584
0.0026587474	0.051049147
0.0027363948	0.051002365
0.0028163097	0.050952036
0.0028985585	0.050897967
0.0029832094	0.05083995
0.0030703326	0.05077777
0.00316	0.050711215
0.0032524571	0.050639927
0.0033476194	0.050563805
0.003445566	0.05048261
0.0035463783	0.050396115
0.0036501405	0.050304085
0.0037569385	0.05020629
0.003866861	0.05010248
0.00398	0.04999243
0.004096165	0.049876183
0.0042157196	0.049753256
0.0043387646	0.04962341
0.0044654002	0.04948642
0.0045957323	0.049342062
0.0047298684	0.04919011
0.0048679197	0.049030356
0.00501	0.048862584
0.005156579	0.04868617
0.0053074467	0.048501305
0.005462728	0.048307806
0.0056225527	0.048105493
0.0057870536	0.04789421
0.005956367	0.047673795
0.0061306343	0.047444116
0.00631	0.047205046
0.006493865	0.04695748
0.0066830874	0.046700396
0.0068778237	0.04643371
0.007078234	0.046157356
0.0072844843	0.04587129
0.0074967444	0.045575485
0.00771519	0.04526993
0.00794	0.04495463
0.008172275	0.044628333
0.008411343	0.04429229
0.008657407	0.043946568
0.008910668	0.043591253
0.009171338	0.04322645
0.009439633	0.04285229
0.009715778	0.04246891
0.01	0.04207648
0.010292081	0.041675802
0.010592694	0.04126649
0.010902087	0.04084876
0.011220517	0.040422853
0.011548247	0.03998902
0.011885551	0.039547537
0.012232705	0.039098687
0.01259	0.038642783
0.012957647	0.038180232
0.013336032	0.037711274
0.013725464	0.037236247
0.01412627	0.036755506
0.014538779	0.03626941
0.014963334	0.035778336
0.015400288	0.035282664
0.01585	0.03478277
0.016312422	0.034279514
0.016788337	0.03377283
0.017278135	0.03326312
0.017782224	0.032750785
0.01830102	0.032236222
0.01883495	0.031719826
0.019384459	0.031201998
0.01995	0.030683123
0.020533005	0.030162746
0.021133045	0.029642096
0.021750621	0.029121552
0.022386245	0.028601483
0.023040446	0.028082252
0.023713762	0.02756421
0.024406755	0.027047703
0.02512	0.026533062
0.025853088	0.026021294
0.02660757	0.025512017
0.027384069	0.025005521
0.02818323	0.024502093
0.029005712	0.024002003
0.029852198	0.023505505
0.030723387	0.023012843
0.03162	0.022524247
0.032543603	0.02203951
0.033494186	0.021559265
0.034472536	0.021083705
0.03547946	0.020613005
0.0365158	0.02014733
0.03758241	0.019686831
0.03868017	0.019231647
0.03981	0.018781906
0.040972695	0.018337775
0.042169347	0.017899308
0.04340095	0.017466597
0.044668525	0.01703973
0.04597312	0.016618779
0.047315817	0.016203811
0.04869773	0.015794884
0.05012	0.015392048
0.0515838	0.01499535
0.053090356	0.014604819
0.05464091	0.014220486
0.05623675	0.013842375
0.0578792	0.013470503
0.059569612	0.013104882
0.0613094	0.01274552
0.0631	0.012392421
0.06494172	0.012045801
0.066837184	0.011705429
0.06878798	0.0113713
0.070795715	0.0110434
0.072862044	0.010721715
0.074988686	0.010406228
0.077177405	0.01009692
0.07943	0.009793765
0.08174976	0.009496563
0.08413727	0.009205469
0.08659451	0.0089204535
0.08912351	0.008641481
0.09172637	0.008368518
0.09440525	0.008101526
0.097162366	0.007840464
0.1	0.007585288
0.102919795	0.0073360135
0.10592484	0.0070925294
0.109017625	0.0068547856
0.112200715	0.0066227294
0.11547674	0.006396305
0.11884842	0.0061754547
0.12231855	0.0059601185
0.12589	0.0057502342
0.12956645	0.0055456976
0.13335027	0.0053464836
0.13724458	0.0051525226
0.14125264	0.0049637435
0.14537773	0.0047800737
0.14962329	0.0046014385
0.15399285	0.004427761
0.15849	0.0042589637
0.16311829	0.004094974
0.16788174	0.0039357045
0.17278428	0.0037810733
0.17783	0.003630998
0.18302307	0.003485396
0.18836778	0.0033441836
0.19386858	0.0032072766
0.19953	0.0030745906
0.20535603	0.0029460574
0.21135218	0.0028215759
0.21752341	0.0027010625
0.22387484	0.0025844339
0.23041171	0.002471607
0.23713945	0.0023624992
0.24406363	0.0022570293
0.25119	0.0021551165
0.25852492	0.002056674
0.26607406	0.0019616303
0.27384362	0.0018699071
0.28184006	0.0017814274
0.29007	0.0016961155
0.29854023	0.0016138963
0.30725783	0.0015346964
0.31623	0.0014584432
0.32546407	0.0013850656
0.33496782	0.0013144925
0.34474903	0.0012466545
0.3548159	0.0011814832
0.3651767	0.001118911
0.37584007	0.0010588713
0.3868148	0.0010012982
0.39811	9.461271E-4
0.40973493	8.9329394E-4
0.42169935	8.42735E-4
0.4340131	7.9438754E-4
0.44668642	7.4818946E-4
0.4597298	7.040793E-4
0.47315407	6.6199614E-4
0.4869703	6.2187976E-4
0.50119	5.836704E-4
0.5158249	5.473087E-4
0.5308872	5.127361E-4
0.5463893	4.7989434E-4
0.5623441	4.4872583E-4
0.57876474	4.1917348E-4
0.59566486	3.911807E-4
0.61305845	3.646916E-4
0.63096	3.396508E-4
0.6493842	3.1600363E-4
0.6683464	2.9369604E-4
0.6878623	2.726747E-4
0.7079481	2.5288702E-4
0.72862035	2.3428134E-4
0.7498962	2.1680674E-4
0.7717934	2.0041324E-4
0.79433	1.850518E-4
0.8175246	1.7067441E-4
0.8413966	1.5723407E-4
0.86596555	1.4468486E-4
0.8912519	1.3298202E-4
0.9172767	1.2208197E-4
0.9440614	1.11942325E-4
0.97162825	1.0252194E-4
1.0	9.378096E-5
1.029201	8.568063E-5
1.0592546	7.818395E-5
1.090186	7.1255025E-5
1.1220205	6.485933E-5
1.1547846	5.896368E-5
1.1885055	5.3536285E-5
1.223211	4.8546706E-5
1.25893	4.3965865E-5
1.2956905	3.976621E-5
1.3335243	3.5921166E-5
1.3724631	3.240567E-5
1.4125386	2.9195964E-5
1.4537846	2.6269561E-5
1.4962348	2.3605216E-5
1.5399245	2.1182901E-5
1.58489	1.8983765E-5
1.6311698	1.6990049E-5
1.678801	1.5185214E-5
1.727823	1.3553725E-5
1.7782766	1.2081069E-5
1.8302034	1.0753716E-5
1.8836465	9.559078E-6
1.9386501	8.485457E-6
1.99526	7.5220155E-6
2.0535233	6.6587136E-6
2.113488	5.8862934E-6
2.1752036	5.1962134E-6
2.2387214	4.5806128E-6
2.304094	4.032273E-6
2.3713756	3.5445753E-6
2.4406219	3.1114635E-6
2.51189	2.727406E-6
2.5852382	2.387364E-6
2.6607285	2.0867435E-6
2.7384229	1.8213759E-6
2.818386	1.5874821E-6
2.900684	1.381642E-6
2.9853854	1.2007663E-6
3.0725598	1.0420692E-6
3.16228	9.030435E-7
3.2546198	7.8143705E-7
3.3496559	6.7522956E-7
3.447467	5.8261304E-7
3.5481343	5.0197207E-7
3.6517413	4.318658E-7
3.7583735	3.7101145E-7
3.8681195	3.1826923E-7
3.98107	2.7262791E-7
4.097319	2.3319203E-7
4.2169633	1.9917042E-7
4.340101	1.6986488E-7
4.466834	1.4466046E-7
4.5972676	1.2301659E-7
4.7315106	1.0445883E-7
4.869673	8.8571596E-8
5.01187	7.499147E-8
5.1582193	6.340125E-8
5.3088417	5.3524545E-8
5.463863	4.5120874E-8
5.62341	3.7981533E-8
5.7876167	3.1925545E-8
5.9566183	2.6796393E-8
6.1305547	2.245886E-8
6.30957	1.8796342E-8
6.493813	1.5708467E-8
6.683436	1.3109031E-8
6.878596	1.0924102E-8
7.079455	9.090337E-9
7.286179	7.553629E-9
7.4989395	6.2677783E-9
7.7179127	5.1934683E-9
7.94328	4.297222E-9
8.175228	3.5506424E-9
8.41395	2.9296383E-9
8.659641	2.4138602E-9
8.912508	1.98613E-9
9.172758	1.6319098E-9
9.440608	1.3390299E-9
9.716279	1.0972099E-9
10.0	8.978309E-10



DATASET #3

Name: RSQSim
Num Points: 401
Info: 

X, Y Data:
1.0E-4	0.08908111
1.0333392E-4	0.08908111
1.06779E-4	0.08908111
1.1033893E-4	0.08908111
1.14017545E-4	0.08908111
1.178188E-4	0.08908111
1.2174679E-4	0.08908111
1.2580573E-4	0.08908111
1.3E-4	0.08908111
1.334183E-4	0.08908111
1.369265E-4	0.08908111
1.4052694E-4	0.08908111
1.4422205E-4	0.08908111
1.4801433E-4	0.08908111
1.5190631E-4	0.08908111
1.5590065E-4	0.08908111
1.6E-4	0.08908111
1.645257E-4	0.08908111
1.691794E-4	0.08908111
1.7396474E-4	0.08908111
1.7888544E-4	0.08908111
1.8394532E-4	0.08908111
1.8914833E-4	0.08908111
1.944985E-4	0.08908111
2.0E-4	0.08908111
2.0565712E-4	0.08908111
2.1147425E-4	0.08908111
2.1745593E-4	0.08908111
2.236068E-4	0.08908111
2.2993165E-4	0.0890811
2.364354E-4	0.0890811
2.4312311E-4	0.0890811
2.5E-4	0.0890811
2.5783465E-4	0.0890811
2.659148E-4	0.08908109
2.742482E-4	0.08908109
2.8284272E-4	0.089081086
2.917066E-4	0.089081086
3.0084825E-4	0.08908108
3.102764E-4	0.08908107
3.2E-4	0.089081064
3.290514E-4	0.08908106
3.383588E-4	0.08908105
3.4792948E-4	0.089081034
3.5777088E-4	0.08908102
3.6789064E-4	0.089081004
3.7829665E-4	0.08908098
3.88997E-4	0.08908096
4.0E-4	0.08908094
4.1131425E-4	0.0890809
4.229485E-4	0.08908086
4.3491187E-4	0.089080825
4.472136E-4	0.08908077
4.598633E-4	0.08908071
4.728708E-4	0.08908065
4.8624622E-4	0.08908057
5.0E-4	0.089080475
5.1465514E-4	0.08908037
5.2973983E-4	0.08908024
5.4526667E-4	0.089080095
5.612486E-4	0.089079924
5.77699E-4	0.08907972
5.946315E-4	0.08907949
6.120603E-4	0.08907922
6.3E-4	0.08907892
6.4807665E-4	0.089078575
6.6667196E-4	0.08907817
6.858008E-4	0.08907772
7.0547854E-4	0.089077204
7.257209E-4	0.08907661
7.465441E-4	0.08907593
7.6796475E-4	0.089075156
7.9E-4	0.08907428
8.136239E-4	0.08907323
8.379543E-4	0.08907204
8.630122E-4	0.08907068
8.8881946E-4	0.089069135
9.153984E-4	0.08906738
9.427722E-4	0.08906538
9.7096455E-4	0.08906312
0.001	0.08906057
0.0010293103	0.089057736
0.0010594797	0.089054555
0.0010905333	0.08905098
0.0011224973	0.089046955
0.001155398	0.08904245
0.001189263	0.0890374
0.0012241206	0.08903176
0.00126	0.08902546
0.0012961533	0.08901858
0.0013333439	0.08901095
0.0013716016	0.08900247
0.0014109571	0.08899307
0.0014514418	0.088982664
0.0014930882	0.08897116
0.0015359295	0.08895846
0.00158	0.08894444
0.0016272478	0.088928334
0.0016759086	0.08891054
0.0017260244	0.08889092
0.0017776389	0.088869296
0.0018307968	0.08884552
0.0018855444	0.08881939
0.0019419291	0.08879073
0.002	0.08875933
0.0020575977	0.088726275
0.002116854	0.088690266
0.002177817	0.0886511
0.0022405356	0.088608526
0.0023050604	0.08856233
0.0023714434	0.08851225
0.0024397383	0.088458024
0.00251	0.08839939
0.0025833033	0.08833514
0.0026587474	0.08826576
0.0027363948	0.08819092
0.0028163097	0.08811029
0.0028985585	0.08802353
0.0029832094	0.087930284
0.0030703326	0.08783019
0.00316	0.08772288
0.0032524571	0.08760774
0.0033476194	0.08748456
0.003445566	0.087352954
0.0035463783	0.087212496
0.0036501405	0.08706276
0.0037569385	0.08690334
0.003866861	0.08673379
0.00398	0.08655367
0.004096165	0.08636303
0.0042157196	0.08616102
0.0043387646	0.08594717
0.0044654002	0.085721076
0.0045957323	0.085482284
0.0047298684	0.08523037
0.0048679197	0.08496491
0.00501	0.084685475
0.005156579	0.08439095
0.0053074467	0.08408157
0.005462728	0.083756946
0.0056225527	0.083416685
0.0057870536	0.083060436
0.005956367	0.08268784
0.0061306343	0.08229856
0.00631	0.0818923
0.006493865	0.081470475
0.0066830874	0.08103123
0.0068778237	0.08057434
0.007078234	0.08009957
0.0072844843	0.079606734
0.0074967444	0.07909567
0.00771519	0.07856624
0.00794	0.07801833
0.008172275	0.07744965
0.008411343	0.07686224
0.008657407	0.07625609
0.008910668	0.07563122
0.009171338	0.074987724
0.009439633	0.074325666
0.009715778	0.0736452
0.01	0.07294649
0.010292081	0.07223085
0.010592694	0.071497485
0.010902087	0.07074666
0.011220517	0.0699787
0.011548247	0.069193944
0.011885551	0.0683928
0.012232705	0.06757568
0.01259	0.06674304
0.012957647	0.06589556
0.013336032	0.065033585
0.013725464	0.064157665
0.01412627	0.063268386
0.014538779	0.06236635
0.014963334	0.061452214
0.015400288	0.060526628
0.01585	0.059590284
0.016312422	0.058644745
0.016788337	0.05768991
0.017278135	0.056726515
0.017782224	0.05575533
0.01830102	0.054777127
0.01883495	0.0537927
0.019384459	0.052802846
0.01995	0.051808376
0.020533005	0.050808463
0.021133045	0.04980556
0.021750621	0.04880048
0.022386245	0.04779405
0.023040446	0.046787098
0.023713762	0.04578043
0.024406755	0.044774868
0.02512	0.043771204
0.025853088	0.04277158
0.02660757	0.041775428
0.027384069	0.040783506
0.02818323	0.039796565
0.029005712	0.038815342
0.029852198	0.037840553
0.030723387	0.03687289
0.03162	0.035913035
0.032543603	0.03496081
0.033494186	0.034017693
0.034472536	0.033084296
0.03547946	0.032161206
0.0365158	0.031248983
0.03758241	0.030348163
0.03868017	0.029459253
0.03981	0.028582733
0.040972695	0.027719157
0.042169347	0.026868848
0.04340095	0.026032204
0.044668525	0.025209595
0.04597312	0.02440136
0.047315817	0.023607815
0.04869773	0.022829244
0.05012	0.022065902
0.0515838	0.021318022
0.053090356	0.020585805
0.05464091	0.01986942
0.05623675	0.019169016
0.0578792	0.018484714
0.059569612	0.017816603
0.0613094	0.01716476
0.0631	0.01652922
0.06494172	0.015910393
0.066837184	0.015307863
0.06878798	0.014721607
0.070795715	0.01415157
0.072862044	0.013597681
0.074988686	0.013059847
0.077177405	0.012537953
0.07943	0.012031867
0.08174976	0.011541144
0.08413727	0.011065925
0.08659451	0.010606021
0.08912351	0.010161229
0.09172637	0.009731333
0.09440525	0.009316097
0.097162366	0.008915276
0.1	0.008528613
0.102919795	0.008155924
0.10592484	0.0077968347
0.109017625	0.007451056
0.112200715	0.0071182894
0.11547674	0.0067982296
0.11884842	0.006490564
0.12231855	0.0061949757
0.12589	0.0059111426
0.12956645	0.0056386865
0.13335027	0.0053773355
0.13724458	0.0051267585
0.14125264	0.004886624
0.14537773	0.0046566008
0.14962329	0.0044363583
0.15399285	0.004225567
0.15849	0.0040239003
0.16311829	0.003831042
0.16788174	0.0036466634
0.17278428	0.0034704492
0.17783	0.0033020882
0.18302307	0.0031412758
0.18836778	0.0029877129
0.19386858	0.0028411066
0.19953	0.002701172
0.20535603	0.0025676466
0.21135218	0.0024402423
0.21752341	0.0023186968
0.22387484	0.0022027558
0.23041171	0.002092173
0.23713945	0.001986711
0.24406363	0.001886141
0.25119	0.0017902423
0.25852492	0.0016987973
0.26607406	0.0016116092
0.27384362	0.0015284833
0.28184006	0.0014492333
0.29007	0.001373681
0.29854023	0.0013016566
0.30725783	0.001232998
0.31623	0.0011675509
0.32546407	0.001105169
0.33496782	0.001045712
0.34474903	9.890477E-4
0.3548159	9.3504984E-4
0.3651767	8.83599E-4
0.37584007	8.3458185E-4
0.3868148	7.8789075E-4
0.39811	7.4342365E-4
0.40973493	7.010841E-4
0.42169935	6.607797E-4
0.4340131	6.2242337E-4
0.44668642	5.859321E-4
0.4597298	5.512271E-4
0.47315407	5.182333E-4
0.4869703	4.8687926E-4
0.50119	4.570968E-4
0.5158249	4.288208E-4
0.5308872	4.0198906E-4
0.5463893	3.76542E-4
0.5623441	3.524225E-4
0.57876474	3.295757E-4
0.59566486	3.0794888E-4
0.61305845	2.8749122E-4
0.63096	2.6815382E-4
0.6493842	2.4988948E-4
0.6683464	2.3265248E-4
0.6878623	2.163987E-4
0.7079481	2.0108536E-4
0.72862035	1.8667108E-4
0.7498962	1.7311571E-4
0.7717934	1.6038034E-4
0.79433	1.4842718E-4
0.8175246	1.3721963E-4
0.8413966	1.2672211E-4
0.86596555	1.1690015E-4
0.8912519	1.0772033E-4
0.9172767	9.915023E-5
0.9440614	9.115847E-5
0.97162825	8.371467E-5
1.0	7.6789445E-5
1.029201	7.035423E-5
1.0592546	6.438181E-5
1.090186	5.884576E-5
1.1220205	5.3720625E-5
1.1547846	4.898193E-5
1.1885055	4.4606175E-5
1.223211	4.057081E-5
1.25893	3.685425E-5
1.2956905	3.3435987E-5
1.3335243	3.0296154E-5
1.3724631	2.7415977E-5
1.4125386	2.4777586E-5
1.4537846	2.2364004E-5
1.4962348	2.0159134E-5
1.5399245	1.8147737E-5
1.58489	1.6315413E-5
1.6311698	1.4648532E-5
1.678801	1.3134357E-5
1.727823	1.1760864E-5
1.7782766	1.0516774E-5
1.8302034	9.3915205E-6
1.8836465	8.375231E-6
1.9386501	7.458691E-6
1.99526	6.63332E-6
2.0535233	5.8911364E-6
2.113488	5.2247456E-6
2.1752036	4.627293E-6
2.2387214	4.0924424E-6
2.304094	3.6143483E-6
2.3713756	3.1876257E-6
2.4406219	2.8073257E-6
2.51189	2.468907E-6
2.5852382	2.1682151E-6
2.6607285	1.9014433E-6
2.7384229	1.665123E-6
2.818386	1.4560956E-6
2.900684	1.2714896E-6
2.9853854	1.1086996E-6
3.0725598	9.653663E-7
3.16228	8.393566E-7
3.2546198	7.28746E-7
3.3496559	6.318009E-7
3.447467	5.46963E-7
3.5481343	4.72834E-7
3.6517413	4.0816133E-7
3.7583735	3.5182526E-7
3.8681195	3.028264E-7
3.98107	2.602746E-7
4.097319	2.2337808E-7
4.2169633	1.9143458E-7
4.340101	1.638216E-7
4.466834	1.399887E-7
4.5972676	1.1944995E-7
4.7315106	1.017772E-7
4.869673	8.659381E-8
5.01187	7.356911E-8
5.1582193	6.241329E-8
5.3088417	5.2872796E-8
5.463863	4.4726164E-8
5.62341	3.7780378E-8
5.7876167	3.1867437E-8
5.9566183	2.6841407E-8
6.1305547	2.2575726E-8
6.30957	1.8960833E-8
6.493813	1.59021E-8
6.683436	1.3317844E-8
6.878596	1.1137758E-8
7.079455	9.301376E-9
7.286179	7.756839E-9
7.4989395	6.459691E-9
7.7179127	5.3719225E-9
7.94328	4.4611053E-9
8.175228	3.699557E-9
8.41395	3.0637841E-9
8.659641	2.5337719E-9
8.912508	2.0925728E-9
9.172758	1.7258353E-9
9.440608	1.4214201E-9
9.716279	1.1691066E-9
10.0	9.602863E-10



DATASET #4

Name: 1000yr
Num Points: 2
Info: 

X, Y Data:
0.001	0.001
10.0	0.001



DATASET #5

Name: 2500yr
Num Points: 2
Info: 

X, Y Data:
0.001	4.0E-4
10.0	4.0E-4



DATASET #6

Name: 10000yr
Num Points: 2
Info: 

X, Y Data:
0.001	1.0E-4
10.0	1.0E-4


