
X-Axis: 1.0s SA (g)
Y-Axis: Annual Probabilitiy
Number of Data Sets: 6


DATASET #1

Name: UCERF3 Full
Num Points: 51
Info: 

X, Y Data:
1.0E-4	0.82826376
1.3E-4	0.82771385
1.6E-4	0.8268869
2.0E-4	0.8253643
2.5E-4	0.82285094
3.2E-4	0.818388
4.0E-4	0.81225485
5.0E-4	0.8034958
6.3E-4	0.790934
7.9E-4	0.77443045
0.001	0.7519888
0.00126	0.72400594
0.00158	0.69025505
0.002	0.648065
0.00251	0.6007175
0.00316	0.54670376
0.00398	0.48791483
0.00501	0.42662275
0.00631	0.36495382
0.00794	0.30573422
0.01	0.25059262
0.01259	0.2013302
0.01585	0.15866472
0.01995	0.12279601
0.02512	0.093362406
0.03162	0.069877066
0.03981	0.051534742
0.05012	0.037533235
0.0631	0.027038397
0.07943	0.019278523
0.1	0.01357414
0.12589	0.009396604
0.15849	0.0063471636
0.19953	0.004146289
0.25119	0.0025950675
0.31623	0.001542501
0.39811	8.6434634E-4
0.50119	4.5393407E-4
0.63096	2.2247087E-4
0.79433	1.0146313E-4
1.0	4.3001346E-5
1.25893	1.693361E-5
1.58489	6.2038844E-6
1.99526	2.1194915E-6
2.51189	6.77472E-7
3.16228	2.0335409E-7
3.98107	5.751142E-8
5.01187	1.5357514E-8
6.30957	3.873943E-9
7.94328	9.2138464E-10
10.0	2.0607205E-10



DATASET #2

Name: UCERF3
Num Points: 401
Info: 

X, Y Data:
1.0E-4	0.05213829
1.0333392E-4	0.05213829
1.06779E-4	0.05213829
1.1033893E-4	0.05213829
1.14017545E-4	0.05213829
1.178188E-4	0.05213829
1.2174679E-4	0.05213829
1.2580573E-4	0.05213829
1.3E-4	0.05213829
1.334183E-4	0.05213829
1.369265E-4	0.05213829
1.4052694E-4	0.05213829
1.4422205E-4	0.05213829
1.4801433E-4	0.05213829
1.5190631E-4	0.05213829
1.5590065E-4	0.05213829
1.6E-4	0.05213829
1.645257E-4	0.05213829
1.691794E-4	0.05213829
1.7396474E-4	0.05213829
1.7888544E-4	0.05213829
1.8394532E-4	0.05213829
1.8914833E-4	0.05213829
1.944985E-4	0.05213829
2.0E-4	0.05213829
2.0565712E-4	0.05213829
2.1147425E-4	0.05213829
2.1745593E-4	0.05213829
2.236068E-4	0.05213829
2.2993165E-4	0.05213829
2.364354E-4	0.05213829
2.4312311E-4	0.05213829
2.5E-4	0.05213829
2.5783465E-4	0.05213829
2.659148E-4	0.05213829
2.742482E-4	0.05213829
2.8284272E-4	0.05213829
2.917066E-4	0.052138288
3.0084825E-4	0.052138288
3.102764E-4	0.052138288
3.2E-4	0.052138288
3.290514E-4	0.052138284
3.383588E-4	0.052138284
3.4792948E-4	0.05213828
3.5777088E-4	0.05213828
3.6789064E-4	0.052138276
3.7829665E-4	0.052138276
3.88997E-4	0.052138273
4.0E-4	0.05213827
4.1131425E-4	0.052138265
4.229485E-4	0.052138258
4.3491187E-4	0.052138254
4.472136E-4	0.052138247
4.598633E-4	0.052138235
4.728708E-4	0.052138228
4.8624622E-4	0.052138217
5.0E-4	0.052138202
5.1465514E-4	0.052138187
5.2973983E-4	0.05213817
5.4526667E-4	0.052138146
5.612486E-4	0.05213812
5.77699E-4	0.05213809
5.946315E-4	0.052138053
6.120603E-4	0.052138012
6.3E-4	0.052137967
6.4807665E-4	0.05213791
6.6667196E-4	0.05213785
6.858008E-4	0.052137777
7.0547854E-4	0.052137695
7.257209E-4	0.052137602
7.465441E-4	0.052137494
7.6796475E-4	0.052137367
7.9E-4	0.052137226
8.136239E-4	0.052137055
8.379543E-4	0.052136857
8.630122E-4	0.05213663
8.8881946E-4	0.052136373
9.153984E-4	0.052136075
9.427722E-4	0.052135736
9.7096455E-4	0.05213535
0.001	0.05213491
0.0010293103	0.052134413
0.0010594797	0.052133854
0.0010905333	0.05213322
0.0011224973	0.052132506
0.001155398	0.052131698
0.001189263	0.05213078
0.0012241206	0.052129753
0.00126	0.05212859
0.0012961533	0.052127317
0.0013333439	0.052125886
0.0013716016	0.052124288
0.0014109571	0.0521225
0.0014514418	0.052120507
0.0014930882	0.05211828
0.0015359295	0.0521158
0.00158	0.052113045
0.0016272478	0.052109852
0.0016759086	0.05210629
0.0017260244	0.052102327
0.0017776389	0.05209792
0.0018307968	0.05209303
0.0018855444	0.05208761
0.0019419291	0.052081607
0.002	0.05207497
0.0020575977	0.052067917
0.002116854	0.05206017
0.002177817	0.05205166
0.0022405356	0.05204233
0.0023050604	0.052032117
0.0023714434	0.052020937
0.0024397383	0.052008722
0.00251	0.051995393
0.0025833033	0.05198065
0.0026587474	0.051964574
0.0027363948	0.05194707
0.0028163097	0.051928032
0.0028985585	0.051907346
0.0029832094	0.0518849
0.0030703326	0.051860575
0.00316	0.051834237
0.0032524571	0.0518057
0.0033476194	0.051774874
0.003445566	0.051741607
0.0035463783	0.05170575
0.0036501405	0.051667146
0.0037569385	0.051625628
0.003866861	0.05158103
0.00398	0.05153317
0.004096165	0.051482
0.0042157196	0.051427223
0.0043387646	0.051368646
0.0044654002	0.051306073
0.0045957323	0.051239308
0.0047298684	0.051168144
0.0048679197	0.051092368
0.00501	0.05101177
0.005156579	0.05092593
0.0053074467	0.0508348
0.005462728	0.050738167
0.0056225527	0.050635796
0.0057870536	0.05052747
0.005956367	0.050412945
0.0061306343	0.050292008
0.00631	0.050164416
0.006493865	0.0500305
0.0066830874	0.04988953
0.0068778237	0.049741294
0.007078234	0.04958556
0.0072844843	0.049422115
0.0074967444	0.049250748
0.00771519	0.049071245
0.00794	0.048883405
0.008172275	0.04868625
0.008411343	0.048480306
0.008657407	0.048265386
0.008910668	0.048041314
0.009171338	0.047807924
0.009439633	0.04756506
0.009715778	0.047312584
0.01	0.047050364
0.010292081	0.0467787
0.010592694	0.0464971
0.010902087	0.046205472
0.011220517	0.045903742
0.011548247	0.045591854
0.011885551	0.04526976
0.012232705	0.044937443
0.01259	0.04459489
0.012957647	0.0442422
0.013336032	0.043879323
0.013725464	0.043506313
0.01412627	0.043123238
0.014538779	0.04273019
0.014963334	0.042327277
0.015400288	0.041914634
0.01585	0.041492414
0.016312422	0.041061178
0.016788337	0.04062074
0.017278135	0.04017132
0.017782224	0.03971315
0.01830102	0.03924648
0.01883495	0.03877159
0.019384459	0.038288753
0.01995	0.037798297
0.020533005	0.03729972
0.021133045	0.036794163
0.021750621	0.036281988
0.022386245	0.03576357
0.023040446	0.035239298
0.023713762	0.034709577
0.024406755	0.03417482
0.02512	0.03363545
0.025853088	0.03309263
0.02660757	0.03254608
0.027384069	0.03199625
0.02818323	0.031443585
0.029005712	0.030888539
0.029852198	0.030331567
0.030723387	0.029773125
0.03162	0.029213667
0.032543603	0.02865315
0.033494186	0.028092518
0.034472536	0.027532212
0.03547946	0.026972674
0.0365158	0.026414327
0.03758241	0.025857596
0.03868017	0.025302889
0.03981	0.024750603
0.040972695	0.024201188
0.042169347	0.02365495
0.04340095	0.023112252
0.044668525	0.022573436
0.04597312	0.022038825
0.047315817	0.021508737
0.04869773	0.020983461
0.05012	0.02046328
0.0515838	0.019948458
0.053090356	0.019439237
0.05464091	0.018935842
0.05623675	0.018438486
0.0578792	0.017947363
0.059569612	0.017462648
0.0613094	0.016984507
0.0631	0.016513083
0.06494172	0.016048798
0.066837184	0.0155914705
0.06878798	0.0151412
0.070795715	0.014698078
0.072862044	0.01426218
0.074988686	0.01383357
0.077177405	0.013412302
0.07943	0.012998422
0.08174976	0.012591717
0.08413727	0.012192466
0.08659451	0.011800687
0.08912351	0.011416389
0.09172637	0.011039575
0.09440525	0.010670241
0.097162366	0.010308381
0.1	0.009953982
0.102919795	0.009607109
0.10592484	0.009267656
0.109017625	0.008935598
0.112200715	0.008610909
0.11547674	0.008293559
0.11884842	0.007983516
0.12231855	0.007680749
0.12589	0.0073852204
0.12956645	0.007096839
0.13335027	0.0068156244
0.13724458	0.006541536
0.14125264	0.0062745325
0.14537773	0.0060145706
0.14962329	0.005761605
0.15399285	0.0055155894
0.15849	0.005276475
0.16311829	0.0050442205
0.16788174	0.0048187627
0.17278428	0.0046000467
0.17783	0.0043880134
0.18302307	0.0041826027
0.18836778	0.0039837505
0.19386858	0.0037913902
0.19953	0.0036054512
0.20535603	0.0034258813
0.21135218	0.0032525798
0.21752341	0.0030854659
0.22387484	0.0029244544
0.23041171	0.0027694567
0.23713945	0.00262038
0.24406363	0.0024771274
0.25119	0.0023395985
0.25852492	0.0022076801
0.26607406	0.0020812736
0.27384362	0.0019602666
0.28184006	0.001844544
0.29007	0.0017339865
0.29854023	0.0016284725
0.30725783	0.0015278766
0.31623	0.0014320712
0.32546407	0.0013409267
0.33496782	0.0012543102
0.34474903	0.0011720873
0.3548159	0.001094122
0.3651767	0.0010202774
0.37584007	9.504153E-4
0.3868148	8.843973E-4
0.39811	8.2208426E-4
0.40973493	7.633378E-4
0.42169935	7.0801907E-4
0.4340131	6.559902E-4
0.44668642	6.0711463E-4
0.4597298	5.6125695E-4
0.47315407	5.1828346E-4
0.4869703	4.7806225E-4
0.50119	4.4046383E-4
0.5158249	4.053609E-4
0.5308872	3.7262897E-4
0.5463893	3.4214644E-4
0.5623441	3.1379468E-4
0.57876474	2.8745833E-4
0.59566486	2.630255E-4
0.61305845	2.4038766E-4
0.63096	2.1944006E-4
0.6493842	2.0008166E-4
0.6683464	1.8221508E-4
0.6878623	1.6574688E-4
0.7079481	1.5058745E-4
0.72862035	1.366511E-4
0.7498962	1.2385599E-4
0.7717934	1.1212416E-4
0.79433	1.0138144E-4
0.8175246	9.155748E-5
0.8413966	8.258559E-5
0.86596555	7.4402764E-5
0.8912519	6.6949506E-5
0.9172767	6.016981E-5
0.9440614	5.4011012E-5
0.97162825	4.842371E-5
1.0	4.3361626E-5
1.029201	3.8781393E-5
1.0592546	3.4642784E-5
1.090186	3.09082E-5
1.1220205	2.754269E-5
1.1547846	2.4513822E-5
1.1885055	2.179155E-5
1.223211	1.934809E-5
1.25893	1.7157803E-5
1.2956905	1.5197134E-5
1.3335243	1.3444261E-5
1.3724631	1.1879231E-5
1.4125386	1.0483759E-5
1.4537846	9.241112E-6
1.4962348	8.136006E-6
1.5399245	7.154504E-6
1.58489	6.2839204E-6
1.6311698	5.5127043E-6
1.678801	4.830421E-6
1.727823	4.2275956E-6
1.7782766	3.6956606E-6
1.8302034	3.2268817E-6
1.8836465	2.8142879E-6
1.9386501	2.451607E-6
1.99526	2.1332044E-6
2.0535233	1.8540245E-6
2.113488	1.6095441E-6
2.1752036	1.3957174E-6
2.2387214	1.2089324E-6
2.304094	1.0459706E-6
2.3713756	9.0396713E-7
2.4406219	7.8037715E-7
2.51189	6.7294303E-7
2.5852382	5.7966673E-7
2.6607285	4.9877696E-7
2.7384229	4.2871176E-7
2.818386	3.680955E-7
2.900684	3.1571278E-7
2.9853854	2.7049856E-7
3.0725598	2.315179E-7
3.16228	1.9794855E-7
3.2546198	1.690714E-7
3.3496559	1.4425886E-7
3.447467	1.229615E-7
3.5481343	1.0470136E-7
3.6517413	8.906497E-8
3.7583735	7.568812E-8
3.8681195	6.4256845E-8
3.98107	5.449852E-8
4.097319	4.617701E-8
4.2169633	3.9088086E-8
4.340101	3.30556E-8
4.466834	2.7927443E-8
4.5972676	2.3572294E-8
4.7315106	1.9877522E-8
4.869673	1.6745979E-8
5.01187	1.4094391E-8
5.1582193	1.1851779E-8
5.3088417	9.956744E-9
5.463863	8.356975E-9
5.62341	7.0077437E-9
5.7876167	5.87076E-9
5.9566183	4.913808E-9
6.1305547	4.1091117E-9
6.30957	3.4330334E-9
6.493813	2.8655855E-9
6.683436	2.3897249E-9
6.878596	1.9910882E-9
7.079455	1.6574194E-9
7.286179	1.3784117E-9
7.4989395	1.1453238E-9
7.7179127	9.507275E-10
7.94328	7.885166E-10
8.175228	6.53412E-10
8.41395	5.409284E-10
8.659641	4.4735715E-10
8.912508	3.695917E-10
9.172758	3.0506297E-10
9.440608	2.5156777E-10
9.716279	2.0726398E-10
10.0	1.7060975E-10



DATASET #3

Name: RSQSim
Num Points: 401
Info: 

X, Y Data:
1.0E-4	0.09327061
1.0333392E-4	0.09327061
1.06779E-4	0.09327061
1.1033893E-4	0.09327061
1.14017545E-4	0.09327061
1.178188E-4	0.09327061
1.2174679E-4	0.09327061
1.2580573E-4	0.09327061
1.3E-4	0.09327061
1.334183E-4	0.09327061
1.369265E-4	0.09327061
1.4052694E-4	0.09327061
1.4422205E-4	0.09327061
1.4801433E-4	0.09327061
1.5190631E-4	0.09327061
1.5590065E-4	0.09327061
1.6E-4	0.09327061
1.645257E-4	0.09327061
1.691794E-4	0.09327061
1.7396474E-4	0.09327061
1.7888544E-4	0.09327061
1.8394532E-4	0.09327061
1.8914833E-4	0.09327061
1.944985E-4	0.0932706
2.0E-4	0.0932706
2.0565712E-4	0.0932706
2.1147425E-4	0.0932706
2.1745593E-4	0.0932706
2.236068E-4	0.0932706
2.2993165E-4	0.0932706
2.364354E-4	0.0932706
2.4312311E-4	0.0932706
2.5E-4	0.0932706
2.5783465E-4	0.0932706
2.659148E-4	0.0932706
2.742482E-4	0.09327059
2.8284272E-4	0.09327059
2.917066E-4	0.09327059
3.0084825E-4	0.093270585
3.102764E-4	0.093270585
3.2E-4	0.09327058
3.290514E-4	0.09327057
3.383588E-4	0.09327056
3.4792948E-4	0.09327056
3.5777088E-4	0.09327055
3.6789064E-4	0.09327054
3.7829665E-4	0.093270525
3.88997E-4	0.09327052
4.0E-4	0.093270496
4.1131425E-4	0.09327048
4.229485E-4	0.09327046
4.3491187E-4	0.09327043
4.472136E-4	0.0932704
4.598633E-4	0.09327037
4.728708E-4	0.093270324
4.8624622E-4	0.09327028
5.0E-4	0.09327022
5.1465514E-4	0.09327015
5.2973983E-4	0.09327008
5.4526667E-4	0.09326999
5.612486E-4	0.09326988
5.77699E-4	0.09326976
5.946315E-4	0.09326962
6.120603E-4	0.09326945
6.3E-4	0.09326926
6.4807665E-4	0.09326905
6.6667196E-4	0.093268804
6.858008E-4	0.09326852
7.0547854E-4	0.0932682
7.257209E-4	0.09326783
7.465441E-4	0.0932674
7.6796475E-4	0.09326693
7.9E-4	0.093266375
8.136239E-4	0.09326572
8.379543E-4	0.093264975
8.630122E-4	0.093264125
8.8881946E-4	0.09326316
9.153984E-4	0.093262054
9.427722E-4	0.093260795
9.7096455E-4	0.09325937
0.001	0.09325776
0.0010293103	0.093255974
0.0010594797	0.093253955
0.0010905333	0.09325169
0.0011224973	0.093249135
0.001155398	0.09324627
0.001189263	0.09324306
0.0012241206	0.09323947
0.00126	0.09323545
0.0012961533	0.09323106
0.0013333439	0.093226165
0.0013716016	0.09322073
0.0014109571	0.093214706
0.0014514418	0.09320802
0.0014930882	0.09320062
0.0015359295	0.09319243
0.00158	0.09318339
0.0016272478	0.093172975
0.0016759086	0.09316146
0.0017260244	0.09314874
0.0017776389	0.093134694
0.0018307968	0.093119234
0.0018855444	0.09310221
0.0019419291	0.09308351
0.002	0.09306298
0.0020575977	0.093041345
0.002116854	0.09301773
0.002177817	0.092992
0.0022405356	0.092963986
0.0023050604	0.09293353
0.0023714434	0.09290046
0.0024397383	0.09286459
0.00251	0.092825726
0.0025833033	0.092783056
0.0026587474	0.092736885
0.0027363948	0.09268699
0.0028163097	0.09263312
0.0028985585	0.092575036
0.0029832094	0.09251247
0.0030703326	0.09244517
0.00316	0.09237284
0.0032524571	0.092295066
0.0033476194	0.092211656
0.003445566	0.09212232
0.0035463783	0.09202673
0.0036501405	0.09192458
0.0037569385	0.09181552
0.003866861	0.09169921
0.00398	0.09157532
0.004096165	0.0914438
0.0042157196	0.09130402
0.0043387646	0.0911556
0.0044654002	0.090998195
0.0045957323	0.09083141
0.0047298684	0.09065487
0.0048679197	0.090468206
0.00501	0.090271026
0.005156579	0.09006243
0.0053074467	0.089842506
0.005462728	0.08961085
0.0056225527	0.089367084
0.0057870536	0.08911082
0.005956367	0.08884168
0.0061306343	0.08855927
0.00631	0.088263236
0.006493865	0.08795447
0.0066830874	0.087631464
0.0068778237	0.08729387
0.007078234	0.08694135
0.0072844843	0.08657356
0.0074967444	0.086190216
0.00771519	0.08579099
0.00794	0.08537559
0.008172275	0.08494205
0.008411343	0.08449166
0.008657407	0.084024206
0.008910668	0.083539434
0.009171338	0.08303715
0.009439633	0.08251718
0.009715778	0.08197933
0.01	0.08142348
0.010292081	0.0808504
0.010592694	0.08025915
0.010902087	0.07964969
0.011220517	0.07902195
0.011548247	0.07837594
0.011885551	0.07771167
0.012232705	0.07702919
0.01259	0.07632858
0.012957647	0.07561011
0.013336032	0.07487377
0.013725464	0.074119724
0.01412627	0.07334819
0.014538779	0.0725594
0.014963334	0.07175364
0.015400288	0.07093122
0.01585	0.07009248
0.016312422	0.06923856
0.016788337	0.068369135
0.017278135	0.06748465
0.017782224	0.066585585
0.01830102	0.06567245
0.01883495	0.064745784
0.019384459	0.06380617
0.01995	0.06285421
0.020533005	0.061888963
0.021133045	0.060912635
0.021750621	0.059925932
0.022386245	0.058929574
0.023040446	0.057924304
0.023713762	0.0569109
0.024406755	0.055890147
0.02512	0.05486286
0.025853088	0.05383126
0.02660757	0.052794814
0.027384069	0.051754374
0.02818323	0.0507108
0.029005712	0.049664967
0.029852198	0.048617754
0.030723387	0.04757004
0.03162	0.046522703
0.032543603	0.04547571
0.033494186	0.044430852
0.034472536	0.043389007
0.03547946	0.04235103
0.0365158	0.041317772
0.03758241	0.040290065
0.03868017	0.03926873
0.03981	0.03825456
0.040972695	0.037248444
0.042169347	0.036251027
0.04340095	0.035263028
0.044668525	0.034285147
0.04597312	0.03331806
0.047315817	0.032362405
0.04869773	0.03141879
0.05012	0.030487789
0.0515838	0.029569952
0.053090356	0.02866578
0.05464091	0.027775744
0.05623675	0.02690028
0.0578792	0.026039788
0.059569612	0.025194632
0.0613094	0.024365138
0.0631	0.023551596
0.06494172	0.022754762
0.066837184	0.021974336
0.06878798	0.021210505
0.070795715	0.020463418
0.072862044	0.019733198
0.074988686	0.01901993
0.077177405	0.018323673
0.07943	0.017644452
0.08174976	0.016981876
0.08413727	0.016336331
0.08659451	0.015707763
0.08912351	0.015096096
0.09172637	0.014501233
0.09440525	0.01392305
0.097162366	0.013361408
0.1	0.01281615
0.102919795	0.012287223
0.10592484	0.011774304
0.109017625	0.011277189
0.112200715	0.010795657
0.11547674	0.010329478
0.11884842	0.009878415
0.12231855	0.009442215
0.12589	0.009020622
0.12956645	0.008613291
0.13335027	0.0082200365
0.13724458	0.007840578
0.14125264	0.0074746376
0.14537773	0.0071219276
0.14962329	0.0067821606
0.15399285	0.0064550457
0.15849	0.0061402908
0.16311829	0.0058376146
0.16788174	0.0055467095
0.17278428	0.0052672806
0.17783	0.004999034
0.18302307	0.004741676
0.18836778	0.0044949134
0.19386858	0.004258455
0.19953	0.0040320107
0.20535603	0.003815318
0.21135218	0.0036080629
0.21752341	0.0034099617
0.22387484	0.0032207335
0.23041171	0.0030400995
0.23713945	0.0028677844
0.24406363	0.0027035158
0.25119	0.002547025
0.25852492	0.0023980364
0.26607406	0.0022562991
0.27384362	0.002121555
0.28184006	0.0019935495
0.29007	0.001872033
0.29854023	0.0017567597
0.30725783	0.0016474886
0.31623	0.0015439828
0.32546407	0.0014460112
0.33496782	0.001353346
0.34474903	0.0012657652
0.3548159	0.0011830516
0.3651767	0.0011049937
0.37584007	0.0010313849
0.3868148	9.620244E-4
0.39811	8.967164E-4
0.40973493	8.352713E-4
0.42169935	7.775044E-4
0.4340131	7.2323676E-4
0.44668642	6.7229534E-4
0.4597298	6.245128E-4
0.47315407	5.797274E-4
0.4869703	5.3778314E-4
0.50119	4.985297E-4
0.5158249	4.618224E-4
0.5308872	4.2752214E-4
0.5463893	3.9549547E-4
0.5623441	3.6561428E-4
0.57876474	3.3775595E-4
0.59566486	3.118031E-4
0.61305845	2.8764366E-4
0.63096	2.6517056E-4
0.6493842	2.442819E-4
0.6683464	2.248804E-4
0.6878623	2.0687371E-4
0.7079481	1.9017403E-4
0.72862035	1.7469807E-4
0.7498962	1.6036686E-4
0.7717934	1.4710563E-4
0.79433	1.3484366E-4
0.8175246	1.2351414E-4
0.8413966	1.1305396E-4
0.86596555	1.0340366E-4
0.8912519	9.4507224E-5
0.9172767	8.631192E-5
0.9440614	7.876819E-5
0.97162825	7.1829505E-5
1.0	6.545217E-5
1.029201	5.9595135E-5
1.0592546	5.4220207E-5
1.090186	4.9291528E-5
1.1220205	4.4775556E-5
1.1547846	4.0640978E-5
1.1885055	3.6858568E-5
1.223211	3.3401084E-5
1.25893	3.0243147E-5
1.2956905	2.736125E-5
1.3335243	2.4733297E-5
1.3724631	2.2338889E-5
1.4125386	2.0159083E-5
1.4537846	1.8176315E-5
1.4962348	1.6374303E-5
1.5399245	1.4737976E-5
1.58489	1.3253387E-5
1.6311698	1.1907611E-5
1.678801	1.0688786E-5
1.727823	9.585925E-6
1.7782766	8.5889E-6
1.8302034	7.688379E-6
1.8836465	6.875776E-6
1.9386501	6.1431942E-6
1.99526	5.4833795E-6
2.0535233	4.889669E-6
2.113488	4.3559617E-6
2.1752036	3.876663E-6
2.2387214	3.4466518E-6
2.304094	3.0612464E-6
2.3713756	2.7161682E-6
2.4406219	2.4075132E-6
2.51189	2.1317219E-6
2.5852382	1.8855548E-6
2.6607285	1.6660578E-6
2.7384229	1.4705493E-6
2.818386	1.2965941E-6
2.900684	1.1419835E-6
2.9853854	1.0047164E-6
3.0725598	8.829814E-7
3.16228	7.751408E-7
3.2546198	6.7971587E-7
3.3496559	5.953723E-7
3.447467	5.20908E-7
3.5481343	4.552411E-7
3.6517413	3.973991E-7
3.7583735	3.4650884E-7
3.8681195	3.0178722E-7
3.98107	2.6253284E-7
4.097319	2.2811798E-7
4.2169633	1.979822E-7
4.340101	1.7162516E-7
4.466834	1.4860086E-7
4.5972676	1.2851233E-7
4.7315106	1.1100666E-7
4.869673	9.5770474E-8
5.01187	8.2525936E-8
5.1582193	7.1026975E-8
5.3088417	6.1055964E-8
5.463863	5.2420702E-8
5.62341	4.4951637E-8
5.7876167	3.8499447E-8
5.9566183	3.2932732E-8
6.1305547	2.8136112E-8
6.30957	2.4008308E-8
6.493813	2.0460615E-8
6.683436	1.7415422E-8
6.878596	1.4804941E-8
7.079455	1.2569983E-8
7.286179	1.06590266E-8
7.4989395	9.0272305E-9
7.7179127	7.635618E-9
7.94328	6.4503833E-9
8.175228	5.4422467E-9
8.41395	4.585869E-9
8.659641	3.8593555E-9
8.912508	3.2438285E-9
9.172758	2.7230196E-9
9.440608	2.2829263E-9
9.716279	1.9115136E-9
10.0	1.5985038E-9



DATASET #4

Name: 1000yr
Num Points: 2
Info: 

X, Y Data:
0.001	0.001
10.0	0.001



DATASET #5

Name: 2500yr
Num Points: 2
Info: 

X, Y Data:
0.001	4.0E-4
10.0	4.0E-4



DATASET #6

Name: 10000yr
Num Points: 2
Info: 

X, Y Data:
0.001	1.0E-4
10.0	1.0E-4


