
X-Axis: 1.0s SA (g)
Y-Axis: Annual Probabilitiy
Number of Data Sets: 6


DATASET #1

Name: UCERF3 Full
Num Points: 51
Info: 

X, Y Data:
1.0E-4	0.86957276
1.3E-4	0.8688098
1.6E-4	0.8676897
2.0E-4	0.8656719
2.5E-4	0.8624107
3.2E-4	0.85673666
4.0E-4	0.84907615
5.0E-4	0.8382979
6.3E-4	0.82305413
7.9E-4	0.8033058
0.001	0.776877
0.00126	0.74456036
0.00158	0.70649296
0.002	0.6602434
0.00251	0.6099609
0.00316	0.55441445
0.00398	0.49574146
0.00501	0.43603513
0.00631	0.37691227
0.00794	0.3204924
0.01	0.26777118
0.01259	0.2200765
0.01585	0.17792389
0.01995	0.14153115
0.02512	0.11070816
0.03162	0.08523788
0.03981	0.06461472
0.05012	0.04832855
0.0631	0.03577429
0.07943	0.02631544
0.1	0.019300286
0.12589	0.014145795
0.15849	0.010350233
0.19953	0.007528399
0.25119	0.005405213
0.31623	0.0037970447
0.39811	0.0025856055
0.50119	0.0016912031
0.63096	0.001053464
0.79433	6.200294E-4
1.0	3.4235185E-4
1.25893	1.7620614E-4
1.58489	8.406857E-5
1.99526	3.699678E-5
2.51189	1.4955256E-5
3.16228	5.533436E-6
3.98107	1.8685639E-6
5.01187	5.7461034E-7
6.30957	1.606845E-7
7.94328	4.0839595E-8
10.0	9.438959E-9



DATASET #2

Name: UCERF3
Num Points: 401
Info: 

X, Y Data:
1.0E-4	0.06098863
1.0333392E-4	0.06098863
1.06779E-4	0.06098863
1.1033893E-4	0.06098863
1.14017545E-4	0.06098863
1.178188E-4	0.06098863
1.2174679E-4	0.06098863
1.2580573E-4	0.06098863
1.3E-4	0.06098863
1.334183E-4	0.06098863
1.369265E-4	0.06098863
1.4052694E-4	0.06098863
1.4422205E-4	0.06098863
1.4801433E-4	0.06098863
1.5190631E-4	0.06098863
1.5590065E-4	0.06098863
1.6E-4	0.06098863
1.645257E-4	0.06098863
1.691794E-4	0.06098863
1.7396474E-4	0.06098863
1.7888544E-4	0.06098863
1.8394532E-4	0.06098863
1.8914833E-4	0.06098863
1.944985E-4	0.06098863
2.0E-4	0.06098863
2.0565712E-4	0.060988627
2.1147425E-4	0.060988627
2.1745593E-4	0.060988627
2.236068E-4	0.060988627
2.2993165E-4	0.060988624
2.364354E-4	0.060988624
2.4312311E-4	0.060988624
2.5E-4	0.06098862
2.5783465E-4	0.06098862
2.659148E-4	0.060988616
2.742482E-4	0.060988612
2.8284272E-4	0.06098861
2.917066E-4	0.0609886
3.0084825E-4	0.060988594
3.102764E-4	0.060988586
3.2E-4	0.06098858
3.290514E-4	0.060988568
3.383588E-4	0.060988557
3.4792948E-4	0.06098854
3.5777088E-4	0.060988527
3.6789064E-4	0.060988504
3.7829665E-4	0.060988482
3.88997E-4	0.060988456
4.0E-4	0.060988422
4.1131425E-4	0.060988385
4.229485E-4	0.060988344
4.3491187E-4	0.060988292
4.472136E-4	0.060988232
4.598633E-4	0.060988165
4.728708E-4	0.060988083
4.8624622E-4	0.06098799
5.0E-4	0.060987882
5.1465514E-4	0.060987752
5.2973983E-4	0.060987603
5.4526667E-4	0.060987428
5.612486E-4	0.060987227
5.77699E-4	0.06098699
5.946315E-4	0.06098672
6.120603E-4	0.060986403
6.3E-4	0.060986042
6.4807665E-4	0.060985636
6.6667196E-4	0.06098517
6.858008E-4	0.060984638
7.0547854E-4	0.060984027
7.257209E-4	0.060983334
7.465441E-4	0.06098254
7.6796475E-4	0.06098164
7.9E-4	0.060980614
8.136239E-4	0.0609794
8.379543E-4	0.060978014
8.630122E-4	0.060976442
8.8881946E-4	0.060974654
9.153984E-4	0.060972624
9.427722E-4	0.06097033
9.7096455E-4	0.060967732
0.001	0.060964804
0.0010293103	0.060961567
0.0010594797	0.060957935
0.0010905333	0.060953863
0.0011224973	0.060949303
0.001155398	0.060944203
0.001189263	0.060938507
0.0012241206	0.06093216
0.00126	0.060925093
0.0012961533	0.060917404
0.0013333439	0.06090889
0.0013716016	0.06089947
0.0014109571	0.060889065
0.0014514418	0.060877584
0.0014930882	0.060864933
0.0015359295	0.060851015
0.00158	0.060835723
0.0016272478	0.06081821
0.0016759086	0.060798947
0.0017260244	0.060777787
0.0017776389	0.060754582
0.0018307968	0.060729172
0.0018855444	0.06070138
0.0019419291	0.060671035
0.002	0.060637943
0.0020575977	0.06060328
0.002116854	0.060565703
0.002177817	0.060525022
0.0022405356	0.060481038
0.0023050604	0.060433544
0.0023714434	0.060382333
0.0024397383	0.060327176
0.00251	0.06026786
0.0025833033	0.06020322
0.0026587474	0.06013382
0.0027363948	0.06005939
0.0028163097	0.05997968
0.0028985585	0.05989443
0.0029832094	0.059803367
0.0030703326	0.059706226
0.00316	0.05960273
0.0032524571	0.0594924
0.0033476194	0.05937515
0.003445566	0.059250694
0.0035463783	0.059118763
0.0036501405	0.058979083
0.0037569385	0.05883139
0.003866861	0.058675412
0.00398	0.058510892
0.004096165	0.058338005
0.0042157196	0.058156125
0.0043387646	0.05796501
0.0044654002	0.057764433
0.0045957323	0.057554185
0.0047298684	0.057334058
0.0048679197	0.05710386
0.00501	0.056863416
0.005156579	0.056611948
0.0053074467	0.056349874
0.005462728	0.056077052
0.0056225527	0.055793375
0.0057870536	0.055498745
0.005956367	0.05519308
0.0061306343	0.054876324
0.00631	0.054548442
0.006493865	0.05421079
0.0066830874	0.053862084
0.0068778237	0.05350235
0.007078234	0.053131636
0.0072844843	0.052750006
0.0074967444	0.05235755
0.00771519	0.051954385
0.00794	0.05154064
0.008172275	0.051114798
0.008411343	0.050678626
0.008657407	0.05023233
0.008910668	0.049776122
0.009171338	0.04931025
0.009439633	0.048834972
0.009715778	0.04835057
0.01	0.047857337
0.010292081	0.047356375
0.010592694	0.046847258
0.010902087	0.04633034
0.011220517	0.045805983
0.011548247	0.045274563
0.011885551	0.04473647
0.012232705	0.04419211
0.01259	0.0436419
0.012957647	0.043086376
0.013336032	0.04252586
0.013725464	0.041960787
0.01412627	0.041391604
0.014538779	0.040818766
0.014963334	0.040242724
0.015400288	0.039663937
0.01585	0.03908287
0.016312422	0.038500506
0.016788337	0.037916783
0.017278135	0.03733216
0.017782224	0.036747087
0.01830102	0.03616202
0.01883495	0.0355774
0.019384459	0.034993675
0.01995	0.03441127
0.020533005	0.03382967
0.021133045	0.03325024
0.021750621	0.03267339
0.022386245	0.032099515
0.023040446	0.031529006
0.023713762	0.03096223
0.024406755	0.030399553
0.02512	0.029841317
0.025853088	0.029288597
0.02660757	0.028740954
0.027384069	0.028198687
0.02818323	0.027662082
0.029005712	0.027131407
0.029852198	0.026606908
0.030723387	0.026088824
0.03162	0.025577368
0.032543603	0.025072299
0.033494186	0.02457425
0.034472536	0.024083383
0.03547946	0.023599846
0.0365158	0.023123765
0.03758241	0.022655249
0.03868017	0.022194387
0.03981	0.021741256
0.040972695	0.021295963
0.042169347	0.020858493
0.04340095	0.020428868
0.044668525	0.020007096
0.04597312	0.019593166
0.047315817	0.019187056
0.04869773	0.01878872
0.05012	0.018398108
0.0515838	0.018015154
0.053090356	0.017639773
0.05464091	0.017271873
0.05623675	0.016911348
0.0578792	0.016558086
0.059569612	0.016211959
0.0613094	0.01587283
0.0631	0.015540561
0.06494172	0.015215201
0.066837184	0.014896384
0.06878798	0.014583947
0.070795715	0.014277722
0.072862044	0.013977537
0.074988686	0.013683219
0.077177405	0.0133945905
0.07943	0.013111474
0.08174976	0.0128335245
0.08413727	0.0125607345
0.08659451	0.012292926
0.08912351	0.0120299235
0.09172637	0.011771553
0.09440525	0.011517643
0.097162366	0.011268027
0.1	0.011022542
0.102919795	0.010781086
0.10592484	0.01054345
0.109017625	0.010309486
0.112200715	0.010079053
0.11547674	0.009852018
0.11884842	0.009628256
0.12231855	0.009407645
0.12589	0.009190076
0.12956645	0.008975402
0.13335027	0.00876357
0.13724458	0.008554491
0.14125264	0.008348086
0.14537773	0.008144281
0.14962329	0.007943014
0.15399285	0.0077442257
0.15849	0.007547869
0.16311829	0.0073539102
0.16788174	0.0071623074
0.17278428	0.006973033
0.17783	0.006786067
0.18302307	0.006601396
0.18836778	0.006419013
0.19386858	0.006238915
0.19953	0.006061107
0.20535603	0.0058856187
0.21135218	0.0057124426
0.21752341	0.005541596
0.22387484	0.0053731017
0.23041171	0.005206984
0.23713945	0.005043272
0.24406363	0.0048819967
0.25119	0.004723191
0.25852492	0.0045668795
0.26607406	0.0044131097
0.27384362	0.004261918
0.28184006	0.004113343
0.29007	0.003967422
0.29854023	0.0038241935
0.30725783	0.0036836942
0.31623	0.0035459604
0.32546407	0.0034110283
0.33496782	0.0032789302
0.34474903	0.0031496978
0.3548159	0.0030233606
0.3651767	0.0028999457
0.37584007	0.0027794773
0.3868148	0.0026619772
0.39811	0.0025474636
0.40973493	0.0024359531
0.42169935	0.0023274564
0.4340131	0.0022219818
0.44668642	0.0021195344
0.4597298	0.0020201153
0.47315407	0.0019237217
0.4869703	0.0018303471
0.50119	0.0017399811
0.5158249	0.0016526093
0.5308872	0.0015682139
0.5463893	0.0014867728
0.5623441	0.0014082603
0.57876474	0.0013326472
0.59566486	0.0012599003
0.61305845	0.0011899833
0.63096	0.0011228564
0.6493842	0.0010584764
0.6683464	9.967971E-4
0.6878623	9.3776913E-4
0.7079481	8.813406E-4
0.72862035	8.274568E-4
0.7498962	7.76061E-4
0.7717934	7.2709366E-4
0.79433	6.804938E-4
0.8175246	6.3619827E-4
0.8413966	5.941425E-4
0.86596555	5.5426045E-4
0.8912519	5.164849E-4
0.9172767	4.8074784E-4
0.9440614	4.4698038E-4
0.97162825	4.1511314E-4
1.0	3.8507654E-4
1.029201	3.5680004E-4
1.0592546	3.3021477E-4
1.090186	3.052514E-4
1.1220205	2.8184097E-4
1.1547846	2.5991522E-4
1.1885055	2.3940674E-4
1.223211	2.2024906E-4
1.25893	2.023768E-4
1.2956905	1.8572657E-4
1.3335243	1.7023491E-4
1.3724631	1.5584062E-4
1.4125386	1.424841E-4
1.4537846	1.3010745E-4
1.4962348	1.1865453E-4
1.5399245	1.0807102E-4
1.58489	9.8304525E-5
1.6311698	8.93043E-5
1.678801	8.102214E-5
1.727823	7.3411495E-5
1.7782766	6.6427856E-5
1.8302034	6.002871E-5
1.8836465	5.4173535E-5
1.9386501	4.8823807E-5
1.99526	4.3942968E-5
2.0535233	3.949636E-5
2.113488	3.54513E-5
2.1752036	3.177691E-5
2.2387214	2.8444147E-5
2.304094	2.5425708E-5
2.3713756	2.2696006E-5
2.4406219	2.0231098E-5
2.51189	1.8008623E-5
2.5852382	1.6007769E-5
2.6607285	1.420912E-5
2.7384229	1.2594684E-5
2.818386	1.1147789E-5
2.900684	9.853019E-6
2.9853854	8.696145E-6
3.0725598	7.664062E-6
3.16228	6.744719E-6
3.2546198	5.9270624E-6
3.3496559	5.2009636E-6
3.447467	4.557167E-6
3.5481343	3.987228E-6
3.6517413	3.483457E-6
3.7583735	3.0388649E-6
3.8681195	2.6471116E-6
3.98107	2.3024572E-6
4.097319	1.9997124E-6
4.2169633	1.7341993E-6
4.340101	1.5017055E-6
4.466834	1.298445E-6
4.5972676	1.1210221E-6
4.7315106	9.663971E-7
4.869673	8.318537E-7
5.01187	7.149689E-7
5.1582193	6.1358617E-7
5.3088417	5.257887E-7
5.463863	4.4987704E-7
5.62341	3.8434618E-7
5.7876167	3.2786664E-7
5.9566183	2.7926544E-7
6.1305547	2.3751052E-7
6.30957	2.0169416E-7
6.493813	1.7102079E-7
6.683436	1.4479373E-7
6.878596	1.2240402E-7
7.079455	1.0332081E-7
7.286179	8.708149E-8
7.4989395	7.3284276E-8
7.7179127	6.1580494E-8
7.94328	5.1668227E-8
8.175228	4.328652E-8
8.41395	3.6210245E-8
8.659641	3.0245552E-8
8.912508	2.5225749E-8
9.172758	2.1007805E-8
9.440608	1.7469223E-8
9.716279	1.4505168E-8
10.0	1.2026266E-8



DATASET #3

Name: RSQSim
Num Points: 401
Info: 

X, Y Data:
1.0E-4	0.054268192
1.0333392E-4	0.054268192
1.06779E-4	0.054268192
1.1033893E-4	0.054268192
1.14017545E-4	0.054268192
1.178188E-4	0.054268192
1.2174679E-4	0.054268192
1.2580573E-4	0.054268192
1.3E-4	0.054268192
1.334183E-4	0.054268192
1.369265E-4	0.054268192
1.4052694E-4	0.054268192
1.4422205E-4	0.054268192
1.4801433E-4	0.054268192
1.5190631E-4	0.054268192
1.5590065E-4	0.054268192
1.6E-4	0.054268192
1.645257E-4	0.054268192
1.691794E-4	0.054268192
1.7396474E-4	0.054268192
1.7888544E-4	0.054268192
1.8394532E-4	0.054268192
1.8914833E-4	0.054268192
1.944985E-4	0.054268192
2.0E-4	0.054268192
2.0565712E-4	0.054268192
2.1147425E-4	0.054268192
2.1745593E-4	0.054268192
2.236068E-4	0.05426819
2.2993165E-4	0.05426819
2.364354E-4	0.05426819
2.4312311E-4	0.05426819
2.5E-4	0.05426819
2.5783465E-4	0.05426819
2.659148E-4	0.054268185
2.742482E-4	0.054268185
2.8284272E-4	0.05426818
2.917066E-4	0.05426818
3.0084825E-4	0.054268178
3.102764E-4	0.054268174
3.2E-4	0.05426817
3.290514E-4	0.054268166
3.383588E-4	0.054268163
3.4792948E-4	0.05426816
3.5777088E-4	0.05426815
3.6789064E-4	0.054268144
3.7829665E-4	0.054268133
3.88997E-4	0.05426812
4.0E-4	0.05426811
4.1131425E-4	0.054268096
4.229485E-4	0.054268077
4.3491187E-4	0.05426806
4.472136E-4	0.054268032
4.598633E-4	0.054268006
4.728708E-4	0.054267973
4.8624622E-4	0.054267935
5.0E-4	0.05426789
5.1465514E-4	0.05426784
5.2973983E-4	0.054267775
5.4526667E-4	0.054267704
5.612486E-4	0.05426762
5.77699E-4	0.054267522
5.946315E-4	0.054267406
6.120603E-4	0.054267272
6.3E-4	0.05426712
6.4807665E-4	0.05426695
6.6667196E-4	0.054266747
6.858008E-4	0.05426652
7.0547854E-4	0.054266255
7.257209E-4	0.054265954
7.465441E-4	0.05426561
7.6796475E-4	0.054265216
7.9E-4	0.05426476
8.136239E-4	0.054264225
8.379543E-4	0.05426361
8.630122E-4	0.054262906
8.8881946E-4	0.0542621
9.153984E-4	0.054261185
9.427722E-4	0.054260142
9.7096455E-4	0.054258954
0.001	0.05425761
0.0010293103	0.05425611
0.0010594797	0.05425442
0.0010905333	0.054252513
0.0011224973	0.054250367
0.001155398	0.05424795
0.001189263	0.054245237
0.0012241206	0.05424219
0.00126	0.054238778
0.0012961533	0.054235045
0.0013333439	0.05423088
0.0013716016	0.054226246
0.0014109571	0.05422109
0.0014514418	0.054215364
0.0014930882	0.054209013
0.0015359295	0.05420198
0.00158	0.054194197
0.0016272478	0.054185223
0.0016759086	0.05417528
0.0017260244	0.05416428
0.0017776389	0.054152124
0.0018307968	0.05413871
0.0018855444	0.05412393
0.0019419291	0.054107666
0.002	0.054089792
0.0020575977	0.054070923
0.002116854	0.054050315
0.002177817	0.05402783
0.0022405356	0.05400333
0.0023050604	0.05397667
0.0023714434	0.05394769
0.0024397383	0.053916235
0.00251	0.05388213
0.0025833033	0.053844664
0.0026587474	0.0538041
0.0027363948	0.053760238
0.0028163097	0.053712867
0.0028985585	0.05366177
0.0029832094	0.05360673
0.0030703326	0.053547505
0.00316	0.053483866
0.0032524571	0.053415436
0.0033476194	0.05334207
0.003445566	0.05326352
0.0035463783	0.05317951
0.0036501405	0.05308978
0.0037569385	0.052994054
0.003866861	0.052892055
0.00398	0.052783508
0.004096165	0.05266841
0.0042157196	0.05254624
0.0043387646	0.052416712
0.0044654002	0.052279543
0.0045957323	0.052134458
0.0047298684	0.05198118
0.0048679197	0.051819444
0.00501	0.05164898
0.005156579	0.051469088
0.0053074467	0.051279906
0.005462728	0.051081195
0.0056225527	0.05087271
0.0057870536	0.050654233
0.005956367	0.050425537
0.0061306343	0.050186433
0.00631	0.04993673
0.006493865	0.04967732
0.0066830874	0.049407072
0.0068778237	0.049125854
0.007078234	0.04883355
0.0072844843	0.04853006
0.0074967444	0.04821531
0.00771519	0.04788925
0.00794	0.047551844
0.008172275	0.047201708
0.008411343	0.046840146
0.008657407	0.0464672
0.008910668	0.046082936
0.009171338	0.04568745
0.009439633	0.04528085
0.009715778	0.044863295
0.01	0.04443495
0.010292081	0.043996695
0.010592694	0.043548107
0.010902087	0.043089435
0.011220517	0.042620953
0.011548247	0.042142965
0.011885551	0.041655794
0.012232705	0.041159794
0.01259	0.040655334
0.012957647	0.040142927
0.013336032	0.03962288
0.013725464	0.039095625
0.01412627	0.03856162
0.014538779	0.038021337
0.014963334	0.037475266
0.015400288	0.036923908
0.01585	0.036367785
0.016312422	0.035807922
0.016788337	0.035244364
0.017278135	0.034677655
0.017782224	0.034108337
0.01830102	0.033536974
0.01883495	0.032964114
0.019384459	0.03239032
0.01995	0.031816144
0.020533005	0.031241205
0.021133045	0.030666988
0.021750621	0.030094037
0.022386245	0.029522888
0.023040446	0.028954064
0.023713762	0.028388081
0.024406755	0.027825436
0.02512	0.027266614
0.025853088	0.026712827
0.02660757	0.02616377
0.027384069	0.02561987
0.02818323	0.025081541
0.029005712	0.02454917
0.029852198	0.024023127
0.030723387	0.023503754
0.03162	0.022991378
0.032543603	0.02248585
0.033494186	0.021987902
0.034472536	0.021497784
0.03547946	0.021015722
0.0365158	0.020541916
0.03758241	0.020076541
0.03868017	0.01961975
0.03981	0.019171666
0.040972695	0.018732445
0.042169347	0.018302111
0.04340095	0.017880723
0.044668525	0.017468309
0.04597312	0.017064886
0.047315817	0.01667044
0.04869773	0.016284943
0.05012	0.015908344
0.0515838	0.015540578
0.053090356	0.015181558
0.05464091	0.014831182
0.05623675	0.014489331
0.0578792	0.014155875
0.059569612	0.013830669
0.0613094	0.013513556
0.0631	0.013204367
0.06494172	0.012903113
0.066837184	0.012609409
0.06878798	0.012323062
0.070795715	0.01204387
0.072862044	0.011771629
0.074988686	0.011506125
0.077177405	0.011247146
0.07943	0.010994474
0.08174976	0.010747745
0.08413727	0.010506893
0.08659451	0.010271696
0.08912351	0.01004194
0.09172637	0.009817406
0.09440525	0.00959788
0.097162366	0.009383151
0.1	0.009173015
0.102919795	0.008967316
0.10592484	0.008765807
0.109017625	0.008568298
0.112200715	0.0083746025
0.11547674	0.008184543
0.11884842	0.007997947
0.12231855	0.007814651
0.12589	0.0076344996
0.12956645	0.0074573094
0.13335027	0.007282975
0.13724458	0.0071113645
0.14125264	0.0069423546
0.14537773	0.0067758295
0.14962329	0.0066116825
0.15399285	0.0064498163
0.15849	0.0062901406
0.16311829	0.0061325813
0.16788174	0.0059770592
0.17278428	0.0058235102
0.17783	0.005671878
0.18302307	0.0055221138
0.18836778	0.005374178
0.19386858	0.0052280365
0.19953	0.005083665
0.20535603	0.0049410597
0.21135218	0.0048001925
0.21752341	0.004661057
0.22387484	0.0045236526
0.23041171	0.004387985
0.23713945	0.0042540645
0.24406363	0.004121907
0.25119	0.0039915317
0.25852492	0.0038629535
0.26607406	0.003736209
0.27384362	0.0036113276
0.28184006	0.0034883425
0.29007	0.0033672887
0.29854023	0.003248203
0.30725783	0.0031311235
0.31623	0.0030160893
0.32546407	0.0029031404
0.33496782	0.002792316
0.34474903	0.0026836551
0.3548159	0.0025771968
0.3651767	0.0024729779
0.37584007	0.002371035
0.3868148	0.0022714022
0.39811	0.0021741115
0.40973493	0.0020791937
0.42169935	0.001986675
0.4340131	0.0018965796
0.44668642	0.0018089287
0.4597298	0.0017237397
0.47315407	0.001641027
0.4869703	0.0015608008
0.50119	0.001483068
0.5158249	0.001407831
0.5308872	0.0013350886
0.5463893	0.0012648356
0.5623441	0.0011970628
0.57876474	0.0011317566
0.59566486	0.0010688996
0.61305845	0.0010084707
0.63096	9.5044455E-4
0.6493842	8.947925E-4
0.6683464	8.414817E-4
0.6878623	7.904763E-4
0.7079481	7.4173673E-4
0.72862035	6.952207E-4
0.7498962	6.508827E-4
0.7717934	6.0867466E-4
0.79433	5.685459E-4
0.8175246	5.304434E-4
0.8413966	4.9431226E-4
0.86596555	4.6009562E-4
0.8912519	4.277351E-4
0.9172767	3.9717098E-4
0.9440614	3.683425E-4
0.97162825	3.41188E-4
1.0	3.1564527E-4
1.029201	2.9165111E-4
1.0592546	2.6914346E-4
1.090186	2.4805963E-4
1.1220205	2.283372E-4
1.1547846	2.099143E-4
1.1885055	1.9272965E-4
1.223211	1.767229E-4
1.25893	1.618346E-4
1.2956905	1.4800708E-4
1.3335243	1.3518277E-4
1.3724631	1.2330616E-4
1.4125386	1.12323236E-4
1.4537846	1.0218163E-4
1.4962348	9.283065E-5
1.5399245	8.4221385E-5
1.58489	7.6306744E-5
1.6311698	6.90413E-5
1.678801	6.238195E-5
1.727823	5.6287277E-5
1.7782766	5.0717776E-5
1.8302034	4.5635858E-5
1.8836465	4.100585E-5
1.9386501	3.6793965E-5
1.99526	3.2968266E-5
2.0535233	2.9498618E-5
2.113488	2.6356722E-5
2.1752036	2.3515977E-5
2.2387214	2.095147E-5
2.304094	1.8639901E-5
2.3713756	1.6559545E-5
2.4406219	1.4690171E-5
2.51189	1.3012989E-5
2.5852382	1.15105995E-5
2.6607285	1.0166862E-5
2.7384229	8.966899E-6
2.818386	7.897004E-6
2.900684	6.9445728E-6
2.9853854	6.098039E-6
3.0725598	5.3468125E-6
3.16228	4.681212E-6
3.2546198	4.0924097E-6
3.3496559	3.572365E-6
3.447467	3.1137756E-6
3.5481343	2.7100195E-6
3.6517413	2.3551038E-6
3.7583735	2.0436157E-6
3.8681195	1.7706755E-6
3.98107	1.5318931E-6
4.097319	1.3233254E-6
4.2169633	1.1414398E-6
4.340101	9.83076E-7
4.466834	8.454118E-7
4.5972676	7.2593247E-7
4.7315106	6.224012E-7
4.869673	5.3283253E-7
5.01187	4.55467E-7
5.1582193	3.8874867E-7
5.3088417	3.3130408E-7
5.463863	2.819231E-7
5.62341	2.3954144E-7
5.7876167	2.03225E-7
5.9566183	1.7215537E-7
6.1305547	1.4561678E-7
6.30957	1.2298452E-7
6.493813	1.0371419E-7
6.683436	8.7332445E-8
6.878596	7.342835E-8
7.079455	6.1645835E-8
7.286179	5.1676924E-8
7.4989395	4.3255763E-8
7.7179127	3.6153228E-8
7.94328	3.017224E-8
8.175228	2.5143583E-8
8.41395	2.0922222E-8
8.659641	1.7384057E-8
8.912508	1.44231205E-8
9.172758	1.1949076E-8
9.440608	9.885057E-9
9.716279	8.16575E-9
10.0	6.735781E-9



DATASET #4

Name: 1000yr
Num Points: 2
Info: 

X, Y Data:
0.001	0.001
10.0	0.001



DATASET #5

Name: 2500yr
Num Points: 2
Info: 

X, Y Data:
0.001	4.0E-4
10.0	4.0E-4



DATASET #6

Name: 10000yr
Num Points: 2
Info: 

X, Y Data:
0.001	1.0E-4
10.0	1.0E-4


