
X-Axis: 1.0s SA (g)
Y-Axis: Annual Probabilitiy
Number of Data Sets: 6


DATASET #1

Name: UCERF3 Full
Num Points: 51
Info: 

X, Y Data:
1.0E-4	0.8283398
1.3E-4	0.8273681
1.6E-4	0.8259351
2.0E-4	0.8233481
2.5E-4	0.81916785
3.2E-4	0.8119186
4.0E-4	0.8021972
5.0E-4	0.788658
6.3E-4	0.76978475
7.9E-4	0.745792
0.001	0.7144309
0.00126	0.67713535
0.00158	0.6345205
0.002	0.5844254
0.00251	0.5317867
0.00316	0.47557583
0.00398	0.4181699
0.00501	0.36163694
0.00631	0.307383
0.00794	0.25709966
0.01	0.21134111
0.01259	0.17091154
0.01585	0.1359326
0.01995	0.10634097
0.02512	0.08179502
0.03162	0.06195083
0.03981	0.046228696
0.05012	0.0340436
0.0631	0.024766285
0.07943	0.017805438
0.1	0.012631534
0.12589	0.00882307
0.15849	0.0060447436
0.19953	0.0040437635
0.25119	0.0026281306
0.31623	0.0016504785
0.39811	9.961992E-4
0.50119	5.748119E-4
0.63096	3.1537891E-4
0.79433	1.6367131E-4
1.0	7.9925994E-5
1.25893	3.654222E-5
1.58489	1.5569734E-5
1.99526	6.1558053E-6
2.51189	2.2502186E-6
3.16228	7.5825517E-7
3.98107	2.3501092E-7
5.01187	6.690252E-8
6.30957	1.7485585E-8
7.94328	4.197667E-9
10.0	9.269734E-10



DATASET #2

Name: UCERF3
Num Points: 401
Info: 

X, Y Data:
1.0E-4	0.05098763
1.0333392E-4	0.05098763
1.06779E-4	0.05098763
1.1033893E-4	0.05098763
1.14017545E-4	0.05098763
1.178188E-4	0.05098763
1.2174679E-4	0.05098763
1.2580573E-4	0.05098763
1.3E-4	0.05098763
1.334183E-4	0.05098763
1.369265E-4	0.05098763
1.4052694E-4	0.05098763
1.4422205E-4	0.05098763
1.4801433E-4	0.05098763
1.5190631E-4	0.05098763
1.5590065E-4	0.05098763
1.6E-4	0.05098763
1.645257E-4	0.05098763
1.691794E-4	0.05098763
1.7396474E-4	0.05098763
1.7888544E-4	0.05098763
1.8394532E-4	0.05098763
1.8914833E-4	0.05098763
1.944985E-4	0.05098763
2.0E-4	0.05098763
2.0565712E-4	0.05098763
2.1147425E-4	0.05098763
2.1745593E-4	0.05098763
2.236068E-4	0.05098763
2.2993165E-4	0.050987627
2.364354E-4	0.050987627
2.4312311E-4	0.050987627
2.5E-4	0.050987627
2.5783465E-4	0.050987627
2.659148E-4	0.050987624
2.742482E-4	0.050987624
2.8284272E-4	0.05098762
2.917066E-4	0.050987616
3.0084825E-4	0.050987616
3.102764E-4	0.050987612
3.2E-4	0.05098761
3.290514E-4	0.0509876
3.383588E-4	0.050987598
3.4792948E-4	0.05098759
3.5777088E-4	0.050987583
3.6789064E-4	0.05098757
3.7829665E-4	0.05098756
3.88997E-4	0.05098755
4.0E-4	0.050987534
4.1131425E-4	0.050987516
4.229485E-4	0.050987497
4.3491187E-4	0.05098747
4.472136E-4	0.050987445
4.598633E-4	0.05098741
4.728708E-4	0.050987374
4.8624622E-4	0.05098733
5.0E-4	0.050987277
5.1465514E-4	0.050987214
5.2973983E-4	0.05098714
5.4526667E-4	0.050987057
5.612486E-4	0.050986957
5.77699E-4	0.05098684
5.946315E-4	0.05098671
6.120603E-4	0.05098656
6.3E-4	0.05098638
6.4807665E-4	0.05098618
6.6667196E-4	0.05098595
6.858008E-4	0.050985686
7.0547854E-4	0.050985385
7.257209E-4	0.05098504
7.465441E-4	0.05098464
7.6796475E-4	0.05098419
7.9E-4	0.050983675
8.136239E-4	0.050983064
8.379543E-4	0.050982364
8.630122E-4	0.050981566
8.8881946E-4	0.050980654
9.153984E-4	0.050979618
9.427722E-4	0.050978445
9.7096455E-4	0.050977107
0.001	0.050975595
0.0010293103	0.050973922
0.0010594797	0.050972033
0.0010905333	0.050969906
0.0011224973	0.05096752
0.001155398	0.050964836
0.001189263	0.05096183
0.0012241206	0.050958466
0.00126	0.050954703
0.0012961533	0.050950598
0.0013333439	0.05094603
0.0013716016	0.05094096
0.0014109571	0.05093533
0.0014514418	0.0509291
0.0014930882	0.0509222
0.0015359295	0.05091458
0.00158	0.050906166
0.0016272478	0.05089649
0.0016759086	0.0508858
0.0017260244	0.050874002
0.0017776389	0.050861005
0.0018307968	0.050846696
0.0018855444	0.050830975
0.0019419291	0.050813727
0.002	0.05079482
0.0020575977	0.05077492
0.002116854	0.05075324
0.002177817	0.05072965
0.0022405356	0.05070402
0.0023050604	0.050676208
0.0023714434	0.05064606
0.0024397383	0.050613426
0.00251	0.050578143
0.0025833033	0.050539497
0.0026587474	0.050497774
0.0027363948	0.050452787
0.0028163097	0.050404344
0.0028985585	0.05035225
0.0029832094	0.050296288
0.0030703326	0.05023626
0.00316	0.050171938
0.0032524571	0.05010298
0.0033476194	0.05002927
0.003445566	0.049950577
0.0035463783	0.049866673
0.0036501405	0.049777318
0.0037569385	0.049682274
0.003866861	0.049581304
0.00398	0.04947417
0.004096165	0.04936091
0.0042157196	0.049241036
0.0043387646	0.049114317
0.0044654002	0.048980515
0.0045957323	0.04883941
0.0047298684	0.04869077
0.0048679197	0.048534375
0.00501	0.048370015
0.005156579	0.048197065
0.0053074467	0.048015706
0.005462728	0.047825746
0.0056225527	0.047627002
0.0057870536	0.04741931
0.005956367	0.047202513
0.0061306343	0.046976462
0.00631	0.046741027
0.006493865	0.04649709
0.0066830874	0.046243634
0.0068778237	0.045980565
0.007078234	0.045707826
0.0072844843	0.045425363
0.0074967444	0.04513314
0.00771519	0.044831146
0.00794	0.044519387
0.008172275	0.044196613
0.008411343	0.043864064
0.008657407	0.043521803
0.008910668	0.043169916
0.009171338	0.042808507
0.009439633	0.042437695
0.009715778	0.04205763
0.01	0.04166847
0.010292081	0.041271023
0.010592694	0.0408649
0.010902087	0.04045032
0.011220517	0.04002752
0.011548247	0.03959676
0.011885551	0.03915831
0.012232705	0.038712457
0.01259	0.038259514
0.012957647	0.03779989
0.013336032	0.037333827
0.013725464	0.03686166
0.01412627	0.03638375
0.014538779	0.03590046
0.014963334	0.03541216
0.015400288	0.034919232
0.01585	0.034422062
0.016312422	0.033921495
0.016788337	0.03341748
0.017278135	0.03291041
0.017782224	0.03240069
0.01830102	0.031888712
0.01883495	0.031374875
0.019384459	0.030859571
0.01995	0.03034319
0.020533005	0.029825276
0.021133045	0.02930705
0.021750621	0.028788889
0.022386245	0.028271157
0.023040446	0.027754214
0.023713762	0.027238406
0.024406755	0.026724074
0.02512	0.026211543
0.025853088	0.025701813
0.02660757	0.025194496
0.027384069	0.024689881
0.02818323	0.024188247
0.029005712	0.023689855
0.029852198	0.023194958
0.030723387	0.02270379
0.03162	0.022216575
0.032543603	0.021733101
0.033494186	0.021253996
0.034472536	0.020779444
0.03547946	0.020309616
0.0365158	0.01984467
0.03758241	0.019384755
0.03868017	0.018930003
0.03981	0.01848054
0.040972695	0.018036526
0.042169347	0.017598012
0.04340095	0.017165093
0.044668525	0.016737845
0.04597312	0.016316347
0.047315817	0.015900662
0.04869773	0.015490849
0.05012	0.015086955
0.0515838	0.01468903
0.053090356	0.014297106
0.05464091	0.013911217
0.05623675	0.013531388
0.0578792	0.013157641
0.059569612	0.012789993
0.0613094	0.012428458
0.0631	0.012073045
0.06494172	0.01172398
0.066837184	0.011381039
0.06878798	0.011044225
0.070795715	0.010713534
0.072862044	0.010388963
0.074988686	0.010070505
0.077177405	0.009758152
0.07943	0.009451893
0.08174976	0.009151538
0.08413727	0.008857259
0.08659451	0.0085690385
0.08912351	0.00828686
0.09172637	0.008010703
0.09440525	0.0077405465
0.097162366	0.007476366
0.1	0.007218136
0.102919795	0.0069658887
0.10592484	0.0067195306
0.109017625	0.0064790295
0.112200715	0.006244351
0.11547674	0.0060154577
0.11884842	0.0057923095
0.12231855	0.005574865
0.12589	0.0053630783
0.12956645	0.0051568635
0.13335027	0.0049562114
0.13724458	0.0047610695
0.14125264	0.0045713824
0.14537773	0.0043870914
0.14962329	0.0042081354
0.15399285	0.0040344507
0.15849	0.0038659715
0.16311829	0.0037026356
0.16788174	0.0035443644
0.17278428	0.0033910843
0.17783	0.0032427188
0.18302307	0.0030991903
0.18836778	0.002960418
0.19386858	0.0028263198
0.19953	0.0026968115
0.20535603	0.0025718224
0.21135218	0.0024512487
0.21752341	0.0023350024
0.22387484	0.0022229927
0.23041171	0.002115129
0.23713945	0.0020113192
0.24406363	0.0019114703
0.25119	0.0018154889
0.25852492	0.0017232749
0.26607406	0.0016347407
0.27384362	0.0015497918
0.28184006	0.0014683332
0.29007	0.0013902708
0.29854023	0.0013155101
0.30725783	0.0012439574
0.31623	0.0011755191
0.32546407	0.0011101029
0.33496782	0.0010476159
0.34474903	9.87967E-4
0.3548159	9.310656E-4
0.3651767	8.7682233E-4
0.37584007	8.251487E-4
0.3868148	7.7595754E-4
0.39811	7.2916277E-4
0.40973493	6.8468007E-4
0.42169935	6.4242573E-4
0.4340131	6.0231786E-4
0.44668642	5.6427595E-4
0.4597298	5.28221E-4
0.47315407	4.940758E-4
0.4869703	4.6176452E-4
0.50119	4.3121292E-4
0.5158249	4.0234852E-4
0.5308872	3.751006E-4
0.5463893	3.4939995E-4
0.5623441	3.251793E-4
0.57876474	3.02373E-4
0.59566486	2.8091713E-4
0.61305845	2.607496E-4
0.63096	2.4181003E-4
0.6493842	2.2403996E-4
0.6683464	2.0738249E-4
0.6878623	1.917826E-4
0.7079481	1.7718704E-4
0.72862035	1.6354432E-4
0.7498962	1.508047E-4
0.7717934	1.389202E-4
0.79433	1.2784453E-4
0.8175246	1.1753318E-4
0.8413966	1.0794328E-4
0.86596555	9.9033656E-5
0.8912519	9.076481E-5
0.9172767	8.309886E-5
0.9440614	7.599953E-5
0.97162825	6.943216E-5
1.0	6.3363594E-5
1.029201	5.7762092E-5
1.0592546	5.2597698E-5
1.090186	4.784174E-5
1.1220205	4.3466975E-5
1.1547846	3.9447546E-5
1.1885055	3.5758938E-5
1.223211	3.2377946E-5
1.25893	2.9282628E-5
1.2956905	2.6452388E-5
1.3335243	2.3867571E-5
1.3724631	2.15098E-5
1.4125386	1.9361798E-5
1.4537846	1.7407347E-5
1.4962348	1.5631245E-5
1.5399245	1.4019265E-5
1.58489	1.2558108E-5
1.6311698	1.1235332E-5
1.678801	1.00394145E-5
1.727823	8.959599E-6
1.7782766	7.985891E-6
1.8302034	7.109023E-6
1.8836465	6.3204097E-6
1.9386501	5.6121144E-6
1.99526	4.9768096E-6
2.0535233	4.4077374E-6
2.113488	3.898687E-6
2.1752036	3.443947E-6
2.2387214	3.0382787E-6
2.304094	2.6768832E-6
2.3713756	2.3553728E-6
2.4406219	2.0697414E-6
2.51189	1.8163378E-6
2.5852382	1.5918422E-6
2.6607285	1.3932323E-6
2.7384229	1.21777E-6
2.818386	1.062976E-6
2.900684	9.266087E-7
2.9853854	8.0664495E-7
3.0725598	7.0126157E-7
3.16228	6.0881837E-7
3.2546198	5.278425E-7
3.3496559	4.5701276E-7
3.447467	3.951469E-7
3.5481343	3.4118816E-7
3.6517413	2.941937E-7
3.7583735	2.5332378E-7
3.8681195	2.178316E-7
3.98107	1.8705413E-7
4.097319	1.6040366E-7
4.2169633	1.3736042E-7
4.340101	1.17465056E-7
4.466834	1.0031255E-7
4.5972676	8.554624E-8
4.7315106	7.285267E-8
4.869673	6.195678E-8
5.01187	5.2617626E-8
5.1582193	4.4624397E-8
5.3088417	3.779313E-8
5.463863	3.196337E-8
5.62341	2.6995526E-8
5.7876167	2.276837E-8
5.9566183	1.9176651E-8
6.1305547	1.6129285E-8
6.30957	1.3547535E-8
6.493813	1.1363399E-8
6.683436	9.518311E-9
6.878596	7.961906E-9
7.079455	6.6509065E-9
7.286179	5.548218E-9
7.4989395	4.6220503E-9
7.7179127	3.845268E-9
7.94328	3.1947054E-9
8.175228	2.6505993E-9
8.41395	2.1962143E-9
8.659641	1.8172687E-9
8.912508	1.5017116E-9
9.172758	1.2393051E-9
9.440608	1.0213939E-9
9.716279	8.406905E-10
10.0	6.910479E-10



DATASET #3

Name: RSQSim
Num Points: 401
Info: 

X, Y Data:
1.0E-4	0.050999295
1.0333392E-4	0.050999295
1.06779E-4	0.050999295
1.1033893E-4	0.050999295
1.14017545E-4	0.050999295
1.178188E-4	0.050999295
1.2174679E-4	0.050999295
1.2580573E-4	0.050999295
1.3E-4	0.050999295
1.334183E-4	0.050999295
1.369265E-4	0.050999295
1.4052694E-4	0.050999295
1.4422205E-4	0.050999295
1.4801433E-4	0.050999295
1.5190631E-4	0.050999295
1.5590065E-4	0.050999295
1.6E-4	0.050999295
1.645257E-4	0.050999295
1.691794E-4	0.050999295
1.7396474E-4	0.050999295
1.7888544E-4	0.050999295
1.8394532E-4	0.050999295
1.8914833E-4	0.050999295
1.944985E-4	0.050999295
2.0E-4	0.05099929
2.0565712E-4	0.05099929
2.1147425E-4	0.05099929
2.1745593E-4	0.05099929
2.236068E-4	0.05099929
2.2993165E-4	0.05099929
2.364354E-4	0.05099929
2.4312311E-4	0.05099929
2.5E-4	0.050999288
2.5783465E-4	0.050999288
2.659148E-4	0.050999288
2.742482E-4	0.050999284
2.8284272E-4	0.05099928
2.917066E-4	0.05099928
3.0084825E-4	0.050999276
3.102764E-4	0.050999273
3.2E-4	0.050999265
3.290514E-4	0.05099926
3.383588E-4	0.050999254
3.4792948E-4	0.050999247
3.5777088E-4	0.05099924
3.6789064E-4	0.050999228
3.7829665E-4	0.050999217
3.88997E-4	0.0509992
4.0E-4	0.050999183
4.1131425E-4	0.050999165
4.229485E-4	0.050999142
4.3491187E-4	0.050999116
4.472136E-4	0.050999083
4.598633E-4	0.050999045
4.728708E-4	0.050999004
4.8624622E-4	0.050998952
5.0E-4	0.050998896
5.1465514E-4	0.050998826
5.2973983E-4	0.050998747
5.4526667E-4	0.050998654
5.612486E-4	0.050998542
5.77699E-4	0.050998416
5.946315E-4	0.05099827
6.120603E-4	0.050998103
6.3E-4	0.050997905
6.4807665E-4	0.050997686
6.6667196E-4	0.050997436
6.858008E-4	0.050997145
7.0547854E-4	0.050996814
7.257209E-4	0.050996434
7.465441E-4	0.050996
7.6796475E-4	0.05099551
7.9E-4	0.050994948
8.136239E-4	0.05099428
8.379543E-4	0.050993517
8.630122E-4	0.05099265
8.8881946E-4	0.050991658
9.153984E-4	0.050990533
9.427722E-4	0.050989255
9.7096455E-4	0.05098781
0.001	0.050986167
0.0010293103	0.050984353
0.0010594797	0.050982308
0.0010905333	0.05098001
0.0011224973	0.050977424
0.001155398	0.050974526
0.001189263	0.05097128
0.0012241206	0.050967645
0.00126	0.050963588
0.0012961533	0.05095916
0.0013333439	0.050954234
0.0013716016	0.050948765
0.0014109571	0.050942704
0.0014514418	0.050935987
0.0014930882	0.05092856
0.0015359295	0.050920352
0.00158	0.0509113
0.0016272478	0.050900888
0.0016759086	0.05088938
0.0017260244	0.05087669
0.0017776389	0.050862703
0.0018307968	0.05084731
0.0018855444	0.0508304
0.0019419291	0.050811842
0.002	0.050791506
0.0020575977	0.050770096
0.002116854	0.05074677
0.002177817	0.05072139
0.0022405356	0.050693806
0.0023050604	0.05066387
0.0023714434	0.050631415
0.0024397383	0.050596274
0.00251	0.050558276
0.0025833033	0.050516643
0.0026587474	0.050471682
0.0027363948	0.050423194
0.0028163097	0.050370965
0.0028985585	0.050314773
0.0029832094	0.050254397
0.0030703326	0.050189603
0.00316	0.050120153
0.0032524571	0.05004567
0.0033476194	0.049966015
0.003445566	0.049880948
0.0035463783	0.049790204
0.0036501405	0.049693525
0.0037569385	0.049590647
0.003866861	0.049481302
0.00398	0.04936523
0.004096165	0.049242467
0.0042157196	0.04911248
0.0043387646	0.048975002
0.0044654002	0.048829783
0.0045957323	0.048676558
0.0047298684	0.04851508
0.0048679197	0.048345108
0.00501	0.0481664
0.005156579	0.04797827
0.0053074467	0.04778091
0.005462728	0.0475741
0.0056225527	0.047357645
0.0057870536	0.047131356
0.005956367	0.04689505
0.0061306343	0.046648573
0.00631	0.046391774
0.006493865	0.04612561
0.0066830874	0.04584897
0.0068778237	0.045561753
0.007078234	0.045263894
0.0072844843	0.044955328
0.0074967444	0.044636022
0.00771519	0.04430597
0.00794	0.043965165
0.008172275	0.043612257
0.008411343	0.0432486
0.008657407	0.042874265
0.008910668	0.042489354
0.009171338	0.042093985
0.009439633	0.041688297
0.009715778	0.04127246
0.01	0.04084666
0.010292081	0.04041178
0.010592694	0.039967414
0.010902087	0.039513808
0.011220517	0.039051235
0.011548247	0.038579985
0.011885551	0.038100377
0.012232705	0.037612732
0.01259	0.0371174
0.012957647	0.036614858
0.013336032	0.03610537
0.013725464	0.03558933
0.01412627	0.03506714
0.014538779	0.03453922
0.014963334	0.034005985
0.015400288	0.033467878
0.01585	0.032925338
0.016312422	0.032379303
0.016788337	0.031829737
0.017278135	0.031277098
0.017782224	0.03072184
0.01830102	0.030164419
0.01883495	0.029605292
0.019384459	0.029044911
0.01995	0.02848373
0.020533005	0.027921276
0.021133045	0.027358912
0.021750621	0.026797073
0.022386245	0.02623619
0.023040446	0.025676684
0.023713762	0.02511897
0.024406755	0.024563449
0.02512	0.024010511
0.025853088	0.023461279
0.02660757	0.02291537
0.027384069	0.022373144
0.02818323	0.02183494
0.029005712	0.021301087
0.029852198	0.020771904
0.030723387	0.020247692
0.03162	0.01972874
0.032543603	0.01921487
0.033494186	0.018706808
0.034472536	0.018204797
0.03547946	0.017709073
0.0365158	0.017219855
0.03758241	0.016737346
0.03868017	0.016261742
0.03981	0.015793217
0.040972695	0.015331991
0.042169347	0.01487816
0.04340095	0.014431866
0.044668525	0.013993232
0.04597312	0.013562373
0.047315817	0.013139389
0.04869773	0.0127243735
0.05012	0.0123174
0.0515838	0.01191854
0.053090356	0.011527847
0.05464091	0.011145363
0.05623675	0.010771125
0.0578792	0.010405154
0.059569612	0.0100474665
0.0613094	0.009698065
0.0631	0.009356944
0.06494172	0.009024298
0.066837184	0.008699883
0.06878798	0.008383669
0.070795715	0.008075615
0.072862044	0.0077756722
0.074988686	0.0074837846
0.077177405	0.0071998877
0.07943	0.0069239107
0.08174976	0.0066556167
0.08413727	0.0063950894
0.08659451	0.006142237
0.08912351	0.0058969636
0.09172637	0.005659166
0.09440525	0.005428735
0.097162366	0.005205559
0.1	0.0049895192
0.102919795	0.004780544
0.10592484	0.0045784535
0.109017625	0.004383119
0.112200715	0.004194407
0.11547674	0.004012182
0.11884842	0.003836306
0.12231855	0.0036666389
0.12589	0.0035030383
0.12956645	0.003345331
0.13335027	0.0031934045
0.13724458	0.003047113
0.14125264	0.0029063113
0.14537773	0.002770853
0.14962329	0.0026405922
0.15399285	0.002515384
0.15849	0.002395084
0.16311829	0.002279553
0.16788174	0.0021686442
0.17278428	0.0020622169
0.17783	0.001960132
0.18302307	0.001862253
0.18836778	0.0017684447
0.19386858	0.0016785747
0.19953	0.0015925128
0.20535603	0.0015101414
0.21135218	0.0014313249
0.21752341	0.0013559409
0.22387484	0.0012838703
0.23041171	0.0012149964
0.23713945	0.0011492058
0.24406363	0.0010863877
0.25119	0.0010264342
0.25852492	9.6923707E-4
0.26607406	9.146982E-4
0.27384362	8.627186E-4
0.28184006	8.132021E-4
0.29007	7.6605537E-4
0.29854023	7.2118774E-4
0.30725783	6.7851145E-4
0.31623	6.379412E-4
0.32546407	5.993946E-4
0.33496782	5.627914E-4
0.34474903	5.2805396E-4
0.3548159	4.9510703E-4
0.3651767	4.6387775E-4
0.37584007	4.342955E-4
0.3868148	4.0629192E-4
0.39811	3.798007E-4
0.40973493	3.547578E-4
0.42169935	3.3110083E-4
0.4340131	3.0876955E-4
0.44668642	2.877056E-4
0.4597298	2.6785245E-4
0.47315407	2.4915542E-4
0.4869703	2.3156154E-4
0.50119	2.150195E-4
0.5158249	1.9947972E-4
0.5308872	1.848942E-4
0.5463893	1.7121658E-4
0.5623441	1.5840202E-4
0.57876474	1.464072E-4
0.59566486	1.3519032E-4
0.61305845	1.2471102E-4
0.63096	1.1493043E-4
0.6493842	1.0581109E-4
0.6683464	9.731688E-5
0.6878623	8.9413115E-5
0.7079481	8.2066435E-5
0.72862035	7.524482E-5
0.7498962	6.891754E-5
0.7717934	6.305519E-5
0.79433	5.762958E-5
0.8175246	5.261378E-5
0.8413966	4.798207E-5
0.86596555	4.3709915E-5
0.8912519	3.977395E-5
0.9172767	3.615193E-5
0.9440614	3.2822736E-5
0.97162825	2.976632E-5
1.0	2.6963684E-5
1.029201	2.4396792E-5
1.0592546	2.204873E-5
1.090186	1.9903473E-5
1.1220205	1.7945913E-5
1.1547846	1.6161846E-5
1.1885055	1.4537922E-5
1.223211	1.3061621E-5
1.25893	1.1721216E-5
1.2956905	1.0505789E-5
1.3335243	9.405045E-6
1.3724631	8.409438E-6
1.4125386	7.5100866E-6
1.4537846	6.6987327E-6
1.4962348	5.9677163E-6
1.5399245	5.30994E-6
1.58489	4.7188396E-6
1.6311698	4.188338E-6
1.678801	3.7128634E-6
1.727823	3.2872701E-6
1.7782766	2.9068292E-6
1.8302034	2.5672011E-6
1.8836465	2.2644106E-6
1.9386501	1.994822E-6
1.99526	1.755115E-6
2.0535233	1.5422611E-6
2.113488	1.353507E-6
2.1752036	1.1863485E-6
2.2387214	1.0385143E-6
2.304094	9.079461E-7
2.3713756	7.9278306E-7
2.4406219	6.913445E-7
2.51189	6.021157E-7
2.5852382	5.23734E-7
2.6607285	4.549731E-7
2.7384229	3.9473372E-7
2.818386	3.420313E-7
2.900684	2.9598536E-7
2.9853854	2.558097E-7
3.0725598	2.2080349E-7
3.16228	1.9034294E-7
3.2546198	1.638738E-7
3.3496559	1.409042E-7
3.447467	1.2099851E-7
3.5481343	1.0377141E-7
3.6517413	8.888268E-8
3.7583735	7.603234E-8
3.8681195	6.4956346E-8
3.98107	5.5422625E-8
4.097319	4.7227473E-8
4.2169633	4.0192514E-8
4.340101	3.416166E-8
4.466834	2.8998556E-8
4.5972676	2.4584308E-8
4.7315106	2.0815383E-8
4.869673	1.7601764E-8
5.01187	1.4865308E-8
5.1582193	1.2538292E-8
5.3088417	1.0562106E-8
5.463863	8.886095E-9
5.62341	7.4665625E-9
5.7876167	6.265858E-9
5.9566183	5.2516063E-9
6.1305547	4.3959734E-9
6.30957	3.6751246E-9
6.493813	3.0686196E-9
6.683436	2.5589992E-9
6.878596	2.1313424E-9
7.079455	1.7729449E-9
7.286179	1.4729827E-9
7.4989395	1.2222556E-9
7.7179127	1.0129525E-9
7.94328	8.384565E-10
8.175228	6.9316697E-10
8.41395	5.723525E-10
8.659641	4.720203E-10
8.912508	3.8880166E-10
9.172758	3.1986747E-10
9.440608	2.6283764E-10
9.716279	2.1571689E-10
10.0	1.7682167E-10



DATASET #4

Name: 1000yr
Num Points: 2
Info: 

X, Y Data:
0.001	0.001
10.0	0.001



DATASET #5

Name: 2500yr
Num Points: 2
Info: 

X, Y Data:
0.001	4.0E-4
10.0	4.0E-4



DATASET #6

Name: 10000yr
Num Points: 2
Info: 

X, Y Data:
0.001	1.0E-4
10.0	1.0E-4


