
X-Axis: PGA (g)
Y-Axis: Annual Probabilitiy
Number of Data Sets: 6


DATASET #1

Name: UCERF3 Full
Num Points: 51
Info: 

X, Y Data:
1.0E-4	0.8025102
1.3E-4	0.8023521
1.6E-4	0.8020804
2.0E-4	0.8015161
2.5E-4	0.8004699
3.2E-4	0.798389
4.0E-4	0.7952271
5.0E-4	0.7903116
6.3E-4	0.78271365
7.9E-4	0.7720734
0.001	0.75680196
0.00126	0.73688143
0.00158	0.71195555
0.002	0.67979884
0.00251	0.6426874
0.00316	0.59921366
0.00398	0.55054235
0.00501	0.49812025
0.00631	0.44325668
0.00794	0.38799676
0.01	0.33357453
0.01259	0.28180504
0.01585	0.23388955
0.01995	0.19081636
0.02512	0.15307571
0.03162	0.120978326
0.03981	0.094274856
0.05012	0.0725367
0.0631	0.055127587
0.07943	0.041367907
0.1	0.030592477
0.12589	0.022254221
0.15849	0.015888251
0.19953	0.011109972
0.25119	0.0075842333
0.31623	0.0050218683
0.39811	0.0031905498
0.50119	0.0019163787
0.63096	0.0010704085
0.79433	5.473881E-4
1.0	2.529733E-4
1.25893	1.0462417E-4
1.58489	3.8467282E-5
1.99526	1.2522493E-5
2.51189	3.6034048E-6
3.16228	9.1696876E-7
3.98107	2.0684293E-7
5.01187	4.153098E-8
6.30957	7.465596E-9
7.94328	1.2099268E-9
10.0	1.7821966E-10



DATASET #2

Name: UCERF3
Num Points: 401
Info: 

X, Y Data:
1.0E-4	0.05323364
1.0333392E-4	0.05323364
1.06779E-4	0.05323364
1.1033893E-4	0.05323364
1.14017545E-4	0.05323364
1.178188E-4	0.05323364
1.2174679E-4	0.05323364
1.2580573E-4	0.05323364
1.3E-4	0.05323364
1.334183E-4	0.05323364
1.369265E-4	0.05323364
1.4052694E-4	0.05323364
1.4422205E-4	0.05323364
1.4801433E-4	0.05323364
1.5190631E-4	0.05323364
1.5590065E-4	0.05323364
1.6E-4	0.05323364
1.645257E-4	0.05323364
1.691794E-4	0.05323364
1.7396474E-4	0.05323364
1.7888544E-4	0.05323364
1.8394532E-4	0.05323364
1.8914833E-4	0.05323364
1.944985E-4	0.05323364
2.0E-4	0.05323364
2.0565712E-4	0.05323364
2.1147425E-4	0.05323364
2.1745593E-4	0.05323364
2.236068E-4	0.05323364
2.2993165E-4	0.05323364
2.364354E-4	0.05323364
2.4312311E-4	0.05323364
2.5E-4	0.05323364
2.5783465E-4	0.05323364
2.659148E-4	0.05323364
2.742482E-4	0.05323364
2.8284272E-4	0.05323364
2.917066E-4	0.05323364
3.0084825E-4	0.05323364
3.102764E-4	0.05323364
3.2E-4	0.05323364
3.290514E-4	0.05323364
3.383588E-4	0.05323364
3.4792948E-4	0.05323364
3.5777088E-4	0.05323364
3.6789064E-4	0.05323364
3.7829665E-4	0.05323364
3.88997E-4	0.05323364
4.0E-4	0.05323364
4.1131425E-4	0.05323364
4.229485E-4	0.05323364
4.3491187E-4	0.053233635
4.472136E-4	0.053233635
4.598633E-4	0.053233635
4.728708E-4	0.053233635
4.8624622E-4	0.053233635
5.0E-4	0.05323363
5.1465514E-4	0.05323363
5.2973983E-4	0.053233627
5.4526667E-4	0.053233627
5.612486E-4	0.053233624
5.77699E-4	0.05323362
5.946315E-4	0.053233616
6.120603E-4	0.053233612
6.3E-4	0.05323361
6.4807665E-4	0.0532336
6.6667196E-4	0.053233597
6.858008E-4	0.053233586
7.0547854E-4	0.05323358
7.257209E-4	0.053233568
7.465441E-4	0.053233553
7.6796475E-4	0.053233538
7.9E-4	0.05323352
8.136239E-4	0.053233497
8.379543E-4	0.05323347
8.630122E-4	0.05323344
8.8881946E-4	0.053233407
9.153984E-4	0.053233366
9.427722E-4	0.053233318
9.7096455E-4	0.05323326
0.001	0.05323319
0.0010293103	0.053233117
0.0010594797	0.05323303
0.0010905333	0.05323293
0.0011224973	0.05323281
0.001155398	0.053232677
0.001189263	0.05323252
0.0012241206	0.053232342
0.00126	0.053232137
0.0012961533	0.053231906
0.0013333439	0.053231645
0.0013716016	0.053231344
0.0014109571	0.053231
0.0014514418	0.05323061
0.0014930882	0.053230163
0.0015359295	0.053229656
0.00158	0.053229082
0.0016272478	0.053228404
0.0016759086	0.05322763
0.0017260244	0.05322675
0.0017776389	0.05322575
0.0018307968	0.053224616
0.0018855444	0.053223334
0.0019419291	0.05322188
0.002	0.053220242
0.0020575977	0.05321846
0.002116854	0.053216465
0.002177817	0.053214226
0.0022405356	0.05321172
0.0023050604	0.053208914
0.0023714434	0.05320578
0.0024397383	0.053202283
0.00251	0.053198386
0.0025833033	0.053193983
0.0026587474	0.053189076
0.0027363948	0.05318362
0.0028163097	0.05317755
0.0028985585	0.05317082
0.0029832094	0.053163353
0.0030703326	0.053155083
0.00316	0.053145938
0.0032524571	0.05313581
0.0033476194	0.053124633
0.003445566	0.053112306
0.0035463783	0.053098734
0.0036501405	0.053083804
0.0037569385	0.053067405
0.003866861	0.053049404
0.00398	0.05302968
0.004096165	0.05300814
0.0042157196	0.052984595
0.0043387646	0.05295889
0.0044654002	0.052930865
0.0045957323	0.05290034
0.0047298684	0.052867144
0.0048679197	0.052831084
0.00501	0.05279196
0.005156579	0.052749466
0.0053074467	0.052703474
0.005462728	0.052653767
0.0056225527	0.05260011
0.0057870536	0.05254227
0.005956367	0.052480005
0.0061306343	0.052413065
0.00631	0.052341197
0.006493865	0.052264467
0.0066830874	0.05218234
0.0068778237	0.052094553
0.007078234	0.05200085
0.0072844843	0.051900975
0.0074967444	0.051794667
0.00771519	0.051681668
0.00794	0.05156173
0.008172275	0.051434103
0.008411343	0.05129899
0.008657407	0.05115616
0.008910668	0.05100539
0.009171338	0.05084647
0.009439633	0.050679192
0.009715778	0.050503373
0.01	0.050318845
0.010292081	0.050125755
0.010592694	0.04992369
0.010902087	0.049712528
0.011220517	0.049492177
0.011548247	0.049262557
0.011885551	0.04902361
0.012232705	0.0487753
0.01259	0.048517615
0.012957647	0.048250627
0.013336032	0.047974307
0.013725464	0.04768871
0.01412627	0.047393914
0.014538779	0.047090013
0.014963334	0.04677713
0.015400288	0.046455394
0.01585	0.046124976
0.016312422	0.045786355
0.016788337	0.045439426
0.017278135	0.045084406
0.017782224	0.04472151
0.01830102	0.04435098
0.01883495	0.043973066
0.019384459	0.043588016
0.01995	0.043196104
0.020533005	0.042796943
0.021133045	0.042391445
0.021750621	0.04197989
0.022386245	0.04156257
0.023040446	0.04113976
0.023713762	0.040711746
0.024406755	0.04027881
0.02512	0.03984123
0.025853088	0.039399873
0.02660757	0.03895442
0.027384069	0.038505122
0.02818323	0.03805224
0.029005712	0.03759601
0.029852198	0.037136666
0.030723387	0.036674432
0.03162	0.036209524
0.032543603	0.03574174
0.033494186	0.035271674
0.034472536	0.03479952
0.03547946	0.034325454
0.0365158	0.03384965
0.03758241	0.033372264
0.03868017	0.03289345
0.03981	0.032413352
0.040972695	0.031932164
0.042169347	0.03144997
0.04340095	0.030966893
0.044668525	0.030483058
0.04597312	0.029998586
0.047315817	0.029513594
0.04869773	0.029028198
0.05012	0.028542515
0.0515838	0.02805666
0.053090356	0.027570749
0.05464091	0.0270849
0.05623675	0.026599232
0.0578792	0.02611387
0.059569612	0.025628941
0.0613094	0.025144577
0.0631	0.024660917
0.06494172	0.024178406
0.066837184	0.02369689
0.06878798	0.023216523
0.070795715	0.022737468
0.072862044	0.022259891
0.074988686	0.02178397
0.077177405	0.021309888
0.07943	0.020837832
0.08174976	0.020367717
0.08413727	0.019900031
0.08659451	0.01943498
0.08912351	0.018972775
0.09172637	0.018513637
0.09440525	0.018057784
0.097162366	0.017605443
0.1	0.017156836
0.102919795	0.016712297
0.10592484	0.016271945
0.109017625	0.015836004
0.112200715	0.015404697
0.11547674	0.014978242
0.11884842	0.014556856
0.12231855	0.014140746
0.12589	0.013730112
0.12956645	0.013325074
0.13335027	0.012925894
0.13724458	0.012532746
0.14125264	0.012145796
0.14537773	0.011765194
0.14962329	0.011391081
0.15399285	0.011023582
0.15849	0.01066281
0.16311829	0.010308879
0.16788174	0.009961858
0.17278428	0.009621819
0.17783	0.009288814
0.18302307	0.008962889
0.18836778	0.008644071
0.19386858	0.008332375
0.19953	0.008027804
0.20535603	0.0077303834
0.21135218	0.0074400543
0.21752341	0.007156785
0.22387484	0.006880534
0.23041171	0.0066112513
0.23713945	0.006348878
0.24406363	0.0060933502
0.25119	0.005844596
0.25852492	0.005602524
0.26607406	0.005367072
0.27384362	0.0051381555
0.28184006	0.004915691
0.29007	0.004699591
0.29854023	0.004489769
0.30725783	0.0042861374
0.31623	0.00408861
0.32546407	0.0038971012
0.33496782	0.0037115258
0.34474903	0.0035318001
0.3548159	0.0033578428
0.3651767	0.003189574
0.37584007	0.003026915
0.3868148	0.0028697895
0.39811	0.0027181213
0.40973493	0.0025718375
0.42169935	0.0024308627
0.4340131	0.0022951234
0.44668642	0.0021645464
0.4597298	0.0020390574
0.47315407	0.0019185814
0.4869703	0.0018030423
0.50119	0.0016923614
0.5158249	0.0015864586
0.5308872	0.001485251
0.5463893	0.0013886528
0.5623441	0.001296575
0.57876474	0.001208925
0.59566486	0.0011256073
0.61305845	0.0010465218
0.63096	9.7156555E-4
0.6493842	9.0063165E-4
0.6683464	8.336093E-4
0.6878623	7.7038456E-4
0.7079481	7.1084016E-4
0.72862035	6.54856E-4
0.7498962	6.0230907E-4
0.7717934	5.530744E-4
0.79433	5.070249E-4
0.8175246	4.6403208E-4
0.8413966	4.2396635E-4
0.86596555	3.8669762E-4
0.8912519	3.5209567E-4
0.9172767	3.2003073E-4
0.9440614	2.9037384E-4
0.97162825	2.629974E-4
1.0	2.3777554E-4
1.029201	2.1458411E-4
1.0592546	1.9330268E-4
1.090186	1.7381317E-4
1.1220205	1.560008E-4
1.1547846	1.3975437E-4
1.1885055	1.2496655E-4
1.223211	1.1153409E-4
1.25893	9.9358E-5
1.2956905	8.834414E-5
1.3335243	7.8401914E-5
1.3724631	6.944585E-5
1.4125386	6.1395076E-5
1.4537846	5.417333E-5
1.4962348	4.770893E-5
1.5399245	4.19347E-5
1.58489	3.6787897E-5
1.6311698	3.220997E-5
1.678801	2.814683E-5
1.727823	2.454827E-5
1.7782766	2.1367969E-5
1.8302034	1.8563307E-5
1.8836465	1.60952E-5
1.9386501	1.3927896E-5
1.99526	1.2028801E-5
2.0535233	1.0368262E-5
2.113488	8.919424E-6
2.1752036	7.65799E-6
2.2387214	6.5620616E-6
2.304094	5.611949E-6
2.3713756	4.7900016E-6
2.4406219	4.08044E-6
2.51189	3.4691946E-6
2.5852382	2.9437633E-6
2.6607285	2.4930448E-6
2.7384229	2.1072292E-6
2.818386	1.7776641E-6
2.900684	1.4967378E-6
2.9853854	1.2577723E-6
3.0725598	1.0549227E-6
3.16228	8.830884E-7
3.2546198	7.3782843E-7
3.3496559	6.1528584E-7
3.447467	5.1212004E-7
3.5481343	4.254443E-7
3.6517413	3.5277125E-7
3.7583735	2.919622E-7
3.8681195	2.4118322E-7
3.98107	1.988646E-7
4.097319	1.6366698E-7
4.2169633	1.3445054E-7
4.340101	1.1024695E-7
4.466834	9.023538E-8
4.5972676	7.372216E-8
4.7315106	6.01218E-8
4.869673	4.8942436E-8
5.01187	3.9770647E-8
5.1582193	3.226026E-8
5.3088417	2.612223E-8
5.463863	2.1114989E-8
5.62341	1.7037946E-8
5.7876167	1.3724391E-8
5.9566183	1.10363585E-8
6.1305547	8.859654E-9
6.30957	7.100245E-9
6.493813	5.6806924E-9
6.683436	4.537382E-9
6.878596	3.618124E-9
7.079455	2.8803306E-9
7.286179	2.2892563E-9
7.4989395	1.8165384E-9
7.7179127	1.4391612E-9
7.94328	1.1383571E-9
8.175228	8.9900853E-10
8.41395	7.0885775E-10
8.659641	5.5806526E-10
8.912508	4.3867465E-10
9.172758	3.4429026E-10
9.440608	2.698154E-10
9.716279	2.1111213E-10
10.0	1.6494794E-10



DATASET #3

Name: RSQSim
Num Points: 401
Info: 

X, Y Data:
1.0E-4	0.06791512
1.0333392E-4	0.06791512
1.06779E-4	0.06791512
1.1033893E-4	0.06791512
1.14017545E-4	0.06791512
1.178188E-4	0.06791512
1.2174679E-4	0.06791512
1.2580573E-4	0.06791512
1.3E-4	0.06791512
1.334183E-4	0.06791512
1.369265E-4	0.06791512
1.4052694E-4	0.06791512
1.4422205E-4	0.06791512
1.4801433E-4	0.06791512
1.5190631E-4	0.06791512
1.5590065E-4	0.06791512
1.6E-4	0.06791512
1.645257E-4	0.06791512
1.691794E-4	0.06791512
1.7396474E-4	0.06791512
1.7888544E-4	0.06791512
1.8394532E-4	0.06791512
1.8914833E-4	0.06791512
1.944985E-4	0.06791512
2.0E-4	0.06791512
2.0565712E-4	0.06791512
2.1147425E-4	0.06791512
2.1745593E-4	0.06791512
2.236068E-4	0.06791512
2.2993165E-4	0.06791512
2.364354E-4	0.06791512
2.4312311E-4	0.06791512
2.5E-4	0.06791512
2.5783465E-4	0.06791512
2.659148E-4	0.06791512
2.742482E-4	0.06791512
2.8284272E-4	0.06791512
2.917066E-4	0.06791512
3.0084825E-4	0.06791512
3.102764E-4	0.06791512
3.2E-4	0.06791512
3.290514E-4	0.06791512
3.383588E-4	0.06791512
3.4792948E-4	0.06791512
3.5777088E-4	0.06791512
3.6789064E-4	0.06791512
3.7829665E-4	0.06791512
3.88997E-4	0.06791512
4.0E-4	0.06791511
4.1131425E-4	0.06791511
4.229485E-4	0.06791511
4.3491187E-4	0.06791511
4.472136E-4	0.06791511
4.598633E-4	0.067915104
4.728708E-4	0.067915104
4.8624622E-4	0.067915104
5.0E-4	0.0679151
5.1465514E-4	0.06791509
5.2973983E-4	0.06791509
5.4526667E-4	0.06791508
5.612486E-4	0.067915075
5.77699E-4	0.06791507
5.946315E-4	0.06791505
6.120603E-4	0.06791504
6.3E-4	0.06791502
6.4807665E-4	0.06791501
6.6667196E-4	0.067914985
6.858008E-4	0.06791496
7.0547854E-4	0.06791493
7.257209E-4	0.0679149
7.465441E-4	0.067914866
7.6796475E-4	0.06791482
7.9E-4	0.06791477
8.136239E-4	0.06791471
8.379543E-4	0.067914635
8.630122E-4	0.067914546
8.8881946E-4	0.06791445
9.153984E-4	0.06791434
9.427722E-4	0.0679142
9.7096455E-4	0.06791405
0.001	0.06791387
0.0010293103	0.06791366
0.0010594797	0.06791343
0.0010905333	0.06791316
0.0011224973	0.06791285
0.001155398	0.0679125
0.001189263	0.06791209
0.0012241206	0.067911625
0.00126	0.067911096
0.0012961533	0.06791051
0.0013333439	0.06790983
0.0013716016	0.06790907
0.0014109571	0.067908205
0.0014514418	0.06790723
0.0014930882	0.06790613
0.0015359295	0.067904875
0.00158	0.06790347
0.0016272478	0.06790181
0.0016759086	0.06789994
0.0017260244	0.067897834
0.0017776389	0.06789546
0.0018307968	0.067892775
0.0018855444	0.067889765
0.0019419291	0.06788638
0.002	0.06788258
0.0020575977	0.0678785
0.002116854	0.06787395
0.002177817	0.06786888
0.0022405356	0.067863256
0.0023050604	0.067857005
0.0023714434	0.06785008
0.0024397383	0.06784241
0.00251	0.06783393
0.0025833033	0.06782442
0.0026587474	0.067813925
0.0027363948	0.06780233
0.0028163097	0.06778956
0.0028985585	0.06777551
0.0029832094	0.06776006
0.0030703326	0.0677431
0.00316	0.067724496
0.0032524571	0.06770409
0.0033476194	0.06768176
0.003445566	0.06765736
0.0035463783	0.06763074
0.0036501405	0.06760172
0.0037569385	0.06757013
0.003866861	0.06753578
0.00398	0.06749849
0.004096165	0.06745815
0.0042157196	0.06741446
0.0043387646	0.06736722
0.0044654002	0.06731618
0.0045957323	0.06726112
0.0047298684	0.06720179
0.0048679197	0.06713796
0.00501	0.06706934
0.005156579	0.06699551
0.0053074467	0.06691634
0.005462728	0.06683156
0.0056225527	0.06674089
0.0057870536	0.06664404
0.005956367	0.06654072
0.0061306343	0.066430636
0.00631	0.06631349
0.006493865	0.06618951
0.0066830874	0.06605796
0.0068778237	0.06591853
0.007078234	0.06577094
0.0072844843	0.06561492
0.0074967444	0.06545018
0.00771519	0.06527645
0.00794	0.06509349
0.008172275	0.06490024
0.008411343	0.064697176
0.008657407	0.06448405
0.008910668	0.06426065
0.009171338	0.06402674
0.009439633	0.06378215
0.009715778	0.06352668
0.01	0.06326018
0.010292081	0.062982924
0.010592694	0.062694386
0.010902087	0.06239445
0.011220517	0.062083032
0.011548247	0.061760046
0.011885551	0.061425444
0.012232705	0.061079185
0.01259	0.060721252
0.012957647	0.060351733
0.013336032	0.05997057
0.013725464	0.0595778
0.01412627	0.059173483
0.014538779	0.058757696
0.014963334	0.058330536
0.015400288	0.057892103
0.01585	0.05744253
0.016312422	0.056982376
0.016788337	0.0565114
0.017278135	0.056029763
0.017782224	0.055537652
0.01830102	0.055035263
0.01883495	0.054522797
0.019384459	0.054000467
0.01995	0.053468503
0.020533005	0.052926242
0.021133045	0.05237479
0.021750621	0.051814396
0.022386245	0.051245317
0.023040446	0.050667815
0.023713762	0.05008216
0.024406755	0.049488623
0.02512	0.048887488
0.025853088	0.04827986
0.02660757	0.04766522
0.027384069	0.047043864
0.02818323	0.046416085
0.029005712	0.04578219
0.029852198	0.045142476
0.030723387	0.04449726
0.03162	0.04384685
0.032543603	0.043190986
0.033494186	0.042530566
0.034472536	0.04186592
0.03547946	0.041197374
0.0365158	0.040525276
0.03758241	0.03984997
0.03868017	0.0391718
0.03981	0.038491126
0.040972695	0.03780839
0.042169347	0.037123866
0.04340095	0.03643794
0.044668525	0.035750978
0.04597312	0.03506336
0.047315817	0.034375474
0.04869773	0.033687707
0.05012	0.033000447
0.0515838	0.032314096
0.053090356	0.03162905
0.05464091	0.030945696
0.05623675	0.030264443
0.0578792	0.029585686
0.059569612	0.028909827
0.0613094	0.028237259
0.0631	0.027568381
0.06494172	0.026904002
0.066837184	0.026244085
0.06878798	0.025589013
0.070795715	0.02493916
0.072862044	0.024294898
0.074988686	0.023656586
0.077177405	0.023024576
0.07943	0.022399211
0.08174976	0.021780454
0.08413727	0.021169
0.08659451	0.02056516
0.08912351	0.019969229
0.09172637	0.019381488
0.09440525	0.018802203
0.097162366	0.018231625
0.1	0.017669989
0.102919795	0.017117647
0.10592484	0.016574666
0.109017625	0.016041229
0.112200715	0.015517503
0.11547674	0.01500364
0.11884842	0.014499772
0.12231855	0.014006015
0.12589	0.013522465
0.12956645	0.013049111
0.13335027	0.012586111
0.13724458	0.012133512
0.14125264	0.011691342
0.14537773	0.011259614
0.14962329	0.010838324
0.15399285	0.010427457
0.15849	0.010026978
0.16311829	0.00963686
0.16788174	0.009257024
0.17278428	0.008887401
0.17783	0.008527906
0.18302307	0.0081784455
0.18836778	0.007838917
0.19386858	0.0075092074
0.19953	0.0071891965
0.20535603	0.0068787937
0.21135218	0.006577826
0.21752341	0.006286153
0.22387484	0.006003631
0.23041171	0.005730111
0.23713945	0.0054654423
0.24406363	0.00520947
0.25119	0.004962039
0.25852492	0.0047229766
0.26607406	0.0044921404
0.27384362	0.004269372
0.28184006	0.004054514
0.29007	0.003847408
0.29854023	0.0036478965
0.30725783	0.0034558228
0.31623	0.0032710317
0.32546407	0.00309337
0.33496782	0.0029226835
0.34474903	0.0027588194
0.3548159	0.0026016273
0.3651767	0.002450957
0.37584007	0.002306659
0.3868148	0.002168585
0.39811	0.002036587
0.40973493	0.0019105189
0.42169935	0.0017902317
0.4340131	0.0016755785
0.44668642	0.0015664119
0.4597298	0.0014625841
0.47315407	0.0013639474
0.4869703	0.0012703529
0.50119	0.0011816517
0.5158249	0.0010976942
0.5308872	0.0010183299
0.5463893	9.4340835E-4
0.5623441	8.7277824E-4
0.57876474	8.062879E-4
0.59566486	7.437855E-4
0.61305845	6.8511924E-4
0.63096	6.3013734E-4
0.6493842	5.7868863E-4
0.6683464	5.306224E-4
0.6878623	4.857887E-4
0.7079481	4.4403924E-4
0.72862035	4.0522695E-4
0.7498962	3.6920674E-4
0.7717934	3.3583565E-4
0.79433	3.049732E-4
0.8175246	2.764817E-4
0.8413966	2.5022647E-4
0.86596555	2.2607624E-4
0.8912519	2.0390331E-4
0.9172767	1.8358389E-4
0.9440614	1.6499822E-4
0.97162825	1.4803075E-4
1.0	1.3257045E-4
1.029201	1.18510434E-4
1.0592546	1.0574923E-4
1.090186	9.4189694E-5
1.1220205	8.373945E-5
1.1547846	7.431092E-5
1.1885055	6.5821296E-5
1.223211	5.8192534E-5
1.25893	5.135126E-5
1.2956905	4.5228942E-5
1.3335243	3.9761017E-5
1.3724631	3.4887584E-5
1.4125386	3.0552983E-5
1.4537846	2.6705624E-5
1.4962348	2.3297833E-5
1.5399245	2.0285683E-5
1.58489	1.76288E-5
1.6311698	1.5290127E-5
1.678801	1.3235934E-5
1.727823	1.1435406E-5
1.7782766	9.8605415E-6
1.8302034	8.485958E-6
1.8836465	7.288714E-6
1.9386501	6.2481313E-6
1.99526	5.3456192E-6
2.0535233	4.5645043E-6
2.113488	3.8898897E-6
2.1752036	3.3084843E-6
2.2387214	2.8084664E-6
2.304094	2.3793496E-6
2.3713756	2.0118553E-6
2.4406219	1.6977962E-6
2.51189	1.4299662E-6
2.5852382	1.2020424E-6
2.6607285	1.0084816E-6
2.7384229	8.4444633E-7
2.818386	7.0572236E-7
2.900684	5.8864777E-7
2.9853854	4.900487E-7
3.0725598	4.071811E-7
3.16228	3.376784E-7
3.2546198	2.7950477E-7
3.3496559	2.3091303E-7
3.447467	1.9040755E-7
3.5481343	1.5671112E-7
3.6517413	1.2873572E-7
3.7583735	1.0555669E-7
3.8681195	8.6390074E-8
3.98107	7.057283E-8
4.097319	5.754542E-8
4.2169633	4.6836934E-8
4.340101	3.8051816E-8
4.466834	3.08586E-8
4.5972676	2.4980215E-8
4.7315106	2.0185531E-8
4.869673	1.6282222E-8
5.01187	1.3110588E-8
5.1582193	1.053831E-8
5.3088417	8.456021E-9
5.463863	6.773491E-9
5.62341	5.416486E-9
5.7876167	4.3240025E-9
5.9566183	3.4460772E-9
6.1305547	2.7418292E-9
6.30957	2.1778983E-9
6.493813	1.7271234E-9
6.683436	1.3674353E-9
6.878596	1.0809207E-9
7.079455	8.530695E-10
7.286179	6.7218375E-10
7.4989395	5.2883453E-10
7.7179127	4.1541193E-10
7.94328	3.2581637E-10
8.175228	2.551579E-10
8.41395	1.9952584E-10
8.659641	1.5579327E-10
8.912508	1.2146917E-10
9.172758	9.455947E-11
9.440608	7.35102E-11
9.716279	5.7067795E-11
10.0	4.4237503E-11



DATASET #4

Name: 1000yr
Num Points: 2
Info: 

X, Y Data:
0.001	0.001
10.0	0.001



DATASET #5

Name: 2500yr
Num Points: 2
Info: 

X, Y Data:
0.001	4.0E-4
10.0	4.0E-4



DATASET #6

Name: 10000yr
Num Points: 2
Info: 

X, Y Data:
0.001	1.0E-4
10.0	1.0E-4


