
X-Axis: Annual Probability
Y-Axis: Ln(RSQSim/UCERF3)
Number of Data Sets: 17


DATASET #1

Name: PSA_0=0.0
Num Points: 25
Info: 

X, Y Data:
1.0E-6	-0.24220987
1.5848932E-6	-0.24281406
2.5118864E-6	-0.24343541
3.9810716E-6	-0.24407394
6.3095736E-6	-0.24471584
1.0E-5	-0.24535014
1.5848931E-5	-0.24596441
2.5118865E-5	-0.24652615
3.981072E-5	-0.24698476
6.309574E-5	-0.24728595
1.0E-4	-0.24695833
1.5848932E-4	-0.24602784
2.5118864E-4	-0.24362035
3.9810716E-4	-0.23884189
6.3095737E-4	-0.2312605
0.001	-0.22030939
0.0015848932	-0.20453022
0.0025118864	-0.18164395
0.0039810715	-0.15097426
0.0063095735	-0.10112345
0.01	-0.046788797
0.015848933	0.0047275536
0.025118865	0.07871381
0.039810717	0.33156395
0.06309573	0.66407746



DATASET #2

Name: 0.1
Num Points: 18
Info: 

X, Y Data:
1.0E-6	-0.2665644
1.5848932E-6	-0.2685444
2.5118864E-6	-0.27065602
3.9810716E-6	-0.27306086
6.3095736E-6	-0.2759643
1.0E-5	-0.279353
1.5848931E-5	-0.28320944
2.5118865E-5	-0.28751564
3.981072E-5	-0.2921975
6.309574E-5	-0.2971354
1.0E-4	-0.30193612
1.5848932E-4	-0.30407774
2.5118864E-4	-0.30135575
3.9810716E-4	-0.29054642
6.3095737E-4	-0.26955092
0.001	-0.23373641
0.0015848932	-0.18509236
0.0025118864	-0.097595386



DATASET #3

Name: 0.2
Num Points: 15
Info: 

X, Y Data:
1.0E-6	-0.2926929
1.5848932E-6	-0.2990345
2.5118864E-6	-0.3060786
3.9810716E-6	-0.3139728
6.3095736E-6	-0.3230679
1.0E-5	-0.33333224
1.5848931E-5	-0.34284428
2.5118865E-5	-0.34934172
3.981072E-5	-0.35213903
6.309574E-5	-0.34903806
1.0E-4	-0.33785608
1.5848932E-4	-0.31561488
2.5118864E-4	-0.27852812
3.9810716E-4	-0.23193839
6.3095737E-4	-0.19653916



DATASET #4

Name: 0.4
Num Points: 11
Info: 

X, Y Data:
1.0E-6	-0.3780696
1.5848932E-6	-0.38873655
2.5118864E-6	-0.39688954
3.9810716E-6	-0.40272236
6.3095736E-6	-0.4038238
1.0E-5	-0.39831024
1.5848931E-5	-0.38576663
2.5118865E-5	-0.3645874
3.981072E-5	-0.32968402
6.309574E-5	-0.27644074
1.0E-4	-0.24586609



DATASET #5

Name: 0.8
Num Points: 6
Info: 

X, Y Data:
1.0E-6	-0.4369874
1.5848932E-6	-0.42383096
2.5118864E-6	-0.40478083
3.9810716E-6	-0.36970326
6.3095736E-6	-0.2957504
1.0E-5	-0.27411944



DATASET #6

Name: PSA_0=1.2
Num Points: 2
Info: 

X, Y Data:
1.0E-6	-0.32227764
1.5848932E-6	-0.29887545



DATASET #7

Name: 
Num Points: 25
Info: 

X, Y Data:
1.0E-6	0.2751494
1.5848932E-6	0.27052653
2.5118864E-6	0.26666215
3.9810716E-6	0.2627781
6.3095736E-6	0.2518176
1.0E-5	0.24387348
1.5848931E-5	0.23361856
2.5118865E-5	0.22498016
3.981072E-5	0.21679075
6.309574E-5	0.22674604
1.0E-4	0.19217294
1.5848932E-4	0.17906569
2.5118864E-4	0.16597645
3.9810716E-4	0.15293464
6.3095737E-4	0.14774795
0.001	0.15200435
0.0015848932	0.1840626
0.0025118864	0.1869436
0.0039810715	0.25576088
0.0063095735	0.24411844
0.01	0.27182588
0.015848933	0.32976854
0.025118865	0.42173076
0.039810717	0.44943696
0.06309573	0.31942576



DATASET #8

Name: 
Num Points: 18
Info: 

X, Y Data:
1.0E-6	0.28245726
1.5848932E-6	0.2783744
2.5118864E-6	0.2750933
3.9810716E-6	0.27185568
6.3095736E-6	0.2618817
1.0E-5	0.25512213
1.5848931E-5	0.24633661
2.5118865E-5	0.23940706
3.981072E-5	0.23307799
6.309574E-5	0.24303308
1.0E-4	0.21469878
1.5848932E-4	0.20391789
2.5118864E-4	0.19079502
3.9810716E-4	0.17425407
6.3095737E-4	0.16044496
0.001	0.15418063
0.0015848932	0.18512857
0.0025118864	0.20634215



DATASET #9

Name: 
Num Points: 15
Info: 

X, Y Data:
1.0E-6	0.29235747
1.5848932E-6	0.29036364
2.5118864E-6	0.28955
3.9810716E-6	0.28916255
6.3095736E-6	0.28295898
1.0E-5	0.28061917
1.5848931E-5	0.2761027
2.5118865E-5	0.2716207
3.981072E-5	0.26522163
6.309574E-5	0.2689103
1.0E-4	0.23526299
1.5848932E-4	0.21042101
2.5118864E-4	0.17917849
3.9810716E-4	0.1512027
6.3095737E-4	0.14427799



DATASET #10

Name: 
Num Points: 11
Info: 

X, Y Data:
1.0E-6	0.337028
1.5848932E-6	0.33934245
2.5118864E-6	0.34092423
3.9810716E-6	0.3408591
6.3095736E-6	0.331782
1.0E-5	0.32081124
1.5848931E-5	0.30303064
2.5118865E-5	0.28109106
3.981072E-5	0.25199303
6.309574E-5	0.23512834
1.0E-4	0.19185828



DATASET #11

Name: 
Num Points: 6
Info: 

X, Y Data:
1.0E-6	0.3761533
1.5848932E-6	0.36276639
2.5118864E-6	0.34615436
3.9810716E-6	0.31972983
6.3095736E-6	0.26993582
1.0E-5	0.25312606



DATASET #12

Name: 
Num Points: 2
Info: 

X, Y Data:
1.0E-6	0.30588347
1.5848932E-6	0.29029408



DATASET #13

Name: NEHRP City Mean
Num Points: 25
Info: 

X, Y Data:
1.0E-6	-0.21120591
1.5848932E-6	-0.2129943
2.5118864E-6	-0.21491802
3.9810716E-6	-0.21695241
6.3095736E-6	-0.21914178
1.0E-5	-0.22146153
1.5848931E-5	-0.22392575
2.5118865E-5	-0.22652194
3.981072E-5	-0.22922815
6.309574E-5	-0.23199825
1.0E-4	-0.2347302
1.5848932E-4	-0.23726164
2.5118864E-4	-0.23927945
3.9810716E-4	-0.24010536
6.3095737E-4	-0.23844607
0.001	-0.23213935
0.0015848932	-0.21834558
0.0025118864	-0.1938354
0.0039810715	-0.1549874
0.0063095735	-0.09783203
0.01	-0.018491678
0.015848933	0.089598894
0.025118865	0.24559289
0.039810717	0.43864858
0.06309573	0.5057434



DATASET #14

Name: Mean
Num Points: 25
Info: 

X, Y Data:
1.0E-6	-0.17072874
1.5848932E-6	-0.1719706
2.5118864E-6	-0.17314586
3.9810716E-6	-0.17485403
6.3095736E-6	-0.17761719
1.0E-5	-0.17981414
1.5848931E-5	-0.18264183
2.5118865E-5	-0.18529667
3.981072E-5	-0.18856172
6.309574E-5	-0.19546647
1.0E-4	-0.19109426
1.5848932E-4	-0.1930717
2.5118864E-4	-0.19580585
3.9810716E-4	-0.197239
6.3095737E-4	-0.19930768
0.001	-0.20220925
0.0015848932	-0.2049346
0.0025118864	-0.18500514
0.0039810715	-0.1663698
0.0063095735	-0.08837289
0.01	-0.008025063
0.015848933	0.04158327
0.025118865	0.12938048
0.039810717	0.3983584
0.06309573	0.74038625



DATASET #15

Name: StdDev
Num Points: 25
Info: 

X, Y Data:
1.0E-6	0.26570284
1.5848932E-6	0.26108652
2.5118864E-6	0.25723225
3.9810716E-6	0.25349808
6.3095736E-6	0.24271421
1.0E-5	0.23490338
1.5848931E-5	0.22487362
2.5118865E-5	0.2164885
3.981072E-5	0.2087707
6.309574E-5	0.22074592
1.0E-4	0.18387447
1.5848932E-4	0.17105648
2.5118864E-4	0.15894052
3.9810716E-4	0.14716765
6.3095737E-4	0.14425181
0.001	0.15092324
0.0015848932	0.18406264
0.0025118864	0.18691391
0.0039810715	0.25529784
0.0063095735	0.243786
0.01	0.26904866
0.015848933	0.3277038
0.025118865	0.418678
0.039810717	0.44444877
0.06309573	0.31021637



DATASET #16

Name: Median
Num Points: 25
Info: 

X, Y Data:
1.0E-6	-0.19670586
1.5848932E-6	-0.19603936
2.5118864E-6	-0.19532566
3.9810716E-6	-0.19436814
6.3095736E-6	-0.19340402
1.0E-5	-0.19221273
1.5848931E-5	-0.19193257
2.5118865E-5	-0.19129108
3.981072E-5	-0.1931059
6.309574E-5	-0.19506834
1.0E-4	-0.19639753
1.5848932E-4	-0.19808622
2.5118864E-4	-0.20101804
3.9810716E-4	-0.20071785
6.3095737E-4	-0.19903818
0.001	-0.19555344
0.0015848932	-0.18840735
0.0025118864	-0.17699021
0.0039810715	-0.14150432
0.0063095735	-0.08714498
0.01	-0.015404311
0.015848933	0.050097596
0.025118865	0.16485515
0.039810717	0.37106466
0.06309573	0.6205904



DATASET #17

Name: MeanAbsDiff
Num Points: 25
Info: 

X, Y Data:
1.0E-6	0.26283953
1.5848932E-6	0.26025972
2.5118864E-6	0.2577034
3.9810716E-6	0.25476307
6.3095736E-6	0.2508693
1.0E-5	0.24750672
1.5848931E-5	0.24377906
2.5118865E-5	0.24056046
3.981072E-5	0.23781565
6.309574E-5	0.23861207
1.0E-4	0.2280785
1.5848932E-4	0.22318828
2.5118864E-4	0.21811861
3.9810716E-4	0.21193045
6.3095737E-4	0.20760106
0.001	0.21064268
0.0015848932	0.21993367
0.0025118864	0.21228743
0.0039810715	0.21423653
0.0063095735	0.17321815
0.01	0.18189818
0.015848933	0.23074196
0.025118865	0.33171943
0.039810717	0.47821367
0.06309573	0.74038625


