
X-Axis: 2.0s SA (g)
Y-Axis: Annual Probabilitiy
Number of Data Sets: 5


DATASET #1

Name: UCERF3
Num Points: 401
Info: 

X, Y Data:
1.0E-4	0.17392625
1.0333392E-4	0.17386927
1.06779E-4	0.1738078
1.1033893E-4	0.17374161
1.14017545E-4	0.1736704
1.178188E-4	0.17359388
1.2174679E-4	0.17351179
1.2580573E-4	0.17342383
1.3E-4	0.17332967
1.334183E-4	0.17325056
1.369265E-4	0.17316721
1.4052694E-4	0.17307948
1.4422205E-4	0.17298718
1.4801433E-4	0.17289017
1.5190631E-4	0.17278826
1.5590065E-4	0.17268129
1.6E-4	0.17256908
1.645257E-4	0.17244244
1.691794E-4	0.17230932
1.7396474E-4	0.17216949
1.7888544E-4	0.17202273
1.8394532E-4	0.17186882
1.8914833E-4	0.17170748
1.944985E-4	0.17153852
2.0E-4	0.17136167
2.0565712E-4	0.1711767
2.1147425E-4	0.17098337
2.1745593E-4	0.17078142
2.236068E-4	0.1705706
2.2993165E-4	0.17035066
2.364354E-4	0.17012134
2.4312311E-4	0.1698824
2.5E-4	0.16963357
2.5783465E-4	0.16934644
2.659148E-4	0.16904652
2.742482E-4	0.16873345
2.8284272E-4	0.16840687
2.917066E-4	0.16806643
3.0084825E-4	0.16771172
3.102764E-4	0.16734238
3.2E-4	0.16695805
3.290514E-4	0.16659743
3.383588E-4	0.16622396
3.4792948E-4	0.16583738
3.5777088E-4	0.16543739
3.6789064E-4	0.1650237
3.7829665E-4	0.16459607
3.88997E-4	0.16415419
4.0E-4	0.16369776
4.1131425E-4	0.16322656
4.229485E-4	0.16274026
4.3491187E-4	0.16223861
4.472136E-4	0.16172135
4.598633E-4	0.16118817
4.728708E-4	0.16063885
4.8624622E-4	0.1600731
5.0E-4	0.15949069
5.1465514E-4	0.15886962
5.2973983E-4	0.15823016
5.4526667E-4	0.15757199
5.612486E-4	0.15689489
5.77699E-4	0.15619864
5.946315E-4	0.15548296
6.120603E-4	0.15474768
6.3E-4	0.15399258
6.4807665E-4	0.15323375
6.6667196E-4	0.15245558
6.858008E-4	0.15165792
7.0547854E-4	0.15084063
7.257209E-4	0.15000358
7.465441E-4	0.14914669
7.6796475E-4	0.14826988
7.9E-4	0.1473731
8.136239E-4	0.14641774
8.379543E-4	0.14544064
8.630122E-4	0.14444181
8.8881946E-4	0.14342128
9.153984E-4	0.14237912
9.427722E-4	0.1413154
9.7096455E-4	0.14023025
0.001	0.13912381
0.0010293103	0.13801853
0.0010594797	0.13689315
0.0010905333	0.13574791
0.0011224973	0.13458304
0.001155398	0.13339885
0.001189263	0.13219562
0.0012241206	0.13097373
0.00126	0.12973353
0.0012961533	0.12850171
0.0013333439	0.12725313
0.0013716016	0.12598822
0.0014109571	0.124707416
0.0014514418	0.12341121
0.0014930882	0.12210011
0.0015359295	0.12077464
0.00158	0.11943536
0.0016272478	0.118026346
0.0016759086	0.11660366
0.0017260244	0.115168
0.0017776389	0.113720104
0.0018307968	0.11226072
0.0018855444	0.11079063
0.0019419291	0.10931062
0.002	0.10782151
0.0020575977	0.106378816
0.002116854	0.104929194
0.002177817	0.10347342
0.0022405356	0.10201227
0.0023050604	0.10054654
0.0023714434	0.09907702
0.0024397383	0.09760452
0.00251	0.09612984
0.0025833033	0.094633296
0.0026587474	0.09313619
0.0027363948	0.09163937
0.0028163097	0.090143666
0.0028985585	0.08864993
0.0029832094	0.087158985
0.0030703326	0.08567166
0.00316	0.08418878
0.0032524571	0.08270844
0.0033476194	0.08123415
0.003445566	0.0797667
0.0035463783	0.07830684
0.0036501405	0.07685534
0.0037569385	0.07541291
0.003866861	0.073980264
0.00398	0.0725581
0.004096165	0.07115045
0.0042157196	0.06975453
0.0043387646	0.06837094
0.0044654002	0.06700027
0.0045957323	0.06564307
0.0047298684	0.06429989
0.0048679197	0.06297123
0.00501	0.06165755
0.005156579	0.06035626
0.0053074467	0.059070904
0.005462728	0.057801872
0.0056225527	0.05654953
0.0057870536	0.055314213
0.005956367	0.05409622
0.0061306343	0.05289582
0.00631	0.05171326
0.006493865	0.050553374
0.0066830874	0.04941158
0.0068778237	0.048288036
0.007078234	0.04718286
0.0072844843	0.046096165
0.0074967444	0.045028012
0.00771519	0.043978456
0.00794	0.042947523
0.008172275	0.0419313
0.008411343	0.040933818
0.008657407	0.039955024
0.008910668	0.038994852
0.009171338	0.038053207
0.009439633	0.03712998
0.009715778	0.036225036
0.01	0.03533823
0.010292081	0.03447072
0.010592694	0.03362094
0.010902087	0.032788694
0.011220517	0.03197378
0.011548247	0.031175962
0.011885551	0.030395012
0.012232705	0.02963068
0.01259	0.028882707
0.012957647	0.028150989
0.013336032	0.027435083
0.013725464	0.02673471
0.01412627	0.026049579
0.014538779	0.025379397
0.014963334	0.02472387
0.015400288	0.0240827
0.01585	0.02345558
0.016312422	0.022842756
0.016788337	0.02224335
0.017278135	0.021657066
0.017782224	0.021083599
0.01830102	0.02052265
0.01883495	0.019973923
0.019384459	0.019437125
0.01995	0.018911967
0.020533005	0.018397335
0.021133045	0.017893817
0.021750621	0.01740114
0.022386245	0.016919035
0.023040446	0.016447246
0.023713762	0.015985517
0.024406755	0.0155336065
0.02512	0.015091278
0.025853088	0.014658879
0.02660757	0.014235591
0.027384069	0.013821207
0.02818323	0.013415526
0.029005712	0.0130183585
0.029852198	0.012629523
0.030723387	0.012248847
0.03162	0.011876168
0.032543603	0.011511013
0.033494186	0.0111535685
0.034472536	0.010803697
0.03547946	0.010461268
0.0365158	0.010126163
0.03758241	0.009798267
0.03868017	0.009477473
0.03981	0.009163682
0.040972695	0.008856836
0.042169347	0.008556811
0.04340095	0.008263525
0.044668525	0.007976902
0.04597312	0.0076968675
0.047315817	0.007423355
0.04869773	0.007156299
0.05012	0.006895637
0.0515838	0.006641311
0.053090356	0.0063932627
0.05464091	0.0061514345
0.05623675	0.005915772
0.0578792	0.0056862207
0.059569612	0.0054627256
0.0613094	0.005245233
0.0631	0.0050336868
0.06494172	0.0048281597
0.066837184	0.004628458
0.06878798	0.0044345236
0.070795715	0.0042462964
0.072862044	0.004063713
0.074988686	0.0038867085
0.077177405	0.0037152164
0.07943	0.0035491672
0.08174976	0.0033883934
0.08413727	0.0032329222
0.08659451	0.0030826756
0.08912351	0.002937574
0.09172637	0.0027975347
0.09440525	0.0026624722
0.097162366	0.002532299
0.1	0.0024069243
0.102919795	0.0022862852
0.10592484	0.0021702554
0.109017625	0.0020587386
0.112200715	0.0019516364
0.11547674	0.0018488485
0.11884842	0.0017502734
0.12231855	0.0016558078
0.12589	0.0015653478
0.12956645	0.0014787717
0.13335027	0.0013959917
0.13724458	0.0013169013
0.14125264	0.0012413937
0.14537773	0.0011693621
0.14962329	0.0011006997
0.15399285	0.0010352997
0.15849	9.7305607E-4
0.16311829	9.138657E-4
0.16788174	8.576211E-4
0.17278428	8.0421835E-4
0.17783	7.535548E-4
0.18302307	7.05529E-4
0.18836778	6.600409E-4
0.19386858	6.169918E-4
0.19953	5.762848E-4
0.20535603	5.3782924E-4
0.21135218	5.015268E-4
0.21752341	4.6728604E-4
0.22387484	4.3501757E-4
0.23041171	4.046341E-4
0.23713945	3.7605054E-4
0.24406363	3.4918392E-4
0.25119	3.239536E-4
0.25852492	3.0027964E-4
0.26607406	2.7808774E-4
0.27384362	2.5730408E-4
0.28184006	2.3785736E-4
0.29007	2.1967849E-4
0.29854023	2.0270086E-4
0.30725783	1.8686017E-4
0.31623	1.720945E-4
0.32546407	1.5834434E-4
0.33496782	1.4555232E-4
0.34474903	1.3366346E-4
0.3548159	1.2262505E-4
0.3651767	1.123866E-4
0.37584007	1.0289985E-4
0.3868148	9.411866E-5
0.39811	8.599902E-5
0.40973493	7.8499026E-5
0.42169935	7.15787E-5
0.4340131	6.520008E-5
0.44668642	5.932712E-5
0.4597298	5.392564E-5
0.47315407	4.8963262E-5
0.4869703	4.4409357E-5
0.50119	4.023499E-5
0.5158249	3.6412857E-5
0.5308872	3.2917236E-5
0.5463893	2.9723913E-5
0.5623441	2.6810128E-5
0.57876474	2.4154528E-5
0.59566486	2.1737085E-5
0.61305845	1.9539058E-5
0.63096	1.7542929E-5
0.6493842	1.5732341E-5
0.6683464	1.409204E-5
0.6878623	1.2607831E-5
0.7079481	1.1266515E-5
0.72862035	1.0055838E-5
0.7498962	8.964443E-6
0.7717934	7.981813E-6
0.79433	7.0982287E-6
0.8175246	6.3047187E-6
0.8413966	5.593012E-6
0.86596555	4.955497E-6
0.8912519	4.3851796E-6
0.9172767	3.8756402E-6
0.9440614	3.4209984E-6
0.97162825	3.0158726E-6
1.0	2.6553469E-6
1.029201	2.3349296E-6
1.0592546	2.0505468E-6
1.090186	1.7984837E-6
1.1220205	1.5753683E-6
1.1547846	1.3781428E-6
1.1885055	1.2040398E-6
1.223211	1.0505576E-6
1.25893	9.1543876E-7
1.2956905	7.96654E-7
1.3335243	6.9236796E-7
1.3724631	6.009374E-7
1.4125386	5.208887E-7
1.4537846	4.5090226E-7
1.4962348	3.8979852E-7
1.5399245	3.365246E-7
1.58489	2.9014228E-7
1.6311698	2.4981563E-7
1.678801	2.1480444E-7
1.727823	1.8445093E-7
1.7782766	1.5817265E-7
1.8302034	1.3545466E-7
1.8836465	1.1584243E-7
1.9386501	9.89354E-8
1.99526	8.438118E-8
2.0535233	7.1870105E-8
2.113488	6.1130706E-8
2.1752036	5.1925277E-8
2.2387214	4.4046015E-8
2.304094	3.7311416E-8
2.3713756	3.156349E-8
2.4406219	2.6664635E-8
2.51189	2.2495398E-8
2.5852382	1.8952269E-8
2.6607285	1.5945442E-8
2.7384229	1.3397396E-8
2.818386	1.124124E-8
2.900684	9.419242E-9
2.9853854	7.88185E-9
3.0725598	6.5864554E-9
3.16228	5.4964913E-9
3.2546198	4.580718E-9
3.3496559	3.81239E-9
3.447467	3.1686407E-9
3.5481343	2.6300708E-9
3.6517413	2.180095E-9
3.7583735	1.8046472E-9
3.8681195	1.491871E-9
3.98107	1.2316818E-9
4.097319	1.0155167E-9
4.2169633	8.361555E-10
4.340101	6.875662E-10
4.466834	5.646438E-10
4.5972676	4.6308413E-10
4.7315106	3.7927728E-10
4.869673	3.1022684E-10
5.01187	2.5342284E-10
5.1582193	2.067514E-10
5.3088417	1.6845858E-10
5.463863	1.3707824E-10
5.62341	1.1139789E-10
5.7876167	9.041734E-11
5.9566183	7.3298145E-11
6.1305547	5.934708E-11
6.30957	4.798384E-11
6.493813	3.874412E-11
6.683436	3.1249003E-11
6.878596	2.5174973E-11
7.079455	2.0251467E-11
7.286179	1.6269208E-11
7.4989395	1.3056556E-11
7.7179127	1.0465961E-11
7.94328	8.381296E-12
8.175228	6.6969763E-12
8.41395	5.3475002E-12
8.659641	4.2638115E-12
8.912508	3.394729E-12
9.172758	2.7022828E-12
9.440608	2.14595E-12
9.716279	1.7035262E-12
10.0	1.3480328E-12



DATASET #2

Name: RSQSim
Num Points: 401
Info: 

X, Y Data:
1.0E-4	0.22405411
1.0333392E-4	0.22403763
1.06779E-4	0.22401956
1.1033893E-4	0.22399977
1.14017545E-4	0.2239781
1.178188E-4	0.22395442
1.2174679E-4	0.22392854
1.2580573E-4	0.2239003
1.3E-4	0.22386952
1.334183E-4	0.22384319
1.369265E-4	0.22381504
1.4052694E-4	0.22378495
1.4422205E-4	0.22375278
1.4801433E-4	0.22371843
1.5190631E-4	0.22368178
1.5590065E-4	0.22364266
1.6E-4	0.22360095
1.645257E-4	0.22355306
1.691794E-4	0.2235018
1.7396474E-4	0.223447
1.7888544E-4	0.22338839
1.8394532E-4	0.22332579
1.8914833E-4	0.22325896
1.944985E-4	0.22318764
2.0E-4	0.22311158
2.0565712E-4	0.22303052
2.1147425E-4	0.22294419
2.1745593E-4	0.22285227
2.236068E-4	0.22275451
2.2993165E-4	0.22265054
2.364354E-4	0.22254007
2.4312311E-4	0.22242275
2.5E-4	0.22229823
2.5783465E-4	0.22215168
2.659148E-4	0.22199537
2.742482E-4	0.22182877
2.8284272E-4	0.22165136
2.917066E-4	0.22146256
3.0084825E-4	0.22126181
3.102764E-4	0.22104852
3.2E-4	0.22082205
3.290514E-4	0.2206055
3.383588E-4	0.22037719
3.4792948E-4	0.22013666
3.5777088E-4	0.21988341
3.6789064E-4	0.21961695
3.7829665E-4	0.21933675
3.88997E-4	0.2190423
4.0E-4	0.21873307
4.1131425E-4	0.21840855
4.229485E-4	0.2180682
4.3491187E-4	0.21771146
4.472136E-4	0.21733782
4.598633E-4	0.2169467
4.728708E-4	0.2165376
4.8624622E-4	0.21610993
5.0E-4	0.21566318
5.1465514E-4	0.21517979
5.2973983E-4	0.21467471
5.4526667E-4	0.21414742
5.612486E-4	0.21359728
5.77699E-4	0.21302375
5.946315E-4	0.21242626
6.120603E-4	0.21180426
6.3E-4	0.2111572
6.4807665E-4	0.21049881
6.6667196E-4	0.20981543
6.858008E-4	0.2091066
7.0547854E-4	0.2083719
7.257209E-4	0.20761089
7.465441E-4	0.2068232
7.6796475E-4	0.20600846
7.9E-4	0.20516631
8.136239E-4	0.20425968
8.379543E-4	0.20332263
8.630122E-4	0.20235491
8.8881946E-4	0.20135622
9.153984E-4	0.20032634
9.427722E-4	0.19926511
9.7096455E-4	0.19817236
0.001	0.197048
0.0010293103	0.19591485
0.0010594797	0.19475123
0.0010905333	0.19355713
0.0011224973	0.19233263
0.001155398	0.19107781
0.001189263	0.1897928
0.0012241206	0.18847778
0.00126	0.18713297
0.0012961533	0.18578745
0.0013333439	0.18441388
0.0013716016	0.18301257
0.0014109571	0.1815839
0.0014514418	0.1801282
0.0014930882	0.17864594
0.0015359295	0.17713754
0.00158	0.17560352
0.0016272478	0.17397901
0.0016759086	0.1723279
0.0017260244	0.17065084
0.0017776389	0.16894853
0.0018307968	0.1672217
0.0018855444	0.16547112
0.0019419291	0.1636976
0.002	0.16190195
0.0020575977	0.1601516
0.002116854	0.15838231
0.002177817	0.15659487
0.0022405356	0.15479013
0.0023050604	0.15296896
0.0023714434	0.15113221
0.0024397383	0.14928079
0.00251	0.14741556
0.0025833033	0.14551131
0.0026587474	0.14359482
0.0027363948	0.14166705
0.0028163097	0.13972898
0.0028985585	0.13778163
0.0029832094	0.13582599
0.0030703326	0.13386308
0.00316	0.13189389
0.0032524571	0.12991585
0.0033476194	0.12793356
0.003445566	0.12594804
0.0035463783	0.12396031
0.0036501405	0.121971376
0.0037569385	0.11998224
0.003866861	0.11799392
0.00398	0.116007395
0.004096165	0.11402842
0.0042157196	0.11205316
0.0043387646	0.11008259
0.0044654002	0.108117625
0.0045957323	0.10615919
0.0047298684	0.104208186
0.0048679197	0.1022655
0.00501	0.100332
0.005156579	0.09840398
0.0053074467	0.096486874
0.005462728	0.09458147
0.0056225527	0.092688575
0.0057870536	0.09080893
0.005956367	0.08894327
0.0061306343	0.08709232
0.00631	0.08525673
0.006493865	0.08344441
0.0066830874	0.08164861
0.0068778237	0.0798699
0.007078234	0.07810887
0.0072844843	0.076366015
0.0074967444	0.07464186
0.00771519	0.07293686
0.00794	0.07125147
0.008172275	0.06957965
0.008411343	0.067928396
0.008657407	0.06629807
0.008910668	0.06468898
0.009171338	0.06310144
0.009439633	0.06153573
0.009715778	0.059992086
0.01	0.058470733
0.010292081	0.056974143
0.010592694	0.05550013
0.010902087	0.05404884
0.011220517	0.052620392
0.011548247	0.051214885
0.011885551	0.04983239
0.012232705	0.04847296
0.01259	0.04713664
0.012957647	0.045823727
0.013336032	0.044533927
0.013725464	0.043267224
0.01412627	0.042023588
0.014538779	0.040802967
0.014963334	0.039605305
0.015400288	0.03843053
0.01585	0.03727856
0.016312422	0.036150306
0.016788337	0.035044618
0.017278135	0.033961385
0.017782224	0.032900482
0.01830102	0.03186179
0.01883495	0.030845165
0.019384459	0.029850468
0.01995	0.02887755
0.020533005	0.027924726
0.021133045	0.026993435
0.021750621	0.026083518
0.022386245	0.0251948
0.023040446	0.02432711
0.023713762	0.023480268
0.024406755	0.022654088
0.02512	0.021848382
0.025853088	0.021064002
0.02660757	0.020299653
0.027384069	0.019555133
0.02818323	0.018830234
0.029005712	0.01812475
0.029852198	0.01743846
0.030723387	0.016771147
0.03162	0.016122581
0.032543603	0.015491987
0.033494186	0.0148797035
0.034472536	0.014285488
0.03547946	0.0137090925
0.0365158	0.013150261
0.03758241	0.012608732
0.03868017	0.01208424
0.03981	0.011576513
0.040972695	0.011085327
0.042169347	0.01061034
0.04340095	0.010151262
0.044668525	0.009707799
0.04597312	0.0092796525
0.047315817	0.008866516
0.04869773	0.008468081
0.05012	0.008084035
0.0515838	0.007714062
0.053090356	0.0073578395
0.05464091	0.0070150434
0.05623675	0.0066853478
0.0578792	0.006368424
0.059569612	0.0060639414
0.0613094	0.0057715694
0.0631	0.005490976
0.06494172	0.005221995
0.066837184	0.0049641146
0.06878798	0.004717006
0.070795715	0.004480339
0.072862044	0.004253789
0.074988686	0.00403703
0.077177405	0.0038297423
0.07943	0.0036316083
0.08174976	0.0034422027
0.08413727	0.0032613378
0.08659451	0.0030887092
0.08912351	0.0029240167
0.09172637	0.0027669661
0.09440525	0.0026172695
0.097162366	0.0024746442
0.1	0.0023388148
0.102919795	0.0022095426
0.10592484	0.0020865318
0.109017625	0.0019695272
0.112200715	0.0018582807
0.11547674	0.0017525518
0.11884842	0.0016521066
0.12231855	0.0015567194
0.12589	0.0014661709
0.12956645	0.0013802336
0.13335027	0.0012987208
0.13724458	0.0012214357
0.14125264	0.0011481879
0.14537773	0.0010787946
0.14962329	0.0010130795
0.15399285	9.508734E-4
0.15849	8.9201337E-4
0.16311829	8.363455E-4
0.16788174	7.8371714E-4
0.17278428	7.3398446E-4
0.17783	6.870095E-4
0.18302307	6.4265984E-4
0.18836778	6.0080894E-4
0.19386858	5.613354E-4
0.19953	5.2412297E-4
0.20535603	4.890646E-4
0.21135218	4.5604914E-4
0.21752341	4.2497474E-4
0.22387484	3.9574396E-4
0.23041171	3.682636E-4
0.23713945	3.424445E-4
0.24406363	3.1820132E-4
0.25119	2.9545254E-4
0.25852492	2.7411885E-4
0.26607406	2.5412717E-4
0.27384362	2.3540623E-4
0.28184006	2.1788791E-4
0.29007	2.0150708E-4
0.29854023	1.8620153E-4
0.30725783	1.7191182E-4
0.31623	1.5858118E-4
0.32546407	1.4615552E-4
0.33496782	1.3458301E-4
0.34474903	1.2381432E-4
0.3548159	1.1380235E-4
0.3651767	1.0450227E-4
0.37584007	9.5871335E-5
0.3868148	8.786884E-5
0.39811	8.045604E-5
0.40973493	7.359616E-5
0.42169935	6.725412E-5
0.4340131	6.139668E-5
0.44668642	5.5992277E-5
0.4597298	5.1011E-5
0.47315407	4.6424506E-5
0.4869703	4.220597E-5
0.50119	3.833003E-5
0.5158249	3.4772715E-5
0.5308872	3.1511427E-5
0.5463893	2.8524848E-5
0.5623441	2.579291E-5
0.57876474	2.3296741E-5
0.59566486	2.1018606E-5
0.61305845	1.894187E-5
0.63096	1.7050941E-5
0.6493842	1.5331227E-5
0.6683464	1.3769083E-5
0.6878623	1.2351772E-5
0.7079481	1.1067419E-5
0.72862035	9.90497E-6
0.7498962	8.854143E-6
0.7717934	7.905393E-6
0.79433	7.0498695E-6
0.8175246	6.2793765E-6
0.8413966	5.586335E-6
0.86596555	4.9637492E-6
0.8912519	4.405167E-6
0.9172767	3.9046504E-6
0.9440614	3.4567397E-6
0.97162825	3.0564238E-6
1.0	2.6991095E-6
1.029201	2.380586E-6
1.0592546	2.097021E-6
1.090186	1.8449102E-6
1.1220205	1.6210602E-6
1.1547846	1.4225664E-6
1.1885055	1.2467905E-6
1.223211	1.0913402E-6
1.25893	9.540493E-7
1.2956905	8.3296356E-7
1.3335243	7.263098E-7
1.3724631	6.3249456E-7
1.4125386	5.5008417E-7
1.4537846	4.7779054E-7
1.4962348	4.144581E-7
1.5399245	3.5905165E-7
1.58489	3.1064565E-7
1.6311698	2.684124E-7
1.678801	2.3161651E-7
1.727823	1.9960204E-7
1.7782766	1.7178604E-7
1.8302034	1.476513E-7
1.8836465	1.2673961E-7
1.9386501	1.0864562E-7
1.99526	9.3011394E-8
2.0535233	7.952119E-8
2.113488	6.789728E-8
2.1752036	5.789539E-8
2.2387214	4.9301182E-8
2.304094	4.192681E-8
2.3713756	3.5607965E-8
2.4406219	3.0201143E-8
2.51189	2.5581148E-8
2.5852382	2.1639043E-8
2.6607285	1.8280002E-8
2.7384229	1.5421778E-8
2.818386	1.2993122E-8
2.900684	1.0932334E-8
2.9853854	9.18615E-9
3.0725598	7.708604E-9
3.16228	6.4601213E-9
3.2546198	5.4066502E-9
3.3496559	4.518942E-9
3.447467	3.77197E-9
3.5481343	3.144308E-9
3.6517413	2.6176268E-9
3.7583735	2.1762747E-9
3.8681195	1.8069645E-9
3.98107	1.4983395E-9
4.097319	1.2408129E-9
4.2169633	1.0261942E-9
4.340101	8.4759977E-10
4.466834	6.991765E-10
4.5972676	5.75999E-10
4.7315106	4.7390925E-10
4.869673	3.8940395E-10
5.01187	3.195536E-10
5.1582193	2.618904E-10
5.3088417	2.1434943E-10
5.463863	1.7522805E-10
5.62341	1.4307666E-10
5.7876167	1.16678E-10
5.9566183	9.5014774E-11
6.1305547	7.726264E-11
6.30957	6.276224E-11
6.493813	5.092282E-11
6.683436	4.1267656E-11
6.878596	3.340006E-11
7.079455	2.7002178E-11
7.286179	2.1804003E-11
7.4989395	1.7585933E-11
7.7179127	1.4163448E-11
7.94328	1.13921095E-11
8.175228	9.155565E-12
8.41395	7.3498985E-12
8.659641	5.893397E-12
8.912508	4.7176707E-12
9.172758	3.7756465E-12
9.440608	3.0174752E-12
9.716279	2.4068525E-12
10.0	1.9179103E-12



DATASET #3

Name: 1000yr
Num Points: 2
Info: 

X, Y Data:
0.001	0.001
10.0	0.001



DATASET #4

Name: 2500yr
Num Points: 2
Info: 

X, Y Data:
0.001	4.0E-4
10.0	4.0E-4



DATASET #5

Name: 10000yr
Num Points: 2
Info: 

X, Y Data:
0.001	1.0E-4
10.0	1.0E-4


