
X-Axis: 2.0s SA (g)
Y-Axis: Annual Probabilitiy
Number of Data Sets: 5


DATASET #1

Name: UCERF3
Num Points: 401
Info: 

X, Y Data:
1.0E-4	0.17414546
1.0333392E-4	0.17409854
1.06779E-4	0.17404772
1.1033893E-4	0.17399277
1.14017545E-4	0.1739334
1.178188E-4	0.17386936
1.2174679E-4	0.17380036
1.2580573E-4	0.17372614
1.3E-4	0.17364636
1.334183E-4	0.1735791
1.369265E-4	0.17350802
1.4052694E-4	0.17343295
1.4422205E-4	0.17335375
1.4801433E-4	0.17327024
1.5190631E-4	0.17318225
1.5590065E-4	0.17308961
1.6E-4	0.17299214
1.645257E-4	0.17288181
1.691794E-4	0.17276548
1.7396474E-4	0.1726429
1.7888544E-4	0.17251384
1.8394532E-4	0.1723781
1.8914833E-4	0.17223538
1.944985E-4	0.17208548
2.0E-4	0.17192814
2.0565712E-4	0.17176308
2.1147425E-4	0.17159009
2.1745593E-4	0.17140888
2.236068E-4	0.17121918
2.2993165E-4	0.17102078
2.364354E-4	0.17081334
2.4312311E-4	0.17059663
2.5E-4	0.17037037
2.5783465E-4	0.1701086
2.659148E-4	0.16983442
2.742482E-4	0.16954744
2.8284272E-4	0.16924728
2.917066E-4	0.16893354
3.0084825E-4	0.16860582
3.102764E-4	0.16826373
3.2E-4	0.16790687
3.290514E-4	0.16757122
3.383588E-4	0.16722286
3.4792948E-4	0.16686147
3.5777088E-4	0.16648676
3.6789064E-4	0.1660984
3.7829665E-4	0.16569608
3.88997E-4	0.16527952
4.0E-4	0.16484836
4.1131425E-4	0.16440232
4.229485E-4	0.16394106
4.3491187E-4	0.16346428
4.472136E-4	0.16297166
4.598633E-4	0.16246289
4.728708E-4	0.16193767
4.8624622E-4	0.16139567
5.0E-4	0.1608366
5.1465514E-4	0.16023923
5.2973983E-4	0.15962291
5.4526667E-4	0.15898728
5.612486E-4	0.15833205
5.77699E-4	0.15765688
5.946315E-4	0.1569615
6.120603E-4	0.1562456
6.3E-4	0.1555089
6.4807665E-4	0.15476711
6.6667196E-4	0.15400489
6.858008E-4	0.15322201
7.0547854E-4	0.15241827
7.257209E-4	0.15159348
7.465441E-4	0.15074746
7.6796475E-4	0.14988007
7.9E-4	0.14899117
8.136239E-4	0.1480423
8.379543E-4	0.14706989
8.630122E-4	0.14607382
8.8881946E-4	0.14505409
9.153984E-4	0.14401065
9.427722E-4	0.14294355
9.7096455E-4	0.14185281
0.001	0.14073855
0.0010293103	0.13962333
0.0010594797	0.13848577
0.0010905333	0.13732603
0.0011224973	0.13614434
0.001155398	0.13494097
0.001189263	0.13371618
0.0012241206	0.13247032
0.00126	0.13120376
0.0012961533	0.12994383
0.0013333439	0.12866484
0.0013716016	0.12736726
0.0014109571	0.12605157
0.0014514418	0.124718286
0.0014930882	0.12336796
0.0015359295	0.12200117
0.00158	0.12061855
0.0016272478	0.1191623
0.0016759086	0.11769034
0.0017260244	0.11620347
0.0017776389	0.11470252
0.0018307968	0.11318836
0.0018855444	0.11166189
0.0019419291	0.11012402
0.002	0.10857571
0.0020575977	0.10707482
0.002116854	0.10556602
0.002177817	0.104050204
0.0022405356	0.102528304
0.0023050604	0.10100123
0.0023714434	0.09946993
0.0024397383	0.09793535
0.00251	0.096398436
0.0025833033	0.09483877
0.0026587474	0.09327868
0.0027363948	0.09171916
0.0028163097	0.09016119
0.0028985585	0.088605754
0.0029832094	0.08705383
0.0030703326	0.08550637
0.00316	0.08396433
0.0032524571	0.08242585
0.0033476194	0.08089465
0.003445566	0.07937165
0.0035463783	0.07785773
0.0036501405	0.076353736
0.0037569385	0.074860506
0.003866861	0.073378846
0.00398	0.071909525
0.004096165	0.07045678
0.0042157196	0.06901778
0.0043387646	0.0675932
0.0044654002	0.066183686
0.0045957323	0.064789854
0.0047298684	0.06341228
0.0048679197	0.062051516
0.00501	0.060708072
0.005156579	0.059379302
0.0053074467	0.058068853
0.005462728	0.05677713
0.0056225527	0.055504512
0.0057870536	0.054251324
0.005956367	0.053017873
0.0061306343	0.051804416
0.00631	0.050611183
0.006493865	0.049443018
0.0066830874	0.04829526
0.0068778237	0.04716804
0.007078234	0.04606144
0.0072844843	0.044975527
0.0074967444	0.043910325
0.00771519	0.04286583
0.00794	0.041842017
0.008172275	0.040834956
0.008411343	0.039848585
0.008657407	0.03888279
0.008910668	0.03793742
0.009171338	0.037012324
0.009439633	0.036107305
0.009715778	0.03522215
0.01	0.034356628
0.010292081	0.03351177
0.010592694	0.032685965
0.010902087	0.031878922
0.011220517	0.031090343
0.011548247	0.030319909
0.011885551	0.029567288
0.012232705	0.028832138
0.01259	0.028114108
0.012957647	0.027412988
0.013336032	0.026728248
0.013725464	0.026059512
0.01412627	0.025406398
0.014538779	0.024768522
0.014963334	0.024145493
0.015400288	0.023536926
0.01585	0.02294243
0.016312422	0.022362132
0.016788337	0.021795107
0.017278135	0.021240972
0.017782224	0.020699352
0.01830102	0.020169875
0.01883495	0.019652175
0.019384459	0.019145895
0.01995	0.018650683
0.020533005	0.018165419
0.021133045	0.017690586
0.021750621	0.017225863
0.022386245	0.016770938
0.023040446	0.016325515
0.023713762	0.015889304
0.024406755	0.01546203
0.02512	0.015043431
0.025853088	0.0146338055
0.02660757	0.014232348
0.027384069	0.013838837
0.02818323	0.0134530645
0.029005712	0.013074833
0.029852198	0.01270396
0.030723387	0.012340275
0.03162	0.011983619
0.032543603	0.01163354
0.033494186	0.011290221
0.034472536	0.010953537
0.03547946	0.010623375
0.0365158	0.010299631
0.03758241	0.0099822115
0.03868017	0.0096710315
0.03981	0.009366014
0.040972695	0.009067124
0.042169347	0.008774264
0.04340095	0.008487377
0.044668525	0.008206415
0.04597312	0.00793133
0.047315817	0.007662083
0.04869773	0.007398635
0.05012	0.007140952
0.0515838	0.006889004
0.053090356	0.0066427574
0.05464091	0.0064021843
0.05623675	0.006167255
0.0578792	0.005937941
0.059569612	0.0057142135
0.0613094	0.0054960432
0.0631	0.0052833986
0.06494172	0.005076376
0.066837184	0.0048748055
0.06878798	0.0046786503
0.070795715	0.004487871
0.072862044	0.004302427
0.074988686	0.0041222735
0.077177405	0.003947363
0.07943	0.0037776453
0.08174976	0.003612969
0.08413727	0.003453382
0.08659451	0.003298824
0.08912351	0.0031492324
0.09172637	0.0030045407
0.09440525	0.0028646805
0.097162366	0.0027295796
0.1	0.0025991634
0.102919795	0.0024733846
0.10592484	0.0023521308
0.109017625	0.0022353202
0.112200715	0.0021228679
0.11547674	0.0020146878
0.11884842	0.0019106913
0.12231855	0.0018107884
0.12589	0.0017148874
0.12956645	0.001622878
0.13335027	0.001534685
0.13724458	0.0014502134
0.14125264	0.0013693671
0.14537773	0.0012920498
0.14962329	0.0012181643
0.15399285	0.0011476137
0.15849	0.0010803007
0.16311829	0.0010161304
0.16788174	9.5500314E-4
0.17278428	8.9682214E-4
0.17783	8.414914E-4
0.18302307	7.889153E-4
0.18836778	7.389992E-4
0.19386858	6.9164933E-4
0.19953	6.467728E-4
0.20535603	6.04283E-4
0.21135218	5.64084E-4
0.21752341	5.2608654E-4
0.22387484	4.9020315E-4
0.23041171	4.5634765E-4
0.23713945	4.2443545E-4
0.24406363	3.9438368E-4
0.25119	3.661112E-4
0.25852492	3.3953696E-4
0.26607406	3.1458537E-4
0.27384362	2.9118083E-4
0.28184006	2.692497E-4
0.29007	2.487203E-4
0.29854023	2.29523E-4
0.30725783	2.1159025E-4
0.31623	1.9485656E-4
0.32546407	1.7925867E-4
0.33496782	1.6473517E-4
0.34474903	1.5122694E-4
0.3548159	1.3867696E-4
0.3651767	1.2703035E-4
0.37584007	1.16234325E-4
0.3868148	1.0623824E-4
0.39811	9.699354E-5
0.40973493	8.8453766E-5
0.42169935	8.057442E-5
0.4340131	7.331306E-5
0.44668642	6.6629254E-5
0.4597298	6.04845E-5
0.47315407	5.484222E-5
0.4869703	4.9667695E-5
0.50119	4.4928027E-5
0.5158249	4.059209E-5
0.5308872	3.663049E-5
0.5463893	3.301549E-5
0.5623441	2.972098E-5
0.57876474	2.6722404E-5
0.59566486	2.3996707E-5
0.61305845	2.1522277E-5
0.63096	1.9278898E-5
0.6493842	1.7247674E-5
0.6683464	1.5410977E-5
0.6878623	1.3752386E-5
0.7079481	1.2256638E-5
0.72862035	1.090956E-5
0.7498962	9.6980175E-6
0.7717934	8.609854E-6
0.79433	7.633841E-6
0.8175246	6.759623E-6
0.8413966	5.9776607E-6
0.86596555	5.2791875E-6
0.8912519	4.6561563E-6
0.9172767	4.1011945E-6
0.9440614	3.607558E-6
0.97162825	3.1690872E-6
1.0	2.7801675E-6
1.029201	2.4356793E-6
1.0592546	2.1309884E-6
1.090186	1.8618813E-6
1.1220205	1.6245424E-6
1.1547846	1.4155215E-6
1.1885055	1.2317048E-6
1.223211	1.070286E-6
1.25893	9.2874103E-7
1.2956905	8.048076E-7
1.3335243	6.964473E-7
1.3724631	6.018411E-7
1.4125386	5.193638E-7
1.4537846	4.4756547E-7
1.4962348	3.8515495E-7
1.5399245	3.3098422E-7
1.58489	2.8403457E-7
1.6311698	2.4340213E-7
1.678801	2.0828985E-7
1.727823	1.7799243E-7
1.7782766	1.518883E-7
1.8302034	1.2943026E-7
1.8836465	1.1013763E-7
1.9386501	9.3588774E-8
1.99526	7.941444E-8
2.0535233	6.7291836E-8
2.113488	5.6939395E-8
2.1752036	4.8111787E-8
2.2387214	4.059552E-8
2.304094	3.4205257E-8
2.3713756	2.8780365E-8
2.4406219	2.4181805E-8
2.51189	2.0289493E-8
2.5852382	1.6999849E-8
2.6607285	1.4223627E-8
2.7384229	1.1884115E-8
2.818386	9.915542E-9
2.900684	8.261534E-9
2.9853854	6.873848E-9
3.0725598	5.711327E-9
3.16228	4.7388125E-9
3.2546198	3.9264445E-9
3.3496559	3.2488832E-9
3.447467	2.6845468E-9
3.5481343	2.2151951E-9
3.6517413	1.8253941E-9
3.7583735	1.5021465E-9
3.8681195	1.2344464E-9
3.98107	1.0130715E-9
4.097319	8.302805E-10
4.2169633	6.7953176E-10
4.340101	5.5543636E-10
4.466834	4.5337167E-10
4.5972676	3.6956038E-10
4.7315106	3.0084746E-10
4.869673	2.445818E-10
5.01187	1.9858482E-10
5.1582193	1.6098933E-10
5.3088417	1.3034818E-10
5.463863	1.0540169E-10
5.62341	8.510803E-11
5.7876167	6.864376E-11
5.9566183	5.527634E-11
6.1305547	4.445977E-11
6.30957	3.5718872E-11
6.493813	2.865963E-11
6.683436	2.2966407E-11
6.878596	1.8376523E-11
7.079455	1.468059E-11
7.286179	1.1719292E-11
7.4989395	9.338752E-12
7.7179127	7.435275E-12
7.94328	5.9070526E-12
8.175228	4.683698E-12
8.41395	3.7156944E-12
8.659641	2.937539E-12
8.912508	2.309597E-12
9.172758	1.821654E-12
9.440608	1.428524E-12
9.716279	1.1196599E-12
10.0	8.687495E-13



DATASET #2

Name: RSQSim
Num Points: 401
Info: 

X, Y Data:
1.0E-4	0.2240941
1.0333392E-4	0.22408114
1.06779E-4	0.2240669
1.1033893E-4	0.22405125
1.14017545E-4	0.22403407
1.178188E-4	0.22401524
1.2174679E-4	0.2239946
1.2580573E-4	0.22397201
1.3E-4	0.2239473
1.334183E-4	0.22392613
1.369265E-4	0.22390342
1.4052694E-4	0.22387908
1.4422205E-4	0.22385304
1.4801433E-4	0.22382514
1.5190631E-4	0.2237953
1.5590065E-4	0.22376338
1.6E-4	0.22372927
1.645257E-4	0.22369
1.691794E-4	0.22364788
1.7396474E-4	0.22360271
1.7888544E-4	0.22355431
1.8394532E-4	0.22350249
1.8914833E-4	0.22344701
1.944985E-4	0.22338766
2.0E-4	0.22332421
2.0565712E-4	0.22325641
2.1147425E-4	0.22318402
2.1745593E-4	0.22310676
2.236068E-4	0.22302435
2.2993165E-4	0.22293653
2.364354E-4	0.22284296
2.4312311E-4	0.22274333
2.5E-4	0.22263733
2.5783465E-4	0.22251222
2.659148E-4	0.2223784
2.742482E-4	0.22223538
2.8284272E-4	0.22208263
2.917066E-4	0.22191961
3.0084825E-4	0.22174576
3.102764E-4	0.22156051
3.2E-4	0.22136325
3.290514E-4	0.22117409
3.383588E-4	0.22097415
3.4792948E-4	0.22076292
3.5777088E-4	0.22053994
3.6789064E-4	0.22030468
3.7829665E-4	0.22005664
3.88997E-4	0.21979526
4.0E-4	0.21952003
4.1131425E-4	0.21923038
4.229485E-4	0.21892579
4.3491187E-4	0.21860564
4.472136E-4	0.2182694
4.598633E-4	0.21791646
4.728708E-4	0.21754624
4.8624622E-4	0.21715818
5.0E-4	0.21675165
5.1465514E-4	0.21631052
5.2973983E-4	0.2158483
5.4526667E-4	0.21536429
5.612486E-4	0.21485789
5.77699E-4	0.2143284
5.946315E-4	0.21377517
6.120603E-4	0.21319757
6.3E-4	0.21259496
6.4807665E-4	0.21198002
6.6667196E-4	0.21133992
6.858008E-4	0.21067408
7.0547854E-4	0.20998198
7.257209E-4	0.20926306
7.465441E-4	0.2085168
7.6796475E-4	0.20774275
7.9E-4	0.2069404
8.136239E-4	0.20607412
8.379543E-4	0.20517617
8.630122E-4	0.20424613
8.8881946E-4	0.20328356
9.153984E-4	0.20228809
9.427722E-4	0.20125937
9.7096455E-4	0.20019712
0.001	0.19910105
0.0010293103	0.19799338
0.0010594797	0.19685283
0.0010905333	0.1956793
0.0011224973	0.1944727
0.001155398	0.19323298
0.001189263	0.19196017
0.0012241206	0.19065431
0.00126	0.18931551
0.0012961533	0.18797274
0.0013333439	0.18659872
0.0013716016	0.18519369
0.0014109571	0.1837579
0.0014514418	0.18229172
0.0014930882	0.18079546
0.0015359295	0.17926958
0.00158	0.17771453
0.0016272478	0.17606433
0.0016759086	0.17438364
0.0017260244	0.17267314
0.0017776389	0.17093353
0.0018307968	0.16916558
0.0018855444	0.16737011
0.0019419291	0.165548
0.002	0.16370013
0.0020575977	0.16189612
0.002116854	0.16006997
0.002177817	0.15822262
0.0022405356	0.156355
0.0023050604	0.15446812
0.0023714434	0.15256298
0.0024397383	0.15064065
0.00251	0.14870217
0.0025833033	0.14672144
0.0026587474	0.1447264
0.0027363948	0.14271824
0.0028163097	0.14069818
0.0028985585	0.13866742
0.0029832094	0.13662721
0.0030703326	0.13457878
0.00316	0.13252337
0.0032524571	0.1304585
0.0033476194	0.12838918
0.003445566	0.12631668
0.0035463783	0.12424227
0.0036501405	0.12216721
0.0037569385	0.12009277
0.003866861	0.118020214
0.00398	0.11595077
0.004096165	0.11389064
0.0042157196	0.111836046
0.0043387646	0.10978818
0.0044654002	0.10774821
0.0045957323	0.10571727
0.0047298684	0.1036965
0.0048679197	0.101687
0.00501	0.09968982
0.005156579	0.09770133
0.0053074467	0.095727295
0.005462728	0.093768686
0.0056225527	0.09182646
0.0057870536	0.08990152
0.005956367	0.08799475
0.0061306343	0.08610697
0.00631	0.08423898
0.006493865	0.08239887
0.0066830874	0.08057984
0.0068778237	0.078782536
0.007078234	0.077007584
0.0072844843	0.07525555
0.0074967444	0.07352696
0.00771519	0.0718223
0.00794	0.07014201
0.008172275	0.06848008
0.008411343	0.066843465
0.008657407	0.06523246
0.008910668	0.063647345
0.009171338	0.062088333
0.009439633	0.0605556
0.009715778	0.059049293
0.01	0.0575695
0.010292081	0.05611849
0.010592694	0.054693986
0.010902087	0.05329597
0.011220517	0.05192439
0.011548247	0.050579146
0.011885551	0.04926012
0.012232705	0.047967155
0.01259	0.046700068
0.012957647	0.045458917
0.013336032	0.044243183
0.013725464	0.043052595
0.01412627	0.041886877
0.014538779	0.040745717
0.014963334	0.039628796
0.015400288	0.038535766
0.01585	0.037466276
0.016312422	0.03642089
0.016788337	0.035398252
0.017278135	0.03439798
0.017782224	0.033419676
0.01830102	0.032462943
0.01883495	0.031527374
0.019384459	0.030612566
0.01995	0.02971811
0.020533005	0.028842192
0.021133045	0.027985884
0.021750621	0.027148785
0.022386245	0.026330497
0.023040446	0.02553063
0.023713762	0.024748806
0.024406755	0.023984646
0.02512	0.023237787
0.025853088	0.022508843
0.02660757	0.021796454
0.027384069	0.021100286
0.02818323	0.02042002
0.029005712	0.019755345
0.029852198	0.019105962
0.030723387	0.018471582
0.03162	0.017851932
0.032543603	0.017246222
0.033494186	0.01665475
0.034472536	0.016077278
0.03547946	0.015513575
0.0365158	0.014963418
0.03758241	0.014426602
0.03868017	0.013902925
0.03981	0.013392195
0.040972695	0.012894288
0.042169347	0.012408968
0.04340095	0.011936068
0.044668525	0.011475426
0.04597312	0.011026886
0.047315817	0.010590299
0.04869773	0.010165515
0.05012	0.009752393
0.0515838	0.0093507925
0.053090356	0.008960574
0.05464091	0.008581599
0.05623675	0.008213732
0.0578792	0.007856836
0.059569612	0.007510773
0.0613094	0.007175406
0.0631	0.0068505956
0.06494172	0.0065363958
0.066837184	0.006232454
0.06878798	0.005938625
0.070795715	0.0056547592
0.072862044	0.005380705
0.074988686	0.0051163062
0.077177405	0.0048614037
0.07943	0.004615835
0.08174976	0.0043792934
0.08413727	0.004151759
0.08659451	0.0039330577
0.08912351	0.0037230116
0.09172637	0.003521439
0.09440525	0.0033281546
0.097162366	0.003142971
0.1	0.0029656969
0.102919795	0.0027961787
0.10592484	0.0026341763
0.109017625	0.0024794918
0.112200715	0.0023319244
0.11547674	0.0021912733
0.11884842	0.002057335
0.12231855	0.0019299062
0.12589	0.0018087826
0.12956645	0.0016937382
0.13335027	0.0015845929
0.13724458	0.0014811432
0.14125264	0.0013831864
0.14537773	0.0012905212
0.14962329	0.001202948
0.15399285	0.0011202691
0.15849	0.0010422888
0.16311829	9.6881774E-4
0.16788174	8.9966244E-4
0.17278428	8.3463616E-4
0.17783	7.7355566E-4
0.18302307	7.1624137E-4
0.18836778	6.625175E-4
0.19386858	6.122126E-4
0.19953	5.6515913E-4
0.20535603	5.211996E-4
0.21135218	4.801697E-4
0.21752341	4.4191594E-4
0.22387484	4.0628962E-4
0.23041171	3.7314688E-4
0.23713945	3.4234888E-4
0.24406363	3.1376173E-4
0.25119	2.872566E-4
0.25852492	2.6270817E-4
0.26607406	2.399994E-4
0.27384362	2.1901654E-4
0.28184006	1.9965076E-4
0.29007	1.8179818E-4
0.29854023	1.6535976E-4
0.30725783	1.5024122E-4
0.31623	1.3635297E-4
0.32546407	1.2361012E-4
0.33496782	1.1193204E-4
0.34474903	1.01242564E-4
0.3548159	9.146979E-5
0.3651767	8.25459E-5
0.37584007	7.4407064E-5
0.3868148	6.699327E-5
0.39811	6.0248214E-5
0.40973493	5.4119166E-5
0.42169935	4.8556718E-5
0.4340131	4.351476E-5
0.44668642	3.8950282E-5
0.4597298	3.4823246E-5
0.47315407	3.1096417E-5
0.4869703	2.7735228E-5
0.50119	2.470765E-5
0.5158249	2.198403E-5
0.5308872	1.9536981E-5
0.5463893	1.7341232E-5
0.5623441	1.5373504E-5
0.57876474	1.3612391E-5
0.59566486	1.2038233E-5
0.61305845	1.0633008E-5
0.63096	9.380217E-6
0.6493842	8.264784E-6
0.6683464	7.2729435E-6
0.6878623	6.3921566E-6
0.7079481	5.6110175E-6
0.72862035	4.919165E-6
0.7498962	4.307202E-6
0.7717934	3.76662E-6
0.79433	3.289727E-6
0.8175246	2.8695783E-6
0.8413966	2.4999151E-6
0.86596555	2.1751048E-6
0.8912519	1.8900871E-6
0.9172767	1.6403216E-6
0.9440614	1.421742E-6
0.97162825	1.2307113E-6
1.0	1.0639823E-6
1.029201	9.1865576E-7
1.0592546	7.921589E-7
1.090186	6.822007E-7
1.1220205	5.867481E-7
1.1547846	5.039998E-7
1.1885055	4.32362E-7
1.223211	3.7042705E-7
1.25893	3.1695342E-7
1.2956905	2.7084965E-7
1.3335243	2.311522E-7
1.3724631	1.9701741E-7
1.4125386	1.6770566E-7
1.4537846	1.4256976E-7
1.4962348	1.2104405E-7
1.5399245	1.0263512E-7
1.58489	8.691308E-8
1.6311698	7.350367E-8
1.678801	6.2082606E-8
1.727823	5.2368247E-8
1.7782766	4.411679E-8
1.8302034	3.7117438E-8
1.8836465	3.118823E-8
1.9386501	2.6172364E-8
1.99526	2.1934873E-8
2.0535233	1.8359787E-8
2.113488	1.5347643E-8
2.1752036	1.281322E-8
2.2387214	1.0683628E-8
2.304094	8.896607E-9
2.3713756	7.3990414E-9
2.4406219	6.1457404E-9
2.51189	5.098246E-9
2.5852382	4.223954E-9
2.6607285	3.495187E-9
2.7384229	2.8885028E-9
2.818386	2.3841267E-9
2.900684	1.9653643E-9
2.9853854	1.6181434E-9
3.0725598	1.3306138E-9
3.16228	1.0928041E-9
3.2546198	8.9639685E-10
3.3496559	7.3439077E-10
3.447467	6.009312E-10
3.5481343	4.9112037E-10
3.6517413	4.0089265E-10
3.7583735	3.2685088E-10
3.8681195	2.6616875E-10
3.98107	2.1648583E-10
4.097319	1.758802E-10
4.2169633	1.4271506E-10
4.340101	1.15665366E-10
4.466834	9.363266E-11
4.5972676	7.57131E-11
4.7315106	6.113143E-11
4.869673	4.9310445E-11
5.01187	3.974121E-11
5.1582193	3.200762E-11
5.3088417	2.5719205E-11
5.463863	2.0627833E-11
5.62341	1.651701E-11
5.7876167	1.32089895E-11
5.9566183	1.0567769E-11
6.1305547	8.456125E-12
6.30957	6.7532646E-12
6.493813	5.3627103E-12
6.683436	4.2574833E-12
6.878596	3.3836267E-12
7.079455	2.6891822E-12
7.286179	2.1364022E-12
7.4989395	1.69742E-12
7.7179127	1.3429258E-12
7.94328	1.0549339E-12
8.175228	8.3411056E-13
8.41395	6.535883E-13
8.659641	5.092593E-13
8.912508	3.9368508E-13
9.172758	3.0275782E-13
9.440608	2.3603342E-13
9.716279	1.8363089E-13
10.0	1.4321877E-13



DATASET #3

Name: 1000yr
Num Points: 2
Info: 

X, Y Data:
0.001	0.001
10.0	0.001



DATASET #4

Name: 2500yr
Num Points: 2
Info: 

X, Y Data:
0.001	4.0E-4
10.0	4.0E-4



DATASET #5

Name: 10000yr
Num Points: 2
Info: 

X, Y Data:
0.001	1.0E-4
10.0	1.0E-4


