
X-Axis: 2.0s SA (g)
Y-Axis: Annual Probabilitiy
Number of Data Sets: 5


DATASET #1

Name: UCERF3
Num Points: 401
Info: 

X, Y Data:
1.0E-4	0.17456645
1.0333392E-4	0.17452674
1.06779E-4	0.17448337
1.1033893E-4	0.17443608
1.14017545E-4	0.17438458
1.178188E-4	0.17432855
1.2174679E-4	0.1742677
1.2580573E-4	0.17420167
1.3E-4	0.1741301
1.334183E-4	0.17406932
1.369265E-4	0.17400466
1.4052694E-4	0.17393592
1.4422205E-4	0.17386292
1.4801433E-4	0.17378545
1.5190631E-4	0.17370327
1.5590065E-4	0.1736162
1.6E-4	0.17352399
1.645257E-4	0.17341892
1.691794E-4	0.17330736
1.7396474E-4	0.17318901
1.7888544E-4	0.17306358
1.8394532E-4	0.17293075
1.8914833E-4	0.17279018
1.944985E-4	0.17264158
2.0E-4	0.17248458
2.0565712E-4	0.17231886
2.1147425E-4	0.17214409
2.1745593E-4	0.17195989
2.236068E-4	0.17176595
2.2993165E-4	0.17156188
2.364354E-4	0.17134735
2.4312311E-4	0.17112198
2.5E-4	0.17088541
2.5783465E-4	0.17061022
2.659148E-4	0.17032038
2.742482E-4	0.17001541
2.8284272E-4	0.16969481
2.917066E-4	0.1693581
3.0084825E-4	0.16900478
3.102764E-4	0.16863437
3.2E-4	0.1682464
3.290514E-4	0.16788019
3.383588E-4	0.16749892
3.4792948E-4	0.16710223
3.5777088E-4	0.16668983
3.6789064E-4	0.16626136
3.7829665E-4	0.16581653
3.88997E-4	0.16535506
4.0E-4	0.16487662
4.1131425E-4	0.16438097
4.229485E-4	0.16386783
4.3491187E-4	0.16333695
4.472136E-4	0.1627881
4.598633E-4	0.16222103
4.728708E-4	0.16163558
4.8624622E-4	0.16103151
5.0E-4	0.16040869
5.1465514E-4	0.15974367
5.2973983E-4	0.15905818
5.4526667E-4	0.15835212
5.612486E-4	0.15762536
5.77699E-4	0.15687782
5.946315E-4	0.15610944
6.120603E-4	0.15532018
6.3E-4	0.15451004
6.4807665E-4	0.15369648
6.6667196E-4	0.15286295
6.858008E-4	0.1520095
7.0547854E-4	0.1511362
7.257209E-4	0.1502432
7.465441E-4	0.1493306
7.6796475E-4	0.14839858
7.9E-4	0.14744732
8.136239E-4	0.14643626
8.379543E-4	0.14540483
8.630122E-4	0.14435333
8.8881946E-4	0.14328206
9.153984E-4	0.14219138
9.427722E-4	0.14108168
9.7096455E-4	0.13995335
0.001	0.13880685
0.0010293103	0.13766557
0.0010594797	0.13650772
0.0010905333	0.13533379
0.0011224973	0.13414428
0.001155398	0.13293971
0.001189263	0.13172065
0.0012241206	0.13048765
0.00126	0.1292413
0.0012961533	0.12800847
0.0013333439	0.12676401
0.0013716016	0.12550852
0.0014109571	0.1242426
0.0014514418	0.12296687
0.0014930882	0.121681966
0.0015359295	0.120388545
0.00158	0.11908724
0.0016272478	0.11772417
0.0016759086	0.11635403
0.0017260244	0.11497757
0.0017776389	0.113595545
0.0018307968	0.112208724
0.0018855444	0.11081788
0.0019419291	0.109423764
0.002	0.10802714
0.0020575977	0.10667973
0.002116854	0.10533137
0.002177817	0.103982724
0.0022405356	0.10263446
0.0023050604	0.10128722
0.0023714434	0.099941656
0.0024397383	0.09859839
0.00251	0.09725805
0.0025833033	0.0959027
0.0026587474	0.094551615
0.0027363948	0.09320537
0.0028163097	0.09186456
0.0028985585	0.09052977
0.0029832094	0.08920153
0.0030703326	0.08788039
0.00316	0.08656685
0.0032524571	0.08525903
0.0033476194	0.08395981
0.003445566	0.08266964
0.0035463783	0.08138895
0.0036501405	0.08011815
0.0037569385	0.078857616
0.003866861	0.07760771
0.00398	0.07636879
0.004096165	0.07514408
0.0042157196	0.07393089
0.0043387646	0.07272948
0.0044654002	0.07154009
0.0045957323	0.070362926
0.0047298684	0.0691982
0.0048679197	0.06804607
0.00501	0.06690668
0.005156579	0.06577752
0.0053074467	0.06466138
0.005462728	0.06355837
0.0056225527	0.062468525
0.0057870536	0.0613919
0.005956367	0.06032851
0.0061306343	0.05927835
0.00631	0.0582414
0.006493865	0.057221696
0.0066830874	0.056215003
0.0068778237	0.055221252
0.007078234	0.054240357
0.0072844843	0.053272218
0.0074967444	0.052316714
0.00771519	0.05137372
0.00794	0.050443094
0.008172275	0.049521133
0.008411343	0.048611324
0.008657407	0.047713492
0.008910668	0.046827454
0.009171338	0.045953028
0.009439633	0.04509002
0.009715778	0.044238232
0.01	0.04339746
0.010292081	0.04256877
0.010592694	0.041750655
0.010902087	0.04094291
0.011220517	0.040145338
0.011548247	0.039357726
0.011885551	0.03857988
0.012232705	0.037811603
0.01259	0.037052702
0.012957647	0.03630315
0.013336032	0.035562605
0.013725464	0.034830887
0.01412627	0.034107834
0.014538779	0.033393282
0.014963334	0.032687087
0.015400288	0.031989105
0.01585	0.031299204
0.016312422	0.03061788
0.016788337	0.029944394
0.017278135	0.029278649
0.017782224	0.028620556
0.01830102	0.027970042
0.01883495	0.02732704
0.019384459	0.026691495
0.01995	0.026063364
0.020533005	0.025441607
0.021133045	0.024827236
0.021750621	0.02422024
0.022386245	0.023620615
0.023040446	0.023028372
0.023713762	0.022443525
0.024406755	0.021866105
0.02512	0.021296147
0.025853088	0.020734439
0.02660757	0.02018026
0.027384069	0.01963367
0.02818323	0.01909472
0.029005712	0.018563481
0.029852198	0.018040018
0.030723387	0.017524404
0.03162	0.01701671
0.032543603	0.016516577
0.033494186	0.01602453
0.034472536	0.0155406445
0.03547946	0.015064995
0.0365158	0.014597653
0.03758241	0.01413869
0.03868017	0.013688172
0.03981	0.013246163
0.040972695	0.012812769
0.042169347	0.012387995
0.04340095	0.011971885
0.044668525	0.011564484
0.04597312	0.011165824
0.047315817	0.010775935
0.04869773	0.010394834
0.05012	0.010022537
0.0515838	0.009659046
0.053090356	0.009304359
0.05464091	0.008958461
0.05623675	0.00862133
0.0578792	0.008292939
0.059569612	0.007973248
0.0613094	0.0076622097
0.0631	0.00735977
0.06494172	0.0070660473
0.066837184	0.006780776
0.06878798	0.006503877
0.070795715	0.006235263
0.072862044	0.005974839
0.074988686	0.0057225036
0.077177405	0.005478148
0.07943	0.005241658
0.08174976	0.005012777
0.08413727	0.004791524
0.08659451	0.004577767
0.08912351	0.00437137
0.09172637	0.004172193
0.09440525	0.003980091
0.097162366	0.0037949174
0.1	0.0036165211
0.102919795	0.0034447906
0.10592484	0.003279527
0.109017625	0.0031205737
0.112200715	0.0029677732
0.11547674	0.0028209672
0.11884842	0.002679997
0.12231855	0.0025447034
0.12589	0.002414928
0.12956645	0.0022904892
0.13335027	0.0021712552
0.13724458	0.0020570701
0.14125264	0.0019477793
0.14537773	0.0018432295
0.14962329	0.0017432699
0.15399285	0.001647751
0.15849	0.0015565263
0.16311829	0.0014694547
0.16788174	0.0013863905
0.17278428	0.0013071942
0.17783	0.0012317294
0.18302307	0.0011598623
0.18836778	0.0010914617
0.19386858	0.0010263999
0.19953	9.645518E-4
0.20535603	9.0580236E-4
0.21135218	8.500247E-4
0.21752341	7.971028E-4
0.22387484	7.4692373E-4
0.23041171	6.993774E-4
0.23713945	6.5435667E-4
0.24406363	6.1175734E-4
0.25119	5.714782E-4
0.25852492	5.334184E-4
0.26607406	4.9748505E-4
0.27384362	4.6358543E-4
0.28184006	4.3162948E-4
0.29007	4.0152992E-4
0.29854023	3.7320206E-4
0.30725783	3.46564E-4
0.31623	3.2153624E-4
0.32546407	2.9804214E-4
0.33496782	2.760072E-4
0.34474903	2.5535954E-4
0.3548159	2.3602972E-4
0.3651767	2.1795073E-4
0.37584007	2.0105785E-4
0.3868148	1.8528872E-4
0.39811	1.7058328E-4
0.40973493	1.5688375E-4
0.42169935	1.441344E-4
0.4340131	1.3228176E-4
0.44668642	1.2127447E-4
0.4597298	1.110633E-4
0.47315407	1.01601065E-4
0.4869703	9.284257E-5
0.50119	8.474464E-5
0.5158249	7.726599E-5
0.5308872	7.036728E-5
0.5463893	6.401098E-5
0.5623441	5.81614E-5
0.57876474	5.2784606E-5
0.59566486	4.7848378E-5
0.61305845	4.3322176E-5
0.63096	3.9177077E-5
0.6493842	3.538576E-5
0.6683464	3.1922395E-5
0.6878623	2.8762646E-5
0.7079481	2.5883603E-5
0.72862035	2.3263727E-5
0.7498962	2.0882808E-5
0.7717934	1.8721896E-5
0.79433	1.6763268E-5
0.8175246	1.4990358E-5
0.8413966	1.33877165E-5
0.86596555	1.19409515E-5
0.8912519	1.06366815E-5
0.9172767	9.462484E-6
0.9440614	8.406844E-6
0.97162825	7.459107E-6
1.0	6.6094303E-6
1.029201	5.8487153E-6
1.0592546	5.168625E-6
1.090186	4.561474E-6
1.1220205	4.0202085E-6
1.1547846	3.5383678E-6
1.1885055	3.110041E-6
1.223211	2.7298327E-6
1.25893	2.3928237E-6
1.2956905	2.0945492E-6
1.3335243	1.8309289E-6
1.3724631	1.5982758E-6
1.4125386	1.3932522E-6
1.4537846	1.2128412E-6
1.4962348	1.0543215E-6
1.5399245	9.1524134E-7
1.58489	7.933968E-7
1.6311698	6.868068E-7
1.678801	5.9370234E-7
1.727823	5.124979E-7
1.7782766	4.417775E-7
1.8302034	3.8027926E-7
1.8836465	3.2688015E-7
1.9386501	2.8058264E-7
1.99526	2.4050215E-7
2.0535233	2.0585533E-7
2.113488	1.7595057E-7
2.1752036	1.5017736E-7
2.2387214	1.2799808E-7
2.304094	1.0894002E-7
2.3713756	9.258858E-8
2.4406219	7.858013E-8
2.51189	6.659699E-8
2.5852382	5.636175E-8
2.6607285	4.763229E-8
2.7384229	4.0198202E-8
2.818386	3.3876685E-8
2.900684	2.8509158E-8
2.9853854	2.3958453E-8
3.0725598	2.0106045E-8
3.16228	1.6849553E-8
3.2546198	1.4100844E-8
3.3496559	1.1784175E-8
3.447467	9.834487E-9
3.5481343	8.19605E-9
3.6517413	6.821183E-9
3.7583735	5.6691634E-9
3.8681195	4.7052753E-9
3.98107	3.8999697E-9
4.097319	3.2280858E-9
4.2169633	2.6683558E-9
4.340101	2.2027136E-9
4.466834	1.8158938E-9
4.5972676	1.4950124E-9
4.7315106	1.2291927E-9
4.869673	1.0093227E-9
5.01187	8.2769147E-10
5.1582193	6.77862E-10
5.3088417	5.5442917E-10
5.463863	4.5288862E-10
5.62341	3.6947623E-10
5.7876167	3.0103942E-10
5.9566183	2.449726E-10
6.1305547	1.9910218E-10
6.30957	1.6161905E-10
6.493813	1.3102852E-10
6.683436	1.06097464E-10
6.878596	8.5806695E-11
7.079455	6.9313555E-11
7.286179	5.5926153E-11
7.4989395	4.5067505E-11
7.7179127	3.6279313E-11
7.94328	2.9171332E-11
8.175228	2.3427926E-11
8.41395	1.8792967E-11
8.659641	1.5059065E-11
8.912508	1.2051804E-11
9.172758	9.638956E-12
9.440608	7.6954E-12
9.716279	6.1359806E-12
10.0	4.889311E-12



DATASET #2

Name: RSQSim
Num Points: 401
Info: 

X, Y Data:
1.0E-4	0.22395699
1.0333392E-4	0.22392906
1.06779E-4	0.22389843
1.1033893E-4	0.22386487
1.14017545E-4	0.22382815
1.178188E-4	0.22378802
1.2174679E-4	0.22374421
1.2580573E-4	0.22369644
1.3E-4	0.22364442
1.334183E-4	0.22360002
1.369265E-4	0.22355257
1.4052694E-4	0.22350194
1.4422205E-4	0.22344792
1.4801433E-4	0.22339033
1.5190631E-4	0.223329
1.5590065E-4	0.22326368
1.6E-4	0.22319421
1.645257E-4	0.22311465
1.691794E-4	0.22302975
1.7396474E-4	0.22293922
1.7888544E-4	0.22284275
1.8394532E-4	0.22274005
1.8914833E-4	0.2226308
1.944985E-4	0.22251464
2.0E-4	0.22239126
2.0565712E-4	0.22226028
2.1147425E-4	0.22212137
2.1745593E-4	0.22197415
2.236068E-4	0.22181822
2.2993165E-4	0.22165321
2.364354E-4	0.22147872
2.4312311E-4	0.22129433
2.5E-4	0.22109963
2.5783465E-4	0.22087173
2.659148E-4	0.2206301
2.742482E-4	0.22037415
2.8284272E-4	0.2201033
2.917066E-4	0.21981691
3.0084825E-4	0.21951438
3.102764E-4	0.2191951
3.2E-4	0.21885842
3.290514E-4	0.21853861
3.383588E-4	0.21820362
3.4792948E-4	0.217853
3.5777088E-4	0.21748625
3.6789064E-4	0.21710294
3.7829665E-4	0.21670264
3.88997E-4	0.21628486
4.0E-4	0.21584919
4.1131425E-4	0.21539518
4.229485E-4	0.21492241
4.3491187E-4	0.21443047
4.472136E-4	0.21391895
4.598633E-4	0.21338747
4.728708E-4	0.21283567
4.8624622E-4	0.21226317
5.0E-4	0.21166964
5.1465514E-4	0.21103238
5.2973983E-4	0.21037188
5.4526667E-4	0.20968781
5.612486E-4	0.2089799
5.77699E-4	0.20824789
5.946315E-4	0.20749152
6.120603E-4	0.2067106
6.3E-4	0.20590496
6.4807665E-4	0.20509195
6.6667196E-4	0.20425498
6.858008E-4	0.203394
7.0547854E-4	0.20250893
7.257209E-4	0.20159976
7.465441E-4	0.20066653
7.6796475E-4	0.19970928
7.9E-4	0.19872808
8.136239E-4	0.19768076
8.379543E-4	0.19660775
8.630122E-4	0.19550925
8.8881946E-4	0.19438551
9.153984E-4	0.1932368
9.427722E-4	0.1920634
9.7096455E-4	0.19086571
0.001	0.18964407
0.0010293103	0.18842347
0.0010594797	0.18718067
0.0010905333	0.18591611
0.0011224973	0.18463026
0.001155398	0.1833236
0.001189263	0.18199667
0.0012241206	0.18065
0.00126	0.17928413
0.0012961533	0.17792858
0.0013333439	0.17655575
0.0013716016	0.17516619
0.0014109571	0.17376047
0.0014514418	0.17233922
0.0014930882	0.17090298
0.0015359295	0.16945238
0.00158	0.16798803
0.0016272478	0.16644883
0.0016759086	0.16489606
0.0017260244	0.16333038
0.0017776389	0.1617525
0.0018307968	0.1601631
0.0018855444	0.15856285
0.0019419291	0.15695241
0.002	0.15533245
0.0020575977	0.15376307
0.002116854	0.15218602
0.002177817	0.15060185
0.0022405356	0.14901109
0.0023050604	0.14741427
0.0023714434	0.14581193
0.0024397383	0.14420456
0.00251	0.14259264
0.0025833033	0.1409542
0.0026587474	0.13931204
0.0027363948	0.13766667
0.0028163097	0.13601851
0.0028985585	0.13436802
0.0029832094	0.13271558
0.0030703326	0.13106161
0.00316	0.12940653
0.0032524571	0.12774765
0.0033476194	0.1260884
0.003445566	0.1244291
0.0035463783	0.122770116
0.0036501405	0.121111766
0.0037569385	0.119454384
0.003866861	0.11779828
0.00398	0.11614376
0.004096165	0.11449511
0.0042157196	0.112848625
0.0043387646	0.111204594
0.0044654002	0.1095633
0.0045957323	0.10792502
0.0047298684	0.106290035
0.0048679197	0.104658626
0.00501	0.10303106
0.005156579	0.10140377
0.0053074467	0.09978091
0.005462728	0.09816275
0.0056225527	0.09654958
0.0057870536	0.09494168
0.005956367	0.093339354
0.0061306343	0.09174289
0.00631	0.090152584
0.006493865	0.088575065
0.0066830874	0.087004274
0.0068778237	0.085440524
0.007078234	0.08388413
0.0072844843	0.08233541
0.0074967444	0.0807947
0.00771519	0.07926234
0.00794	0.077738665
0.008172275	0.076218136
0.008411343	0.07470707
0.008657407	0.07320581
0.008910668	0.07171472
0.009171338	0.07023418
0.009439633	0.068764545
0.009715778	0.06730618
0.01	0.06585947
0.010292081	0.06442696
0.010592694	0.0630068
0.010902087	0.061599363
0.011220517	0.060205005
0.011548247	0.05882409
0.011885551	0.057456974
0.012232705	0.05610401
0.01259	0.054765552
0.012957647	0.053442225
0.013336032	0.052134067
0.013725464	0.050841395
0.01412627	0.049564525
0.014538779	0.048303768
0.014963334	0.047059406
0.015400288	0.045831725
0.01585	0.04462099
0.016312422	0.043428525
0.016788337	0.042253472
0.017278135	0.041096054
0.017782224	0.03995648
0.01830102	0.03883495
0.01883495	0.037731647
0.019384459	0.036646724
0.01995	0.035580333
0.020533005	0.034530915
0.021133045	0.033500332
0.021750621	0.032488685
0.022386245	0.03149606
0.023040446	0.030522516
0.023713762	0.029568104
0.024406755	0.028632853
0.02512	0.027716782
0.025853088	0.02682108
0.02660757	0.025944488
0.027384069	0.025086977
0.02818323	0.024248498
0.029005712	0.023428991
0.029852198	0.022628384
0.030723387	0.021846587
0.03162	0.021083497
0.032543603	0.020338353
0.033494186	0.01961171
0.034472536	0.018903429
0.03547946	0.018213358
0.0365158	0.017541338
0.03758241	0.016887197
0.03868017	0.016250752
0.03981	0.015631815
0.040972695	0.01503025
0.042169347	0.014445779
0.04340095	0.013878183
0.044668525	0.01332724
0.04597312	0.012792715
0.047315817	0.01227437
0.04869773	0.011771958
0.05012	0.011285229
0.0515838	0.010813926
0.053090356	0.010357784
0.05464091	0.009916534
0.05623675	0.009489904
0.0578792	0.009077616
0.059569612	0.00867939
0.0613094	0.00829494
0.0631	0.007923979
0.06494172	0.0075664395
0.066837184	0.0072217896
0.06878798	0.006889735
0.070795715	0.00656998
0.072862044	0.0062622284
0.074988686	0.005966181
0.077177405	0.005681541
0.07943	0.005408008
0.08174976	0.0051451307
0.08413727	0.0048927786
0.08659451	0.0046506543
0.08912351	0.0044184634
0.09172637	0.004195912
0.09440525	0.003982708
0.097162366	0.0037785633
0.1	0.0035831921
0.102919795	0.0033963558
0.10592484	0.0032177267
0.109017625	0.0030470302
0.112200715	0.0028839947
0.11547674	0.0027283544
0.11884842	0.0025798467
0.12231855	0.0024382146
0.12589	0.0023032061
0.12956645	0.0021745504
0.13335027	0.0020520329
0.13724458	0.0019354174
0.14125264	0.0018244742
0.14537773	0.0017189787
0.14962329	0.001618713
0.15399285	0.0015234646
0.15849	0.001433027
0.16311829	0.0013472036
0.16788174	0.0012657963
0.17278428	0.0011886169
0.17783	0.0011154832
0.18302307	0.0010462189
0.18836778	9.806538E-4
0.19386858	9.186233E-4
0.19953	8.599686E-4
0.20535603	8.045431E-4
0.21135218	7.5219176E-4
0.21752341	7.027724E-4
0.22387484	6.561481E-4
0.23041171	6.121871E-4
0.23713945	5.7076244E-4
0.24406363	5.3175224E-4
0.25119	4.950394E-4
0.25852492	4.6050904E-4
0.26607406	4.2805547E-4
0.27384362	3.9757486E-4
0.28184006	3.689675E-4
0.29007	3.421378E-4
0.29854023	3.1699397E-4
0.30725783	2.934481E-4
0.31623	2.7141586E-4
0.32546407	2.5081664E-4
0.33496782	2.3157286E-4
0.34474903	2.1361052E-4
0.3548159	1.9685867E-4
0.3651767	1.8124953E-4
0.37584007	1.6671822E-4
0.3868148	1.532028E-4
0.39811	1.4064403E-4
0.40973493	1.2898548E-4
0.42169935	1.1817315E-4
0.4340131	1.0815562E-4
0.44668642	9.88839E-5
0.4597298	9.031136E-5
0.47315407	8.239362E-5
0.4869703	7.50885E-5
0.50119	6.835594E-5
0.5158249	6.215793E-5
0.5308872	5.6458448E-5
0.5463893	5.1223356E-5
0.5623441	4.6420384E-5
0.57876474	4.201902E-5
0.59566486	3.799047E-5
0.61305845	3.430759E-5
0.63096	3.0944808E-5
0.6493842	2.7878088E-5
0.6683464	2.5084833E-5
0.6878623	2.2543853E-5
0.7079481	2.0235293E-5
0.72862035	1.8140585E-5
0.7498962	1.6242375E-5
0.7717934	1.4524469E-5
0.79433	1.297179E-5
0.8175246	1.1570304E-5
0.8413966	1.030698E-5
0.86596555	9.169727E-6
0.8912519	8.147351E-6
0.9172767	7.229502E-6
0.9440614	6.406624E-6
0.97162825	5.6699087E-6
1.0	5.0112494E-6
1.029201	4.4231842E-6
1.0592546	3.898898E-6
1.090186	3.432132E-6
1.1220205	3.0171652E-6
1.1547846	2.6487737E-6
1.1885055	2.3221976E-6
1.223211	2.0331054E-6
1.25893	1.7775637E-6
1.2956905	1.5520136E-6
1.3335243	1.3532151E-6
1.3724631	1.1782502E-6
1.4125386	1.024486E-6
1.4537846	8.8955125E-7
1.4962348	7.7131364E-7
1.5399245	6.6785935E-7
1.58489	5.7747314E-7
1.6311698	4.9861876E-7
1.678801	4.2992866E-7
1.727823	3.7018117E-7
1.7782766	3.182891E-7
1.8302034	2.7328647E-7
1.8836465	2.3431659E-7
1.9386501	2.0062087E-7
1.99526	1.7152888E-7
2.0535233	1.4644881E-7
2.113488	1.248597E-7
2.1752036	1.0630329E-7
2.2387214	9.037732E-8
2.304094	7.672923E-8
2.3713756	6.50506E-8
2.4406219	5.5072096E-8
2.51189	4.655886E-8
2.5852382	3.9306602E-8
2.6607285	3.3137592E-8
2.7384229	2.7897787E-8
2.818386	2.3453804E-8
2.900684	1.9690306E-8
2.9853854	1.6507794E-8
3.0725598	1.3820536E-8
3.16228	1.1554768E-8
3.2546198	9.647185E-9
3.3496559	8.04347E-9
3.447467	6.6972063E-9
3.5481343	5.568675E-9
3.6517413	4.624031E-9
3.7583735	3.8344448E-9
3.8681195	3.1754115E-9
3.98107	2.6261395E-9
4.097319	2.1689859E-9
4.2169633	1.7890354E-9
4.340101	1.4737002E-9
4.466834	1.212347E-9
4.5972676	9.960518E-10
4.7315106	8.172859E-10
4.869673	6.6975037E-10
5.01187	5.481371E-10
5.1582193	4.4803616E-10
5.3088417	3.6575531E-10
5.463863	2.9820613E-10
5.62341	2.4283509E-10
5.7876167	1.9748259E-10
5.9566183	1.6040824E-10
6.1305547	1.3012968E-10
6.30957	1.0543877E-10
6.493813	8.532686E-11
6.683436	6.897072E-11
6.878596	5.5689342E-11
7.079455	4.4921067E-11
7.286179	3.618572E-11
7.4989395	2.9113267E-11
7.7179127	2.3392399E-11
7.94328	1.8774982E-11
8.175228	1.5056512E-11
8.41395	1.2060908E-11
8.659641	9.654055E-12
8.912508	7.7136075E-12
9.172758	6.162071E-12
9.440608	4.9146243E-12
9.716279	3.9159787E-12
10.0	3.116285E-12



DATASET #3

Name: 1000yr
Num Points: 2
Info: 

X, Y Data:
0.001	0.001
10.0	0.001



DATASET #4

Name: 2500yr
Num Points: 2
Info: 

X, Y Data:
0.001	4.0E-4
10.0	4.0E-4



DATASET #5

Name: 10000yr
Num Points: 2
Info: 

X, Y Data:
0.001	1.0E-4
10.0	1.0E-4


