
X-Axis: Annual Probability
Y-Axis: Ln(RSQSim/UCERF3), 1.0s SA (g)
Number of Data Sets: 5


DATASET #1

Name: NEHRP City Mean
Num Points: 27
Info: 

X, Y Data:
1.0E-6	0.016772676
1.5848932E-6	0.015831936
2.5118864E-6	0.014866124
3.9810716E-6	0.013878381
6.3095736E-6	0.012895056
1.0E-5	0.011930815
1.5848931E-5	0.011006154
2.5118865E-5	0.010140669
3.981072E-5	0.009382109
6.309574E-5	0.008789838
1.0E-4	0.008424956
1.5848932E-4	0.00850292
2.5118864E-4	0.009328957
3.9810716E-4	0.011457267
6.3095737E-4	0.015656797
0.001	0.02307392
0.0015848932	0.036129713
0.0025118864	0.058202587
0.0039810715	0.09184741
0.0063095735	0.1399283
0.01	0.20642246
0.015848933	0.29417273
0.025118865	0.40736002
0.039810717	0.5514896
0.06309573	0.71865684
0.1	0.90382916
0.15848932	1.6118904



DATASET #2

Name: Mean
Num Points: 27
Info: 

X, Y Data:
1.0E-6	-0.013984563
1.5848932E-6	-0.0140635995
2.5118864E-6	-0.014212364
3.9810716E-6	-0.0144393565
6.3095736E-6	-0.014747625
1.0E-5	-0.015135311
1.5848931E-5	-0.015598483
2.5118865E-5	-0.016134566
3.981072E-5	-0.016742833
6.309574E-5	-0.017386748
1.0E-4	-0.017898686
1.5848932E-4	-0.017676992
2.5118864E-4	-0.015237634
3.9810716E-4	-0.0094226515
6.3095737E-4	5.5791053E-4
0.001	0.013899466
0.0015848932	0.030699288
0.0025118864	0.051070865
0.0039810715	0.07533248
0.0063095735	0.10539075
0.01	0.140722
0.015848933	0.18116017
0.025118865	0.23456071
0.039810717	0.31781954
0.06309573	0.45652348
0.1	0.73333097
0.15848932	1.5260055



DATASET #3

Name: StdDev
Num Points: 27
Info: 

X, Y Data:
1.0E-6	0.14689353
1.5848932E-6	0.14224374
2.5118864E-6	0.1373614
3.9810716E-6	0.13223492
6.3095736E-6	0.12686265
1.0E-5	0.12128381
1.5848931E-5	0.11562211
2.5118865E-5	0.110187456
3.981072E-5	0.10568
6.309574E-5	0.10337273
1.0E-4	0.105120346
1.5848932E-4	0.111525334
2.5118864E-4	0.11501479
3.9810716E-4	0.11470063
6.3095737E-4	0.1134891
0.001	0.11567543
0.0015848932	0.11212372
0.0025118864	0.10756195
0.0039810715	0.10948463
0.0063095735	0.12005493
0.01	0.13914764
0.015848933	0.16389616
0.025118865	0.18902199
0.039810717	0.1998566
0.06309573	0.19657862
0.1	0.17984723
0.15848932	0.26457837



DATASET #4

Name: Median
Num Points: 27
Info: 

X, Y Data:
1.0E-6	-0.015972393
1.5848932E-6	-0.015130283
2.5118864E-6	-0.01443101
3.9810716E-6	-0.014645685
6.3095736E-6	-0.015689967
1.0E-5	-0.016471112
1.5848931E-5	-0.016479705
2.5118865E-5	-0.016631853
3.981072E-5	-0.016641399
6.309574E-5	-0.01580447
1.0E-4	-0.013981791
1.5848932E-4	-0.009845718
2.5118864E-4	-0.0016480264
3.9810716E-4	0.0071216156
6.3095737E-4	0.015317191
0.001	0.026711931
0.0015848932	0.041175444
0.0025118864	0.055208288
0.0039810715	0.07746643
0.0063095735	0.117154464
0.01	0.16364037
0.015848933	0.2175112
0.025118865	0.28610033
0.039810717	0.3739899
0.06309573	0.5238374
0.1	0.7268795
0.15848932	1.4491128



DATASET #5

Name: MeanAbsDiff
Num Points: 27
Info: 

X, Y Data:
1.0E-6	0.10885294
1.5848932E-6	0.1054826
2.5118864E-6	0.10199866
3.9810716E-6	0.09851924
6.3095736E-6	0.095054775
1.0E-5	0.0914928
1.5848931E-5	0.08784345
2.5118865E-5	0.08417755
3.981072E-5	0.08064381
6.309574E-5	0.07737532
1.0E-4	0.07458111
1.5848932E-4	0.07228307
2.5118864E-4	0.0701504
3.9810716E-4	0.069108315
6.3095737E-4	0.06850393
0.001	0.07197684
0.0015848932	0.07793786
0.0025118864	0.08736557
0.0039810715	0.10449192
0.0063095735	0.13021328
0.01	0.16596523
0.015848933	0.21116468
0.025118865	0.26581293
0.039810717	0.3344291
0.06309573	0.45652348
0.1	0.73333097
0.15848932	1.5260055


