
X-Axis: Normalized Interevent Time
Y-Axis: Probability
Number of Data Sets: 3


DATASET #1

     Name: defaultModel Histogram
   Points: 41
     Info: 

Data[x,y]:
0.05	  0.007259441
0.15	  0.0063250377
0.25	  0.009234491
0.35	  0.012800219
0.45	  0.018399231
0.55	  0.027051438
0.65	  0.039835922
0.75	  0.06269468
0.85	  0.114834465
0.95	  0.18037908
1.05	  0.20236085
1.15	  0.14394182
1.25	  0.07721451
1.35	  0.03670203
1.45	  0.020455657
1.55	  0.013444583
1.65	  0.009122654
1.75	  0.00582791
1.85	  0.0036642135
1.95	  0.0022574624
2.05	  0.0014326236
2.15	  9.776262E-4
2.25	  7.079317E-4
2.35	  5.4122455E-4
2.45	  4.305672E-4
2.55	  3.4541087E-4
2.65	  2.8628E-4
2.75	  2.3547464E-4
2.85	  1.9465553E-4
2.95	  1.5728902E-4
3.05	  1.2942801E-4
3.15	  1.1332326E-4
3.25	  9.365667E-5
3.35	  8.141968E-5
3.45	  6.784973E-5
3.55	  5.6967554E-5
3.65	  4.827055E-5
3.75	  4.0753544E-5
3.85	  3.5946156E-5
3.95	  2.9499884E-5
4.05	  1.881E-4



DATASET #2

     Name: Log-Normal Fit
   Points: 401
     Info: 

Data[x,y]:
0.005	  0.0
0.015	  9.427878E-37
0.025	  1.0068781E-29
0.035	  3.3902473E-25
0.045	  6.0153726E-22
0.055	  1.8322853E-19
0.065	  1.7448162E-17
0.075	  7.3227105E-16
0.085	  1.6782293E-14
0.095	  2.4219946E-13
0.105	  2.430893E-12
0.115	  1.8230492E-11
0.125	  1.0776006E-10
0.135	  5.228858E-10
0.145	  2.149665E-9
0.155	  7.677126E-9
0.165	  2.4299318E-8
0.175	  6.9283686E-8
0.185	  1.8035394E-7
0.195	  4.334207E-7
0.205	  9.705867E-7
0.215	  2.0413866E-6
0.225	  4.0597647E-6
0.235	  7.6783E-6
0.245	  1.3879697E-5
0.255	  2.4083698E-5
0.265	  4.0265608E-5
0.275	  6.5080676E-5
0.285	  1.0198709E-4
0.295	  1.5535916E-4
0.305	  2.3058214E-4
0.315	  3.3412018E-4
0.325	  4.7355017E-4
0.335	  6.575556E-4
0.345	  8.958769E-4
0.355	  0.0011992166
0.365	  0.0015791007
0.375	  0.0020476982
0.385	  0.0026176064
0.395	  0.0033016056
0.405	  0.0041123945
0.415	  0.005062313
0.425	  0.006163061
0.435	  0.0074254274
0.445	  0.008859028
0.455	  0.0104720695
0.465	  0.012271141
0.475	  0.014261038
0.485	  0.016444629
0.495	  0.01882275
0.505	  0.021394158
0.515	  0.024155505
0.525	  0.027101366
0.535	  0.030224303
0.545	  0.03351495
0.555	  0.03696214
0.565	  0.040553063
0.575	  0.044273425
0.585	  0.048107643
0.595	  0.052039042
0.605	  0.056050062
0.615	  0.06012248
0.625	  0.064237595
0.635	  0.068376474
0.645	  0.0725201
0.655	  0.07664963
0.665	  0.080746494
0.675	  0.08479262
0.685	  0.08877056
0.695	  0.09266363
0.705	  0.096456006
0.715	  0.100132845
0.725	  0.10368037
0.735	  0.107085906
0.745	  0.110337965
0.755	  0.11342626
0.765	  0.11634173
0.775	  0.11907654
0.785	  0.12162409
0.795	  0.12397898
0.805	  0.126137
0.815	  0.12809508
0.825	  0.12985127
0.835	  0.13140464
0.845	  0.13275528
0.855	  0.13390425
0.865	  0.13485344
0.875	  0.13560556
0.885	  0.13616408
0.895	  0.13653319
0.905	  0.1367176
0.915	  0.13672264
0.925	  0.13655412
0.935	  0.13621822
0.945	  0.13572153
0.955	  0.13507092
0.965	  0.1342735
0.975	  0.13333657
0.985	  0.13226758
0.995	  0.13107404
1.005	  0.12976356
1.015	  0.12834372
1.025	  0.12682208
1.035	  0.12520616
1.045	  0.123503335
1.055	  0.12172092
1.065	  0.119866036
1.075	  0.117945656
1.085	  0.115966566
1.095	  0.11393535
1.105	  0.111858375
1.115	  0.10974178
1.125	  0.10759144
1.135	  0.105413035
1.145	  0.103211954
1.155	  0.10099334
1.165	  0.09876211
1.175	  0.096522875
1.185	  0.09428002
1.195	  0.09203768
1.205	  0.08979972
1.215	  0.08756977
1.225	  0.08535123
1.235	  0.08314723
1.245	  0.0809607
1.255	  0.07879432
1.265	  0.07665059
1.275	  0.074531764
1.285	  0.07243992
1.295	  0.07037691
1.305	  0.068344444
1.315	  0.066344015
1.325	  0.06437698
1.335	  0.062444504
1.345	  0.060547624
1.355	  0.058687218
1.365	  0.05686403
1.375	  0.05507868
1.385	  0.053331662
1.395	  0.051623356
1.405	  0.04995404
1.415	  0.048323892
1.425	  0.04673299
1.435	  0.045181334
1.445	  0.043668844
1.455	  0.04219536
1.465	  0.040760666
1.475	  0.039364472
1.485	  0.03800644
1.495	  0.036686175
1.505	  0.03540324
1.515	  0.034157153
1.525	  0.032947395
1.535	  0.031773414
1.545	  0.030634625
1.555	  0.02953042
1.565	  0.028460171
1.575	  0.027423225
1.585	  0.026418917
1.595	  0.025446566
1.605	  0.024505477
1.615	  0.023594955
1.625	  0.02271429
1.635	  0.021862775
1.645	  0.021039693
1.655	  0.020244332
1.665	  0.019475982
1.675	  0.01873393
1.685	  0.018017473
1.695	  0.017325908
1.705	  0.01665854
1.715	  0.016014688
1.725	  0.015393667
1.735	  0.014794812
1.745	  0.01421746
1.755	  0.013660964
1.765	  0.013124685
1.775	  0.012607995
1.785	  0.012110283
1.795	  0.011630943
1.805	  0.011169386
1.815	  0.010725035
1.825	  0.010297326
1.835	  0.009885708
1.845	  0.009489642
1.855	  0.009108606
1.865	  0.008742086
1.875	  0.008389585
1.885	  0.008050619
1.895	  0.007724716
1.905	  0.007411417
1.915	  0.007110277
1.925	  0.0068208636
1.935	  0.006542756
1.945	  0.0062755477
1.955	  0.0060188426
1.965	  0.005772257
1.975	  0.0055354214
1.985	  0.0053079748
1.995	  0.0050895694
2.005	  0.0048798686
2.015	  0.004678546
2.025	  0.0044852863
2.035	  0.0042997855
2.045	  0.0041217483
2.055	  0.00395089
2.065	  0.0037869366
2.075	  0.0036296223
2.085	  0.003478691
2.095	  0.0033338955
2.105	  0.0031949973
2.115	  0.0030617665
2.125	  0.0029339816
2.135	  0.0028114282
2.145	  0.0026939008
2.155	  0.0025812008
2.165	  0.0024731369
2.175	  0.0023695251
2.185	  0.002270188
2.195	  0.0021749544
2.205	  0.0020836608
2.215	  0.0019961484
2.225	  0.0019122656
2.235	  0.0018318655
2.245	  0.0017548077
2.255	  0.0016809565
2.265	  0.001610182
2.275	  0.0015423589
2.285	  0.001477367
2.295	  0.0014150906
2.305	  0.0013554187
2.315	  0.0012982446
2.325	  0.0012434656
2.335	  0.0011909833
2.345	  0.0011407032
2.355	  0.0010925344
2.365	  0.0010463896
2.375	  0.0010021852
2.385	  9.598406E-4
2.395	  9.192789E-4
2.405	  8.804259E-4
2.415	  8.432106E-4
2.425	  8.0756476E-4
2.435	  7.73423E-4
2.445	  7.407225E-4
2.455	  7.094031E-4
2.465	  6.79407E-4
2.475	  6.5067876E-4
2.485	  6.2316534E-4
2.495	  5.968157E-4
2.505	  5.715811E-4
2.515	  5.474146E-4
2.525	  5.242713E-4
2.535	  5.0210813E-4
2.545	  4.808838E-4
2.555	  4.605588E-4
2.565	  4.4109518E-4
2.575	  4.2245656E-4
2.585	  4.0460812E-4
2.595	  3.8751648E-4
2.605	  3.7114965E-4
2.615	  3.5547695E-4
2.625	  3.40469E-4
2.635	  3.2609765E-4
2.645	  3.1233596E-4
2.655	  2.991581E-4
2.665	  2.8653926E-4
2.675	  2.744558E-4
2.685	  2.6288492E-4
2.695	  2.5180492E-4
2.705	  2.4119497E-4
2.715	  2.3103507E-4
2.725	  2.2130612E-4
2.735	  2.119898E-4
2.745	  2.0306859E-4
2.755	  1.9452565E-4
2.765	  1.8634494E-4
2.775	  1.7851105E-4
2.785	  1.710092E-4
2.795	  1.6382529E-4
2.805	  1.5694578E-4
2.815	  1.5035772E-4
2.825	  1.4404872E-4
2.835	  1.380069E-4
2.845	  1.3222087E-4
2.855	  1.2667976E-4
2.865	  1.2137315E-4
2.875	  1.16291056E-4
2.885	  1.1142391E-4
2.895	  1.06762585E-4
2.905	  1.0229831E-4
2.915	  9.80227E-5
2.925	  9.392772E-5
2.935	  9.00057E-5
2.945	  8.6249274E-5
2.955	  8.26514E-5
2.965	  7.9205325E-5
2.975	  7.590461E-5
2.985	  7.274305E-5
2.995	  6.9714755E-5
3.005	  6.681405E-5
3.015	  6.403551E-5
3.025	  6.137394E-5
3.035	  5.8824375E-5
3.045	  5.638206E-5
3.055	  5.4042444E-5
3.065	  5.1801162E-5
3.075	  4.9654038E-5
3.085	  4.7597085E-5
3.095	  4.5626468E-5
3.105	  4.3738535E-5
3.115	  4.1929776E-5
3.125	  4.0196835E-5
3.135	  3.85365E-5
3.145	  3.6945698E-5
3.155	  3.542148E-5
3.165	  3.3961034E-5
3.175	  3.2561657E-5
3.185	  3.1220767E-5
3.195	  2.9935893E-5
3.205	  2.8704664E-5
3.215	  2.7524815E-5
3.225	  2.6394177E-5
3.235	  2.5310672E-5
3.245	  2.4272309E-5
3.255	  2.3277187E-5
3.265	  2.232348E-5
3.275	  2.1409443E-5
3.285	  2.0533405E-5
3.295	  1.9693767E-5
3.305	  1.8888995E-5
3.315	  1.8117622E-5
3.325	  1.7378245E-5
3.335	  1.6669517E-5
3.345	  1.5990152E-5
3.355	  1.5338917E-5
3.365	  1.471463E-5
3.375	  1.4116161E-5
3.385	  1.3542427E-5
3.395	  1.2992392E-5
3.405	  1.2465062E-5
3.415	  1.1959488E-5
3.425	  1.1474758E-5
3.435	  1.1010002E-5
3.445	  1.0564382E-5
3.455	  1.01371015E-5
3.465	  9.727393E-6
3.475	  9.334523E-6
3.485	  8.95779E-6
3.495	  8.59652E-6
3.505	  8.250071E-6
3.515	  7.9178235E-6
3.525	  7.5991866E-6
3.535	  7.293595E-6
3.545	  7.000506E-6
3.555	  6.7194E-6
3.565	  6.44978E-6
3.575	  6.1911683E-6
3.585	  5.943109E-6
3.595	  5.7051648E-6
3.605	  5.476916E-6
3.615	  5.257962E-6
3.625	  5.0479175E-6
3.635	  4.846415E-6
3.645	  4.6531E-6
3.655	  4.467636E-6
3.665	  4.2896977E-6
3.675	  4.118975E-6
3.685	  3.955171E-6
3.695	  3.7980003E-6
3.705	  3.6471897E-6
3.715	  3.5024775E-6
3.725	  3.3636131E-6
3.735	  3.230356E-6
3.745	  3.1024763E-6
3.755	  2.979753E-6
3.765	  2.8619745E-6
3.775	  2.7489386E-6
3.785	  2.6404507E-6
3.795	  2.536325E-6
3.805	  2.4363826E-6
3.815	  2.3404527E-6
3.825	  2.2483716E-6
3.835	  2.159982E-6
3.845	  2.0751331E-6
3.855	  1.993681E-6
3.865	  1.915487E-6
3.875	  1.8404187E-6
3.885	  1.7683489E-6
3.895	  1.6991554E-6
3.905	  1.6327216E-6
3.915	  1.5689355E-6
3.925	  1.5076896E-6
3.935	  1.4488809E-6
3.945	  1.3924106E-6
3.955	  1.3381842E-6
3.965	  1.2861108E-6
3.975	  1.2361035E-6
3.985	  1.1880785E-6
3.995	  1.1419562E-6
4.005	  1.0976595E-6



DATASET #3

     Name: BPT Fit
   Points: 401
     Info: Mean = 100.0, Aperiodicity = 0.5, Duration = 30.0, Delta T = 1.0, Num Points = 500, Historic Open Interval = 0.0
Computed mean = 0.9995163

Data[x,y]:
0.0	  0.0
0.01	  0.0
0.02	  0.0
0.03	  0.0
0.04	  0.0
0.05	  1.5445E-41
0.06	  6.038083E-34
0.07	  1.5192025E-28
0.08	  1.6393594E-24
0.09	  2.1740267E-21
0.1	  6.659464E-19
0.11	  7.037642E-17
0.12	  3.3517452E-15
0.13	  8.654285E-14
0.14	  1.3822356E-12
0.15	  1.5041279E-11
0.16	  1.1988924E-10
0.17	  7.39756E-10
0.18	  3.688706E-9
0.19	  1.5376518E-8
0.2	  5.505617E-8
0.21	  1.7307464E-7
0.22	  4.863157E-7
0.23	  1.2395946E-6
0.24	  2.901761E-6
0.25	  6.303025E-6
0.26	  1.2815426E-5
0.27	  2.4571973E-5
0.28	  4.47129E-5
0.29	  7.764097E-5
0.3	  1.2926312E-4
0.31	  2.0719369E-4
0.32	  3.2089555E-4
0.33	  4.8173912E-4
0.34	  7.029654E-4
0.35	  9.995465E-4
0.36	  0.001387944
0.37	  0.0018857752
0.38	  0.0025114005
0.39	  0.003283451
0.4	  0.004220322
0.41	  0.005339647
0.42	  0.0066577913
0.43	  0.008189364
0.44	  0.00994679
0.45	  0.011939932
0.46	  0.014175801
0.47	  0.016658334
0.48	  0.019388264
0.49	  0.02236306
0.5	  0.025576958
0.51	  0.029021068
0.52	  0.032683514
0.53	  0.036549684
0.54	  0.040602457
0.55	  0.044822536
0.56	  0.049188763
0.57	  0.053678438
0.58	  0.058267698
0.59	  0.06293184
0.6	  0.067645684
0.61	  0.07238387
0.62	  0.07712117
0.63	  0.081832774
0.64	  0.086494565
0.65	  0.09108331
0.66	  0.095576875
0.67	  0.09995441
0.68	  0.104196474
0.69	  0.10828512
0.7	  0.11220405
0.71	  0.115938604
0.72	  0.11947583
0.73	  0.12280447
0.74	  0.125915
0.75	  0.12879957
0.76	  0.13145193
0.77	  0.13386747
0.78	  0.13604306
0.79	  0.13797702
0.8	  0.13966906
0.81	  0.14112012
0.82	  0.14233236
0.83	  0.14330903
0.84	  0.14405431
0.85	  0.14457338
0.86	  0.14487211
0.87	  0.14495715
0.88	  0.14483577
0.89	  0.14451572
0.9	  0.14400524
0.91	  0.1433129
0.92	  0.14244758
0.93	  0.14141837
0.94	  0.14023452
0.95	  0.13890535
0.96	  0.13744023
0.97	  0.13584854
0.98	  0.13413954
0.99	  0.13232239
1.0	  0.13040614
1.01	  0.12839966
1.02	  0.12631154
1.03	  0.12415023
1.04	  0.121923864
1.05	  0.11964032
1.06	  0.117307186
1.07	  0.11493174
1.08	  0.112520956
1.09	  0.110081494
1.1	  0.10761967
1.11	  0.105141506
1.12	  0.10265267
1.13	  0.10015853
1.14	  0.0976641
1.15	  0.095174134
1.16	  0.09269301
1.17	  0.09022485
1.18	  0.08777344
1.19	  0.085342325
1.2	  0.08293473
1.21	  0.08055361
1.22	  0.0782017
1.23	  0.07588144
1.24	  0.07359504
1.25	  0.07134451
1.26	  0.069131605
1.27	  0.06695789
1.28	  0.06482473
1.29	  0.0627333
1.3	  0.060684603
1.31	  0.058679476
1.32	  0.056718595
1.33	  0.054802496
1.34	  0.05293157
1.35	  0.051106084
1.36	  0.04932619
1.37	  0.047591925
1.38	  0.045903224
1.39	  0.044259932
1.4	  0.042661805
1.41	  0.04110852
1.42	  0.039599676
1.43	  0.038134817
1.44	  0.03671342
1.45	  0.035334915
1.46	  0.03399868
1.47	  0.032704044
1.48	  0.03145031
1.49	  0.03023674
1.5	  0.029062575
1.51	  0.027927022
1.52	  0.026829278
1.53	  0.025768515
1.54	  0.024743894
1.55	  0.023754567
1.56	  0.022799676
1.57	  0.02187836
1.58	  0.020989755
1.59	  0.020132996
1.6	  0.019307222
1.61	  0.018511571
1.62	  0.017745193
1.63	  0.017007241
1.64	  0.016296877
1.65	  0.015613269
1.66	  0.014955604
1.67	  0.014323075
1.68	  0.01371489
1.69	  0.013130267
1.7	  0.012568443
1.71	  0.012028666
1.72	  0.011510202
1.73	  0.01101233
1.74	  0.010534348
1.75	  0.010075567
1.76	  0.009635318
1.77	  0.009212946
1.78	  0.008807812
1.79	  0.008419298
1.8	  0.008046798
1.81	  0.007689727
1.82	  0.0073475125
1.83	  0.007019601
1.84	  0.006705455
1.85	  0.006404553
1.86	  0.0061163898
1.87	  0.005840475
1.88	  0.0055763354
1.89	  0.0053235115
1.9	  0.005081559
1.91	  0.0048500495
1.92	  0.0046285675
1.93	  0.0044167126
1.94	  0.0042140977
1.95	  0.00402035
1.96	  0.0038351084
1.97	  0.0036580258
1.98	  0.003488767
1.99	  0.003327009
2.0	  0.0031724412
2.01	  0.0030247637
2.02	  0.0028836883
2.03	  0.002748937
2.04	  0.0026202437
2.05	  0.0024973506
2.06	  0.0023800111
2.07	  0.002267988
2.08	  0.0021610528
2.09	  0.0020589866
2.1	  0.0019615786
2.11	  0.0018686268
2.12	  0.0017799372
2.13	  0.0016953234
2.14	  0.0016146068
2.15	  0.001537616
2.16	  0.0014641865
2.17	  0.0013941606
2.18	  0.0013273873
2.19	  0.0012637216
2.2	  0.0012030248
2.21	  0.0011451637
2.22	  0.0010900112
2.23	  0.0010374452
2.24	  9.873487E-4
2.25	  9.396102E-4
2.26	  8.941224E-4
2.27	  8.5078296E-4
2.28	  8.094939E-4
2.29	  7.7016134E-4
2.3	  7.3269574E-4
2.31	  6.9701124E-4
2.32	  6.630258E-4
2.33	  6.3066115E-4
2.34	  5.9984217E-4
2.35	  5.704973E-4
2.36	  5.425581E-4
2.37	  5.159591E-4
2.38	  4.906379E-4
2.39	  4.6653466E-4
2.4	  4.435925E-4
2.41	  4.217569E-4
2.42	  4.009759E-4
2.43	  3.8119988E-4
2.44	  3.623814E-4
2.45	  3.4447524E-4
2.46	  3.274383E-4
2.47	  3.1122932E-4
2.48	  2.9580903E-4
2.49	  2.8113992E-4
2.5	  2.671862E-4
2.51	  2.5391378E-4
2.52	  2.4129012E-4
2.53	  2.2928417E-4
2.54	  2.1786631E-4
2.55	  2.0700837E-4
2.56	  1.9668342E-4
2.57	  1.8686581E-4
2.58	  1.7753114E-4
2.59	  1.6865606E-4
2.6	  1.6021839E-4
2.61	  1.5219697E-4
2.62	  1.4457165E-4
2.63	  1.3732321E-4
2.64	  1.3043334E-4
2.65	  1.2388465E-4
2.66	  1.1766049E-4
2.67	  1.11745074E-4
2.68	  1.0612333E-4
2.69	  1.0078092E-4
2.7	  9.5704185E-5
2.71	  9.088012E-5
2.72	  8.629635E-5
2.73	  8.1941085E-5
2.74	  7.78031E-5
2.75	  7.387172E-5
2.76	  7.013678E-5
2.77	  6.658861E-5
2.78	  6.3217994E-5
2.79	  6.0016173E-5
2.8	  5.697481E-5
2.81	  5.4085973E-5
2.82	  5.1342115E-5
2.83	  4.8736052E-5
2.84	  4.6260953E-5
2.85	  4.3910328E-5
2.86	  4.1677984E-5
2.87	  3.955805E-5
2.88	  3.7544934E-5
2.89	  3.5633315E-5
2.9	  3.3818138E-5
2.91	  3.209459E-5
2.92	  3.0458106E-5
2.93	  2.8904331E-5
2.94	  2.7429134E-5
2.95	  2.6028585E-5
2.96	  2.4698946E-5
2.97	  2.3436665E-5
2.98	  2.2238368E-5
2.99	  2.1100841E-5
3.0	  2.0021038E-5
3.01	  1.8996056E-5
3.02	  1.802314E-5
3.03	  1.7099672E-5
3.04	  1.6223163E-5
3.05	  1.5391246E-5
3.06	  1.4601676E-5
3.07	  1.3852316E-5
3.08	  1.3141137E-5
3.09	  1.2466211E-5
3.1	  1.1825707E-5
3.11	  1.1217884E-5
3.12	  1.0641089E-5
3.13	  1.0093752E-5
3.14	  9.574381E-6
3.15	  9.081559E-6
3.16	  8.613939E-6
3.17	  8.170244E-6
3.18	  7.749259E-6
3.19	  7.3498304E-6
3.2	  6.9708635E-6
3.21	  6.611318E-6
3.22	  6.2702056E-6
3.23	  5.9465888E-6
3.24	  5.639577E-6
3.25	  5.3483236E-6
3.26	  5.0720264E-6
3.27	  4.8099223E-6
3.28	  4.5612874E-6
3.29	  4.3254345E-6
3.3	  4.10171E-6
3.31	  3.889496E-6
3.32	  3.688203E-6
3.33	  3.497273E-6
3.34	  3.3161757E-6
3.35	  3.1444085E-6
3.36	  2.9814933E-6
3.37	  2.8269767E-6
3.38	  2.6804287E-6
3.39	  2.5414406E-6
3.4	  2.4096248E-6
3.41	  2.2846132E-6
3.42	  2.166057E-6
3.43	  2.0536245E-6
3.44	  1.9470012E-6
3.45	  1.8458888E-6
3.46	  1.7500039E-6
3.47	  1.6590776E-6
3.48	  1.5728551E-6
3.49	  1.4910943E-6
3.5	  1.4135654E-6
3.51	  1.3400507E-6
3.52	  1.2703433E-6
3.53	  1.204247E-6
3.54	  1.1415758E-6
3.55	  1.082153E-6
3.56	  1.025811E-6
3.57	  9.723909E-7
3.58	  9.2174196E-7
3.59	  8.7372104E-7
3.6	  8.281924E-7
3.61	  7.8502734E-7
3.62	  7.4410366E-7
3.63	  7.053056E-7
3.64	  6.685231E-7
3.65	  6.33652E-7
3.66	  6.005934E-7
3.67	  5.692535E-7
3.68	  5.395433E-7
3.69	  5.113784E-7
3.7	  4.8467876E-7
3.71	  4.5936855E-7
3.72	  4.3537565E-7
3.73	  4.126318E-7
3.74	  3.9107226E-7
3.75	  3.706356E-7
3.76	  3.5126354E-7
3.77	  3.3290084E-7
3.78	  3.154951E-7
3.79	  2.9899664E-7
3.8	  2.8335836E-7
3.81	  2.6853556E-7
3.82	  2.5448585E-7
3.83	  2.411691E-7
3.84	  2.2854718E-7
3.85	  2.1658394E-7
3.86	  2.0524517E-7
3.87	  1.9449834E-7
3.88	  1.8431268E-7
3.89	  1.7465898E-7
3.9	  1.6550955E-7
3.91	  1.5683813E-7
3.92	  1.4861982E-7
3.93	  1.4083102E-7
3.94	  1.3344938E-7
3.95	  1.2645364E-7
3.96	  1.1982371E-7
3.97	  1.1354052E-7
3.98	  1.07586E-7
3.99	  1.0194298E-7
4.0	  9.659524E-8


