
X-Axis: PGA (g)
Y-Axis: Annual Probabilitiy
Number of Data Sets: 6


DATASET #1

Name: UCERF3 Full
Num Points: 51
Info: 

X, Y Data:
1.0E-4	0.80117023
1.3E-4	0.8009865
1.6E-4	0.8006711
2.0E-4	0.8000174
2.5E-4	0.798809
3.2E-4	0.7964163
4.0E-4	0.7928
5.0E-4	0.78721124
6.3E-4	0.77862966
7.9E-4	0.7666971
0.001	0.74970305
0.00126	0.72772515
0.00158	0.7004877
0.002	0.6657472
0.00251	0.62619126
0.00316	0.58057547
0.00398	0.5304269
0.00501	0.47750708
0.00631	0.42335346
0.00794	0.37011024
0.01	0.31898433
0.01259	0.27157018
0.01585	0.2286972
0.01995	0.19083138
0.02512	0.15788592
0.03162	0.12962027
0.03981	0.10544538
0.05012	0.08484914
0.0631	0.06736778
0.07943	0.05264438
0.1	0.04036065
0.12589	0.03026399
0.15849	0.022109555
0.19953	0.01567688
0.25119	0.010747208
0.31623	0.007092087
0.39811	0.0044783517
0.50119	0.002682635
0.63096	0.0015070906
0.79433	7.8386726E-4
1.0	3.7275482E-4
1.25893	1.6034636E-4
1.58489	6.190665E-5
1.99526	2.1341344E-5
2.51189	6.553161E-6
3.16228	1.7921478E-6
3.98107	4.3730577E-7
5.01187	9.554024E-8
6.30957	1.8777161E-8
7.94328	3.338827E-9
10.0	5.407329E-10



DATASET #2

Name: UCERF3
Num Points: 401
Info: 

X, Y Data:
1.0E-4	0.054743014
1.0333392E-4	0.054743014
1.06779E-4	0.054743014
1.1033893E-4	0.054743014
1.14017545E-4	0.054743014
1.178188E-4	0.054743014
1.2174679E-4	0.054743014
1.2580573E-4	0.054743014
1.3E-4	0.054743014
1.334183E-4	0.054743014
1.369265E-4	0.054743014
1.4052694E-4	0.054743014
1.4422205E-4	0.054743014
1.4801433E-4	0.054743014
1.5190631E-4	0.054743014
1.5590065E-4	0.054743014
1.6E-4	0.054743014
1.645257E-4	0.054743014
1.691794E-4	0.054743014
1.7396474E-4	0.054743014
1.7888544E-4	0.054743014
1.8394532E-4	0.054743014
1.8914833E-4	0.054743014
1.944985E-4	0.054743014
2.0E-4	0.054743014
2.0565712E-4	0.054743014
2.1147425E-4	0.054743014
2.1745593E-4	0.054743014
2.236068E-4	0.054743014
2.2993165E-4	0.054743014
2.364354E-4	0.054743014
2.4312311E-4	0.054743014
2.5E-4	0.054743014
2.5783465E-4	0.054743014
2.659148E-4	0.054743014
2.742482E-4	0.054743014
2.8284272E-4	0.054743014
2.917066E-4	0.054743014
3.0084825E-4	0.054743014
3.102764E-4	0.054743014
3.2E-4	0.054743014
3.290514E-4	0.054743014
3.383588E-4	0.054743014
3.4792948E-4	0.054743014
3.5777088E-4	0.054743014
3.6789064E-4	0.054743014
3.7829665E-4	0.054743014
3.88997E-4	0.054743014
4.0E-4	0.054743014
4.1131425E-4	0.054743014
4.229485E-4	0.05474301
4.3491187E-4	0.05474301
4.472136E-4	0.05474301
4.598633E-4	0.05474301
4.728708E-4	0.05474301
4.8624622E-4	0.054743007
5.0E-4	0.054743007
5.1465514E-4	0.054743007
5.2973983E-4	0.054743003
5.4526667E-4	0.054743003
5.612486E-4	0.054743
5.77699E-4	0.054742996
5.946315E-4	0.054742992
6.120603E-4	0.05474299
6.3E-4	0.05474298
6.4807665E-4	0.054742973
6.6667196E-4	0.054742966
6.858008E-4	0.05474296
7.0547854E-4	0.054742947
7.257209E-4	0.054742932
7.465441E-4	0.054742917
7.6796475E-4	0.0547429
7.9E-4	0.054742876
8.136239E-4	0.05474285
8.379543E-4	0.05474282
8.630122E-4	0.054742783
8.8881946E-4	0.05474274
9.153984E-4	0.054742686
9.427722E-4	0.054742627
9.7096455E-4	0.054742556
0.001	0.05474247
0.0010293103	0.054742374
0.0010594797	0.05474226
0.0010905333	0.05474213
0.0011224973	0.05474198
0.001155398	0.0547418
0.001189263	0.054741595
0.0012241206	0.054741357
0.00126	0.05474108
0.0012961533	0.054740768
0.0013333439	0.054740407
0.0013716016	0.054739993
0.0014109571	0.054739516
0.0014514418	0.05473897
0.0014930882	0.054738343
0.0015359295	0.054737628
0.00158	0.054736808
0.0016272478	0.054735832
0.0016759086	0.05473471
0.0017260244	0.054733433
0.0017776389	0.05473197
0.0018307968	0.0547303
0.0018855444	0.054728396
0.0019419291	0.05472623
0.002	0.05472377
0.0020575977	0.054721087
0.002116854	0.054718062
0.002177817	0.054714654
0.0022405356	0.05471082
0.0023050604	0.054706518
0.0023714434	0.054701686
0.0024397383	0.05469628
0.00251	0.05469023
0.0025833033	0.054683376
0.0026587474	0.05467572
0.0027363948	0.054667182
0.0028163097	0.054657675
0.0028985585	0.054647103
0.0029832094	0.054635365
0.0030703326	0.05462235
0.00316	0.05460794
0.0032524571	0.054591987
0.0033476194	0.054574374
0.003445566	0.054554965
0.0035463783	0.05453361
0.0036501405	0.054510143
0.0037569385	0.054484405
0.003866861	0.05445621
0.00398	0.054425385
0.004096165	0.054391813
0.0042157196	0.054355226
0.0043387646	0.054315414
0.0044654002	0.054272167
0.0045957323	0.054225262
0.0047298684	0.054174468
0.0048679197	0.054119553
0.00501	0.054060277
0.005156579	0.053996246
0.0053074467	0.05392734
0.005462728	0.053853314
0.0056225527	0.05377392
0.0057870536	0.053688902
0.005956367	0.053598013
0.0061306343	0.053501002
0.00631	0.053397637
0.006493865	0.053288125
0.0066830874	0.05317184
0.0068778237	0.053048562
0.007078234	0.052918088
0.0072844843	0.052780207
0.0074967444	0.052634746
0.00771519	0.052481525
0.00794	0.052320387
0.008172275	0.052150518
0.008411343	0.051972404
0.008657407	0.05178594
0.008910668	0.051591035
0.009171338	0.051387627
0.009439633	0.051175665
0.009715778	0.05095513
0.01	0.050726023
0.010292081	0.05048873
0.010592694	0.050242946
0.010902087	0.049988735
0.011220517	0.04972618
0.011548247	0.049455393
0.011885551	0.04917649
0.012232705	0.048889622
0.01259	0.048594948
0.012957647	0.04829271
0.013336032	0.04798304
0.013725464	0.047666147
0.01412627	0.047342245
0.014538779	0.04701157
0.014963334	0.046674356
0.015400288	0.046330854
0.01585	0.045981314
0.016312422	0.045626312
0.016788337	0.045265798
0.017278135	0.04490003
0.017782224	0.04452926
0.01830102	0.04415375
0.01883495	0.043773744
0.019384459	0.043389495
0.01995	0.043001242
0.020533005	0.04260857
0.021133045	0.042212337
0.021750621	0.041812766
0.022386245	0.04141006
0.023040446	0.041004416
0.023713762	0.040596023
0.024406755	0.040185064
0.02512	0.039771706
0.025853088	0.039356664
0.02660757	0.038939536
0.027384069	0.03852046
0.02818323	0.038099565
0.029005712	0.037676975
0.029852198	0.037252802
0.030723387	0.036827154
0.03162	0.036400132
0.032543603	0.03597145
0.033494186	0.035541583
0.034472536	0.035110604
0.03547946	0.034678597
0.0365158	0.034245644
0.03758241	0.033811815
0.03868017	0.03337718
0.03981	0.03294182
0.040972695	0.032505836
0.042169347	0.032069255
0.04340095	0.03163214
0.044668525	0.031194557
0.04597312	0.030756563
0.047315817	0.030318225
0.04869773	0.029879602
0.05012	0.029440757
0.0515838	0.029001748
0.053090356	0.028562633
0.05464091	0.028123474
0.05623675	0.027684322
0.0578792	0.027245237
0.059569612	0.026806274
0.0613094	0.026367491
0.0631	0.025928939
0.06494172	0.02549095
0.066837184	0.025053304
0.06878798	0.024616051
0.070795715	0.024179252
0.072862044	0.02374296
0.074988686	0.023307234
0.077177405	0.022872135
0.07943	0.022437723
0.08174976	0.022003803
0.08413727	0.021570709
0.08659451	0.021138512
0.08912351	0.02070729
0.09172637	0.020277131
0.09440525	0.019848123
0.097162366	0.019420363
0.1	0.018993957
0.102919795	0.018569117
0.10592484	0.018145863
0.109017625	0.01772432
0.112200715	0.017304627
0.11547674	0.016886927
0.11884842	0.016471377
0.12231855	0.016058138
0.12589	0.015647378
0.12956645	0.0152392
0.13335027	0.014833866
0.13724458	0.01443157
0.14125264	0.014032508
0.14537773	0.013636884
0.14962329	0.0132449055
0.15399285	0.012856781
0.15849	0.012472722
0.16311829	0.012092958
0.16788174	0.011717684
0.17278428	0.011347109
0.17783	0.010981442
0.18302307	0.010620886
0.18836778	0.010265639
0.19386858	0.009915891
0.19953	0.009571827
0.20535603	0.009233663
0.21135218	0.008901521
0.21752341	0.008575557
0.22387484	0.008255915
0.23041171	0.007942726
0.23713945	0.0076361103
0.24406363	0.0073361755
0.25119	0.0070430147
0.25852492	0.006756691
0.26607406	0.0064772908
0.27384362	0.006204869
0.28184006	0.005939467
0.29007	0.0056811133
0.29854023	0.0054298253
0.30725783	0.0051856064
0.31623	0.0049484503
0.32546407	0.004718341
0.33496782	0.0044952477
0.34474903	0.004279134
0.3548159	0.0040699514
0.3651767	0.0038676455
0.37584007	0.0036721525
0.3868148	0.0034834018
0.39811	0.0033013164
0.40973493	0.0031258136
0.42169935	0.0029568032
0.4340131	0.0027941908
0.44668642	0.0026378771
0.4597298	0.0024877589
0.47315407	0.0023437282
0.4869703	0.0022056738
0.50119	0.002073481
0.5158249	0.0019470318
0.5308872	0.0018262052
0.5463893	0.0017108774
0.5623441	0.0016009219
0.57876474	0.0014962094
0.59566486	0.0013966085
0.61305845	0.0013019854
0.63096	0.001212204
0.6493842	0.0011271267
0.6683464	0.0010466136
0.6878623	9.70523E-4
0.7079481	8.987123E-4
0.72862035	8.3103735E-4
0.7498962	7.67353E-4
0.7717934	7.0751336E-4
0.79433	6.5137196E-4
0.8175246	5.9878227E-4
0.8413966	5.495977E-4
0.86596555	5.0367217E-4
0.8912519	4.6086017E-4
0.9172767	4.210175E-4
0.9440614	3.8400118E-4
0.97162825	3.4967007E-4
1.0	3.1788513E-4
1.029201	2.8850898E-4
1.0592546	2.614086E-4
1.090186	2.3645308E-4
1.1220205	2.1351494E-4
1.1547846	1.9247021E-4
1.1885055	1.7319882E-4
1.223211	1.555847E-4
1.25893	1.3951604E-4
1.2956905	1.2488599E-4
1.3335243	1.1159097E-4
1.3724631	9.953268E-5
1.4125386	8.861752E-5
1.4537846	7.875659E-5
1.4962348	6.986571E-5
1.5399245	6.1865394E-5
1.58489	5.4680833E-5
1.6311698	4.8241596E-5
1.678801	4.2482152E-5
1.727823	3.734112E-5
1.7782766	3.276138E-5
1.8302034	2.8689918E-5
1.8836465	2.5077667E-5
1.9386501	2.1879348E-5
1.99526	1.9053294E-5
2.0535233	1.6561236E-5
2.113488	1.43682E-5
2.1752036	1.2442237E-5
2.2387214	1.0754268E-5
2.304094	9.277897E-6
2.3713756	7.989227E-6
2.4406219	6.8666814E-6
2.51189	5.89083E-6
2.5852382	5.0442354E-6
2.6607285	4.311253E-6
2.7384229	3.6779181E-6
2.818386	3.1317882E-6
2.900684	2.6618025E-6
2.9853854	2.258157E-6
3.0725598	1.9121812E-6
3.16228	1.6162279E-6
3.2546198	1.3635685E-6
3.3496559	1.1482969E-6
3.447467	9.652431E-7
3.5481343	8.0989173E-7
3.6517413	6.7830916E-7
3.7583735	5.670763E-7
3.8681195	4.7322888E-7
3.98107	3.9420297E-7
4.097319	3.2778576E-7
4.2169633	2.7207292E-7
4.340101	2.2542852E-7
4.466834	1.8645066E-7
4.5972676	1.539409E-7
4.7315106	1.2687684E-7
4.869673	1.04388455E-7
5.01187	8.573696E-8
5.1582193	7.029638E-8
5.3088417	5.7537438E-8
5.463863	4.7013664E-8
5.62341	3.8349288E-8
5.7876167	3.1228733E-8
5.9566183	2.5387445E-8
6.1305547	2.0604135E-8
6.30957	1.6694207E-8
6.493813	1.3503786E-8
6.683436	1.0905059E-8
6.878596	8.7919965E-9
7.079455	7.076811E-9
7.286179	5.6869793E-9
7.4989395	4.5627306E-9
7.7179127	3.6548666E-9
7.94328	2.9229654E-9
8.175228	2.3339135E-9
8.41395	1.8606447E-9
8.659641	1.4810174E-9
8.912508	1.1769958E-9
9.172758	9.339455E-10
9.440608	7.399382E-10
9.716279	5.8533567E-10
10.0	4.623245E-10



DATASET #3

Name: RSQSim
Num Points: 401
Info: 

X, Y Data:
1.0E-4	0.048397575
1.0333392E-4	0.048397575
1.06779E-4	0.048397575
1.1033893E-4	0.048397575
1.14017545E-4	0.048397575
1.178188E-4	0.048397575
1.2174679E-4	0.048397575
1.2580573E-4	0.048397575
1.3E-4	0.048397575
1.334183E-4	0.048397575
1.369265E-4	0.048397575
1.4052694E-4	0.048397575
1.4422205E-4	0.048397575
1.4801433E-4	0.048397575
1.5190631E-4	0.048397575
1.5590065E-4	0.048397575
1.6E-4	0.048397575
1.645257E-4	0.048397575
1.691794E-4	0.048397575
1.7396474E-4	0.048397575
1.7888544E-4	0.048397575
1.8394532E-4	0.048397575
1.8914833E-4	0.048397575
1.944985E-4	0.048397575
2.0E-4	0.048397575
2.0565712E-4	0.048397575
2.1147425E-4	0.048397575
2.1745593E-4	0.048397575
2.236068E-4	0.048397575
2.2993165E-4	0.048397575
2.364354E-4	0.048397575
2.4312311E-4	0.048397575
2.5E-4	0.048397575
2.5783465E-4	0.048397575
2.659148E-4	0.048397575
2.742482E-4	0.048397575
2.8284272E-4	0.048397575
2.917066E-4	0.048397575
3.0084825E-4	0.048397575
3.102764E-4	0.048397575
3.2E-4	0.048397575
3.290514E-4	0.048397575
3.383588E-4	0.048397575
3.4792948E-4	0.048397575
3.5777088E-4	0.048397575
3.6789064E-4	0.048397575
3.7829665E-4	0.048397575
3.88997E-4	0.04839757
4.0E-4	0.04839757
4.1131425E-4	0.04839757
4.229485E-4	0.04839757
4.3491187E-4	0.04839757
4.472136E-4	0.048397567
4.598633E-4	0.048397567
4.728708E-4	0.048397567
4.8624622E-4	0.048397563
5.0E-4	0.048397563
5.1465514E-4	0.04839756
5.2973983E-4	0.048397556
5.4526667E-4	0.048397552
5.612486E-4	0.04839755
5.77699E-4	0.048397545
5.946315E-4	0.048397537
6.120603E-4	0.04839753
6.3E-4	0.048397522
6.4807665E-4	0.04839751
6.6667196E-4	0.0483975
6.858008E-4	0.048397485
7.0547854E-4	0.04839747
7.257209E-4	0.04839745
7.465441E-4	0.04839743
7.6796475E-4	0.048397403
7.9E-4	0.04839737
8.136239E-4	0.048397332
8.379543E-4	0.04839729
8.630122E-4	0.04839724
8.8881946E-4	0.04839718
9.153984E-4	0.048397113
9.427722E-4	0.04839703
9.7096455E-4	0.048396938
0.001	0.04839683
0.0010293103	0.048396707
0.0010594797	0.048396565
0.0010905333	0.0483964
0.0011224973	0.04839621
0.001155398	0.048395995
0.001189263	0.04839575
0.0012241206	0.048395462
0.00126	0.04839514
0.0012961533	0.048394773
0.0013333439	0.04839436
0.0013716016	0.04839389
0.0014109571	0.048393354
0.0014514418	0.04839275
0.0014930882	0.04839206
0.0015359295	0.048391286
0.00158	0.048390407
0.0016272478	0.048389375
0.0016759086	0.0483882
0.0017260244	0.048386876
0.0017776389	0.048385378
0.0018307968	0.04838369
0.0018855444	0.048381787
0.0019419291	0.048379645
0.002	0.048377242
0.0020575977	0.04837464
0.002116854	0.048371743
0.002177817	0.048368514
0.0022405356	0.048364915
0.0023050604	0.04836091
0.0023714434	0.048356462
0.0024397383	0.048351526
0.00251	0.048346058
0.0025833033	0.048339915
0.0026587474	0.048333112
0.0027363948	0.048325587
0.0028163097	0.048317276
0.0028985585	0.048308108
0.0029832094	0.04829801
0.0030703326	0.04828689
0.00316	0.04827467
0.0032524571	0.048261225
0.0033476194	0.048246484
0.003445566	0.04823033
0.0035463783	0.048212666
0.0036501405	0.048193358
0.0037569385	0.048172284
0.003866861	0.048149318
0.00398	0.04812431
0.004096165	0.04809719
0.0042157196	0.048067737
0.0043387646	0.0480358
0.0044654002	0.04800121
0.0045957323	0.04796379
0.0047298684	0.04792336
0.0048679197	0.047879733
0.00501	0.047832716
0.005156579	0.047781985
0.0053074467	0.04772744
0.005462728	0.047668867
0.0056225527	0.04760605
0.0057870536	0.047538772
0.005956367	0.047466803
0.0061306343	0.047389913
0.00631	0.04730788
0.006493865	0.047220826
0.0066830874	0.04712821
0.0068778237	0.0470298
0.007078234	0.04692537
0.0072844843	0.04681469
0.0074967444	0.046697546
0.00771519	0.046573713
0.00794	0.04644298
0.008172275	0.0463046
0.008411343	0.046158854
0.008657407	0.04600556
0.008910668	0.04584453
0.009171338	0.045675594
0.009439633	0.045498595
0.009715778	0.045313384
0.01	0.045119837
0.010292081	0.044918142
0.010592694	0.04470791
0.010902087	0.04448906
0.011220517	0.04426152
0.011548247	0.044025235
0.011885551	0.043780174
0.012232705	0.043526325
0.01259	0.04326369
0.012957647	0.042992346
0.013336032	0.042712275
0.013725464	0.042423543
0.01412627	0.042126216
0.014538779	0.04182039
0.014963334	0.04150618
0.015400288	0.041183703
0.01585	0.04085311
0.016312422	0.040514864
0.016788337	0.04016884
0.017278135	0.039815232
0.017782224	0.03945423
0.01830102	0.039086048
0.01883495	0.0387109
0.019384459	0.03832902
0.01995	0.037940644
0.020533005	0.037545368
0.021133045	0.037144072
0.021750621	0.036737014
0.022386245	0.036324453
0.023040446	0.035906658
0.023713762	0.035483886
0.024406755	0.035056412
0.02512	0.034624502
0.025853088	0.03418901
0.02660757	0.033749618
0.027384069	0.033306595
0.02818323	0.032860197
0.029005712	0.03241068
0.029852198	0.031958293
0.030723387	0.03150329
0.03162	0.03104591
0.032543603	0.030585984
0.033494186	0.030124152
0.034472536	0.02966064
0.03547946	0.029195672
0.0365158	0.028729465
0.03758241	0.028262235
0.03868017	0.027794188
0.03981	0.027325526
0.040972695	0.0268565
0.042169347	0.026387252
0.04340095	0.025917972
0.044668525	0.02544884
0.04597312	0.02498004
0.047315817	0.02451175
0.04869773	0.024044145
0.05012	0.023577396
0.0515838	0.023111677
0.053090356	0.022647152
0.05464091	0.022183986
0.05623675	0.02172235
0.0578792	0.021262405
0.059569612	0.02080432
0.0613094	0.020348258
0.0631	0.019894386
0.06494172	0.019443154
0.066837184	0.018994447
0.06878798	0.018548433
0.070795715	0.018105285
0.072862044	0.01766518
0.074988686	0.017228289
0.077177405	0.016794797
0.07943	0.016364884
0.08174976	0.015938478
0.08413727	0.015516026
0.08659451	0.015097718
0.08912351	0.014683744
0.09172637	0.014274296
0.09440525	0.013869568
0.097162366	0.013469751
0.1	0.01307504
0.102919795	0.01268572
0.10592484	0.012301884
0.109017625	0.011923719
0.112200715	0.01155141
0.11547674	0.011185134
0.11884842	0.010825063
0.12231855	0.010471365
0.12589	0.010124198
0.12956645	0.009783644
0.13335027	0.009449912
0.13724458	0.009123129
0.14125264	0.00880341
0.14537773	0.008490861
0.14962329	0.008185569
0.15399285	0.007887611
0.15849	0.007597045
0.16311829	0.0073139286
0.16788174	0.007038277
0.17278428	0.0067701023
0.17783	0.0065094
0.18302307	0.0062561505
0.18836778	0.0060103163
0.19386858	0.005771846
0.19953	0.0055406718
0.20535603	0.005316739
0.21135218	0.005099923
0.21752341	0.0048901155
0.22387484	0.0046871956
0.23041171	0.004491033
0.23713945	0.0043014856
0.24406363	0.0041184053
0.25119	0.0039416347
0.25852492	0.0037710005
0.26607406	0.003606348
0.27384362	0.0034475066
0.28184006	0.0032943045
0.29007	0.0031465683
0.29854023	0.0030041256
0.30725783	0.0028668053
0.31623	0.0027344392
0.32546407	0.002606863
0.33496782	0.0024839146
0.34474903	0.0023654387
0.3548159	0.0022512851
0.3651767	0.0021413094
0.37584007	0.0020353738
0.3868148	0.0019333476
0.39811	0.0018351059
0.40973493	0.0017405321
0.42169935	0.0016495145
0.4340131	0.0015619489
0.44668642	0.001477737
0.4597298	0.0013967864
0.47315407	0.0013190104
0.4869703	0.0012443272
0.50119	0.0011726595
0.5158249	0.0011039341
0.5308872	0.0010380815
0.5463893	9.750347E-4
0.5623441	9.1472943E-4
0.57876474	8.57103E-4
0.59566486	8.020942E-4
0.61305845	7.496427E-4
0.63096	6.9968874E-4
0.6493842	6.521726E-4
0.6683464	6.0703413E-4
0.6878623	5.642127E-4
0.7079481	5.23647E-4
0.72862035	4.8527477E-4
0.7498962	4.490326E-4
0.7717934	4.1485604E-4
0.79433	3.8267946E-4
0.8175246	3.52436E-4
0.8413966	3.240579E-4
0.86596555	2.9747628E-4
0.8912519	2.7262155E-4
0.9172767	2.494235E-4
0.9440614	2.2781138E-4
0.97162825	2.0771437E-4
1.0	1.8906155E-4
1.029201	1.7178187E-4
1.0592546	1.5580565E-4
1.090186	1.4106353E-4
1.1220205	1.2748702E-4
1.1547846	1.1500891E-4
1.1885055	1.0356336E-4
1.223211	9.3086186E-5
1.25893	8.351496E-5
1.2956905	7.478961E-5
1.3335243	6.685139E-5
1.3724631	5.9644226E-5
1.4125386	5.3114367E-5
1.4537846	4.7210477E-5
1.4962348	4.188369E-5
1.5399245	3.7087655E-5
1.58489	3.277854E-5
1.6311698	2.8914943E-5
1.678801	2.5458188E-5
1.727823	2.2371945E-5
1.7782766	1.9622308E-5
1.8302034	1.7177723E-5
1.8836465	1.5008927E-5
1.9386501	1.3088861E-5
1.99526	1.1392577E-5
2.0535233	9.897137E-6
2.113488	8.581541E-6
2.1752036	7.4265895E-6
2.2387214	6.414792E-6
2.304094	5.5302603E-6
2.3713756	4.7586013E-6
2.4406219	4.0868135E-6
2.51189	3.5031883E-6
2.5852382	2.9972132E-6
2.6607285	2.559458E-6
2.7384229	2.1815051E-6
2.818386	1.8558562E-6
2.900684	1.5758479E-6
2.9853854	1.3355753E-6
3.0725598	1.1298191E-6
3.16228	9.539779E-7
3.2546198	8.0400616E-7
3.3496559	6.76355E-7
3.447467	5.6791987E-7
3.5481343	4.7599178E-7
3.6517413	3.982125E-7
3.7583735	3.325344E-7
3.8681195	2.7718374E-7
3.98107	2.3062785E-7
4.097319	1.9154535E-7
4.2169633	1.5880025E-7
4.340101	1.3141776E-7
4.466834	1.08563526E-7
4.5972676	8.9525024E-8
4.7315106	7.369523E-8
4.869673	6.055815E-8
5.01187	4.9676153E-8
5.1582193	4.06789E-8
5.3088417	3.3253734E-8
5.463863	2.7137224E-8
5.62341	2.210795E-8
5.7876167	1.7980144E-8
5.9566183	1.4598359E-8
6.1305547	1.1832741E-8
6.30957	9.575027E-9
6.493813	7.735222E-9
6.683436	6.238633E-9
6.878596	5.0233258E-9
7.079455	4.0381396E-9
7.286179	3.2409193E-9
7.4989395	2.5969031E-9
7.7179127	2.0774666E-9
7.94328	1.6592955E-9
8.175228	1.3232279E-9
8.41395	1.0535567E-9
8.659641	8.375154E-10
8.912508	6.6475825E-10
9.172758	5.268247E-10
9.440608	4.1686254E-10
9.716279	3.2934977E-10
10.0	2.598175E-10



DATASET #4

Name: 1000yr
Num Points: 2
Info: 

X, Y Data:
0.001	0.001
10.0	0.001



DATASET #5

Name: 2500yr
Num Points: 2
Info: 

X, Y Data:
0.001	4.0E-4
10.0	4.0E-4



DATASET #6

Name: 10000yr
Num Points: 2
Info: 

X, Y Data:
0.001	1.0E-4
10.0	1.0E-4


