
X-Axis: Normalized Distance Along Strike
Y-Axis: Hypocenter Density
Number of Data Sets: 4


DATASET #1

     Name: 
   Points: 31
     Info: 

Data[x,y]:
0.05	  0.008403362
0.15	  0.008403362
0.25	  0.0
0.35	  0.008403362
0.45	  0.008403362
0.55	  0.012605042
0.65	  0.029411765
0.75	  0.021008404
0.85	  0.033613447
0.95	  0.09243698
1.05	  0.033613447
1.15	  0.071428575
1.25	  0.05042017
1.35	  0.063025214
1.45	  0.05882353
1.55	  0.05882353
1.65	  0.063025214
1.75	  0.05042017
1.85	  0.071428575
1.95	  0.033613447
2.05	  0.09243698
2.15	  0.033613447
2.25	  0.021008404
2.35	  0.029411765
2.45	  0.012605042
2.55	  0.008403362
2.65	  0.008403362
2.75	  0.0
2.85	  0.008403362
2.95	  0.008403362
3.05	  0.0



DATASET #2

     Name: 
   Points: 31
     Info: 

Data[x,y]:
0.05	  0.0
0.15	  0.0
0.25	  0.0
0.35	  0.0
0.45	  0.0
0.55	  0.0
0.65	  0.0
0.75	  0.0
0.85	  0.0
0.95	  0.0
1.05	  0.0
1.15	  0.0
1.25	  0.0
1.35	  0.0
1.45	  0.004201681
1.55	  0.004201681
1.65	  0.0
1.75	  0.0
1.85	  0.0
1.95	  0.0
2.05	  0.0
2.15	  0.0
2.25	  0.0
2.35	  0.0
2.45	  0.0
2.55	  0.0
2.65	  0.0
2.75	  0.0
2.85	  0.0
2.95	  0.0
3.05	  0.0



DATASET #3

Name: 
Num Points: 4
Info: 

X, Y Data:
0.021	  0.0012941177
0.021	  0.12811765
2.979	  0.12811765
2.979	  0.0012941177



DATASET #4

Name: 
Num Points: 4
Info: 

X, Y Data:
1.0	  0.0012941177
1.0	  0.11517647
2.0	  0.11517647
2.0	  0.0012941177


