
X-Axis: Normalized Distance Along Strike
Y-Axis: Hypocenter Density
Number of Data Sets: 4


DATASET #1

     Name: 
   Points: 31
     Info: 

Data[x,y]:
0.05	  0.027267339
0.15	  0.032009486
0.25	  0.026081802
0.35	  0.031120332
0.45	  0.028452875
0.55	  0.028452875
0.65	  0.036455248
0.75	  0.041197393
0.85	  0.041197393
0.95	  0.07024304
1.05	  0.04090101
1.15	  0.02163604
1.25	  0.026970955
1.35	  0.025785418
1.45	  0.02222881
1.55	  0.02222881
1.65	  0.025785418
1.75	  0.026970955
1.85	  0.02163604
1.95	  0.04090101
2.05	  0.07024304
2.15	  0.041197393
2.25	  0.041197393
2.35	  0.036455248
2.45	  0.028452875
2.55	  0.028452875
2.65	  0.031120332
2.75	  0.026081802
2.85	  0.032009486
2.95	  0.027267339
3.05	  0.0



DATASET #2

     Name: 
   Points: 31
     Info: 

Data[x,y]:
0.05	  0.0
0.15	  0.0
0.25	  0.0
0.35	  0.0
0.45	  0.0
0.55	  0.0
0.65	  0.0
0.75	  0.0
0.85	  0.0
0.95	  0.0
1.05	  0.002667457
1.15	  0.004445762
1.25	  0.0068168347
1.35	  0.0038529935
1.45	  0.0035566094
1.55	  0.0035566094
1.65	  0.0038529935
1.75	  0.0068168347
1.85	  0.004445762
1.95	  0.002667457
2.05	  0.0
2.15	  0.0
2.25	  0.0
2.35	  0.0
2.45	  0.0
2.55	  0.0
2.65	  0.0
2.75	  0.0
2.85	  0.0
2.95	  0.0
3.05	  0.0



DATASET #3

Name: 
Num Points: 4
Info: 

X, Y Data:
0.021	  9.834025E-4
0.021	  0.09735685
2.979	  0.09735685
2.979	  9.834025E-4



DATASET #4

Name: 
Num Points: 4
Info: 

X, Y Data:
1.0	  9.834025E-4
1.0	  0.08752282
2.0	  0.08752282
2.0	  9.834025E-4


