
X-Axis: Normalized Interevent Time
Y-Axis: Probability
Number of Data Sets: 3


DATASET #1

     Name: Bruce 2626 Histogram
   Points: 41
     Info: 

Data[x,y]:
0.05	  0.022066299
0.15	  0.014138653
0.25	  0.017342303
0.35	  0.02017559
0.45	  0.023695901
0.55	  0.028899519
0.65	  0.037929
0.75	  0.05048064
0.85	  0.07844869
0.95	  0.13699031
1.05	  0.1863043
1.15	  0.15392706
1.25	  0.09296512
1.35	  0.052004687
1.45	  0.029769875
1.55	  0.018555246
1.65	  0.012360905
1.75	  0.0079832
1.85	  0.0048980666
1.95	  0.0032536495
2.05	  0.0021592232
2.15	  0.0014499759
2.25	  0.0010333161
2.35	  6.981365E-4
2.45	  5.518427E-4
2.55	  3.962897E-4
2.65	  3.0184683E-4
2.75	  2.129594E-4
2.85	  2.0555213E-4
2.95	  1.3518293E-4
3.05	  1.3518293E-4
3.15	  9.073923E-5
3.25	  6.6665554E-5
3.35	  9.073923E-5
3.45	  6.296192E-5
3.55	  3.703642E-5
3.65	  2.7777314E-5
3.75	  2.7777314E-5
3.85	  2.0370031E-5
3.95	  1.6666389E-5
4.05	  9.073923E-5



DATASET #2

     Name: Log-Normal Fit
   Points: 401
     Info: 

Data[x,y]:
0.005	  0.0
0.015	  2.7561604E-26
0.025	  2.6678806E-21
0.035	  4.3570845E-18
0.045	  8.8050764E-16
0.055	  5.0685564E-14
0.065	  1.2704427E-12
0.075	  1.7714835E-11
0.085	  1.6028108E-10
0.095	  1.0427256E-9
0.105	  5.239238E-9
0.115	  2.14086E-8
0.125	  7.391939E-8
0.135	  2.220284E-7
0.145	  5.933707E-7
0.155	  1.4362421E-6
0.165	  3.1936677E-6
0.175	  6.599669E-6
0.185	  1.2794901E-5
0.195	  2.3455494E-5
0.205	  4.0926152E-5
0.215	  6.8346715E-5
0.225	  1.0976083E-4
0.235	  1.7019609E-4
0.245	  2.557066E-4
0.255	  3.7337196E-4
0.265	  5.3124904E-4
0.275	  7.3827704E-4
0.285	  0.001004138
0.295	  0.0013390796
0.305	  0.0017537056
0.315	  0.0022587453
0.325	  0.0028648092
0.335	  0.0035821428
0.345	  0.004420384
0.355	  0.005388335
0.365	  0.006493759
0.375	  0.007743195
0.385	  0.009141814
0.395	  0.010693297
0.405	  0.012399756
0.415	  0.014261691
0.425	  0.016277967
0.435	  0.018445842
0.445	  0.02076101
0.455	  0.023217667
0.465	  0.025808625
0.475	  0.028525406
0.485	  0.031358384
0.495	  0.034296915
0.505	  0.037329495
0.515	  0.040443897
0.525	  0.04362734
0.535	  0.046866626
0.545	  0.05014829
0.555	  0.05345875
0.565	  0.05678443
0.575	  0.060111873
0.585	  0.06342789
0.595	  0.06671963
0.605	  0.069974676
0.615	  0.07318114
0.625	  0.07632773
0.635	  0.079403795
0.645	  0.08239938
0.655	  0.08530528
0.665	  0.08811302
0.675	  0.09081492
0.685	  0.093404084
0.695	  0.095874414
0.705	  0.09822058
0.715	  0.10043804
0.725	  0.102523
0.735	  0.10447239
0.745	  0.106283866
0.755	  0.10795575
0.765	  0.109487
0.775	  0.110877216
0.785	  0.112126544
0.795	  0.11323569
0.805	  0.114205845
0.815	  0.11503866
0.825	  0.11573624
0.835	  0.11630103
0.845	  0.11673585
0.855	  0.11704385
0.865	  0.11722842
0.875	  0.1172932
0.885	  0.11724207
0.895	  0.11707905
0.905	  0.11680833
0.915	  0.116434224
0.925	  0.11596113
0.935	  0.115393505
0.945	  0.11473587
0.955	  0.11399277
0.965	  0.113168746
0.975	  0.11226833
0.985	  0.11129602
0.995	  0.11025627
1.005	  0.10915349
1.015	  0.107991986
1.025	  0.106776014
1.035	  0.10550973
1.045	  0.10419717
1.055	  0.10284229
1.065	  0.10144894
1.075	  0.1000208
1.085	  0.09856149
1.095	  0.09707446
1.105	  0.09556305
1.115	  0.09403046
1.125	  0.09247979
1.135	  0.09091397
1.145	  0.0893358
1.155	  0.08774798
1.165	  0.08615306
1.175	  0.08455346
1.185	  0.08295148
1.195	  0.081349276
1.205	  0.07974892
1.215	  0.07815233
1.225	  0.076561324
1.235	  0.07497761
1.245	  0.07340276
1.255	  0.07183828
1.265	  0.07028554
1.275	  0.068745814
1.285	  0.06722029
1.295	  0.065710075
1.305	  0.06421615
1.315	  0.062739454
1.325	  0.061280806
1.335	  0.059840966
1.345	  0.05842062
1.355	  0.05702038
1.365	  0.05564079
1.375	  0.054282326
1.385	  0.0529454
1.395	  0.051630385
1.405	  0.050337575
1.415	  0.04906723
1.425	  0.047819544
1.435	  0.046594683
1.445	  0.045392763
1.455	  0.04421385
1.465	  0.043057986
1.475	  0.041925166
1.485	  0.040815365
1.495	  0.03972851
1.505	  0.038664512
1.515	  0.037623253
1.525	  0.036604583
1.535	  0.035608344
1.545	  0.03463434
1.555	  0.033682365
1.565	  0.032752197
1.575	  0.03184359
1.585	  0.030956298
1.595	  0.030090045
1.605	  0.029244551
1.615	  0.028419528
1.625	  0.027614674
1.635	  0.02682968
1.645	  0.026064234
1.655	  0.02531801
1.665	  0.024590684
1.675	  0.023881923
1.685	  0.023191396
1.695	  0.022518763
1.705	  0.021863684
1.715	  0.02122582
1.725	  0.020604828
1.735	  0.020000368
1.745	  0.0194121
1.755	  0.018839682
1.765	  0.018282775
1.775	  0.017741041
1.785	  0.01721415
1.795	  0.016701763
1.805	  0.016203556
1.815	  0.015719201
1.825	  0.015248377
1.835	  0.014790762
1.845	  0.014346043
1.855	  0.013913907
1.865	  0.01349405
1.875	  0.013086168
1.885	  0.012689964
1.895	  0.012305144
1.905	  0.011931422
1.915	  0.011568514
1.925	  0.01121614
1.935	  0.010874029
1.945	  0.010541912
1.955	  0.0102195265
1.965	  0.009906614
1.975	  0.009602923
1.985	  0.009308204
1.995	  0.009022216
2.005	  0.008744722
2.015	  0.008475489
2.025	  0.008214291
2.035	  0.007960905
2.045	  0.0077151144
2.055	  0.007476708
2.065	  0.0072454773
2.075	  0.007021222
2.085	  0.0068037426
2.095	  0.0065928483
2.105	  0.006388351
2.115	  0.0061900667
2.125	  0.005997817
2.135	  0.005811428
2.145	  0.00563073
2.155	  0.0054555573
2.165	  0.0052857483
2.175	  0.005121147
2.185	  0.0049615996
2.195	  0.004806958
2.205	  0.004657077
2.215	  0.004511816
2.225	  0.0043710372
2.235	  0.0042346073
2.245	  0.004102397
2.255	  0.0039742794
2.265	  0.0038501322
2.275	  0.0037298359
2.285	  0.0036132743
2.295	  0.0035003347
2.305	  0.0033909075
2.315	  0.0032848862
2.325	  0.0031821677
2.335	  0.0030826507
2.345	  0.0029862383
2.355	  0.0028928353
2.365	  0.0028023499
2.375	  0.0027146921
2.385	  0.0026297758
2.395	  0.0025475165
2.405	  0.002467832
2.415	  0.0023906436
2.425	  0.0023158735
2.435	  0.0022434476
2.445	  0.002173293
2.455	  0.0021053394
2.465	  0.0020395184
2.475	  0.001975764
2.485	  0.0019140117
2.495	  0.0018541992
2.505	  0.0017962662
2.515	  0.001740154
2.525	  0.0016858059
2.535	  0.0016331665
2.545	  0.0015821825
2.555	  0.0015328022
2.565	  0.0014849752
2.575	  0.001438653
2.585	  0.0013937883
2.595	  0.0013503352
2.605	  0.0013082497
2.615	  0.0012674885
2.625	  0.0012280102
2.635	  0.0011897741
2.645	  0.0011527416
2.655	  0.0011168744
2.665	  0.0010821358
2.675	  0.0010484904
2.685	  0.0010159037
2.695	  9.843422E-4
2.705	  9.5377356E-4
2.715	  9.2416647E-4
2.725	  8.954905E-4
2.735	  8.677164E-4
2.745	  8.408154E-4
2.755	  8.1476016E-4
2.765	  7.895238E-4
2.775	  7.650805E-4
2.785	  7.414051E-4
2.795	  7.1847334E-4
2.805	  6.962617E-4
2.815	  6.747474E-4
2.825	  6.539084E-4
2.835	  6.337233E-4
2.845	  6.141713E-4
2.855	  5.9523253E-4
2.865	  5.7688745E-4
2.875	  5.5911735E-4
2.885	  5.41904E-4
2.895	  5.2522984E-4
2.905	  5.090777E-4
2.915	  4.9343106E-4
2.925	  4.7827396E-4
2.935	  4.635909E-4
2.945	  4.4936693E-4
2.955	  4.3558743E-4
2.965	  4.222384E-4
2.975	  4.093062E-4
2.985	  3.9677764E-4
2.995	  3.8463998E-4
3.005	  3.7288087E-4
3.015	  3.614883E-4
3.025	  3.504507E-4
3.035	  3.3975684E-4
3.045	  3.2939587E-4
3.055	  3.193573E-4
3.065	  3.096309E-4
3.075	  3.0020688E-4
3.085	  2.9107564E-4
3.095	  2.8222796E-4
3.105	  2.736549E-4
3.115	  2.653478E-4
3.125	  2.5729826E-4
3.135	  2.4949817E-4
3.145	  2.4193969E-4
3.155	  2.3461517E-4
3.165	  2.2751729E-4
3.175	  2.2063887E-4
3.185	  2.1397305E-4
3.195	  2.075131E-4
3.205	  2.012526E-4
3.215	  1.9518523E-4
3.225	  1.8930495E-4
3.235	  1.8360588E-4
3.245	  1.7808234E-4
3.255	  1.727288E-4
3.265	  1.6753995E-4
3.275	  1.6251062E-4
3.285	  1.5763582E-4
3.295	  1.529107E-4
3.305	  1.4833058E-4
3.315	  1.4389091E-4
3.325	  1.3958731E-4
3.335	  1.3541552E-4
3.345	  1.3137145E-4
3.355	  1.2745106E-4
3.365	  1.2365052E-4
3.375	  1.19966084E-4
3.385	  1.16394134E-4
3.395	  1.1293117E-4
3.405	  1.0957378E-4
3.415	  1.063187E-4
3.425	  1.03162725E-4
3.435	  1.00102785E-4
3.445	  9.713589E-5
3.455	  9.425916E-5
3.465	  9.1469774E-5
3.475	  8.876504E-5
3.485	  8.6142325E-5
3.495	  8.359909E-5
3.505	  8.1132865E-5
3.515	  7.874128E-5
3.525	  7.642201E-5
3.535	  7.417283E-5
3.545	  7.199157E-5
3.555	  6.987613E-5
3.565	  6.782448E-5
3.575	  6.5834654E-5
3.585	  6.390474E-5
3.595	  6.20329E-5
3.605	  6.0217342E-5
3.615	  5.8456335E-5
3.625	  5.6748195E-5
3.635	  5.5091306E-5
3.645	  5.348409E-5
3.655	  5.1925024E-5
3.665	  5.0412626E-5
3.675	  4.894547E-5
3.685	  4.752217E-5
3.695	  4.614138E-5
3.705	  4.4801804E-5
3.715	  4.350218E-5
3.725	  4.2241285E-5
3.735	  4.101794E-5
3.745	  3.9830993E-5
3.755	  3.8679344E-5
3.765	  3.756191E-5
3.775	  3.647765E-5
3.785	  3.5425554E-5
3.795	  3.440465E-5
3.805	  3.341398E-5
3.815	  3.2452637E-5
3.825	  3.151972E-5
3.835	  3.0614377E-5
3.845	  2.9735767E-5
3.855	  2.888308E-5
3.865	  2.8055534E-5
3.875	  2.7252367E-5
3.885	  2.6472842E-5
3.895	  2.5716248E-5
3.905	  2.498189E-5
3.915	  2.4269099E-5
3.925	  2.3577224E-5
3.935	  2.2905635E-5
3.945	  2.2253724E-5
3.955	  2.1620897E-5
3.965	  2.1006583E-5
3.975	  2.0410223E-5
3.985	  1.9831281E-5
3.995	  1.9269233E-5
4.005	  1.8723576E-5



DATASET #3

     Name: BPT Fit
   Points: 401
     Info: Mean = 100.0, Aperiodicity = 0.5, Duration = 30.0, Delta T = 1.0, Num Points = 500, Historic Open Interval = 0.0
Computed mean = 0.9992553

Data[x,y]:
0.0	  0.0
0.01	  0.0
0.02	  0.0
0.03	  0.0
0.04	  2.1216955E-37
0.05	  2.3482546E-29
0.06	  5.082916E-24
0.07	  3.1391417E-20
0.08	  2.1088844E-17
0.09	  3.238134E-15
0.1	  1.7731609E-13
0.11	  4.594081E-12
0.12	  6.7981835E-11
0.13	  6.5440703E-10
0.14	  4.4965414E-9
0.15	  2.3605274E-8
0.16	  9.962134E-8
0.17	  3.5139513E-7
0.18	  1.0677161E-6
0.19	  2.8620268E-6
0.2	  6.897809E-6
0.21	  1.5179138E-5
0.22	  3.0884366E-5
0.23	  5.8706733E-5
0.24	  1.0515773E-4
0.25	  1.7878923E-4
0.26	  2.9029793E-4
0.27	  4.524891E-4
0.28	  6.8009185E-4
0.29	  9.894344E-4
0.3	  0.001398
0.31	  0.0019238944
0.32	  0.0025852593
0.33	  0.0033996701
0.34	  0.0043835496
0.35	  0.005551629
0.36	  0.0069164787
0.37	  0.008488128
0.38	  0.010273773
0.39	  0.012277598
0.4	  0.014500675
0.41	  0.016940977
0.42	  0.019593455
0.43	  0.022450196
0.44	  0.02550064
0.45	  0.028731836
0.46	  0.032128736
0.47	  0.035674512
0.48	  0.039350886
0.49	  0.04313845
0.5	  0.04701699
0.51	  0.050965793
0.52	  0.05496395
0.53	  0.05899059
0.54	  0.06302517
0.55	  0.06704764
0.56	  0.07103867
0.57	  0.074979804
0.58	  0.07885357
0.59	  0.08264362
0.6	  0.08633479
0.61	  0.08991316
0.62	  0.093366124
0.63	  0.09668237
0.64	  0.09985191
0.65	  0.10286605
0.66	  0.10571741
0.67	  0.108399816
0.68	  0.11090833
0.69	  0.11323913
0.7	  0.11538952
0.71	  0.11735781
0.72	  0.11914331
0.73	  0.12074617
0.74	  0.12216744
0.75	  0.12340886
0.76	  0.12447292
0.77	  0.12536271
0.78	  0.12608187
0.79	  0.12663455
0.8	  0.12702534
0.81	  0.12725917
0.82	  0.12734132
0.83	  0.12727736
0.84	  0.12707302
0.85	  0.12673427
0.86	  0.12626715
0.87	  0.12567782
0.88	  0.12497251
0.89	  0.12415743
0.9	  0.123238824
0.91	  0.12222287
0.92	  0.121115714
0.93	  0.11992338
0.94	  0.11865184
0.95	  0.1173069
0.96	  0.11589427
0.97	  0.1144195
0.98	  0.11288797
0.99	  0.11130492
1.0	  0.109675385
1.01	  0.10800426
1.02	  0.10629623
1.03	  0.104555786
1.04	  0.10278727
1.05	  0.10099479
1.06	  0.09918229
1.07	  0.097353525
1.08	  0.09551205
1.09	  0.09366124
1.1	  0.091804296
1.11	  0.089944236
1.12	  0.08808389
1.13	  0.08622594
1.14	  0.084372886
1.15	  0.08252707
1.16	  0.08069068
1.17	  0.07886575
1.18	  0.07705417
1.19	  0.07525769
1.2	  0.07347791
1.21	  0.071716316
1.22	  0.069974266
1.23	  0.068253
1.24	  0.06655364
1.25	  0.0648772
1.26	  0.06322458
1.27	  0.061596602
1.28	  0.059993986
1.29	  0.058417358
1.3	  0.056867268
1.31	  0.055344176
1.32	  0.05384848
1.33	  0.0523805
1.34	  0.05094049
1.35	  0.049528647
1.36	  0.048145104
1.37	  0.046789944
1.38	  0.0454632
1.39	  0.044164848
1.4	  0.042894837
1.41	  0.041653056
1.42	  0.04043937
1.43	  0.03925361
1.44	  0.038095564
1.45	  0.036965
1.46	  0.035861652
1.47	  0.03478524
1.48	  0.03373545
1.49	  0.032711957
1.5	  0.03171441
1.51	  0.030742446
1.52	  0.02979569
1.53	  0.028873751
1.54	  0.027976226
1.55	  0.027102707
1.56	  0.026252773
1.57	  0.025425997
1.58	  0.024621947
1.59	  0.023840187
1.6	  0.02308028
1.61	  0.02234178
1.62	  0.021624247
1.63	  0.020927232
1.64	  0.020250292
1.65	  0.019592986
1.66	  0.01895487
1.67	  0.018335506
1.68	  0.017734455
1.69	  0.017151285
1.7	  0.016585564
1.71	  0.01603687
1.72	  0.015504778
1.73	  0.014988876
1.74	  0.01448875
1.75	  0.014003996
1.76	  0.013534215
1.77	  0.013079014
1.78	  0.0126380045
1.79	  0.012210807
1.8	  0.011797047
1.81	  0.011396359
1.82	  0.011008381
1.83	  0.01063276
1.84	  0.010269148
1.85	  0.009917208
1.86	  0.009576606
1.87	  0.009247015
1.88	  0.00892812
1.89	  0.008619607
1.9	  0.0083211735
1.91	  0.00803252
1.92	  0.007753358
1.93	  0.007483403
1.94	  0.0072223796
1.95	  0.0069700163
1.96	  0.006726051
1.97	  0.006490227
1.98	  0.006262294
1.99	  0.006042009
2.0	  0.0058291345
2.01	  0.00562344
2.02	  0.0054246997
2.03	  0.005232696
2.04	  0.005047216
2.05	  0.0048680524
2.06	  0.004695005
2.07	  0.0045278766
2.08	  0.004366479
2.09	  0.0042106262
2.1	  0.0040601403
2.11	  0.0039148456
2.12	  0.0037745745
2.13	  0.0036391618
2.14	  0.0035084486
2.15	  0.0033822805
2.16	  0.0032605075
2.17	  0.003142984
2.18	  0.0030295688
2.19	  0.0029201254
2.2	  0.0028145213
2.21	  0.0027126276
2.22	  0.00261432
2.23	  0.002519478
2.24	  0.0024279843
2.25	  0.0023397256
2.26	  0.0022545927
2.27	  0.0021724787
2.28	  0.0020932811
2.29	  0.0020169003
2.3	  0.0019432398
2.31	  0.0018722062
2.32	  0.0018037094
2.33	  0.0017376618
2.34	  0.001673979
2.35	  0.0016125791
2.36	  0.001553383
2.37	  0.0014963142
2.38	  0.0014412986
2.39	  0.0013882648
2.4	  0.0013371436
2.41	  0.0012878679
2.42	  0.0012403731
2.43	  0.0011945968
2.44	  0.0011504785
2.45	  0.0011079598
2.46	  0.0010669844
2.47	  0.0010274976
2.48	  9.894468E-4
2.49	  9.527812E-4
2.5	  9.174515E-4
2.51	  8.834104E-4
2.52	  8.5061195E-4
2.53	  8.190118E-4
2.54	  7.8856735E-4
2.55	  7.592372E-4
2.56	  7.309815E-4
2.57	  7.037618E-4
2.58	  6.775409E-4
2.59	  6.522829E-4
2.6	  6.279532E-4
2.61	  6.0451846E-4
2.62	  5.8194634E-4
2.63	  5.602057E-4
2.64	  5.3926656E-4
2.65	  5.1909994E-4
2.66	  4.996779E-4
2.67	  4.8097337E-4
2.68	  4.6296036E-4
2.69	  4.4561378E-4
2.7	  4.2890938E-4
2.71	  4.1282384E-4
2.72	  3.9733454E-4
2.73	  3.8241985E-4
2.74	  3.680587E-4
2.75	  3.5423096E-4
2.76	  3.4091706E-4
2.77	  3.2809825E-4
2.78	  3.157564E-4
2.79	  3.03874E-4
2.8	  2.9243418E-4
2.81	  2.8142077E-4
2.82	  2.7081804E-4
2.83	  2.606109E-4
2.84	  2.507848E-4
2.85	  2.4132573E-4
2.86	  2.3222013E-4
2.87	  2.2345498E-4
2.88	  2.150177E-4
2.89	  2.068962E-4
2.9	  1.9907882E-4
2.91	  1.9155427E-4
2.92	  1.8431175E-4
2.93	  1.7734079E-4
2.94	  1.7063133E-4
2.95	  1.641737E-4
2.96	  1.5795852E-4
2.97	  1.5197681E-4
2.98	  1.462199E-4
2.99	  1.406794E-4
3.0	  1.3534729E-4
3.01	  1.302158E-4
3.02	  1.2527748E-4
3.03	  1.2052511E-4
3.04	  1.1595176E-4
3.05	  1.1155076E-4
3.06	  1.07315675E-4
3.07	  1.032403E-4
3.08	  9.9318684E-5
3.09	  9.554507E-5
3.1	  9.191392E-5
3.11	  8.841991E-5
3.12	  8.50579E-5
3.13	  8.182295E-5
3.14	  7.8710305E-5
3.15	  7.571537E-5
3.16	  7.2833725E-5
3.17	  7.0061134E-5
3.18	  6.739349E-5
3.19	  6.482686E-5
3.2	  6.2357445E-5
3.21	  5.998159E-5
3.22	  5.769578E-5
3.23	  5.5496625E-5
3.24	  5.3380863E-5
3.25	  5.1345356E-5
3.26	  4.938708E-5
3.27	  4.7503127E-5
3.28	  4.5690693E-5
3.29	  4.3947082E-5
3.3	  4.2269698E-5
3.31	  4.065604E-5
3.32	  3.9103707E-5
3.33	  3.7610378E-5
3.34	  3.6173828E-5
3.35	  3.4791912E-5
3.36	  3.346256E-5
3.37	  3.2183787E-5
3.38	  3.095368E-5
3.39	  2.97704E-5
3.4	  2.8632168E-5
3.41	  2.7537286E-5
3.42	  2.6484107E-5
3.43	  2.5471052E-5
3.44	  2.4496603E-5
3.45	  2.3559294E-5
3.46	  2.2657718E-5
3.47	  2.179052E-5
3.48	  2.0956393E-5
3.49	  2.0154086E-5
3.5	  1.9382387E-5
3.51	  1.8640138E-5
3.52	  1.7926217E-5
3.53	  1.723955E-5
3.54	  1.65791E-5
3.55	  1.5943873E-5
3.56	  1.5332906E-5
3.57	  1.474528E-5
3.58	  1.4180106E-5
3.59	  1.3636528E-5
3.6	  1.3113727E-5
3.61	  1.2610911E-5
3.62	  1.2127319E-5
3.63	  1.1662219E-5
3.64	  1.1214906E-5
3.65	  1.0784704E-5
3.66	  1.037096E-5
3.67	  9.973046E-6
3.68	  9.59036E-6
3.69	  9.222321E-6
3.7	  8.868369E-6
3.71	  8.527969E-6
3.72	  8.200603E-6
3.73	  7.885772E-6
3.74	  7.5830003E-6
3.75	  7.2918256E-6
3.76	  7.0118062E-6
3.77	  6.742516E-6
3.78	  6.483544E-6
3.79	  6.2344975E-6
3.8	  5.994997E-6
3.81	  5.7646776E-6
3.82	  5.543188E-6
3.83	  5.3301906E-6
3.84	  5.1253614E-6
3.85	  4.928388E-6
3.86	  4.7389694E-6
3.87	  4.556817E-6
3.88	  4.381653E-6
3.89	  4.2132096E-6
3.9	  4.0512296E-6
3.91	  3.895466E-6
3.92	  3.7456807E-6
3.93	  3.6016447E-6
3.94	  3.463138E-6
3.95	  3.3299489E-6
3.96	  3.2018736E-6
3.97	  3.0787162E-6
3.98	  2.9602884E-6
3.99	  2.846409E-6
4.0	  2.7369035E-6


