
X-Axis: Normalized Distance Along Strike
Y-Axis: Hypocenter Density
Number of Data Sets: 4


DATASET #1

     Name: 
   Points: 31
     Info: 

Data[x,y]:
0.05	  0.0029239766
0.15	  0.00877193
0.25	  0.0058479533
0.35	  0.0116959065
0.45	  0.00877193
0.55	  0.014619883
0.65	  0.038011696
0.75	  0.049707603
0.85	  0.09356725
0.95	  0.0877193
1.05	  0.055555556
1.15	  0.04385965
1.25	  0.038011696
1.35	  0.014619883
1.45	  0.02631579
1.55	  0.02631579
1.65	  0.014619883
1.75	  0.038011696
1.85	  0.04385965
1.95	  0.055555556
2.05	  0.0877193
2.15	  0.09356725
2.25	  0.049707603
2.35	  0.038011696
2.45	  0.014619883
2.55	  0.00877193
2.65	  0.0116959065
2.75	  0.0058479533
2.85	  0.00877193
2.95	  0.0029239766
3.05	  0.0



DATASET #2

     Name: 
   Points: 31
     Info: 

Data[x,y]:
0.05	  0.0
0.15	  0.0
0.25	  0.0
0.35	  0.0
0.45	  0.0
0.55	  0.0
0.65	  0.0
0.75	  0.0
0.85	  0.0
0.95	  0.0
1.05	  0.0
1.15	  0.0
1.25	  0.0
1.35	  0.0
1.45	  0.0
1.55	  0.0
1.65	  0.0
1.75	  0.0
1.85	  0.0
1.95	  0.0
2.05	  0.0
2.15	  0.0
2.25	  0.0
2.35	  0.0
2.45	  0.0
2.55	  0.0
2.65	  0.0
2.75	  0.0
2.85	  0.0
2.95	  0.0
3.05	  0.0



DATASET #3

Name: 
Num Points: 4
Info: 

X, Y Data:
0.021	  0.0013099415
0.021	  0.12968421
2.979	  0.12968421
2.979	  0.0013099415



DATASET #4

Name: 
Num Points: 4
Info: 

X, Y Data:
1.0	  0.0013099415
1.0	  0.11658479
2.0	  0.11658479
2.0	  0.0013099415


