
X-Axis: 10.0s SA (g)
Y-Axis: Annual Probabilitiy
Number of Data Sets: 5


DATASET #1

Name: UCERF3
Num Points: 401
Info: 

X, Y Data:
1.0E-4	0.058590516
1.0333392E-4	0.05851065
1.06779E-4	0.05842469
1.1033893E-4	0.05833232
1.14017545E-4	0.058233216
1.178188E-4	0.058127053
1.2174679E-4	0.0580135
1.2580573E-4	0.057892233
1.3E-4	0.057762917
1.334183E-4	0.057654656
1.369265E-4	0.057540987
1.4052694E-4	0.05742175
1.4422205E-4	0.05729679
1.4801433E-4	0.057165943
1.5190631E-4	0.057029057
1.5590065E-4	0.056885984
1.6E-4	0.05673657
1.645257E-4	0.056568768
1.691794E-4	0.056393307
1.7396474E-4	0.05621001
1.7888544E-4	0.05601872
1.8394532E-4	0.055819284
1.8914833E-4	0.05561155
1.944985E-4	0.05539538
2.0E-4	0.05517064
2.0565712E-4	0.054937214
2.1147425E-4	0.05469498
2.1745593E-4	0.05444384
2.236068E-4	0.054183703
2.2993165E-4	0.053914484
2.364354E-4	0.053636115
2.4312311E-4	0.053348534
2.5E-4	0.053051695
2.5783465E-4	0.05271248
2.659148E-4	0.05236186
2.742482E-4	0.051999826
2.8284272E-4	0.05162638
2.917066E-4	0.051241554
3.0084825E-4	0.050845392
3.102764E-4	0.050437957
3.2E-4	0.050019335
3.290514E-4	0.049631394
3.383588E-4	0.049234483
3.4792948E-4	0.048828714
3.5777088E-4	0.0484142
3.6789064E-4	0.047991063
3.7829665E-4	0.047559455
3.88997E-4	0.047119517
4.0E-4	0.046671424
4.1131425E-4	0.046215344
4.229485E-4	0.04575147
4.3491187E-4	0.04528
4.472136E-4	0.04480114
4.598633E-4	0.044315107
4.728708E-4	0.043822136
4.8624622E-4	0.043322463
5.0E-4	0.042816333
5.1465514E-4	0.042285603
5.2973983E-4	0.041748513
5.4526667E-4	0.04120537
5.612486E-4	0.040656485
5.77699E-4	0.040102173
5.946315E-4	0.03954276
6.120603E-4	0.03897858
6.3E-4	0.03840997
6.4807665E-4	0.037849206
6.6667196E-4	0.037284847
6.858008E-4	0.036717225
7.0547854E-4	0.036146674
7.257209E-4	0.035573535
7.465441E-4	0.034998138
7.6796475E-4	0.034420833
7.9E-4	0.033841953
8.136239E-4	0.033237703
8.379543E-4	0.032632507
8.630122E-4	0.03202675
8.8881946E-4	0.031420816
9.153984E-4	0.030815093
9.427722E-4	0.030209957
9.7096455E-4	0.029605785
0.001	0.029002955
0.0010293103	0.028413573
0.0010594797	0.027826179
0.0010905333	0.02724111
0.0011224973	0.026658703
0.001155398	0.02607928
0.001189263	0.025503164
0.0012241206	0.02493067
0.00126	0.024362102
0.0012961533	0.023809431
0.0013333439	0.023261083
0.0013716016	0.02271732
0.0014109571	0.022178398
0.0014514418	0.021644564
0.0014930882	0.021116054
0.0015359295	0.020593096
0.00158	0.020075908
0.0016272478	0.019543573
0.0016759086	0.019017948
0.0017260244	0.01849924
0.0017776389	0.01798765
0.0018307968	0.017483361
0.0018855444	0.016986547
0.0019419291	0.016497368
0.002	0.016015971
0.0020575977	0.015559599
0.002116854	0.0151106855
0.002177817	0.014669331
0.0022405356	0.014235621
0.0023050604	0.013809633
0.0023714434	0.013391432
0.0024397383	0.012981075
0.00251	0.012578606
0.0025833033	0.012178638
0.0026587474	0.011786843
0.0027363948	0.011403236
0.0028163097	0.011027825
0.0028985585	0.010660608
0.0029832094	0.010301573
0.0030703326	0.009950702
0.00316	0.009607966
0.0032524571	0.009272725
0.0033476194	0.008945569
0.003445566	0.008626449
0.0035463783	0.008315306
0.0036501405	0.008012077
0.0037569385	0.007716692
0.003866861	0.007429077
0.00398	0.00714915
0.004096165	0.0068774745
0.0042157196	0.006613277
0.0043387646	0.006356465
0.0044654002	0.006106942
0.0045957323	0.005864608
0.0047298684	0.0056293597
0.0048679197	0.005401091
0.00501	0.005179694
0.005156579	0.0049645565
0.0053074467	0.0047560986
0.005462728	0.0045542046
0.0056225527	0.0043587587
0.0057870536	0.0041696415
0.005956367	0.0039867344
0.0061306343	0.0038099175
0.00631	0.0036390696
0.006493865	0.0034747175
0.0066830874	0.0033160455
0.0068778237	0.0031629335
0.007078234	0.00301526
0.0072844843	0.002872904
0.0074967444	0.0027357452
0.00771519	0.0026036624
0.00794	0.002476535
0.008172275	0.002353777
0.008411343	0.002235771
0.008657407	0.0021223968
0.008910668	0.0020135348
0.009171338	0.0019090658
0.009439633	0.0018088715
0.009715778	0.0017128347
0.01	0.0016208389
0.010292081	0.0015329008
0.010592694	0.0014487625
0.010902087	0.001368311
0.011220517	0.001291435
0.011548247	0.0012180241
0.011885551	0.0011479693
0.012232705	0.0010811631
0.01259	0.001017499
0.012957647	9.5688563E-4
0.013336032	8.9920516E-4
0.013725464	8.443559E-4
0.01412627	7.922379E-4
0.014538779	7.427525E-4
0.014963334	6.9580326E-4
0.015400288	6.5129495E-4
0.01585	6.091343E-4
0.016312422	5.692649E-4
0.016788337	5.315583E-4
0.017278135	4.95927E-4
0.017782224	4.622854E-4
0.01830102	4.3054973E-4
0.01883495	4.0063827E-4
0.019384459	3.7247123E-4
0.01995	3.459708E-4
0.020533005	3.2102186E-4
0.021133045	2.9759484E-4
0.021750621	2.756178E-4
0.022386245	2.5502068E-4
0.023040446	2.357357E-4
0.023713762	2.1769702E-4
0.024406755	2.0084095E-4
0.02512	1.8510592E-4
0.025853088	1.7045144E-4
0.02660757	1.5679844E-4
0.027384069	1.440918E-4
0.02818323	1.3227844E-4
0.029005712	1.2130733E-4
0.029852198	1.1112944E-4
0.030723387	1.0169777E-4
0.03162	9.296725E-5
0.032543603	8.488797E-5
0.033494186	7.7426615E-5
0.034472536	7.0543785E-5
0.03547946	6.420193E-5
0.0365158	5.8365305E-5
0.03758241	5.2999945E-5
0.03868017	4.8073623E-5
0.03981	4.3555785E-5
0.040972695	3.9417977E-5
0.042169347	3.5632347E-5
0.04340095	3.2173128E-5
0.044668525	2.9016031E-5
0.04597312	2.6138221E-5
0.047315817	2.351823E-5
0.04869773	2.1135931E-5
0.05012	1.8972465E-5
0.0515838	1.7010216E-5
0.053090356	1.5232702E-5
0.05464091	1.3624578E-5
0.05623675	1.2171554E-5
0.0578792	1.0860352E-5
0.059569612	9.67865E-6
0.0613094	8.615031E-6
0.0631	7.658935E-6
0.06494172	6.8011195E-6
0.066837184	6.031972E-6
0.06878798	5.3432273E-6
0.070795715	4.7272865E-6
0.072862044	4.1771764E-6
0.074988686	3.6865065E-6
0.077177405	3.2494306E-6
0.07943	2.860609E-6
0.08174976	2.514975E-6
0.08413727	2.2083352E-6
0.08659451	1.9366516E-6
0.08912351	1.6962593E-6
0.09172637	1.4838375E-6
0.09440525	1.296382E-6
0.097162366	1.1311794E-6
0.1	9.857822E-7
0.102919795	8.580161E-7
0.10592484	7.458649E-7
0.109017625	6.4755125E-7
0.112200715	5.6148343E-7
0.11547674	4.862376E-7
0.11884842	4.205403E-7
0.12231855	3.6325667E-7
0.12589	3.1337737E-7
0.12956645	2.6999507E-7
0.13335027	2.3232205E-7
0.13724458	1.9965057E-7
0.14125264	1.7135473E-7
0.14537773	1.4688113E-7
0.14962329	1.257419E-7
0.15399285	1.0750794E-7
0.15849	9.180086E-8
0.16311829	7.8289084E-8
0.16788174	6.668062E-8
0.17278428	5.672094E-8
0.17783	4.8187246E-8
0.18302307	4.0885077E-8
0.18836778	3.4645065E-8
0.19386858	2.9320027E-8
0.19953	2.4781835E-8
0.20535603	2.0919762E-8
0.21135218	1.7636978E-8
0.21752341	1.4850287E-8
0.22387484	1.2488034E-8
0.23041171	1.0488184E-8
0.23713945	8.7974215E-9
0.24406363	7.3698496E-9
0.25119	6.1660828E-9
0.25852492	5.1523164E-9
0.26607406	4.2997774E-9
0.27384362	3.583772E-9
0.28184006	2.983208E-9
0.29007	2.4801632E-9
0.29854023	2.0593238E-9
0.30725783	1.7077522E-9
0.31623	1.4144302E-9
0.32546407	1.1700081E-9
0.33496782	9.666076E-10
0.34474903	7.975711E-10
0.3548159	6.5724903E-10
0.3651767	5.409664E-10
0.37584007	4.4468507E-10
0.3868148	3.650913E-10
0.39811	2.9933767E-10
0.40973493	2.4511704E-10
0.42169935	2.0047286E-10
0.4340131	1.6375001E-10
0.44668642	1.3358481E-10
0.4597298	1.08827725E-10
0.47315407	8.8538954E-11
0.4869703	7.193579E-11
0.50119	5.837042E-11
0.5158249	4.7303383E-11
0.5308872	3.82665E-11
0.5463893	3.090539E-11
0.5623441	2.4939606E-11
0.57876474	2.0086821E-11
0.59566486	1.6147972E-11
0.61305845	1.2953638E-11
0.63096	1.03769215E-11
0.6493842	8.301249E-12
0.6683464	6.630585E-12
0.6878623	5.281886E-12
0.7079481	4.195533E-12
0.72862035	3.3235636E-12
0.7498962	2.6246783E-12
0.7717934	2.0695667E-12
0.79433	1.6349144E-12
0.8175246	1.2735368E-12
0.8413966	9.895418E-13
0.86596555	7.6638695E-13
0.8912519	5.957457E-13
0.9172767	4.549694E-13
0.9440614	3.4472425E-13
0.97162825	2.5668356E-13
1.0	1.936229E-13
1.029201	1.4444002E-13
1.0592546	1.10689236E-13
1.090186	8.0824236E-14
1.1220205	5.884182E-14
1.1547846	4.3520743E-14
1.1885055	3.130829E-14
1.223211	2.2093438E-14
1.25893	1.6653345E-14
1.2956905	1.2212453E-14
1.3335243	8.9928065E-15
1.3724631	6.8833828E-15
1.4125386	4.773959E-15
1.4537846	3.2196468E-15
1.4962348	2.6645353E-15
1.5399245	1.110223E-15
1.58489	6.661338E-16
1.6311698	4.440892E-16
1.678801	3.330669E-16
1.727823	3.330669E-16
1.7782766	0.0
1.8302034	0.0
1.8836465	0.0
1.9386501	0.0
1.99526	0.0
2.0535233	0.0
2.113488	0.0
2.1752036	0.0
2.2387214	0.0
2.304094	0.0
2.3713756	0.0
2.4406219	0.0
2.51189	0.0
2.5852382	0.0
2.6607285	0.0
2.7384229	0.0
2.818386	0.0
2.900684	0.0
2.9853854	0.0
3.0725598	0.0
3.16228	0.0
3.2546198	0.0
3.3496559	0.0
3.447467	0.0
3.5481343	0.0
3.6517413	0.0
3.7583735	0.0
3.8681195	0.0
3.98107	0.0
4.097319	0.0
4.2169633	0.0
4.340101	0.0
4.466834	0.0
4.5972676	0.0
4.7315106	0.0
4.869673	0.0
5.01187	0.0
5.1582193	0.0
5.3088417	0.0
5.463863	0.0
5.62341	0.0
5.7876167	0.0
5.9566183	0.0
6.1305547	0.0
6.30957	0.0
6.493813	0.0
6.683436	0.0
6.878596	0.0
7.079455	0.0
7.286179	0.0
7.4989395	0.0
7.7179127	0.0
7.94328	0.0
8.175228	0.0
8.41395	0.0
8.659641	0.0
8.912508	0.0
9.172758	0.0
9.440608	0.0
9.716279	0.0
10.0	0.0



DATASET #2

Name: RSQSim
Num Points: 401
Info: 

X, Y Data:
1.0E-4	0.04876944
1.0333392E-4	0.048719786
1.06779E-4	0.048665833
1.1033893E-4	0.048607305
1.14017545E-4	0.048543923
1.178188E-4	0.04847539
1.2174679E-4	0.048401408
1.2580573E-4	0.04832167
1.3E-4	0.048235875
1.334183E-4	0.048163466
1.369265E-4	0.048086904
1.4052694E-4	0.04800603
1.4422205E-4	0.04792068
1.4801433E-4	0.047830697
1.5190631E-4	0.04773592
1.5590065E-4	0.04763618
1.6E-4	0.04753132
1.645257E-4	0.047412746
1.691794E-4	0.047287874
1.7396474E-4	0.047156516
1.7888544E-4	0.047018476
1.8394532E-4	0.04687357
1.8914833E-4	0.046721607
1.944985E-4	0.04656241
2.0E-4	0.046395805
2.0565712E-4	0.04622162
2.1147425E-4	0.0460397
2.1745593E-4	0.045849882
2.236068E-4	0.045652024
2.2993165E-4	0.045445982
2.364354E-4	0.045231633
2.4312311E-4	0.04500885
2.5E-4	0.044777527
2.5783465E-4	0.04451154
2.659148E-4	0.044234864
2.742482E-4	0.04394739
2.8284272E-4	0.043649036
2.917066E-4	0.04333974
3.0084825E-4	0.043019455
3.102764E-4	0.04268816
3.2E-4	0.04234585
3.290514E-4	0.042026967
3.383588E-4	0.041699126
3.4792948E-4	0.041362375
3.5777088E-4	0.04101677
3.6789064E-4	0.04066239
3.7829665E-4	0.04029932
3.88997E-4	0.03992766
4.0E-4	0.039547544
4.1131425E-4	0.039159093
4.229485E-4	0.038762465
4.3491187E-4	0.03835782
4.472136E-4	0.03794534
4.598633E-4	0.037525218
4.728708E-4	0.037097663
4.8624622E-4	0.03666289
5.0E-4	0.036221143
5.1465514E-4	0.03575653
5.2973983E-4	0.035284985
5.4526667E-4	0.03480681
5.612486E-4	0.034322325
5.77699E-4	0.033831857
5.946315E-4	0.03333574
6.120603E-4	0.032834332
6.3E-4	0.03232799
6.4807665E-4	0.03182773
6.6667196E-4	0.031323448
6.858008E-4	0.030815497
7.0547854E-4	0.030304248
7.257209E-4	0.029790072
7.465441E-4	0.02927334
7.6796475E-4	0.028754432
7.9E-4	0.028233727
8.136239E-4	0.027689872
8.379543E-4	0.027144913
8.630122E-4	0.026599279
8.8881946E-4	0.026053397
9.153984E-4	0.025507694
9.427722E-4	0.024962593
9.7096455E-4	0.024418509
0.001	0.023875855
0.0010293103	0.023345592
0.0010594797	0.022817468
0.0010905333	0.02229185
0.0011224973	0.021769095
0.001155398	0.021249553
0.001189263	0.020733565
0.0012241206	0.02022146
0.00126	0.019713558
0.0012961533	0.019220568
0.0013333439	0.018732183
0.0013716016	0.018248666
0.0014109571	0.017770274
0.0014514418	0.01729725
0.0014930882	0.016829828
0.0015359295	0.016368225
0.00158	0.015912652
0.0016272478	0.015444756
0.0016759086	0.014983816
0.0017260244	0.014530026
0.0017776389	0.014083562
0.0018307968	0.013644585
0.0018855444	0.013213243
0.0019419291	0.012789669
0.002	0.012373983
0.0020575977	0.011980997
0.002116854	0.011595514
0.002177817	0.011217602
0.0022405356	0.010847318
0.0023050604	0.010484712
0.0023714434	0.010129819
0.0024397383	0.009782664
0.00251	0.009443263
0.0025833033	0.00910707
0.0026587474	0.008778849
0.0027363948	0.008458584
0.0028163097	0.0081462525
0.0028985585	0.007841822
0.0029832094	0.00754525
0.0030703326	0.0072564883
0.00316	0.0069754794
0.0032524571	0.0067016673
0.0033476194	0.0064355005
0.003445566	0.0061769006
0.0035463783	0.005925785
0.0036501405	0.005682063
0.0037569385	0.00544564
0.003866861	0.0052164174
0.00398	0.004994291
0.004096165	0.0047796634
0.0042157196	0.0045718807
0.0043387646	0.0043708286
0.0044654002	0.0041763918
0.0045957323	0.0039884504
0.0047298684	0.0038068842
0.0048679197	0.0036315701
0.00501	0.0034623833
0.005156579	0.0032988186
0.0053074467	0.0031411566
0.005462728	0.0029892684
0.0056225527	0.0028430251
0.0057870536	0.002702297
0.005956367	0.0025669544
0.0061306343	0.0024368674
0.00631	0.0023119063
0.006493865	0.0021924116
0.0066830874	0.0020777462
0.0068778237	0.001967783
0.007078234	0.0018623959
0.0072844843	0.001761459
0.0074967444	0.0016648478
0.00771519	0.0015724384
0.00794	0.0014841078
0.008172275	0.0013994136
0.008411343	0.0013185851
0.008657407	0.0012415018
0.008910668	0.0011680439
0.009171338	0.0010980933
0.009439633	0.0010315333
0.009715778	9.682484E-4
0.01	9.081249E-4
0.010292081	8.511359E-4
0.010592694	7.970766E-4
0.010902087	7.458388E-4
0.011220517	6.973157E-4
0.011548247	6.5140263E-4
0.011885551	6.079966E-4
0.012232705	5.669966E-4
0.01259	5.283035E-4
0.012957647	4.918283E-4
0.013336032	4.5746722E-4
0.013725464	4.251275E-4
0.01412627	3.947186E-4
0.014538779	3.661522E-4
0.014963334	3.3934222E-4
0.015400288	3.142049E-4
0.01585	2.9065876E-4
0.016312422	2.6864393E-4
0.016788337	2.4806208E-4
0.017278135	2.2883911E-4
0.017782224	2.1090342E-4
0.01830102	1.9418579E-4
0.01883495	1.7861945E-4
0.019384459	1.6414006E-4
0.01995	1.5068572E-4
0.020533005	1.3817732E-4
0.021133045	1.2658027E-4
0.021750621	1.15839626E-4
0.022386245	1.0590279E-4
0.023040446	9.671951E-5
0.023713762	8.824183E-5
0.024406755	8.0424084E-5
0.02512	7.3222785E-5
0.025853088	6.660518E-5
0.02660757	6.052216E-5
0.027384069	5.4936747E-5
0.02818323	4.9813963E-5
0.029005712	4.5120756E-5
0.029852198	4.082595E-5
0.030723387	3.690018E-5
0.03162	3.331581E-5
0.032543603	3.0044148E-5
0.033494186	2.7064096E-5
0.034472536	2.4352794E-5
0.03547946	2.1888873E-5
0.0365158	1.9652365E-5
0.03758241	1.7624663E-5
0.03868017	1.578843E-5
0.03981	1.41275505E-5
0.040972695	1.26272225E-5
0.042169347	1.1273377E-5
0.04340095	1.0053172E-5
0.044668525	8.9547375E-6
0.04597312	7.967113E-6
0.047315817	7.0801925E-6
0.04869773	6.2846775E-6
0.05012	5.572018E-6
0.0515838	4.93437E-6
0.053090356	4.3645364E-6
0.05464091	3.8559338E-6
0.05623675	3.402545E-6
0.0578792	2.9988796E-6
0.059569612	2.639933E-6
0.0613094	2.3211514E-6
0.0631	2.0383968E-6
0.06494172	1.7880632E-6
0.066837184	1.5665651E-6
0.06878798	1.3708301E-6
0.070795715	1.1980821E-6
0.072862044	1.0458167E-6
0.074988686	9.1177736E-7
0.077177405	7.939344E-7
0.07943	6.9046456E-7
0.08174976	5.9968136E-7
0.08413727	5.2018385E-7
0.08659451	4.5065994E-7
0.08912351	3.8993787E-7
0.09172637	3.3697285E-7
0.09440525	2.9083463E-7
0.097162366	2.5069627E-7
0.1	2.1582368E-7
0.102919795	1.8557294E-7
0.10592484	1.5935944E-7
0.109017625	1.3667456E-7
0.112200715	1.1706944E-7
0.11547674	1.0014851E-7
0.11884842	8.556377E-8
0.12231855	7.300947E-8
0.12589	6.221738E-8
0.12956645	5.295094E-8
0.13335027	4.500676E-8
0.13724458	3.820533E-8
0.14125264	3.2390073E-8
0.14537773	2.7424685E-8
0.14962329	2.3190657E-8
0.15399285	1.9585114E-8
0.15849	1.6518904E-8
0.16311829	1.3914936E-8
0.16788174	1.1706432E-8
0.17278428	9.835807E-9
0.17783	8.253529E-9
0.18302307	6.9169195E-9
0.18836778	5.789361E-9
0.19386858	4.839432E-9
0.19953	4.0402144E-9
0.20535603	3.3687755E-9
0.21135218	2.8053466E-9
0.21752341	2.3332012E-9
0.22387484	1.938063E-9
0.23041171	1.6078161E-9
0.23713945	1.3321763E-9
0.24406363	1.1023906E-9
0.25119	9.1111585E-10
0.25852492	7.520641E-10
0.26607406	6.2001415E-10
0.27384362	5.1051663E-10
0.28184006	4.198425E-10
0.29007	3.4483516E-10
0.29854023	2.8288738E-10
0.30725783	2.3178359E-10
0.31623	1.8968249E-10
0.32546407	1.5503576E-10
0.33496782	1.2656798E-10
0.34474903	1.03196784E-10
0.3548159	8.404155E-11
0.3651767	6.8362205E-11
0.37584007	5.554024E-11
0.3868148	4.506917E-11
0.39811	3.6528003E-11
0.40973493	2.956857E-11
0.42169935	2.3908209E-11
0.4340131	1.9305113E-11
0.44668642	1.557321E-11
0.4597298	1.254663E-11
0.47315407	1.0094148E-11
0.4869703	8.113954E-12
0.50119	6.5176753E-12
0.5158249	5.2307048E-12
0.5308872	4.1883164E-12
0.5463893	3.3560932E-12
0.5623441	2.6807445E-12
0.57876474	2.1435076E-12
0.59566486	1.7111867E-12
0.61305845	1.3631318E-12
0.63096	1.0871304E-12
0.6493842	8.5753626E-13
0.6683464	6.750156E-13
0.6878623	5.410117E-13
0.7079481	4.475309E-13
0.72862035	3.5715875E-13
0.7498962	2.599032E-13
0.7717934	1.7297275E-13
0.79433	1.1768364E-13
0.8175246	8.526513E-14
0.8413966	6.2394534E-14
0.86596555	4.82947E-14
0.8912519	3.763656E-14
0.9172767	2.8754776E-14
0.9440614	2.220446E-14
0.97162825	1.7430501E-14
1.0	1.3211654E-14
1.029201	1.0214052E-14
1.0592546	7.8825835E-15
1.090186	6.1062266E-15
1.1220205	4.5519144E-15
1.1547846	3.663736E-15
1.1885055	2.8865799E-15
1.223211	2.1094237E-15
1.25893	1.5543122E-15
1.2956905	1.2212453E-15
1.3335243	7.771561E-16
1.3724631	5.551115E-16
1.4125386	4.440892E-16
1.4537846	4.440892E-16
1.4962348	3.330669E-16
1.5399245	1.110223E-16
1.58489	1.110223E-16
1.6311698	0.0
1.678801	0.0
1.727823	0.0
1.7782766	0.0
1.8302034	0.0
1.8836465	0.0
1.9386501	0.0
1.99526	0.0
2.0535233	0.0
2.113488	0.0
2.1752036	0.0
2.2387214	0.0
2.304094	0.0
2.3713756	0.0
2.4406219	0.0
2.51189	0.0
2.5852382	0.0
2.6607285	0.0
2.7384229	0.0
2.818386	0.0
2.900684	0.0
2.9853854	0.0
3.0725598	0.0
3.16228	0.0
3.2546198	0.0
3.3496559	0.0
3.447467	0.0
3.5481343	0.0
3.6517413	0.0
3.7583735	0.0
3.8681195	0.0
3.98107	0.0
4.097319	0.0
4.2169633	0.0
4.340101	0.0
4.466834	0.0
4.5972676	0.0
4.7315106	0.0
4.869673	0.0
5.01187	0.0
5.1582193	0.0
5.3088417	0.0
5.463863	0.0
5.62341	0.0
5.7876167	0.0
5.9566183	0.0
6.1305547	0.0
6.30957	0.0
6.493813	0.0
6.683436	0.0
6.878596	0.0
7.079455	0.0
7.286179	0.0
7.4989395	0.0
7.7179127	0.0
7.94328	0.0
8.175228	0.0
8.41395	0.0
8.659641	0.0
8.912508	0.0
9.172758	0.0
9.440608	0.0
9.716279	0.0
10.0	0.0



DATASET #3

Name: 1000yr
Num Points: 2
Info: 

X, Y Data:
0.001	0.001
10.0	0.001



DATASET #4

Name: 2500yr
Num Points: 2
Info: 

X, Y Data:
0.001	4.0E-4
10.0	4.0E-4



DATASET #5

Name: 10000yr
Num Points: 2
Info: 

X, Y Data:
0.001	1.0E-4
10.0	1.0E-4


