
X-Axis: 10.0s SA (g)
Y-Axis: Annual Probabilitiy
Number of Data Sets: 5


DATASET #1

Name: UCERF3
Num Points: 401
Info: 

X, Y Data:
1.0E-4	0.054809686
1.0333392E-4	0.054776244
1.06779E-4	0.05473996
1.1033893E-4	0.054700658
1.14017545E-4	0.054658163
1.178188E-4	0.054612286
1.2174679E-4	0.054562848
1.2580573E-4	0.05450965
1.3E-4	0.054452505
1.334183E-4	0.05440435
1.369265E-4	0.054353505
1.4052694E-4	0.054299872
1.4422205E-4	0.05424335
1.4801433E-4	0.054183837
1.5190631E-4	0.05412124
1.5590065E-4	0.054055464
1.6E-4	0.053986408
1.645257E-4	0.053908426
1.691794E-4	0.05382643
1.7396474E-4	0.053740297
1.7888544E-4	0.053649914
1.8394532E-4	0.053555172
1.8914833E-4	0.053455953
1.944985E-4	0.05335216
2.0E-4	0.053243674
2.0565712E-4	0.053130407
2.1147425E-4	0.053012256
2.1745593E-4	0.052889127
2.236068E-4	0.05276093
2.2993165E-4	0.05262758
2.364354E-4	0.052488994
2.4312311E-4	0.0523451
2.5E-4	0.052195825
2.5783465E-4	0.052024335
2.659148E-4	0.051846094
2.742482E-4	0.05166103
2.8284272E-4	0.051469076
2.917066E-4	0.051270176
3.0084825E-4	0.051064275
3.102764E-4	0.05085134
3.2E-4	0.050631337
3.290514E-4	0.050426368
3.383588E-4	0.050215587
3.4792948E-4	0.049999
3.5777088E-4	0.04977659
3.6789064E-4	0.04954838
3.7829665E-4	0.049314365
3.88997E-4	0.04907457
4.0E-4	0.048829015
4.1131425E-4	0.048577722
4.229485E-4	0.04832072
4.3491187E-4	0.048058048
4.472136E-4	0.047789745
4.598633E-4	0.04751585
4.728708E-4	0.047236416
4.8624622E-4	0.046951495
5.0E-4	0.046661135
5.1465514E-4	0.046354737
5.2973983E-4	0.046042636
5.4526667E-4	0.04572491
5.612486E-4	0.045401625
5.77699E-4	0.045072865
5.946315E-4	0.044738706
6.120603E-4	0.044399228
6.3E-4	0.04405452
6.4807665E-4	0.043711983
6.6667196E-4	0.043364592
6.858008E-4	0.043012436
7.0547854E-4	0.042655595
7.257209E-4	0.04229416
7.465441E-4	0.04192822
7.6796475E-4	0.04155786
7.9E-4	0.041183174
8.136239E-4	0.040788405
8.379543E-4	0.040389143
8.630122E-4	0.039985497
8.8881946E-4	0.03957757
9.153984E-4	0.03916547
9.427722E-4	0.038749307
9.7096455E-4	0.038329195
0.001	0.037905242
0.0010293103	0.037485965
0.0010594797	0.037063215
0.0010905333	0.036637105
0.0011224973	0.036207747
0.001155398	0.03577526
0.001189263	0.035339758
0.0012241206	0.034901362
0.00126	0.034460194
0.0012961533	0.034025624
0.0013333439	0.03358864
0.0013716016	0.033149365
0.0014109571	0.032707926
0.0014514418	0.032264456
0.0014930882	0.031819083
0.0015359295	0.031371944
0.00158	0.030923184
0.0016272478	0.030454194
0.0016759086	0.029983765
0.0017260244	0.029512065
0.0017776389	0.029039267
0.0018307968	0.028565554
0.0018855444	0.028091105
0.0019419291	0.027616104
0.002	0.02714074
0.0020575977	0.026682531
0.002116854	0.026224341
0.002177817	0.025766345
0.0022405356	0.02530872
0.0023050604	0.024851654
0.0023714434	0.024395324
0.0024397383	0.023939919
0.00251	0.02348562
0.0025833033	0.023026336
0.0026587474	0.022568576
0.0027363948	0.022112535
0.0028163097	0.021658406
0.0028985585	0.021206383
0.0029832094	0.020756658
0.0030703326	0.02030942
0.00316	0.019864857
0.0032524571	0.01942235
0.0033476194	0.0189829
0.003445566	0.018546686
0.0035463783	0.018113883
0.0036501405	0.017684666
0.0037569385	0.017259203
0.003866861	0.016837656
0.00398	0.016420187
0.004096165	0.01600794
0.0042157196	0.015600048
0.0043387646	0.015196656
0.0044654002	0.014797899
0.0045957323	0.014403907
0.0047298684	0.014014803
0.0048679197	0.013630706
0.00501	0.0132517265
0.005156579	0.012877089
0.0053074467	0.012507799
0.005462728	0.012143949
0.0056225527	0.0117856255
0.0057870536	0.0114329085
0.005956367	0.011085872
0.0061306343	0.010744583
0.00631	0.010409105
0.006493865	0.010080797
0.0066830874	0.009758357
0.0068778237	0.009441828
0.007078234	0.009131248
0.0072844843	0.00882665
0.0074967444	0.00852806
0.00771519	0.008235501
0.00794	0.007948989
0.008172275	0.0076674586
0.008411343	0.0073920432
0.008657407	0.007122746
0.008910668	0.006859566
0.009171338	0.006602498
0.009439633	0.00635153
0.009715778	0.00610665
0.01	0.0058678393
0.010292081	0.0056354282
0.010592694	0.00540902
0.010902087	0.0051885853
0.011220517	0.0049740905
0.011548247	0.004765499
0.011885551	0.0045627705
0.012232705	0.0043658614
0.01259	0.0041747238
0.012957647	0.0039893473
0.013336032	0.0038096355
0.013725464	0.0036355306
0.01412627	0.0034669715
0.014538779	0.0033038945
0.014963334	0.0031462323
0.015400288	0.0029939145
0.01585	0.0028468678
0.016312422	0.0027051405
0.016788337	0.002568519
0.017278135	0.0024369208
0.017782224	0.0023102611
0.01830102	0.0021884523
0.01883495	0.0020714037
0.019384459	0.0019590228
0.01995	0.0018512141
0.020533005	0.0017477152
0.021133045	0.0016486056
0.021750621	0.0015537833
0.022386245	0.0014631444
0.023040446	0.0013765837
0.023713762	0.001293994
0.024406755	0.0012152672
0.02512	0.0011402941
0.025853088	0.001069058
0.02660757	0.0010013452
0.027384069	9.370449E-4
0.02818323	8.7604614E-4
0.029005712	8.1823766E-4
0.029852198	7.635086E-4
0.030723387	7.1174826E-4
0.03162	6.628467E-4
0.032543603	6.166552E-4
0.033494186	5.731094E-4
0.034472536	5.321021E-4
0.03547946	4.935269E-4
0.0365158	4.5727956E-4
0.03758241	4.2325706E-4
0.03868017	3.913584E-4
0.03981	3.6148453E-4
0.040972695	3.335417E-4
0.042169347	3.0743176E-4
0.04340095	2.8306243E-4
0.044668525	2.6034395E-4
0.04597312	2.3918916E-4
0.047315817	2.1951344E-4
0.04869773	2.0123496E-4
0.05012	1.8427461E-4
0.0515838	1.6855619E-4
0.053090356	1.540061E-4
0.05464091	1.4055379E-4
0.05623675	1.2813148E-4
0.0578792	1.1667426E-4
0.059569612	1.06120104E-4
0.0613094	9.640979E-5
0.0631	8.748689E-5
0.06494172	7.930268E-5
0.066837184	7.18004E-5
0.06878798	6.4931846E-5
0.070795715	5.8651374E-5
0.072862044	5.2915868E-5
0.074988686	4.768467E-5
0.077177405	4.2919495E-5
0.07943	3.858436E-5
0.08174976	3.464323E-5
0.08413727	3.1067168E-5
0.08659451	2.7826532E-5
0.08912351	2.489366E-5
0.09172637	2.224276E-5
0.09440525	1.9849844E-5
0.097162366	1.7692617E-5
0.1	1.5750411E-5
0.102919795	1.4004487E-5
0.10592484	1.243667E-5
0.109017625	1.1030645E-5
0.112200715	9.771382E-6
0.11547674	8.645054E-6
0.11884842	7.638963E-6
0.12231855	6.7414708E-6
0.12589	5.9419203E-6
0.12956645	5.2304445E-6
0.13335027	4.5983197E-6
0.13724458	4.0374484E-6
0.14125264	3.540468E-6
0.14537773	3.1006937E-6
0.14962329	2.712065E-6
0.15399285	2.3690982E-6
0.15849	2.0668379E-6
0.16311829	1.8008249E-6
0.16788174	1.5670196E-6
0.17278428	1.3618019E-6
0.17783	1.1819217E-6
0.18302307	1.0244662E-6
0.18836778	8.8682856E-7
0.19386858	7.666789E-7
0.19953	6.61939E-7
0.20535603	5.7076807E-7
0.21135218	4.915068E-7
0.21752341	4.2269463E-7
0.22387484	3.630368E-7
0.23041171	3.1138674E-7
0.23713945	2.6673132E-7
0.24406363	2.2817667E-7
0.25119	1.9493555E-7
0.25852492	1.6631361E-7
0.26607406	1.4170493E-7
0.27384362	1.2057629E-7
0.28184006	1.024608E-7
0.29007	8.6950465E-8
0.29854023	7.368907E-8
0.30725783	6.23664E-8
0.31623	5.2712487E-8
0.32546407	4.449316E-8
0.33496782	3.7504886E-8
0.34474903	3.1571652E-8
0.3548159	2.6541198E-8
0.3651767	2.228215E-8
0.37584007	1.8681275E-8
0.3868148	1.5641168E-8
0.39811	1.3078093E-8
0.40973493	1.0920254E-8
0.42169935	9.106124E-9
0.4340131	7.583073E-9
0.44668642	6.306241E-9
0.4597298	5.2373124E-9
0.47315407	4.343679E-9
0.4869703	3.597675E-9
0.50119	2.9757106E-9
0.5158249	2.4579898E-9
0.5308872	2.0276194E-9
0.5463893	1.6703399E-9
0.5623441	1.3741356E-9
0.57876474	1.1289067E-9
0.59566486	9.2619823E-10
0.61305845	7.588935E-10
0.63096	6.2095395E-10
0.6493842	5.0739757E-10
0.6683464	4.14066E-10
0.6878623	3.374223E-10
0.7079481	2.7461133E-10
0.72862035	2.231656E-10
0.7498962	1.8112722E-10
0.7717934	1.4678703E-10
0.79433	1.1881507E-10
0.8175246	9.603307E-11
0.8413966	7.7515216E-11
0.86596555	6.2470584E-11
0.8912519	5.028067E-11
0.9172767	4.042411E-11
0.9440614	3.244527E-11
0.97162825	2.6011415E-11
1.0	2.0805357E-11
1.029201	1.6632029E-11
1.0592546	1.3263168E-11
1.090186	1.0568657E-11
1.1220205	8.403833E-12
1.1547846	6.6626704E-12
1.1885055	5.2837734E-12
1.223211	4.1749937E-12
1.25893	3.2915892E-12
1.2956905	2.5912605E-12
1.3335243	2.0329294E-12
1.3724631	1.5950574E-12
1.4125386	1.2437829E-12
1.4537846	9.744427E-13
1.4962348	7.580603E-13
1.5399245	5.899725E-13
1.58489	4.558576E-13
1.6311698	3.5282888E-13
1.678801	2.743361E-13
1.727823	2.1138646E-13
1.7782766	1.6286972E-13
1.8302034	1.234568E-13
1.8836465	9.436896E-14
1.9386501	7.183143E-14
1.99526	5.495604E-14
2.0535233	4.0745185E-14
2.113488	2.997602E-14
2.1752036	1.9984014E-14
2.2387214	1.4543922E-14
2.304094	9.769963E-15
2.3713756	6.550316E-15
2.4406219	4.6629367E-15
2.51189	3.2196468E-15
2.5852382	2.220446E-15
2.6607285	1.3322676E-15
2.7384229	6.661338E-16
2.818386	4.440892E-16
2.900684	1.110223E-16
2.9853854	1.110223E-16
3.0725598	1.110223E-16
3.16228	1.110223E-16
3.2546198	0.0
3.3496559	0.0
3.447467	0.0
3.5481343	0.0
3.6517413	0.0
3.7583735	0.0
3.8681195	0.0
3.98107	0.0
4.097319	0.0
4.2169633	0.0
4.340101	0.0
4.466834	0.0
4.5972676	0.0
4.7315106	0.0
4.869673	0.0
5.01187	0.0
5.1582193	0.0
5.3088417	0.0
5.463863	0.0
5.62341	0.0
5.7876167	0.0
5.9566183	0.0
6.1305547	0.0
6.30957	0.0
6.493813	0.0
6.683436	0.0
6.878596	0.0
7.079455	0.0
7.286179	0.0
7.4989395	0.0
7.7179127	0.0
7.94328	0.0
8.175228	0.0
8.41395	0.0
8.659641	0.0
8.912508	0.0
9.172758	0.0
9.440608	0.0
9.716279	0.0
10.0	0.0



DATASET #2

Name: RSQSim
Num Points: 401
Info: 

X, Y Data:
1.0E-4	0.04765703
1.0333392E-4	0.047637425
1.06779E-4	0.04761593
1.1033893E-4	0.0475924
1.14017545E-4	0.047566686
1.178188E-4	0.047538623
1.2174679E-4	0.04750805
1.2580573E-4	0.047474794
1.3E-4	0.047438674
1.334183E-4	0.047407936
1.369265E-4	0.047375195
1.4052694E-4	0.047340352
1.4422205E-4	0.047303304
1.4801433E-4	0.047263954
1.5190631E-4	0.047222193
1.5590065E-4	0.047177915
1.6E-4	0.047131013
1.645257E-4	0.04707756
1.691794E-4	0.047020804
1.7396474E-4	0.04696061
1.7888544E-4	0.046896834
1.8394532E-4	0.04682933
1.8914833E-4	0.046757955
1.944985E-4	0.04668256
2.0E-4	0.046602998
2.0565712E-4	0.04651912
2.1147425E-4	0.04643078
2.1745593E-4	0.04633783
2.236068E-4	0.046240125
2.2993165E-4	0.046137515
2.364354E-4	0.046029862
2.4312311E-4	0.045917016
2.5E-4	0.045798842
2.5783465E-4	0.04566173
2.659148E-4	0.045517743
2.742482E-4	0.045366704
2.8284272E-4	0.045208443
2.917066E-4	0.04504279
3.0084825E-4	0.044869594
3.102764E-4	0.044688694
3.2E-4	0.044499952
3.290514E-4	0.044322483
3.383588E-4	0.044138405
3.4792948E-4	0.043947633
3.5777088E-4	0.043750085
3.6789064E-4	0.04354569
3.7829665E-4	0.043334387
3.88997E-4	0.043116115
4.0E-4	0.04289083
4.1131425E-4	0.042658493
4.229485E-4	0.04241907
4.3491187E-4	0.04217254
4.472136E-4	0.04191889
4.598633E-4	0.04165811
4.728708E-4	0.041390218
4.8624622E-4	0.04111522
5.0E-4	0.04083314
5.1465514E-4	0.040533565
5.2973983E-4	0.040226478
5.4526667E-4	0.03991194
5.612486E-4	0.039590027
5.77699E-4	0.039260816
5.946315E-4	0.0389244
6.120603E-4	0.038580887
6.3E-4	0.038230386
6.4807665E-4	0.03788051
6.6667196E-4	0.037524186
6.858008E-4	0.037161548
7.0547854E-4	0.036792733
7.257209E-4	0.036417905
7.465441E-4	0.03603722
7.6796475E-4	0.035650853
7.9E-4	0.03525898
8.136239E-4	0.03484516
8.379543E-4	0.034425784
8.630122E-4	0.034001082
8.8881946E-4	0.033571284
9.153984E-4	0.033136632
9.427722E-4	0.032697372
9.7096455E-4	0.032253753
0.001	0.031806037
0.0010293103	0.031363353
0.0010594797	0.030917231
0.0010905333	0.030467926
0.0011224973	0.030015698
0.001155398	0.029560803
0.001189263	0.029103504
0.0012241206	0.028644066
0.00126	0.028182754
0.0012961533	0.027729455
0.0013333439	0.027274862
0.0013716016	0.02681922
0.0014109571	0.02636278
0.0014514418	0.025905788
0.0014930882	0.02544849
0.0015359295	0.02499113
0.00158	0.02453395
0.0016272478	0.024058213
0.0016759086	0.023583202
0.0017260244	0.023109179
0.0017776389	0.022636406
0.0018307968	0.022165144
0.0018855444	0.021695642
0.0019419291	0.021228153
0.002	0.02076292
0.0020575977	0.020316992
0.002116854	0.019873593
0.002177817	0.019432925
0.0022405356	0.018995188
0.0023050604	0.01856058
0.0023714434	0.018129293
0.0024397383	0.01770151
0.00251	0.01727741
0.0025833033	0.016851362
0.0026587474	0.016429458
0.0027363948	0.016011864
0.0028163097	0.015598746
0.0028985585	0.015190261
0.0029832094	0.01478656
0.0030703326	0.014387785
0.00316	0.013994075
0.0032524571	0.013604856
0.0033476194	0.013220975
0.003445566	0.01284255
0.0035463783	0.01246969
0.0036501405	0.012102499
0.0037569385	0.011741071
0.003866861	0.011385497
0.00398	0.011035856
0.004096165	0.0106930435
0.0042157196	0.010356276
0.0043387646	0.010025613
0.0044654002	0.009701106
0.0045957323	0.0093828
0.0047298684	0.0090707345
0.0048679197	0.008764938
0.00501	0.008465438
0.005156579	0.008171564
0.0053074467	0.007884044
0.005462728	0.0076028854
0.0056225527	0.007328086
0.0057870536	0.0070596393
0.005956367	0.006797533
0.0061306343	0.0065417495
0.00631	0.006292265
0.006493865	0.0060500107
0.0066830874	0.0058139446
0.0068778237	0.005584029
0.007078234	0.0053602224
0.0072844843	0.0051424783
0.0074967444	0.0049307477
0.00771519	0.004724976
0.00794	0.0045251073
0.008172275	0.004330337
0.008411343	0.0041413903
0.008657407	0.0039581996
0.008910668	0.003780695
0.009171338	0.0036088037
0.009439633	0.003442451
0.009715778	0.0032815584
0.01	0.0031260464
0.010292081	0.0029760594
0.010592694	0.002831271
0.010902087	0.0026915951
0.011220517	0.0025569447
0.011548247	0.0024272301
0.011885551	0.0023023607
0.012232705	0.0021822439
0.01259	0.0020667857
0.012957647	0.0019559145
0.013336032	0.0018495079
0.013725464	0.0017474676
0.01412627	0.0016496944
0.014538779	0.001556088
0.014963334	0.0014665468
0.015400288	0.0013809688
0.01585	0.0012992506
0.016312422	0.0012213568
0.016788337	0.001147108
0.017278135	0.0010763995
0.017782224	0.0010091261
0.01830102	9.451824E-4
0.01883495	8.84463E-4
0.019384459	8.268624E-4
0.01995	7.7227544E-4
0.020533005	7.20515E-4
0.021133045	6.715677E-4
0.021750621	6.2532915E-4
0.022386245	5.8169593E-4
0.023040446	5.405654E-4
0.023713762	5.018361E-4
0.024406755	4.6540785E-4
0.02512	4.3118183E-4
0.025853088	3.9910266E-4
0.02660757	3.6902775E-4
0.027384069	3.4086386E-4
0.02818323	3.1451962E-4
0.029005712	2.899058E-4
0.029852198	2.6693533E-4
0.030723387	2.4552344E-4
0.03162	2.2558773E-4
0.032543603	2.0703254E-4
0.033494186	1.8979845E-4
0.034472536	1.7381042E-4
0.03547946	1.5899609E-4
0.0365158	1.4528571E-4
0.03758241	1.326123E-4
0.03868017	1.2091153E-4
0.03981	1.1012182E-4
0.040972695	1.00185374E-4
0.042169347	9.1044734E-5
0.04340095	8.264638E-5
0.044668525	7.493943E-5
0.04597312	6.787558E-5
0.047315817	6.140908E-5
0.04869773	5.5496643E-5
0.05012	5.00974E-5
0.0515838	4.5172852E-5
0.053090356	4.0686744E-5
0.05464091	3.6605037E-5
0.05623675	3.2895816E-5
0.0578792	2.9529214E-5
0.059569612	2.6477323E-5
0.0613094	2.3714101E-5
0.0631	2.1215305E-5
0.06494172	1.8959743E-5
0.066837184	1.6924872E-5
0.06878798	1.5091337E-5
0.070795715	1.344123E-5
0.072862044	1.1958009E-5
0.074988686	1.0626418E-5
0.077177405	9.432409E-6
0.07943	8.363069E-6
0.08174976	7.406E-6
0.08413727	6.551E-6
0.08659451	5.788111E-6
0.08912351	5.1082375E-6
0.09172637	4.5030806E-6
0.09440525	3.965083E-6
0.097162366	3.4873722E-6
0.1	3.0637063E-6
0.102919795	2.6885125E-6
0.10592484	2.3565624E-6
0.109017625	2.0632274E-6
0.112200715	1.8043298E-6
0.11547674	1.5761037E-6
0.11884842	1.3751592E-6
0.12231855	1.1984496E-6
0.12589	1.0432404E-6
0.12956645	9.0705663E-7
0.13335027	7.877357E-7
0.13724458	6.833167E-7
0.14125264	5.920497E-7
0.14537773	5.12375E-7
0.14962329	4.42905E-7
0.15399285	3.824065E-7
0.15849	3.2978517E-7
0.16311829	2.8407305E-7
0.16788174	2.4440965E-7
0.17278428	2.1003675E-7
0.17783	1.8028507E-7
0.18302307	1.5456494E-7
0.18836778	1.3235734E-7
0.19386858	1.1320615E-7
0.19953	9.671104E-8
0.20535603	8.252273E-8
0.21135218	7.03321E-8
0.21752341	5.987079E-8
0.22387484	5.0904628E-8
0.23041171	4.32294E-8
0.23713945	3.6667412E-8
0.24406363	3.1064157E-8
0.25119	2.6285507E-8
0.25852492	2.221494E-8
0.26607406	1.8752095E-8
0.27384362	1.580993E-8
0.28184006	1.3313266E-8
0.29007	1.1197307E-8
0.29854023	9.406238E-9
0.30725783	7.892095E-9
0.31623	6.613644E-9
0.32546407	5.53557E-9
0.33496782	4.6275925E-9
0.34474903	3.8638497E-9
0.3548159	3.2222356E-9
0.3651767	2.6838944E-9
0.37584007	2.2327753E-9
0.3868148	1.8552195E-9
0.39811	1.5396387E-9
0.40973493	1.2761849E-9
0.42169935	1.0565335E-9
0.4340131	8.7362007E-10
0.44668642	7.214863E-10
0.4597298	5.9513516E-10
0.47315407	4.903067E-10
0.4869703	4.0346637E-10
0.50119	3.3159786E-10
0.5158249	2.7220504E-10
0.5308872	2.2318014E-10
0.5463893	1.8276336E-10
0.5623441	1.4949031E-10
0.57876474	1.2212953E-10
0.59566486	9.964851E-11
0.61305845	8.121437E-11
0.63096	6.6112005E-11
0.6493842	5.3759774E-11
0.6683464	4.3656523E-11
0.6878623	3.54069E-11
0.7079481	2.8682945E-11
0.72862035	2.3210989E-11
0.7498962	1.8758994E-11
0.7717934	1.514433E-11
0.79433	1.22136745E-11
0.8175246	9.838463E-12
0.8413966	7.9175555E-12
0.86596555	6.3584693E-12
0.8912519	5.1058047E-12
0.9172767	4.091949E-12
0.9440614	3.2688297E-12
0.97162825	2.6071367E-12
1.0	2.0916602E-12
1.029201	1.6903146E-12
1.0592546	1.3398171E-12
1.090186	1.0398349E-12
1.1220205	7.953638E-13
1.1547846	6.148415E-13
1.1885055	4.8205884E-13
1.223211	3.793632E-13
1.25893	2.9887204E-13
1.2956905	2.364775E-13
1.3335243	1.8673951E-13
1.3724631	1.4743762E-13
1.4125386	1.1624035E-13
1.4537846	9.1926466E-14
1.4962348	7.227552E-14
1.5399245	5.6066263E-14
1.58489	4.3742787E-14
1.6311698	3.3528735E-14
1.678801	2.697842E-14
1.727823	2.0317081E-14
1.7782766	1.5210055E-14
1.8302034	1.1657342E-14
1.8836465	8.437695E-15
1.9386501	5.9952043E-15
1.99526	4.32987E-15
2.0535233	3.330669E-15
2.113488	2.4424907E-15
2.1752036	1.6653345E-15
2.2387214	1.2212453E-15
2.304094	7.771561E-16
2.3713756	4.440892E-16
2.4406219	3.330669E-16
2.51189	3.330669E-16
2.5852382	1.110223E-16
2.6607285	1.110223E-16
2.7384229	0.0
2.818386	0.0
2.900684	0.0
2.9853854	0.0
3.0725598	0.0
3.16228	0.0
3.2546198	0.0
3.3496559	0.0
3.447467	0.0
3.5481343	0.0
3.6517413	0.0
3.7583735	0.0
3.8681195	0.0
3.98107	0.0
4.097319	0.0
4.2169633	0.0
4.340101	0.0
4.466834	0.0
4.5972676	0.0
4.7315106	0.0
4.869673	0.0
5.01187	0.0
5.1582193	0.0
5.3088417	0.0
5.463863	0.0
5.62341	0.0
5.7876167	0.0
5.9566183	0.0
6.1305547	0.0
6.30957	0.0
6.493813	0.0
6.683436	0.0
6.878596	0.0
7.079455	0.0
7.286179	0.0
7.4989395	0.0
7.7179127	0.0
7.94328	0.0
8.175228	0.0
8.41395	0.0
8.659641	0.0
8.912508	0.0
9.172758	0.0
9.440608	0.0
9.716279	0.0
10.0	0.0



DATASET #3

Name: 1000yr
Num Points: 2
Info: 

X, Y Data:
0.001	0.001
10.0	0.001



DATASET #4

Name: 2500yr
Num Points: 2
Info: 

X, Y Data:
0.001	4.0E-4
10.0	4.0E-4



DATASET #5

Name: 10000yr
Num Points: 2
Info: 

X, Y Data:
0.001	1.0E-4
10.0	1.0E-4


