
X-Axis: PGA (g)
Y-Axis: Annual Probabilitiy
Number of Data Sets: 6


DATASET #1

Name: UCERF3 Full
Num Points: 51
Info: 

X, Y Data:
1.0E-4	0.82985395
1.3E-4	0.8297777
1.6E-4	0.8296453
2.0E-4	0.82936716
2.5E-4	0.8288457
3.2E-4	0.8277962
4.0E-4	0.8261834
5.0E-4	0.82365024
6.3E-4	0.8196958
7.9E-4	0.81410307
0.001	0.80598545
0.00126	0.79523706
0.00158	0.7814923
0.002	0.76315236
0.00251	0.74090356
0.00316	0.71297735
0.00398	0.6787605
0.00501	0.63768727
0.00631	0.58918977
0.00794	0.53386676
0.01	0.47244915
0.01259	0.40736774
0.01585	0.3414015
0.01995	0.277715
0.02512	0.21897821
0.03162	0.16743036
0.03981	0.124037124
0.05012	0.08901564
0.0631	0.06183673
0.07943	0.041566435
0.1	0.027030433
0.12589	0.017042464
0.15849	0.010455312
0.19953	0.0062739574
0.25119	0.0036996456
0.31623	0.0021460026
0.39811	0.0012184281
0.50119	6.694054E-4
0.63096	3.503625E-4
0.79433	1.7187753E-4
1.0	7.791244E-5
1.25893	3.227708E-5
1.58489	1.21283465E-5
1.99526	4.1146195E-6
2.51189	1.258068E-6
3.16228	3.4693622E-7
3.98107	8.655936E-8
5.01187	1.9643272E-8
6.30957	4.0843213E-9
7.94328	7.8497153E-10
10.0	1.4080226E-10



DATASET #2

Name: UCERF3
Num Points: 401
Info: 

X, Y Data:
1.0E-4	0.051305324
1.0333392E-4	0.051305324
1.06779E-4	0.051305324
1.1033893E-4	0.051305324
1.14017545E-4	0.051305324
1.178188E-4	0.051305324
1.2174679E-4	0.051305324
1.2580573E-4	0.051305324
1.3E-4	0.051305324
1.334183E-4	0.051305324
1.369265E-4	0.051305324
1.4052694E-4	0.051305324
1.4422205E-4	0.051305324
1.4801433E-4	0.051305324
1.5190631E-4	0.051305324
1.5590065E-4	0.051305324
1.6E-4	0.051305324
1.645257E-4	0.051305324
1.691794E-4	0.051305324
1.7396474E-4	0.051305324
1.7888544E-4	0.051305324
1.8394532E-4	0.051305324
1.8914833E-4	0.051305324
1.944985E-4	0.051305324
2.0E-4	0.051305324
2.0565712E-4	0.051305324
2.1147425E-4	0.051305324
2.1745593E-4	0.051305324
2.236068E-4	0.051305324
2.2993165E-4	0.051305324
2.364354E-4	0.051305324
2.4312311E-4	0.051305324
2.5E-4	0.051305324
2.5783465E-4	0.051305324
2.659148E-4	0.051305324
2.742482E-4	0.051305324
2.8284272E-4	0.051305324
2.917066E-4	0.051305324
3.0084825E-4	0.051305324
3.102764E-4	0.051305324
3.2E-4	0.051305324
3.290514E-4	0.05130532
3.383588E-4	0.05130532
3.4792948E-4	0.05130532
3.5777088E-4	0.05130532
3.6789064E-4	0.051305316
3.7829665E-4	0.051305316
3.88997E-4	0.051305316
4.0E-4	0.051305313
4.1131425E-4	0.05130531
4.229485E-4	0.05130531
4.3491187E-4	0.051305305
4.472136E-4	0.051305298
4.598633E-4	0.051305294
4.728708E-4	0.051305287
4.8624622E-4	0.051305283
5.0E-4	0.05130527
5.1465514E-4	0.05130526
5.2973983E-4	0.05130525
5.4526667E-4	0.051305234
5.612486E-4	0.051305216
5.77699E-4	0.051305193
5.946315E-4	0.05130517
6.120603E-4	0.05130514
6.3E-4	0.051305104
6.4807665E-4	0.051305067
6.6667196E-4	0.05130502
6.858008E-4	0.051304962
7.0547854E-4	0.0513049
7.257209E-4	0.05130482
7.465441E-4	0.051304735
7.6796475E-4	0.05130463
7.9E-4	0.05130451
8.136239E-4	0.051304366
8.379543E-4	0.0513042
8.630122E-4	0.051304
8.8881946E-4	0.051303774
9.153984E-4	0.05130351
9.427722E-4	0.051303204
9.7096455E-4	0.05130285
0.001	0.05130244
0.0010293103	0.05130198
0.0010594797	0.05130145
0.0010905333	0.051300842
0.0011224973	0.05130015
0.001155398	0.05129936
0.001189263	0.051298458
0.0012241206	0.05129743
0.00126	0.051296264
0.0012961533	0.051294968
0.0013333439	0.051293503
0.0013716016	0.051291853
0.0014109571	0.051289994
0.0014514418	0.051287904
0.0014930882	0.051285554
0.0015359295	0.05128292
0.00158	0.05127997
0.0016272478	0.051276524
0.0016759086	0.051272664
0.0017260244	0.05126834
0.0017776389	0.051263507
0.0018307968	0.051258113
0.0018855444	0.051252104
0.0019419291	0.051245425
0.002	0.051238004
0.0020575977	0.051230095
0.002116854	0.05122137
0.002177817	0.051211763
0.0022405356	0.051201206
0.0023050604	0.051189613
0.0023714434	0.05117691
0.0024397383	0.051163003
0.00251	0.051147807
0.0025833033	0.051130988
0.0026587474	0.051112644
0.0027363948	0.051092666
0.0028163097	0.051070943
0.0028985585	0.05104736
0.0029832094	0.051021796
0.0030703326	0.050994124
0.00316	0.050964218
0.0032524571	0.05093189
0.0033476194	0.05089705
0.003445566	0.050859563
0.0035463783	0.05081929
0.0036501405	0.050776087
0.0037569385	0.050729807
0.003866861	0.050680306
0.00398	0.050627433
0.004096165	0.050571185
0.0042157196	0.05051129
0.0043387646	0.050447598
0.0044654002	0.05037996
0.0045957323	0.050308242
0.0047298684	0.050232287
0.0048679197	0.050151963
0.00501	0.050067123
0.005156579	0.049977414
0.0053074467	0.049882893
0.005462728	0.049783435
0.0056225527	0.049678903
0.0057870536	0.049569175
0.005956367	0.049454127
0.0061306343	0.049333647
0.00631	0.049207617
0.006493865	0.049076464
0.0066830874	0.048939597
0.0068778237	0.04879691
0.007078234	0.048648313
0.0072844843	0.048493713
0.0074967444	0.04833302
0.00771519	0.04816615
0.00794	0.047993027
0.008172275	0.047812857
0.008411343	0.047626227
0.008657407	0.047433075
0.008910668	0.04723332
0.009171338	0.047026906
0.009439633	0.046813767
0.009715778	0.04659384
0.01	0.04636707
0.010292081	0.046133764
0.010592694	0.045893524
0.010902087	0.045646302
0.011220517	0.045392044
0.011548247	0.045130707
0.011885551	0.044862248
0.012232705	0.044586617
0.01259	0.044303782
0.012957647	0.04401377
0.013336032	0.043716475
0.013725464	0.043411877
0.01412627	0.043099944
0.014538779	0.04278065
0.014963334	0.042453974
0.015400288	0.042119905
0.01585	0.04177843
0.016312422	0.041429855
0.016788337	0.041073877
0.017278135	0.040710498
0.017782224	0.040339727
0.01830102	0.039961584
0.01883495	0.039576083
0.019384459	0.03918326
0.01995	0.03878314
0.020533005	0.0383751
0.021133045	0.03795983
0.021750621	0.03753739
0.022386245	0.037107844
0.023040446	0.03667126
0.023713762	0.036227718
0.024406755	0.035777304
0.02512	0.035320118
0.025853088	0.03485689
0.02660757	0.03438712
0.027384069	0.033910934
0.02818323	0.033428464
0.029005712	0.03293985
0.029852198	0.03244525
0.030723387	0.03194482
0.03162	0.031438738
0.032543603	0.03092674
0.033494186	0.030409468
0.034472536	0.029887136
0.03547946	0.029359972
0.0365158	0.028828215
0.03758241	0.028292123
0.03868017	0.027751967
0.03981	0.027208038
0.040972695	0.026660698
0.042169347	0.026110208
0.04340095	0.025556903
0.044668525	0.025001138
0.04597312	0.024443287
0.047315817	0.023883736
0.04869773	0.023322888
0.05012	0.022761166
0.0515838	0.022199009
0.053090356	0.021636866
0.05464091	0.0210752
0.05623675	0.02051449
0.0578792	0.019955225
0.059569612	0.019397903
0.0613094	0.018843032
0.0631	0.018291125
0.06494172	0.017743045
0.066837184	0.017198963
0.06878798	0.016659398
0.070795715	0.016124865
0.072862044	0.015595879
0.074988686	0.015072945
0.077177405	0.014556558
0.07943	0.014047203
0.08174976	0.013545049
0.08413727	0.013050862
0.08659451	0.012565073
0.08912351	0.012088097
0.09172637	0.011620325
0.09440525	0.011162123
0.097162366	0.010713828
0.1	0.01027575
0.102919795	0.009848273
0.10592484	0.009431539
0.109017625	0.009025765
0.112200715	0.008631134
0.11547674	0.008247802
0.11884842	0.007875887
0.12231855	0.0075154747
0.12589	0.007166619
0.12956645	0.0068292776
0.13335027	0.0065035094
0.13724458	0.006189274
0.14125264	0.0058865016
0.14537773	0.005595094
0.14962329	0.005314927
0.15399285	0.0050458503
0.15849	0.004787692
0.16311829	0.0045402665
0.16788174	0.0043033483
0.17278428	0.0040767053
0.17783	0.0038600895
0.18302307	0.003653238
0.18836778	0.0034558778
0.19386858	0.003267724
0.19953	0.0030884854
0.20535603	0.0029178835
0.21135218	0.0027555935
0.21752341	0.0026013104
0.22387484	0.0024547277
0.23041171	0.0023155399
0.23713945	0.0021834427
0.24406363	0.0020581358
0.25119	0.0019393229
0.25852492	0.001826706
0.26607406	0.0017200084
0.27384362	0.0016189532
0.28184006	0.001523271
0.29007	0.001432701
0.29854023	0.0013469916
0.30725783	0.0012659004
0.31623	0.0011891946
0.32546407	0.0011166518
0.33496782	0.0010480584
0.34474903	9.83211E-4
0.3548159	9.219163E-4
0.3651767	8.639903E-4
0.37584007	8.092587E-4
0.3868148	7.575562E-4
0.39811	7.087263E-4
0.40973493	6.6262134E-4
0.42169935	6.191011E-4
0.4340131	5.7803356E-4
0.44668642	5.3929386E-4
0.4597298	5.0276413E-4
0.47315407	4.6833302E-4
0.4869703	4.358953E-4
0.50119	4.0535137E-4
0.5158249	3.7660688E-4
0.5308872	3.495726E-4
0.5463893	3.241637E-4
0.5623441	3.0029964E-4
0.57876474	2.7790375E-4
0.59566486	2.56903E-4
0.61305845	2.3722771E-4
0.63096	2.1881128E-4
0.6493842	2.0159004E-4
0.6683464	1.8550288E-4
0.6878623	1.7049124E-4
0.7079481	1.5649889E-4
0.72862035	1.4347186E-4
0.7498962	1.3135817E-4
0.7717934	1.201079E-4
0.79433	1.09673005E-4
0.8175246	1.00007266E-4
0.8413966	9.1066235E-5
0.86596555	8.2807164E-5
0.8912519	7.518899E-5
0.9172767	6.81723E-5
0.9440614	6.171929E-5
0.97162825	5.5793727E-5
1.0	5.036095E-5
1.029201	4.538772E-5
1.0592546	4.0842573E-5
1.090186	3.6695412E-5
1.1220205	3.2917615E-5
1.1547846	2.9482013E-5
1.1885055	2.6362864E-5
1.223211	2.3535838E-5
1.25893	2.0977972E-5
1.2956905	1.8667732E-5
1.3335243	1.6584696E-5
1.3724631	1.470982E-5
1.4125386	1.3025286E-5
1.4537846	1.1514464E-5
1.4962348	1.0161863E-5
1.5399245	8.953092E-6
1.58489	7.874811E-6
1.6311698	6.914651E-6
1.678801	6.0612547E-6
1.727823	5.304137E-6
1.7782766	4.633666E-6
1.8302034	4.041018E-6
1.8836465	3.5181267E-6
1.9386501	3.0576318E-6
1.99526	2.6528376E-6
2.0535233	2.2976635E-6
2.113488	1.986607E-6
2.1752036	1.714694E-6
2.2387214	1.4774399E-6
2.304094	1.2708117E-6
2.3713756	1.0911904E-6
2.4406219	9.353362E-7
2.51189	8.0035556E-7
2.5852382	6.836716E-7
2.6607285	5.829897E-7
2.7384229	4.9627636E-7
2.818386	4.2173178E-7
2.900684	3.5776688E-7
2.9853854	3.0298136E-7
3.0725598	2.5614438E-7
3.16228	2.1617639E-7
3.2546198	1.8213262E-7
3.3496559	1.5318803E-7
3.447467	1.2862375E-7
3.5481343	1.0781481E-7
3.6517413	9.021911E-8
3.7583735	7.53675E-8
3.8681195	6.285463E-8
3.98107	5.233109E-8
4.097319	4.3496403E-8
4.2169633	3.609279E-8
4.340101	2.989952E-8
4.466834	2.4727965E-8
4.5972676	2.0417144E-8
4.7315106	1.6830063E-8
4.869673	1.3850482E-8
5.01187	1.1379797E-8
5.1582193	9.33466E-9
5.3088417	7.644741E-9
5.463863	6.2506444E-9
5.62341	5.102524E-9
5.7876167	4.158596E-9
5.9566183	3.3839114E-9
6.1305547	2.7492175E-9
6.30957	2.230042E-9
6.493813	1.8060833E-9
6.683436	1.4604307E-9
6.878596	1.1790876E-9
7.079455	9.504765E-10
7.286179	7.6498874E-10
7.4989395	6.1477734E-10
7.7179127	4.932912E-10
7.94328	3.9522763E-10
8.175228	3.1616898E-10
8.41395	2.5253777E-10
8.659641	2.0141622E-10
8.912508	1.6039015E-10
9.172758	1.2754886E-10
9.440608	1.0127077E-10
9.716279	8.0284335E-11
10.0	6.355205E-11



DATASET #3

Name: RSQSim
Num Points: 401
Info: 

X, Y Data:
1.0E-4	0.082674935
1.0333392E-4	0.082674935
1.06779E-4	0.082674935
1.1033893E-4	0.082674935
1.14017545E-4	0.082674935
1.178188E-4	0.082674935
1.2174679E-4	0.082674935
1.2580573E-4	0.082674935
1.3E-4	0.082674935
1.334183E-4	0.082674935
1.369265E-4	0.082674935
1.4052694E-4	0.082674935
1.4422205E-4	0.082674935
1.4801433E-4	0.082674935
1.5190631E-4	0.082674935
1.5590065E-4	0.082674935
1.6E-4	0.082674935
1.645257E-4	0.082674935
1.691794E-4	0.082674935
1.7396474E-4	0.082674935
1.7888544E-4	0.082674935
1.8394532E-4	0.082674935
1.8914833E-4	0.082674935
1.944985E-4	0.082674935
2.0E-4	0.082674935
2.0565712E-4	0.082674935
2.1147425E-4	0.082674935
2.1745593E-4	0.082674935
2.236068E-4	0.082674935
2.2993165E-4	0.082674935
2.364354E-4	0.082674935
2.4312311E-4	0.082674935
2.5E-4	0.082674935
2.5783465E-4	0.082674935
2.659148E-4	0.082674935
2.742482E-4	0.082674935
2.8284272E-4	0.082674935
2.917066E-4	0.082674935
3.0084825E-4	0.082674935
3.102764E-4	0.082674935
3.2E-4	0.082674935
3.290514E-4	0.082674935
3.383588E-4	0.082674935
3.4792948E-4	0.08267493
3.5777088E-4	0.08267493
3.6789064E-4	0.08267493
3.7829665E-4	0.08267493
3.88997E-4	0.08267493
4.0E-4	0.08267493
4.1131425E-4	0.08267493
4.229485E-4	0.08267492
4.3491187E-4	0.08267492
4.472136E-4	0.08267492
4.598633E-4	0.08267491
4.728708E-4	0.08267491
4.8624622E-4	0.082674906
5.0E-4	0.082674906
5.1465514E-4	0.0826749
5.2973983E-4	0.08267489
5.4526667E-4	0.082674876
5.612486E-4	0.08267487
5.77699E-4	0.08267485
5.946315E-4	0.08267484
6.120603E-4	0.08267482
6.3E-4	0.0826748
6.4807665E-4	0.08267477
6.6667196E-4	0.08267475
6.858008E-4	0.08267471
7.0547854E-4	0.082674675
7.257209E-4	0.08267462
7.465441E-4	0.08267457
7.6796475E-4	0.0826745
7.9E-4	0.082674436
8.136239E-4	0.08267434
8.379543E-4	0.082674235
8.630122E-4	0.082674116
8.8881946E-4	0.082673974
9.153984E-4	0.0826738
9.427722E-4	0.08267361
9.7096455E-4	0.082673386
0.001	0.082673125
0.0010293103	0.082672834
0.0010594797	0.0826725
0.0010905333	0.082672104
0.0011224973	0.08267166
0.001155398	0.08267115
0.001189263	0.08267056
0.0012241206	0.08266989
0.00126	0.082669124
0.0012961533	0.082668275
0.0013333439	0.082667306
0.0013716016	0.0826662
0.0014109571	0.08266496
0.0014514418	0.08266356
0.0014930882	0.082661964
0.0015359295	0.08266017
0.00158	0.08265815
0.0016272478	0.08265578
0.0016759086	0.0826531
0.0017260244	0.08265007
0.0017776389	0.08264667
0.0018307968	0.082642846
0.0018855444	0.08263855
0.0019419291	0.08263373
0.002	0.08262833
0.0020575977	0.082622536
0.002116854	0.08261608
0.002177817	0.08260892
0.0022405356	0.08260098
0.0023050604	0.082592174
0.0023714434	0.08258244
0.0024397383	0.08257168
0.00251	0.08255981
0.0025833033	0.08254653
0.0026587474	0.0825319
0.0027363948	0.08251579
0.0028163097	0.08249809
0.0028985585	0.08247865
0.0029832094	0.08245734
0.0030703326	0.08243401
0.00316	0.082408495
0.0032524571	0.08238058
0.0033476194	0.08235012
0.003445566	0.08231694
0.0035463783	0.082280844
0.0036501405	0.08224161
0.0037569385	0.08219904
0.003866861	0.082152896
0.00398	0.08210294
0.004096165	0.08204907
0.0042157196	0.08199092
0.0043387646	0.08192822
0.0044654002	0.0818607
0.0045957323	0.081788085
0.0047298684	0.08171008
0.0048679197	0.08162639
0.00501	0.08153672
0.005156579	0.0814405
0.0053074467	0.08133764
0.005462728	0.0812278
0.0056225527	0.081110656
0.0057870536	0.08098586
0.005956367	0.08085308
0.0061306343	0.08071196
0.00631	0.08056216
0.006493865	0.08040398
0.0066830874	0.080236495
0.0068778237	0.08005935
0.007078234	0.07987219
0.0072844843	0.07967469
0.0074967444	0.079466484
0.00771519	0.079247236
0.00794	0.0790166
0.008172275	0.07877329
0.008411343	0.07851784
0.008657407	0.07824991
0.008910668	0.07796919
0.009171338	0.07767536
0.009439633	0.07736811
0.009715778	0.077047154
0.01	0.07671218
0.010292081	0.076363474
0.010592694	0.07600026
0.010902087	0.075622275
0.011220517	0.07522927
0.011548247	0.07482102
0.011885551	0.07439729
0.012232705	0.07395787
0.01259	0.07350257
0.012957647	0.073031306
0.013336032	0.072543815
0.013725464	0.072039925
0.01412627	0.07151952
0.014538779	0.07098245
0.014963334	0.07042862
0.015400288	0.06985793
0.01585	0.06927031
0.016312422	0.06866626
0.016788337	0.06804521
0.017278135	0.06740714
0.017782224	0.066752054
0.01830102	0.06607999
0.01883495	0.06539098
0.019384459	0.06468511
0.01995	0.06396246
0.020533005	0.06322194
0.021133045	0.06246487
0.021750621	0.061691426
0.022386245	0.060901817
0.023040446	0.06009629
0.023713762	0.059275113
0.024406755	0.058438607
0.02512	0.057587102
0.025853088	0.056722164
0.02660757	0.055843074
0.027384069	0.05495028
0.02818323	0.05404428
0.029005712	0.05312561
0.029852198	0.052194837
0.030723387	0.051252577
0.03162	0.050299484
0.032543603	0.049335394
0.033494186	0.048361875
0.034472536	0.0473797
0.03547946	0.04638968
0.0365158	0.045392655
0.03758241	0.04438951
0.03868017	0.04338115
0.03981	0.042368524
0.040972695	0.041352715
0.042169347	0.040334597
0.04340095	0.039315194
0.044668525	0.038295537
0.04597312	0.037276674
0.047315817	0.03625967
0.04869773	0.035245594
0.05012	0.034235522
0.0515838	0.03323053
0.053090356	0.032231677
0.05464091	0.031240027
0.05623675	0.03025663
0.0578792	0.029282516
0.059569612	0.02831869
0.0613094	0.027366137
0.0631	0.026425814
0.06494172	0.02549922
0.066837184	0.02458664
0.06878798	0.02368892
0.070795715	0.022806855
0.072862044	0.021941202
0.074988686	0.021092663
0.077177405	0.02026189
0.07943	0.019449482
0.08174976	0.018655512
0.08413727	0.017880963
0.08659451	0.017126264
0.08912351	0.016391788
0.09172637	0.015677845
0.09440525	0.014984691
0.097162366	0.014312518
0.1	0.013661464
0.102919795	0.013031756
0.10592484	0.0124232555
0.109017625	0.011835932
0.112200715	0.011269697
0.11547674	0.010724416
0.11884842	0.010199902
0.12231855	0.009695922
0.12589	0.009212201
0.12956645	0.008748334
0.13335027	0.0083040595
0.13724458	0.007878987
0.14125264	0.0074726925
0.14537773	0.007084724
0.14962329	0.006714603
0.15399285	0.006361828
0.15849	0.006025879
0.16311829	0.0057062325
0.16788174	0.005402323
0.17278428	0.0051135905
0.17783	0.0048394687
0.18302307	0.004579385
0.18836778	0.0043327664
0.19386858	0.0040990417
0.19953	0.0038776419
0.20535603	0.003668029
0.21135218	0.0034696215
0.21752341	0.0032818746
0.22387484	0.0031042555
0.23041171	0.0029362452
0.23713945	0.0027773387
0.24406363	0.002627048
0.25119	0.0024849009
0.25852492	0.0023504358
0.26607406	0.0022232267
0.27384362	0.0021028582
0.28184006	0.0019889332
0.29007	0.0018810751
0.29854023	0.0017789268
0.30725783	0.0016821509
0.31623	0.0015904289
0.32546407	0.0015034624
0.33496782	0.0014209704
0.34474903	0.0013426904
0.3548159	0.0012683774
0.3651767	0.0011978031
0.37584007	0.0011307554
0.3868148	0.0010670371
0.39811	0.0010064658
0.40973493	9.4887253E-4
0.42169935	8.941006E-4
0.4340131	8.4200525E-4
0.44668642	7.924527E-4
0.4597298	7.453194E-4
0.47315407	7.004907E-4
0.4869703	6.5786066E-4
0.50119	6.173308E-4
0.5158249	5.788094E-4
0.5308872	5.422113E-4
0.5463893	5.074564E-4
0.5623441	4.744699E-4
0.57876474	4.4318105E-4
0.59566486	4.13523E-4
0.61305845	3.8543218E-4
0.63096	3.58848E-4
0.6493842	3.337123E-4
0.6683464	3.0996907E-4
0.6878623	2.875642E-4
0.7079481	2.664453E-4
0.72862035	2.4656128E-4
0.7498962	2.2786242E-4
0.7717934	2.1030003E-4
0.79433	1.9382648E-4
0.8175246	1.7839506E-4
0.8413966	1.6395989E-4
0.86596555	1.5047597E-4
0.8912519	1.3789913E-4
0.9172767	1.2618599E-4
0.9440614	1.15294024E-4
0.97162825	1.051816E-4
1.0	9.5807976E-5
1.029201	8.713313E-5
1.0592546	7.91185E-5
1.090186	7.172631E-5
1.1220205	6.4919856E-5
1.1547846	5.866357E-5
1.1885055	5.292304E-5
1.223211	4.766508E-5
1.25893	4.2857733E-5
1.2956905	3.8470487E-5
1.3335243	3.447376E-5
1.3724631	3.0839474E-5
1.4125386	2.7540877E-5
1.4537846	2.4552544E-5
1.4962348	2.1850372E-5
1.5399245	1.941157E-5
1.58489	1.7214645E-5
1.6311698	1.523933E-5
1.678801	1.3466732E-5
1.727823	1.1879106E-5
1.7782766	1.0459901E-5
1.8302034	9.193712E-6
1.8836465	8.0662385E-6
1.9386501	7.064246E-6
1.99526	6.175511E-6
2.0535233	5.3887734E-6
2.113488	4.693703E-6
2.1752036	4.080828E-6
2.2387214	3.5414957E-6
2.304094	3.0678182E-6
2.3713756	2.652626E-6
2.4406219	2.2894183E-6
2.51189	1.9723154E-6
2.5852382	1.6960171E-6
2.6607285	1.4557459E-6
2.7384229	1.2472178E-6
2.818386	1.0665976E-6
2.900684	9.1045973E-7
2.9853854	7.7575254E-7
3.0725598	6.597641E-7
3.16228	5.6009026E-7
3.2546198	4.7460503E-7
3.3496559	4.0143263E-7
3.447467	3.389225E-7
3.5481343	2.8562548E-7
3.6517413	2.4027247E-7
3.7583735	2.0175457E-7
3.8681195	1.6910523E-7
3.98107	1.4148391E-7
4.097319	1.1816132E-7
4.2169633	9.850642E-8
4.340101	8.197423E-8
4.466834	6.8095154E-8
4.5972676	5.646562E-8
4.7315106	4.6739437E-8
4.869673	3.862048E-8
5.01187	3.1855905E-8
5.1582193	2.6230293E-8
5.3088417	2.1560599E-8
5.463863	1.7691562E-8
5.62341	1.4491814E-8
5.7876167	1.1850418E-8
5.9566183	9.67393E-9
6.1305547	7.883761E-9
6.30957	6.4140164E-9
6.493813	5.2095066E-9
6.683436	4.2241144E-9
6.878596	3.4194199E-9
7.079455	2.7634466E-9
7.286179	2.2296338E-9
7.4989395	1.7959819E-9
7.7179127	1.4443219E-9
7.94328	1.15964E-9
8.175228	9.29568E-10
8.41395	7.439581E-10
8.659641	5.9446614E-10
8.912508	4.742634E-10
9.172758	3.777716E-10
9.440608	3.0044622E-10
9.716279	2.3857405E-10
10.0	1.8915469E-10



DATASET #4

Name: 1000yr
Num Points: 2
Info: 

X, Y Data:
0.001	0.001
10.0	0.001



DATASET #5

Name: 2500yr
Num Points: 2
Info: 

X, Y Data:
0.001	4.0E-4
10.0	4.0E-4



DATASET #6

Name: 10000yr
Num Points: 2
Info: 

X, Y Data:
0.001	1.0E-4
10.0	1.0E-4


