
X-Axis: Annual Probability
Y-Axis: Ln(RSQSim/UCERF3)
Number of Data Sets: 5


DATASET #1

Name: NEHRP City Mean
Num Points: 27
Info: 

X, Y Data:
1.0E-6	-0.017216418
1.5848932E-6	-0.018022204
2.5118864E-6	-0.018848084
3.9810716E-6	-0.019702582
6.3095736E-6	-0.020558108
1.0E-5	-0.021433668
1.5848931E-5	-0.022323512
2.5118865E-5	-0.023191594
3.981072E-5	-0.024035577
6.309574E-5	-0.024793733
1.0E-4	-0.0253493
1.5848932E-4	-0.025526179
2.5118864E-4	-0.024968142
3.9810716E-4	-0.023098223
6.3095737E-4	-0.019001761
0.001	-0.011137645
0.0015848932	0.0029737158
0.0025118864	0.026262974
0.0039810715	0.0615628
0.0063095735	0.11179977
0.01	0.17950857
0.015848933	0.26501912
0.025118865	0.36843297
0.039810717	0.48715588
0.06309573	0.6125396
0.1	0.75478035
0.15848932	1.2712151



DATASET #2

Name: Mean
Num Points: 27
Info: 

X, Y Data:
1.0E-6	-0.023134215
1.5848932E-6	-0.023080414
2.5118864E-6	-0.023053814
3.9810716E-6	-0.02305727
6.3095736E-6	-0.023091232
1.0E-5	-0.02315523
1.5848931E-5	-0.023248024
2.5118865E-5	-0.023361973
3.981072E-5	-0.02346422
6.309574E-5	-0.02344427
1.0E-4	-0.02303205
1.5848932E-4	-0.02151611
2.5118864E-4	-0.017841179
3.9810716E-4	-0.011159003
6.3095737E-4	-0.0010445879
0.001	0.012450379
0.0015848932	0.029485503
0.0025118864	0.050303694
0.0039810715	0.075715706
0.0063095735	0.107562914
0.01	0.14488065
0.015848933	0.18694665
0.025118865	0.23942465
0.039810717	0.3114662
0.06309573	0.41818184
0.1	0.62004226
0.15848932	1.2257979



DATASET #3

Name: StdDev
Num Points: 27
Info: 

X, Y Data:
1.0E-6	0.14501208
1.5848932E-6	0.14007843
2.5118864E-6	0.13480438
3.9810716E-6	0.12916052
6.3095736E-6	0.123133704
1.0E-5	0.11675744
1.5848931E-5	0.11016449
2.5118865E-5	0.103667915
3.981072E-5	0.09787939
6.309574E-5	0.09380071
1.0E-4	0.09275231
1.5848932E-4	0.094018355
2.5118864E-4	0.0936741
3.9810716E-4	0.0917716
6.3095737E-4	0.09111813
0.001	0.09184212
0.0015848932	0.08910035
0.0025118864	0.08682158
0.0039810715	0.08959192
0.0063095735	0.09964703
0.01	0.1166697
0.015848933	0.1368054
0.025118865	0.15249705
0.039810717	0.1565897
0.06309573	0.14938253
0.1	0.1228956
0.15848932	0.20880842



DATASET #4

Name: Median
Num Points: 27
Info: 

X, Y Data:
1.0E-6	-0.023057975
1.5848932E-6	-0.022506995
2.5118864E-6	-0.02173003
3.9810716E-6	-0.02140214
6.3095736E-6	-0.021633098
1.0E-5	-0.022516211
1.5848931E-5	-0.023277579
2.5118865E-5	-0.023447808
3.981072E-5	-0.022910774
6.309574E-5	-0.02188747
1.0E-4	-0.019619431
1.5848932E-4	-0.015793812
2.5118864E-4	-0.00947789
3.9810716E-4	1.0713339E-5
6.3095737E-4	0.011208393
0.001	0.024363345
0.0015848932	0.045213003
0.0025118864	0.06146765
0.0039810715	0.08278709
0.0063095735	0.11606115
0.01	0.16242115
0.015848933	0.21514782
0.025118865	0.27944717
0.039810717	0.355952
0.06309573	0.46777275
0.1	0.62948006
0.15848932	1.1817828



DATASET #5

Name: MeanAbsDiff
Num Points: 27
Info: 

X, Y Data:
1.0E-6	0.11246755
1.5848932E-6	0.10874293
2.5118864E-6	0.10481447
3.9810716E-6	0.10068556
6.3095736E-6	0.09642605
1.0E-5	0.092106566
1.5848931E-5	0.0877158
2.5118865E-5	0.083311506
3.981072E-5	0.078980185
6.309574E-5	0.07485307
1.0E-4	0.07101439
1.5848932E-4	0.06727756
2.5118864E-4	0.063401595
3.9810716E-4	0.059871018
6.3095737E-4	0.05836179
0.001	0.060683485
0.0015848932	0.0675374
0.0025118864	0.078550726
0.0039810715	0.09744863
0.0063095735	0.12584491
0.01	0.16246478
0.015848933	0.20621082
0.025118865	0.25623176
0.039810717	0.31801784
0.06309573	0.41818184
0.1	0.62004226
0.15848932	1.2257979


