
X-Axis: Normalized Interevent Time
Y-Axis: Probability
Number of Data Sets: 3


DATASET #1

     Name: Bruce 2620 Histogram
   Points: 41
     Info: 

Data[x,y]:
0.05	  0.12450861
0.15	  0.058863293
0.25	  0.054278262
0.35	  0.050442707
0.45	  0.048980493
0.55	  0.045409456
0.65	  0.042602595
0.75	  0.041221205
0.85	  0.039567947
0.95	  0.042066205
1.05	  0.047503583
1.15	  0.047657885
1.25	  0.041933943
1.35	  0.03715052
1.45	  0.032411184
1.55	  0.032271575
1.65	  0.02893567
1.75	  0.025239723
1.85	  0.022660641
1.95	  0.02018443
2.05	  0.017884566
2.15	  0.015966788
2.25	  0.012961534
2.35	  0.011183364
2.45	  0.009133326
2.55	  0.007406591
2.65	  0.006642419
2.75	  0.0057827253
2.85	  0.004717293
2.95	  0.004026599
3.05	  0.003343253
3.15	  0.0028509498
3.25	  0.002343951
3.35	  0.0020426908
3.45	  0.0014548661
3.55	  0.0013740401
3.65	  0.001153606
3.75	  9.478673E-4
3.85	  8.229546E-4
3.95	  7.1273744E-4
4.05	  0.0033579485



DATASET #2

     Name: Log-Normal Fit
   Points: 401
     Info: 

Data[x,y]:
0.005	  6.728618E-8
0.015	  6.935315E-6
0.025	  6.938239E-5
0.035	  2.8342227E-4
0.045	  7.422917E-4
0.055	  0.0015057088
0.065	  0.0025966251
0.075	  0.004009013
0.085	  0.0057174647
0.095	  0.0076853293
0.105	  0.009870711
0.115	  0.012230549
0.125	  0.014723212
0.135	  0.017310027
0.145	  0.019956077
0.155	  0.022630522
0.165	  0.025306607
0.175	  0.027961487
0.185	  0.030575939
0.195	  0.033134036
0.205	  0.035622794
0.215	  0.038031828
0.225	  0.04035302
0.235	  0.04258022
0.245	  0.044708975
0.255	  0.046736263
0.265	  0.048660297
0.275	  0.050480314
0.285	  0.05219642
0.295	  0.05380943
0.305	  0.055320747
0.315	  0.056732252
0.325	  0.05804621
0.335	  0.05926519
0.345	  0.060391985
0.355	  0.061429564
0.365	  0.06238103
0.375	  0.06324956
0.385	  0.06403837
0.395	  0.064750716
0.405	  0.06538982
0.415	  0.065958895
0.425	  0.06646111
0.435	  0.06689957
0.445	  0.067277305
0.455	  0.067597285
0.465	  0.06786239
0.475	  0.06807542
0.485	  0.06823906
0.495	  0.06835594
0.505	  0.06842855
0.515	  0.06845934
0.525	  0.06845061
0.535	  0.0684046
0.545	  0.068323456
0.555	  0.06820922
0.565	  0.06806387
0.575	  0.06788925
0.585	  0.067687176
0.595	  0.067459345
0.605	  0.06720739
0.615	  0.06693286
0.625	  0.06663724
0.635	  0.06632193
0.645	  0.06598829
0.655	  0.06563757
0.665	  0.065271
0.675	  0.06488972
0.685	  0.064494826
0.695	  0.06408736
0.705	  0.06366831
0.715	  0.063238606
0.725	  0.06279913
0.735	  0.06235073
0.745	  0.0618942
0.755	  0.06143029
0.765	  0.060959715
0.775	  0.060483154
0.785	  0.060001243
0.795	  0.059514582
0.805	  0.059023753
0.815	  0.058529284
0.825	  0.058031693
0.835	  0.057531457
0.845	  0.057029035
0.855	  0.056524847
0.865	  0.056019302
0.875	  0.055512782
0.885	  0.055005644
0.895	  0.054498225
0.905	  0.05399084
0.915	  0.053483788
0.925	  0.05297735
0.935	  0.05247179
0.945	  0.051967356
0.955	  0.051464275
0.965	  0.050962765
0.975	  0.05046303
0.985	  0.049965255
0.995	  0.04946962
1.005	  0.048976295
1.015	  0.048485424
1.025	  0.047997158
1.035	  0.047511626
1.045	  0.04702895
1.055	  0.046549246
1.065	  0.04607262
1.075	  0.045599166
1.085	  0.04512898
1.095	  0.044662137
1.105	  0.044198718
1.115	  0.043738786
1.125	  0.043282405
1.135	  0.042829633
1.145	  0.042380523
1.155	  0.041935112
1.165	  0.041493453
1.175	  0.04105557
1.185	  0.040621504
1.195	  0.040191278
1.205	  0.03976491
1.215	  0.03934243
1.225	  0.03892385
1.235	  0.03850918
1.245	  0.03809843
1.255	  0.037691604
1.265	  0.037288714
1.275	  0.036889754
1.285	  0.03649473
1.295	  0.03610363
1.305	  0.035716448
1.315	  0.035333183
1.325	  0.03495382
1.335	  0.034578353
1.345	  0.034206767
1.355	  0.03383904
1.365	  0.033475164
1.375	  0.033115115
1.385	  0.03275888
1.395	  0.032406434
1.405	  0.032057762
1.415	  0.031712834
1.425	  0.03137163
1.435	  0.031034129
1.445	  0.030700302
1.455	  0.030370124
1.465	  0.03004357
1.475	  0.02972061
1.485	  0.02940122
1.495	  0.02908537
1.505	  0.028773032
1.515	  0.028464176
1.525	  0.028158773
1.535	  0.027856793
1.545	  0.027558208
1.555	  0.027262984
1.565	  0.026971092
1.575	  0.026682502
1.585	  0.026397182
1.595	  0.0261151
1.605	  0.025836227
1.615	  0.025560532
1.625	  0.02528798
1.635	  0.025018543
1.645	  0.024752188
1.655	  0.024488885
1.665	  0.024228599
1.675	  0.023971302
1.685	  0.02371696
1.695	  0.023465546
1.705	  0.023217024
1.715	  0.022971366
1.725	  0.022728538
1.735	  0.022488514
1.745	  0.022251258
1.755	  0.022016743
1.765	  0.021784937
1.775	  0.021555811
1.785	  0.021329334
1.795	  0.021105476
1.805	  0.020884207
1.815	  0.020665498
1.825	  0.02044932
1.835	  0.020235645
1.845	  0.020024441
1.855	  0.019815683
1.865	  0.019609341
1.875	  0.019405385
1.885	  0.019203791
1.895	  0.01900453
1.905	  0.018807571
1.915	  0.018612891
1.925	  0.018420462
1.935	  0.018230258
1.945	  0.01804225
1.955	  0.017856413
1.965	  0.017672723
1.975	  0.017491153
1.985	  0.017311675
1.995	  0.01713427
2.005	  0.016958907
2.015	  0.016785564
2.025	  0.016614217
2.035	  0.016444841
2.045	  0.016277412
2.055	  0.016111908
2.065	  0.015948303
2.075	  0.015786577
2.085	  0.015626704
2.095	  0.0154686645
2.105	  0.015312434
2.115	  0.015157991
2.125	  0.015005314
2.135	  0.014854381
2.145	  0.014705171
2.155	  0.014557663
2.165	  0.014411836
2.175	  0.014267669
2.185	  0.014125142
2.195	  0.013984235
2.205	  0.013844929
2.215	  0.013707203
2.225	  0.013571037
2.235	  0.013436414
2.245	  0.013303314
2.255	  0.013171718
2.265	  0.013041608
2.275	  0.012912965
2.285	  0.012785773
2.295	  0.012660012
2.305	  0.012535664
2.315	  0.012412715
2.325	  0.012291144
2.335	  0.012170937
2.345	  0.012052075
2.355	  0.011934543
2.365	  0.011818324
2.375	  0.011703402
2.385	  0.011589762
2.395	  0.011477387
2.405	  0.011366261
2.415	  0.011256371
2.425	  0.0111477
2.435	  0.011040234
2.445	  0.010933958
2.455	  0.010828857
2.465	  0.010724917
2.475	  0.010622124
2.485	  0.010520465
2.495	  0.010419923
2.505	  0.010320487
2.515	  0.0102221435
2.525	  0.010124879
2.535	  0.010028679
2.545	  0.009933531
2.555	  0.009839424
2.565	  0.009746344
2.575	  0.009654278
2.585	  0.009563215
2.595	  0.009473141
2.605	  0.009384046
2.615	  0.009295918
2.625	  0.009208743
2.635	  0.009122513
2.645	  0.009037213
2.655	  0.008952836
2.665	  0.008869366
2.675	  0.008786796
2.685	  0.008705112
2.695	  0.008624306
2.705	  0.008544367
2.715	  0.008465284
2.725	  0.008387046
2.735	  0.008309644
2.745	  0.008233068
2.755	  0.008157306
2.765	  0.008082352
2.775	  0.008008194
2.785	  0.007934823
2.795	  0.007862229
2.805	  0.007790404
2.815	  0.0077193375
2.825	  0.0076490217
2.835	  0.0075794472
2.845	  0.007510605
2.855	  0.0074424865
2.865	  0.0073750834
2.875	  0.007308387
2.885	  0.007242389
2.895	  0.0071770814
2.905	  0.007112456
2.915	  0.0070485044
2.925	  0.006985219
2.935	  0.0069225924
2.945	  0.0068606157
2.955	  0.0067992825
2.965	  0.0067385845
2.975	  0.0066785146
2.985	  0.0066190655
2.995	  0.0065602297
3.005	  0.0065020006
3.015	  0.0064443704
3.025	  0.0063873325
3.035	  0.0063308803
3.045	  0.0062750066
3.055	  0.006219705
3.065	  0.0061649685
3.075	  0.0061107907
3.085	  0.0060571656
3.095	  0.006004086
3.105	  0.0059515466
3.115	  0.00589954
3.125	  0.0058480618
3.135	  0.005797104
3.145	  0.0057466617
3.155	  0.005696729
3.165	  0.0056473
3.175	  0.0055983686
3.185	  0.0055499296
3.195	  0.0055019767
3.205	  0.0054545053
3.215	  0.005407509
3.225	  0.0053609833
3.235	  0.005314922
3.245	  0.0052693207
3.255	  0.0052241734
3.265	  0.0051794755
3.275	  0.005135222
3.285	  0.005091407
3.295	  0.005048027
3.305	  0.0050050756
3.315	  0.004962549
3.325	  0.004920442
3.335	  0.00487875
3.345	  0.0048374687
3.355	  0.004796593
3.365	  0.0047561186
3.375	  0.0047160415
3.385	  0.004676356
3.395	  0.004637059
3.405	  0.0045981454
3.415	  0.0045596114
3.425	  0.004521453
3.435	  0.0044836653
3.445	  0.004446245
3.455	  0.004409187
3.465	  0.0043724882
3.475	  0.004336145
3.485	  0.004300152
3.495	  0.0042645065
3.505	  0.0042292047
3.515	  0.0041942424
3.525	  0.004159616
3.535	  0.0041253217
3.545	  0.0040913564
3.555	  0.004057716
3.565	  0.004024397
3.575	  0.003991396
3.585	  0.00395871
3.595	  0.003926335
3.605	  0.0038942676
3.615	  0.0038625048
3.625	  0.0038310431
3.635	  0.0037998795
3.645	  0.0037690103
3.655	  0.003738433
3.665	  0.0037081437
3.675	  0.00367814
3.685	  0.0036484185
3.695	  0.003618976
3.705	  0.00358981
3.715	  0.0035609172
3.725	  0.0035322949
3.735	  0.0035039398
3.745	  0.0034758497
3.755	  0.0034480211
3.765	  0.0034204517
3.775	  0.0033931385
3.785	  0.0033660792
3.795	  0.0033392704
3.805	  0.00331271
3.815	  0.0032863952
3.825	  0.0032603235
3.835	  0.0032344924
3.845	  0.0032088992
3.855	  0.0031835414
3.865	  0.0031584166
3.875	  0.0031335223
3.885	  0.003108856
3.895	  0.0030844158
3.905	  0.0030601989
3.915	  0.0030362029
3.925	  0.0030124257
3.935	  0.0029888651
3.945	  0.0029655187
3.955	  0.0029423845
3.965	  0.00291946
3.975	  0.0028967431
3.985	  0.0028742317
3.995	  0.002851924
4.005	  0.0028298171



DATASET #3

     Name: BPT Fit
   Points: 401
     Info: Mean = 100.0, Aperiodicity = 0.5, Duration = 30.0, Delta T = 1.0, Num Points = 500, Historic Open Interval = 0.0
Computed mean = 0.95567334

Data[x,y]:
0.0	  0.0
0.01	  2.1966952E-31
0.02	  2.459605E-15
0.03	  4.214392E-10
0.04	  1.529941E-7
0.05	  4.8572915E-6
0.06	  4.6192887E-5
0.07	  2.2220137E-4
0.08	  7.012534E-4
0.09	  0.001676018
0.1	  0.0033043518
0.11	  0.005672291
0.12	  0.008786681
0.13	  0.0125881005
0.14	  0.016972065
0.15	  0.021810202
0.16	  0.02696739
0.17	  0.032313757
0.18	  0.03773205
0.19	  0.043121364
0.2	  0.048398305
0.21	  0.053496554
0.22	  0.058365446
0.23	  0.06296808
0.24	  0.067279324
0.25	  0.07128383
0.26	  0.07497419
0.27	  0.07834934
0.28	  0.08141315
0.29	  0.084173255
0.3	  0.08664005
0.31	  0.08882593
0.32	  0.09074461
0.33	  0.092410594
0.34	  0.0938388
0.35	  0.095044255
0.36	  0.096041806
0.37	  0.09684597
0.38	  0.09747081
0.39	  0.09792983
0.4	  0.09823589
0.41	  0.09840123
0.42	  0.0984374
0.43	  0.09835525
0.44	  0.09816499
0.45	  0.097876154
0.46	  0.09749765
0.47	  0.09703776
0.48	  0.096504204
0.49	  0.095904134
0.5	  0.09524418
0.51	  0.09453047
0.52	  0.09376869
0.53	  0.09296408
0.54	  0.092121474
0.55	  0.09124533
0.56	  0.09033974
0.57	  0.0894085
0.58	  0.088455066
0.59	  0.08748263
0.6	  0.08649413
0.61	  0.08549224
0.62	  0.084479414
0.63	  0.08345792
0.64	  0.082429804
0.65	  0.08139696
0.66	  0.08036109
0.67	  0.079323776
0.68	  0.07828643
0.69	  0.07725037
0.7	  0.07621675
0.71	  0.075186655
0.72	  0.07416105
0.73	  0.07314081
0.74	  0.07212671
0.75	  0.07111948
0.76	  0.07011974
0.77	  0.06912807
0.78	  0.06814497
0.79	  0.067170896
0.8	  0.06620624
0.81	  0.06525136
0.82	  0.06430656
0.83	  0.0633721
0.84	  0.062448215
0.85	  0.061535098
0.86	  0.060632914
0.87	  0.05974179
0.88	  0.058861844
0.89	  0.057993155
0.9	  0.057135783
0.91	  0.056289773
0.92	  0.055455152
0.93	  0.05463192
0.94	  0.05382007
0.95	  0.05301958
0.96	  0.052230418
0.97	  0.051452536
0.98	  0.05068588
0.99	  0.049930375
1.0	  0.049185958
1.01	  0.04845254
1.02	  0.047730036
1.03	  0.04701835
1.04	  0.04631738
1.05	  0.04562702
1.06	  0.044947166
1.07	  0.044277698
1.08	  0.043618508
1.09	  0.04296947
1.1	  0.042330462
1.11	  0.04170137
1.12	  0.041082058
1.13	  0.040472407
1.14	  0.039872285
1.15	  0.039281566
1.16	  0.038700115
1.17	  0.038127813
1.18	  0.037564524
1.19	  0.03701012
1.2	  0.03646447
1.21	  0.03592745
1.22	  0.035398923
1.23	  0.03487877
1.24	  0.034366857
1.25	  0.033863064
1.26	  0.03336726
1.27	  0.032879326
1.28	  0.032399137
1.29	  0.03192657
1.3	  0.0314615
1.31	  0.03100381
1.32	  0.030553387
1.33	  0.030110108
1.34	  0.02967386
1.35	  0.029244527
1.36	  0.028822
1.37	  0.028406162
1.38	  0.027996905
1.39	  0.027594125
1.4	  0.02719771
1.41	  0.026807556
1.42	  0.02642356
1.43	  0.026045619
1.44	  0.025673633
1.45	  0.0253075
1.46	  0.024947127
1.47	  0.024592414
1.48	  0.024243267
1.49	  0.023899594
1.5	  0.0235613
1.51	  0.023228299
1.52	  0.0229005
1.53	  0.022577815
1.54	  0.022260157
1.55	  0.021947445
1.56	  0.021639593
1.57	  0.021336518
1.58	  0.021038145
1.59	  0.020744389
1.6	  0.020455176
1.61	  0.020170428
1.62	  0.01989007
1.63	  0.01961403
1.64	  0.019342232
1.65	  0.01907461
1.66	  0.018811088
1.67	  0.018551601
1.68	  0.01829608
1.69	  0.018044459
1.7	  0.017796673
1.71	  0.017552657
1.72	  0.017312348
1.73	  0.017075686
1.74	  0.01684261
1.75	  0.016613057
1.76	  0.01638697
1.77	  0.016164294
1.78	  0.015944969
1.79	  0.01572894
1.8	  0.015516154
1.81	  0.015306556
1.82	  0.015100093
1.83	  0.014896714
1.84	  0.014696369
1.85	  0.014499006
1.86	  0.014304577
1.87	  0.014113035
1.88	  0.0139243305
1.89	  0.013738418
1.9	  0.013555252
1.91	  0.013374787
1.92	  0.01319698
1.93	  0.013021786
1.94	  0.012849164
1.95	  0.012679071
1.96	  0.012511468
1.97	  0.012346312
1.98	  0.012183566
1.99	  0.012023189
2.0	  0.011865145
2.01	  0.011709393
2.02	  0.0115559
2.03	  0.011404627
2.04	  0.01125554
2.05	  0.011108603
2.06	  0.010963783
2.07	  0.010821044
2.08	  0.010680355
2.09	  0.010541682
2.1	  0.010404994
2.11	  0.010270259
2.12	  0.010137446
2.13	  0.010006526
2.14	  0.009877467
2.15	  0.0097502405
2.16	  0.009624817
2.17	  0.009501171
2.18	  0.009379271
2.19	  0.009259093
2.2	  0.009140608
2.21	  0.009023789
2.22	  0.008908612
2.23	  0.00879505
2.24	  0.008683079
2.25	  0.008572674
2.26	  0.00846381
2.27	  0.008356464
2.28	  0.008250613
2.29	  0.008146233
2.3	  0.008043302
2.31	  0.007941797
2.32	  0.007841697
2.33	  0.0077429805
2.34	  0.0076456256
2.35	  0.0075496123
2.36	  0.00745492
2.37	  0.0073615285
2.38	  0.007269418
2.39	  0.0071785687
2.4	  0.0070889625
2.41	  0.0070005804
2.42	  0.006913403
2.43	  0.0068274136
2.44	  0.006742593
2.45	  0.0066589243
2.46	  0.0065763905
2.47	  0.0064949743
2.48	  0.006414659
2.49	  0.006335428
2.5	  0.006257266
2.51	  0.0061801556
2.52	  0.006104083
2.53	  0.0060290312
2.54	  0.0059549864
2.55	  0.0058819326
2.56	  0.005809856
2.57	  0.005738742
2.58	  0.005668577
2.59	  0.005599346
2.6	  0.005531036
2.61	  0.0054636328
2.62	  0.005397124
2.63	  0.0053314962
2.64	  0.0052667367
2.65	  0.005202833
2.66	  0.0051397723
2.67	  0.0050775427
2.68	  0.005016132
2.69	  0.004955528
2.7	  0.0048957197
2.71	  0.0048366957
2.72	  0.004778444
2.73	  0.004720954
2.74	  0.004664215
2.75	  0.0046082153
2.76	  0.0045529455
2.77	  0.0044983947
2.78	  0.004444552
2.79	  0.0043914085
2.8	  0.0043389536
2.81	  0.0042871777
2.82	  0.004236071
2.83	  0.004185624
2.84	  0.0041358275
2.85	  0.0040866723
2.86	  0.0040381495
2.87	  0.0039902497
2.88	  0.003942965
2.89	  0.003896286
2.9	  0.0038502046
2.91	  0.0038047123
2.92	  0.0037598012
2.93	  0.0037154625
2.94	  0.003671689
2.95	  0.0036284723
2.96	  0.003585805
2.97	  0.0035436791
2.98	  0.0035020874
2.99	  0.0034610224
3.0	  0.003420477
3.01	  0.003380444
3.02	  0.0033409158
3.03	  0.0033018861
3.04	  0.003263348
3.05	  0.0032252944
3.06	  0.003187719
3.07	  0.0031506151
3.08	  0.0031139762
3.09	  0.0030777962
3.1	  0.0030420686
3.11	  0.0030067873
3.12	  0.002971946
3.13	  0.0029375392
3.14	  0.0029035609
3.15	  0.002870005
3.16	  0.0028368663
3.17	  0.0028041387
3.18	  0.0027718167
3.19	  0.0027398951
3.2	  0.0027083682
3.21	  0.0026772309
3.22	  0.0026464781
3.23	  0.0026161044
3.24	  0.0025861047
3.25	  0.0025564742
3.26	  0.0025272078
3.27	  0.002498301
3.28	  0.0024697485
3.29	  0.002441546
3.3	  0.0024136887
3.31	  0.0023861718
3.32	  0.0023589912
3.33	  0.0023321423
3.34	  0.0023056206
3.35	  0.0022794218
3.36	  0.002253542
3.37	  0.0022279765
3.38	  0.002202721
3.39	  0.0021777723
3.4	  0.0021531258
3.41	  0.0021287776
3.42	  0.0021047238
3.43	  0.0020809604
3.44	  0.0020574841
3.45	  0.0020342907
3.46	  0.0020113764
3.47	  0.001988738
3.48	  0.001966372
3.49	  0.0019442744
3.5	  0.0019224419
3.51	  0.0019008712
3.52	  0.0018795587
3.53	  0.0018585011
3.54	  0.0018376954
3.55	  0.001817138
3.56	  0.0017968259
3.57	  0.0017767559
3.58	  0.0017569249
3.59	  0.0017373298
3.6	  0.0017179676
3.61	  0.0016988352
3.62	  0.0016799299
3.63	  0.0016612486
3.64	  0.0016427886
3.65	  0.001624547
3.66	  0.001606521
3.67	  0.0015887079
3.68	  0.001571105
3.69	  0.0015537095
3.7	  0.0015365189
3.71	  0.0015195307
3.72	  0.0015027422
3.73	  0.0014861509
3.74	  0.0014697543
3.75	  0.00145355
3.76	  0.0014375354
3.77	  0.0014217084
3.78	  0.0014060665
3.79	  0.0013906073
3.8	  0.0013753286
3.81	  0.0013602283
3.82	  0.0013453038
3.83	  0.0013305532
3.84	  0.0013159742
3.85	  0.0013015646
3.86	  0.0012873225
3.87	  0.0012732457
3.88	  0.0012593322
3.89	  0.0012455797
3.9	  0.0012319866
3.91	  0.0012185506
3.92	  0.00120527
3.93	  0.0011921427
3.94	  0.001179167
3.95	  0.0011663408
3.96	  0.0011536623
3.97	  0.0011411298
3.98	  0.0011287414
3.99	  0.0011164955
4.0	  0.0011043901


