
X-Axis: Normalized Interevent Time
Y-Axis: Probability
Number of Data Sets: 3


DATASET #1

     Name: Bruce 4316 Histogram
   Points: 41
     Info: 

Data[x,y]:
0.05	  0.01724332
0.15	  0.013077556
0.25	  0.016992163
0.35	  0.020309184
0.45	  0.026570823
0.55	  0.033992983
0.65	  0.04240246
0.75	  0.05528948
0.85	  0.080760404
0.95	  0.1324384
1.05	  0.18739012
1.15	  0.13844022
1.25	  0.09017451
1.35	  0.057394017
1.45	  0.033689864
1.55	  0.020872125
1.65	  0.01189971
1.75	  0.006608063
1.85	  0.0046074567
1.95	  0.0028147057
2.05	  0.0019053393
2.15	  0.0013337375
2.25	  9.5266965E-4
2.35	  6.495475E-4
2.45	  4.0704975E-4
2.55	  2.59819E-4
2.65	  3.2044342E-4
2.75	  1.9053393E-4
2.85	  1.818733E-4
2.95	  1.558914E-4
3.05	  1.1258823E-4
3.15	  6.9285066E-5
3.25	  7.79457E-5
3.35	  9.5266965E-5
3.45	  7.79457E-5
3.55	  6.0624432E-5
3.65	  2.5981899E-5
3.75	  2.5981899E-5
3.85	  3.4642533E-5
3.95	  0.0
4.05	  9.5266965E-5



DATASET #2

     Name: Log-Normal Fit
   Points: 401
     Info: 

Data[x,y]:
0.005	  0.0
0.015	  6.3031177E-27
0.025	  8.184178E-22
0.035	  1.6140383E-18
0.045	  3.734559E-16
0.055	  2.3851108E-14
0.065	  6.4972084E-13
0.075	  9.703247E-12
0.085	  9.301609E-11
0.095	  6.357885E-10
0.105	  3.3343335E-9
0.115	  1.4145335E-8
0.125	  5.048576E-8
0.135	  1.5617985E-7
0.145	  4.2856635E-7
0.155	  1.0623377E-6
0.165	  2.4137623E-6
0.175	  5.0869066E-6
0.185	  1.0040592E-5
0.195	  1.871161E-5
0.205	  3.3146665E-5
0.215	  5.613331E-5
0.225	  9.1318856E-5
0.235	  1.4330623E-4
0.245	  2.1771705E-4
0.255	  3.2121426E-4
0.265	  4.614791E-4
0.275	  6.4714096E-4
0.285	  8.876612E-4
0.295	  0.0011931747
0.305	  0.001574296
0.315	  0.0020418973
0.325	  0.0026068683
0.335	  0.0032798664
0.345	  0.0040710685
0.355	  0.004989929
0.365	  0.006044959
0.375	  0.0072435252
0.385	  0.008591678
0.395	  0.010094014
0.405	  0.011753569
0.415	  0.013571751
0.425	  0.015548306
0.435	  0.01768131
0.445	  0.019967211
0.455	  0.022400882
0.465	  0.0249757
0.475	  0.027683662
0.485	  0.0305155
0.495	  0.033460822
0.505	  0.036508255
0.515	  0.0396456
0.525	  0.042860005
0.535	  0.04613808
0.545	  0.0494661
0.555	  0.05283012
0.565	  0.056216124
0.575	  0.059610173
0.585	  0.06299852
0.595	  0.06636771
0.605	  0.069704704
0.615	  0.07299695
0.625	  0.07623249
0.635	  0.079399996
0.645	  0.082488835
0.655	  0.08548912
0.665	  0.08839173
0.675	  0.091188364
0.685	  0.09387152
0.695	  0.09643452
0.705	  0.0988715
0.715	  0.10117742
0.725	  0.103348024
0.735	  0.10537982
0.745	  0.1072701
0.755	  0.10901684
0.765	  0.110618725
0.775	  0.1120751
0.785	  0.1133859
0.795	  0.11455167
0.805	  0.11557348
0.815	  0.116452895
0.825	  0.11719194
0.835	  0.117793076
0.845	  0.118259124
0.855	  0.11859325
0.865	  0.11879893
0.875	  0.11887989
0.885	  0.11884012
0.895	  0.11868378
0.905	  0.118415184
0.915	  0.118038826
0.925	  0.11755927
0.935	  0.11698117
0.945	  0.11630924
0.955	  0.115548216
0.965	  0.11470285
0.975	  0.11377789
0.985	  0.112778045
0.995	  0.11170798
1.005	  0.110572316
1.015	  0.10937559
1.025	  0.108122244
1.035	  0.10681665
1.045	  0.10546306
1.055	  0.10406561
1.065	  0.102628335
1.075	  0.101155125
1.085	  0.09964976
1.095	  0.09811587
1.105	  0.09655696
1.115	  0.094976395
1.125	  0.09337741
1.135	  0.09176308
1.145	  0.09013636
1.155	  0.08850005
1.165	  0.08685683
1.175	  0.08520923
1.185	  0.083559655
1.195	  0.081910364
1.205	  0.0802635
1.215	  0.07862108
1.225	  0.076984994
1.235	  0.075357005
1.245	  0.07373877
1.255	  0.07213182
1.265	  0.07053759
1.275	  0.0689574
1.285	  0.06739248
1.295	  0.06584396
1.305	  0.06431285
1.315	  0.06280011
1.325	  0.061306585
1.335	  0.059833042
1.345	  0.058380183
1.355	  0.056948617
1.365	  0.055538896
1.375	  0.0541515
1.385	  0.05278684
1.395	  0.051445264
1.405	  0.05012708
1.415	  0.048832525
1.425	  0.047561783
1.435	  0.046315007
1.445	  0.04509229
1.455	  0.043893684
1.465	  0.04271921
1.475	  0.04156885
1.485	  0.040442538
1.495	  0.039340194
1.505	  0.0382617
1.515	  0.03720691
1.525	  0.036175657
1.535	  0.035167746
1.545	  0.034182962
1.555	  0.03322107
1.565	  0.032281823
1.575	  0.031364948
1.585	  0.030470164
1.595	  0.02959718
1.605	  0.028745683
1.615	  0.027915359
1.625	  0.027105877
1.635	  0.02631691
1.645	  0.025548108
1.655	  0.024799129
1.665	  0.024069622
1.675	  0.023359228
1.685	  0.022667589
1.695	  0.021994343
1.705	  0.02133913
1.715	  0.020701583
1.725	  0.020081341
1.735	  0.01947804
1.745	  0.018891318
1.755	  0.018320814
1.765	  0.017766168
1.775	  0.017227024
1.785	  0.01670303
1.795	  0.016193833
1.805	  0.015699089
1.815	  0.015218451
1.825	  0.0147515815
1.835	  0.014298146
1.845	  0.013857813
1.855	  0.013430256
1.865	  0.013015156
1.875	  0.012612196
1.885	  0.0122210635
1.895	  0.0118414555
1.905	  0.01147307
1.915	  0.011115612
1.925	  0.0107687935
1.935	  0.01043233
1.945	  0.010105941
1.955	  0.009789357
1.965	  0.009482308
1.975	  0.009184535
1.985	  0.008895779
1.995	  0.008615792
2.005	  0.008344328
2.015	  0.008081147
2.025	  0.007826016
2.035	  0.007578707
2.045	  0.007338995
2.055	  0.0071066637
2.065	  0.0068814997
2.075	  0.006663296
2.085	  0.0064518503
2.095	  0.0062469654
2.105	  0.006048449
2.115	  0.0058561135
2.125	  0.005669777
2.135	  0.0054892614
2.145	  0.0053143934
2.155	  0.005145005
2.165	  0.0049809315
2.175	  0.004822014
2.185	  0.0046680965
2.195	  0.0045190286
2.205	  0.004374663
2.215	  0.0042348565
2.225	  0.0040994706
2.235	  0.0039683706
2.245	  0.0038414244
2.255	  0.0037185051
2.265	  0.0035994889
2.275	  0.003484255
2.285	  0.0033726867
2.295	  0.0032646707
2.305	  0.0031600965
2.315	  0.003058857
2.325	  0.0029608486
2.335	  0.0028659704
2.345	  0.0027741243
2.355	  0.0026852156
2.365	  0.002599152
2.375	  0.0025158443
2.385	  0.0024352055
2.395	  0.0023571516
2.405	  0.002281601
2.415	  0.002208475
2.425	  0.0021376961
2.435	  0.0020691906
2.445	  0.002002886
2.455	  0.0019387127
2.465	  0.0018766025
2.475	  0.0018164901
2.485	  0.0017583116
2.495	  0.0017020055
2.505	  0.001647512
2.515	  0.0015947729
2.525	  0.0015437324
2.535	  0.0014943358
2.545	  0.0014465307
2.555	  0.001400266
2.565	  0.0013554922
2.575	  0.0013121614
2.585	  0.0012702274
2.595	  0.001229645
2.605	  0.001190371
2.615	  0.001152363
2.625	  0.0011155804
2.635	  0.0010799837
2.645	  0.0010455345
2.655	  0.001012196
2.665	  9.79932E-4
2.675	  9.487082E-4
2.685	  9.1849075E-4
2.695	  8.8924717E-4
2.705	  8.60946E-4
2.715	  8.335568E-4
2.725	  8.0705E-4
2.735	  7.8139704E-4
2.745	  7.565703E-4
2.755	  7.3254306E-4
2.765	  7.092894E-4
2.775	  6.867842E-4
2.785	  6.650034E-4
2.795	  6.439233E-4
2.805	  6.2352134E-4
2.815	  6.0377555E-4
2.825	  5.846646E-4
2.835	  5.661679E-4
2.845	  5.482655E-4
2.855	  5.309383E-4
2.865	  5.1416754E-4
2.875	  4.979352E-4
2.885	  4.822238E-4
2.895	  4.6701648E-4
2.905	  4.522969E-4
2.915	  4.380492E-4
2.925	  4.2425815E-4
2.935	  4.1090892E-4
2.945	  3.979872E-4
2.955	  3.8547913E-4
2.965	  3.733713E-4
2.975	  3.6165075E-4
2.985	  3.5030497E-4
2.995	  3.3932176E-4
3.005	  3.286894E-4
3.015	  3.1839657E-4
3.025	  3.0843227E-4
3.035	  2.9878583E-4
3.045	  2.8944697E-4
3.055	  2.804058E-4
3.065	  2.7165262E-4
3.075	  2.6317817E-4
3.085	  2.5497342E-4
3.095	  2.4702967E-4
3.105	  2.3933848E-4
3.115	  2.318917E-4
3.125	  2.2468141E-4
3.135	  2.1770003E-4
3.145	  2.1094012E-4
3.155	  2.0439459E-4
3.165	  1.980565E-4
3.175	  1.9191916E-4
3.185	  1.8597613E-4
3.195	  1.8022112E-4
3.205	  1.7464808E-4
3.215	  1.6925119E-4
3.225	  1.6402476E-4
3.235	  1.589633E-4
3.245	  1.5406153E-4
3.255	  1.493143E-4
3.265	  1.4471667E-4
3.275	  1.4026382E-4
3.285	  1.359511E-4
3.295	  1.3177404E-4
3.305	  1.2772827E-4
3.315	  1.2380959E-4
3.325	  1.20013945E-4
3.335	  1.16337374E-4
3.345	  1.12776084E-4
3.355	  1.09326385E-4
3.365	  1.05984705E-4
3.375	  1.027476E-4
3.385	  9.961173E-5
3.395	  9.657386E-5
3.405	  9.363087E-5
3.415	  9.077974E-5
3.425	  8.801753E-5
3.435	  8.534142E-5
3.445	  8.2748666E-5
3.455	  8.023661E-5
3.465	  7.78027E-5
3.475	  7.544445E-5
3.485	  7.315945E-5
3.495	  7.0945374E-5
3.505	  6.8799985E-5
3.515	  6.67211E-5
3.525	  6.470661E-5
3.535	  6.275448E-5
3.545	  6.0862734E-5
3.555	  5.9029462E-5
3.565	  5.725282E-5
3.575	  5.5531014E-5
3.585	  5.3862317E-5
3.595	  5.2245054E-5
3.605	  5.06776E-5
3.615	  4.9158392E-5
3.625	  4.7685906E-5
3.635	  4.6258672E-5
3.645	  4.487527E-5
3.655	  4.3534317E-5
3.665	  4.2234486E-5
3.675	  4.0974486E-5
3.685	  3.9753064E-5
3.695	  3.8569015E-5
3.705	  3.7421163E-5
3.715	  3.630838E-5
3.725	  3.522957E-5
3.735	  3.4183664E-5
3.745	  3.316964E-5
3.755	  3.21865E-5
3.765	  3.1233285E-5
3.775	  3.030906E-5
3.785	  2.9412919E-5
3.795	  2.854399E-5
3.805	  2.7701426E-5
3.815	  2.6884407E-5
3.825	  2.609214E-5
3.835	  2.5323856E-5
3.845	  2.4578812E-5
3.855	  2.3856288E-5
3.865	  2.3155584E-5
3.875	  2.2476026E-5
3.885	  2.181696E-5
3.895	  2.1177751E-5
3.905	  2.0557789E-5
3.915	  1.9956477E-5
3.925	  1.937324E-5
3.935	  1.8807521E-5
3.945	  1.8258783E-5
3.955	  1.7726497E-5
3.965	  1.7210165E-5
3.975	  1.6709291E-5
3.985	  1.6223401E-5
3.995	  1.5752037E-5
4.005	  1.5294754E-5



DATASET #3

     Name: BPT Fit
   Points: 401
     Info: Mean = 100.0, Aperiodicity = 0.5, Duration = 30.0, Delta T = 1.0, Num Points = 500, Historic Open Interval = 0.0
Computed mean = 0.99714357

Data[x,y]:
0.0	  0.0
0.01	  0.0
0.02	  0.0
0.03	  0.0
0.04	  2.646442E-38
0.05	  4.624533E-30
0.06	  1.3567752E-24
0.07	  1.0409E-20
0.08	  8.225944E-18
0.09	  1.4327945E-15
0.1	  8.676571E-14
0.11	  2.4404883E-12
0.12	  3.8665567E-11
0.13	  3.9427436E-10
0.14	  2.8458176E-9
0.15	  1.5588427E-8
0.16	  6.827216E-8
0.17	  2.4879168E-7
0.18	  7.7807323E-7
0.19	  2.139908E-6
0.2	  5.277481E-6
0.21	  1.18565995E-5
0.22	  2.4580382E-5
0.23	  4.7525456E-5
0.24	  8.645959E-5
0.25	  1.4909761E-4
0.26	  2.452567E-4
0.27	  3.8688284E-4
0.28	  5.879343E-4
0.29	  8.641225E-4
0.3	  0.0012325261
0.31	  0.0017111023
0.32	  0.0023181282
0.33	  0.0030716078
0.34	  0.0039886786
0.35	  0.0050850497
0.36	  0.0063744956
0.37	  0.007868431
0.38	  0.009575567
0.39	  0.011501677
0.4	  0.01364945
0.41	  0.01601844
0.42	  0.018605104
0.43	  0.021402927
0.44	  0.024402592
0.45	  0.027592223
0.46	  0.030957658
0.47	  0.03448275
0.48	  0.038149703
0.49	  0.04193938
0.5	  0.045831654
0.51	  0.0498057
0.52	  0.05384034
0.53	  0.057914272
0.54	  0.062006388
0.55	  0.06609597
0.56	  0.07016291
0.57	  0.07418788
0.58	  0.07815253
0.59	  0.08203954
0.6	  0.08583278
0.61	  0.08951736
0.62	  0.09307969
0.63	  0.09650751
0.64	  0.09978991
0.65	  0.10291731
0.66	  0.105881475
0.67	  0.10867546
0.68	  0.11129357
0.69	  0.11373133
0.7	  0.11598544
0.71	  0.11805365
0.72	  0.119934775
0.73	  0.121628575
0.74	  0.12313571
0.75	  0.12445765
0.76	  0.12559663
0.77	  0.12655555
0.78	  0.12733792
0.79	  0.1279478
0.8	  0.12838975
0.81	  0.12866871
0.82	  0.12879
0.83	  0.12875924
0.84	  0.1285823
0.85	  0.12826526
0.86	  0.12781432
0.87	  0.12723584
0.88	  0.12653625
0.89	  0.12572195
0.9	  0.12479943
0.91	  0.1237751
0.92	  0.12265535
0.93	  0.12144646
0.94	  0.12015464
0.95	  0.11878598
0.96	  0.11734641
0.97	  0.115841754
0.98	  0.114277646
0.99	  0.11265956
1.0	  0.11099279
1.01	  0.10928244
1.02	  0.10753345
1.03	  0.10575052
1.04	  0.10393821
1.05	  0.10210083
1.06	  0.10024251
1.07	  0.09836719
1.08	  0.09647862
1.09	  0.09458034
1.1	  0.09267569
1.11	  0.09076785
1.12	  0.0888598
1.13	  0.086954325
1.14	  0.08505406
1.15	  0.083161466
1.16	  0.08127882
1.17	  0.079408266
1.18	  0.07755176
1.19	  0.07571114
1.2	  0.07388808
1.21	  0.07208413
1.22	  0.070300706
1.23	  0.06853908
1.24	  0.06680043
1.25	  0.065085806
1.26	  0.063396156
1.27	  0.0617323
1.28	  0.06009499
1.29	  0.058484867
1.3	  0.056902494
1.31	  0.05534834
1.32	  0.053822804
1.33	  0.052326202
1.34	  0.050858796
1.35	  0.049420767
1.36	  0.048012238
1.37	  0.046633285
1.38	  0.04528392
1.39	  0.043964114
1.4	  0.042673785
1.41	  0.04141281
1.42	  0.04018103
1.43	  0.03897825
1.44	  0.03780424
1.45	  0.036658734
1.46	  0.03554145
1.47	  0.034452073
1.48	  0.033390265
1.49	  0.03235567
1.5	  0.031347916
1.51	  0.030366607
1.52	  0.029411338
1.53	  0.02848169
1.54	  0.027577234
1.55	  0.02669753
1.56	  0.025842126
1.57	  0.025010575
1.58	  0.02420241
1.59	  0.023417171
1.6	  0.02265439
1.61	  0.021913597
1.62	  0.021194324
1.63	  0.020496098
1.64	  0.019818451
1.65	  0.019160915
1.66	  0.018523023
1.67	  0.01790431
1.68	  0.017304318
1.69	  0.016722593
1.7	  0.01615868
1.71	  0.015612133
1.72	  0.015082511
1.73	  0.0145693775
1.74	  0.014072304
1.75	  0.013590865
1.76	  0.013124644
1.77	  0.012673231
1.78	  0.012236221
1.79	  0.011813218
1.8	  0.011403833
1.81	  0.011007683
1.82	  0.010624395
1.83	  0.0102536
1.84	  0.009894939
1.85	  0.009548061
1.86	  0.00921262
1.87	  0.00888828
1.88	  0.008574711
1.89	  0.008271592
1.9	  0.007978609
1.91	  0.007695454
1.92	  0.007421829
1.93	  0.007157441
1.94	  0.006902007
1.95	  0.006655248
1.96	  0.006416894
1.97	  0.0061866827
1.98	  0.0059643565
1.99	  0.0057496666
2.0	  0.00554237
2.01	  0.0053422307
2.02	  0.005149019
2.03	  0.0049625114
2.04	  0.004782491
2.05	  0.0046087466
2.06	  0.004441074
2.07	  0.004279274
2.08	  0.004123153
2.09	  0.003972524
2.1	  0.0038272045
2.11	  0.003687018
2.12	  0.0035517938
2.13	  0.003421365
2.14	  0.0032955708
2.15	  0.0031742551
2.16	  0.0030572661
2.17	  0.0029444576
2.18	  0.0028356868
2.19	  0.0027308161
2.2	  0.0026297125
2.21	  0.0025322463
2.22	  0.0024382926
2.23	  0.0023477303
2.24	  0.002260442
2.25	  0.0021763141
2.26	  0.002095237
2.27	  0.0020171043
2.28	  0.0019418133
2.29	  0.0018692644
2.3	  0.0017993615
2.31	  0.0017320117
2.32	  0.0016671248
2.33	  0.0016046142
2.34	  0.0015443956
2.35	  0.0014863877
2.36	  0.0014305123
2.37	  0.0013766931
2.38	  0.0013248572
2.39	  0.0012749337
2.4	  0.0012268539
2.41	  0.001180552
2.42	  0.0011359641
2.43	  0.0010930283
2.44	  0.0010516855
2.45	  0.001011878
2.46	  9.7355037E-4
2.47	  9.36649E-4
2.48	  9.0112217E-4
2.49	  8.6692E-4
2.5	  8.3399436E-4
2.51	  8.022987E-4
2.52	  7.717883E-4
2.53	  7.4241974E-4
2.54	  7.141513E-4
2.55	  6.869428E-4
2.56	  6.6075526E-4
2.57	  6.355513E-4
2.58	  6.112947E-4
2.59	  5.8795064E-4
2.6	  5.654855E-4
2.61	  5.4386683E-4
2.62	  5.230634E-4
2.63	  5.0304504E-4
2.64	  4.8378276E-4
2.65	  4.6524848E-4
2.66	  4.474152E-4
2.67	  4.302569E-4
2.68	  4.1374852E-4
2.69	  3.9786586E-4
2.7	  3.825856E-4
2.71	  3.6788525E-4
2.72	  3.5374326E-4
2.73	  3.4013868E-4
2.74	  3.2705147E-4
2.75	  3.1446226E-4
2.76	  3.023524E-4
2.77	  2.907039E-4
2.78	  2.7949945E-4
2.79	  2.687224E-4
2.8	  2.5835662E-4
2.81	  2.4838673E-4
2.82	  2.3879776E-4
2.83	  2.2957538E-4
2.84	  2.2070577E-4
2.85	  2.1217561E-4
2.86	  2.0397207E-4
2.87	  1.9608284E-4
2.88	  1.88496E-4
2.89	  1.8120011E-4
2.9	  1.7418416E-4
2.91	  1.6743754E-4
2.92	  1.6095002E-4
2.93	  1.5471177E-4
2.94	  1.4871334E-4
2.95	  1.429456E-4
2.96	  1.373998E-4
2.97	  1.3206746E-4
2.98	  1.2694047E-4
2.99	  1.2201101E-4
3.0	  1.1727156E-4
3.01	  1.1271484E-4
3.02	  1.083339E-4
3.03	  1.04122024E-4
3.04	  1.0007275E-4
3.05	  9.6179865E-5
3.06	  9.2437374E-5
3.07	  8.8839544E-5
3.08	  8.5380816E-5
3.09	  8.205586E-5
3.1	  7.885957E-5
3.11	  7.578699E-5
3.12	  7.283338E-5
3.13	  6.999418E-5
3.14	  6.726499E-5
3.15	  6.464158E-5
3.16	  6.2119885E-5
3.17	  5.9695998E-5
3.18	  5.7366153E-5
3.19	  5.5126726E-5
3.2	  5.297424E-5
3.21	  5.090534E-5
3.22	  4.891681E-5
3.23	  4.700555E-5
3.24	  4.5168574E-5
3.25	  4.3403023E-5
3.26	  4.1706135E-5
3.27	  4.0075258E-5
3.28	  3.8507842E-5
3.29	  3.7001435E-5
3.3	  3.555368E-5
3.31	  3.41623E-5
3.32	  3.2825126E-5
3.33	  3.154005E-5
3.34	  3.0305062E-5
3.35	  2.9118215E-5
3.36	  2.7977647E-5
3.37	  2.6881566E-5
3.38	  2.5828242E-5
3.39	  2.4816021E-5
3.4	  2.3843308E-5
3.41	  2.2908565E-5
3.42	  2.2010325E-5
3.43	  2.1147165E-5
3.44	  2.0317724E-5
3.45	  1.9520694E-5
3.46	  1.875481E-5
3.47	  1.8018867E-5
3.48	  1.7311695E-5
3.49	  1.6632179E-5
3.5	  1.597924E-5
3.51	  1.5351845E-5
3.52	  1.4748999E-5
3.53	  1.41697465E-5
3.54	  1.3613167E-5
3.55	  1.3078378E-5
3.56	  1.2564531E-5
3.57	  1.2070808E-5
3.58	  1.1596425E-5
3.59	  1.1140628E-5
3.6	  1.0702692E-5
3.61	  1.0281919E-5
3.62	  9.87764E-6
3.63	  9.48921E-6
3.64	  9.116012E-6
3.65	  8.757449E-6
3.66	  8.412951E-6
3.67	  8.081967E-6
3.68	  7.763971E-6
3.69	  7.458452E-6
3.7	  7.1649247E-6
3.71	  6.8829195E-6
3.72	  6.611985E-6
3.73	  6.3516895E-6
3.74	  6.1016153E-6
3.75	  5.861363E-6
3.76	  5.6305485E-6
3.77	  5.408802E-6
3.78	  5.1957677E-6
3.79	  4.991105E-6
3.8	  4.7944864E-6
3.81	  4.6055957E-6
3.82	  4.424131E-6
3.83	  4.2498004E-6
3.84	  4.082325E-6
3.85	  3.921436E-6
3.86	  3.7668744E-6
3.87	  3.6183926E-6
3.88	  3.475752E-6
3.89	  3.3387234E-6
3.9	  3.2070868E-6
3.91	  3.0806304E-6
3.92	  2.959151E-6
3.93	  2.8424531E-6
3.94	  2.730349E-6
3.95	  2.6226583E-6
3.96	  2.5192078E-6
3.97	  2.419831E-6
3.98	  2.3243674E-6
3.99	  2.2326637E-6
4.0	  2.1445724E-6


