
X-Axis: Time (years)
Y-Axis: Cumulative Probability
Number of Data Sets: 5


DATASET #1

Name: Catalog
Num Points: 995
Info: 

X, Y Data:
0.05316385	1.0
0.05548177	0.9999989
0.13927476	0.99999774
0.20344087	0.9999949
0.24541292	0.9999907
0.39853594	0.99998564
0.41739106	0.9999774
0.42816368	0.9999688
0.45442253	0.99996
0.4703902	0.99995065
0.49902517	0.99994093
0.5142664	0.9999307
0.5908401	0.99992007
0.620377	0.9999079
0.6313004	0.9998951
0.7979139	0.9998821
0.81115234	0.99986565
0.8278209	0.9998489
0.8399494	0.99983186
0.9772919	0.99981457
0.98479843	0.9997944
1.0315083	0.9997741
1.0579886	0.9997529
1.1079181	0.99973106
1.13253	0.99970824
1.2278539	0.9996849
1.2731652	0.9996596
1.359712	0.9996333
1.3603466	0.9996053
1.4355304	0.9995773
1.556116	0.9995477
1.5907139	0.99951565
1.6348487	0.99948287
1.8148891	0.99944913
1.8327295	0.99941176
2.0448096	0.999374
2.0950294	0.99933183
2.1419106	0.9992887
2.3624978	0.9992445
2.3922591	0.9991958
2.3943906	0.9991465
2.4480917	0.99909717
2.47438	0.99904674
2.6336963	0.9989957
2.7452621	0.9989415
2.9379435	0.99888486
2.941899	0.99882436
2.9770844	0.9987637
2.9981456	0.99870235
3.1551418	0.99864054
3.3547747	0.9985755
3.35887	0.9985064
3.3979428	0.99843717
3.4477768	0.99836713
3.5296247	0.9982961
3.5482452	0.99822336
3.720443	0.9981502
3.729092	0.9980736
3.74224	0.9979967
3.909526	0.99791956
3.914281	0.997839
3.925874	0.9977583
4.006225	0.99767745
4.042772	0.99759483
4.051557	0.99751157
4.139256	0.99742806
4.1604824	0.99734277
4.1748962	0.997257
4.3390975	0.997171
4.3623643	0.9970815
4.3945026	0.99699163
4.488683	0.99690104
4.4919033	0.9968085
4.5155725	0.99671596
4.5221653	0.9966229
4.6295114	0.9965297
4.669151	0.99643433
4.6952214	0.99633807
4.737546	0.99624133
4.762631	0.9961437
4.8110337	0.99604553
4.8228126	0.9959464
4.8654056	0.995847
4.9075933	0.99574673
4.9613605	0.9956456
5.0323052	0.99554336
5.0945544	0.99543965
5.27169	0.9953346
5.3663917	0.99522597
5.406541	0.9951154
5.4165187	0.995004
5.463937	0.99489236
5.574	0.9947797
5.623217	0.99466485
5.6423435	0.994549
5.6424646	0.9944327
5.657677	0.9943164
5.8168902	0.9941998
5.818872	0.99407995
5.8211217	0.99396
5.881867	0.99384004
5.895714	0.9937188
5.995609	0.9935973
6.1042547	0.99347377
6.1060295	0.99334794
6.156031	0.9932221
6.1650095	0.9930952
6.179863	0.9929682
6.268401	0.9928408
6.3229475	0.99271166
6.4250336	0.9925813
6.4481363	0.9924489
6.606048	0.992316
6.6183114	0.9921799
6.656946	0.9920435
6.7522745	0.9919063
6.823812	0.99176717
6.922479	0.9916265
6.999819	0.99148387
7.0006237	0.99133956
7.015487	0.9911953
7.1028047	0.9910507
7.1392856	0.99090433
7.171699	0.9907572
7.1866207	0.9906094
7.291011	0.9904613
7.3702326	0.990311
7.3944163	0.99015915
7.418009	0.99000674
7.430481	0.98985386
7.4958925	0.98970073
7.502369	0.98954624
7.528589	0.9893916
7.599011	0.9892365
7.600845	0.9890799
7.67006	0.98892325
7.696028	0.9887652
7.785375	0.9886066
7.8212423	0.9884461
7.9747224	0.98828495
8.024557	0.98812056
8.067026	0.9879552
8.101965	0.987789
8.119994	0.98762196
8.188571	0.98745465
8.251999	0.98728585
8.417887	0.9871158
8.5137615	0.98694235
8.516466	0.9867669
8.535465	0.98659134
8.744681	0.98641545
8.828811	0.9862352
8.868079	0.9860533
8.95278	0.9858705
8.976421	0.985686
9.003053	0.985501
9.104645	0.98531544
9.219068	0.9851278
9.281941	0.98493785
9.332469	0.9847465
9.351707	0.98455423
9.709187	0.98436147
9.714562	0.9841614
9.729264	0.98396116
9.739536	0.98376065
9.872675	0.98355997
9.881396	0.9833565
9.977444	0.98315287
10.114368	0.98294723
10.238361	0.9827388
10.241474	0.9825278
10.242357	0.9823167
10.355474	0.9821056
10.455514	0.9818922
10.61518	0.9816767
10.696793	0.98145795
10.777899	0.98123753
10.9157295	0.9810154
10.995202	0.98079044
11.054918	0.9805638
11.080071	0.980336
11.086468	0.98010767
11.10324	0.97987914
11.173027	0.9796503
11.178246	0.97942007
11.212226	0.9791897
11.221243	0.9789586
11.376908	0.9787274
11.4426985	0.9784929
11.458532	0.97825706
11.459146	0.97802097
11.509241	0.97778475
11.546948	0.9775476
11.709719	0.97730964
11.732535	0.9770683
11.778708	0.9768265
11.779287	0.9765837
11.819809	0.976341
12.038816	0.9760974
12.17159	0.9758493
12.257588	0.97559845
12.264375	0.97534585
12.26556	0.97509307
12.284043	0.9748403
12.305179	0.97458714
12.3178	0.9743335
12.377634	0.97407967
12.563998	0.97382456
12.582137	0.97356564
12.766879	0.97330636
12.786956	0.97304326
12.865804	0.9727797
12.868512	0.97251457
12.932733	0.9722494
13.016864	0.97198284
13.129259	0.97171456
13.142963	0.971444
13.169438	0.9711731
13.200638	0.9709017
13.2025795	0.9706297
13.204877	0.9703576
13.37308	0.97008544
13.425621	0.96980983
13.50921	0.96953315
13.637113	0.96925473
13.808315	0.9689737
13.840198	0.9686891
13.843393	0.9684039
13.857615	0.9681186
13.941474	0.967833
13.967684	0.9675457
14.054789	0.9672578
14.18487	0.9669682
14.232776	0.9666758
14.303532	0.9663825
14.310236	0.9660877
14.380103	0.96579283
14.431956	0.9654964
14.517017	0.965199
14.522662	0.96489984
14.579414	0.96460056
14.634227	0.9643001
14.791477	0.9639985
15.013329	0.9636936
15.217947	0.9633842
15.277397	0.96307063
15.288496	0.96275574
15.303118	0.96244067
15.347393	0.9621253
15.497097	0.961809
15.574277	0.9614896
15.670519	0.96116865
15.802101	0.9608457
15.844053	0.96052
15.878039	0.9601935
15.984001	0.9598663
16.147066	0.95953685
16.289396	0.9592041
16.455896	0.9588684
16.499693	0.95852923
16.528648	0.9581892
16.582783	0.95784855
16.634926	0.95750684
16.82029	0.957164
16.964523	0.9568173
16.970512	0.95646775
16.975933	0.956118
17.00647	0.9557681
17.018242	0.95541763
17.024357	0.9550669
17.315086	0.954716
17.351997	0.95435923
17.379269	0.9540016
17.524996	0.95364344
17.581835	0.95328224
17.678692	0.9529199
18.023886	0.9525556
18.270283	0.95218414
18.273756	0.9518076
18.369534	0.951431
18.385872	0.9510524
18.511612	0.9506735
18.512495	0.950292
18.520966	0.94991046
18.588821	0.94952875
18.645735	0.9491457
18.720663	0.9487614
18.721523	0.9483756
18.790504	0.94798976
18.820404	0.9476025
18.856003	0.94721466
18.870775	0.94682604
18.888165	0.9464371
18.89082	0.9460479
18.966698	0.94565856
19.07806	0.9452677
19.102116	0.9448745
19.267134	0.94448084
19.280142	0.94408375
19.363596	0.9436864
19.383162	0.9432874
19.506866	0.9428879
19.558914	0.94248587
19.573761	0.94208276
19.705736	0.94167936
19.782688	0.9412733
19.814486	0.9408656
20.150948	0.9404572
20.196802	0.9400419
20.24943	0.9396257
20.261955	0.9392084
20.373665	0.9387908
20.540598	0.9383709
20.684977	0.9379476
20.76519	0.9375213
20.826433	0.9370934
20.847956	0.93666416
20.966763	0.9362345
21.134634	0.9358024
21.30839	0.9353668
21.605984	0.9349277
21.821928	0.9344824
21.932817	0.9340327
21.951475	0.93358064
22.132828	0.93312824
22.196959	0.93267214
22.3682	0.9322147
22.375914	0.9317537
22.460539	0.93129253
22.773785	0.93082964
22.931215	0.9303603
22.951574	0.9298877
23.042715	0.92941475
23.166193	0.9289398
23.354755	0.9284624
23.378778	0.9279811
23.404636	0.9274993
23.456871	0.9270169
23.744833	0.9265335
23.81862	0.92604417
23.874292	0.92555326
23.963314	0.9250613
24.013634	0.9245674
24.07083	0.9240725
24.152063	0.9235764
24.32668	0.92307866
24.45782	0.9225773
24.485601	0.9220733
24.597883	0.9215687
24.60432	0.92106175
24.619019	0.92055464
24.709398	0.9200473
24.760439	0.9195381
24.780157	0.91902775
24.918629	0.91851705
25.142736	0.9180035
25.14867	0.91748536
25.255238	0.9169671
25.317507	0.91644657
25.327293	0.91592485
25.411947	0.9154028
25.437363	0.91487914
25.438555	0.9143549
25.510754	0.91383064
25.51333	0.9133049
25.598303	0.9127791
25.71289	0.91225153
25.778072	0.91172165
25.8782	0.9111904
26.472233	0.91065705
26.959927	0.9101115
27.153	0.90955585
27.25438	0.9089963
27.278706	0.90843457
27.28511	0.9078724
27.291935	0.90731007
27.33233	0.90674764
27.407267	0.9061843
27.478685	0.9056195
27.502026	0.9050532
27.519379	0.9044864
27.51941	0.9039193
27.562468	0.90335214
27.661526	0.9027841
27.725588	0.902214
27.729673	0.9016426
27.864134	0.90107113
27.898752	0.9004969
27.998243	0.89992195
28.008764	0.8993449
28.221176	0.8987677
28.288399	0.8981861
28.288965	0.8976031
28.306343	0.8970201
28.370638	0.8964367
28.465418	0.895852
28.544914	0.8952654
28.832493	0.8946771
28.973358	0.8940829
29.207664	0.8934858
29.340569	0.89288384
29.373325	0.89227915
29.406178	0.8916738
29.457134	0.8910678
29.557121	0.8904607
29.591806	0.88985157
29.767603	0.8892417
29.981096	0.88862824
30.134628	0.8880103
30.200142	0.8873893
30.246935	0.8867669
30.41189	0.88614357
30.451746	0.8855168
30.59348	0.88488925
30.779686	0.88425875
30.963581	0.8836244
31.047997	0.88298625
31.148458	0.8823464
31.265818	0.88170445
31.480886	0.8810601
31.53651	0.8804113
31.580606	0.8797614
31.669086	0.8791105
31.984024	0.8784579
32.036182	0.87779874
32.41944	0.8771385
32.428047	0.8764704
32.519783	0.87580204
32.663036	0.87513185
32.82863	0.87445873
32.865425	0.87378216
32.994804	0.8731048
32.998066	0.87242484
33.040005	0.87174475
33.6788	0.8710639
33.773933	0.8703698
33.79194	0.8696737
33.992043	0.8689773
34.04593	0.8682768
34.098766	0.8675751
34.527935	0.8668724
34.71783	0.8661608
34.7889	0.8654453
34.8163	0.86472833
34.95163	0.8640108
35.011723	0.8632905
35.035088	0.862569
35.228188	0.8618469
35.39911	0.8611209
35.429287	0.8603914
35.796143	0.8596612
35.82388	0.8589235
35.940636	0.8581852
35.957214	0.85744447
36.01007	0.85670346
36.02484	0.8559613
36.092964	0.8552189
36.156845	0.854475
36.18222	0.8537299
36.311527	0.8529842
36.412598	0.85223585
36.59392	0.85148543
36.60919	0.8507313
36.818398	0.84997684
37.02074	0.849218
37.064957	0.8484551
37.091644	0.8476912
37.13246	0.8469268
37.253002	0.84616154
37.49083	0.8453938
37.70738	0.8446211
37.805363	0.843844
38.021408	0.8430649
38.20576	0.84228134
38.426506	0.8414939
38.6555	0.840702
38.67469	0.8399054
38.730118	0.8391083
38.740974	0.8383101
38.931202	0.8375117
38.998405	0.8367094
39.14041	0.8359057
39.218258	0.83509904
39.253242	0.8342908
39.321236	0.8334818
39.406208	0.83267146
39.44514	0.83185935
39.45	0.8310464
39.95154	0.8302334
40.065395	0.82941
40.12005	0.8285843
40.160435	0.8277575
40.29162	0.8269298
40.463627	0.82609946
40.518894	0.8252655
40.63138	0.82443047
40.66752	0.82359314
40.737247	0.82275504
40.766273	0.82191545
40.840855	0.8210753
40.84904	0.82023364
40.85531	0.8193918
40.86043	0.8185498
40.868267	0.8177077
40.888653	0.81686544
40.976833	0.81602275
41.010464	0.8151783
41.094532	0.8143331
41.13676	0.81348616
41.186073	0.8126384
41.20092	0.81178963
41.213875	0.8109405
41.266254	0.81009114
41.45719	0.80924064
41.646988	0.80838627
41.732716	0.80752796
41.843678	0.8066679
41.90209	0.80580556
41.923443	0.804942
41.936462	0.804078
42.014256	0.8032137
42.02834	0.8023479
42.177025	0.8014817
42.17819	0.8006125
42.194862	0.79974324
42.241585	0.79887366
42.284924	0.7980031
42.318058	0.79713166
42.37771	0.7962595
42.399323	0.79538614
42.433777	0.79451233
42.56077	0.7936379
42.60122	0.7927607
42.74814	0.79188275
42.77396	0.79100174
42.783314	0.79012024
42.920467	0.7892385
43.086475	0.788354
43.13495	0.787466
43.340965	0.78657705
43.518475	0.7856838
43.99296	0.78478694
44.24421	0.7838803
44.267353	0.78296846
44.326275	0.78205615
44.6612	0.78114265
44.843517	0.78022224
44.9293	0.77929807
45.077877	0.7783721
45.152847	0.7774431
45.1627	0.77651256
45.18847	0.7755818
45.40868	0.7746505
45.630783	0.7737147
45.72146	0.7727743
45.78593	0.77183205
46.53604	0.77088845
46.65335	0.76992935
46.67043	0.76896787
46.679848	0.7680061
46.68645	0.76704407
46.724277	0.76608187
46.861904	0.76511896
46.87476	0.7641532
47.03787	0.7631871
47.05495	0.76221776
47.099552	0.761248
47.278984	0.76027733
47.73744	0.7593029
48.004456	0.75831914
48.060738	0.7573298
48.129074	0.7563393
48.26066	0.75534743
48.277897	0.7543528
48.27945	0.7533579
48.3596	0.7523629
48.393482	0.75136626
48.799225	0.7503689
48.80505	0.7493632
48.89051	0.7483574
48.916203	0.7473498
49.451424	0.7463417
49.678986	0.7453226
49.82499	0.74429876
49.868195	0.7432719
49.993134	0.7422442
50.243786	0.74121386
50.296993	0.7401784
50.39346	0.7391418
50.42659	0.7381033
50.43397	0.737064
50.694683	0.7360246
50.917213	0.73497987
50.92472	0.7339305
50.98457	0.732881
51.002098	0.7318303
51.014164	0.7307792
51.040596	0.72972786
51.179733	0.72867596
51.335392	0.7276212
51.44221	0.7265632
51.54367	0.725503
51.890392	0.7244408
52.173126	0.7233714
52.35827	0.7222962
52.564945	0.7212171
52.732162	0.7201338
52.82466	0.71904707
52.883575	0.7179584
52.917442	0.7168685
53.30524	0.71577793
53.391994	0.71467936
53.48216	0.713579
53.529785	0.7124768
53.79595	0.7113736
53.934536	0.7102649
54.062195	0.7091534
54.187595	0.7080392
54.334805	0.7069225
54.774067	0.70580274
54.86471	0.7046739
54.961338	0.7035432
55.132328	0.70241046
55.168247	0.7012743
55.176865	0.7001373
55.215195	0.6990002
55.255558	0.69786227
55.308266	0.69672346
55.48826	0.69558364
55.620567	0.69444007
55.762978	0.6932938
55.76917	0.6921446
56.006195	0.6909953
56.044384	0.68984103
56.605053	0.688686
56.83889	0.68751943
56.90209	0.686348
57.227303	0.68517536
57.23465	0.68399596
57.286118	0.68281645
57.304688	0.6816358
57.396557	0.68045485
57.568436	0.67927194
57.769382	0.6780855
58.058388	0.67689496
58.20129	0.67569846
58.2168	0.674499
58.28727	0.6732992
58.446487	0.6720979
58.50616	0.67089343
58.548294	0.6696877
58.70496	0.66848105
58.740993	0.6672712
58.8417	0.6660606
58.886303	0.66484797
58.949257	0.66363436
59.190166	0.6624195
59.411274	0.6611996
59.51668	0.65997523
59.711727	0.6587487
59.757153	0.6575181
59.845684	0.65628654
60.015717	0.6550532
60.37056	0.65381634
60.57995	0.65257215
60.69527	0.6513237
60.95798	0.6500728
61.104042	0.6488165
61.11072	0.64755726
61.39443	0.6462978
61.493145	0.6450325
61.71213	0.6437652
61.878723	0.6424934
62.017433	0.6412181
62.05439	0.63994
62.065876	0.63866115
62.10128	0.63738203
62.237785	0.6361022
62.372795	0.63481957
62.674656	0.63353413
62.761055	0.63224244
62.76316	0.630949
62.98614	0.62965554
63.03882	0.62835747
63.161606	0.6270583
63.232025	0.6257566
63.46781	0.6244535
63.618187	0.62314546
63.703747	0.62183434
64.04917	0.6205215
64.08323	0.61920154
64.14807	0.6178808
64.167564	0.6165588
64.25044	0.6152364
64.27408	0.6139122
64.44374	0.61258763
64.633354	0.6112595
64.83984	0.6099275
64.98613	0.6085912
64.98765	0.6072519
65.02378	0.60591257
65.17257	0.60457253
65.31678	0.6032294
65.478165	0.6018833
65.51916	0.60053384
65.80231	0.59918356
65.879196	0.59782743
65.99138	0.59646976
66.275536	0.5951097
66.27905	0.59374386
66.55594	0.5923779
67.043884	0.5910063
67.132805	0.5896246
67.16017	0.58824104
67.489685	0.58685696
67.72581	0.585466
67.977165	0.58407027
68.034615	0.5826694
68.051285	0.58126724
68.61141	0.5798648
68.70503	0.57845074
68.80776	0.57703483
68.92122	0.5756168
68.93688	0.5741964
68.98988	0.57277566
69.38119	0.57135385
69.499985	0.569924
69.61744	0.56849164
69.98301	0.5670569
70.00868	0.56561464
70.08592	0.56417185
70.40125	0.56272745
70.453186	0.56127656
70.57129	0.5598246
70.73383	0.5583702
71.112976	0.5569124
71.24679	0.55544686
71.52652	0.55397856
71.6869	0.5525045
71.84755	0.55102706
71.88763	0.54954636
72.11968	0.5480648
72.170715	0.5465785
72.35749	0.5450912
72.56195	0.54359996
72.83316	0.54210454
72.90768	0.5406035
72.94231	0.539101
73.26835	0.5375977
73.3165	0.53608775
73.668915	0.5345768
73.77748	0.5330585
74.09102	0.53153807
74.45748	0.5300111
74.7246	0.52847666
75.01636	0.52693665
75.04095	0.5253906
75.196815	0.5238441
75.20806	0.5222944
75.25535	0.52074444
75.49905	0.51919353
75.76903	0.51763755
75.97193	0.516076
76.0057	0.51451033
76.05567	0.5129439
76.05995	0.5113765
76.225105	0.509809
76.22835	0.5082381
77.272896	0.5066671
77.446976	0.50507456
77.657524	0.50347847
77.676506	0.501878
77.752716	0.5002772
78.09138	0.4986748
78.36013	0.49706542
78.36823	0.49545053
78.52054	0.49383542
78.6139	0.4922172
79.09237	0.49059707
79.21145	0.48896706
79.2513	0.48733458
79.32031	0.4857013
79.40154	0.4840666
79.67266	0.48243022
79.80767	0.48078823
79.917465	0.4791435
79.9968	0.47749647
80.276825	0.47584784
80.36405	0.47419342
80.599594	0.4725372
80.64363	0.47087613
80.9182	0.46921414
81.26825	0.46754652
81.27098	0.46587166
81.369576	0.46419674
81.37747	0.4625198
81.51763	0.4608427
81.57169	0.4591627
81.62442	0.45748162
81.73635	0.45579943
81.73749	0.4541149
81.7618	0.4524304
81.76431	0.45074537
81.96092	0.4490603
82.60733	0.44737118
82.807	0.44566873
83.04737	0.44396216
83.2851	0.44225064
83.70869	0.44053423
84.22479	0.43880907
84.494965	0.4370733
84.67882	0.43533194
84.78376	0.4335868
85.38178	0.4318395
86.038086	0.43007988
86.66724	0.42830673
86.77264	0.42652062
86.82739	0.42473233
87.65787	0.4229429
87.84948	0.42113635
88.11865	0.4193259
88.69998	0.41750985
88.82576	0.41568184
89.28804	0.41385123
89.505165	0.4120111
89.51955	0.4101665
90.229355	0.4083216
90.29297	0.40646207
90.403755	0.40460122
90.590355	0.4027381
90.87624	0.40087113
90.92842	0.39899826
91.09641	0.39712432
91.10106	0.39524692
91.254234	0.39336944
91.277115	0.3914888
91.612076	0.38960767
91.676926	0.38771963
91.7943	0.38583025
92.16368	0.3839385
92.23039	0.3820391
92.71675	0.3801383
92.7991	0.37822753
92.9271	0.37631503
92.99782	0.3743999
93.159325	0.3724833
93.375	0.37056342
93.52001	0.36863905
93.60479	0.3667117
93.617004	0.3647826
94.24256	0.36285326
94.31237	0.360911
94.45767	0.35896733
94.55532	0.35702068
94.60126	0.355072
94.628044	0.35312235
94.76772	0.35117218
94.77919	0.3492191
95.15343	0.3472658
95.2858	0.34530482
95.36122	0.34334108
95.437004	0.34137577
95.83339	0.33940893
96.1744	0.3374339
96.34784	0.33545184
96.42157	0.33346623
96.49646	0.33147907
97.18873	0.3294904
97.276085	0.32748744
97.88889	0.32548267
97.90076	0.3234653
98.372185	0.32144767
99.22746	0.3194203
99.65829	0.31737536
101.56	0.3153215
101.652054	0.31322846
101.822365	0.3111335
101.84576	0.30903506
101.90108	0.30693614
103.005875	0.30483606
103.25828	0.30271322
103.44259	0.30058518
103.72011	0.29845333
103.76716	0.2963158
103.91092	0.29417723
104.0797	0.29203576
104.49939	0.2898908
104.572784	0.28773716
104.84817	0.28558204
105.12659	0.28342122
105.31584	0.28125468
105.60931	0.27908424
106.30294	0.27690774
106.562996	0.27471694
107.41629	0.27252078
107.4355	0.27030706
107.676865	0.26809293
107.969315	0.26587382
108.0228	0.2636487
108.06222	0.26142246
108.45589	0.25919542
108.462776	0.25696024
108.53092	0.25472495
108.55848	0.25248826
109.306335	0.25025097
109.58967	0.24799828
109.68019	0.24573976
109.94208	0.24347937
109.9989	0.24121358
110.362465	0.23894662
111.17104	0.23667216
111.91464	0.23438105
112.526596	0.2320746
112.898315	0.22975555
113.12617	0.22742884
114.44078	0.22509743
114.53485	0.22273894
114.76436	0.22037849
114.9937	0.21801332
117.058914	0.21564342
117.09701	0.21323097
117.50488	0.21081772
117.86958	0.20839608
118.03799	0.2059669
119.68566	0.20353428
120.53692	0.20106767
120.79848	0.19858354
122.41666	0.19609402
122.46013	0.19357114
122.748604	0.19104737
122.76718	0.18851765
122.80711	0.18598755
123.034935	0.18345663
123.193565	0.180921
123.41135	0.17838211
123.70865	0.17583874
124.04504	0.17328924
124.04811	0.17073281
124.155464	0.16817631
124.262375	0.1656176
124.5904	0.16305669
125.082184	0.16048901
125.251015	0.1579112
125.33668	0.15532991
125.36594	0.15274686
126.67361	0.15016319
126.89367	0.1475526
127.395836	0.14493744
127.88804	0.14231196
128.24666	0.13967632
128.72273	0.1370333
130.16888	0.13438046
130.4252	0.13169782
130.46329	0.12900989
130.74985	0.12632118
130.91661	0.12362657
131.13805	0.12092852
131.58778	0.1182259
131.85527	0.11551402
131.93915	0.11279662
132.22061	0.1100775
133.27943	0.10735257
135.06163	0.104605824
135.70227	0.101822354
138.95525	0.099025674
139.90942	0.096161954
139.92982	0.09327857
140.59883	0.090394765
140.77835	0.087497175
141.71211	0.08459588
142.9626	0.08167535
143.21623	0.07872904
145.64859	0.07577751
146.05264	0.07277585
146.29585	0.06976586
146.82799	0.06675086
147.14656	0.06372489
147.55153	0.06069236
147.7486	0.057651483
148.5691	0.054606542
150.37819	0.051544692
151.5241	0.048445556
153.41135	0.04532281
154.70526	0.042161163
157.6206	0.038972855
158.1309	0.03572446
158.72662	0.032465555
165.06503	0.029194368
171.05064	0.025792556
171.86293	0.022267384
174.86566	0.018725473
177.14636	0.015121681
181.28282	0.011470884
186.69286	0.007734839
188.62209	0.0038872992



DATASET #2

     Name: Poisson
   Points: 100
     Info: 

Data[x,y]:
0.0	  1.0
3.2720938	  0.9351043
6.5441875	  0.8744201
9.816281	  0.81767404
13.088375	  0.7646105
16.360468	  0.7149906
19.632563	  0.66859084
22.904655	  0.6252022
26.17675	  0.58462924
29.448843	  0.54668933
32.720936	  0.5112116
35.99303	  0.47803617
39.265125	  0.44701368
42.537216	  0.41800442
45.80931	  0.39087775
49.081406	  0.36551148
52.3535	  0.34179136
55.62559	  0.3196106
58.897686	  0.29886925
62.16978	  0.27947393
65.44187	  0.26133728
68.71397	  0.24437761
71.98606	  0.22851856
75.258156	  0.2136887
78.53025	  0.19982123
81.802345	  0.18685369
85.07443	  0.17472771
88.34653	  0.16338862
91.61862	  0.15278542
94.89072	  0.1428703
98.16281	  0.13359864
101.434906	  0.12492867
104.707	  0.116821334
107.979095	  0.10924014
111.25118	  0.102150925
114.52328	  0.09552177
117.79537	  0.08932282
121.06747	  0.08352616
124.33956	  0.07810567
127.61166	  0.073036954
130.88374	  0.06829717
134.15584	  0.06386498
137.42793	  0.05972042
140.70003	  0.05584482
143.97212	  0.052220736
147.24422	  0.048831835
150.51631	  0.04566286
153.7884	  0.04269954
157.0605	  0.039928526
160.3326	  0.037337337
163.60469	  0.034914304
166.87679	  0.03264852
170.14886	  0.03052977
173.42096	  0.02854852
176.69305	  0.026695844
179.96515	  0.0249634
183.23724	  0.023343382
186.50934	  0.021828499
189.78143	  0.020411924
193.05353	  0.019087277
196.32562	  0.017848596
199.59772	  0.016690299
202.86981	  0.015607172
206.1419	  0.014594333
209.414	  0.013647225
212.6861	  0.012761579
215.95819	  0.011933408
219.23027	  0.011158981
222.50237	  0.010434812
225.77446	  0.009757637
229.04655	  0.009124409
232.31865	  0.0085322745
235.59074	  0.007978567
238.86284	  0.007460792
242.13493	  0.0069766194
245.40703	  0.0065238667
248.67912	  0.0061004963
251.95122	  0.0057046004
255.22331	  0.0053343964
258.4954	  0.0049882173
261.7675	  0.0046645035
265.03958	  0.0043617976
268.31168	  0.0040787356
271.58377	  0.0038140435
274.85587	  0.0035665284
278.12796	  0.0033350762
281.40005	  0.0031186442
284.67215	  0.0029162576
287.94424	  0.0027270052
291.21634	  0.0025500343
294.48843	  0.002384548
297.76053	  0.0022298014
301.03262	  0.002085097
304.30472	  0.0019497831
307.5768	  0.0018232507
310.8489	  0.0017049295
314.121	  0.001594287
317.3931	  0.0014908247
320.6652	  0.0013940766
323.9373	  0.0013036071



DATASET #3

Name: Prob Filtered
Num Points: 1837
Info: 

X, Y Data:
0.05316385	1.0
0.05548177	0.9999989
0.13927476	0.99999815
0.20344087	0.9999954
0.24541292	0.9999913
0.39853594	0.99998707
0.41739106	0.9999792
0.42816368	0.9999709
0.45442253	0.9999641
0.4703902	0.9999574
0.49902517	0.9999478
0.5142664	0.9999376
0.5908401	0.9999274
0.620377	0.99991536
0.6313004	0.99990284
0.7979139	0.9998901
0.81115234	0.9998743
0.8278209	0.9998589
0.8399494	0.9998434
0.9772919	0.9998268
0.98479843	0.9998068
1.0315083	0.999787
1.0579886	0.9997661
1.1079181	0.99974954
1.13253	0.9997272
1.2278539	0.99970454
1.2731652	0.999681
1.359712	0.9996587
1.3603466	0.9996346
1.4355304	0.9996085
1.556116	0.99958014
1.5907139	0.99955064
1.6348487	0.9995306
1.8148891	0.99950707
1.8327295	0.99948084
2.0448096	0.9994446
2.0950294	0.99940413
2.1419106	0.9993627
2.3624978	0.99931985
2.3922591	0.9992746
2.3943906	0.99922776
2.4480917	0.9991799
2.47438	0.999132
2.6336963	0.99908197
2.7452621	0.99904835
2.9379435	0.9989929
2.941899	0.99893475
2.9770844	0.998876
2.9981456	0.998817
3.1551418	0.9987614
3.1996849	0.9987003
3.3547747	0.99869967
3.35887	0.99863327
3.3979428	0.9985717
3.4477768	0.9985108
3.5296247	0.9984461
3.5482452	0.9983901
3.720443	0.9983433
3.729092	0.9982689
3.74224	0.9982282
3.909526	0.9981526
3.914281	0.99807364
3.925874	0.9979962
4.006225	0.9979177
4.042772	0.99783844
4.051557	0.99775594
4.139256	0.99767333
4.1604824	0.9975897
4.1748962	0.9975074
4.3390975	0.9974274
4.3623643	0.99735224
4.3945026	0.99726504
4.488683	0.9971872
4.4919033	0.99709654
4.5155725	0.9970502
4.5221653	0.99696
4.6295114	0.9968742
4.669151	0.99678546
4.6952214	0.996696
4.737546	0.9966002
4.762631	0.9965289
4.8110337	0.9964327
4.8228126	0.9963336
4.8654056	0.9962392
4.9075933	0.996182
4.9613605	0.9960829
5.0323052	0.9959806
5.0945544	0.9959091
5.1359496	0.9958104
5.27169	0.99580824
5.3663917	0.99570286
5.406541	0.99559337
5.4165187	0.9954853
5.463937	0.9953826
5.574	0.99527115
5.623217	0.995162
5.6423435	0.9950473
5.6424646	0.9949322
5.657677	0.9948263
5.8168902	0.99471676
5.818872	0.9946256
5.8211217	0.99452966
5.8239317	0.9944157
5.881867	0.9944133
5.895714	0.99429333
5.995609	0.9941718
6.1042547	0.99408406
6.1060295	0.99395955
6.156031	0.9938664
6.1650095	0.9937421
6.179863	0.99364173
6.268401	0.993536
6.3229475	0.99340683
6.414055	0.9932791
6.4250336	0.9932778
6.4481363	0.993152
6.606048	0.9930231
6.6183114	0.992891
6.656946	0.9927969
6.7522745	0.99266523
6.823812	0.99255526
6.922479	0.99241745
6.999819	0.9922848
7.0006237	0.9921434
7.015487	0.99201065
7.1028047	0.99186754
7.1392856	0.99172556
7.171699	0.9915902
7.1866207	0.9914439
7.291011	0.99130166
7.3702326	0.991174
7.3944163	0.9910327
7.418009	0.990891
7.430481	0.9907855
7.4958925	0.99064153
7.502369	0.9904886
7.528589	0.990351
7.599011	0.9901974
7.600845	0.9900455
7.67006	0.98989195
7.696028	0.9897418
7.785375	0.98958796
7.8212423	0.9894403
7.9747224	0.9892888
8.024557	0.98913103
8.052068	0.9889723
8.067026	0.98896897
8.101965	0.98880607
8.119994	0.98864406
8.188571	0.98851186
8.251999	0.9883549
8.417887	0.9881968
8.5137615	0.9880493
8.516466	0.9878826
8.535465	0.9877141
8.54829	0.98754174
8.737369	0.98754
8.744681	0.987531
8.828811	0.9873562
8.868079	0.98718697
8.950532	0.98700964
8.95278	0.987006
8.976421	0.98686576
9.003053	0.98669374
9.104645	0.9865267
9.219068	0.98635787
9.281941	0.98617166
9.332469	0.9859842
9.351707	0.9857957
9.709187	0.98560876
9.714562	0.98541665
9.729264	0.9852245
9.739536	0.98505
9.872675	0.9848533
9.881396	0.984658
9.977444	0.98447067
10.0086	0.984265
10.114368	0.98424643
10.238361	0.98404217
10.241474	0.9839219
10.242357	0.98371506
10.355474	0.9835187
10.396812	0.98331815
10.455514	0.98330957
10.61518	0.9831415
10.660761	0.9829293
10.696793	0.9829161
10.777899	0.98270005
10.9157295	0.98248464
10.995202	0.9822979
11.054918	0.9821007
11.080071	0.9818752
11.086468	0.9816537
11.10324	0.9814275
11.173027	0.98120785
11.178246	0.9809776
11.212226	0.98077023
11.221243	0.98055303
11.376908	0.980331
11.4426985	0.9801012
11.457339	0.9798725
11.458532	0.97986776
11.459146	0.9796387
11.509241	0.97940964
11.546948	0.9791772
11.709719	0.9789868
11.732535	0.9787479
11.778708	0.9785182
11.779287	0.97829247
11.819809	0.9780667
11.960272	0.97782797
12.038816	0.9778132
12.17159	0.97756755
12.234204	0.9773242
12.257588	0.9773192
12.264375	0.9770691
12.26556	0.976829
12.284043	0.9765812
12.305179	0.97633064
12.3178	0.97608465
12.377634	0.9758435
12.563998	0.97560114
12.582137	0.9753474
12.659759	0.9751114
12.750907	0.9751088
12.766879	0.97510356
12.786956	0.9748431
12.865804	0.974598
12.868512	0.9743381
12.92115	0.97407556
12.932733	0.9740596
13.016864	0.9738011
13.129259	0.9735462
13.142963	0.973281
13.169438	0.9730129
13.200638	0.9727469
13.2025795	0.9725184
13.204877	0.9722463
13.37308	0.9719796
13.425621	0.9717095
13.50921	0.97144663
13.637113	0.9711683
13.733804	0.97096306
13.808315	0.97096026
13.840198	0.9706956
13.843393	0.9704132
13.857615	0.9701393
13.941474	0.9698566
13.967684	0.96958077
14.03632	0.9693016
14.047571	0.9692119
14.054789	0.96920896
14.18487	0.9689338
14.232776	0.96867657
14.303532	0.96850055
14.310236	0.96821165
14.380103	0.9679197
14.431956	0.96762335
14.513678	0.9674062
14.517017	0.96740323
14.522662	0.9671699
14.579414	0.9668945
14.634227	0.9666181
14.76967	0.96632254
14.791477	0.9662525
15.013329	0.96602696
15.194175	0.9657268
15.217947	0.9657237
15.277397	0.9654916
15.288496	0.96527123
15.303118	0.9650097
15.347393	0.9647038
15.497097	0.9644096
15.574277	0.9641062
15.670519	0.96381414
15.802101	0.9634944
15.844053	0.963185
15.878039	0.9628618
15.984001	0.9625476
16.147066	0.96222806
16.23397	0.96190196
16.289396	0.96182835
16.455896	0.9615128
16.499693	0.96118385
16.528648	0.9608812
16.582783	0.9605542
16.634926	0.9602124
16.80965	0.9598799
16.82029	0.9598764
16.95822	0.95954365
16.959564	0.9595367
16.964523	0.9595262
16.970512	0.95918006
16.975933	0.9588373
16.998535	0.95849794
17.00647	0.95848745
17.018242	0.9581369
17.024357	0.95779675
17.029097	0.9574494
17.032835	0.9574389
17.116531	0.9573511
17.315086	0.95734054
17.351997	0.9570586
17.379269	0.95670456
17.44328	0.9563536
17.524996	0.9563428
17.581835	0.9559997
17.678692	0.9556518
17.715214	0.9552984
18.023886	0.9552948
18.270283	0.954927
18.273756	0.95461076
18.369534	0.95424545
18.381624	0.95388204
18.385872	0.9538744
18.511612	0.9535107
18.512495	0.9531292
18.520966	0.9527553
18.588821	0.952427
18.645735	0.95204777
18.720663	0.9516789
18.721523	0.9513046
18.790504	0.9509265
18.820404	0.9505586
18.856003	0.95026
18.870775	0.94987524
18.888165	0.9495097
18.89082	0.9491243
18.966698	0.9487467
19.001177	0.9483714
19.07806	0.9483675
19.102116	0.9480058
19.112759	0.9476239
19.267134	0.94762
19.280142	0.9473698
19.28338	0.94698834
19.363596	0.9469128
19.383162	0.9466495
19.506866	0.946278
19.552473	0.945884
19.558914	0.94587994
19.573761	0.9454809
19.705736	0.94508153
19.782688	0.9446876
19.814486	0.9443003
20.150948	0.94401443
20.196802	0.9436199
20.24943	0.94323283
20.261955	0.94281965
20.328753	0.94241464
20.373665	0.94241047
20.540598	0.94201577
20.58434	0.94165593
20.684977	0.9416517
20.762863	0.94123816
20.76519	0.94122535
20.826433	0.94081026
20.847956	0.9403982
20.966763	0.93999004
21.098602	0.93964434
21.134634	0.9396313
21.30839	0.9392524
21.383951	0.938822
21.605984	0.9388044
21.821928	0.9383814
21.932817	0.9379361
21.951475	0.9375022
22.132828	0.937086
22.196959	0.936639
22.218086	0.93620896
22.35277	0.93619525
22.35936	0.93613535
22.3682	0.93613076
22.375914	0.9358173
22.460539	0.93536997
22.57161	0.93492097
22.773785	0.934907
22.931215	0.9344752
22.951574	0.93401206
23.042715	0.9336053
23.112843	0.9331399
23.166193	0.9331256
23.19602	0.9326625
23.30038	0.93264335
23.311823	0.93263376
23.33766	0.93260497
23.354755	0.93260014
23.378778	0.9321525
23.404636	0.93167555
23.456871	0.9312173
23.744833	0.9307387
23.81862	0.93025917
23.874292	0.9299008
23.963314	0.92942846
24.002062	0.92894447
24.013634	0.92889994
24.070223	0.9284694
24.07083	0.9284644
24.152063	0.928013
24.256554	0.9276895
24.302456	0.9276845
24.320934	0.9276795
24.32668	0.9276745
24.45782	0.92717814
24.485601	0.92670935
24.597883	0.9262451
24.60432	0.92573816
24.619019	0.92524123
24.709398	0.92489624
24.722515	0.9244023
24.74446	0.9243921
24.760439	0.924387
24.780157	0.9238818
24.918629	0.9233762
25.043612	0.92299104
25.064114	0.9229859
25.142736	0.92297554
25.14867	0.9224626
25.255238	0.921965
25.317507	0.92146015
25.327293	0.92095405
25.411947	0.9204634
25.437363	0.91994494
25.438555	0.91954124
25.510754	0.9190694
25.51333	0.91864884
25.598303	0.9182545
25.71289	0.9178219
25.737467	0.91730785
25.778072	0.91729724
25.8782	0.9167713
25.986633	0.916446
26.235495	0.9164406
26.472233	0.9164136
26.959927	0.9158953
27.12668	0.9156119
27.153	0.9155728
27.25438	0.9150244
27.278706	0.9145133
27.28511	0.9140691
27.291935	0.9135687
27.33233	0.91319746
27.366371	0.91265106
27.407267	0.9126172
27.478685	0.91214275
27.502026	0.9115991
27.519379	0.911038
27.51941	0.91048783
27.562468	0.9099264
27.661526	0.9093697
27.725588	0.9088053
27.729673	0.9082454
27.732096	0.90769106
27.749958	0.90768534
27.864134	0.9076739
27.898752	0.9071111
27.998243	0.9065937
28.003466	0.9060224
28.008764	0.90601087
28.192406	0.90549135
28.221176	0.9054507
28.288399	0.90488654
28.288965	0.90432686
28.306343	0.90382546
28.34811	0.90327126
28.370638	0.9031369
28.465418	0.90258145
28.544914	0.90201825
28.750778	0.9015065
28.769394	0.9014887
28.832493	0.90148276
28.973358	0.90093017
29.197582	0.90033305
29.207664	0.90030295
29.340569	0.89971304
29.373325	0.89910835
29.406178	0.8985333
29.457134	0.8979515
29.557121	0.8973444
29.591806	0.89676577
29.767603	0.8961803
29.904625	0.8957263
29.981096	0.89565235
30.134628	0.89506537
30.200142	0.89444435
30.246935	0.8938655
30.41189	0.8934728
30.451746	0.89287734
30.59348	0.8923628
30.779686	0.89177006
30.80833	0.8912563
30.955513	0.89112294
30.963581	0.8910719
31.040997	0.8904529
31.047997	0.89044654
31.148458	0.88981307
31.265818	0.88935083
31.470922	0.8887516
31.480886	0.8886543
31.53651	0.8880185
31.580606	0.88739455
31.669086	0.8867633
31.984024	0.8861171
32.036182	0.88562936
32.076126	0.88500214
32.263027	0.8849757
32.272717	0.88484937
32.41944	0.884836
32.428047	0.8843416
32.51371	0.88368
32.519783	0.8835594
32.663036	0.8828959
32.82665	0.88224965
32.82863	0.8822429
32.865425	0.8815799
32.994804	0.8809838
32.998066	0.88033783
33.040005	0.8796782
33.397964	0.87899727
33.509068	0.8788459
33.622795	0.87883204
33.6788	0.87881815
33.773933	0.87815183
33.79194	0.87748367
33.992043	0.8768012
34.04593	0.8761287
34.098766	0.8755814
34.354343	0.8750543
34.510563	0.875026
34.527935	0.8750189
34.71783	0.87433577
34.7889	0.8736346
34.8163	0.87293196
34.95163	0.8722431
35.011723	0.871566
35.035088	0.8710393
35.228188	0.8703389
35.39911	0.8696129
35.429287	0.8689782
35.67303	0.86827725
35.787983	0.8682699
35.796143	0.86821824
35.82388	0.8676281
35.940636	0.86690456
35.957214	0.8661935
36.01007	0.86545986
36.02484	0.8647697
36.035873	0.86402726
36.092964	0.8640198
36.156845	0.8632834
36.18222	0.8625383
36.311527	0.8618075
36.411945	0.8611115
36.412598	0.8610215
36.580757	0.86028606
36.59392	0.86027855
36.60919	0.859728
36.646572	0.85904896
36.818398	0.8588526
36.90207	0.85811657
36.985188	0.858109
37.02074	0.85807085
37.064957	0.8573079
37.091644	0.85656697
37.13246	0.85585606
37.253002	0.855152
37.49083	0.8543996
37.658833	0.8536579
37.70738	0.8536501
37.805363	0.8529041
38.021408	0.85215616
38.2039	0.85150576
38.20576	0.85149
38.426506	0.85070264
38.6555	0.8499186
38.67469	0.8491777
38.730118	0.84839666
38.740974	0.8476304
38.809254	0.8469677
38.855595	0.8469597
38.931202	0.8469437
38.998405	0.84619755
39.007755	0.8454179
39.134724	0.8453858
39.14041	0.8453777
39.192394	0.84457105
39.203457	0.84456295
39.218258	0.8445549
39.253242	0.8438194
39.321236	0.8430266
39.406208	0.8422567
39.44056	0.841469
39.44514	0.8413877
39.45	0.8406073
39.837177	0.8399406
39.95154	0.83993244
40.00996	0.83934784
40.065395	0.8393066
40.11915	0.8386791
40.12005	0.8386543
40.160435	0.83784395
40.29162	0.8370494
40.385345	0.83623564
40.425274	0.83622736
40.463627	0.836219
40.518894	0.83543515
40.63138	0.8346251
40.66752	0.8338129
40.737247	0.83306694
40.766273	0.8322358
40.840855	0.83142924
40.84904	0.83061284
40.85531	0.8299141
40.86043	0.8291226
40.868267	0.8286679
40.888653	0.82786775
40.976833	0.8270335
41.010464	0.8263748
41.062695	0.8255972
41.094532	0.8255549
41.13676	0.824725
41.186073	0.8239365
41.20092	0.82312167
41.213875	0.82227254
41.25041	0.82148266
41.266254	0.82145715
41.404995	0.8206067
41.45719	0.8204275
41.646988	0.81960726
41.732716	0.8187833
41.843678	0.81798345
41.90209	0.8171211
41.923443	0.8163007
41.936462	0.81544536
42.014256	0.8146848
42.02834	0.81390554
42.075527	0.813048
42.177025	0.81303936
42.17819	0.8121788
42.194862	0.8113096
42.241585	0.8106748
42.284924	0.8101873
42.318058	0.80933326
42.37771	0.808653
42.399323	0.80780584
42.433777	0.80701065
42.56077	0.8062761
42.60122	0.80543405
42.63645	0.8046087
42.74814	0.8045912
42.77396	0.80371016
42.783314	0.80291677
42.847942	0.80207914
42.920467	0.80197316
43.086475	0.80114174
43.12665	0.8002715
43.131638	0.80026263
43.13495	0.80025375
43.189445	0.79938257
43.340965	0.7993736
43.49413	0.79849833
43.518475	0.7983011
43.881878	0.7974222
43.99296	0.7974041
44.21202	0.79662436
44.24421	0.7965697
44.257767	0.7957035
44.267353	0.7955028
44.326275	0.7945996
44.6612	0.7936861
44.75126	0.7928117
44.843517	0.79280245
44.898647	0.79189676
44.9293	0.7918783
45.077877	0.7909523
45.152847	0.7900326
45.1627	0.7893347
45.18847	0.7884133
45.40868	0.7875751
45.630783	0.78666735
45.72146	0.78575516
45.748447	0.78486
45.78593	0.7848411
45.88818	0.7841146
46.031986	0.78407675
46.296112	0.78394395
46.53604	0.78390574
46.626656	0.7829851
46.65335	0.7829082
46.67043	0.7819467
46.679848	0.78100413
46.68645	0.7800806
46.724277	0.7791569
46.772873	0.77822286
46.861904	0.77809757
46.87476	0.777238
47.028904	0.7763106
47.03787	0.7761459
47.05495	0.7752249
47.099552	0.77429396
47.278984	0.7733718
47.40243	0.7724754
47.677746	0.77246565
47.720158	0.7724558
47.73744	0.77243614
48.004456	0.7715409
48.022667	0.77059114
48.060738	0.77058125
48.129074	0.7697591
48.26066	0.7687871
48.277897	0.7678223
48.27945	0.76688707
48.31525	0.76593184
48.3596	0.7659219
48.393482	0.76497513
48.651985	0.7641274
48.799225	0.76411736
48.80505	0.7631217
48.89051	0.7621561
48.907597	0.7611888
48.916203	0.76116866
49.33257	0.7602009
49.333904	0.7601704
49.451424	0.76002806
49.465874	0.75905985
49.678986	0.75904965
49.82499	0.758077
49.868195	0.75713235
49.993134	0.7561663
50.243786	0.7551772
50.296993	0.7542349
50.39346	0.7532087
50.42659	0.7522117
50.43397	0.751266
50.4536	0.750237
50.523476	0.75022656
50.69434	0.7500079
50.694683	0.7499766
50.917213	0.7489736
50.92472	0.7480817
50.98457	0.74721056
51.002098	0.7465486
51.014164	0.745508
51.040596	0.7445513
51.179733	0.74352044
51.303726	0.7424657
51.335392	0.7424234
51.44221	0.7413866
51.54367	0.74035823
51.786354	0.73932785
51.890392	0.7393172
52.00238	0.73829055
52.127075	0.7382798
52.173126	0.7382476
52.35827	0.7372046
52.564945	0.73614717
52.732162	0.73509634
52.82466	0.73404217
52.883575	0.7331277
52.917442	0.73205966
53.14209	0.73140526
53.30524	0.73139435
53.38296	0.7303397
53.391994	0.73032874
53.48216	0.7292504
53.529785	0.72818124
53.79595	0.7271001
53.824497	0.7260136
53.934536	0.72598034
54.062195	0.72491324
54.13444	0.7238325
54.187595	0.7237767
54.28529	0.7227493
54.334805	0.72273815
54.740475	0.72162956
54.774067	0.7215957
54.796986	0.72048944
54.864204	0.7204781
54.86471	0.72046685
54.89749	0.71935874
54.949543	0.7193135
54.952145	0.7193022
54.961338	0.71929085
55.024277	0.7181921
55.132328	0.7181354
55.168247	0.71705604
55.176865	0.71596456
55.215195	0.7149866
55.255558	0.7138714
55.308266	0.71288073
55.48826	0.71177506
55.506287	0.71086025
55.525818	0.7108488
55.620567	0.7108145
55.762978	0.70966816
55.76917	0.7085419
55.982464	0.7074271
56.006195	0.70739245
56.044384	0.7065845
56.605053	0.7054757
56.83889	0.70436746
56.90209	0.70327806
56.997696	0.70217574
57.227303	0.70215225
57.23465	0.7010554
57.286118	0.69989944
57.304688	0.69878966
57.315975	0.6976559
57.33807	0.6976441
57.396557	0.6973723
57.568436	0.6962486
57.662518	0.69514525
57.769382	0.6951333
57.830147	0.69400233
57.877113	0.6939785
58.058388	0.69393075
58.167675	0.6929137
58.20129	0.69290173
58.2168	0.6917982
58.28727	0.6906104
58.42222	0.68945724
58.446487	0.6894452
58.50616	0.68831295
58.548294	0.68711925
58.614426	0.68594885
58.61516	0.68584013
58.70496	0.68577975
58.740993	0.6845941
58.8417	0.6838314
58.886303	0.68267936
58.949257	0.681575
59.190166	0.68038446
59.24888	0.6792378
59.28258	0.67922556
59.309547	0.67921335
59.411274	0.6791767
59.51668	0.6779768
59.519547	0.67697096
59.711727	0.6769587
59.757153	0.67576504
59.845684	0.67459506
60.015717	0.6733864
60.017216	0.6721619
60.251663	0.6720506
60.37056	0.67203814
60.57995	0.6708064
60.596252	0.66972023
60.597103	0.6697078
60.69527	0.6696703
60.95798	0.66848195
61.104042	0.667389
61.11072	0.6661423
61.22811	0.6649207
61.39443	0.66490805
61.493145	0.66369337
61.593098	0.66243875
61.71213	0.66242605
61.71712	0.6611924
61.878723	0.66116697
61.905678	0.6599682
61.925453	0.65995544
62.017433	0.65992993
62.05439	0.65876687
62.065876	0.65751356
62.10128	0.65632397
62.17695	0.65505695
62.229164	0.6550313
62.237785	0.6550185
62.239353	0.6537615
62.372795	0.653723
62.561584	0.65247613
62.59579	0.6524246
62.674656	0.65238583
62.68422	0.6514946
62.730137	0.6513654
62.761055	0.6509647
62.76316	0.64969707
62.95366	0.64852
62.98614	0.64850706
63.03882	0.6472739
63.12593	0.6460007
63.161606	0.6459877
63.232025	0.64471203
63.46781	0.64355224
63.6064	0.64236194
63.618187	0.6419163
63.703747	0.6406314
63.879776	0.6394892
64.04917	0.63943654
64.08323	0.6381561
64.09681	0.63723165
64.10753	0.63720524
64.11069	0.6371788
64.14807	0.6371524
64.167564	0.6362798
64.17961	0.63497066
64.25044	0.6349442
64.27408	0.6336333
64.44374	0.6323352
64.633354	0.6310336
64.83984	0.62974155
64.839935	0.6284454
64.89919	0.628432
64.98613	0.6284053
64.98765	0.6270927
65.02378	0.6257668
65.17257	0.62446696
65.193375	0.6234059
65.25186	0.6233924
65.27929	0.6233655
65.31678	0.62335205
65.36965	0.6223021
65.478165	0.62223476
65.51916	0.6209123
65.80231	0.61958903
65.879196	0.61826
65.99138	0.61698383
66.05449	0.6160182
66.22641	0.6160046
66.275536	0.61599094
66.27905	0.6146524
66.32776	0.6135596
66.39365	0.61354595
66.52049	0.6133544
66.54088	0.6133407
66.55594	0.61332697
66.86727	0.6120239
67.043884	0.61199635
67.11112	0.6106285
67.132805	0.6105731
67.16017	0.6093833
67.24605	0.6080684
67.47612	0.6080407
67.47624	0.60801286
67.489685	0.60799897
67.611176	0.60667765
67.72581	0.6066637
67.977165	0.60529584
68.017136	0.6039229
68.034615	0.6038388
68.051285	0.6024928
68.17417	0.6010903
68.35711	0.60106224
68.39633	0.60103405
68.454414	0.60102
68.61141	0.60100585
68.63958	0.59967667
68.70503	0.5996484
68.80776	0.59824663
68.92122	0.59689945
68.93688	0.5955643
68.95648	0.5941862
68.98745	0.5940583
68.98988	0.59402984
69.03434	0.5926649
69.08482	0.5926222
69.16864	0.5925938
69.38119	0.59253675
69.49975	0.59116405
69.499985	0.5911211
69.61744	0.58974606
69.771034	0.58841175
69.98301	0.5883974
70.00868	0.5870561
70.08592	0.585671
70.15595	0.5843277
70.25171	0.5843132
70.40125	0.58379203
70.41545	0.58238465
70.43241	0.58237016
70.453186	0.5821379
70.57129	0.5808311
70.666176	0.57940584
70.70211	0.5790854
70.73383	0.57907087
70.774734	0.57762766
70.88962	0.5776131
71.112976	0.57755464
71.24679	0.57647014
71.28359	0.57508993
71.46532	0.5746786
71.52652	0.5744871
71.532196	0.57335204
71.66144	0.5733373
71.6869	0.57332253
71.74519	0.57219976
71.84755	0.57217014
71.88763	0.5708227
72.09793	0.5693708
72.11968	0.5690885
72.170715	0.56766164
72.18919	0.5662189
72.35749	0.5661594
72.56195	0.56471294
72.83316	0.56324744
72.90768	0.5618515
72.94231	0.560409
73.174194	0.55899596
73.26835	0.5589809
73.2781	0.5574709
73.3165	0.5573954
73.33778	0.55594486
73.460594	0.5558995
73.579384	0.55588436
73.668915	0.5558692
73.77748	0.5547913
73.96255	0.5534076
74.09102	0.55337715
74.09728	0.55227774
74.19649	0.5522319
74.31554	0.55220133
74.45748	0.55215544
74.56003	0.5506209
74.5805	0.5505133
74.7246	0.550498
74.99494	0.54940456
75.01636	0.5493891
75.04095	0.54788953
75.196815	0.54635847
75.20806	0.54483974
75.25535	0.54335177
75.49905	0.5419249
75.61086	0.5404001
75.62609	0.5403689
75.76903	0.5403533
75.82745	0.5388386
75.86936	0.53871363
75.97193	0.53868234
76.0057	0.5371636
76.04189	0.53564423
76.05567	0.5355972
76.05995	0.5341395
76.225105	0.53285414
76.22835	0.5313932
76.29363	0.530372
76.54546	0.52999467
76.65658	0.5295845
76.86569	0.52934754
76.93903	0.52930003
77.02053	0.5292842
77.272896	0.52918893
77.446976	0.52772385
77.46158	0.52620757
77.6077	0.5261916
77.63255	0.52617556
77.657524	0.5261596
77.676506	0.5245752
77.752716	0.5230063
77.81906	0.52141994
78.02732	0.52101904
78.09138	0.52100295
78.128006	0.519474
78.25842	0.51929694
78.36013	0.519184
78.36823	0.5179567
78.52054	0.5167777
78.55014	0.51517564
78.6139	0.51511085
78.66793	0.5135393
78.66899	0.5134907
78.79564	0.5134096
78.871376	0.512825
78.97175	0.5127275
78.99143	0.5127112
79.03559	0.51269495
79.09237	0.5126787
79.21145	0.51109755
79.2513	0.50951403
79.290276	0.50792974
79.32031	0.50788075
79.38997	0.50626236
79.40154	0.50624603
79.41812	0.5046915
79.43569	0.5043314
79.510315	0.5042986
79.67266	0.50428224
79.80767	0.50273883
79.86235	0.5011105
79.917465	0.5010776
79.9968	0.4996941
80.06796	0.4981114
80.09801	0.4980124
80.16288	0.49799588
80.276825	0.49774808
80.34733	0.49632525
80.36405	0.49629214
80.548164	0.49468562
80.599594	0.49466902
80.64363	0.49312422
80.6778	0.4915952
80.90042	0.49157858
80.9182	0.49154523
80.96822	0.4899443
81.22503	0.48991093
81.26825	0.48984396
81.27098	0.4882026
81.369576	0.4866617
81.37747	0.48511893
81.50468	0.48345858
81.51763	0.4833578
81.57169	0.4821314
81.62442	0.48056796
81.682144	0.47915494
81.68699	0.47907075
81.73635	0.47905394
81.73749	0.47752103
81.739586	0.4758702
81.7618	0.47583652
81.76431	0.47425258
81.83362	0.47261807
81.83699	0.47258434
81.96092	0.4725506
82.37863	0.47096282
82.55305	0.47089493
82.60733	0.47082686
82.76508	0.46920955
82.807	0.46917543
82.90431	0.46760538
82.95757	0.46750286
83.04737	0.46746868
83.2851	0.4657914
83.44682	0.4641608
83.69316	0.46373087
83.70869	0.46369636
83.73538	0.46216097
84.03737	0.46214372
84.22479	0.4621091
84.494965	0.4607031
84.667816	0.45939708
84.67882	0.45934474
84.75009	0.4576694
84.78376	0.45725024
84.97585	0.45553786
85.01419	0.45541528
85.14445	0.45539775
85.16032	0.4553802
85.19792	0.45532757
85.29811	0.45531
85.38178	0.45527485
85.41531	0.45353281
85.57508	0.4535152
85.85452	0.45344466
85.96347	0.45340928
86.038086	0.45339155
86.07119	0.45209715
86.17496	0.45199072
86.236946	0.4519552
86.309235	0.45186636
86.40093	0.4517952
86.49785	0.45170617
86.66724	0.45168835
86.74543	0.4499022
86.77264	0.4498486
86.82739	0.44813183
86.91508	0.44648558
86.940155	0.44646764
87.08984	0.44644973
87.169365	0.4464318
87.36755	0.4463779
87.46456	0.44635987
87.48709	0.4463058
87.65787	0.4462337
87.78292	0.44442716
87.81935	0.44431862
87.84948	0.4442824
87.98698	0.44252625
88.11865	0.44247183
88.19961	0.44067398
88.20835	0.4406558
88.31868	0.44063762
88.32309	0.4406194
88.34033	0.44058302
88.58718	0.4405284
88.60274	0.44051012
88.69998	0.44041884
88.726944	0.43873706
88.73981	0.4386822
88.81745	0.4385542
88.82576	0.43851757
88.86334	0.4367053
88.92302	0.43666866
89.05095	0.43665034
89.28804	0.43661362
89.390305	0.4348839
89.505165	0.43479177
89.51955	0.43303943
90.11756	0.43132365
90.229355	0.43121222
90.24555	0.4294085
90.29297	0.42938986
90.403755	0.4281431
90.52396	0.42642903
90.590355	0.42626113
90.87624	0.4244315
90.92842	0.42261484
91.09641	0.4208346
91.10106	0.41948286
91.254234	0.4180184
91.277115	0.41630703
91.3851	0.41450113
91.612076	0.41446346
91.676926	0.41293418
91.721176	0.4110826
91.7943	0.4110637
92.16368	0.40922865
92.23039	0.4075002
92.23845	0.40599862
92.25632	0.4059796
92.41632	0.40594158
92.4969	0.40592253
92.695045	0.40590346
92.71675	0.40586525
92.74937	0.40406913
92.7991	0.4040309
92.9271	0.40223315
92.99782	0.40041378
93.01976	0.39855468
93.11958	0.39851636
93.15292	0.39847797
93.159325	0.39840117
93.18173	0.39655805
93.248825	0.39644283
93.375	0.3964236
93.41424	0.39453775
93.52001	0.39446074
93.60479	0.39301524
93.617004	0.39112473
93.62692	0.38931113
93.80055	0.38921463
93.91756	0.38919532
94.09282	0.3891566
94.24256	0.38909844
94.26035	0.38721445
94.30667	0.38717562
94.31237	0.38713673
94.45767	0.38525137
94.53909	0.38338256
94.54698	0.38283703
94.55532	0.38279805
94.60126	0.38086885
94.628044	0.37934816
94.64466	0.3774565
94.76772	0.37700784
94.77919	0.37507433
94.784874	0.37314054
94.89106	0.37267172
94.962036	0.37263262
95.024605	0.37261304
95.05336	0.37259346
95.15343	0.37257388
95.17561	0.3708678
95.2858	0.37084818
95.36122	0.36892372
95.437004	0.3670567
95.452156	0.36514884
95.50025	0.36503083
95.530815	0.36501113
95.770096	0.36495206
95.798904	0.36493233
95.83339	0.3648731
95.94959	0.36295733
96.01868	0.3624432
96.03711	0.36238384
96.06214	0.36182967
96.14579	0.36175045
96.1744	0.3616514
96.34784	0.3598081
96.35096	0.3579416
96.36484	0.3578026
96.42157	0.35778275
96.49646	0.3559943
96.62999	0.35410506
97.15178	0.35406524
97.18873	0.3540452
97.191124	0.35210234
97.2491	0.35196212
97.24995	0.3516615
97.276085	0.35164145
97.66697	0.3496768
97.77698	0.34965667
97.88889	0.34963652
97.90076	0.34765947
98.10444	0.34612608
98.195724	0.3460452
98.372185	0.34602496
98.915955	0.34411925
98.96714	0.34407848
99.19532	0.3440377
99.22746	0.34399682
99.248604	0.34199274
99.45605	0.34195185
99.58436	0.34193134
99.64526	0.3418903
99.65829	0.34186974
99.92773	0.34047315
99.94968	0.34041137
99.95347	0.34039074
99.982864	0.34037015
100.071846	0.34032893
100.26212	0.3402877
100.55219	0.34026703
100.76444	0.34024632
100.84266	0.34016326
101.08532	0.34014246
101.13404	0.34012163
101.21815	0.34007993
101.22585	0.33976704
101.29413	0.33974618
101.297325	0.33932868
101.56	0.33930779
101.56943	0.33727753
101.652054	0.3372357
101.65826	0.33543402
101.685616	0.33505693
101.78477	0.335015
101.822365	0.33499402
101.84576	0.3330215
101.90108	0.33106947
101.9903	0.32993543
102.190926	0.32983035
102.47568	0.32978824
102.55963	0.3297671
102.709526	0.3297037
102.95263	0.32964018
103.005875	0.32959777
103.25639	0.3275386
103.25828	0.32749605
103.44259	0.32541057
103.50403	0.32332137
103.67149	0.32330003
103.71139	0.32327867
103.72011	0.3232573
103.76716	0.3219534
103.85441	0.31994316
103.86647	0.31987894
103.91092	0.31983614
104.02988	0.3178017
104.0797	0.31775883
104.13367	0.31580693
104.36043	0.31578547
104.45463	0.31576395
104.49939	0.31574243
104.572784	0.31363186
104.69059	0.3115845
104.6911	0.31098038
104.84817	0.3109588
104.90529	0.3088196
104.924484	0.30877635
105.12659	0.30875474
105.23948	0.30704316
105.27014	0.30647928
105.31584	0.3063491
105.358086	0.30424374
105.372	0.30417863
105.533615	0.30413517
105.58064	0.30406994
105.60931	0.30402642
105.61808	0.30189344
106.197525	0.30145812
106.30294	0.30143625
106.40547	0.29928926
106.47325	0.29898226
106.562996	0.29893836
106.8203	0.29676417
106.9953	0.29667613
107.28786	0.29660997
107.41629	0.29656574
107.4355	0.29450697
107.60171	0.29235926
107.676865	0.2923371
107.771614	0.29011798
107.92784	0.29009578
107.969315	0.28987336
108.0228	0.28769273
108.06222	0.28577816
108.45589	0.2836179
108.462776	0.28144982
108.53092	0.2794157
108.55848	0.27726847
108.61517	0.27523252
108.76084	0.274852
108.81935	0.27473992
108.83395	0.27467266
108.92716	0.27453807
108.93919	0.274134
109.181	0.2740442
109.20137	0.2740217
109.306335	0.27399918
109.515816	0.27176902
109.576355	0.27167875
109.58967	0.27154326
109.6044	0.2693525
109.6351	0.2693299
109.68019	0.26914912
109.94208	0.26695657
109.9989	0.26482671
110.04512	0.26265043
110.362465	0.26262775
110.391655	0.26037604
110.549545	0.26033056
110.5547	0.26019385
110.911705	0.2601483
111.11563	0.26010257
111.17104	0.26007965
111.36688	0.25788018
111.377014	0.2578343
111.53648	0.25776544
111.56412	0.25774243
111.6279	0.25771946
111.67701	0.25760442
111.712074	0.2575814
111.79119	0.25753537
111.91464	0.2574893
112.157646	0.25522897
112.404106	0.25513652
112.526596	0.25485852
112.898315	0.25267863
113.12617	0.2503519
113.193886	0.24853341
113.26581	0.24848676
113.31211	0.24837004
113.474976	0.24834669
113.840675	0.2483233
113.90783	0.24827638
113.94656	0.24818248
114.00495	0.24806505
114.32792	0.24759516
114.38897	0.24750091
114.44078	0.24747734
114.53485	0.24582638
114.56027	0.24348955
114.704704	0.24341872
114.76436	0.24337144
114.78018	0.24110088
114.9937	0.24091163
115.268074	0.23873134
115.32811	0.23870757
115.92182	0.2386838
115.93005	0.23865992
116.02274	0.23858824
116.286865	0.23851651
116.562675	0.23849255
116.61202	0.2384445
116.716995	0.23842047
116.94055	0.23832425
117.058914	0.23830014
117.09701	0.23593594
117.149765	0.23361923
117.19754	0.23352265
117.42912	0.23347434
117.50488	0.23340175
117.70427	0.23139177
117.86958	0.23136751
118.02211	0.22913268
118.03799	0.22850029
118.18624	0.2261163
118.27073	0.22606759
118.27379	0.22562885
118.63085	0.22560447
118.638336	0.22558002
118.99958	0.22528662
119.06864	0.22523758
119.07028	0.22521304
119.16706	0.22516397
119.25696	0.22489381
119.68566	0.22486924
119.770256	0.22252597
119.86034	0.2224766
120.00809	0.2224272
120.04717	0.22237773
120.39913	0.222353
120.4899	0.22232819
120.49443	0.22230335
120.53692	0.22222885
120.5706	0.2197944
120.668	0.21962045
120.75945	0.21957073
120.79848	0.21952094
120.921875	0.21705632
121.056465	0.21700647
121.08692	0.21685678
121.12652	0.21680687
121.190796	0.21678191
121.298965	0.21675694
121.40538	0.21665694
121.43183	0.21653184
121.6274	0.21650681
121.86812	0.21643162
122.051926	0.2162558
122.0687	0.21613003
122.2558	0.21607973
122.27018	0.21602933
122.29637	0.21597894
122.41666	0.21595374
122.46013	0.2134813
122.499954	0.21100801
122.68214	0.21093228
122.748604	0.21050246
122.764015	0.20825101
122.76718	0.20822571
122.80711	0.20574622
123.034935	0.20346838
123.193565	0.20100883
123.225555	0.1985715
123.28323	0.1985461
123.41135	0.19852069
123.70865	0.19605362
123.70996	0.1935806
123.76722	0.1935551
123.770004	0.1935041
124.04504	0.19345307
124.04811	0.19089665
124.05647	0.1885958
124.155464	0.18857023
124.262375	0.1860627
124.39902	0.18352738
124.5904	0.1834761
124.60363	0.18098547
124.66173	0.18065163
124.761345	0.18036903
124.854744	0.18034332
125.082184	0.18021466
125.251015	0.17838441
125.33668	0.17585476
125.36594	0.17342669
125.536606	0.17104971
125.54225	0.17037705
126.12122	0.17032531
126.2426	0.1702993
126.35466	0.17027329
126.404236	0.17024726
126.428375	0.17022121
126.45945	0.17019515
126.67361	0.16998665
126.73655	0.16750658
126.83345	0.1670103
126.84157	0.16698417
126.86805	0.16695803
126.89367	0.16693188
127.21835	0.16494438
127.395836	0.16491815
127.4682	0.16231893
127.88804	0.16218758
127.89486	0.16026357
128.03395	0.16023721
128.12666	0.16021082
128.19733	0.16015801
128.24666	0.16013159
128.28188	0.15748855
128.33482	0.15746212
128.72273	0.15735632
128.78455	0.15480961
128.86101	0.15478307
129.12445	0.15361457
129.24046	0.15358795
129.51825	0.15353468
130.16888	0.15329444
130.23134	0.15106785
130.4252	0.15090682
130.46329	0.1483533
130.66206	0.14574525
130.74985	0.14571832
130.88678	0.14305066
130.91661	0.14296973
131.13805	0.14043356
131.16396	0.13773094
131.25906	0.1372714
131.47394	0.13713616
131.58679	0.13694648
131.58778	0.13683802
131.63023	0.13415325
131.73486	0.13412613
131.85527	0.13407183
131.93915	0.13143595
132.0816	0.1290975
132.09517	0.12904306
132.13762	0.12898861
132.22061	0.12896138
132.3856	0.12634546
133.08018	0.12631817
133.22302	0.12629074
133.27943	0.12626329
133.66049	0.12365388
133.74373	0.123598784
133.76523	0.12354366
133.88528	0.12351609
134.52731	0.1234885
134.563	0.12329443
135.06163	0.1231003
135.63722	0.12040033
135.70227	0.12026057
135.75381	0.11754779
135.75887	0.11751981
135.84164	0.117491834
136.25542	0.11735185
137.34918	0.11732377
137.36475	0.11672934
137.4443	0.11664441
137.51657	0.116616085
137.79462	0.11658775
137.96616	0.11655935
138.2594	0.11596225
138.9371	0.11519292
138.95525	0.11507838
139.12276	0.11250104
139.24147	0.11247236
139.76334	0.11244367
139.81213	0.11229965
139.90942	0.11227084
139.92982	0.10941628
140.40724	0.10670551
140.53535	0.10627147
140.59883	0.10612665
140.72525	0.10331599
140.77835	0.10322898
140.9028	0.10064683
140.90805	0.100617796
141.24736	0.100588754
141.40091	0.100472316
141.52155	0.10044318
141.57237	0.10038485
141.66841	0.10026814
141.71211	0.099888586
141.76831	0.097172484
141.82544	0.09711406
141.97304	0.09702637
142.12082	0.096967846
142.15334	0.09641135
142.29568	0.096352756
142.5126	0.096294105
142.65596	0.096235365
142.65698	0.096205965
142.9626	0.096088365
142.97057	0.09323045
143.21417	0.09320098
143.21623	0.09314195
143.7148	0.09021993
144.01793	0.090190314
144.59436	0.09010127
145.14957	0.090041675
145.17285	0.089892104
145.50568	0.08959292
145.64859	0.08950296
145.78726	0.0865013
146.05264	0.08641116
146.29585	0.083461374
146.40285	0.080506675
146.43521	0.080446325
146.52322	0.08041615
146.54141	0.080355756
146.55048	0.08032556
146.82799	0.08020475
146.88243	0.07729982
147.14656	0.07726955
147.2342	0.074267335
147.32774	0.07417631
147.36754	0.07408522
147.55153	0.07405485
147.56721	0.071166016
147.72229	0.07107478
147.7486	0.07101389
147.75107	0.06796895
147.9885	0.0678167
148.02975	0.067725204
148.0563	0.06766419
148.5691	0.06760316
148.7575	0.06454131
149.23775	0.06451066
149.56865	0.0644799
149.57042	0.06444907
149.59056	0.0643566
150.13094	0.064109966
150.24081	0.06401715
150.37819	0.063769445
150.47855	0.060732294
150.57053	0.06070128
150.7938	0.060639217
150.85492	0.06060814
150.88861	0.06057705
150.90569	0.060421567
151.0577	0.06039047
151.1374	0.060328208
151.41	0.060297057
151.5241	0.060265854
151.6396	0.05758029
152.32196	0.057517786
152.79495	0.057486396
152.89914	0.057454906
153.10742	0.057391886
153.1401	0.05736033
153.41135	0.057139408
153.44492	0.05407261
153.72867	0.054009367
153.93079	0.05391432
153.94379	0.05381915
154.1811	0.053692244
154.44286	0.053469818
154.70049	0.05343799
154.70526	0.053374227
154.89304	0.05034533
154.98149	0.05031341
155.21738	0.050249532
155.32468	0.050153565
155.52629	0.0499615
155.67255	0.04941661
156.17618	0.04915995
157.42421	0.049063392
157.48436	0.04896606
157.6206	0.048868693
158.1309	0.045750238
158.20657	0.042621687
158.27017	0.042523872
158.28401	0.04245864
158.6558	0.042426016
158.72662	0.04239332
158.95656	0.039187558
158.97795	0.039154798
159.1069	0.039122034
159.12494	0.039023664
159.13547	0.03899087
159.13908	0.038958073
159.15746	0.038925275
159.28407	0.038826875
159.91805	0.03876122
159.99458	0.038069114
160.06633	0.03803614
160.15451	0.038003154
160.38338	0.037970148
160.9409	0.037937094
161.13821	0.037903927
161.55136	0.037737884
161.70952	0.037671294
162.15984	0.037637968
163.64757	0.037604548
163.77664	0.037570823
163.98114	0.03753707
165.06503	0.037503276
165.34372	0.0341695
165.35797	0.034067273
165.50891	0.033999115
165.9012	0.033965006
166.10812	0.033862434
166.15334	0.0338282
166.17711	0.033793956
166.31572	0.03375971
167.01138	0.033656884
167.06242	0.033588044
167.41628	0.033553615
167.86818	0.033484608
168.38435	0.03255052
169.25891	0.03248112
169.36388	0.032446235
170.01274	0.032271713
170.04506	0.0321666
170.4372	0.031711023
171.05064	0.031500272
171.43181	0.028045604
171.47423	0.028010273
171.5989	0.027939595
171.86293	0.027904231
172.39389	0.024433158
172.87625	0.02439763
173.01828	0.024362002
173.10042	0.024290688
173.1177	0.02421934
174.18254	0.024112307
174.3415	0.02407641
174.44836	0.02404048
174.7353	0.024004528
174.86566	0.023932505
175.36154	0.020400787
176.29071	0.020328507
176.8615	0.020219512
177.14636	0.020183062
177.6461	0.016568774
178.48795	0.016532164
178.49214	0.016495379
178.66658	0.016458593
178.70901	0.016384952
179.9251	0.016348122
179.9436	0.0161998
180.04016	0.016162714
180.36761	0.01612561
181.28282	0.015902579
181.96887	0.012203895
182.0376	0.0121288905
182.47807	0.012016343
182.55296	0.011978736
182.76958	0.0119411135
183.12218	0.011903447
183.32207	0.011714749
183.33469	0.011676968
183.37216	0.011639185
184.78468	0.011601394
184.84091	0.011563312
184.98067	0.011525218
185.01833	0.011448973
186.37738	0.011410843
186.63931	0.011372432
186.69286	0.0113339685
186.79431	0.007601855
187.1057	0.007524862
187.11024	0.0074091805
187.19786	0.007370619
187.51591	0.0072934604
188.29962	0.006945655
188.62209	0.0066352026
188.66545	0.0028645226
188.97234	0.0028256406
189.0028	0.0027866955
189.09248	0.0025140352
189.17186	0.0024750654
189.39362	0.002436079
189.69911	0.002358015
190.27118	0.00231892
190.8971	0.0022797072
191.42043	0.0022403654
192.41264	0.0022009157
193.19365	0.0021216073
195.19974	0.002081792
196.10469	0.0020415636
196.10603	0.0020011484
197.77293	0.0019607332
197.9369	0.0018792154
198.456	0.0018384227
200.5086	0.0017975231
200.9605	0.0017148777
202.34435	0.0016734619
203.37413	0.00159006
213.03226	0.0015481467
215.1604	0.001504243
218.25275	0.0014599008
233.4656	5.153301E-4
234.0899	4.191006E-4
259.1143	2.2612691E-4
284.5109	1.1932556E-4
294.48843	6.0690913E-5



DATASET #4

     Name: Poisson
   Points: 100
     Info: 

Data[x,y]:
0.0	  1.0
3.2720938	  0.9374227
6.5441875	  0.8787613
9.816281	  0.8237708
13.088375	  0.77222145
16.360468	  0.7238979
19.632563	  0.67859834
22.904655	  0.6361335
26.17675	  0.59632593
29.448843	  0.5590095
32.720936	  0.5240282
35.99303	  0.49123588
39.265125	  0.46049568
42.537216	  0.4316791
45.80931	  0.40466577
49.081406	  0.37934288
52.3535	  0.35560462
55.62559	  0.33335185
58.897686	  0.3124916
62.16978	  0.2929367
65.44187	  0.2746055
68.71397	  0.25742143
71.98606	  0.24131271
75.258156	  0.22621201
78.53025	  0.21205626
81.802345	  0.19878636
85.07443	  0.18634684
88.34653	  0.17468576
91.61862	  0.16375439
94.89072	  0.15350708
98.16281	  0.14390102
101.434906	  0.13489608
104.707	  0.12645465
107.979095	  0.118541464
111.25118	  0.11112346
114.52328	  0.10416965
117.79537	  0.097651
121.06747	  0.09154026
124.33956	  0.08581191
127.61166	  0.08044203
130.88374	  0.07540819
134.15584	  0.07068935
137.42793	  0.0662658
140.70003	  0.062119067
143.97212	  0.058231823
147.24422	  0.05458783
150.51631	  0.051171873
153.7884	  0.047969673
157.0605	  0.04496786
160.3326	  0.042153895
163.60469	  0.039516017
166.87679	  0.03704321
170.14886	  0.034725145
173.42096	  0.03255214
176.69305	  0.030515114
179.96515	  0.028605562
183.23724	  0.026815502
186.50934	  0.02513746
189.78143	  0.023564426
193.05353	  0.022089828
196.32562	  0.020707505
199.59772	  0.019411685
202.86981	  0.018196955
206.1419	  0.017058238
209.414	  0.015990779
212.6861	  0.014990119
215.95819	  0.014052078
219.23027	  0.013172737
222.50237	  0.012348423
225.77446	  0.011575691
229.04655	  0.010851316
232.31865	  0.01017227
235.59074	  0.009535717
238.86284	  0.008938997
242.13493	  0.008379619
245.40703	  0.007855245
248.67912	  0.007363685
251.95122	  0.006902885
255.22331	  0.0064709214
258.4954	  0.0060659884
261.7675	  0.0056863953
265.03958	  0.005330556
268.31168	  0.0049969843
271.58377	  0.004684286
274.85587	  0.004391156
278.12796	  0.0041163694
281.40005	  0.0038587784
284.67215	  0.0036173062
287.94424	  0.003390945
291.21634	  0.0031787488
294.48843	  0.0029798313
297.76053	  0.0027933614
301.03262	  0.0026185603
304.30472	  0.002454698
307.5768	  0.0023010897
310.8489	  0.0021570937
314.121	  0.0020221085
317.3931	  0.0018955704
320.6652	  0.0017769507
323.9373	  0.0016657539



DATASET #5

     Name: Data Poisson
   Points: 100
     Info: 

Data[x,y]:
0.0	  1.0
3.2720938	  0.9016578
6.5441875	  0.8129868
9.816281	  0.73303586
13.088375	  0.6609475
16.360468	  0.59594846
19.632563	  0.5373416
22.904655	  0.48449823
26.17675	  0.43685162
29.448843	  0.39389065
32.720936	  0.35515457
35.99303	  0.3202279
39.265125	  0.288736
42.537216	  0.26034105
45.80931	  0.23473853
49.081406	  0.21165383
52.3535	  0.19083932
55.62559	  0.17207177
58.897686	  0.15514985
62.16978	  0.13989207
65.44187	  0.12613478
68.71397	  0.11373041
71.98606	  0.10254591
75.258156	  0.09246132
78.53025	  0.083368465
81.802345	  0.07516983
85.07443	  0.06777746
88.34653	  0.061112076
91.61862	  0.05510218
94.89072	  0.04968331
98.16281	  0.044797346
101.434906	  0.040391874
104.707	  0.03641965
107.979095	  0.03283806
111.25118	  0.029608693
114.52328	  0.02669691
117.79537	  0.024071475
121.06747	  0.021704234
124.33956	  0.019569792
127.61166	  0.017645255
130.88374	  0.015909983
134.15584	  0.014345359
137.42793	  0.012934606
140.70003	  0.0116625875
143.97212	  0.010515663
147.24422	  0.00948153
150.51631	  0.008549095
153.7884	  0.007708358
157.0605	  0.006950301
160.3326	  0.0062667932
163.60469	  0.005650503
166.87679	  0.00509482
170.14886	  0.0045937845
173.42096	  0.0041420213
176.69305	  0.003734686
179.96515	  0.0033674086
183.23724	  0.0030362504
186.50934	  0.0027376588
189.78143	  0.0024684314
193.05353	  0.0022256803
196.32562	  0.002006802
199.59772	  0.0018094487
202.86981	  0.0016315036
206.1419	  0.0014710579
209.414	  0.0013263908
212.6861	  0.0011959507
215.95819	  0.0010783382
219.23027	  9.7229204E-4
222.50237	  8.766747E-4
225.77446	  7.9046056E-4
229.04655	  7.127249E-4
232.31865	  6.42634E-4
235.59074	  5.7943596E-4
238.86284	  5.2245293E-4
242.13493	  4.7107378E-4
245.40703	  4.2474736E-4
248.67912	  3.8297675E-4
251.95122	  3.4531398E-4
255.22331	  3.1135505E-4
258.4954	  2.807357E-4
261.7675	  2.5312754E-4
265.03958	  2.282344E-4
268.31168	  2.0578933E-4
271.58377	  1.8555156E-4
274.85587	  1.6730401E-4
278.12796	  1.5085096E-4
281.40005	  1.3601595E-4
284.67215	  1.2263985E-4
287.94424	  1.1057917E-4
291.21634	  9.970457E-5
294.48843	  8.9899404E-5
297.76053	  8.10585E-5
301.03262	  7.308702E-5
304.30472	  6.589948E-5
307.5768	  5.9418784E-5
310.8489	  5.357541E-5
314.121	  4.8306687E-5
317.3931	  4.35561E-5
320.6652	  3.9272698E-5
323.9373	  3.5410536E-5


