
X-Axis: Normalized Interevent Time
Y-Axis: Probability
Number of Data Sets: 3


DATASET #1

     Name: Bruce 2592 Histogram
   Points: 41
     Info: 

Data[x,y]:
0.05	  0.010964257
0.15	  0.008113514
0.25	  0.011705593
0.35	  0.015115024
0.45	  0.019699132
0.55	  0.028217336
0.65	  0.040983006
0.75	  0.059980195
0.85	  0.09623942
0.95	  0.17630015
1.05	  0.24253695
1.15	  0.13434124
1.25	  0.056733716
1.35	  0.02903209
1.45	  0.018168112
1.55	  0.012441557
1.65	  0.009542466
1.75	  0.007284435
1.85	  0.0054937676
1.95	  0.0038409815
2.05	  0.0027629999
2.15	  0.0021344756
2.25	  0.00158295
2.35	  0.0012839085
2.45	  0.0010206804
2.55	  7.32383E-4
2.65	  6.4643094E-4
2.75	  4.7989885E-4
2.85	  4.5303884E-4
2.95	  3.7066816E-4
3.05	  2.847161E-4
3.15	  2.524841E-4
3.25	  1.8443874E-4
3.35	  1.7190407E-4
3.45	  1.701134E-4
3.55	  1.2534672E-4
3.65	  9.490537E-5
3.75	  8.4161366E-5
3.85	  7.520803E-5
3.95	  4.8348018E-5
4.05	  3.0799478E-4



DATASET #2

     Name: Log-Normal Fit
   Points: 401
     Info: 

Data[x,y]:
0.005	  0.0
0.015	  4.099653E-29
0.025	  1.4136941E-23
0.035	  5.2290316E-20
0.045	  1.9016583E-17
0.055	  1.7192496E-15
0.065	  6.1900084E-14
0.075	  1.164065E-12
0.085	  1.3554335E-11
0.095	  1.09457325E-10
0.105	  6.6346834E-10
0.115	  3.1959715E-9
0.125	  1.2764726E-8
0.135	  4.3656662E-8
0.145	  1.3109386E-7
0.155	  3.5251546E-7
0.165	  8.6238936E-7
0.175	  1.9441516E-6
0.185	  4.0816335E-6
0.195	  8.0503005E-6
0.205	  1.5026057E-5
0.215	  2.6706679E-5
0.225	  4.5438537E-5
0.235	  7.433951E-5
0.245	  1.174082E-4
0.255	  1.7960966E-4
0.265	  2.6692892E-4
0.275	  3.8638563E-4
0.285	  5.4600526E-4
0.295	  7.547457E-4
0.305	  0.0010223791
0.315	  0.0013593347
0.325	  0.0017765055
0.335	  0.002285029
0.345	  0.0028960486
0.355	  0.0036204644
0.365	  0.0044686846
0.375	  0.005450383
0.385	  0.0065742717
0.395	  0.0078479
0.405	  0.0092774695
0.415	  0.010867698
0.425	  0.012621698
0.435	  0.014540903
0.445	  0.016625028
0.455	  0.018872056
0.465	  0.021278268
0.475	  0.023838297
0.485	  0.026545202
0.495	  0.029390587
0.505	  0.032364707
0.515	  0.035456624
0.525	  0.03865434
0.535	  0.04194498
0.545	  0.045314927
0.555	  0.048750013
0.565	  0.05223566
0.575	  0.055757053
0.585	  0.05929929
0.595	  0.06284752
0.605	  0.06638708
0.615	  0.06990363
0.625	  0.073383234
0.635	  0.076812506
0.645	  0.08017864
0.655	  0.083469555
0.665	  0.08667387
0.675	  0.08978105
0.685	  0.092781365
0.695	  0.095665954
0.705	  0.09842685
0.715	  0.10105697
0.725	  0.10355012
0.735	  0.105900995
0.745	  0.108105145
0.755	  0.11015898
0.765	  0.11205972
0.775	  0.11380537
0.785	  0.11539469
0.795	  0.11682717
0.805	  0.118102945
0.815	  0.11922281
0.825	  0.12018813
0.835	  0.12100082
0.845	  0.1216633
0.855	  0.12217843
0.865	  0.1225495
0.875	  0.12278014
0.885	  0.122874334
0.895	  0.12283634
0.905	  0.12267065
0.915	  0.122381985
0.925	  0.12197523
0.935	  0.1214554
0.945	  0.12082762
0.955	  0.12009711
0.965	  0.11926911
0.975	  0.118348904
0.985	  0.11734177
0.995	  0.116252966
1.005	  0.115087695
1.015	  0.113851115
1.025	  0.11254831
1.035	  0.11118424
1.045	  0.10976381
1.055	  0.10829177
1.065	  0.106772766
1.075	  0.1052113
1.085	  0.10361175
1.095	  0.101978324
1.105	  0.10031509
1.115	  0.098625965
1.125	  0.0969147
1.135	  0.09518491
1.145	  0.09344001
1.155	  0.09168328
1.165	  0.08991786
1.175	  0.08814669
1.185	  0.08637258
1.195	  0.08459817
1.205	  0.082825966
1.215	  0.081058316
1.225	  0.07929742
1.235	  0.077545345
1.245	  0.07580401
1.255	  0.074075215
1.265	  0.072360605
1.275	  0.07066172
1.285	  0.068979986
1.295	  0.06731669
1.305	  0.06567302
1.315	  0.06405007
1.325	  0.062448815
1.335	  0.060870122
1.345	  0.05931479
1.355	  0.057783518
1.365	  0.056276917
1.375	  0.054795526
1.385	  0.053339798
1.395	  0.051910125
1.405	  0.050506826
1.415	  0.049130157
1.425	  0.047780313
1.435	  0.046457432
1.445	  0.045161605
1.455	  0.04389287
1.465	  0.04265122
1.475	  0.0414366
1.485	  0.040248923
1.495	  0.039088063
1.505	  0.037953857
1.515	  0.036846112
1.525	  0.035764605
1.535	  0.034709096
1.545	  0.033679307
1.555	  0.032674946
1.565	  0.031695697
1.575	  0.030741237
1.585	  0.02981121
1.595	  0.028905263
1.605	  0.028023018
1.615	  0.027164089
1.625	  0.026328085
1.635	  0.025514603
1.645	  0.024723234
1.655	  0.023953563
1.665	  0.02320517
1.675	  0.022477636
1.685	  0.021770535
1.695	  0.021083437
1.705	  0.020415919
1.715	  0.019767554
1.725	  0.019137913
1.735	  0.018526575
1.745	  0.017933117
1.755	  0.017357117
1.765	  0.016798161
1.775	  0.016255837
1.785	  0.015729735
1.795	  0.015219451
1.805	  0.014724586
1.815	  0.014244748
1.825	  0.013779547
1.835	  0.013328601
1.845	  0.012891532
1.855	  0.012467972
1.865	  0.012057555
1.875	  0.011659924
1.885	  0.011274727
1.895	  0.01090162
1.905	  0.010540266
1.915	  0.010190332
1.925	  0.009851496
1.935	  0.009523439
1.945	  0.009205852
1.955	  0.00889843
1.965	  0.008600878
1.975	  0.008312904
1.985	  0.0080342265
1.995	  0.0077645695
2.005	  0.0075036623
2.015	  0.007251242
2.025	  0.0070070527
2.035	  0.006770844
2.045	  0.006542373
2.055	  0.0063214013
2.065	  0.0061076987
2.075	  0.00590104
2.085	  0.005701207
2.095	  0.0055079856
2.105	  0.0053211697
2.115	  0.0051405574
2.125	  0.004965953
2.135	  0.0047971667
2.145	  0.004634013
2.155	  0.004476312
2.165	  0.0043238904
2.175	  0.004176578
2.185	  0.00403421
2.195	  0.0038966278
2.205	  0.0037636757
2.215	  0.0036352037
2.225	  0.0035110659
2.235	  0.0033911208
2.245	  0.0032752317
2.255	  0.003163265
2.265	  0.0030550924
2.275	  0.0029505885
2.285	  0.0028496322
2.295	  0.0027521066
2.305	  0.0026578975
2.315	  0.0025668952
2.325	  0.0024789928
2.335	  0.002394087
2.345	  0.0023120777
2.355	  0.002232868
2.365	  0.0021563643
2.375	  0.002082476
2.385	  0.0020111145
2.395	  0.0019421955
2.405	  0.0018756364
2.415	  0.0018113574
2.425	  0.0017492819
2.435	  0.001689335
2.445	  0.0016314447
2.455	  0.0015755413
2.465	  0.0015215573
2.475	  0.0014694275
2.485	  0.0014190887
2.495	  0.00137048
2.505	  0.0013235424
2.515	  0.001278219
2.525	  0.0012344545
2.535	  0.0011921957
2.545	  0.0011513911
2.555	  0.0011119908
2.565	  0.0010739468
2.575	  0.0010372126
2.585	  0.0010017433
2.595	  9.674952E-4
2.605	  9.344267E-4
2.615	  9.0249703E-4
2.625	  8.716672E-4
2.635	  8.418992E-4
2.645	  8.131565E-4
2.655	  7.854039E-4
2.665	  7.586071E-4
2.675	  7.327333E-4
2.685	  7.0775056E-4
2.695	  6.8362826E-4
2.705	  6.603366E-4
2.715	  6.378469E-4
2.725	  6.1613147E-4
2.735	  5.951636E-4
2.745	  5.749175E-4
2.755	  5.553681E-4
2.765	  5.3649134E-4
2.775	  5.18264E-4
2.785	  5.006637E-4
2.795	  4.8366858E-4
2.805	  4.6725784E-4
2.815	  4.5141118E-4
2.825	  4.361091E-4
2.835	  4.213328E-4
2.845	  4.07064E-4
2.855	  3.9328524E-4
2.865	  3.7997946E-4
2.875	  3.6713033E-4
2.885	  3.5472205E-4
2.895	  3.4273937E-4
2.905	  3.3116754E-4
2.915	  3.1999234E-4
2.925	  3.0920003E-4
2.935	  2.987774E-4
2.945	  2.8871163E-4
2.955	  2.789904E-4
2.965	  2.6960176E-4
2.975	  2.6053423E-4
2.985	  2.5177668E-4
2.995	  2.433184E-4
3.005	  2.3514905E-4
3.015	  2.2725866E-4
3.025	  2.1963756E-4
3.035	  2.1227646E-4
3.045	  2.0516636E-4
3.055	  1.9829861E-4
3.065	  1.9166485E-4
3.075	  1.8525698E-4
3.085	  1.7906722E-4
3.095	  1.7308803E-4
3.105	  1.6731216E-4
3.115	  1.6173259E-4
3.125	  1.5634256E-4
3.135	  1.5113555E-4
3.145	  1.4610523E-4
3.155	  1.4124552E-4
3.165	  1.3655056E-4
3.175	  1.3201467E-4
3.185	  1.2763239E-4
3.195	  1.2339842E-4
3.205	  1.1930767E-4
3.215	  1.15355215E-4
3.225	  1.1153631E-4
3.235	  1.0784637E-4
3.245	  1.0428097E-4
3.255	  1.0083582E-4
3.265	  9.7506825E-5
3.275	  9.428998E-5
3.285	  9.118145E-5
3.295	  8.817753E-5
3.305	  8.527462E-5
3.315	  8.24693E-5
3.325	  7.9758196E-5
3.335	  7.713811E-5
3.345	  7.4605916E-5
3.355	  7.2158626E-5
3.365	  6.9793336E-5
3.375	  6.7507244E-5
3.385	  6.529766E-5
3.395	  6.316197E-5
3.405	  6.109765E-5
3.415	  5.9102284E-5
3.425	  5.7173515E-5
3.435	  5.5309083E-5
3.445	  5.35068E-5
3.455	  5.1764553E-5
3.465	  5.0080303E-5
3.475	  4.8452086E-5
3.485	  4.6877998E-5
3.495	  4.5356202E-5
3.505	  4.3884935E-5
3.515	  4.2462474E-5
3.525	  4.1087176E-5
3.535	  3.9757444E-5
3.545	  3.847174E-5
3.555	  3.722857E-5
3.565	  3.60265E-5
3.575	  3.486415E-5
3.585	  3.3740176E-5
3.595	  3.2653283E-5
3.605	  3.1602223E-5
3.615	  3.058579E-5
3.625	  2.9602823E-5
3.635	  2.8652194E-5
3.645	  2.7732814E-5
3.655	  2.684364E-5
3.665	  2.5983652E-5
3.675	  2.5151878E-5
3.685	  2.4347366E-5
3.695	  2.3569208E-5
3.705	  2.2816519E-5
3.715	  2.2088449E-5
3.725	  2.1384174E-5
3.735	  2.07029E-5
3.745	  2.004386E-5
3.755	  1.9406312E-5
3.765	  1.8789538E-5
3.775	  1.8192848E-5
3.785	  1.7615572E-5
3.795	  1.7057066E-5
3.805	  1.6516704E-5
3.815	  1.5993885E-5
3.825	  1.5488025E-5
3.835	  1.4998563E-5
3.845	  1.4524953E-5
3.855	  1.4066673E-5
3.865	  1.3623214E-5
3.875	  1.3194085E-5
3.885	  1.27788135E-5
3.895	  1.23769405E-5
3.905	  1.1988024E-5
3.915	  1.1611638E-5
3.925	  1.1247368E-5
3.935	  1.0894815E-5
3.945	  1.0553595E-5
3.955	  1.0223332E-5
3.965	  9.903668E-6
3.975	  9.594255E-6
3.985	  9.294756E-6
3.995	  9.004845E-6
4.005	  8.72421E-6



DATASET #3

     Name: BPT Fit
   Points: 401
     Info: Mean = 100.0, Aperiodicity = 0.5, Duration = 30.0, Delta T = 1.0, Num Points = 500, Historic Open Interval = 0.0
Computed mean = 0.9990802

Data[x,y]:
0.0	  0.0
0.01	  0.0
0.02	  0.0
0.03	  0.0
0.04	  1.3587E-41
0.05	  1.23193174E-32
0.06	  1.082123E-26
0.07	  1.8153684E-22
0.08	  2.5777404E-19
0.09	  7.0774275E-17
0.1	  6.1641916E-15
0.11	  2.3328914E-13
0.12	  4.730662E-12
0.13	  5.9412225E-11
0.14	  5.124395E-10
0.15	  3.2741534E-9
0.16	  1.6401085E-8
0.17	  6.726253E-8
0.18	  2.3356783E-7
0.19	  7.052026E-7
0.2	  1.8909584E-6
0.21	  4.5810066E-6
0.22	  1.016795E-5
0.23	  2.0917903E-5
0.24	  4.0270996E-5
0.25	  7.3140945E-5
0.26	  1.2617823E-4
0.27	  2.0796194E-4
0.28	  3.2909104E-4
0.29	  5.021557E-4
0.3	  7.4158097E-4
0.31	  0.0010633474
0.32	  0.0014846036
0.33	  0.0020231928
0.34	  0.0026971237
0.35	  0.0035240133
0.36	  0.0045205345
0.37	  0.005701892
0.38	  0.0070813512
0.39	  0.008669837
0.4	  0.010475617
0.41	  0.012504066
0.42	  0.0147575345
0.43	  0.017235285
0.44	  0.01993353
0.45	  0.022845535
0.46	  0.025961779
0.47	  0.029270183
0.48	  0.032756366
0.49	  0.03640394
0.5	  0.04019481
0.51	  0.044109516
0.52	  0.048127536
0.53	  0.052227616
0.54	  0.056388073
0.55	  0.060587067
0.56	  0.064802885
0.57	  0.069014184
0.58	  0.073200196
0.59	  0.07734092
0.6	  0.081417285
0.61	  0.0854113
0.62	  0.089306146
0.63	  0.09308626
0.64	  0.09673742
0.65	  0.100246765
0.66	  0.103602834
0.67	  0.10679554
0.68	  0.10981619
0.69	  0.11265747
0.7	  0.11531336
0.71	  0.11777911
0.72	  0.120051235
0.73	  0.122127354
0.74	  0.124006234
0.75	  0.12568763
0.76	  0.12717226
0.77	  0.12846173
0.78	  0.12955846
0.79	  0.13046555
0.8	  0.13118684
0.81	  0.13172668
0.82	  0.13209
0.83	  0.13228214
0.84	  0.13230883
0.85	  0.13217618
0.86	  0.1318905
0.87	  0.13145837
0.88	  0.13088652
0.89	  0.13018182
0.9	  0.12935117
0.91	  0.12840155
0.92	  0.12733994
0.93	  0.12617327
0.94	  0.124908455
0.95	  0.12355226
0.96	  0.12211139
0.97	  0.120592386
0.98	  0.11900167
0.99	  0.11734549
1.0	  0.1156299
1.01	  0.11386078
1.02	  0.11204381
1.03	  0.110184476
1.04	  0.10828802
1.05	  0.1063595
1.06	  0.104403734
1.07	  0.10242534
1.08	  0.1004287
1.09	  0.09841798
1.1	  0.09639715
1.11	  0.094369926
1.12	  0.09233984
1.13	  0.09031021
1.14	  0.08828415
1.15	  0.08626457
1.16	  0.0842542
1.17	  0.082255565
1.18	  0.08027102
1.19	  0.07830275
1.2	  0.07635275
1.21	  0.07442289
1.22	  0.07251483
1.23	  0.07063013
1.24	  0.068770185
1.25	  0.06693625
1.26	  0.065129444
1.27	  0.06335079
1.28	  0.061601173
1.29	  0.059881367
1.3	  0.058192044
1.31	  0.056533776
1.32	  0.05490704
1.33	  0.053312223
1.34	  0.05174964
1.35	  0.050219513
1.36	  0.048722
1.37	  0.04725719
1.38	  0.04582511
1.39	  0.04442572
1.4	  0.043058936
1.41	  0.041724622
1.42	  0.04042259
1.43	  0.03915261
1.44	  0.037914418
1.45	  0.03670771
1.46	  0.035532154
1.47	  0.034387376
1.48	  0.033272993
1.49	  0.032188583
1.5	  0.031133715
1.51	  0.030107927
1.52	  0.029110746
1.53	  0.028141689
1.54	  0.02720025
1.55	  0.026285924
1.56	  0.025398187
1.57	  0.024536513
1.58	  0.02370037
1.59	  0.02288922
1.6	  0.022102524
1.61	  0.021339739
1.62	  0.020600324
1.63	  0.019883737
1.64	  0.019189436
1.65	  0.018516887
1.66	  0.01786555
1.67	  0.017234897
1.68	  0.016624402
1.69	  0.016033543
1.7	  0.015461805
1.71	  0.014908679
1.72	  0.014373663
1.73	  0.01385626
1.74	  0.013355985
1.75	  0.012872357
1.76	  0.012404905
1.77	  0.011953164
1.78	  0.011516681
1.79	  0.011095009
1.8	  0.010687711
1.81	  0.010294358
1.82	  0.009914531
1.83	  0.009547821
1.84	  0.0091938265
1.85	  0.008852154
1.86	  0.008522422
1.87	  0.008204257
1.88	  0.007897294
1.89	  0.0076011773
1.9	  0.007315561
1.91	  0.0070401067
1.92	  0.006774486
1.93	  0.006518379
1.94	  0.006271473
1.95	  0.006033466
1.96	  0.0058040633
1.97	  0.0055829776
1.98	  0.0053699305
1.99	  0.005164652
2.0	  0.0049668797
2.01	  0.0047763586
2.02	  0.0045928406
2.03	  0.004416086
2.04	  0.0042458614
2.05	  0.004081942
2.06	  0.0039241086
2.07	  0.0037721486
2.08	  0.003625857
2.09	  0.003485034
2.1	  0.0033494872
2.11	  0.00321903
2.12	  0.0030934813
2.13	  0.0029726666
2.14	  0.0028564162
2.15	  0.0027445666
2.16	  0.0026369593
2.17	  0.0025334414
2.18	  0.0024338646
2.19	  0.0023380858
2.2	  0.0022459668
2.21	  0.002157374
2.22	  0.002072178
2.23	  0.0019902543
2.24	  0.0019114822
2.25	  0.0018357455
2.26	  0.0017629318
2.27	  0.0016929328
2.28	  0.0016256437
2.29	  0.0015609636
2.3	  0.0014987949
2.31	  0.0014390437
2.32	  0.0013816193
2.33	  0.001326434
2.34	  0.0012734035
2.35	  0.0012224466
2.36	  0.0011734846
2.37	  0.0011264421
2.38	  0.0010812461
2.39	  0.0010378262
2.4	  9.961148E-4
2.41	  9.560466E-4
2.42	  9.175588E-4
2.43	  8.8059076E-4
2.44	  8.4508414E-4
2.45	  8.109827E-4
2.46	  7.7823235E-4
2.47	  7.4678095E-4
2.48	  7.1657833E-4
2.49	  6.875761E-4
2.5	  6.5972767E-4
2.51	  6.329884E-4
2.52	  6.0731504E-4
2.53	  5.826662E-4
2.54	  5.590018E-4
2.55	  5.3628354E-4
2.56	  5.1447435E-4
2.57	  4.935387E-4
2.58	  4.7344223E-4
2.59	  4.5415215E-4
2.6	  4.3563667E-4
2.61	  4.1786538E-4
2.62	  4.0080893E-4
2.63	  3.8443913E-4
2.64	  3.6872886E-4
2.65	  3.5365208E-4
2.66	  3.391837E-4
2.67	  3.252996E-4
2.68	  3.1197665E-4
2.69	  2.9919253E-4
2.7	  2.8692585E-4
2.71	  2.75156E-4
2.72	  2.638632E-4
2.73	  2.5302844E-4
2.74	  2.4263347E-4
2.75	  2.3266068E-4
2.76	  2.230932E-4
2.77	  2.1391483E-4
2.78	  2.0510996E-4
2.79	  1.9666363E-4
2.8	  1.8856148E-4
2.81	  1.8078963E-4
2.82	  1.7333486E-4
2.83	  1.6618439E-4
2.84	  1.5932597E-4
2.85	  1.5274783E-4
2.86	  1.4643869E-4
2.87	  1.4038767E-4
2.88	  1.3458435E-4
2.89	  1.2901872E-4
2.9	  1.2368117E-4
2.91	  1.18562464E-4
2.92	  1.1365375E-4
2.93	  1.089465E-4
2.94	  1.0443255E-4
2.95	  1.0010406E-4
2.96	  9.595348E-5
2.97	  9.197359E-5
2.98	  8.815745E-5
2.99	  8.4498395E-5
3.0	  8.099003E-5
3.01	  7.76262E-5
3.02	  7.440103E-5
3.03	  7.130885E-5
3.04	  6.834424E-5
3.05	  6.550199E-5
3.06	  6.2777086E-5
3.07	  6.0164744E-5
3.08	  5.7660352E-5
3.09	  5.5259494E-5
3.1	  5.2957923E-5
3.11	  5.0751576E-5
3.12	  4.8636546E-5
3.13	  4.660909E-5
3.14	  4.4665605E-5
3.15	  4.280265E-5
3.16	  4.1016916E-5
3.17	  3.9305225E-5
3.18	  3.7664537E-5
3.19	  3.6091926E-5
3.2	  3.458459E-5
3.21	  3.3139844E-5
3.22	  3.1755106E-5
3.23	  3.0427904E-5
3.24	  2.9155863E-5
3.25	  2.793671E-5
3.26	  2.676826E-5
3.27	  2.5648422E-5
3.28	  2.4575185E-5
3.29	  2.3546625E-5
3.3	  2.2560895E-5
3.31	  2.1616223E-5
3.32	  2.0710908E-5
3.33	  1.9843324E-5
3.34	  1.901191E-5
3.35	  1.8215163E-5
3.36	  1.745165E-5
3.37	  1.6719994E-5
3.38	  1.601887E-5
3.39	  1.5347016E-5
3.4	  1.4703214E-5
3.41	  1.4086302E-5
3.42	  1.3495162E-5
3.43	  1.2928724E-5
3.44	  1.2385961E-5
3.45	  1.186589E-5
3.46	  1.1367566E-5
3.47	  1.0890086E-5
3.48	  1.0432582E-5
3.49	  9.994223E-6
3.5	  9.574211E-6
3.51	  9.171783E-6
3.52	  8.786206E-6
3.53	  8.41678E-6
3.54	  8.062828E-6
3.55	  7.723708E-6
3.56	  7.3988003E-6
3.57	  7.087512E-6
3.58	  6.789275E-6
3.59	  6.5035447E-6
3.6	  6.229799E-6
3.61	  5.967537E-6
3.62	  5.71628E-6
3.63	  5.4755674E-6
3.64	  5.2449586E-6
3.65	  5.024032E-6
3.66	  4.8123816E-6
3.67	  4.60962E-6
3.68	  4.415376E-6
3.69	  4.229293E-6
3.7	  4.051029E-6
3.71	  3.880257E-6
3.72	  3.716663E-6
3.73	  3.5599471E-6
3.74	  3.4098205E-6
3.75	  3.2660078E-6
3.76	  3.1282439E-6
3.77	  2.9962753E-6
3.78	  2.8698594E-6
3.79	  2.7487633E-6
3.8	  2.6327637E-6
3.81	  2.521647E-6
3.82	  2.4152082E-6
3.83	  2.3132511E-6
3.84	  2.2155878E-6
3.85	  2.1220378E-6
3.86	  2.0324283E-6
3.87	  1.946594E-6
3.88	  1.8643765E-6
3.89	  1.7856237E-6
3.9	  1.7101898E-6
3.91	  1.6379358E-6
3.92	  1.5687277E-6
3.93	  1.5024376E-6
3.94	  1.4389428E-6
3.95	  1.3781258E-6
3.96	  1.319874E-6
3.97	  1.2640793E-6
3.98	  1.2106384E-6
3.99	  1.1594525E-6
4.0	  1.1104264E-6


