
X-Axis: Normalized Interevent Time
Y-Axis: Probability
Number of Data Sets: 3


DATASET #1

     Name: Bruce 2592 Histogram
   Points: 41
     Info: 

Data[x,y]:
0.05	  0.0056320173
0.15	  0.004257674
0.25	  0.0070470036
0.35	  0.010599254
0.45	  0.01584731
0.55	  0.02636208
0.65	  0.042379033
0.75	  0.06633289
0.85	  0.113360204
0.95	  0.20612453
1.05	  0.2587873
1.15	  0.11209591
1.25	  0.042253826
1.35	  0.023381388
1.45	  0.015817877
1.55	  0.011919594
1.65	  0.009630994
1.75	  0.0074005085
1.85	  0.0052897753
1.95	  0.0035032474
2.05	  0.0025277294
2.15	  0.0019217097
2.25	  0.0014551459
2.35	  0.0011297581
2.45	  8.744208E-4
2.55	  7.044826E-4
2.65	  6.220672E-4
2.75	  4.7551503E-4
2.85	  3.8377207E-4
2.95	  3.1270017E-4
3.05	  2.5106332E-4
3.15	  2.3681669E-4
3.25	  1.7574432E-4
3.35	  1.4717042E-4
3.45	  1.2233289E-4
3.55	  9.816737E-5
3.65	  7.9539226E-5
3.75	  6.921714E-5
3.85	  6.413674E-5
3.95	  5.1502928E-5
4.05	  2.7458373E-4



DATASET #2

     Name: Log-Normal Fit
   Points: 401
     Info: 

Data[x,y]:
0.005	  0.0
0.015	  1.5152902E-34
0.025	  6.01205E-28
0.035	  1.07048496E-23
0.045	  1.2025907E-20
0.055	  2.5814074E-18
0.065	  1.8578445E-16
0.075	  6.1887594E-15
0.085	  1.1672198E-13
0.095	  1.4252387E-12
0.105	  1.237105E-11
0.115	  8.166748E-11
0.125	  4.3115667E-10
0.135	  1.8913813E-9
0.145	  7.102088E-9
0.155	  2.3369655E-8
0.165	  6.8668E-8
0.175	  1.8295128E-7
0.185	  4.475645E-7
0.195	  1.0158966E-6
0.205	  2.158332E-6
0.215	  4.3238942E-6
0.225	  8.219722E-6
0.235	  1.4907755E-5
0.245	  2.5915962E-5
0.255	  4.335932E-5
0.265	  7.00639E-5
0.275	  1.0968602E-4
0.285	  1.6681766E-4
0.295	  2.4706937E-4
0.305	  3.571227E-4
0.315	  5.0474546E-4
0.325	  6.9876516E-4
0.335	  9.4899826E-4
0.345	  0.0012661354
0.355	  0.0016615841
0.365	  0.0021472755
0.375	  0.0027354378
0.385	  0.0034383496
0.395	  0.004268074
0.405	  0.005236191
0.415	  0.0063535306
0.425	  0.007629916
0.435	  0.00907393
0.445	  0.010692703
0.455	  0.012491732
0.465	  0.0144747365
0.475	  0.016643552
0.485	  0.01899806
0.495	  0.02153616
0.505	  0.024253773
0.515	  0.027144888
0.525	  0.03020164
0.535	  0.033414416
0.545	  0.036771975
0.555	  0.040261626
0.565	  0.043869376
0.575	  0.04758011
0.585	  0.051377807
0.595	  0.055245712
0.605	  0.059166543
0.615	  0.063122675
0.625	  0.06709635
0.635	  0.07106984
0.645	  0.0750256
0.655	  0.078946464
0.665	  0.08281577
0.675	  0.086617455
0.685	  0.090336256
0.695	  0.093957715
0.705	  0.09746832
0.715	  0.10085552
0.725	  0.10410788
0.735	  0.10721498
0.745	  0.110167556
0.755	  0.11295745
0.765	  0.11557764
0.775	  0.11802222
0.785	  0.12028637
0.795	  0.12236635
0.805	  0.12425945
0.815	  0.12596397
0.825	  0.12747912
0.835	  0.12880507
0.845	  0.12994276
0.855	  0.13089398
0.865	  0.13166119
0.875	  0.13224758
0.885	  0.1326569
0.895	  0.13289349
0.905	  0.13296214
0.915	  0.1328681
0.925	  0.13261697
0.935	  0.13221473
0.945	  0.13166755
0.955	  0.1309819
0.965	  0.13016438
0.975	  0.12922174
0.985	  0.12816076
0.995	  0.12698837
1.005	  0.12571143
1.015	  0.12433681
1.025	  0.12287134
1.035	  0.12132177
1.045	  0.11969473
1.055	  0.117996745
1.065	  0.11623419
1.075	  0.11441329
1.085	  0.11254007
1.095	  0.1106204
1.105	  0.10865993
1.115	  0.106664106
1.125	  0.10463816
1.135	  0.10258712
1.145	  0.10051577
1.155	  0.098428674
1.165	  0.09633018
1.175	  0.094224416
1.185	  0.09211525
1.195	  0.090006374
1.205	  0.08790122
1.215	  0.08580303
1.225	  0.08371482
1.235	  0.08163942
1.245	  0.07957942
1.255	  0.07753726
1.265	  0.075515166
1.275	  0.07351518
1.285	  0.07153916
1.295	  0.06958884
1.305	  0.06766574
1.315	  0.065771244
1.325	  0.063906595
1.335	  0.06207288
1.345	  0.060271073
1.355	  0.058501996
1.365	  0.056766372
1.375	  0.055064794
1.385	  0.053397756
1.395	  0.051765658
1.405	  0.050168786
1.415	  0.048607357
1.425	  0.047081497
1.435	  0.04559125
1.445	  0.044136602
1.455	  0.04271746
1.465	  0.041333675
1.475	  0.039985042
1.485	  0.038671304
1.495	  0.037392158
1.505	  0.03614725
1.515	  0.0349362
1.525	  0.033758584
1.535	  0.032613944
1.545	  0.031501796
1.555	  0.030421639
1.565	  0.029372938
1.575	  0.028355142
1.585	  0.027367689
1.595	  0.026409993
1.605	  0.025481466
1.615	  0.024581503
1.625	  0.023709495
1.635	  0.022864824
1.645	  0.022046873
1.655	  0.021255016
1.665	  0.020488633
1.675	  0.019747099
1.685	  0.019029794
1.695	  0.018336097
1.705	  0.017665396
1.715	  0.017017078
1.725	  0.016390542
1.735	  0.01578519
1.745	  0.015200429
1.755	  0.014635678
1.765	  0.014090365
1.775	  0.013563923
1.785	  0.013055796
1.795	  0.012565439
1.805	  0.012092315
1.815	  0.011635899
1.825	  0.011195676
1.835	  0.010771142
1.845	  0.010361805
1.855	  0.00996718
1.865	  0.009586798
1.875	  0.009220199
1.885	  0.008866932
1.895	  0.008526563
1.905	  0.008198664
1.915	  0.007882818
1.925	  0.007578623
1.935	  0.0072856843
1.945	  0.00700362
1.955	  0.006732058
1.965	  0.0064706365
1.975	  0.006219005
1.985	  0.005976823
1.995	  0.0057437597
2.005	  0.005519494
2.015	  0.0053037154
2.025	  0.005096122
2.035	  0.0048964224
2.045	  0.0047043324
2.055	  0.0045195795
2.065	  0.0043418976
2.075	  0.00417103
2.085	  0.0040067285
2.095	  0.003848753
2.105	  0.003696871
2.115	  0.003550858
2.125	  0.0034104972
2.135	  0.0032755786
2.145	  0.0031459
2.155	  0.0030212656
2.165	  0.0029014866
2.175	  0.0027863805
2.185	  0.0026757715
2.195	  0.0025694896
2.205	  0.0024673713
2.215	  0.0023692583
2.225	  0.0022749982
2.235	  0.0021844443
2.245	  0.0020974549
2.255	  0.0020138929
2.265	  0.0019336274
2.275	  0.0018565312
2.285	  0.0017824823
2.295	  0.0017113629
2.305	  0.0016430595
2.315	  0.0015774632
2.325	  0.0015144687
2.335	  0.0014539749
2.345	  0.0013958842
2.355	  0.001340103
2.365	  0.0012865409
2.375	  0.001235111
2.385	  0.00118573
2.395	  0.001138317
2.405	  0.0010927952
2.415	  0.0010490897
2.425	  0.0010071292
2.435	  9.6684473E-4
2.445	  9.2817016E-4
2.455	  8.910418E-4
2.465	  8.5539854E-4
2.475	  8.2118146E-4
2.485	  7.88334E-4
2.495	  7.568018E-4
2.505	  7.265326E-4
2.515	  6.9747615E-4
2.525	  6.695842E-4
2.535	  6.428104E-4
2.545	  6.1711017E-4
2.555	  5.924406E-4
2.565	  5.687607E-4
2.575	  5.4603076E-4
2.585	  5.2421296E-4
2.595	  5.032707E-4
2.605	  4.83169E-4
2.615	  4.638742E-4
2.625	  4.4535397E-4
2.635	  4.2757727E-4
2.645	  4.1051424E-4
2.655	  3.9413632E-4
2.665	  3.7841595E-4
2.675	  3.6332678E-4
2.685	  3.488434E-4
2.695	  3.349415E-4
2.705	  3.215977E-4
2.715	  3.0878957E-4
2.725	  2.9649556E-4
2.735	  2.8469498E-4
2.745	  2.73368E-4
2.755	  2.6249554E-4
2.765	  2.5205928E-4
2.775	  2.4204171E-4
2.785	  2.3242595E-4
2.795	  2.231958E-4
2.805	  2.1433574E-4
2.815	  2.0583086E-4
2.825	  1.9766686E-4
2.835	  1.8982998E-4
2.845	  1.8230706E-4
2.855	  1.7508546E-4
2.865	  1.6815303E-4
2.875	  1.6149809E-4
2.885	  1.5510949E-4
2.895	  1.489765E-4
2.905	  1.4308881E-4
2.915	  1.3743654E-4
2.925	  1.3201019E-4
2.935	  1.2680069E-4
2.945	  1.2179928E-4
2.955	  1.16997595E-4
2.965	  1.12387585E-4
2.975	  1.0796153E-4
2.985	  1.0371203E-4
2.995	  9.963197E-5
3.005	  9.5714546E-5
3.015	  9.19532E-5
3.025	  8.834166E-5
3.035	  8.48739E-5
3.045	  8.154413E-5
3.055	  7.834682E-5
3.065	  7.527663E-5
3.075	  7.232846E-5
3.085	  6.94974E-5
3.095	  6.677876E-5
3.105	  6.4168016E-5
3.115	  6.166084E-5
3.125	  5.9253074E-5
3.135	  5.6940735E-5
3.145	  5.4719996E-5
3.155	  5.258718E-5
3.165	  5.053877E-5
3.175	  4.857138E-5
3.185	  4.6681766E-5
3.195	  4.4866814E-5
3.205	  4.312354E-5
3.215	  4.1449075E-5
3.225	  3.9840666E-5
3.235	  3.8295675E-5
3.245	  3.681157E-5
3.255	  3.538591E-5
3.265	  3.4016375E-5
3.275	  3.2700715E-5
3.285	  3.1436786E-5
3.295	  3.0222527E-5
3.305	  2.9055955E-5
3.315	  2.7935173E-5
3.325	  2.6858355E-5
3.335	  2.5823756E-5
3.345	  2.4829693E-5
3.355	  2.3874554E-5
3.365	  2.2956794E-5
3.375	  2.207493E-5
3.385	  2.1227534E-5
3.395	  2.041324E-5
3.405	  1.9630734E-5
3.415	  1.8878756E-5
3.425	  1.8156097E-5
3.435	  1.7461596E-5
3.445	  1.679414E-5
3.455	  1.6152659E-5
3.465	  1.5536123E-5
3.475	  1.494355E-5
3.485	  1.4373993E-5
3.495	  1.3826541E-5
3.505	  1.3300326E-5
3.515	  1.2794508E-5
3.525	  1.2308284E-5
3.535	  1.18408825E-5
3.545	  1.1391563E-5
3.555	  1.0959614E-5
3.565	  1.0544352E-5
3.575	  1.0145123E-5
3.585	  9.7612965E-6
3.595	  9.392269E-6
3.605	  9.037459E-6
3.615	  8.69631E-6
3.625	  8.368286E-6
3.635	  8.052874E-6
3.645	  7.7495815E-6
3.655	  7.4579334E-6
3.665	  7.177475E-6
3.675	  6.9077696E-6
3.685	  6.6483976E-6
3.695	  6.3989555E-6
3.705	  6.159057E-6
3.715	  5.9283307E-6
3.725	  5.7064185E-6
3.735	  5.4929787E-6
3.745	  5.2876812E-6
3.755	  5.09021E-6
3.765	  4.900261E-6
3.775	  4.717543E-6
3.785	  4.541775E-6
3.795	  4.372688E-6
3.805	  4.210024E-6
3.815	  4.0535333E-6
3.825	  3.9029783E-6
3.835	  3.7581287E-6
3.845	  3.618765E-6
3.855	  3.484675E-6
3.865	  3.3556557E-6
3.875	  3.2315115E-6
3.885	  3.1120546E-6
3.895	  2.9971052E-6
3.905	  2.8864893E-6
3.915	  2.7800406E-6
3.925	  2.6775992E-6
3.935	  2.5790114E-6
3.945	  2.4841293E-6
3.955	  2.3928108E-6
3.965	  2.3049195E-6
3.975	  2.2203244E-6
3.985	  2.1388996E-6
3.995	  2.0605237E-6
4.005	  1.9850802E-6



DATASET #3

     Name: BPT Fit
   Points: 401
     Info: Mean = 100.0, Aperiodicity = 0.5, Duration = 30.0, Delta T = 1.0, Num Points = 500, Historic Open Interval = 0.0
Computed mean = 0.9989072

Data[x,y]:
0.0	  0.0
0.01	  0.0
0.02	  0.0
0.03	  0.0
0.04	  0.0
0.05	  5.945265E-39
0.06	  7.7289435E-32
0.07	  8.865379E-27
0.08	  5.311958E-23
0.09	  4.461042E-20
0.1	  9.487815E-18
0.11	  7.4434577E-16
0.12	  2.7671835E-14
0.13	  5.7967677E-13
0.14	  7.742829E-12
0.15	  7.219471E-11
0.16	  5.0288373E-10
0.17	  2.7561013E-9
0.18	  1.23730635E-8
0.19	  4.696852E-8
0.2	  1.5463482E-7
0.21	  4.5070567E-7
0.22	  1.1826337E-6
0.23	  2.8326435E-6
0.24	  6.2650374E-6
0.25	  1.2919507E-5
0.26	  2.5044323E-5
0.27	  4.5955258E-5
0.28	  8.0299134E-5
0.29	  1.3429638E-4
0.3	  2.1593574E-4
0.31	  3.3509647E-4
0.32	  5.0357863E-4
0.33	  7.3502964E-4
0.34	  0.0010447627
0.35	  0.001449473
0.36	  0.0019668634
0.37	  0.0026151978
0.38	  0.0034128043
0.39	  0.0043775546
0.4	  0.005526339
0.41	  0.006874568
0.42	  0.008435709
0.43	  0.010220894
0.44	  0.012238577
0.45	  0.014494296
0.46	  0.016990498
0.47	  0.019726457
0.48	  0.022698265
0.49	  0.025898911
0.5	  0.02931841
0.51	  0.032944005
0.52	  0.03676041
0.53	  0.040750075
0.54	  0.04489352
0.55	  0.04916966
0.56	  0.05355611
0.57	  0.058029562
0.58	  0.06256609
0.59	  0.067141466
0.6	  0.07173149
0.61	  0.07631224
0.62	  0.08086032
0.63	  0.085353106
0.64	  0.08976895
0.65	  0.09408735
0.66	  0.09828906
0.67	  0.10235624
0.68	  0.10627254
0.69	  0.11002315
0.7	  0.11359486
0.71	  0.11697605
0.72	  0.12015673
0.73	  0.123128474
0.74	  0.12588444
0.75	  0.12841928
0.76	  0.13072911
0.77	  0.13281143
0.78	  0.13466504
0.79	  0.13629
0.8	  0.1376875
0.81	  0.13885981
0.82	  0.13981017
0.83	  0.1405427
0.84	  0.14106232
0.85	  0.14137468
0.86	  0.141486
0.87	  0.14140314
0.88	  0.14113332
0.89	  0.14068423
0.9	  0.14006384
0.91	  0.13928036
0.92	  0.13834222
0.93	  0.13725795
0.94	  0.13603617
0.95	  0.13468553
0.96	  0.13321462
0.97	  0.13163202
0.98	  0.12994614
0.99	  0.12816535
1.0	  0.12629776
1.01	  0.12435135
1.02	  0.12233387
1.03	  0.12025284
1.04	  0.11811553
1.05	  0.115928955
1.06	  0.113699846
1.07	  0.11143467
1.08	  0.10913959
1.09	  0.1068205
1.1	  0.10448299
1.11	  0.102132365
1.12	  0.09977362
1.13	  0.09741149
1.14	  0.0950504
1.15	  0.09269452
1.16	  0.090347715
1.17	  0.08801361
1.18	  0.08569556
1.19	  0.08339665
1.2	  0.08111975
1.21	  0.07886747
1.22	  0.076642215
1.23	  0.07444614
1.24	  0.07228122
1.25	  0.07014922
1.26	  0.0680517
1.27	  0.065990075
1.28	  0.063965544
1.29	  0.06197917
1.3	  0.06003186
1.31	  0.05812437
1.32	  0.056257322
1.33	  0.054431207
1.34	  0.052646402
1.35	  0.050903164
1.36	  0.049201652
1.37	  0.047541928
1.38	  0.045923956
1.39	  0.044347625
1.4	  0.042812746
1.41	  0.041319057
1.42	  0.039866235
1.43	  0.038453892
1.44	  0.037081596
1.45	  0.035748854
1.46	  0.034455143
1.47	  0.03319989
1.48	  0.0319825
1.49	  0.030802332
1.5	  0.029658731
1.51	  0.02855101
1.52	  0.027478471
1.53	  0.026440391
1.54	  0.02543604
1.55	  0.02446467
1.56	  0.023525534
1.57	  0.022617873
1.58	  0.02174092
1.59	  0.020893916
1.6	  0.020076094
1.61	  0.019286696
1.62	  0.018524958
1.63	  0.017790128
1.64	  0.017081456
1.65	  0.016398204
1.66	  0.015739636
1.67	  0.0151050305
1.68	  0.014493671
1.69	  0.013904856
1.7	  0.013337892
1.71	  0.012792099
1.72	  0.012266812
1.73	  0.011761374
1.74	  0.011275143
1.75	  0.010807495
1.76	  0.010357811
1.77	  0.009925495
1.78	  0.009509959
1.79	  0.009110631
1.8	  0.008726956
1.81	  0.008358388
1.82	  0.0080044
1.83	  0.007664476
1.84	  0.0073381164
1.85	  0.0070248344
1.86	  0.0067241574
1.87	  0.006435626
1.88	  0.0061587966
1.89	  0.0058932356
1.9	  0.005638525
1.91	  0.005394259
1.92	  0.005160045
1.93	  0.004935502
1.94	  0.0047202623
1.95	  0.0045139696
1.96	  0.004316279
1.97	  0.004126859
1.98	  0.003945386
1.99	  0.003771551
2.0	  0.003605053
2.01	  0.0034456027
2.02	  0.0032929208
2.03	  0.0031467373
2.04	  0.0030067929
2.05	  0.0028728363
2.06	  0.0027446265
2.07	  0.0026219306
2.08	  0.002504524
2.09	  0.0023921914
2.1	  0.002284725
2.11	  0.0021819242
2.12	  0.0020835968
2.13	  0.0019895576
2.14	  0.0018996286
2.15	  0.0018136383
2.16	  0.001731422
2.17	  0.0016528215
2.18	  0.0015776848
2.19	  0.0015058656
2.2	  0.0014372235
2.21	  0.0013716237
2.22	  0.0013089369
2.23	  0.0012490385
2.24	  0.0011918094
2.25	  0.0011371351
2.26	  0.0010849056
2.27	  0.0010350156
2.28	  9.873639E-4
2.29	  9.418536E-4
2.3	  8.9839177E-4
2.31	  8.568892E-4
2.32	  8.1726036E-4
2.33	  7.7942346E-4
2.34	  7.432999E-4
2.35	  7.0881454E-4
2.36	  6.7589525E-4
2.37	  6.4447307E-4
2.38	  6.1448186E-4
2.39	  5.8585824E-4
2.4	  5.585417E-4
2.41	  5.32474E-4
2.42	  5.0759973E-4
2.43	  4.838656E-4
2.44	  4.612207E-4
2.45	  4.3961636E-4
2.46	  4.190059E-4
2.47	  3.9934472E-4
2.48	  3.8059015E-4
2.49	  3.627014E-4
2.5	  3.4563936E-4
2.51	  3.2936674E-4
2.52	  3.1384782E-4
2.53	  2.9904844E-4
2.54	  2.8493596E-4
2.55	  2.7147916E-4
2.56	  2.5864824E-4
2.57	  2.4641465E-4
2.58	  2.3475118E-4
2.59	  2.2363174E-4
2.6	  2.1303147E-4
2.61	  2.029266E-4
2.62	  1.932944E-4
2.63	  1.8411316E-4
2.64	  1.7536216E-4
2.65	  1.670216E-4
2.66	  1.5907257E-4
2.67	  1.5149699E-4
2.68	  1.4427763E-4
2.69	  1.3739802E-4
2.7	  1.3084241E-4
2.71	  1.2459581E-4
2.72	  1.1864389E-4
2.73	  1.1297294E-4
2.74	  1.07569926E-4
2.75	  1.02422375E-4
2.76	  9.751838E-5
2.77	  9.284659E-5
2.78	  8.839617E-5
2.79	  8.415678E-5
2.8	  8.011855E-5
2.81	  7.6272074E-5
2.82	  7.260837E-5
2.83	  6.9118854E-5
2.84	  6.579537E-5
2.85	  6.263012E-5
2.86	  5.961566E-5
2.87	  5.67449E-5
2.88	  5.401107E-5
2.89	  5.1407722E-5
2.9	  4.8928705E-5
2.91	  4.6568148E-5
2.92	  4.432046E-5
2.93	  4.2180305E-5
2.94	  4.0142593E-5
2.95	  3.820248E-5
2.96	  3.635534E-5
2.97	  3.459677E-5
2.98	  3.2922562E-5
2.99	  3.1328716E-5
3.0	  2.9811416E-5
3.01	  2.8367018E-5
3.02	  2.6992058E-5
3.03	  2.5683232E-5
3.04	  2.4437388E-5
3.05	  2.3251525E-5
3.06	  2.2122784E-5
3.07	  2.1048438E-5
3.08	  2.0025891E-5
3.09	  1.9052666E-5
3.1	  1.8126408E-5
3.11	  1.724487E-5
3.12	  1.6405911E-5
3.13	  1.5607493E-5
3.14	  1.4847674E-5
3.15	  1.4124602E-5
3.16	  1.34365155E-5
3.17	  1.2781735E-5
3.18	  1.2158663E-5
3.19	  1.1565774E-5
3.2	  1.1001618E-5
3.21	  1.0464814E-5
3.22	  9.954047E-6
3.23	  9.468061E-6
3.24	  9.005664E-6
3.25	  8.565719E-6
3.26	  8.147144E-6
3.27	  7.748909E-6
3.28	  7.370032E-6
3.29	  7.0095784E-6
3.3	  6.6666585E-6
3.31	  6.3404254E-6
3.32	  6.0300727E-6
3.33	  5.7348316E-6
3.34	  5.453972E-6
3.35	  5.186798E-6
3.36	  4.932646E-6
3.37	  4.6908854E-6
3.38	  4.4609164E-6
3.39	  4.2421675E-6
3.4	  4.034094E-6
3.41	  3.836178E-6
3.42	  3.6479273E-6
3.43	  3.4688717E-6
3.44	  3.2985652E-6
3.45	  3.1365823E-6
3.46	  2.982519E-6
3.47	  2.8359898E-6
3.48	  2.6966284E-6
3.49	  2.564086E-6
3.5	  2.4380308E-6
3.51	  2.318147E-6
3.52	  2.2041336E-6
3.53	  2.0957052E-6
3.54	  1.9925892E-6
3.55	  1.8945268E-6
3.56	  1.8012715E-6
3.57	  1.7125888E-6
3.58	  1.6282555E-6
3.59	  1.5480593E-6
3.6	  1.4717983E-6
3.61	  1.3992802E-6
3.62	  1.3303222E-6
3.63	  1.2647503E-6
3.64	  1.202399E-6
3.65	  1.1431106E-6
3.66	  1.0867356E-6
3.67	  1.0331312E-6
3.68	  9.82162E-7
3.69	  9.336988E-7
3.7	  8.876191E-7
3.71	  8.4380605E-7
3.72	  8.021486E-7
3.73	  7.6254116E-7
3.74	  7.248832E-7
3.75	  6.890792E-7
3.76	  6.5503815E-7
3.77	  6.226736E-7
3.78	  5.9190336E-7
3.79	  5.626491E-7
3.8	  5.348365E-7
3.81	  5.083947E-7
3.82	  4.832564E-7
3.83	  4.593575E-7
3.84	  4.366372E-7
3.85	  4.1503756E-7
3.86	  3.9450347E-7
3.87	  3.7498256E-7
3.88	  3.5642498E-7
3.89	  3.3878337E-7
3.9	  3.2201265E-7
3.91	  3.0606998E-7
3.92	  2.9091458E-7
3.93	  2.7650773E-7
3.94	  2.628126E-7
3.95	  2.4979403E-7
3.96	  2.374188E-7
3.97	  2.2565517E-7
3.98	  2.14473E-7
3.99	  2.0384365E-7
4.0	  1.9373987E-7


