
X-Axis: Normalized Interevent Time
Y-Axis: Probability
Number of Data Sets: 3


DATASET #1

     Name: Bruce 2592 Histogram
   Points: 41
     Info: 

Data[x,y]:
0.05	  0.048854068
0.15	  0.034833957
0.25	  0.036880262
0.35	  0.038762864
0.45	  0.040271282
0.55	  0.043486904
0.65	  0.04697147
0.75	  0.050315715
0.85	  0.05453695
0.95	  0.076941065
1.05	  0.09408326
1.15	  0.09476146
1.25	  0.08367633
1.35	  0.064113654
1.45	  0.047263797
1.55	  0.035816185
1.65	  0.023643592
1.75	  0.01991347
1.85	  0.015212815
1.95	  0.010757717
2.05	  0.008477549
2.15	  0.0067937323
2.25	  0.0056711882
2.35	  0.004221235
2.45	  0.0030402245
2.55	  0.0024555658
2.65	  0.0018241347
2.75	  0.0014499532
2.85	  0.0012862488
2.95	  7.249766E-4
3.05	  5.612722E-4
3.15	  4.9111317E-4
3.25	  2.806361E-4
3.35	  3.2740878E-4
3.45	  3.0402245E-4
3.55	  1.7539757E-4
3.65	  1.2862489E-4
3.75	  1.6370439E-4
3.85	  9.354537E-5
3.95	  9.354537E-5
4.05	  3.3910197E-4



DATASET #2

     Name: Log-Normal Fit
   Points: 401
     Info: 

Data[x,y]:
0.005	  0.0
0.015	  5.008616E-12
0.025	  8.192617E-10
0.035	  2.1442938E-8
0.045	  2.1642578E-7
0.055	  1.2325357E-6
0.065	  4.826805E-6
0.075	  1.4569698E-5
0.085	  3.6387377E-5
0.095	  7.8774385E-5
0.105	  1.5263435E-4
0.115	  2.7080608E-4
0.125	  4.4738236E-4
0.135	  6.969376E-4
0.145	  0.0010337628
0.155	  0.0014711797
0.165	  0.0020209767
0.175	  0.0026929893
0.185	  0.0034948199
0.195	  0.0044316947
0.205	  0.0055064345
0.215	  0.006719518
0.225	  0.008069221
0.235	  0.009551808
0.245	  0.011161757
0.255	  0.012892005
0.265	  0.014734204
0.275	  0.016678965
0.285	  0.018716106
0.295	  0.02083487
0.305	  0.023024144
0.315	  0.025272625
0.325	  0.027569002
0.335	  0.029902093
0.345	  0.032260966
0.355	  0.034635037
0.365	  0.03701416
0.375	  0.039388686
0.385	  0.041749515
0.395	  0.044088133
0.405	  0.04639664
0.415	  0.048667755
0.425	  0.050894823
0.435	  0.05307182
0.445	  0.05519333
0.455	  0.057254538
0.465	  0.059251208
0.475	  0.061179668
0.485	  0.06303677
0.495	  0.064819865
0.505	  0.06652681
0.515	  0.06815586
0.525	  0.06970573
0.535	  0.071175516
0.545	  0.07256465
0.555	  0.07387292
0.565	  0.07510039
0.575	  0.07624743
0.585	  0.077314645
0.595	  0.07830286
0.605	  0.07921311
0.615	  0.08004662
0.625	  0.08080474
0.635	  0.08148901
0.645	  0.08210104
0.655	  0.08264258
0.665	  0.08311546
0.675	  0.08352157
0.685	  0.08386288
0.695	  0.08414139
0.705	  0.084359154
0.715	  0.08451825
0.725	  0.08462075
0.735	  0.08466876
0.745	  0.08466438
0.755	  0.084609695
0.765	  0.08450678
0.775	  0.0843577
0.785	  0.08416448
0.795	  0.08392912
0.805	  0.083653614
0.815	  0.08333989
0.825	  0.08298984
0.835	  0.08260534
0.845	  0.0821882
0.855	  0.08174018
0.865	  0.08126301
0.875	  0.080758385
0.885	  0.08022793
0.895	  0.07967321
0.905	  0.079095766
0.915	  0.0784971
0.925	  0.077878624
0.935	  0.07724173
0.945	  0.07658777
0.955	  0.07591801
0.965	  0.07523371
0.975	  0.074536055
0.985	  0.0738262
0.995	  0.073105246
1.005	  0.07237424
1.015	  0.07163421
1.025	  0.07088612
1.035	  0.07013091
1.045	  0.06936945
1.055	  0.06860261
1.065	  0.06783119
1.075	  0.06705596
1.085	  0.06627767
1.095	  0.06549701
1.105	  0.06471465
1.115	  0.06393123
1.125	  0.06314734
1.135	  0.06236357
1.145	  0.061580442
1.155	  0.06079848
1.165	  0.060018163
1.175	  0.059239954
1.185	  0.058464278
1.195	  0.057691548
1.205	  0.056922145
1.215	  0.056156427
1.225	  0.05539473
1.235	  0.05463738
1.245	  0.053884666
1.255	  0.053136867
1.265	  0.052394237
1.275	  0.05165702
1.285	  0.05092544
1.295	  0.050199706
1.305	  0.049480002
1.315	  0.04876651
1.325	  0.048059385
1.335	  0.04735878
1.345	  0.04666483
1.355	  0.04597766
1.365	  0.045297373
1.375	  0.044624075
1.385	  0.04395785
1.395	  0.043298785
1.405	  0.04264694
1.415	  0.04200238
1.425	  0.04136515
1.435	  0.040735297
1.445	  0.040112857
1.455	  0.039497852
1.465	  0.038890306
1.475	  0.03829023
1.485	  0.037697632
1.495	  0.037112515
1.505	  0.036534876
1.515	  0.035964698
1.525	  0.035401974
1.535	  0.03484668
1.545	  0.03429879
1.555	  0.033758283
1.565	  0.03322512
1.575	  0.032699272
1.585	  0.032180693
1.595	  0.031669345
1.605	  0.031165183
1.615	  0.030668158
1.625	  0.03017822
1.635	  0.029695313
1.645	  0.029219385
1.655	  0.02875038
1.665	  0.028288236
1.675	  0.027832894
1.685	  0.02738429
1.695	  0.026942363
1.705	  0.026507044
1.715	  0.02607827
1.725	  0.025655974
1.735	  0.025240086
1.745	  0.024830535
1.755	  0.024427256
1.765	  0.024030175
1.775	  0.02363922
1.785	  0.023254324
1.795	  0.022875411
1.805	  0.022502413
1.815	  0.022135252
1.825	  0.02177386
1.835	  0.021418162
1.845	  0.021068087
1.855	  0.02072356
1.865	  0.020384511
1.875	  0.020050865
1.885	  0.019722551
1.895	  0.0193995
1.905	  0.019081634
1.915	  0.018768886
1.925	  0.018461183
1.935	  0.018158454
1.945	  0.017860632
1.955	  0.017567644
1.965	  0.01727942
1.975	  0.016995892
1.985	  0.016716992
1.995	  0.016442653
2.005	  0.016172806
2.015	  0.015907384
2.025	  0.015646324
2.035	  0.015389556
2.045	  0.015137018
2.055	  0.014888644
2.065	  0.014644373
2.075	  0.0144041395
2.085	  0.0141678825
2.095	  0.01393554
2.105	  0.013707051
2.115	  0.0134823555
2.125	  0.013261395
2.135	  0.013044109
2.145	  0.012830439
2.155	  0.01262033
2.165	  0.012413723
2.175	  0.012210564
2.185	  0.012010796
2.195	  0.011814365
2.205	  0.011621218
2.215	  0.011431302
2.225	  0.011244563
2.235	  0.011060951
2.245	  0.010880414
2.255	  0.010702902
2.265	  0.010528366
2.275	  0.010356756
2.285	  0.010188025
2.295	  0.010022125
2.305	  0.00985901
2.315	  0.009698632
2.325	  0.009540947
2.335	  0.00938591
2.345	  0.0092334775
2.355	  0.009083604
2.365	  0.00893625
2.375	  0.00879137
2.385	  0.008648925
2.395	  0.008508874
2.405	  0.008371175
2.415	  0.008235791
2.425	  0.00810268
2.435	  0.0079718055
2.445	  0.007843129
2.455	  0.0077166148
2.465	  0.0075922245
2.475	  0.0074699232
2.485	  0.0073496755
2.495	  0.007231446
2.505	  0.0071152006
2.515	  0.007000906
2.525	  0.0068885284
2.535	  0.0067780353
2.545	  0.0066693947
2.555	  0.006562575
2.565	  0.006457546
2.575	  0.0063542756
2.585	  0.006252735
2.595	  0.0061528934
2.605	  0.006054723
2.615	  0.005958195
2.625	  0.005863281
2.635	  0.005769953
2.645	  0.0056781843
2.655	  0.0055879485
2.665	  0.0054992186
2.675	  0.0054119695
2.685	  0.0053261756
2.695	  0.0052418117
2.705	  0.0051588533
2.715	  0.0050772764
2.725	  0.0049970574
2.735	  0.004918173
2.745	  0.0048406003
2.755	  0.0047643166
2.765	  0.0046893
2.775	  0.004615529
2.785	  0.0045429813
2.795	  0.004471637
2.805	  0.0044014747
2.815	  0.0043324744
2.825	  0.004264616
2.835	  0.00419788
2.845	  0.0041322475
2.855	  0.004067699
2.865	  0.0040042163
2.875	  0.003941781
2.885	  0.0038803753
2.895	  0.0038199811
2.905	  0.0037605816
2.915	  0.0037021595
2.925	  0.003644698
2.935	  0.0035881808
2.945	  0.0035325915
2.955	  0.0034779145
2.965	  0.003424134
2.975	  0.003371235
2.985	  0.003319202
2.995	  0.0032680205
3.005	  0.0032176755
3.015	  0.0031681533
3.025	  0.0031194396
3.035	  0.0030715205
3.045	  0.0030243825
3.055	  0.0029780124
3.065	  0.002932397
3.075	  0.0028875235
3.085	  0.0028433793
3.095	  0.0027999517
3.105	  0.002757229
3.115	  0.0027151988
3.125	  0.0026738495
3.135	  0.0026331693
3.145	  0.0025931473
3.155	  0.002553772
3.165	  0.0025150324
3.175	  0.0024769178
3.185	  0.0024394179
3.195	  0.0024025217
3.205	  0.0023662194
3.215	  0.0023305009
3.225	  0.0022953562
3.235	  0.002260776
3.245	  0.0022267501
3.255	  0.0021932698
3.265	  0.0021603254
3.275	  0.0021279082
3.285	  0.002096009
3.295	  0.0020646194
3.305	  0.0020337305
3.315	  0.0020033345
3.325	  0.0019734222
3.335	  0.0019439863
3.345	  0.0019150184
3.355	  0.0018865108
3.365	  0.0018584556
3.375	  0.0018308454
3.385	  0.0018036728
3.395	  0.0017769302
3.405	  0.0017506107
3.415	  0.0017247071
3.425	  0.0016992125
3.435	  0.0016741201
3.445	  0.001649423
3.455	  0.0016251149
3.465	  0.0016011893
3.475	  0.0015776397
3.485	  0.0015544599
3.495	  0.0015316437
3.505	  0.0015091852
3.515	  0.0014870784
3.525	  0.0014653174
3.535	  0.0014438967
3.545	  0.0014228105
3.555	  0.0014020532
3.565	  0.0013816195
3.575	  0.0013615041
3.585	  0.0013417016
3.595	  0.0013222069
3.605	  0.001303015
3.615	  0.001284121
3.625	  0.0012655196
3.635	  0.0012472066
3.645	  0.0012291768
3.655	  0.0012114256
3.665	  0.0011939486
3.675	  0.0011767412
3.685	  0.0011597992
3.695	  0.0011431179
3.705	  0.0011266933
3.715	  0.0011105213
3.725	  0.0010945975
3.735	  0.001078918
3.745	  0.0010634788
3.755	  0.0010482761
3.765	  0.0010333059
3.775	  0.0010185644
3.785	  0.0010040482
3.795	  9.897532E-4
3.805	  9.756762E-4
3.815	  9.618134E-4
3.825	  9.481615E-4
3.835	  9.3471707E-4
3.845	  9.2147675E-4
3.855	  9.0843724E-4
3.865	  8.955953E-4
3.875	  8.8294776E-4
3.885	  8.7049144E-4
3.895	  8.5822336E-4
3.905	  8.4614044E-4
3.915	  8.342397E-4
3.925	  8.225183E-4
3.935	  8.109733E-4
3.945	  7.9960184E-4
3.955	  7.8840123E-4
3.965	  7.7736867E-4
3.975	  7.6650153E-4
3.985	  7.557972E-4
3.995	  7.45253E-4
4.005	  7.348664E-4



DATASET #3

     Name: BPT Fit
   Points: 401
     Info: Mean = 100.0, Aperiodicity = 0.5, Duration = 30.0, Delta T = 1.0, Num Points = 500, Historic Open Interval = 0.0
Computed mean = 0.99457467

Data[x,y]:
0.0	  0.0
0.01	  0.0
0.02	  6.2690863E-34
0.03	  3.466385E-22
0.04	  2.2503924E-16
0.05	  6.3661197E-13
0.06	  1.2041498E-10
0.07	  4.890141E-9
0.08	  7.6264364E-8
0.09	  6.302785E-7
0.1	  3.3465853E-6
0.11	  1.2900121E-5
0.12	  3.9153743E-5
0.13	  9.896423E-5
0.14	  2.1678943E-4
0.15	  4.237612E-4
0.16	  7.554379E-4
0.17	  0.0012487933
0.18	  0.0019390734
0.19	  0.0028570306
0.2	  0.0040268484
0.21	  0.0054648737
0.22	  0.0071791196
0.23	  0.009169424
0.24	  0.011428099
0.25	  0.013940902
0.26	  0.016688194
0.27	  0.019646151
0.28	  0.02278795
0.29	  0.026084866
0.3	  0.029507257
0.31	  0.033025373
0.32	  0.036610067
0.33	  0.040233314
0.34	  0.043868642
0.35	  0.04749142
0.36	  0.05107905
0.37	  0.0546111
0.38	  0.058069326
0.39	  0.06143767
0.4	  0.06470222
0.41	  0.06785109
0.42	  0.07087435
0.43	  0.07376388
0.44	  0.07651323
0.45	  0.07911751
0.46	  0.08157321
0.47	  0.08387811
0.48	  0.086031094
0.49	  0.08803207
0.5	  0.0898818
0.51	  0.091581866
0.52	  0.09313448
0.53	  0.09454242
0.54	  0.095808975
0.55	  0.09693781
0.56	  0.09793295
0.57	  0.098798655
0.58	  0.0995394
0.59	  0.10015983
0.6	  0.10066469
0.61	  0.10105878
0.62	  0.10134696
0.63	  0.10153408
0.64	  0.10162496
0.65	  0.10162438
0.66	  0.10153705
0.67	  0.1013676
0.68	  0.10112056
0.69	  0.10080036
0.7	  0.10041129
0.71	  0.09995755
0.72	  0.09944318
0.73	  0.0988721
0.74	  0.09824809
0.75	  0.097574785
0.76	  0.096855685
0.77	  0.09609415
0.78	  0.095293395
0.79	  0.09445651
0.8	  0.09358644
0.81	  0.092686
0.82	  0.09175787
0.83	  0.09080461
0.84	  0.08982865
0.85	  0.08883229
0.86	  0.08781774
0.87	  0.086787075
0.88	  0.085742265
0.89	  0.084685184
0.9	  0.08361758
0.91	  0.08254113
0.92	  0.0814574
0.93	  0.08036788
0.94	  0.079273954
0.95	  0.078176945
0.96	  0.077078074
0.97	  0.07597851
0.98	  0.074879326
0.99	  0.07378154
1.0	  0.072686106
1.01	  0.0715939
1.02	  0.07050576
1.03	  0.069422446
1.04	  0.068344675
1.05	  0.06727311
1.06	  0.06620836
1.07	  0.06515101
1.08	  0.06410157
1.09	  0.06306052
1.1	  0.06202831
1.11	  0.06100534
1.12	  0.05999198
1.13	  0.05898857
1.14	  0.057995412
1.15	  0.05701278
1.16	  0.05604092
1.17	  0.055080052
1.18	  0.05413037
1.19	  0.053192046
1.2	  0.052265223
1.21	  0.05135004
1.22	  0.05044659
1.23	  0.04955497
1.24	  0.048675254
1.25	  0.047807492
1.26	  0.04695173
1.27	  0.04610799
1.28	  0.045276284
1.29	  0.044456612
1.3	  0.043648966
1.31	  0.04285332
1.32	  0.04206964
1.33	  0.041297887
1.34	  0.04053801
1.35	  0.03978995
1.36	  0.039053634
1.37	  0.038328998
1.38	  0.037615955
1.39	  0.036914423
1.4	  0.03622431
1.41	  0.035545517
1.42	  0.03487794
1.43	  0.034221485
1.44	  0.033576034
1.45	  0.03294148
1.46	  0.0323177
1.47	  0.031704586
1.48	  0.031102013
1.49	  0.030509854
1.5	  0.02992799
1.51	  0.02935629
1.52	  0.028794631
1.53	  0.02824288
1.54	  0.02770091
1.55	  0.027168589
1.56	  0.026645785
1.57	  0.026132368
1.58	  0.025628205
1.59	  0.025133163
1.6	  0.02464711
1.61	  0.024169914
1.62	  0.023701442
1.63	  0.023241566
1.64	  0.022790153
1.65	  0.02234707
1.66	  0.021912191
1.67	  0.021485385
1.68	  0.021066522
1.69	  0.020655477
1.7	  0.020252125
1.71	  0.019856337
1.72	  0.01946799
1.73	  0.01908696
1.74	  0.018713128
1.75	  0.01834637
1.76	  0.017986566
1.77	  0.017633598
1.78	  0.01728735
1.79	  0.016947705
1.8	  0.01661455
1.81	  0.016287772
1.82	  0.015967257
1.83	  0.015652897
1.84	  0.015344581
1.85	  0.0150422035
1.86	  0.014745657
1.87	  0.014454839
1.88	  0.014169644
1.89	  0.013889971
1.9	  0.013615722
1.91	  0.013346795
1.92	  0.013083095
1.93	  0.012824525
1.94	  0.012570992
1.95	  0.012322401
1.96	  0.012078662
1.97	  0.011839684
1.98	  0.01160538
1.99	  0.011375661
2.0	  0.011150441
2.01	  0.010929638
2.02	  0.010713166
2.03	  0.010500944
2.04	  0.010292893
2.05	  0.010088933
2.06	  0.009888987
2.07	  0.009692977
2.08	  0.00950083
2.09	  0.009312471
2.1	  0.009127828
2.11	  0.00894683
2.12	  0.008769406
2.13	  0.008595488
2.14	  0.0084250085
2.15	  0.008257901
2.16	  0.0080941
2.17	  0.007933543
2.18	  0.007776165
2.19	  0.0076219053
2.2	  0.007470703
2.21	  0.0073224995
2.22	  0.007177235
2.23	  0.0070348536
2.24	  0.006895298
2.25	  0.0067585134
2.26	  0.0066244453
2.27	  0.006493041
2.28	  0.0063642478
2.29	  0.0062380144
2.3	  0.006114291
2.31	  0.0059930277
2.32	  0.005874176
2.33	  0.005757689
2.34	  0.00564352
2.35	  0.005531623
2.36	  0.0054219533
2.37	  0.0053144665
2.38	  0.00520912
2.39	  0.005105871
2.4	  0.0050046784
2.41	  0.004905501
2.42	  0.0048082997
2.43	  0.0047130343
2.44	  0.004619667
2.45	  0.0045281597
2.46	  0.004438476
2.47	  0.0043505793
2.48	  0.0042644343
2.49	  0.0041800058
2.5	  0.0040972596
2.51	  0.004016163
2.52	  0.0039366824
2.53	  0.0038587858
2.54	  0.0037824418
2.55	  0.0037076194
2.56	  0.003634288
2.57	  0.003562418
2.58	  0.0034919805
2.59	  0.0034229464
2.6	  0.0033552882
2.61	  0.003288978
2.62	  0.0032239892
2.63	  0.0031602953
2.64	  0.0030978704
2.65	  0.003036689
2.66	  0.0029767265
2.67	  0.0029179584
2.68	  0.002860361
2.69	  0.0028039105
2.7	  0.0027485841
2.71	  0.0026943597
2.72	  0.0026412148
2.73	  0.0025891277
2.74	  0.0025380778
2.75	  0.0024880439
2.76	  0.0024390058
2.77	  0.0023909435
2.78	  0.0023438374
2.79	  0.0022976687
2.8	  0.0022524183
2.81	  0.002208068
2.82	  0.0021645995
2.83	  0.0021219954
2.84	  0.0020802384
2.85	  0.0020393117
2.86	  0.0019991982
2.87	  0.0019598817
2.88	  0.0019213466
2.89	  0.0018835772
2.9	  0.0018465578
2.91	  0.0018102737
2.92	  0.0017747101
2.93	  0.0017398526
2.94	  0.001705687
2.95	  0.0016721996
2.96	  0.0016393765
2.97	  0.0016072048
2.98	  0.0015756711
2.99	  0.001544763
3.0	  0.0015144678
3.01	  0.001484773
3.02	  0.001455667
3.03	  0.0014271378
3.04	  0.0013991739
3.05	  0.001371764
3.06	  0.001344897
3.07	  0.0013185621
3.08	  0.0012927485
3.09	  0.001267446
3.1	  0.0012426443
3.11	  0.0012183333
3.12	  0.0011945032
3.13	  0.0011711445
3.14	  0.0011482477
3.15	  0.0011258037
3.16	  0.0011038034
3.17	  0.0010822378
3.18	  0.0010610983
3.19	  0.0010403765
3.2	  0.0010200639
3.21	  0.0010001524
3.22	  9.80634E-4
3.23	  9.61501E-4
3.24	  9.427454E-4
3.25	  9.2435995E-4
3.26	  9.063371E-4
3.27	  8.886697E-4
3.28	  8.7135064E-4
3.29	  8.54373E-4
3.3	  8.3772995E-4
3.31	  8.214148E-4
3.32	  8.054211E-4
3.33	  7.8974233E-4
3.34	  7.7437237E-4
3.35	  7.593049E-4
3.36	  7.445341E-4
3.37	  7.300538E-4
3.38	  7.158585E-4
3.39	  7.019423E-4
3.4	  6.8829977E-4
3.41	  6.749255E-4
3.42	  6.6181406E-4
3.43	  6.4896024E-4
3.44	  6.36359E-4
3.45	  6.240052E-4
3.46	  6.1189407E-4
3.47	  6.000207E-4
3.48	  5.883803E-4
3.49	  5.769684E-4
3.5	  5.657804E-4
3.51	  5.548118E-4
3.52	  5.4405833E-4
3.53	  5.3351565E-4
3.54	  5.231796E-4
3.55	  5.1304616E-4
3.56	  5.0311117E-4
3.57	  4.9337087E-4
3.58	  4.8382123E-4
3.59	  4.744586E-4
3.6	  4.6527918E-4
3.61	  4.5627943E-4
3.62	  4.4745574E-4
3.63	  4.3880462E-4
3.64	  4.303227E-4
3.65	  4.220066E-4
3.66	  4.1385303E-4
3.67	  4.058588E-4
3.68	  3.9802075E-4
3.69	  3.903358E-4
3.7	  3.828009E-4
3.71	  3.7541313E-4
3.72	  3.6816954E-4
3.73	  3.610673E-4
3.74	  3.5410363E-4
3.75	  3.4727578E-4
3.76	  3.405811E-4
3.77	  3.340169E-4
3.78	  3.2758064E-4
3.79	  3.2126982E-4
3.8	  3.1508194E-4
3.81	  3.0901458E-4
3.82	  3.0306538E-4
3.83	  2.9723198E-4
3.84	  2.9151214E-4
3.85	  2.8590357E-4
3.86	  2.8040414E-4
3.87	  2.7501167E-4
3.88	  2.6972409E-4
3.89	  2.6453927E-4
3.9	  2.5945524E-4
3.91	  2.5446998E-4
3.92	  2.495816E-4
3.93	  2.4478813E-4
3.94	  2.4008777E-4
3.95	  2.3547866E-4
3.96	  2.30959E-4
3.97	  2.2652705E-4
3.98	  2.2218109E-4
3.99	  2.1791941E-4
4.0	  2.1374038E-4


