
X-Axis: Normalized Interevent Time
Y-Axis: Probability
Number of Data Sets: 3


DATASET #1

     Name: Bruce 2410 Histogram
   Points: 41
     Info: 

Data[x,y]:
0.05	  0.0042284606
0.15	  0.004683597
0.25	  0.0063288044
0.35	  0.008526145
0.45	  0.013463839
0.55	  0.022576936
0.65	  0.03786298
0.75	  0.06116656
0.85	  0.13376334
0.95	  0.24072379
1.05	  0.23384203
1.15	  0.1059797
1.25	  0.043795507
1.35	  0.022540044
1.45	  0.015186975
1.55	  0.011783398
1.65	  0.01024928
1.75	  0.00701524
1.85	  0.0046160314
1.95	  0.0027718572
2.05	  0.0020112235
2.15	  0.001307378
2.25	  9.1939274E-4
2.35	  9.077863E-4
2.45	  8.522414E-4
2.55	  4.6467053E-4
2.65	  4.5389315E-4
2.75	  3.5192264E-4
2.85	  2.578279E-4
2.95	  3.0922767E-4
3.05	  1.4922515E-4
3.15	  1.247688E-4
3.25	  1.243543E-4
3.35	  1.1772206E-4
3.45	  9.9897945E-5
3.55	  8.373189E-5
3.65	  5.471589E-5
3.75	  4.0207888E-5
3.85	  2.9016E-5
3.95	  2.4870858E-5
4.05	  2.114023E-4



DATASET #2

     Name: Log-Normal Fit
   Points: 401
     Info: 

Data[x,y]:
0.005	  0.0
0.015	  1.30726E-39
0.025	  5.146245E-32
0.035	  4.005096E-27
0.045	  1.2947629E-23
0.055	  6.2373893E-21
0.065	  8.5642843E-19
0.075	  4.8583537E-17
0.085	  1.4351507E-15
0.095	  2.5742009E-14
0.105	  3.1202723E-13
0.115	  2.761367E-12
0.125	  1.8898149E-11
0.135	  1.044996E-10
0.145	  4.830698E-10
0.155	  1.917824E-9
0.165	  6.681971E-9
0.175	  2.0793864E-8
0.185	  5.8638488E-8
0.195	  1.5165885E-7
0.205	  3.6338656E-7
0.215	  8.135593E-7
0.225	  1.714292E-6
0.235	  3.4210836E-6
0.245	  6.5007675E-6
0.255	  1.1817325E-5
0.265	  2.0634856E-5
0.275	  3.473511E-5
0.285	  5.654494E-5
0.295	  8.9267356E-5
0.305	  1.3700817E-4
0.315	  2.0488957E-4
0.325	  2.9914165E-4
0.335	  4.2716332E-4
0.345	  5.975452E-4
0.355	  8.20049E-4
0.365	  0.0011055402
0.375	  0.0014658717
0.385	  0.0019137219
0.395	  0.002462389
0.405	  0.003125548
0.415	  0.0039169793
0.425	  0.0048502744
0.435	  0.0059385337
0.445	  0.007194058
0.455	  0.008628055
0.465	  0.010250358
0.475	  0.01206917
0.485	  0.014090847
0.495	  0.01631971
0.505	  0.018757911
0.515	  0.021405326
0.525	  0.024259515
0.535	  0.02731571
0.545	  0.030566856
0.555	  0.034003686
0.565	  0.03761485
0.575	  0.04138704
0.585	  0.0453052
0.595	  0.04935269
0.605	  0.053511538
0.615	  0.057762645
0.625	  0.062086042
0.635	  0.066461116
0.645	  0.07086687
0.655	  0.07528212
0.665	  0.079685755
0.675	  0.084056936
0.685	  0.0883753
0.695	  0.09262112
0.705	  0.09677548
0.715	  0.10082044
0.725	  0.10473911
0.735	  0.108515814
0.745	  0.112136126
0.755	  0.11558696
0.765	  0.11885659
0.775	  0.12193472
0.785	  0.12481246
0.795	  0.12748234
0.805	  0.1299383
0.815	  0.13217565
0.825	  0.134191
0.835	  0.13598229
0.845	  0.13754866
0.855	  0.13889039
0.865	  0.1400089
0.875	  0.1409066
0.885	  0.14158684
0.895	  0.14205383
0.905	  0.14231257
0.915	  0.14236876
0.925	  0.14222874
0.935	  0.14189936
0.945	  0.14138798
0.955	  0.14070234
0.965	  0.13985048
0.975	  0.13884075
0.985	  0.13768166
0.995	  0.1363819
1.005	  0.13495018
1.015	  0.1333953
1.025	  0.131726
1.035	  0.12995099
1.045	  0.12807886
1.055	  0.12611808
1.065	  0.12407695
1.075	  0.12196355
1.085	  0.11978578
1.095	  0.11755126
1.105	  0.115267396
1.115	  0.11294128
1.125	  0.11057974
1.135	  0.1081893
1.145	  0.10577619
1.155	  0.103346325
1.165	  0.10090533
1.175	  0.0984585
1.185	  0.09601082
1.195	  0.09356699
1.205	  0.09113139
1.215	  0.08870811
1.225	  0.086300954
1.235	  0.08391342
1.245	  0.08154876
1.255	  0.079209946
1.265	  0.07689968
1.275	  0.07462043
1.285	  0.072374426
1.295	  0.07016366
1.305	  0.06798991
1.315	  0.06585474
1.325	  0.06375953
1.335	  0.061705455
1.345	  0.059693523
1.355	  0.057724576
1.365	  0.05579929
1.375	  0.053918198
1.385	  0.052081704
1.395	  0.050290063
1.405	  0.048543435
1.415	  0.046841845
1.425	  0.045185227
1.435	  0.043573428
1.445	  0.04200619
1.455	  0.04048319
1.465	  0.03900403
1.475	  0.037568238
1.485	  0.03617529
1.495	  0.034824606
1.505	  0.033515558
1.515	  0.03224748
1.525	  0.03101966
1.535	  0.029831365
1.545	  0.028681824
1.555	  0.027570248
1.565	  0.026495824
1.575	  0.025457727
1.585	  0.024455115
1.595	  0.02348714
1.605	  0.022552945
1.615	  0.02165167
1.625	  0.020782452
1.635	  0.01994443
1.645	  0.019136742
1.655	  0.018358536
1.665	  0.017608965
1.675	  0.016887184
1.685	  0.016192364
1.695	  0.015523682
1.705	  0.014880331
1.715	  0.014261512
1.725	  0.013666442
1.735	  0.013094349
1.745	  0.012544478
1.755	  0.0120160915
1.765	  0.011508464
1.775	  0.011020886
1.785	  0.010552666
1.795	  0.010103131
1.805	  0.00967162
1.815	  0.009257494
1.825	  0.008860125
1.835	  0.008478909
1.845	  0.008113254
1.855	  0.007762585
1.865	  0.007426346
1.875	  0.0071039973
1.885	  0.0067950133
1.895	  0.0064988863
1.905	  0.006215125
1.915	  0.0059432527
1.925	  0.0056828083
1.935	  0.005433346
1.945	  0.005194436
1.955	  0.0049656606
1.965	  0.0047466187
1.975	  0.0045369216
1.985	  0.004336195
1.995	  0.004144077
2.005	  0.0039602206
2.015	  0.0037842887
2.025	  0.0036159577
2.035	  0.0034549164
2.045	  0.0033008645
2.055	  0.0031535127
2.065	  0.0030125831
2.075	  0.0028778082
2.085	  0.0027489306
2.095	  0.002625703
2.105	  0.0025078875
2.115	  0.0023952555
2.125	  0.0022875874
2.135	  0.002184672
2.145	  0.0020863074
2.155	  0.0019922983
2.165	  0.0019024586
2.175	  0.001816609
2.185	  0.0017345774
2.195	  0.001656199
2.205	  0.0015813156
2.215	  0.0015097756
2.225	  0.0014414336
2.235	  0.00137615
2.245	  0.0013137914
2.255	  0.0012542296
2.265	  0.0011973421
2.275	  0.0011430113
2.285	  0.0010911245
2.295	  0.0010415742
2.305	  9.94257E-4
2.315	  9.4907416E-4
2.325	  9.05931E-4
2.335	  8.6473697E-4
2.345	  8.2540547E-4
2.355	  7.8785355E-4
2.365	  7.520019E-4
2.375	  7.177745E-4
2.385	  6.850988E-4
2.395	  6.539054E-4
2.405	  6.241278E-4
2.415	  5.957025E-4
2.425	  5.685687E-4
2.435	  5.4266845E-4
2.445	  5.179461E-4
2.455	  4.943486E-4
2.465	  4.7182525E-4
2.475	  4.5032753E-4
2.485	  4.298091E-4
2.495	  4.1022568E-4
2.505	  3.9153494E-4
2.515	  3.7369644E-4
2.525	  3.5667155E-4
2.535	  3.4042334E-4
2.545	  3.249166E-4
2.555	  3.101176E-4
2.565	  2.959942E-4
2.575	  2.8251566E-4
2.585	  2.696526E-4
2.595	  2.5737705E-4
2.605	  2.456622E-4
2.615	  2.3448253E-4
2.625	  2.2381362E-4
2.635	  2.1363214E-4
2.645	  2.0391589E-4
2.655	  1.946436E-4
2.665	  1.8579498E-4
2.675	  1.773507E-4
2.685	  1.6929225E-4
2.695	  1.6160202E-4
2.705	  1.5426315E-4
2.715	  1.4725958E-4
2.725	  1.4057595E-4
2.735	  1.3419763E-4
2.745	  1.2811064E-4
2.755	  1.2230164E-4
2.765	  1.1675791E-4
2.775	  1.1146729E-4
2.785	  1.0641819E-4
2.795	  1.0159956E-4
2.805	  9.700082E-5
2.815	  9.26119E-5
2.825	  8.84232E-5
2.835	  8.442553E-5
2.845	  8.0610145E-5
2.855	  7.6968696E-5
2.865	  7.3493204E-5
2.875	  7.0176065E-5
2.885	  6.7010034E-5
2.895	  6.398818E-5
2.905	  6.110389E-5
2.915	  5.8350885E-5
2.925	  5.5723132E-5
2.935	  5.3214902E-5
2.945	  5.0820716E-5
2.955	  4.853536E-5
2.965	  4.6353845E-5
2.975	  4.427142E-5
2.985	  4.228355E-5
2.995	  4.0385912E-5
3.005	  3.857437E-5
3.015	  3.684499E-5
3.025	  3.5194018E-5
3.035	  3.3617864E-5
3.045	  3.2113112E-5
3.055	  3.0676496E-5
3.065	  2.9304905E-5
3.075	  2.7995367E-5
3.085	  2.674505E-5
3.095	  2.5551251E-5
3.105	  2.4411393E-5
3.115	  2.332301E-5
3.125	  2.2283757E-5
3.135	  2.1291395E-5
3.145	  2.0343785E-5
3.155	  1.9438889E-5
3.165	  1.8574761E-5
3.175	  1.7749548E-5
3.185	  1.6961474E-5
3.195	  1.6208853E-5
3.205	  1.5490072E-5
3.215	  1.4803591E-5
3.225	  1.4147944E-5
3.235	  1.352173E-5
3.245	  1.2923611E-5
3.255	  1.2352315E-5
3.265	  1.1806623E-5
3.275	  1.1285374E-5
3.285	  1.078746E-5
3.295	  1.03118255E-5
3.305	  9.85746E-6
3.315	  9.423401E-6
3.325	  9.008731E-6
3.335	  8.612571E-6
3.345	  8.234086E-6
3.355	  7.872476E-6
3.365	  7.526981E-6
3.375	  7.196872E-6
3.385	  6.881456E-6
3.395	  6.58007E-6
3.405	  6.2920817E-6
3.415	  6.0168877E-6
3.425	  5.753912E-6
3.435	  5.502605E-6
3.445	  5.262442E-6
3.455	  5.0329218E-6
3.465	  4.8135666E-6
3.475	  4.6039204E-6
3.485	  4.4035464E-6
3.495	  4.21203E-6
3.505	  4.0289733E-6
3.515	  3.853998E-6
3.525	  3.6867418E-6
3.535	  3.5268597E-6
3.545	  3.3740216E-6
3.555	  3.2279129E-6
3.565	  3.088233E-6
3.575	  2.9546948E-6
3.585	  2.8270244E-6
3.595	  2.7049603E-6
3.605	  2.5882523E-6
3.615	  2.4766623E-6
3.625	  2.3699624E-6
3.635	  2.267935E-6
3.645	  2.1703725E-6
3.655	  2.0770765E-6
3.665	  1.9878578E-6
3.675	  1.9025351E-6
3.685	  1.820936E-6
3.695	  1.7428954E-6
3.705	  1.6682557E-6
3.715	  1.5968664E-6
3.725	  1.5285838E-6
3.735	  1.4632706E-6
3.745	  1.4007954E-6
3.755	  1.3410335E-6
3.765	  1.2838647E-6
3.775	  1.2291748E-6
3.785	  1.1768547E-6
3.795	  1.1268E-6
3.805	  1.0789113E-6
3.815	  1.033093E-6
3.825	  9.892543E-7
3.835	  9.473083E-7
3.845	  9.07172E-7
3.855	  8.68766E-7
3.865	  8.3201445E-7
3.875	  7.9684503E-7
3.885	  7.631884E-7
3.895	  7.3097846E-7
3.905	  7.0015204E-7
3.915	  6.7064866E-7
3.925	  6.424106E-7
3.935	  6.1538276E-7
3.945	  5.8951235E-7
3.955	  5.6474903E-7
3.965	  5.410445E-7
3.975	  5.183529E-7
3.985	  4.966301E-7
3.995	  4.758341E-7
4.005	  4.5592463E-7



DATASET #3

     Name: BPT Fit
   Points: 401
     Info: Mean = 100.0, Aperiodicity = 0.5, Duration = 30.0, Delta T = 1.0, Num Points = 500, Historic Open Interval = 0.0
Computed mean = 0.99519795

Data[x,y]:
0.0	  0.0
0.01	  0.0
0.02	  0.0
0.03	  0.0
0.04	  0.0
0.05	  9.8E-45
0.06	  1.4520597E-36
0.07	  9.773458E-31
0.08	  2.2034917E-26
0.09	  5.1777984E-23
0.1	  2.504202E-20
0.11	  3.8421625E-18
0.12	  2.4946777E-16
0.13	  8.366647E-15
0.14	  1.6709556E-13
0.15	  2.2055595E-12
0.16	  2.080325E-11
0.17	  1.4883887E-10
0.18	  8.4608165E-10
0.19	  3.9637214E-9
0.2	  1.5757415E-8
0.21	  5.442853E-8
0.22	  1.6654143E-7
0.23	  4.586699E-7
0.24	  1.1522027E-6
0.25	  2.6696196E-6
0.26	  5.759098E-6
0.27	  1.1660775E-5
0.28	  2.2312659E-5
0.29	  4.058779E-5
0.3	  7.054797E-5
0.31	  1.1769404E-4
0.32	  1.8918984E-4
0.33	  2.9403597E-4
0.34	  4.4317206E-4
0.35	  6.494905E-4
0.36	  9.277507E-4
0.37	  0.0012943901
0.38	  0.0017672359
0.39	  0.0023651281
0.4	  0.003107469
0.41	  0.00401372
0.42	  0.0051028677
0.43	  0.006392885
0.44	  0.007900204
0.45	  0.009639228
0.46	  0.011621898
0.47	  0.013857324
0.48	  0.016351495
0.49	  0.019107077
0.5	  0.022123294
0.51	  0.02539589
0.52	  0.028917184
0.53	  0.03267619
0.54	  0.03665881
0.55	  0.040848073
0.56	  0.045224443
0.57	  0.049766146
0.58	  0.05444951
0.59	  0.05924936
0.6	  0.06413937
0.61	  0.06909248
0.62	  0.074081205
0.63	  0.079078026
0.64	  0.0840557
0.65	  0.08898756
0.66	  0.09384781
0.67	  0.09861174
0.68	  0.10325594
0.69	  0.107758485
0.7	  0.11209909
0.71	  0.11625919
0.72	  0.12022205
0.73	  0.123972826
0.74	  0.12749857
0.75	  0.13078824
0.76	  0.1338327
0.77	  0.13662466
0.78	  0.13915865
0.79	  0.14143091
0.8	  0.14343938
0.81	  0.1451835
0.82	  0.14666426
0.83	  0.14788394
0.84	  0.14884612
0.85	  0.14955552
0.86	  0.15001789
0.87	  0.15023994
0.88	  0.15022917
0.89	  0.14999378
0.9	  0.14954263
0.91	  0.14888504
0.92	  0.1480308
0.93	  0.14698999
0.94	  0.14577293
0.95	  0.14439015
0.96	  0.14285225
0.97	  0.14116983
0.98	  0.13935353
0.99	  0.13741384
1.0	  0.13536112
1.01	  0.13320558
1.02	  0.13095717
1.03	  0.12862562
1.04	  0.12622035
1.05	  0.12375046
1.06	  0.12122476
1.07	  0.11865167
1.08	  0.11603928
1.09	  0.11339529
1.1	  0.11072702
1.11	  0.10804142
1.12	  0.10534504
1.13	  0.10264407
1.14	  0.0999443
1.15	  0.09725115
1.16	  0.09456966
1.17	  0.09190453
1.18	  0.08926009
1.19	  0.08664033
1.2	  0.084048904
1.21	  0.08148916
1.22	  0.07896412
1.23	  0.07647652
1.24	  0.0740288
1.25	  0.07162314
1.26	  0.069261454
1.27	  0.06694542
1.28	  0.06467648
1.29	  0.06245585
1.3	  0.060284555
1.31	  0.058163416
1.32	  0.05609307
1.33	  0.054073997
1.34	  0.052106507
1.35	  0.05019077
1.36	  0.04832682
1.37	  0.04651457
1.38	  0.044753805
1.39	  0.04304422
1.4	  0.041385405
1.41	  0.039776865
1.42	  0.038218025
1.43	  0.03670824
1.44	  0.0352468
1.45	  0.033832945
1.46	  0.032465853
1.47	  0.031144664
1.48	  0.029868485
1.49	  0.028636387
1.5	  0.027447412
1.51	  0.026300581
1.52	  0.025194896
1.53	  0.02412935
1.54	  0.023102917
1.55	  0.022114573
1.56	  0.021163287
1.57	  0.020248028
1.58	  0.019367764
1.59	  0.018521475
1.6	  0.017708141
1.61	  0.016926758
1.62	  0.016176324
1.63	  0.015455857
1.64	  0.014764385
1.65	  0.014100953
1.66	  0.013464623
1.67	  0.012854471
1.68	  0.012269595
1.69	  0.011709108
1.7	  0.011172146
1.71	  0.010657863
1.72	  0.010165434
1.73	  0.009694055
1.74	  0.009242941
1.75	  0.0088113295
1.76	  0.00839848
1.77	  0.008003671
1.78	  0.0076262024
1.79	  0.007265397
1.8	  0.0069205957
1.81	  0.0065911617
1.82	  0.006276478
1.83	  0.0059759472
1.84	  0.0056889923
1.85	  0.0054150554
1.86	  0.0051535973
1.87	  0.004904099
1.88	  0.004666057
1.89	  0.004438989
1.9	  0.004222428
1.91	  0.0040159244
1.92	  0.0038190463
1.93	  0.0036313767
1.94	  0.0034525155
1.95	  0.003282077
1.96	  0.0031196908
1.97	  0.0029650014
1.98	  0.0028176666
1.99	  0.0026773585
2.0	  0.0025437616
2.01	  0.002416574
2.02	  0.0022955053
2.03	  0.0021802776
2.04	  0.0020706241
2.05	  0.00196629
2.06	  0.0018670298
2.07	  0.0017726095
2.08	  0.0016828048
2.09	  0.0015974008
2.1	  0.0015161919
2.11	  0.0014389815
2.12	  0.0013655816
2.13	  0.0012958123
2.14	  0.0012295018
2.15	  0.0011664856
2.16	  0.001106607
2.17	  0.0010497158
2.18	  9.95669E-4
2.19	  9.443297E-4
2.2	  8.955675E-4
2.21	  8.492576E-4
2.22	  8.052812E-4
2.23	  7.635249E-4
2.24	  7.238805E-4
2.25	  6.862447E-4
2.26	  6.5051916E-4
2.27	  6.1661005E-4
2.28	  5.84428E-4
2.29	  5.5388774E-4
2.3	  5.2490813E-4
2.31	  4.974117E-4
2.32	  4.713249E-4
2.33	  4.4657747E-4
2.34	  4.2310258E-4
2.35	  4.0083664E-4
2.36	  3.7971907E-4
2.37	  3.5969223E-4
2.38	  3.4070126E-4
2.39	  3.2269396E-4
2.4	  3.0562063E-4
2.41	  2.8943407E-4
2.42	  2.7408934E-4
2.43	  2.5954368E-4
2.44	  2.4575647E-4
2.45	  2.3268905E-4
2.46	  2.2030472E-4
2.47	  2.0856854E-4
2.48	  1.9744736E-4
2.49	  1.869096E-4
2.5	  1.7692534E-4
2.51	  1.6746609E-4
2.52	  1.585048E-4
2.53	  1.500158E-4
2.54	  1.4197465E-4
2.55	  1.3435823E-4
2.56	  1.2714449E-4
2.57	  1.20312565E-4
2.58	  1.13842594E-4
2.59	  1.07715765E-4
2.6	  1.0191419E-4
2.61	  9.642092E-5
2.62	  9.121984E-5
2.63	  8.629567E-5
2.64	  8.1633916E-5
2.65	  7.722082E-5
2.66	  7.3043346E-5
2.67	  6.908909E-5
2.68	  6.534633E-5
2.69	  6.180391E-5
2.7	  5.8451285E-5
2.71	  5.527843E-5
2.72	  5.2275842E-5
2.73	  4.9434526E-5
2.74	  4.6745936E-5
2.75	  4.4201977E-5
2.76	  4.1794978E-5
2.77	  3.9517665E-5
2.78	  3.7363145E-5
2.79	  3.532488E-5
2.8	  3.3396682E-5
2.81	  3.1572683E-5
2.82	  2.984732E-5
2.83	  2.8215327E-5
2.84	  2.6671714E-5
2.85	  2.521175E-5
2.86	  2.3830957E-5
2.87	  2.252509E-5
2.88	  2.1290132E-5
2.89	  2.0122276E-5
2.9	  1.9017916E-5
2.91	  1.7973638E-5
2.92	  1.6986209E-5
2.93	  1.6052565E-5
2.94	  1.5169811E-5
2.95	  1.43352E-5
2.96	  1.3546132E-5
2.97	  1.2800149E-5
2.98	  1.2094922E-5
2.99	  1.1428245E-5
3.0	  1.0798031E-5
3.01	  1.0202306E-5
3.02	  9.639199E-6
3.03	  9.106941E-6
3.04	  8.603858E-6
3.05	  8.128365E-6
3.06	  7.678962E-6
3.07	  7.2542307E-6
3.08	  6.852828E-6
3.09	  6.473483E-6
3.1	  6.1149954E-6
3.11	  5.7762263E-6
3.12	  5.4561006E-6
3.13	  5.153601E-6
3.14	  4.8677643E-6
3.15	  4.59768E-6
3.16	  4.342487E-6
3.17	  4.10137E-6
3.18	  3.873559E-6
3.19	  3.658325E-6
3.2	  3.454979E-6
3.21	  3.2628689E-6
3.22	  3.0813783E-6
3.23	  2.9099247E-6
3.24	  2.7479566E-6
3.25	  2.594953E-6
3.26	  2.4504209E-6
3.27	  2.3138948E-6
3.28	  2.184934E-6
3.29	  2.0631219E-6
3.3	  1.9480651E-6
3.31	  1.8393911E-6
3.32	  1.7367482E-6
3.33	  1.6398038E-6
3.34	  1.5482434E-6
3.35	  1.4617699E-6
3.36	  1.3801024E-6
3.37	  1.3029752E-6
3.38	  1.2301376E-6
3.39	  1.1613522E-6
3.4	  1.0963951E-6
3.41	  1.0350542E-6
3.42	  9.771295E-7
3.43	  9.2243164E-7
3.44	  8.7078195E-7
3.45	  8.2201143E-7
3.46	  7.759605E-7
3.47	  7.324782E-7
3.48	  6.914221E-7
3.49	  6.5265743E-7
3.5	  6.1605704E-7
3.51	  5.815007E-7
3.52	  5.4887477E-7
3.53	  5.1807194E-7
3.54	  4.8899085E-7
3.55	  4.615357E-7
3.56	  4.3561607E-7
3.57	  4.1114643E-7
3.58	  3.8804606E-7
3.59	  3.6623868E-7
3.6	  3.4565227E-7
3.61	  3.2621872E-7
3.62	  3.0787382E-7
3.63	  2.905568E-7
3.64	  2.7421035E-7
3.65	  2.5878026E-7
3.66	  2.442154E-7
3.67	  2.3046749E-7
3.68	  2.1749085E-7
3.69	  2.0524239E-7
3.7	  1.9368143E-7
3.71	  1.8276953E-7
3.72	  1.7247038E-7
3.73	  1.6274973E-7
3.74	  1.5357519E-7
3.75	  1.4491619E-7
3.76	  1.3674389E-7
3.77	  1.2903104E-7
3.78	  1.2175187E-7
3.79	  1.1488211E-7
3.8	  1.08398815E-7
3.81	  1.0228031E-7
3.82	  9.6506156E-8
3.83	  9.1057025E-8
3.84	  8.59147E-8
3.85	  8.106195E-8
3.86	  7.6482536E-8
3.87	  7.21611E-8
3.88	  6.808317E-8
3.89	  6.423506E-8
3.9	  6.060387E-8
3.91	  5.7177395E-8
3.92	  5.394414E-8
3.93	  5.089325E-8
3.94	  4.8014456E-8
3.95	  4.5298087E-8
3.96	  4.273501E-8
3.97	  4.0316593E-8
3.98	  3.80347E-8
3.99	  3.5881644E-8
4.0	  3.3850174E-8


