
X-Axis: Normalized Interevent Time
Y-Axis: Probability
Number of Data Sets: 3


DATASET #1

     Name: aRed0_15 Histogram
   Points: 41
     Info: 

Data[x,y]:
0.05	  0.0028959475
0.15	  0.004359959
0.25	  0.011423414
0.35	  0.021955589
0.45	  0.029403947
0.55	  0.03493695
0.65	  0.04165674
0.75	  0.09066103
0.85	  0.16577008
0.95	  0.22035778
1.05	  0.15904342
1.15	  0.08099489
1.25	  0.035248537
1.35	  0.016129328
1.45	  0.012131362
1.55	  0.01083231
1.65	  0.009049836
1.75	  0.007340677
1.85	  0.0061241044
1.95	  0.0046073976
2.05	  0.004094192
2.15	  0.0033885336
2.25	  0.0032968896
2.35	  0.0026233068
2.45	  0.0024216904
2.55	  0.0022727689
2.65	  0.0021719607
2.75	  0.0016014773
2.85	  0.0014227717
2.95	  0.0014044429
3.05	  0.0011432577
3.15	  9.462233E-4
3.25	  7.4231566E-4
3.35	  7.9271983E-4
3.45	  6.5296283E-4
3.55	  7.2856905E-4
3.65	  4.948771E-4
3.75	  4.7196614E-4
3.85	  4.6738394E-4
3.95	  3.7574003E-4
4.05	  0.003562657



DATASET #2

     Name: Log-Normal Fit
   Points: 401
     Info: 

Data[x,y]:
0.005	  0.0
0.015	  3.529756E-15
0.025	  2.3631741E-12
0.035	  1.5547597E-10
0.045	  3.0764218E-9
0.055	  2.9467842E-8
0.065	  1.7496646E-7
0.075	  7.4348407E-7
0.085	  2.4737437E-6
0.095	  6.8395957E-6
0.105	  1.637325E-5
0.115	  3.494848E-5
0.125	  6.7968955E-5
0.135	  1.224275E-4
0.145	  2.0682627E-4
0.155	  3.3096888E-4
0.165	  5.056501E-4
0.175	  7.422765E-4
0.185	  0.0010524521
0.195	  0.0014475628
0.205	  0.0019383832
0.215	  0.002534729
0.225	  0.0032451658
0.235	  0.0040767826
0.245	  0.005035032
0.255	  0.006123633
0.265	  0.0073445374
0.275	  0.008697942
0.285	  0.010182355
0.295	  0.011794686
0.305	  0.013530382
0.315	  0.015383563
0.325	  0.017347187
0.335	  0.01941322
0.345	  0.021572798
0.355	  0.023816401
0.365	  0.02613401
0.375	  0.02851526
0.385	  0.030949585
0.395	  0.033426348
0.405	  0.035934955
0.415	  0.038464963
0.425	  0.041006178
0.435	  0.043548714
0.445	  0.046083085
0.455	  0.048600245
0.465	  0.051091634
0.475	  0.053549204
0.485	  0.055965465
0.495	  0.05833348
0.505	  0.060646884
0.515	  0.06289989
0.525	  0.06508726
0.535	  0.06720434
0.545	  0.06924702
0.555	  0.07121171
0.565	  0.07309534
0.575	  0.07489533
0.585	  0.07660958
0.595	  0.07823642
0.605	  0.07977461
0.615	  0.081223294
0.625	  0.082582
0.635	  0.08385058
0.645	  0.08502922
0.655	  0.086118385
0.665	  0.08711882
0.675	  0.08803149
0.685	  0.088857606
0.695	  0.08959857
0.705	  0.09025594
0.715	  0.09083146
0.725	  0.09132699
0.735	  0.09174453
0.745	  0.09208616
0.755	  0.09235405
0.765	  0.09255047
0.775	  0.09267771
0.785	  0.09273814
0.795	  0.09273412
0.805	  0.09266809
0.815	  0.09254244
0.825	  0.09235962
0.835	  0.09212204
0.845	  0.09183211
0.855	  0.09149222
0.865	  0.09110473
0.875	  0.09067199
0.885	  0.090196274
0.895	  0.08967985
0.905	  0.08912494
0.915	  0.08853371
0.925	  0.087908275
0.935	  0.08725071
0.945	  0.08656302
0.955	  0.08584717
0.965	  0.085105054
0.975	  0.08433852
0.985	  0.08354937
0.995	  0.082739316
1.005	  0.08191003
1.015	  0.08106312
1.025	  0.08020015
1.035	  0.0793226
1.045	  0.07843192
1.055	  0.077529475
1.065	  0.0766166
1.075	  0.07569456
1.085	  0.07476457
1.095	  0.073827796
1.105	  0.07288533
1.115	  0.07193825
1.125	  0.070987545
1.135	  0.07003419
1.145	  0.06907909
1.155	  0.06812312
1.165	  0.06716709
1.175	  0.06621179
1.185	  0.06525795
1.195	  0.064306274
1.205	  0.063357405
1.215	  0.062411983
1.225	  0.061470576
1.235	  0.06053374
1.245	  0.05960199
1.255	  0.0586758
1.265	  0.057755627
1.275	  0.05684189
1.285	  0.05593498
1.295	  0.055035263
1.305	  0.054143075
1.315	  0.053258725
1.325	  0.052382503
1.335	  0.05151467
1.345	  0.05065547
1.355	  0.049805123
1.365	  0.048963834
1.375	  0.048131775
1.385	  0.04730911
1.395	  0.046495993
1.405	  0.04569254
1.415	  0.04489887
1.425	  0.04411508
1.435	  0.043341253
1.445	  0.042577453
1.455	  0.041823745
1.465	  0.041080166
1.475	  0.04034675
1.485	  0.03962352
1.495	  0.038910493
1.505	  0.038207665
1.515	  0.037515026
1.525	  0.036832567
1.535	  0.03616026
1.545	  0.03549808
1.555	  0.03484598
1.565	  0.03420392
1.575	  0.03357185
1.585	  0.03294971
1.595	  0.03233744
1.605	  0.031734966
1.615	  0.031142225
1.625	  0.030559137
1.635	  0.029985623
1.645	  0.029421598
1.655	  0.028866975
1.665	  0.028321663
1.675	  0.027785571
1.685	  0.0272586
1.695	  0.026740655
1.705	  0.026231633
1.715	  0.025731435
1.725	  0.025239956
1.735	  0.024757091
1.745	  0.024282735
1.755	  0.023816777
1.765	  0.023359112
1.775	  0.02290963
1.785	  0.022468222
1.795	  0.022034775
1.805	  0.021609182
1.815	  0.021191329
1.825	  0.020781105
1.835	  0.020378402
1.845	  0.019983107
1.855	  0.01959511
1.865	  0.0192143
1.875	  0.018840566
1.885	  0.018473802
1.895	  0.018113894
1.905	  0.017760739
1.915	  0.017414223
1.925	  0.017074244
1.935	  0.016740693
1.945	  0.016413465
1.955	  0.016092455
1.965	  0.01577756
1.975	  0.0154686775
1.985	  0.015165703
1.995	  0.01486854
2.005	  0.014577084
2.015	  0.01429124
2.025	  0.014010908
2.035	  0.013735992
2.045	  0.013466397
2.055	  0.013202029
2.065	  0.012942796
2.075	  0.012688603
2.085	  0.012439362
2.095	  0.012194982
2.105	  0.011955375
2.115	  0.011720454
2.125	  0.0114901345
2.135	  0.01126433
2.145	  0.011042958
2.155	  0.010825936
2.165	  0.0106131835
2.175	  0.01040462
2.185	  0.010200169
2.195	  0.00999975
2.205	  0.00980329
2.215	  0.009610712
2.225	  0.009421943
2.235	  0.00923691
2.245	  0.009055544
2.255	  0.008877771
2.265	  0.008703525
2.275	  0.008532738
2.285	  0.008365341
2.295	  0.008201272
2.305	  0.008040464
2.315	  0.007882854
2.325	  0.00772838
2.335	  0.007576981
2.345	  0.0074285977
2.355	  0.00728317
2.365	  0.0071406397
2.375	  0.007000951
2.385	  0.006864048
2.395	  0.0067298748
2.405	  0.0065983785
2.415	  0.006469506
2.425	  0.006343205
2.435	  0.006219425
2.445	  0.006098116
2.455	  0.0059792283
2.465	  0.0058627143
2.475	  0.0057485267
2.485	  0.0056366194
2.495	  0.005526946
2.505	  0.005419463
2.515	  0.0053141257
2.525	  0.005210892
2.535	  0.005109719
2.545	  0.0050105657
2.555	  0.0049133915
2.565	  0.004818157
2.575	  0.004724823
2.585	  0.0046333508
2.595	  0.004543704
2.605	  0.004455845
2.615	  0.004369738
2.625	  0.004285348
2.635	  0.00420264
2.645	  0.0041215806
2.655	  0.0040421356
2.665	  0.0039642733
2.675	  0.0038879612
2.685	  0.003813168
2.695	  0.0037398634
2.705	  0.003668017
2.715	  0.0035975992
2.725	  0.0035285815
2.735	  0.003460935
2.745	  0.0033946326
2.755	  0.0033296465
2.765	  0.0032659504
2.775	  0.003203518
2.785	  0.0031423236
2.795	  0.0030823424
2.805	  0.00302355
2.815	  0.0029659218
2.825	  0.0029094343
2.835	  0.0028540646
2.845	  0.0027997901
2.855	  0.0027465883
2.865	  0.0026944377
2.875	  0.0026433172
2.885	  0.0025932053
2.895	  0.0025440822
2.905	  0.0024959277
2.915	  0.002448722
2.925	  0.002402446
2.935	  0.0023570808
2.945	  0.002312608
2.955	  0.0022690098
2.965	  0.0022262682
2.975	  0.0021843659
2.985	  0.0021432862
2.995	  0.002103012
3.005	  0.0020635272
3.015	  0.002024816
3.025	  0.0019868629
3.035	  0.0019496521
3.045	  0.0019131689
3.055	  0.0018773986
3.065	  0.0018423268
3.075	  0.0018079395
3.085	  0.0017742227
3.095	  0.001741163
3.105	  0.0017087471
3.115	  0.0016769621
3.125	  0.0016457953
3.135	  0.0016152342
3.145	  0.0015852667
3.155	  0.0015558808
3.165	  0.0015270647
3.175	  0.0014988072
3.185	  0.0014710969
3.195	  0.0014439229
3.205	  0.0014172742
3.215	  0.0013911406
3.225	  0.0013655117
3.235	  0.0013403773
3.245	  0.0013157275
3.255	  0.0012915526
3.265	  0.0012678432
3.275	  0.0012445898
3.285	  0.0012217835
3.295	  0.0011994152
3.305	  0.0011774763
3.315	  0.001155958
3.325	  0.0011348523
3.335	  0.0011141506
3.345	  0.0010938451
3.355	  0.0010739277
3.365	  0.0010543909
3.375	  0.001035227
3.385	  0.0010164287
3.395	  9.979885E-4
3.405	  9.798995E-4
3.415	  9.621548E-4
3.425	  9.447474E-4
3.435	  9.2767074E-4
3.445	  9.1091817E-4
3.455	  8.944833E-4
3.465	  8.7835995E-4
3.475	  8.6254184E-4
3.485	  8.47023E-4
3.495	  8.3179754E-4
3.505	  8.1685965E-4
3.515	  8.0220366E-4
3.525	  7.8782404E-4
3.535	  7.737153E-4
3.545	  7.598722E-4
3.555	  7.462895E-4
3.565	  7.3296204E-4
3.575	  7.198848E-4
3.585	  7.0705294E-4
3.595	  6.9446163E-4
3.605	  6.821061E-4
3.615	  6.699818E-4
3.625	  6.5808423E-4
3.635	  6.464089E-4
3.645	  6.349515E-4
3.655	  6.237078E-4
3.665	  6.126735E-4
3.675	  6.0184475E-4
3.685	  5.9121737E-4
3.695	  5.807875E-4
3.705	  5.705513E-4
3.715	  5.60505E-4
3.725	  5.50645E-4
3.735	  5.409675E-4
3.745	  5.314692E-4
3.755	  5.221464E-4
3.765	  5.129958E-4
3.775	  5.0401414E-4
3.785	  4.9519807E-4
3.795	  4.865444E-4
3.805	  4.7805003E-4
3.815	  4.6971187E-4
3.825	  4.615269E-4
3.835	  4.5349225E-4
3.845	  4.456049E-4
3.855	  4.3786212E-4
3.865	  4.302611E-4
3.875	  4.2279912E-4
3.885	  4.1547354E-4
3.895	  4.082817E-4
3.905	  4.0122107E-4
3.915	  3.9428912E-4
3.925	  3.8748342E-4
3.935	  3.8080156E-4
3.945	  3.7424115E-4
3.955	  3.6779992E-4
3.965	  3.6147554E-4
3.975	  3.5526583E-4
3.985	  3.491686E-4
3.995	  3.4318172E-4
4.005	  3.3730306E-4



DATASET #3

     Name: BPT Fit
   Points: 401
     Info: Mean = 100.0, Aperiodicity = 0.5, Duration = 30.0, Delta T = 1.0, Num Points = 500, Historic Open Interval = 0.0
Computed mean = 0.997041

Data[x,y]:
0.0	  0.0
0.01	  0.0
0.02	  1.37E-43
0.03	  1.7767637E-28
0.04	  5.570029E-21
0.05	  1.6105285E-16
0.06	  1.4324932E-13
0.07	  1.7554153E-11
0.08	  6.260465E-10
0.09	  9.834762E-9
0.1	  8.72135E-8
0.11	  5.110416E-7
0.12	  2.1971719E-6
0.13	  7.4510676E-6
0.14	  2.0984651E-5
0.15	  5.0966795E-5
0.16	  1.0980581E-4
0.17	  2.1441771E-4
0.18	  3.8587244E-4
0.19	  6.48462E-4
0.2	  0.0010283471
0.21	  0.0015519904
0.22	  0.0022445829
0.23	  0.003128631
0.24	  0.0042228173
0.25	  0.005541193
0.26	  0.0070927087
0.27	  0.008881068
0.28	  0.010904843
0.29	  0.013157814
0.3	  0.01562946
0.31	  0.018305544
0.32	  0.021168768
0.33	  0.024199426
0.34	  0.027376045
0.35	  0.03067599
0.36	  0.03407601
0.37	  0.03755272
0.38	  0.04108303
0.39	  0.04464448
0.4	  0.04821553
0.41	  0.051775794
0.42	  0.055306196
0.43	  0.058789097
0.44	  0.06220836
0.45	  0.0655494
0.46	  0.0687992
0.47	  0.07194626
0.48	  0.07498061
0.49	  0.0778937
0.5	  0.08067836
0.51	  0.08332874
0.52	  0.08584019
0.53	  0.088209204
0.54	  0.09043334
0.55	  0.092511065
0.56	  0.09444177
0.57	  0.09622561
0.58	  0.09786344
0.59	  0.09935676
0.6	  0.10070761
0.61	  0.10191853
0.62	  0.102992475
0.63	  0.10393275
0.64	  0.10474298
0.65	  0.10542704
0.66	  0.10598902
0.67	  0.10643315
0.68	  0.10676383
0.69	  0.1069855
0.7	  0.1071027
0.71	  0.10711998
0.72	  0.107041895
0.73	  0.10687302
0.74	  0.106617846
0.75	  0.10628084
0.76	  0.10586641
0.77	  0.105378866
0.78	  0.104822434
0.79	  0.10420125
0.8	  0.103519335
0.81	  0.1027806
0.82	  0.101988845
0.83	  0.10114773
0.84	  0.100260824
0.85	  0.09933154
0.86	  0.098363176
0.87	  0.09735891
0.88	  0.09632179
0.89	  0.09525473
0.9	  0.09416051
0.91	  0.09304184
0.92	  0.091901235
0.93	  0.09074114
0.94	  0.089563884
0.95	  0.088371664
0.96	  0.08716656
0.97	  0.08595058
0.98	  0.084725596
0.99	  0.08349339
1.0	  0.08225565
1.01	  0.08101396
1.02	  0.07976983
1.03	  0.07852466
1.04	  0.07727978
1.05	  0.07603644
1.06	  0.07479581
1.07	  0.073558986
1.08	  0.07232698
1.09	  0.07110076
1.1	  0.06988121
1.11	  0.06866915
1.12	  0.06746535
1.13	  0.06627052
1.14	  0.06508533
1.15	  0.063910365
1.16	  0.06274618
1.17	  0.0615933
1.18	  0.060452178
1.19	  0.059323236
1.2	  0.058206856
1.21	  0.05710338
1.22	  0.056013126
1.23	  0.054936357
1.24	  0.05387332
1.25	  0.05282423
1.26	  0.05178926
1.27	  0.05076858
1.28	  0.049762316
1.29	  0.048770573
1.3	  0.047793437
1.31	  0.046830975
1.32	  0.045883223
1.33	  0.044950217
1.34	  0.044031955
1.35	  0.04312844
1.36	  0.042239636
1.37	  0.041365515
1.38	  0.04050602
1.39	  0.039661095
1.4	  0.03883066
1.41	  0.038014635
1.42	  0.03721292
1.43	  0.036425415
1.44	  0.035652008
1.45	  0.034892578
1.46	  0.034146998
1.47	  0.033415135
1.48	  0.032696854
1.49	  0.031992007
1.5	  0.031300448
1.51	  0.030622019
1.52	  0.029956568
1.53	  0.029303933
1.54	  0.02866395
1.55	  0.028036455
1.56	  0.027421277
1.57	  0.026818246
1.58	  0.026227193
1.59	  0.025647942
1.6	  0.02508032
1.61	  0.024524152
1.62	  0.023979262
1.63	  0.023445474
1.64	  0.022922613
1.65	  0.0224105
1.66	  0.021908965
1.67	  0.021417826
1.68	  0.020936916
1.69	  0.020466054
1.7	  0.02000507
1.71	  0.019553794
1.72	  0.01911205
1.73	  0.018679675
1.74	  0.018256497
1.75	  0.01784235
1.76	  0.017437069
1.77	  0.01704049
1.78	  0.01665245
1.79	  0.01627279
1.8	  0.015901353
1.81	  0.01553798
1.82	  0.0151825175
1.83	  0.014834813
1.84	  0.014494715
1.85	  0.014162075
1.86	  0.013836746
1.87	  0.013518583
1.88	  0.013207445
1.89	  0.012903189
1.9	  0.012605677
1.91	  0.012314775
1.92	  0.012030345
1.93	  0.011752258
1.94	  0.011480382
1.95	  0.01121459
1.96	  0.010954755
1.97	  0.010700754
1.98	  0.010452465
1.99	  0.010209769
2.0	  0.009972547
2.01	  0.009740685
2.02	  0.009514069
2.03	  0.009292588
2.04	  0.0090761315
2.05	  0.008864593
2.06	  0.008657866
2.07	  0.008455848
2.08	  0.008258437
2.09	  0.008065534
2.1	  0.00787704
2.11	  0.007692859
2.12	  0.007512898
2.13	  0.007337065
2.14	  0.0071652685
2.15	  0.0069974205
2.16	  0.0068334336
2.17	  0.006673223
2.18	  0.0065167043
2.19	  0.006363797
2.2	  0.0062144203
2.21	  0.006068496
2.22	  0.0059259464
2.23	  0.0057866964
2.24	  0.005650673
2.25	  0.0055178027
2.26	  0.0053880154
2.27	  0.005261242
2.28	  0.0051374137
2.29	  0.005016465
2.3	  0.00489833
2.31	  0.0047829463
2.32	  0.00467025
2.33	  0.0045601814
2.34	  0.0044526802
2.35	  0.004347688
2.36	  0.0042451476
2.37	  0.0041450034
2.38	  0.0040472
2.39	  0.003951685
2.4	  0.003858405
2.41	  0.003767309
2.42	  0.0036783472
2.43	  0.0035914704
2.44	  0.0035066307
2.45	  0.0034237811
2.46	  0.003342876
2.47	  0.0032638703
2.48	  0.0031867204
2.49	  0.0031113832
2.5	  0.0030378168
2.51	  0.0029659804
2.52	  0.002895834
2.53	  0.002827338
2.54	  0.0027604545
2.55	  0.0026951458
2.56	  0.0026313756
2.57	  0.002569108
2.58	  0.0025083078
2.59	  0.0024489413
2.6	  0.0023909747
2.61	  0.0023343756
2.62	  0.0022791119
2.63	  0.0022251527
2.64	  0.0021724673
2.65	  0.002121026
2.66	  0.0020707995
2.67	  0.0020217597
2.68	  0.0019738786
2.69	  0.0019271292
2.7	  0.001881485
2.71	  0.0018369199
2.72	  0.0017934088
2.73	  0.0017509268
2.74	  0.0017094498
2.75	  0.0016689543
2.76	  0.001629417
2.77	  0.0015908154
2.78	  0.0015531277
2.79	  0.0015163323
2.8	  0.0014804081
2.81	  0.0014453348
2.82	  0.001411092
2.83	  0.0013776604
2.84	  0.001345021
2.85	  0.0013131548
2.86	  0.0012820438
2.87	  0.00125167
2.88	  0.001222016
2.89	  0.001193065
2.9	  0.0011648003
2.91	  0.0011372056
2.92	  0.0011102653
2.93	  0.0010839636
2.94	  0.0010582856
2.95	  0.0010332166
2.96	  0.0010087421
2.97	  9.84848E-4
2.98	  9.6152077E-4
2.99	  9.387467E-4
3.0	  9.16513E-4
3.01	  8.948066E-4
3.02	  8.7361515E-4
3.03	  8.5292646E-4
3.04	  8.327286E-4
3.05	  8.130099E-4
3.06	  7.93759E-4
3.07	  7.749649E-4
3.08	  7.5661676E-4
3.09	  7.3870394E-4
3.1	  7.212161E-4
3.11	  7.0414325E-4
3.12	  6.8747543E-4
3.13	  6.712032E-4
3.14	  6.55317E-4
3.15	  6.398078E-4
3.16	  6.246666E-4
3.17	  6.0988456E-4
3.18	  5.9545337E-4
3.19	  5.8136455E-4
3.2	  5.6761E-4
3.21	  5.5418187E-4
3.22	  5.410723E-4
3.23	  5.282737E-4
3.24	  5.157788E-4
3.25	  5.035803E-4
3.26	  4.9167126E-4
3.27	  4.800447E-4
3.28	  4.6869396E-4
3.29	  4.5761248E-4
3.3	  4.4679386E-4
3.31	  4.3623184E-4
3.32	  4.2592036E-4
3.33	  4.1585343E-4
3.34	  4.0602527E-4
3.35	  3.9643017E-4
3.36	  3.8706264E-4
3.37	  3.7791723E-4
3.38	  3.689887E-4
3.39	  3.6027186E-4
3.4	  3.517617E-4
3.41	  3.434533E-4
3.42	  3.3534187E-4
3.43	  3.2742275E-4
3.44	  3.1969135E-4
3.45	  3.1214318E-4
3.46	  3.0477392E-4
3.47	  2.9757933E-4
3.48	  2.905552E-4
3.49	  2.8369756E-4
3.5	  2.770024E-4
3.51	  2.7046588E-4
3.52	  2.6408423E-4
3.53	  2.5785377E-4
3.54	  2.5177086E-4
3.55	  2.4583208E-4
3.56	  2.4003393E-4
3.57	  2.3437312E-4
3.58	  2.2884634E-4
3.59	  2.2345046E-4
3.6	  2.1818234E-4
3.61	  2.1303893E-4
3.62	  2.0801729E-4
3.63	  2.0311453E-4
3.64	  1.983278E-4
3.65	  1.9365438E-4
3.66	  1.8909156E-4
3.67	  1.8463671E-4
3.68	  1.8028727E-4
3.69	  1.7604075E-4
3.7	  1.7189467E-4
3.71	  1.6784668E-4
3.72	  1.6389444E-4
3.73	  1.6003568E-4
3.74	  1.5626816E-4
3.75	  1.5258974E-4
3.76	  1.489983E-4
3.77	  1.4549177E-4
3.78	  1.4206812E-4
3.79	  1.387254E-4
3.8	  1.354617E-4
3.81	  1.3227513E-4
3.82	  1.2916386E-4
3.83	  1.261261E-4
3.84	  1.2316012E-4
3.85	  1.202642E-4
3.86	  1.1743669E-4
3.87	  1.1467597E-4
3.88	  1.11980444E-4
3.89	  1.0934857E-4
3.9	  1.0677885E-4
3.91	  1.04269784E-4
3.92	  1.0181996E-4
3.93	  9.942796E-5
3.94	  9.709242E-5
3.95	  9.4812E-5
3.96	  9.258539E-5
3.97	  9.041132E-5
3.98	  8.8288536E-5
3.99	  8.621583E-5
4.0	  8.419201E-5


