
X-Axis: Normalized Interevent Time
Y-Axis: Probability
Number of Data Sets: 3


DATASET #1

     Name: aRed0_15 Histogram
   Points: 41
     Info: 

Data[x,y]:
0.05	  0.037605196
0.15	  0.021147223
0.25	  0.021397134
0.35	  0.022938572
0.45	  0.025471123
0.55	  0.028942311
0.65	  0.03540061
0.75	  0.046727233
0.85	  0.07188613
0.95	  0.11373389
1.05	  0.14916861
1.15	  0.14131515
1.25	  0.103452824
1.35	  0.06582336
1.45	  0.040228263
1.55	  0.025576727
1.65	  0.01656948
1.75	  0.0105454065
1.85	  0.0068951496
1.95	  0.00463809
2.05	  0.0031038667
2.15	  0.0020550326
2.25	  0.0013512184
2.35	  9.970155E-4
2.45	  7.005346E-4
2.55	  4.807976E-4
2.65	  4.132367E-4
2.75	  2.8729788E-4
2.85	  2.433505E-4
2.95	  1.7382178E-4
3.05	  1.4824046E-4
3.15	  1.1478797E-4
3.25	  8.855072E-5
3.35	  6.9528716E-5
3.45	  5.641009E-5
3.55	  3.7388083E-5
3.65	  3.673215E-5
3.75	  3.2140633E-5
3.85	  2.8205044E-5
3.95	  2.09898E-5
4.05	  9.838969E-5



DATASET #2

     Name: Log-Normal Fit
   Points: 401
     Info: 

Data[x,y]:
0.005	  0.0
0.015	  1.9564057E-20
0.025	  1.3720073E-16
0.035	  4.1307686E-14
0.045	  2.4664674E-12
0.055	  5.54879E-11
0.065	  6.5395644E-10
0.075	  4.88997E-9
0.085	  2.6169948E-8
0.095	  1.08608965E-7
0.105	  3.6956143E-7
0.115	  1.0731433E-6
0.125	  2.7393148E-6
0.135	  6.2861236E-6
0.145	  1.319512E-5
0.155	  2.5683878E-5
0.165	  4.6866324E-5
0.175	  8.088173E-5
0.185	  1.3297617E-4
0.195	  2.095254E-4
0.205	  3.1799372E-4
0.215	  4.6682986E-4
0.225	  6.6530553E-4
0.235	  9.233064E-4
0.245	  0.0012510882
0.255	  0.0016590111
0.265	  0.0021572665
0.275	  0.002755608
0.285	  0.0034630985
0.295	  0.0042878827
0.305	  0.0052369884
0.315	  0.006316169
0.325	  0.0075297793
0.335	  0.008880692
0.345	  0.010370254
0.355	  0.011998278
0.365	  0.013763069
0.375	  0.015661474
0.385	  0.017688958
0.395	  0.019839715
0.405	  0.022106767
0.415	  0.024482103
0.425	  0.026956812
0.435	  0.029521216
0.445	  0.03216502
0.455	  0.03487745
0.465	  0.037647378
0.475	  0.040463466
0.485	  0.043314286
0.495	  0.046188414
0.505	  0.049074564
0.515	  0.05196166
0.525	  0.054838937
0.535	  0.057695985
0.545	  0.060522854
0.555	  0.06331007
0.565	  0.066048704
0.575	  0.06873038
0.585	  0.07134732
0.595	  0.07389238
0.605	  0.07635901
0.615	  0.07874131
0.625	  0.081034
0.635	  0.083232395
0.645	  0.08533245
0.655	  0.08733071
0.665	  0.08922427
0.675	  0.09101081
0.685	  0.09268851
0.695	  0.094256066
0.705	  0.095712654
0.715	  0.097057894
0.725	  0.09829182
0.735	  0.099414885
0.745	  0.10042786
0.755	  0.10133188
0.765	  0.102128394
0.775	  0.10281911
0.785	  0.103405975
0.795	  0.103891194
0.805	  0.10427716
0.815	  0.104566425
0.825	  0.10476171
0.835	  0.10486587
0.845	  0.10488187
0.855	  0.10481274
0.865	  0.10466162
0.875	  0.10443169
0.885	  0.10412616
0.895	  0.10374829
0.905	  0.103301324
0.915	  0.10278853
0.925	  0.102213144
0.935	  0.1015784
0.945	  0.10088748
0.955	  0.10014354
0.965	  0.099349685
0.975	  0.09850896
0.985	  0.09762437
0.995	  0.09669882
1.005	  0.095735185
1.015	  0.09473623
1.025	  0.09370468
1.035	  0.092643134
1.045	  0.091554165
1.055	  0.090440206
1.065	  0.08930366
1.075	  0.0881468
1.085	  0.086971834
1.095	  0.085780896
1.105	  0.084576
1.115	  0.083359115
1.125	  0.08213209
1.135	  0.08089673
1.145	  0.079654716
1.155	  0.07840767
1.165	  0.07715713
1.175	  0.07590458
1.185	  0.074651375
1.195	  0.07339885
1.205	  0.07214824
1.215	  0.07090072
1.225	  0.069657385
1.235	  0.06841928
1.245	  0.06718736
1.255	  0.06596256
1.265	  0.06474571
1.275	  0.06353762
1.285	  0.06233902
1.295	  0.06115059
1.305	  0.059972975
1.315	  0.058806755
1.325	  0.057652462
1.335	  0.05651059
1.345	  0.055381596
1.355	  0.054265875
1.365	  0.053163808
1.375	  0.052075718
1.385	  0.051001903
1.395	  0.04994262
1.405	  0.048898105
1.415	  0.047868554
1.425	  0.04685413
1.435	  0.045854986
1.445	  0.044871226
1.455	  0.04390295
1.465	  0.042950224
1.475	  0.04201309
1.485	  0.04109158
1.495	  0.040185697
1.505	  0.039295428
1.515	  0.038420748
1.525	  0.03756161
1.535	  0.036717955
1.545	  0.035889708
1.555	  0.03507679
1.565	  0.034279093
1.575	  0.033496518
1.585	  0.032728937
1.595	  0.03197623
1.605	  0.031238252
1.615	  0.03051486
1.625	  0.029805906
1.635	  0.029111225
1.645	  0.028430656
1.655	  0.027764026
1.665	  0.027111162
1.675	  0.026471881
1.685	  0.025846003
1.695	  0.02523334
1.705	  0.024633702
1.715	  0.024046898
1.725	  0.023472734
1.735	  0.02291101
1.745	  0.022361536
1.755	  0.021824107
1.765	  0.021298528
1.775	  0.020784598
1.785	  0.020282118
1.795	  0.019790886
1.805	  0.019310707
1.815	  0.018841378
1.825	  0.018382706
1.835	  0.01793449
1.845	  0.017496534
1.855	  0.017068645
1.865	  0.01665063
1.875	  0.016242296
1.885	  0.015843453
1.895	  0.015453914
1.905	  0.015073491
1.915	  0.014702002
1.925	  0.014339262
1.935	  0.013985092
1.945	  0.013639315
1.955	  0.013301754
1.965	  0.012972238
1.975	  0.012650592
1.985	  0.012336652
1.995	  0.012030249
2.005	  0.011731222
2.015	  0.011439408
2.025	  0.011154651
2.035	  0.0108767925
2.045	  0.01060568
2.055	  0.010341165
2.065	  0.010083096
2.075	  0.009831331
2.085	  0.009585724
2.095	  0.009346138
2.105	  0.009112433
2.115	  0.008884474
2.125	  0.008662129
2.135	  0.0084452685
2.145	  0.008233763
2.155	  0.00802749
2.165	  0.0078263255
2.175	  0.00763015
2.185	  0.0074388445
2.195	  0.0072522955
2.205	  0.0070703886
2.215	  0.0068930136
2.225	  0.006720063
2.235	  0.00655143
2.245	  0.006387011
2.255	  0.006226705
2.265	  0.0060704118
2.275	  0.005918035
2.285	  0.005769479
2.295	  0.0056246514
2.305	  0.005483461
2.315	  0.0053458195
2.325	  0.005211639
2.335	  0.0050808354
2.345	  0.0049533253
2.355	  0.0048290277
2.365	  0.004707863
2.375	  0.0045897546
2.385	  0.0044746264
2.395	  0.0043624043
2.405	  0.004253017
2.415	  0.0041463925
2.425	  0.004042463
2.435	  0.003941161
2.445	  0.0038424216
2.455	  0.0037461796
2.465	  0.003652373
2.475	  0.003560941
2.485	  0.0034718234
2.495	  0.0033849627
2.505	  0.0033003015
2.515	  0.003217785
2.525	  0.0031373587
2.535	  0.0030589702
2.545	  0.0029825678
2.555	  0.0029081015
2.565	  0.0028355222
2.575	  0.0027647824
2.585	  0.0026958352
2.595	  0.0026286351
2.605	  0.0025631383
2.615	  0.002499301
2.625	  0.0024370812
2.635	  0.0023764381
2.645	  0.0023173313
2.655	  0.002259722
2.665	  0.0022035716
2.675	  0.0021488436
2.685	  0.0020955012
2.695	  0.0020435094
2.705	  0.0019928336
2.715	  0.0019434404
2.725	  0.001895297
2.735	  0.0018483715
2.745	  0.0018026328
2.755	  0.0017580506
2.765	  0.0017145955
2.775	  0.0016722386
2.785	  0.0016309517
2.795	  0.0015907077
2.805	  0.0015514797
2.815	  0.001513242
2.825	  0.0014759691
2.835	  0.0014396363
2.845	  0.0014042198
2.855	  0.001369696
2.865	  0.001336042
2.875	  0.0013032357
2.885	  0.0012712553
2.895	  0.0012400799
2.905	  0.0012096887
2.915	  0.0011800617
2.925	  0.0011511794
2.935	  0.0011230228
2.945	  0.0010955732
2.955	  0.0010688127
2.965	  0.0010427235
2.975	  0.0010172887
2.985	  9.924914E-4
2.995	  9.6831535E-4
3.005	  9.447447E-4
3.015	  9.2176395E-4
3.025	  8.9935807E-4
3.035	  8.7751244E-4
3.045	  8.562127E-4
3.055	  8.3544495E-4
3.065	  8.151956E-4
3.075	  7.9545146E-4
3.085	  7.761996E-4
3.095	  7.5742754E-4
3.105	  7.3912303E-4
3.115	  7.212742E-4
3.125	  7.0386933E-4
3.135	  6.8689726E-4
3.145	  6.703469E-4
3.155	  6.5420754E-4
3.165	  6.384687E-4
3.175	  6.231203E-4
3.185	  6.0815236E-4
3.195	  5.935552E-4
3.205	  5.793194E-4
3.215	  5.6543585E-4
3.225	  5.518956E-4
3.235	  5.386899E-4
3.245	  5.2581035E-4
3.255	  5.132486E-4
3.265	  5.0099666E-4
3.275	  4.890467E-4
3.285	  4.77391E-4
3.295	  4.660222E-4
3.305	  4.5493306E-4
3.315	  4.4411645E-4
3.325	  4.3356555E-4
3.335	  4.2327362E-4
3.345	  4.1323414E-4
3.355	  4.0344076E-4
3.365	  3.9388725E-4
3.375	  3.845676E-4
3.385	  3.7547588E-4
3.395	  3.6660643E-4
3.405	  3.579536E-4
3.415	  3.4951195E-4
3.425	  3.4127623E-4
3.435	  3.3324122E-4
3.445	  3.254019E-4
3.455	  3.1775338E-4
3.465	  3.1029087E-4
3.475	  3.0300967E-4
3.485	  2.9590534E-4
3.495	  2.8897336E-4
3.505	  2.8220948E-4
3.515	  2.756095E-4
3.525	  2.6916928E-4
3.535	  2.628849E-4
3.545	  2.567524E-4
3.555	  2.5076806E-4
3.565	  2.4492817E-4
3.575	  2.3922914E-4
3.585	  2.3366745E-4
3.595	  2.2823972E-4
3.605	  2.2294257E-4
3.615	  2.1777282E-4
3.625	  2.1272726E-4
3.635	  2.0780283E-4
3.645	  2.0299655E-4
3.655	  1.9830547E-4
3.665	  1.9372674E-4
3.675	  1.892576E-4
3.685	  1.8489533E-4
3.695	  1.8063729E-4
3.705	  1.7648091E-4
3.715	  1.7242371E-4
3.725	  1.684632E-4
3.735	  1.6459703E-4
3.745	  1.6082288E-4
3.755	  1.5713848E-4
3.765	  1.5354161E-4
3.775	  1.5003016E-4
3.785	  1.4660199E-4
3.795	  1.4325509E-4
3.805	  1.3998746E-4
3.815	  1.3679717E-4
3.825	  1.336823E-4
3.835	  1.3064104E-4
3.845	  1.2767156E-4
3.855	  1.2477214E-4
3.865	  1.2194105E-4
3.875	  1.1917662E-4
3.885	  1.1647725E-4
3.895	  1.13841335E-4
3.905	  1.1126735E-4
3.915	  1.08753775E-4
3.925	  1.0629915E-4
3.935	  1.0390204E-4
3.945	  1.0156106E-4
3.955	  9.927485E-5
3.965	  9.7042066E-5
3.975	  9.486144E-5
3.985	  9.2731694E-5
3.995	  9.065161E-5
4.005	  8.861998E-5



DATASET #3

     Name: BPT Fit
   Points: 401
     Info: Mean = 100.0, Aperiodicity = 0.5, Duration = 30.0, Delta T = 1.0, Num Points = 500, Historic Open Interval = 0.0
Computed mean = 0.99952507

Data[x,y]:
0.0	  0.0
0.01	  0.0
0.02	  0.0
0.03	  4.568346E-39
0.04	  9.6341155E-29
0.05	  1.3812392E-22
0.06	  1.6538633E-18
0.07	  1.2951738E-15
0.08	  1.8529663E-13
0.09	  8.560885E-12
0.1	  1.7966317E-10
0.11	  2.1272428E-9
0.12	  1.641474E-8
0.13	  9.120119E-8
0.14	  3.9172716E-7
0.15	  1.3701859E-6
0.16	  4.057934E-6
0.17	  1.0482712E-5
0.18	  2.4171948E-5
0.19	  5.0666426E-5
0.2	  9.7951095E-5
0.21	  1.7671667E-4
0.22	  3.0039265E-4
0.23	  4.8492948E-4
0.24	  7.4834505E-4
0.25	  0.0011100803
0.26	  0.0015902268
0.27	  0.0022086974
0.28	  0.0029844043
0.29	  0.0039345035
0.3	  0.0050737457
0.31	  0.0064139646
0.32	  0.0079637095
0.33	  0.009728037
0.34	  0.011708428
0.35	  0.013902853
0.36	  0.016305925
0.37	  0.018909149
0.38	  0.021701235
0.39	  0.024668457
0.4	  0.027795034
0.41	  0.03106352
0.42	  0.034455206
0.43	  0.037950486
0.44	  0.041529216
0.45	  0.045171037
0.46	  0.048855677
0.47	  0.0525632
0.48	  0.056274246
0.49	  0.059970196
0.5	  0.06363336
0.51	  0.067247085
0.52	  0.07079584
0.53	  0.07426531
0.54	  0.07764242
0.55	  0.080915354
0.56	  0.08407359
0.57	  0.08710785
0.58	  0.09001011
0.59	  0.09277352
0.6	  0.09539239
0.61	  0.09786216
0.62	  0.10017927
0.63	  0.10234117
0.64	  0.10434619
0.65	  0.106193565
0.66	  0.10788326
0.67	  0.10941598
0.68	  0.11079306
0.69	  0.112016454
0.7	  0.11308862
0.71	  0.114012495
0.72	  0.1147914
0.73	  0.11542905
0.74	  0.11592944
0.75	  0.11629684
0.76	  0.11653573
0.77	  0.11665077
0.78	  0.11664675
0.79	  0.11652857
0.8	  0.11630121
0.81	  0.11596967
0.82	  0.115539
0.83	  0.11501421
0.84	  0.1144003
0.85	  0.113702215
0.86	  0.11292486
0.87	  0.11207303
0.88	  0.11115144
0.89	  0.110164724
0.9	  0.10911738
0.91	  0.108013794
0.92	  0.10685822
0.93	  0.105654806
0.94	  0.104407534
0.95	  0.10312027
0.96	  0.10179672
0.97	  0.10044046
0.98	  0.099054925
0.99	  0.0976434
1.0	  0.096209034
1.01	  0.09475483
1.02	  0.09328365
1.03	  0.09179823
1.04	  0.09030116
1.05	  0.0887949
1.06	  0.08728178
1.07	  0.085764006
1.08	  0.08424366
1.09	  0.08272271
1.1	  0.08120299
1.11	  0.07968625
1.12	  0.0781741
1.13	  0.07666807
1.14	  0.075169586
1.15	  0.07367996
1.16	  0.07220043
1.17	  0.07073214
1.18	  0.06927614
1.19	  0.0678334
1.2	  0.06640483
1.21	  0.06499123
1.22	  0.06359336
1.23	  0.062211897
1.24	  0.060847457
1.25	  0.059500597
1.26	  0.05817181
1.27	  0.056861535
1.28	  0.055570163
1.29	  0.05429803
1.3	  0.053045426
1.31	  0.0518126
1.32	  0.05059976
1.33	  0.04940707
1.34	  0.048234656
1.35	  0.047082614
1.36	  0.04595101
1.37	  0.044839866
1.38	  0.043749195
1.39	  0.042678967
1.4	  0.04162914
1.41	  0.040599633
1.42	  0.039590362
1.43	  0.038601212
1.44	  0.037632048
1.45	  0.03668273
1.46	  0.035753082
1.47	  0.03484294
1.48	  0.033952106
1.49	  0.033080377
1.5	  0.03222754
1.51	  0.031393375
1.52	  0.030577645
1.53	  0.029780112
1.54	  0.029000532
1.55	  0.028238647
1.56	  0.027494201
1.57	  0.02676693
1.58	  0.026056565
1.59	  0.025362836
1.6	  0.02468547
1.61	  0.024024192
1.62	  0.023378722
1.63	  0.022748783
1.64	  0.022134094
1.65	  0.021534376
1.66	  0.02094935
1.67	  0.020378735
1.68	  0.019822253
1.69	  0.019279627
1.7	  0.01875058
1.71	  0.018234838
1.72	  0.01773213
1.73	  0.017242184
1.74	  0.016764732
1.75	  0.016299509
1.76	  0.015846252
1.77	  0.015404703
1.78	  0.014974603
1.79	  0.0145557
1.8	  0.014147743
1.81	  0.013750485
1.82	  0.013363684
1.83	  0.012987097
1.84	  0.012620491
1.85	  0.012263631
1.86	  0.011916291
1.87	  0.011578243
1.88	  0.0112492675
1.89	  0.010929146
1.9	  0.010617665
1.91	  0.010314616
1.92	  0.010019792
1.93	  0.009732991
1.94	  0.009454016
1.95	  0.009182671
1.96	  0.008918766
1.97	  0.008662116
1.98	  0.008412535
1.99	  0.008169847
2.0	  0.007933874
2.01	  0.007704446
2.02	  0.0074813943
2.03	  0.007264555
2.04	  0.0070537664
2.05	  0.0068488717
2.06	  0.0066497177
2.07	  0.006456153
2.08	  0.0062680314
2.09	  0.0060852086
2.1	  0.0059075453
2.11	  0.0057349037
2.12	  0.00556715
2.13	  0.0054041543
2.14	  0.0052457885
2.15	  0.005091928
2.16	  0.004942451
2.17	  0.0047972403
2.18	  0.0046561784
2.19	  0.004519154
2.2	  0.0043860557
2.21	  0.0042567775
2.22	  0.0041312133
2.23	  0.004009262
2.24	  0.0038908245
2.25	  0.003775803
2.26	  0.003664103
2.27	  0.003555633
2.28	  0.0034503029
2.29	  0.0033480253
2.3	  0.003248715
2.31	  0.0031522894
2.32	  0.0030586673
2.33	  0.0029677702
2.34	  0.0028795218
2.35	  0.0027938471
2.36	  0.0027106735
2.37	  0.0026299306
2.38	  0.0025515496
2.39	  0.002475463
2.4	  0.0024016064
2.41	  0.002329916
2.42	  0.00226033
2.43	  0.0021927883
2.44	  0.0021272327
2.45	  0.0020636064
2.46	  0.0020018541
2.47	  0.0019419219
2.48	  0.0018837576
2.49	  0.0018273103
2.5	  0.0017725306
2.51	  0.0017193704
2.52	  0.0016677828
2.53	  0.0016177226
2.54	  0.0015691452
2.55	  0.0015220081
2.56	  0.0014762691
2.57	  0.0014318879
2.58	  0.0013888248
2.59	  0.0013470416
2.6	  0.0013065009
2.61	  0.0012671665
2.62	  0.0012290032
2.63	  0.0011919767
2.64	  0.0011560539
2.65	  0.0011212024
2.66	  0.0010873908
2.67	  0.0010545886
2.68	  0.0010227661
2.69	  9.918947E-4
2.7	  9.619463E-4
2.71	  9.3289383E-4
2.72	  9.0471073E-4
2.73	  8.773716E-4
2.74	  8.508513E-4
2.75	  8.2512584E-4
2.76	  8.001717E-4
2.77	  7.7596604E-4
2.78	  7.5248675E-4
2.79	  7.297123E-4
2.8	  7.076218E-4
2.81	  6.8619504E-4
2.82	  6.654122E-4
2.83	  6.4525433E-4
2.84	  6.257028E-4
2.85	  6.067395E-4
2.86	  5.8834703E-4
2.87	  5.7050836E-4
2.88	  5.5320706E-4
2.89	  5.364271E-4
2.9	  5.2015285E-4
2.91	  5.043693E-4
2.92	  4.890619E-4
2.93	  4.7421627E-4
2.94	  4.598187E-4
2.95	  4.4585578E-4
2.96	  4.3231453E-4
2.97	  4.191823E-4
2.98	  4.064469E-4
2.99	  3.940964E-4
3.0	  3.821193E-4
3.01	  3.7050436E-4
3.02	  3.5924077E-4
3.03	  3.48318E-4
3.04	  3.3772577E-4
3.05	  3.2745418E-4
3.06	  3.1749363E-4
3.07	  3.078347E-4
3.08	  2.9846843E-4
3.09	  2.893859E-4
3.1	  2.8057865E-4
3.11	  2.720384E-4
3.12	  2.6375707E-4
3.13	  2.557269E-4
3.14	  2.4794028E-4
3.15	  2.4038988E-4
3.16	  2.3306863E-4
3.17	  2.2596956E-4
3.18	  2.1908601E-4
3.19	  2.1241145E-4
3.2	  2.0593958E-4
3.21	  1.9966428E-4
3.22	  1.9357962E-4
3.23	  1.8767982E-4
3.24	  1.8195932E-4
3.25	  1.7641268E-4
3.26	  1.7103464E-4
3.27	  1.6582012E-4
3.28	  1.6076416E-4
3.29	  1.5586196E-4
3.3	  1.5110886E-4
3.31	  1.4650037E-4
3.32	  1.4203209E-4
3.33	  1.3769978E-4
3.34	  1.3349933E-4
3.35	  1.2942671E-4
3.36	  1.254781E-4
3.37	  1.21649675E-4
3.38	  1.1793784E-4
3.39	  1.1433903E-4
3.4	  1.1084984E-4
3.41	  1.0746693E-4
3.42	  1.04187064E-4
3.43	  1.01007136E-4
3.44	  9.7924094E-5
3.45	  9.493501E-5
3.46	  9.203702E-5
3.47	  8.922736E-5
3.48	  8.650334E-5
3.49	  8.386237E-5
3.5	  8.1301914E-5
3.51	  7.881953E-5
3.52	  7.641284E-5
3.53	  7.407955E-5
3.54	  7.181742E-5
3.55	  6.962429E-5
3.56	  6.749806E-5
3.57	  6.543669E-5
3.58	  6.3438216E-5
3.59	  6.150071E-5
3.6	  5.962232E-5
3.61	  5.780126E-5
3.62	  5.6035766E-5
3.63	  5.4324155E-5
3.64	  5.2664782E-5
3.65	  5.105606E-5
3.66	  4.9496444E-5
3.67	  4.798444E-5
3.68	  4.651859E-5
3.69	  4.50975E-5
3.7	  4.3719792E-5
3.71	  4.2384152E-5
3.72	  4.1089297E-5
3.73	  3.983398E-5
3.74	  3.8617E-5
3.75	  3.7437185E-5
3.76	  3.62934E-5
3.77	  3.518455E-5
3.78	  3.4109566E-5
3.79	  3.306742E-5
3.8	  3.2057105E-5
3.81	  3.1077652E-5
3.82	  3.012812E-5
3.83	  2.9207593E-5
3.84	  2.831519E-5
3.85	  2.7450049E-5
3.86	  2.661134E-5
3.87	  2.5798257E-5
3.88	  2.5010017E-5
3.89	  2.424586E-5
3.9	  2.350505E-5
3.91	  2.2786877E-5
3.92	  2.209065E-5
3.93	  2.1415697E-5
3.94	  2.076137E-5
3.95	  2.0127038E-5
3.96	  1.9512088E-5
3.97	  1.8915933E-5
3.98	  1.8337996E-5
3.99	  1.7777722E-5
4.0	  1.7234568E-5


