
X-Axis: Average Normalized Interevent Time
Y-Axis: Probability
Number of Data Sets: 3


DATASET #1

     Name: Bruce 2737 Histogram
   Points: 41
     Info: 

Data[x,y]:
0.05	  0.0013607757
0.15	  0.009185236
0.25	  0.026194932
0.35	  0.043885015
0.45	  0.074162275
0.55	  0.121449225
0.65	  0.14832455
0.75	  0.16601463
0.85	  0.18217383
0.95	  0.15376765
1.05	  0.060724612
1.15	  0.011566593
1.25	  0.0011906787
1.35	  0.0
1.45	  0.0
1.55	  0.0
1.65	  0.0
1.75	  0.0
1.85	  0.0
1.95	  0.0
2.05	  0.0
2.15	  0.0
2.25	  0.0
2.35	  0.0
2.45	  0.0
2.55	  0.0
2.65	  0.0
2.75	  0.0
2.85	  0.0
2.95	  0.0
3.05	  0.0
3.15	  0.0
3.25	  0.0
3.35	  0.0
3.45	  0.0
3.55	  0.0
3.65	  0.0
3.75	  0.0
3.85	  0.0
3.95	  0.0
4.05	  0.0



DATASET #2

     Name: Log-Normal Fit
   Points: 401
     Info: 

Data[x,y]:
0.005	  0.0
0.015	  7.411868E-34
0.025	  7.5936344E-27
0.035	  2.2545104E-22
0.045	  3.4343986E-19
0.055	  8.911119E-17
0.065	  7.222946E-15
0.075	  2.5859656E-13
0.085	  5.0737773E-12
0.095	  6.295015E-11
0.105	  5.455815E-10
0.115	  3.5490513E-9
0.125	  1.8277321E-8
0.135	  7.760045E-8
0.145	  2.8029623E-7
0.155	  8.8295315E-7
0.165	  2.4742499E-6
0.175	  6.2679314E-6
0.185	  1.454501E-5
0.195	  3.1258383E-5
0.205	  6.278546E-5
0.215	  1.18781296E-4
0.225	  2.130527E-4
0.235	  3.6435065E-4
0.245	  5.9696817E-4
0.255	  9.4103784E-4
0.265	  0.0014324451
0.275	  0.002112308
0.285	  0.003026014
0.295	  0.0042218487
0.305	  0.0057492894
0.315	  0.0076570576
0.325	  0.009991061
0.335	  0.01279234
0.345	  0.016095143
0.355	  0.01992524
0.365	  0.024298562
0.375	  0.029220214
0.385	  0.03468392
0.395	  0.040671874
0.405	  0.047155023
0.415	  0.054093707
0.425	  0.061438642
0.435	  0.06913214
0.445	  0.07710957
0.455	  0.0853009
0.465	  0.09363235
0.475	  0.10202801
0.485	  0.11041149
0.495	  0.118707314
0.505	  0.1268424
0.515	  0.13474718
0.525	  0.14235672
0.535	  0.14961152
0.545	  0.1564582
0.555	  0.16284996
0.565	  0.16874693
0.575	  0.17411631
0.585	  0.17893234
0.595	  0.18317614
0.605	  0.1868356
0.615	  0.18990488
0.625	  0.1923841
0.635	  0.19427884
0.645	  0.19559966
0.655	  0.19636151
0.665	  0.19658324
0.675	  0.19628704
0.685	  0.19549784
0.695	  0.19424291
0.705	  0.19255126
0.715	  0.19045322
0.725	  0.18797998
0.735	  0.18516327
0.745	  0.18203488
0.755	  0.17862646
0.765	  0.17496915
0.775	  0.17109339
0.785	  0.16702868
0.795	  0.16280344
0.805	  0.15844485
0.815	  0.1539787
0.825	  0.1494294
0.835	  0.14481981
0.845	  0.1401713
0.855	  0.1355037
0.865	  0.13083522
0.875	  0.12618263
0.885	  0.12156115
0.895	  0.116984524
0.905	  0.11246511
0.915	  0.108013906
0.925	  0.10364059
0.935	  0.09935364
0.945	  0.09516035
0.955	  0.09106693
0.965	  0.087078564
0.975	  0.08319951
0.985	  0.07943311
0.995	  0.07578195
1.005	  0.072247826
1.015	  0.06883188
1.025	  0.065534666
1.035	  0.06235615
1.045	  0.059295826
1.055	  0.056352742
1.065	  0.05352556
1.075	  0.0508126
1.085	  0.04821188
1.095	  0.045721177
1.105	  0.043338038
1.115	  0.041059837
1.125	  0.03888379
1.135	  0.036807
1.145	  0.03482648
1.155	  0.032939166
1.165	  0.03114195
1.175	  0.029431699
1.185	  0.027805269
1.195	  0.026259521
1.205	  0.02479134
1.215	  0.023397634
1.225	  0.022075364
1.235	  0.020821534
1.245	  0.019633211
1.255	  0.018507525
1.265	  0.017441677
1.275	  0.016432947
1.285	  0.015478687
1.295	  0.014576336
1.305	  0.013723413
1.315	  0.012917523
1.325	  0.012156356
1.335	  0.011437687
1.345	  0.010759376
1.355	  0.010119369
1.365	  0.009515696
1.375	  0.008946466
1.385	  0.008409874
1.395	  0.007904189
1.405	  0.007427761
1.415	  0.006979015
1.425	  0.006556448
1.435	  0.0061586285
1.445	  0.005784194
1.455	  0.0054318476
1.465	  0.005100358
1.475	  0.0047885533
1.485	  0.0044953227
1.495	  0.0042196116
1.505	  0.0039604204
1.515	  0.0037168013
1.525	  0.0034878568
1.535	  0.0032727371
1.545	  0.0030706383
1.555	  0.0028808
1.565	  0.0027025035
1.575	  0.002535069
1.585	  0.0023778551
1.595	  0.0022302559
1.605	  0.0020916997
1.615	  0.0019616466
1.625	  0.0018395878
1.635	  0.0017250434
1.645	  0.0016175613
1.655	  0.0015167152
1.665	  0.0014221034
1.675	  0.001333348
1.685	  0.0012500929
1.695	  0.0011720029
1.705	  0.0010987628
1.715	  0.001030076
1.725	  9.656632E-4
1.735	  9.052621E-4
1.745	  8.4862584E-4
1.755	  7.955226E-4
1.765	  7.4573426E-4
1.775	  6.99056E-4
1.785	  6.552954E-4
1.795	  6.142716E-4
1.805	  5.758148E-4
1.815	  5.397656E-4
1.825	  5.0597417E-4
1.835	  4.743E-4
1.845	  4.4461116E-4
1.855	  4.1678376E-4
1.865	  3.9070164E-4
1.875	  3.662557E-4
1.885	  3.4334362E-4
1.895	  3.2186942E-4
1.905	  3.0174304E-4
1.915	  2.8288006E-4
1.925	  2.6520123E-4
1.935	  2.4863228E-4
1.945	  2.3310352E-4
1.955	  2.1854967E-4
1.965	  2.0490946E-4
1.975	  1.9212549E-4
1.985	  1.8014392E-4
1.995	  1.6891431E-4
2.005	  1.5838936E-4
2.015	  1.4852472E-4
2.025	  1.3927885E-4
2.035	  1.3061284E-4
2.045	  1.2249015E-4
2.055	  1.1487659E-4
2.065	  1.0774012E-4
2.075	  1.01050704E-4
2.085	  9.47802E-5
2.095	  8.8902234E-5
2.105	  8.33921E-5
2.115	  7.822664E-5
2.125	  7.338417E-5
2.135	  6.884437E-5
2.145	  6.458818E-5
2.155	  6.059778E-5
2.165	  5.685644E-5
2.175	  5.3348504E-5
2.185	  5.00593E-5
2.195	  4.697509E-5
2.205	  4.408298E-5
2.215	  4.1370917E-5
2.225	  3.882759E-5
2.235	  3.6442416E-5
2.245	  3.420547E-5
2.255	  3.210745E-5
2.265	  3.0139654E-5
2.275	  2.829392E-5
2.285	  2.6562602E-5
2.295	  2.4938538E-5
2.305	  2.3415014E-5
2.315	  2.1985745E-5
2.325	  2.0644837E-5
2.335	  1.9386769E-5
2.345	  1.8206369E-5
2.355	  1.7098788E-5
2.365	  1.6059485E-5
2.375	  1.50842025E-5
2.385	  1.41689525E-5
2.395	  1.3309997E-5
2.405	  1.2503832E-5
2.415	  1.17471745E-5
2.425	  1.1036948E-5
2.435	  1.037027E-5
2.445	  9.7444345E-6
2.455	  9.156909E-6
2.465	  8.6053205E-6
2.475	  8.087442E-6
2.485	  7.601187E-6
2.495	  7.1445993E-6
2.505	  6.7158453E-6
2.515	  6.3132056E-6
2.525	  5.9350687E-6
2.535	  5.5799233E-6
2.545	  5.2463524E-6
2.555	  4.9330283E-6
2.565	  4.6387045E-6
2.575	  4.3622126E-6
2.585	  4.1024578E-6
2.595	  3.858412E-6
2.605	  3.6291126E-6
2.615	  3.4136553E-6
2.625	  3.2111925E-6
2.635	  3.0209292E-6
2.645	  2.8421196E-6
2.655	  2.6740643E-6
2.665	  2.5161066E-6
2.675	  2.3676312E-6
2.685	  2.22806E-6
2.695	  2.0968514E-6
2.705	  1.9734966E-6
2.715	  1.8575183E-6
2.725	  1.7484688E-6
2.735	  1.6459278E-6
2.745	  1.5495008E-6
2.755	  1.4588177E-6
2.765	  1.3735311E-6
2.775	  1.2933147E-6
2.785	  1.2178623E-6
2.795	  1.1468867E-6
2.805	  1.0801181E-6
2.815	  1.0173029E-6
2.825	  9.582036E-7
2.835	  9.0259664E-7
2.845	  8.5027244E-7
2.855	  8.0103405E-7
2.865	  7.546965E-7
2.875	  7.1108616E-7
2.885	  6.7003987E-7
2.895	  6.314044E-7
2.905	  5.950359E-7
2.915	  5.6079904E-7
2.925	  5.2856683E-7
2.935	  4.9822006E-7
2.945	  4.6964647E-7
2.955	  4.4274077E-7
2.965	  4.1740398E-7
2.975	  3.9354305E-7
2.985	  3.7107057E-7
2.995	  3.4990438E-7
3.005	  3.299673E-7
3.015	  3.1118665E-7
3.025	  2.9349428E-7
3.035	  2.7682603E-7
3.045	  2.6112158E-7
3.055	  2.4632428E-7
3.065	  2.3238077E-7
3.075	  2.1924099E-7
3.085	  2.0685778E-7
3.095	  1.9518683E-7
3.105	  1.8418645E-7
3.115	  1.7381744E-7
3.125	  1.6404293E-7
3.135	  1.5482824E-7
3.145	  1.4614074E-7
3.155	  1.3794973E-7
3.165	  1.3022634E-7
3.175	  1.229434E-7
3.185	  1.1607535E-7
3.195	  1.0959813E-7
3.205	  1.0348911E-7
3.215	  9.7726975E-8
3.225	  9.2291685E-8
3.235	  8.716436E-8
3.245	  8.232725E-8
3.255	  7.7763616E-8
3.265	  7.3457734E-8
3.275	  6.939477E-8
3.285	  6.556078E-8
3.295	  6.194263E-8
3.305	  5.852794E-8
3.315	  5.5305062E-8
3.325	  5.226303E-8
3.335	  4.9391506E-8
3.345	  4.668076E-8
3.355	  4.4121627E-8
3.365	  4.170547E-8
3.375	  3.9424155E-8
3.385	  3.7270016E-8
3.395	  3.523584E-8
3.405	  3.3314816E-8
3.415	  3.1500537E-8
3.425	  2.978696E-8
3.435	  2.8168396E-8
3.445	  2.6639475E-8
3.455	  2.5195142E-8
3.465	  2.383063E-8
3.475	  2.2541444E-8
3.485	  2.1323352E-8
3.495	  2.0172356E-8
3.505	  1.9084695E-8
3.515	  1.8056816E-8
3.525	  1.7085373E-8
3.535	  1.616721E-8
3.545	  1.5299348E-8
3.555	  1.447898E-8
3.565	  1.3703459E-8
3.575	  1.2970287E-8
3.585	  1.2277107E-8
3.595	  1.1621698E-8
3.605	  1.1001962E-8
3.615	  1.0415921E-8
3.625	  9.861708E-9
3.635	  9.337561E-9
3.645	  8.84182E-9
3.655	  8.372915E-9
3.665	  7.929366E-9
3.675	  7.509775E-9
3.685	  7.112824E-9
3.695	  6.7372685E-9
3.705	  6.381933E-9
3.715	  6.0457084E-9
3.725	  5.7275464E-9
3.735	  5.426459E-9
3.745	  5.1415117E-9
3.755	  4.8718234E-9
3.765	  4.6165605E-9
3.775	  4.3749373E-9
3.785	  4.146211E-9
3.795	  3.9296792E-9
3.805	  3.7246801E-9
3.815	  3.5305874E-9
3.825	  3.3468095E-9
3.835	  3.172788E-9
3.845	  3.0079947E-9
3.855	  2.851931E-9
3.865	  2.7041254E-9
3.875	  2.5641327E-9
3.885	  2.4315316E-9
3.895	  2.3059246E-9
3.905	  2.1869353E-9
3.915	  2.0742086E-9
3.925	  1.9674085E-9
3.935	  1.8662174E-9
3.945	  1.7703347E-9
3.955	  1.6794768E-9
3.965	  1.5933752E-9
3.975	  1.511776E-9
3.985	  1.4344393E-9
3.995	  1.3611381E-9
4.005	  1.2916577E-9



DATASET #3

     Name: BPT Fit
   Points: 401
     Info: Mean = 100.0, Aperiodicity = 0.5, Duration = 30.0, Delta T = 1.0, Num Points = 500, Historic Open Interval = 0.0
Computed mean = 0.72359824

Data[x,y]:
0.0	  0.0
0.01	  0.0
0.02	  0.0
0.03	  0.0
0.04	  1.73213E-40
0.05	  1.6925415E-31
0.06	  1.5427922E-25
0.07	  2.6284116E-21
0.08	  3.739409E-18
0.09	  1.0194499E-15
0.1	  8.761074E-14
0.11	  3.256692E-12
0.12	  6.4641695E-11
0.13	  7.925513E-10
0.14	  6.6596737E-9
0.15	  4.1385345E-8
0.16	  2.0135901E-7
0.17	  8.01198E-7
0.18	  2.6967796E-6
0.19	  7.8863E-6
0.2	  2.0468235E-5
0.21	  4.796798E-5
0.22	  1.0294443E-4
0.23	  2.0468273E-4
0.24	  3.8070342E-4
0.25	  6.6779566E-4
0.26	  0.0011123202
0.27	  0.0017696173
0.28	  0.0027024732
0.29	  0.0039787237
0.3	  0.005668173
0.31	  0.007839094
0.32	  0.010554585
0.33	  0.01386908
0.34	  0.01782527
0.35	  0.022451613
0.36	  0.027760582
0.37	  0.033747707
0.38	  0.040391404
0.39	  0.047653567
0.4	  0.055480774
0.41	  0.06380604
0.42	  0.072551
0.43	  0.08162825
0.44	  0.09094396
0.45	  0.1004004
0.46	  0.109898426
0.47	  0.11933974
0.48	  0.12862904
0.49	  0.13767576
0.5	  0.14639565
0.51	  0.15471192
0.52	  0.16255622
0.53	  0.16986918
0.54	  0.17660087
0.55	  0.1827108
0.56	  0.18816788
0.57	  0.19295016
0.58	  0.19704436
0.59	  0.20044534
0.6	  0.20315547
0.61	  0.20518397
0.62	  0.20654605
0.63	  0.20726232
0.64	  0.20735793
0.65	  0.20686181
0.66	  0.20580609
0.67	  0.20422529
0.68	  0.20215572
0.69	  0.19963497
0.7	  0.19670129
0.71	  0.19339317
0.72	  0.18974887
0.73	  0.18580611
0.74	  0.1816017
0.75	  0.17717133
0.76	  0.17254929
0.77	  0.16776831
0.78	  0.16285945
0.79	  0.15785196
0.8	  0.15277325
0.81	  0.14764877
0.82	  0.14250213
0.83	  0.13735497
0.84	  0.13222706
0.85	  0.12713635
0.86	  0.12209893
0.87	  0.11712923
0.88	  0.11224001
0.89	  0.107442446
0.9	  0.10274624
0.91	  0.098159686
0.92	  0.093689784
0.93	  0.08934231
0.94	  0.08512191
0.95	  0.08103219
0.96	  0.07707581
0.97	  0.073254555
0.98	  0.06956944
0.99	  0.06602074
1.0	  0.06260813
1.01	  0.059330676
1.02	  0.05618698
1.03	  0.053175185
1.04	  0.05029306
1.05	  0.047538027
1.06	  0.04490725
1.07	  0.042397648
1.08	  0.04000594
1.09	  0.0377287
1.1	  0.035562377
1.11	  0.033503328
1.12	  0.031547844
1.13	  0.029692197
1.14	  0.027932623
1.15	  0.026265377
1.16	  0.024686733
1.17	  0.023193004
1.18	  0.021780552
1.19	  0.02044581
1.2	  0.019185277
1.21	  0.017995534
1.22	  0.016873255
1.23	  0.015815202
1.24	  0.014818237
1.25	  0.013879323
1.26	  0.012995528
1.27	  0.012164023
1.28	  0.011382084
1.29	  0.010647098
1.3	  0.009956551
1.31	  0.009308039
1.32	  0.008699259
1.33	  0.00812801
1.34	  0.0075921896
1.35	  0.007089796
1.36	  0.006618919
1.37	  0.006177742
1.38	  0.005764538
1.39	  0.005377667
1.4	  0.005015571
1.41	  0.004676775
1.42	  0.004359879
1.43	  0.004063559
1.44	  0.003786563
1.45	  0.0035277056
1.46	  0.003285868
1.47	  0.0030599942
1.48	  0.0028490874
1.49	  0.0026522074
1.5	  0.002468469
1.51	  0.0022970377
1.52	  0.0021371283
1.53	  0.001988002
1.54	  0.0018489639
1.55	  0.001719361
1.56	  0.0015985799
1.57	  0.0014860443
1.58	  0.0013812134
1.59	  0.00128358
1.6	  0.0011926681
1.61	  0.0011080316
1.62	  0.0010292524
1.63	  9.5593906E-4
1.64	  8.877248E-4
1.65	  8.242663E-4
1.66	  7.652423E-4
1.67	  7.103525E-4
1.68	  6.593157E-4
1.69	  6.118692E-4
1.7	  5.6776765E-4
1.71	  5.2678154E-4
1.72	  4.886967E-4
1.73	  4.5331297E-4
1.74	  4.2044366E-4
1.75	  3.899145E-4
1.76	  3.6156282E-4
1.77	  3.3523695E-4
1.78	  3.1079547E-4
1.79	  2.8810644E-4
1.8	  2.6704694E-4
1.81	  2.4750244E-4
1.82	  2.2936618E-4
1.83	  2.1253874E-4
1.84	  1.9692752E-4
1.85	  1.8244631E-4
1.86	  1.6901485E-4
1.87	  1.5655842E-4
1.88	  1.4500754E-4
1.89	  1.342975E-4
1.9	  1.2436815E-4
1.91	  1.1516354E-4
1.92	  1.06631625E-4
1.93	  9.8724035E-5
1.94	  9.13958E-5
1.95	  8.460512E-5
1.96	  7.8313155E-5
1.97	  7.248381E-5
1.98	  6.7083565E-5
1.99	  6.208127E-5
2.0	  5.744801E-5
2.01	  5.315692E-5
2.02	  4.918306E-5
2.03	  4.550329E-5
2.04	  4.209611E-5
2.05	  3.8941584E-5
2.06	  3.60212E-5
2.07	  3.3317785E-5
2.08	  3.0815405E-5
2.09	  2.8499286E-5
2.1	  2.6355714E-5
2.11	  2.4371979E-5
2.12	  2.2536286E-5
2.13	  2.0837706E-5
2.14	  1.9266103E-5
2.15	  1.7812079E-5
2.16	  1.6466927E-5
2.17	  1.5222572E-5
2.18	  1.4071536E-5
2.19	  1.3006883E-5
2.2	  1.2022191E-5
2.21	  1.1111509E-5
2.22	  1.0269322E-5
2.23	  9.4905245E-6
2.24	  8.770386E-6
2.25	  8.104525E-6
2.26	  7.488882E-6
2.27	  6.919703E-6
2.28	  6.393508E-6
2.29	  5.907076E-6
2.3	  5.4574243E-6
2.31	  5.041794E-6
2.32	  4.6576292E-6
2.33	  4.3025652E-6
2.34	  3.974413E-6
2.35	  3.6711474E-6
2.36	  3.3908937E-6
2.37	  3.1319173E-6
2.38	  2.892614E-6
2.39	  2.6714986E-6
2.4	  2.4671976E-6
2.41	  2.2784407E-6
2.42	  2.104052E-6
2.43	  1.9429451E-6
2.44	  1.794114E-6
2.45	  1.6566288E-6
2.46	  1.5296297E-6
2.47	  1.4123214E-6
2.48	  1.3039685E-6
2.49	  1.2038911E-6
2.5	  1.1114605E-6
2.51	  1.0260956E-6
2.52	  9.472591E-7
2.53	  8.7445414E-7
2.54	  8.0722174E-7
2.55	  7.4513736E-7
2.56	  6.8780884E-7
2.57	  6.348736E-7
2.58	  5.859964E-7
2.59	  5.408678E-7
2.6	  4.992015E-7
2.61	  4.607331E-7
2.62	  4.2521825E-7
2.63	  3.9243113E-7
2.64	  3.6216315E-7
2.65	  3.3422157E-7
2.66	  3.0842833E-7
2.67	  2.8461892E-7
2.68	  2.6264135E-7
2.69	  2.423553E-7
2.7	  2.2363102E-7
2.71	  2.0634877E-7
2.72	  1.903979E-7
2.73	  1.7567623E-7
2.74	  1.6208939E-7
2.75	  1.495502E-7
2.76	  1.3797816E-7
2.77	  1.2729896E-7
2.78	  1.1744393E-7
2.79	  1.0834969E-7
2.8	  9.9957695E-8
2.81	  9.22139E-8
2.82	  8.50684E-8
2.83	  7.847512E-8
2.84	  7.239151E-8
2.85	  6.67783E-8
2.86	  6.159922E-8
2.87	  5.6820813E-8
2.88	  5.2412155E-8
2.89	  4.8344724E-8
2.9	  4.4592184E-8
2.91	  4.113023E-8
2.92	  3.793642E-8
2.93	  3.4990038E-8
2.94	  3.2271974E-8
2.95	  2.9764578E-8
2.96	  2.7451566E-8
2.97	  2.5317908E-8
2.98	  2.3349731E-8
2.99	  2.1534234E-8
3.0	  1.9859602E-8
3.01	  1.8314932E-8
3.02	  1.6890162E-8
3.03	  1.5576008E-8
3.04	  1.43639E-8
3.05	  1.3245935E-8
3.06	  1.2214816E-8
3.07	  1.1263811E-8
3.08	  1.0386712E-8
3.09	  9.577785E-9
3.1	  8.831744E-9
3.11	  8.143711E-9
3.12	  7.509184E-9
3.13	  6.924011E-9
3.14	  6.3843615E-9
3.15	  5.8867005E-9
3.16	  5.4277676E-9
3.17	  5.0045545E-9
3.18	  4.6142867E-9
3.19	  4.2544044E-9
3.2	  3.9225463E-9
3.21	  3.6165337E-9
3.22	  3.334358E-9
3.23	  3.0741654E-9
3.24	  2.8342462E-9
3.25	  2.6130236E-9
3.26	  2.4090432E-9
3.27	  2.2209634E-9
3.28	  2.0475466E-9
3.29	  1.8876516E-9
3.3	  1.7402259E-9
3.31	  1.6042985E-9
3.32	  1.478974E-9
3.33	  1.3634268E-9
3.34	  1.256895E-9
3.35	  1.1586766E-9
3.36	  1.0681235E-9
3.37	  9.846385E-10
3.38	  9.076707E-10
3.39	  8.367121E-10
3.4	  7.712941E-10
3.41	  7.109847E-10
3.42	  6.553856E-10
3.43	  6.0412925E-10
3.44	  5.568771E-10
3.45	  5.1331656E-10
3.46	  4.7315973E-10
3.47	  4.3614096E-10
3.48	  4.0201528E-10
3.49	  3.7055695E-10
3.5	  3.415577E-10
3.51	  3.1482553E-10
3.52	  2.9018343E-10
3.53	  2.674682E-10
3.54	  2.465293E-10
3.55	  2.2722801E-10
3.56	  2.094364E-10
3.57	  1.9303653E-10
3.58	  1.7791962E-10
3.59	  1.6398545E-10
3.6	  1.5114156E-10
3.61	  1.3930274E-10
3.62	  1.2839041E-10
3.63	  1.1833215E-10
3.64	  1.0906119E-10
3.65	  1.0051596E-10
3.66	  9.2639695E-11
3.67	  8.538009E-11
3.68	  7.868891E-11
3.69	  7.252169E-11
3.7	  6.683743E-11
3.71	  6.159836E-11
3.72	  5.6769627E-11
3.73	  5.231913E-11
3.74	  4.8217274E-11
3.75	  4.4436763E-11
3.76	  4.0952446E-11
3.77	  3.7741137E-11
3.78	  3.4781466E-11
3.79	  3.2053724E-11
3.8	  2.953976E-11
3.81	  2.7222826E-11
3.82	  2.5087498E-11
3.83	  2.311955E-11
3.84	  2.130587E-11
3.85	  1.9634377E-11
3.86	  1.8093933E-11
3.87	  1.6674268E-11
3.88	  1.5365922E-11
3.89	  1.4160171E-11
3.9	  1.3048978E-11
3.91	  1.202493E-11
3.92	  1.10811985E-11
3.93	  1.0211489E-11
3.94	  9.409999E-12
3.95	  8.671381E-12
3.96	  7.990707E-12
3.97	  7.3634345E-12
3.98	  6.785375E-12
3.99	  6.2526716E-12
4.0	  5.7617665E-12


