
X-Axis: Normalized Distance Along Strike
Y-Axis: Hypocenter Density
Number of Data Sets: 4


DATASET #1

     Name: 
   Points: 31
     Info: 

Data[x,y]:
0.05	  0.011047836
0.15	  0.014123007
0.25	  0.013781321
0.35	  0.016742596
0.45	  0.023690205
0.55	  0.027676538
0.65	  0.033029612
0.75	  0.04350797
0.85	  0.05284738
0.95	  0.08234624
1.05	  0.052050114
1.15	  0.03291572
1.25	  0.03451025
1.35	  0.029384965
1.45	  0.03234624
1.55	  0.03234624
1.65	  0.029384965
1.75	  0.03451025
1.85	  0.03291572
1.95	  0.052050114
2.05	  0.08234624
2.15	  0.05284738
2.25	  0.04350797
2.35	  0.033029612
2.45	  0.027676538
2.55	  0.023690205
2.65	  0.016742596
2.75	  0.013781321
2.85	  0.014123007
2.95	  0.011047836
3.05	  0.0



DATASET #2

     Name: 
   Points: 31
     Info: 

Data[x,y]:
0.05	  0.0
0.15	  0.0
0.25	  0.0
0.35	  0.0
0.45	  0.0
0.55	  0.0
0.65	  0.0
0.75	  0.0
0.85	  0.0
0.95	  0.0
1.05	  1.13895214E-4
1.15	  0.0
1.25	  1.13895214E-4
1.35	  1.13895214E-4
1.45	  0.0
1.55	  0.0
1.65	  1.13895214E-4
1.75	  1.13895214E-4
1.85	  0.0
1.95	  1.13895214E-4
2.05	  0.0
2.15	  0.0
2.25	  0.0
2.35	  0.0
2.45	  0.0
2.55	  0.0
2.65	  0.0
2.75	  0.0
2.85	  0.0
2.95	  0.0
3.05	  0.0



DATASET #3

Name: 
Num Points: 4
Info: 

X, Y Data:
0.021	  0.0011528474
0.021	  0.11413189
2.979	  0.11413189
2.979	  0.0011528474



DATASET #4

Name: 
Num Points: 4
Info: 

X, Y Data:
1.0	  0.0011528474
1.0	  0.10260341
2.0	  0.10260341
2.0	  0.0011528474


