
X-Axis: Normalized Interevent Time
Y-Axis: Probability
Number of Data Sets: 3


DATASET #1

     Name: Bruce 2616 Histogram
   Points: 41
     Info: 

Data[x,y]:
0.05	  0.044173297
0.15	  0.03274634
0.25	  0.033416763
0.35	  0.037051935
0.45	  0.038765233
0.55	  0.04430738
0.65	  0.04530556
0.75	  0.048121333
0.85	  0.056360062
0.95	  0.093605675
1.05	  0.117278986
1.15	  0.08940437
1.25	  0.070424005
1.35	  0.05729865
1.45	  0.04600578
1.55	  0.036098447
1.65	  0.03124162
1.75	  0.022898603
1.85	  0.015211108
1.95	  0.009743452
2.05	  0.0067191087
2.15	  0.0048568277
2.25	  0.0042757965
2.35	  0.0032329191
2.45	  0.0022794316
2.55	  0.0019367718
2.65	  0.0016835016
2.75	  0.0010577753
2.85	  8.938947E-4
2.95	  7.4491225E-4
3.05	  4.916421E-4
3.15	  4.0225263E-4
3.25	  3.277614E-4
3.35	  3.277614E-4
3.45	  1.9367719E-4
3.55	  1.340842E-4
3.65	  1.7877894E-4
3.75	  1.0428771E-4
3.85	  1.9367719E-4
3.95	  1.1918596E-4
4.05	  3.8735438E-4



DATASET #2

     Name: Log-Normal Fit
   Points: 401
     Info: 

Data[x,y]:
0.005	  0.0
0.015	  6.3196985E-13
0.025	  1.544832E-10
0.035	  5.264417E-9
0.045	  6.4441245E-8
0.055	  4.259007E-7
0.065	  1.8786943E-6
0.075	  6.2528575E-6
0.085	  1.6949014E-5
0.095	  3.9345294E-5
0.105	  8.0975675E-5
0.115	  1.5144503E-4
0.125	  2.6210689E-4
0.135	  4.2556698E-4
0.145	  6.550883E-4
0.155	  9.6396887E-4
0.165	  0.0013649515
0.175	  0.0018697056
0.185	  0.0024884064
0.195	  0.0032294213
0.205	  0.004099106
0.215	  0.0051016985
0.225	  0.0062393015
0.235	  0.0075119394
0.245	  0.008917673
0.255	  0.010452757
0.265	  0.012111828
0.275	  0.013888112
0.285	  0.015773643
0.295	  0.017759468
0.305	  0.019835874
0.315	  0.021992574
0.325	  0.024218898
0.335	  0.026503963
0.345	  0.028836826
0.355	  0.03120662
0.365	  0.03360267
0.375	  0.036014583
0.385	  0.03843235
0.395	  0.040846404
0.405	  0.043247662
0.415	  0.045627598
0.425	  0.04797823
0.435	  0.05029217
0.445	  0.05256263
0.455	  0.05478342
0.465	  0.056948926
0.475	  0.05905414
0.485	  0.06109461
0.495	  0.06306643
0.505	  0.06496625
0.515	  0.066791184
0.525	  0.06853887
0.535	  0.070207365
0.545	  0.07179517
0.555	  0.073301196
0.565	  0.0747247
0.575	  0.0760653
0.585	  0.07732293
0.595	  0.078497805
0.605	  0.079590425
0.615	  0.08060151
0.625	  0.08153202
0.635	  0.08238309
0.645	  0.083156034
0.655	  0.083852336
0.665	  0.084473595
0.675	  0.08502154
0.685	  0.085498
0.695	  0.085904874
0.705	  0.086244166
0.715	  0.08651791
0.725	  0.08672819
0.735	  0.08687714
0.745	  0.08696689
0.755	  0.08699961
0.765	  0.086977474
0.775	  0.08690265
0.785	  0.086777285
0.795	  0.08660353
0.805	  0.08638351
0.815	  0.08611932
0.825	  0.08581302
0.835	  0.08546666
0.845	  0.08508223
0.855	  0.0846617
0.865	  0.08420697
0.875	  0.08371991
0.885	  0.08320235
0.895	  0.08265606
0.905	  0.08208278
0.915	  0.081484176
0.925	  0.080861874
0.935	  0.08021745
0.945	  0.079552434
0.955	  0.0788683
0.965	  0.07816646
0.975	  0.07744829
0.985	  0.07671513
0.995	  0.07596822
1.005	  0.075208806
1.015	  0.07443805
1.025	  0.07365709
1.035	  0.072867
1.045	  0.07206882
1.055	  0.07126353
1.065	  0.070452094
1.075	  0.069635406
1.085	  0.06881433
1.095	  0.06798969
1.105	  0.067162275
1.115	  0.06633283
1.125	  0.06550206
1.135	  0.064670645
1.145	  0.06383922
1.155	  0.06300839
1.165	  0.062178735
1.175	  0.061350793
1.185	  0.060525075
1.195	  0.05970207
1.205	  0.05888223
1.215	  0.058065984
1.225	  0.057253737
1.235	  0.056445863
1.245	  0.055642724
1.255	  0.054844644
1.265	  0.054051936
1.275	  0.053264886
1.285	  0.052483767
1.295	  0.051708825
1.305	  0.050940286
1.315	  0.05017837
1.325	  0.04942327
1.335	  0.048675165
1.345	  0.04793422
1.355	  0.04720058
1.365	  0.046474386
1.375	  0.04575576
1.385	  0.04504481
1.395	  0.044341628
1.405	  0.04364631
1.415	  0.04295892
1.425	  0.04227953
1.435	  0.041608192
1.445	  0.04094495
1.455	  0.04028984
1.465	  0.039642893
1.475	  0.03900413
1.485	  0.038373552
1.495	  0.037751175
1.505	  0.037136998
1.515	  0.03653101
1.525	  0.035933193
1.535	  0.035343535
1.545	  0.03476201
1.555	  0.034188583
1.565	  0.033623226
1.575	  0.033065896
1.585	  0.032516554
1.595	  0.031975154
1.605	  0.031441644
1.615	  0.030915968
1.625	  0.030398076
1.635	  0.029887905
1.645	  0.029385395
1.655	  0.02889048
1.665	  0.028403096
1.675	  0.027923172
1.685	  0.027450642
1.695	  0.02698543
1.705	  0.026527463
1.715	  0.026076667
1.725	  0.025632966
1.735	  0.025196284
1.745	  0.024766542
1.755	  0.02434366
1.765	  0.023927558
1.775	  0.023518158
1.785	  0.023115376
1.795	  0.022719132
1.805	  0.022329343
1.815	  0.021945931
1.825	  0.021568809
1.835	  0.021197896
1.845	  0.020833112
1.855	  0.020474372
1.865	  0.020121595
1.875	  0.019774698
1.885	  0.019433599
1.895	  0.019098219
1.905	  0.018768474
1.915	  0.018444285
1.925	  0.01812557
1.935	  0.01781225
1.945	  0.017504245
1.955	  0.017201476
1.965	  0.016903866
1.975	  0.016611336
1.985	  0.016323809
1.995	  0.016041208
2.005	  0.015763456
2.015	  0.015490482
2.025	  0.015222207
2.035	  0.01495856
2.045	  0.0146994665
2.055	  0.014444854
2.065	  0.014194653
2.075	  0.013948792
2.085	  0.013707199
2.095	  0.013469808
2.105	  0.013236549
2.115	  0.013007355
2.125	  0.012782159
2.135	  0.012560896
2.145	  0.012343499
2.155	  0.012129907
2.165	  0.0119200535
2.175	  0.011713877
2.185	  0.011511318
2.195	  0.011312313
2.205	  0.011116804
2.215	  0.0109247295
2.225	  0.010736033
2.235	  0.010550657
2.245	  0.010368545
2.255	  0.01018964
2.265	  0.010013888
2.275	  0.009841234
2.285	  0.009671626
2.295	  0.009505009
2.305	  0.009341334
2.315	  0.009180549
2.325	  0.009022603
2.335	  0.008867447
2.345	  0.008715033
2.355	  0.008565312
2.365	  0.008418238
2.375	  0.008273764
2.385	  0.008131844
2.395	  0.007992434
2.405	  0.007855489
2.415	  0.0077209664
2.425	  0.0075888224
2.435	  0.0074590156
2.445	  0.007331505
2.455	  0.007206249
2.465	  0.007083208
2.475	  0.0069623427
2.485	  0.0068436144
2.495	  0.0067269853
2.505	  0.006612418
2.515	  0.0064998753
2.525	  0.0063893218
2.535	  0.006280721
2.545	  0.0061740386
2.555	  0.0060692406
2.565	  0.0059662927
2.575	  0.0058651622
2.585	  0.005765816
2.595	  0.005668223
2.605	  0.005572351
2.615	  0.0054781693
2.625	  0.0053856475
2.635	  0.005294756
2.645	  0.0052054655
2.655	  0.005117747
2.665	  0.005031572
2.675	  0.0049469136
2.685	  0.004863744
2.695	  0.0047820364
2.705	  0.0047017643
2.715	  0.004622902
2.725	  0.004545424
2.735	  0.0044693057
2.745	  0.0043945224
2.755	  0.00432105
2.765	  0.004248865
2.775	  0.0041779443
2.785	  0.0041082646
2.795	  0.004039804
2.805	  0.0039725406
2.815	  0.003906452
2.825	  0.0038415184
2.835	  0.003777718
2.845	  0.0037150306
2.855	  0.0036534362
2.865	  0.003592915
2.875	  0.0035334479
2.885	  0.0034750155
2.895	  0.0034175997
2.905	  0.0033611816
2.915	  0.003305744
2.925	  0.0032512683
2.935	  0.003197738
2.945	  0.0031451357
2.955	  0.0030934447
2.965	  0.003042649
2.975	  0.002992732
2.985	  0.002943678
2.995	  0.0028954719
3.005	  0.002848098
3.015	  0.0028015417
3.025	  0.0027557882
3.035	  0.0027108227
3.045	  0.0026666317
3.055	  0.002623201
3.065	  0.002580517
3.075	  0.0025385665
3.085	  0.002497336
3.095	  0.002456813
3.105	  0.0024169844
3.115	  0.0023778381
3.125	  0.002339362
3.135	  0.002301544
3.145	  0.002264372
3.155	  0.0022278351
3.165	  0.0021919215
3.175	  0.0021566201
3.185	  0.0021219205
3.195	  0.0020878112
3.205	  0.0020542822
3.215	  0.0020213232
3.225	  0.0019889239
3.235	  0.0019570743
3.245	  0.0019257648
3.255	  0.0018949857
3.265	  0.0018647275
3.275	  0.0018349811
3.285	  0.0018057375
3.295	  0.0017769876
3.305	  0.0017487227
3.315	  0.0017209344
3.325	  0.0016936141
3.335	  0.0016667534
3.345	  0.0016403446
3.355	  0.0016143793
3.365	  0.0015888499
3.375	  0.0015637488
3.385	  0.0015390682
3.395	  0.0015148008
3.405	  0.0014909395
3.415	  0.001467477
3.425	  0.0014444062
3.435	  0.0014217204
3.445	  0.0013994128
3.455	  0.0013774766
3.465	  0.0013559057
3.475	  0.0013346933
3.485	  0.0013138333
3.495	  0.0012933195
3.505	  0.0012731459
3.515	  0.0012533065
3.525	  0.0012337955
3.535	  0.0012146073
3.545	  0.0011957361
3.555	  0.0011771764
3.565	  0.0011589228
3.575	  0.00114097
3.585	  0.0011233129
3.595	  0.0011059461
3.605	  0.0010888649
3.615	  0.001072064
3.625	  0.0010555389
3.635	  0.0010392845
3.645	  0.0010232963
3.655	  0.0010075696
3.665	  9.921E-4
3.675	  9.768831E-4
3.685	  9.6191437E-4
3.695	  9.4718963E-4
3.705	  9.327047E-4
3.715	  9.184555E-4
3.725	  9.0443785E-4
3.735	  8.906479E-4
3.745	  8.7708165E-4
3.755	  8.637354E-4
3.765	  8.506052E-4
3.775	  8.3768746E-4
3.785	  8.249786E-4
3.795	  8.1247493E-4
3.805	  8.0017303E-4
3.815	  7.8806945E-4
3.825	  7.7616074E-4
3.835	  7.644437E-4
3.845	  7.52915E-4
3.855	  7.415715E-4
3.865	  7.304099E-4
3.875	  7.194273E-4
3.885	  7.0862053E-4
3.895	  6.9798675E-4
3.905	  6.875229E-4
3.915	  6.772261E-4
3.925	  6.670937E-4
3.935	  6.571227E-4
3.945	  6.473106E-4
3.955	  6.376545E-4
3.965	  6.2815193E-4
3.975	  6.188003E-4
3.985	  6.0959696E-4
3.995	  6.005395E-4
4.005	  5.916255E-4



DATASET #3

     Name: BPT Fit
   Points: 401
     Info: Mean = 100.0, Aperiodicity = 0.5, Duration = 30.0, Delta T = 1.0, Num Points = 500, Historic Open Interval = 0.0
Computed mean = 0.9958738

Data[x,y]:
0.0	  0.0
0.01	  0.0
0.02	  1.1017367E-36
0.03	  5.5741937E-24
0.04	  1.09393445E-17
0.05	  6.006675E-14
0.06	  1.7671175E-11
0.07	  9.834673E-10
0.08	  1.9420323E-8
0.09	  1.927785E-7
0.1	  1.1849113E-6
0.11	  5.1472452E-6
0.12	  1.7254642E-5
0.13	  4.7428042E-5
0.14	  1.1161783E-4
0.15	  2.3212751E-4
0.16	  4.3679567E-4
0.17	  7.572075E-4
0.18	  0.0012263247
0.19	  0.0018759766
0.2	  0.002734585
0.21	  0.003825368
0.22	  0.005165137
0.23	  0.0067636934
0.24	  0.008623756
0.25	  0.010741314
0.26	  0.013106294
0.27	  0.015703423
0.28	  0.01851318
0.29	  0.021512795
0.3	  0.024677183
0.31	  0.027979825
0.32	  0.031393547
0.33	  0.034891173
0.34	  0.03844611
0.35	  0.04203275
0.36	  0.045626845
0.37	  0.049205754
0.38	  0.05274861
0.39	  0.05623643
0.4	  0.05965216
0.41	  0.06298068
0.42	  0.06620877
0.43	  0.06932505
0.44	  0.072319895
0.45	  0.075185314
0.46	  0.07791488
0.47	  0.08050358
0.48	  0.08294774
0.49	  0.085244834
0.5	  0.087393455
0.51	  0.08939313
0.52	  0.09124427
0.53	  0.092948034
0.54	  0.094506234
0.55	  0.09592127
0.56	  0.097196035
0.57	  0.09833384
0.58	  0.099338345
0.59	  0.1002135
0.6	  0.10096348
0.61	  0.101592645
0.62	  0.1021055
0.63	  0.10250663
0.64	  0.1028007
0.65	  0.10299237
0.66	  0.103086345
0.67	  0.10308727
0.68	  0.10299977
0.69	  0.10282839
0.7	  0.102577604
0.71	  0.1022518
0.72	  0.10185526
0.73	  0.101392165
0.74	  0.10086657
0.75	  0.1002824
0.76	  0.09964348
0.77	  0.09895346
0.78	  0.09821592
0.79	  0.09743427
0.8	  0.09661177
0.81	  0.09575158
0.82	  0.09485673
0.83	  0.0939301
0.84	  0.092974454
0.85	  0.09199242
0.86	  0.09098652
0.87	  0.08995914
0.88	  0.08891256
0.89	  0.08784894
0.9	  0.08677034
0.91	  0.0856787
0.92	  0.08457587
0.93	  0.08346358
0.94	  0.0823435
0.95	  0.08121716
0.96	  0.08008605
0.97	  0.07895154
0.98	  0.07781494
0.99	  0.07667745
1.0	  0.075540245
1.01	  0.074404374
1.02	  0.073270865
1.03	  0.07214064
1.04	  0.0710146
1.05	  0.06989353
1.06	  0.068778224
1.07	  0.06766937
1.08	  0.06656763
1.09	  0.065473616
1.1	  0.06438787
1.11	  0.063310936
1.12	  0.062243264
1.13	  0.0611853
1.14	  0.06013744
1.15	  0.05910004
1.16	  0.05807343
1.17	  0.057057906
1.18	  0.056053735
1.19	  0.05506115
1.2	  0.054080363
1.21	  0.05311156
1.22	  0.0521549
1.23	  0.05121052
1.24	  0.050278533
1.25	  0.049359042
1.26	  0.048452124
1.27	  0.04755784
1.28	  0.046676226
1.29	  0.04580732
1.3	  0.044951133
1.31	  0.044107668
1.32	  0.043276906
1.33	  0.04245883
1.34	  0.0416534
1.35	  0.040860575
1.36	  0.040080298
1.37	  0.039312504
1.38	  0.038557123
1.39	  0.037814077
1.4	  0.03708328
1.41	  0.036364634
1.42	  0.035658047
1.43	  0.03496341
1.44	  0.034280617
1.45	  0.033609554
1.46	  0.032950103
1.47	  0.03230214
1.48	  0.03166555
1.49	  0.031040192
1.5	  0.030425942
1.51	  0.029822668
1.52	  0.029230235
1.53	  0.028648505
1.54	  0.028077342
1.55	  0.027516603
1.56	  0.02696615
1.57	  0.026425844
1.58	  0.02589554
1.59	  0.025375094
1.6	  0.024864366
1.61	  0.024363212
1.62	  0.02387149
1.63	  0.023389056
1.64	  0.02291577
1.65	  0.022451486
1.66	  0.021996068
1.67	  0.02154937
1.68	  0.021111254
1.69	  0.020681579
1.7	  0.02026021
1.71	  0.019847007
1.72	  0.019441834
1.73	  0.019044558
1.74	  0.018655041
1.75	  0.018273152
1.76	  0.017898763
1.77	  0.017531738
1.78	  0.017171951
1.79	  0.016819276
1.8	  0.016473584
1.81	  0.016134754
1.82	  0.01580266
1.83	  0.015477181
1.84	  0.015158199
1.85	  0.014845594
1.86	  0.014539249
1.87	  0.01423905
1.88	  0.013944884
1.89	  0.013656637
1.9	  0.013374199
1.91	  0.013097462
1.92	  0.012826319
1.93	  0.012560664
1.94	  0.012300393
1.95	  0.012045403
1.96	  0.011795595
1.97	  0.011550868
1.98	  0.011311125
1.99	  0.011076271
2.0	  0.01084621
2.01	  0.01062085
2.02	  0.0104001
2.03	  0.010183868
2.04	  0.0099720685
2.05	  0.009764614
2.06	  0.009561417
2.07	  0.009362396
2.08	  0.009167468
2.09	  0.008976553
2.1	  0.008789569
2.11	  0.00860644
2.12	  0.008427089
2.13	  0.008251441
2.14	  0.008079421
2.15	  0.007910956
2.16	  0.007745976
2.17	  0.0075844107
2.18	  0.0074261916
2.19	  0.0072712507
2.2	  0.007119522
2.21	  0.006970941
2.22	  0.006825444
2.23	  0.0066829673
2.24	  0.0065434515
2.25	  0.006406835
2.26	  0.006273059
2.27	  0.006142066
2.28	  0.006013799
2.29	  0.0058882027
2.3	  0.005765222
2.31	  0.005644804
2.32	  0.005526895
2.33	  0.005411445
2.34	  0.0052984026
2.35	  0.0051877187
2.36	  0.0050793444
2.37	  0.0049732327
2.38	  0.0048693363
2.39	  0.0047676098
2.4	  0.004668009
2.41	  0.004570489
2.42	  0.0044750073
2.43	  0.0043815216
2.44	  0.0042899908
2.45	  0.0042003742
2.46	  0.0041126325
2.47	  0.004026726
2.48	  0.003942617
2.49	  0.0038602687
2.5	  0.003779644
2.51	  0.0037007069
2.52	  0.0036234225
2.53	  0.0035477565
2.54	  0.0034736749
2.55	  0.003401145
2.56	  0.0033301346
2.57	  0.0032606113
2.58	  0.0031925447
2.59	  0.0031259041
2.6	  0.00306066
2.61	  0.002996783
2.62	  0.0029342445
2.63	  0.0028730165
2.64	  0.002813072
2.65	  0.0027543835
2.66	  0.002696925
2.67	  0.002640671
2.68	  0.0025855962
2.69	  0.0025316756
2.7	  0.0024788852
2.71	  0.0024272015
2.72	  0.0023766009
2.73	  0.0023270608
2.74	  0.0022785594
2.75	  0.0022310743
2.76	  0.0021845845
2.77	  0.0021390691
2.78	  0.0020945077
2.79	  0.00205088
2.8	  0.0020081669
2.81	  0.0019663486
2.82	  0.0019254067
2.83	  0.0018853227
2.84	  0.0018460786
2.85	  0.0018076566
2.86	  0.0017700396
2.87	  0.0017332105
2.88	  0.001697153
2.89	  0.0016618507
2.9	  0.0016272878
2.91	  0.0015934487
2.92	  0.0015603183
2.93	  0.0015278815
2.94	  0.0014961238
2.95	  0.0014650311
2.96	  0.0014345892
2.97	  0.0014047845
2.98	  0.0013756035
2.99	  0.0013470332
3.0	  0.0013190608
3.01	  0.0012916736
3.02	  0.0012648593
3.03	  0.0012386059
3.04	  0.0012129017
3.05	  0.001187735
3.06	  0.0011630944
3.07	  0.0011389692
3.08	  0.0011153482
3.09	  0.001092221
3.1	  0.0010695772
3.11	  0.0010474065
3.12	  0.0010256991
3.13	  0.0010044451
3.14	  9.836352E-4
3.15	  9.632599E-4
3.16	  9.433101E-4
3.17	  9.237768E-4
3.18	  9.046514E-4
3.19	  8.8592514E-4
3.2	  8.675898E-4
3.21	  8.49637E-4
3.22	  8.3205884E-4
3.23	  8.1484736E-4
3.24	  7.979949E-4
3.25	  7.814939E-4
3.26	  7.65337E-4
3.27	  7.4951694E-4
3.28	  7.340267E-4
3.29	  7.1885926E-4
3.3	  7.040079E-4
3.31	  6.89466E-4
3.32	  6.752271E-4
3.33	  6.612847E-4
3.34	  6.476327E-4
3.35	  6.3426496E-4
3.36	  6.2117557E-4
3.37	  6.083586E-4
3.38	  5.958083E-4
3.39	  5.835192E-4
3.4	  5.7148584E-4
3.41	  5.5970275E-4
3.42	  5.481647E-4
3.43	  5.368666E-4
3.44	  5.2580336E-4
3.45	  5.1497016E-4
3.46	  5.0436205E-4
3.47	  4.939744E-4
3.48	  4.8380255E-4
3.49	  4.7384202E-4
3.5	  4.6408834E-4
3.51	  4.545372E-4
3.52	  4.4518436E-4
3.53	  4.3602564E-4
3.54	  4.2705704E-4
3.55	  4.1827452E-4
3.56	  4.096742E-4
3.57	  4.0125227E-4
3.58	  3.9300503E-4
3.59	  3.8492878E-4
3.6	  3.7701998E-4
3.61	  3.692751E-4
3.62	  3.6169073E-4
3.63	  3.542635E-4
3.64	  3.4699013E-4
3.65	  3.3986743E-4
3.66	  3.3289223E-4
3.67	  3.2606142E-4
3.68	  3.1937205E-4
3.69	  3.1282112E-4
3.7	  3.0640574E-4
3.71	  3.0012312E-4
3.72	  2.9397043E-4
3.73	  2.87945E-4
3.74	  2.8204417E-4
3.75	  2.7626535E-4
3.76	  2.7060593E-4
3.77	  2.650635E-4
3.78	  2.596356E-4
3.79	  2.5431984E-4
3.8	  2.4911383E-4
3.81	  2.4401536E-4
3.82	  2.3902216E-4
3.83	  2.3413204E-4
3.84	  2.2934283E-4
3.85	  2.2465245E-4
3.86	  2.2005885E-4
3.87	  2.1556E-4
3.88	  2.1115392E-4
3.89	  2.068387E-4
3.9	  2.0261244E-4
3.91	  1.984733E-4
3.92	  1.9441945E-4
3.93	  1.9044914E-4
3.94	  1.865606E-4
3.95	  1.8275216E-4
3.96	  1.7902214E-4
3.97	  1.7536893E-4
3.98	  1.717909E-4
3.99	  1.6828653E-4
4.0	  1.6485425E-4


