
X-Axis: Average Normalized Interevent Time
Y-Axis: Probability
Number of Data Sets: 3


DATASET #1

     Name: Bruce 2616 Histogram
   Points: 41
     Info: 

Data[x,y]:
0.05	  0.0028006497
0.15	  0.008569988
0.25	  0.018288244
0.35	  0.035708286
0.45	  0.062482495
0.55	  0.09068504
0.65	  0.12608525
0.75	  0.15837674
0.85	  0.18601915
0.95	  0.1883717
1.05	  0.10269982
1.15	  0.016943932
1.25	  0.0021284937
1.35	  4.7611046E-4
1.45	  1.1202599E-4
1.55	  0.0
1.65	  2.8006498E-5
1.75	  5.6012996E-5
1.85	  1.6803898E-4
1.95	  0.0
2.05	  0.0
2.15	  0.0
2.25	  0.0
2.35	  0.0
2.45	  0.0
2.55	  0.0
2.65	  0.0
2.75	  0.0
2.85	  0.0
2.95	  0.0
3.05	  0.0
3.15	  0.0
3.25	  0.0
3.35	  0.0
3.45	  0.0
3.55	  0.0
3.65	  0.0
3.75	  0.0
3.85	  0.0
3.95	  0.0
4.05	  0.0



DATASET #2

     Name: Log-Normal Fit
   Points: 401
     Info: 

Data[x,y]:
0.005	  0.0
0.015	  1.2279122E-37
0.025	  6.122028E-30
0.035	  5.0829533E-25
0.045	  1.6294101E-21
0.055	  7.5052666E-19
0.065	  9.659635E-17
0.075	  5.0781353E-15
0.085	  1.380821E-13
0.095	  2.270991E-12
0.105	  2.518769E-11
0.115	  2.0377318E-10
0.125	  1.2747299E-9
0.135	  6.4457297E-9
0.145	  2.7268824E-8
0.155	  9.9177E-8
0.165	  3.1693423E-7
0.175	  9.05781E-7
0.185	  2.348993E-6
0.195	  5.594725E-6
0.205	  1.2362246E-5
0.215	  2.55587E-5
0.225	  4.9802617E-5
0.235	  9.2031376E-5
0.245	  1.621499E-4
0.255	  2.7366076E-4
0.265	  4.4420472E-4
0.275	  6.9593854E-4
0.285	  0.0010556832
0.295	  0.0015547915
0.305	  0.0022287045
0.315	  0.0031161956
0.325	  0.0042583216
0.335	  0.00569713
0.345	  0.0074741864
0.355	  0.009629001
0.365	  0.012197442
0.375	  0.015210217
0.385	  0.018691499
0.395	  0.02265777
0.405	  0.02711692
0.415	  0.032067657
0.425	  0.0374992
0.435	  0.043391336
0.445	  0.049714718
0.455	  0.05643148
0.465	  0.06349605
0.475	  0.070856184
0.485	  0.07845411
0.495	  0.0862278
0.505	  0.094112284
0.515	  0.102040924
0.525	  0.109946735
0.535	  0.11776354
0.545	  0.12542714
0.555	  0.13287625
0.565	  0.1400534
0.575	  0.14690566
0.585	  0.15338519
0.595	  0.1594497
0.605	  0.16506273
0.615	  0.17019379
0.625	  0.17481852
0.635	  0.17891842
0.645	  0.18248092
0.655	  0.18549897
0.665	  0.18797077
0.675	  0.18989947
0.685	  0.19129273
0.695	  0.19216223
0.705	  0.19252332
0.715	  0.19239448
0.725	  0.19179694
0.735	  0.19075416
0.745	  0.18929148
0.755	  0.1874356
0.765	  0.18521431
0.775	  0.18265605
0.785	  0.17978965
0.795	  0.17664394
0.805	  0.17324755
0.815	  0.16962866
0.825	  0.16581482
0.835	  0.16183268
0.845	  0.15770796
0.855	  0.15346524
0.865	  0.14912793
0.875	  0.14471814
0.885	  0.14025664
0.895	  0.1357629
0.905	  0.13125493
0.915	  0.12674943
0.925	  0.122261666
0.935	  0.11780562
0.945	  0.113393925
0.955	  0.109037966
0.965	  0.10474787
0.975	  0.10053262
0.985	  0.09640007
0.995	  0.092357025
1.005	  0.08840929
1.015	  0.08456173
1.025	  0.080818355
1.035	  0.07718236
1.045	  0.073656194
1.055	  0.07024162
1.065	  0.066939786
1.075	  0.063751236
1.085	  0.060676042
1.095	  0.05771378
1.105	  0.054863624
1.115	  0.052124377
1.125	  0.049494516
1.135	  0.046972234
1.145	  0.04455548
1.155	  0.042241994
1.165	  0.04002933
1.175	  0.037914902
1.185	  0.035896
1.195	  0.033969827
1.205	  0.032133505
1.215	  0.030384108
1.225	  0.028718684
1.235	  0.027134256
1.245	  0.025627857
1.255	  0.024196524
1.265	  0.022837328
1.275	  0.021547366
1.285	  0.020323785
1.295	  0.019163786
1.305	  0.01806462
1.315	  0.01702361
1.325	  0.016038144
1.335	  0.015105682
1.345	  0.01422376
1.355	  0.013389989
1.365	  0.012602061
1.375	  0.011857747
1.385	  0.011154898
1.395	  0.010491446
1.405	  0.0098654
1.415	  0.0092748515
1.425	  0.008717969
1.435	  0.008192998
1.445	  0.0076982593
1.455	  0.007232147
1.465	  0.0067931274
1.475	  0.006379739
1.485	  0.0059905853
1.495	  0.005624338
1.505	  0.0052797324
1.515	  0.0049555646
1.525	  0.0046506906
1.535	  0.0043640244
1.545	  0.004094534
1.555	  0.0038412414
1.565	  0.0036032186
1.575	  0.0033795866
1.585	  0.0031695126
1.595	  0.0029722082
1.605	  0.0027869279
1.615	  0.0026129663
1.625	  0.0024496568
1.635	  0.0022963698
1.645	  0.0021525098
1.655	  0.0020175152
1.665	  0.0018908563
1.675	  0.001772033
1.685	  0.0016605736
1.695	  0.0015560337
1.705	  0.0014579942
1.715	  0.0013660606
1.725	  0.0012798611
1.735	  0.0011990457
1.745	  0.0011232848
1.755	  0.0010522687
1.765	  9.857053E-4
1.775	  9.2332065E-4
1.785	  8.648565E-4
1.795	  8.100705E-4
1.805	  7.5873453E-4
1.815	  7.106345E-4
1.825	  6.655691E-4
1.835	  6.2334916E-4
1.845	  5.837973E-4
1.855	  5.467466E-4
1.865	  5.1204057E-4
1.875	  4.7953232E-4
1.885	  4.490839E-4
1.895	  4.2056586E-4
1.905	  3.9385678E-4
1.915	  3.6884277E-4
1.925	  3.454169E-4
1.935	  3.2347898E-4
1.945	  3.0293505E-4
1.955	  2.8369692E-4
1.965	  2.6568197E-4
1.975	  2.4881278E-4
1.985	  2.3301668E-4
1.995	  2.1822564E-4
2.005	  2.0437589E-4
2.015	  1.9140761E-4
2.025	  1.7926484E-4
2.035	  1.6789506E-4
2.045	  1.5724913E-4
2.055	  1.4728098E-4
2.065	  1.3794747E-4
2.075	  1.2920816E-4
2.085	  1.2102522E-4
2.095	  1.1336318E-4
2.105	  1.0618884E-4
2.115	  9.94711E-5
2.125	  9.3180846E-5
2.135	  8.729081E-5
2.145	  8.1775455E-5
2.155	  7.6610886E-5
2.165	  7.17747E-5
2.175	  6.7245965E-5
2.185	  6.300505E-5
2.195	  5.903358E-5
2.205	  5.531437E-5
2.215	  5.1831317E-5
2.225	  4.8569356E-5
2.235	  4.5514378E-5
2.245	  4.2653173E-5
2.255	  3.997339E-5
2.265	  3.746345E-5
2.275	  3.5112524E-5
2.285	  3.2910477E-5
2.295	  3.0847812E-5
2.305	  2.8915654E-5
2.315	  2.7105683E-5
2.325	  2.5410118E-5
2.335	  2.3821673E-5
2.345	  2.233353E-5
2.355	  2.0939304E-5
2.365	  1.9633024E-5
2.375	  1.8409093E-5
2.385	  1.7262279E-5
2.395	  1.6187681E-5
2.405	  1.5180711E-5
2.415	  1.4237075E-5
2.425	  1.3352755E-5
2.435	  1.2523987E-5
2.445	  1.1747249E-5
2.455	  1.1019242E-5
2.465	  1.0336882E-5
2.475	  9.697276E-6
2.485	  9.09772E-6
2.495	  8.53568E-6
2.505	  8.008785E-6
2.515	  7.5148137E-6
2.525	  7.0516876E-6
2.535	  6.6174603E-6
2.545	  6.210309E-6
2.555	  5.8285264E-6
2.565	  5.470515E-6
2.575	  5.134778E-6
2.585	  4.8199136E-6
2.595	  4.5246097E-6
2.605	  4.2476368E-6
2.615	  3.987844E-6
2.625	  3.744153E-6
2.635	  3.515554E-6
2.645	  3.301101E-6
2.655	  3.0999086E-6
2.665	  2.911146E-6
2.675	  2.7340366E-6
2.685	  2.5678514E-6
2.695	  2.4119088E-6
2.705	  2.2655693E-6
2.715	  2.128234E-6
2.725	  1.9993417E-6
2.735	  1.8783669E-6
2.745	  1.764817E-6
2.755	  1.65823E-6
2.765	  1.5581736E-6
2.775	  1.4642424E-6
2.785	  1.3760563E-6
2.795	  1.2932593E-6
2.805	  1.2155176E-6
2.815	  1.1425184E-6
2.825	  1.0739684E-6
2.835	  1.0095928E-6
2.845	  9.491337E-7
2.855	  8.923498E-7
2.865	  8.3901443E-7
2.875	  7.889153E-7
2.885	  7.4185317E-7
2.895	  6.9764144E-7
2.905	  6.56105E-7
2.915	  6.1707965E-7
2.925	  5.804114E-7
2.935	  5.459558E-7
2.945	  5.135775E-7
2.955	  4.8314934E-7
2.965	  4.5455224E-7
2.975	  4.276743E-7
2.985	  4.0241076E-7
2.995	  3.7866315E-7
3.005	  3.5633917E-7
3.015	  3.3535224E-7
3.025	  3.1562104E-7
3.035	  2.9706933E-7
3.045	  2.7962557E-7
3.055	  2.6322255E-7
3.065	  2.4779726E-7
3.075	  2.3329052E-7
3.085	  2.1964681E-7
3.095	  2.06814E-7
3.105	  1.9474315E-7
3.115	  1.8338832E-7
3.125	  1.7270641E-7
3.135	  1.6265687E-7
3.145	  1.5320174E-7
3.155	  1.4430528E-7
3.165	  1.3593397E-7
3.175	  1.2805633E-7
3.185	  1.2064278E-7
3.195	  1.1366557E-7
3.205	  1.0709859E-7
3.215	  1.00917354E-7
3.225	  9.509884E-8
3.235	  8.9621416E-8
3.245	  8.446478E-8
3.255	  7.960983E-8
3.265	  7.503865E-8
3.275	  7.073438E-8
3.285	  6.6681174E-8
3.295	  6.286417E-8
3.305	  5.9269368E-8
3.315	  5.5883625E-8
3.325	  5.269459E-8
3.335	  4.9690644E-8
3.345	  4.686087E-8
3.355	  4.4195005E-8
3.365	  4.16834E-8
3.375	  3.931698E-8
3.385	  3.708722E-8
3.395	  3.498609E-8
3.405	  3.3006053E-8
3.415	  3.114001E-8
3.425	  2.9381296E-8
3.435	  2.772363E-8
3.445	  2.616111E-8
3.455	  2.4688187E-8
3.465	  2.3299636E-8
3.475	  2.1990543E-8
3.485	  2.0756284E-8
3.495	  1.959251E-8
3.505	  1.849513E-8
3.515	  1.7460291E-8
3.525	  1.6484368E-8
3.535	  1.5563952E-8
3.545	  1.4695831E-8
3.555	  1.3876984E-8
3.565	  1.3104567E-8
3.575	  1.2375903E-8
3.585	  1.1688471E-8
3.595	  1.1039899E-8
3.605	  1.0427951E-8
3.615	  9.850525E-9
3.625	  9.30564E-9
3.635	  8.791431E-9
3.645	  8.3061416E-9
3.655	  7.848116E-9
3.665	  7.4157978E-9
3.675	  7.0077184E-9
3.685	  6.622496E-9
3.695	  6.2588277E-9
3.705	  5.915487E-9
3.715	  5.5913185E-9
3.725	  5.2852323E-9
3.735	  4.996203E-9
3.745	  4.723263E-9
3.755	  4.4655013E-9
3.765	  4.222059E-9
3.775	  3.9921275E-9
3.785	  3.7749435E-9
3.795	  3.5697878E-9
3.805	  3.3759826E-9
3.815	  3.192889E-9
3.825	  3.019905E-9
3.835	  2.8564622E-9
3.845	  2.7020253E-9
3.855	  2.5560891E-9
3.865	  2.4181779E-9
3.875	  2.2878426E-9
3.885	  2.1646593E-9
3.895	  2.0482291E-9
3.905	  1.9381752E-9
3.915	  1.834142E-9
3.925	  1.7357945E-9
3.935	  1.6428164E-9
3.945	  1.5549095E-9
3.955	  1.4717922E-9
3.965	  1.393199E-9
3.975	  1.3188792E-9
3.985	  1.2485964E-9
3.995	  1.1821275E-9
4.005	  1.1192617E-9



DATASET #3

     Name: BPT Fit
   Points: 401
     Info: Mean = 100.0, Aperiodicity = 0.5, Duration = 30.0, Delta T = 1.0, Num Points = 500, Historic Open Interval = 0.0
Computed mean = 0.76563984

Data[x,y]:
0.0	  0.0
0.01	  0.0
0.02	  0.0
0.03	  0.0
0.04	  0.0
0.05	  2.4845096E-36
0.06	  1.7073706E-29
0.07	  1.2307086E-24
0.08	  5.163067E-21
0.09	  3.2627318E-18
0.1	  5.4917513E-16
0.11	  3.5371367E-14
0.12	  1.1096784E-12
0.13	  2.0036379E-11
0.14	  2.3454674E-10
0.15	  1.942269E-9
0.16	  1.2146199E-8
0.17	  6.029799E-8
0.18	  2.470253E-7
0.19	  8.6107434E-7
0.2	  2.6170783E-6
0.21	  7.073832E-6
0.22	  1.7281098E-5
0.23	  3.8668455E-5
0.24	  8.013666E-5
0.25	  1.5525271E-4
0.26	  2.8339966E-4
0.27	  4.907054E-4
0.28	  8.1057753E-4
0.29	  0.0012837059
0.3	  0.0019574505
0.31	  0.0028846026
0.32	  0.004121577
0.33	  0.0057261493
0.34	  0.0077549065
0.35	  0.010260577
0.36	  0.013289445
0.37	  0.01687899
0.38	  0.021055922
0.39	  0.025834676
0.4	  0.03121646
0.41	  0.037188854
0.42	  0.043725956
0.43	  0.050789025
0.44	  0.058327552
0.45	  0.06628069
0.46	  0.07457895
0.47	  0.08314605
0.48	  0.09190086
0.49	  0.10075938
0.5	  0.10963661
0.51	  0.11844836
0.52	  0.12711282
0.53	  0.13555203
0.54	  0.1436931
0.55	  0.15146917
0.56	  0.1588202
0.57	  0.1656935
0.58	  0.17204414
0.59	  0.17783503
0.6	  0.18303694
0.61	  0.18762836
0.62	  0.19159521
0.63	  0.19493046
0.64	  0.19763361
0.65	  0.19971023
0.66	  0.20117135
0.67	  0.20203286
0.68	  0.20231496
0.69	  0.20204142
0.7	  0.20123912
0.71	  0.19993743
0.72	  0.19816764
0.73	  0.19596247
0.74	  0.1933556
0.75	  0.19038126
0.76	  0.18707378
0.77	  0.18346728
0.78	  0.1795954
0.79	  0.17549095
0.8	  0.17118576
0.81	  0.16671047
0.82	  0.16209438
0.83	  0.15736529
0.84	  0.1525495
0.85	  0.14767163
0.86	  0.14275467
0.87	  0.13781995
0.88	  0.13288708
0.89	  0.12797405
0.9	  0.123097196
0.91	  0.11827129
0.92	  0.113509566
0.93	  0.10882376
0.94	  0.10422424
0.95	  0.09972002
0.96	  0.09531886
0.97	  0.091027334
0.98	  0.0868509
0.99	  0.08279401
1.0	  0.07886015
1.01	  0.07505193
1.02	  0.071371175
1.03	  0.06781895
1.04	  0.06439568
1.05	  0.0611012
1.06	  0.05793478
1.07	  0.054895245
1.08	  0.051980987
1.09	  0.049190037
1.1	  0.046520103
1.11	  0.043968614
1.12	  0.041532785
1.13	  0.03920962
1.14	  0.036995973
1.15	  0.034888577
1.16	  0.03288406
1.17	  0.030978993
1.18	  0.02916989
1.19	  0.027453247
1.2	  0.025825558
1.21	  0.024283325
1.22	  0.022823082
1.23	  0.021441402
1.24	  0.02013491
1.25	  0.01890029
1.26	  0.017734306
1.27	  0.01663379
1.28	  0.0155956615
1.29	  0.014616929
1.3	  0.013694689
1.31	  0.012826135
1.32	  0.012008556
1.33	  0.011239339
1.34	  0.010515968
1.35	  0.009836026
1.36	  0.009197193
1.37	  0.008597246
1.38	  0.008034059
1.39	  0.007505597
1.4	  0.0070099183
1.41	  0.0065451716
1.42	  0.0061095925
1.43	  0.005701501
1.44	  0.005319301
1.45	  0.0049614757
1.46	  0.004626585
1.47	  0.0043132636
1.48	  0.004020217
1.49	  0.0037462204
1.5	  0.0034901146
1.51	  0.0032508036
1.52	  0.0030272512
1.53	  0.00281848
1.54	  0.0026235667
1.55	  0.0024416414
1.56	  0.002271884
1.57	  0.0021135213
1.58	  0.0019658264
1.59	  0.0018281147
1.6	  0.0016997424
1.61	  0.0015801045
1.62	  0.0014686325
1.63	  0.0013647923
1.64	  0.001268083
1.65	  0.0011780342
1.66	  0.001094205
1.67	  0.0010161817
1.68	  9.435769E-4
1.69	  8.760278E-4
1.7	  8.131944E-4
1.71	  7.547585E-4
1.72	  7.004224E-4
1.73	  6.4990757E-4
1.74	  6.0295366E-4
1.75	  5.593172E-4
1.76	  5.187706E-4
1.77	  4.8110145E-4
1.78	  4.4611117E-4
1.79	  4.1361444E-4
1.8	  3.834383E-4
1.81	  3.554213E-4
1.82	  3.2941287E-4
1.83	  3.0527255E-4
1.84	  2.8286938E-4
1.85	  2.620813E-4
1.86	  2.4279453E-4
1.87	  2.2490308E-4
1.88	  2.083082E-4
1.89	  1.9291796E-4
1.9	  1.7864672E-4
1.91	  1.6541476E-4
1.92	  1.5314795E-4
1.93	  1.4177723E-4
1.94	  1.3123841E-4
1.95	  1.2147174E-4
1.96	  1.1242169E-4
1.97	  1.0403661E-4
1.98	  9.62685E-5
1.99	  8.907274E-5
2.0	  8.240785E-5
2.01	  7.623532E-5
2.02	  7.051936E-5
2.03	  6.522672E-5
2.04	  6.0326536E-5
2.05	  5.579014E-5
2.06	  5.159093E-5
2.07	  4.7704198E-5
2.08	  4.4107026E-5
2.09	  4.0778137E-5
2.1	  3.769779E-5
2.11	  3.4847686E-5
2.12	  3.2210835E-5
2.13	  2.9771481E-5
2.14	  2.7515023E-5
2.15	  2.5427913E-5
2.16	  2.3497596E-5
2.17	  2.1712434E-5
2.18	  2.0061636E-5
2.19	  1.8535206E-5
2.2	  1.7123877E-5
2.21	  1.5819067E-5
2.22	  1.4612822E-5
2.23	  1.3497776E-5
2.24	  1.2467104E-5
2.25	  1.15144885E-5
2.26	  1.0634075E-5
2.27	  9.820446E-6
2.28	  9.068584E-6
2.29	  8.373844E-6
2.3	  7.731927E-6
2.31	  7.1388545E-6
2.32	  6.590941E-6
2.33	  6.0847797E-6
2.34	  5.6172157E-6
2.35	  5.1853312E-6
2.36	  4.7864264E-6
2.37	  4.4180033E-6
2.38	  4.077752E-6
2.39	  3.7635346E-6
2.4	  3.4733753E-6
2.41	  3.205446E-6
2.42	  2.9580567E-6
2.43	  2.7296442E-6
2.44	  2.5187635E-6
2.45	  2.3240784E-6
2.46	  2.144354E-6
2.47	  1.9784488E-6
2.48	  1.8253072E-6
2.49	  1.6839539E-6
2.5	  1.5534876E-6
2.51	  1.433075E-6
2.52	  1.3219465E-6
2.53	  1.2193907E-6
2.54	  1.1247504E-6
2.55	  1.0374183E-6
2.56	  9.568336E-7
2.57	  8.8247793E-7
2.58	  8.138726E-7
2.59	  7.5057545E-7
2.6	  6.921781E-7
2.61	  6.383034E-7
2.62	  5.8860286E-7
2.63	  5.4275495E-7
2.64	  5.0046253E-7
2.65	  4.614513E-7
2.66	  4.25468E-7
2.67	  3.9227882E-7
2.68	  3.6166787E-7
2.69	  3.3343582E-7
2.7	  3.0739872E-7
2.71	  2.833867E-7
2.72	  2.61243E-7
2.73	  2.408229E-7
2.74	  2.219929E-7
2.75	  2.046297E-7
2.76	  1.8861954E-7
2.77	  1.7385744E-7
2.78	  1.6024654E-7
2.79	  1.4769742E-7
2.8	  1.3612762E-7
2.81	  1.2546101E-7
2.82	  1.15627365E-7
2.83	  1.06561906E-7
2.84	  9.820485E-8
2.85	  9.050107E-8
2.86	  8.339967E-8
2.87	  7.685374E-8
2.88	  7.0819986E-8
2.89	  6.5258476E-8
2.9	  6.013239E-8
2.91	  5.5407757E-8
2.92	  5.105324E-8
2.93	  4.7039954E-8
2.94	  4.334124E-8
2.95	  3.993253E-8
2.96	  3.6791157E-8
2.97	  3.3896224E-8
2.98	  3.1228463E-8
2.99	  2.87701E-8
3.0	  2.6504749E-8
3.01	  2.4417306E-8
3.02	  2.249384E-8
3.03	  2.0721508E-8
3.04	  1.9088471E-8
3.05	  1.7583812E-8
3.06	  1.6197468E-8
3.07	  1.4920163E-8
3.08	  1.3743344E-8
3.09	  1.2659127E-8
3.1	  1.1660246E-8
3.11	  1.0740003E-8
3.12	  9.892221E-9
3.13	  9.111211E-9
3.14	  8.391728E-9
3.15	  7.7289375E-9
3.16	  7.1183814E-9
3.17	  6.5559553E-9
3.18	  6.0378738E-9
3.19	  5.560649E-9
3.2	  5.121066E-9
3.21	  4.7161635E-9
3.22	  4.343211E-9
3.23	  3.999694E-9
3.24	  3.6832941E-9
3.25	  3.3918754E-9
3.26	  3.12347E-9
3.27	  2.8762643E-9
3.28	  2.6485876E-9
3.29	  2.4389004E-9
3.3	  2.2457842E-9
3.31	  2.0679323E-9
3.32	  1.9041404E-9
3.33	  1.7532993E-9
3.34	  1.6143871E-9
3.35	  1.4864622E-9
3.36	  1.3686572E-9
3.37	  1.2601732E-9
3.38	  1.160274E-9
3.39	  1.0682816E-9
3.4	  9.835712E-10
3.41	  9.055675E-10
3.42	  8.3374047E-10
3.43	  7.676018E-10
3.44	  7.067019E-10
3.45	  6.506265E-10
3.46	  5.98994E-10
3.47	  5.51453E-10
3.48	  5.0767984E-10
3.49	  4.673764E-10
3.5	  4.3026804E-10
3.51	  3.961019E-10
3.52	  3.646451E-10
3.53	  3.356831E-10
3.54	  3.090183E-10
3.55	  2.8446887E-10
3.56	  2.6186717E-10
3.57	  2.4105892E-10
3.58	  2.2190201E-10
3.59	  2.0426559E-10
3.6	  1.8802915E-10
3.61	  1.730817E-10
3.62	  1.5932108E-10
3.63	  1.4665318E-10
3.64	  1.3499132E-10
3.65	  1.2425573E-10
3.66	  1.1437295E-10
3.67	  1.05275295E-10
3.68	  9.6900495E-11
3.69	  8.919118E-11
3.7	  8.209454E-11
3.71	  7.556194E-11
3.72	  6.954861E-11
3.73	  6.4013315E-11
3.74	  5.891811E-11
3.75	  5.422805E-11
3.76	  4.9910947E-11
3.77	  4.593718E-11
3.78	  4.227948E-11
3.79	  3.891273E-11
3.8	  3.5813817E-11
3.81	  3.2961456E-11
3.82	  3.0336053E-11
3.83	  2.7919568E-11
3.84	  2.5695394E-11
3.85	  2.3648243E-11
3.86	  2.176404E-11
3.87	  2.0029828E-11
3.88	  1.8433682E-11
3.89	  1.6964617E-11
3.9	  1.5612527E-11
3.91	  1.4368108E-11
3.92	  1.3222793E-11
3.93	  1.21686975E-11
3.94	  1.1198562E-11
3.95	  1.0305708E-11
3.96	  9.483982E-12
3.97	  8.727724E-12
3.98	  8.031723E-12
3.99	  7.391182E-12
4.0	  6.8016864E-12


