
X-Axis: Annual Probability
Y-Axis: Ln(RSQSim/UCERF3)
Number of Data Sets: 17


DATASET #1

Name: PSA_0=0.0
Num Points: 25
Info: 

X, Y Data:
1.0E-6	-0.06688397
1.5848932E-6	-0.07140738
2.5118864E-6	-0.076042436
3.9810716E-6	-0.080770954
6.3095736E-6	-0.08516612
1.0E-5	-0.089666605
1.5848931E-5	-0.09467742
2.5118865E-5	-0.10018865
3.981072E-5	-0.10617351
6.309574E-5	-0.112865396
1.0E-4	-0.12046013
1.5848932E-4	-0.12958877
2.5118864E-4	-0.13980107
3.9810716E-4	-0.14651382
6.3095737E-4	-0.14732507
0.001	-0.14713693
0.0015848932	-0.14317958
0.0025118864	-0.13229194
0.0039810715	-0.11491623
0.0063095735	-0.08099899
0.01	-0.05596695
0.015848933	-0.035767734
0.025118865	0.015473246
0.039810717	0.31740147
0.06309573	0.66849166



DATASET #2

Name: 0.1
Num Points: 23
Info: 

X, Y Data:
1.0E-6	-0.066827774
1.5848932E-6	-0.07138899
2.5118864E-6	-0.07606535
3.9810716E-6	-0.08083147
6.3095736E-6	-0.085242115
1.0E-5	-0.08973967
1.5848931E-5	-0.09473277
2.5118865E-5	-0.10020629
3.981072E-5	-0.1061152
6.309574E-5	-0.11265854
1.0E-4	-0.12006482
1.5848932E-4	-0.12881213
2.5118864E-4	-0.1382249
3.9810716E-4	-0.1432729
6.3095737E-4	-0.14189751
0.001	-0.14025332
0.0015848932	-0.13416603
0.0025118864	-0.11837285
0.0039810715	-0.10177562
0.0063095735	-0.092106566
0.01	-0.113058425
0.015848933	-0.17876703
0.025118865	-0.17304784



DATASET #3

Name: 0.2
Num Points: 23
Info: 

X, Y Data:
1.0E-6	-0.066749856
1.5848932E-6	-0.07134888
2.5118864E-6	-0.07606617
3.9810716E-6	-0.08086963
6.3095736E-6	-0.085290834
1.0E-5	-0.0897745
1.5848931E-5	-0.09473553
2.5118865E-5	-0.100150995
3.981072E-5	-0.105960526
6.309574E-5	-0.112339415
1.0E-4	-0.11947615
1.5848932E-4	-0.12780333
2.5118864E-4	-0.13648467
3.9810716E-4	-0.14020051
6.3095737E-4	-0.13772088
0.001	-0.13719884
0.0015848932	-0.13023418
0.0025118864	-0.11885165
0.0039810715	-0.11315688
0.0063095735	-0.12102513
0.01	-0.2161572
0.015848933	-0.33694553
0.025118865	-0.7254333



DATASET #4

Name: 0.4
Num Points: 22
Info: 

X, Y Data:
1.0E-6	-0.06652011
1.5848932E-6	-0.07119032
2.5118864E-6	-0.07598933
3.9810716E-6	-0.08087209
6.3095736E-6	-0.08531629
1.0E-5	-0.08976608
1.5848931E-5	-0.09464427
2.5118865E-5	-0.09990188
3.981072E-5	-0.10544404
6.309574E-5	-0.11140673
1.0E-4	-0.117912546
1.5848932E-4	-0.12534471
2.5118864E-4	-0.13260977
3.9810716E-4	-0.13434017
6.3095737E-4	-0.13291524
0.001	-0.13451236
0.0015848932	-0.12820031
0.0025118864	-0.12745045
0.0039810715	-0.13597557
0.0063095735	-0.22330667
0.01	-0.38427252
0.015848933	-0.5813836



DATASET #5

Name: 0.8
Num Points: 21
Info: 

X, Y Data:
1.0E-6	-0.06603031
1.5848932E-6	-0.070844464
2.5118864E-6	-0.07579897
3.9810716E-6	-0.080819055
6.3095736E-6	-0.0852556
1.0E-5	-0.0895458
1.5848931E-5	-0.09414543
2.5118865E-5	-0.09899075
3.981072E-5	-0.10395458
6.309574E-5	-0.109123744
1.0E-4	-0.114722006
1.5848932E-4	-0.12094401
2.5118864E-4	-0.12620781
3.9810716E-4	-0.12711188
6.3095737E-4	-0.12783365
0.001	-0.12547804
0.0015848932	-0.13240758
0.0025118864	-0.14952745
0.0039810715	-0.22981589
0.0063095735	-0.34926558
0.01	-0.40952575



DATASET #6

Name: PSA_0=1.2
Num Points: 20
Info: 

X, Y Data:
1.0E-6	-0.06551528
1.5848932E-6	-0.07051063
2.5118864E-6	-0.075681746
3.9810716E-6	-0.08085482
6.3095736E-6	-0.08528627
1.0E-5	-0.08944226
1.5848931E-5	-0.09380319
2.5118865E-5	-0.09827276
3.981072E-5	-0.10276499
6.309574E-5	-0.107582316
1.0E-4	-0.112749875
1.5848932E-4	-0.117914304
2.5118864E-4	-0.12037041
3.9810716E-4	-0.11933355
6.3095737E-4	-0.11961603
0.001	-0.12859294
0.0015848932	-0.14437655
0.0025118864	-0.20049873
0.0039810715	-0.28543025
0.0063095735	-0.30128512



DATASET #7

Name: 
Num Points: 25
Info: 

X, Y Data:
1.0E-6	0.13096762
1.5848932E-6	0.1282409
2.5118864E-6	0.12762076
3.9810716E-6	0.12788811
6.3095736E-6	0.120559365
1.0E-5	0.11857775
1.5848931E-5	0.115545236
2.5118865E-5	0.11630299
3.981072E-5	0.11791715
6.309574E-5	0.12728818
1.0E-4	0.12603465
1.5848932E-4	0.13904786
2.5118864E-4	0.16937937
3.9810716E-4	0.19996615
6.3095737E-4	0.21911748
0.001	0.24673277
0.0015848932	0.292632
0.0025118864	0.30572307
0.0039810715	0.38042316
0.0063095735	0.3132168
0.01	0.33293387
0.015848933	0.37420255
0.025118865	0.46600276
0.039810717	0.46856797
0.06309573	0.32175112



DATASET #8

Name: 
Num Points: 23
Info: 

X, Y Data:
1.0E-6	0.1309688
1.5848932E-6	0.12824097
2.5118864E-6	0.12762104
3.9810716E-6	0.12788941
6.3095736E-6	0.120560795
1.0E-5	0.11857889
1.5848931E-5	0.115545645
2.5118865E-5	0.11630298
3.981072E-5	0.11791794
6.309574E-5	0.12729593
1.0E-4	0.12604758
1.5848932E-4	0.13908154
2.5118864E-4	0.169488
3.9810716E-4	0.20031966
6.3095737E-4	0.21995062
0.001	0.24793324
0.0015848932	0.29410532
0.0025118864	0.30825058
0.0039810715	0.38243976
0.0063095735	0.31346852
0.01	0.3459131
0.015848933	0.4219569
0.025118865	0.5312848



DATASET #9

Name: 
Num Points: 23
Info: 

X, Y Data:
1.0E-6	0.13097048
1.5848932E-6	0.12824115
2.5118864E-6	0.12762104
3.9810716E-6	0.12789026
6.3095736E-6	0.120561734
1.0E-5	0.11857945
1.5848931E-5	0.11554567
2.5118865E-5	0.11630303
3.981072E-5	0.11792016
6.309574E-5	0.12730853
1.0E-4	0.12606914
1.5848932E-4	0.13913172
2.5118864E-4	0.16962487
3.9810716E-4	0.20070255
6.3095737E-4	0.22068049
0.001	0.24852516
0.0015848932	0.29483202
0.0025118864	0.30815354
0.0039810715	0.38066748
0.0063095735	0.3159599
0.01	0.38997757
0.015848933	0.51743925
0.025118865	0.9393048



DATASET #10

Name: 
Num Points: 22
Info: 

X, Y Data:
1.0E-6	0.13097568
1.5848932E-6	0.128242
2.5118864E-6	0.12762013
3.9810716E-6	0.1278903
6.3095736E-6	0.12056223
1.0E-5	0.11857931
1.5848931E-5	0.115545005
2.5118865E-5	0.11630354
3.981072E-5	0.11792904
6.309574E-5	0.12734997
1.0E-4	0.12613973
1.5848932E-4	0.1392846
2.5118864E-4	0.16999324
3.9810716E-4	0.20156074
6.3095737E-4	0.22161472
0.001	0.24907555
0.0015848932	0.29522777
0.0025118864	0.3065329
0.0039810715	0.3781224
0.0063095735	0.34466848
0.01	0.5005531
0.015848933	0.7104701



DATASET #11

Name: 
Num Points: 21
Info: 

X, Y Data:
1.0E-6	0.13098814
1.5848932E-6	0.1282445
2.5118864E-6	0.12761807
3.9810716E-6	0.12788914
6.3095736E-6	0.120561056
1.0E-5	0.11857595
1.5848931E-5	0.115542665
2.5118865E-5	0.116309986
3.981072E-5	0.117967315
6.309574E-5	0.12748013
1.0E-4	0.12634368
1.5848932E-4	0.1396659
2.5118864E-4	0.17079283
3.9810716E-4	0.20284759
6.3095737E-4	0.22271116
0.001	0.25112852
0.0015848932	0.29442406
0.0025118864	0.30345014
0.0039810715	0.38207588
0.0063095735	0.4134022
0.01	0.5198348



DATASET #12

Name: 
Num Points: 20
Info: 

X, Y Data:
1.0E-6	0.13100322
1.5848932E-6	0.12824781
2.5118864E-6	0.12761696
3.9810716E-6	0.12788993
6.3095736E-6	0.120561644
1.0E-5	0.118574515
1.5848931E-5	0.1155423
2.5118865E-5	0.11632009
3.981072E-5	0.11801138
6.309574E-5	0.12759106
1.0E-4	0.12650983
1.5848932E-4	0.14000821
2.5118864E-4	0.17172681
3.9810716E-4	0.20450889
6.3095737E-4	0.22471623
0.001	0.25038576
0.0015848932	0.29245672
0.0025118864	0.30242983
0.0039810715	0.39506325
0.0063095735	0.3838125



DATASET #13

Name: NEHRP City Mean
Num Points: 25
Info: 

X, Y Data:
1.0E-6	-0.019239701
1.5848932E-6	-0.02566454
2.5118864E-6	-0.031372245
3.9810716E-6	-0.0349141
6.3095736E-6	-0.038808856
1.0E-5	-0.0430616
1.5848931E-5	-0.047697734
2.5118865E-5	-0.05271987
3.981072E-5	-0.05812331
6.309574E-5	-0.0639258
1.0E-4	-0.07013881
1.5848932E-4	-0.07682423
2.5118864E-4	-0.084047146
3.9810716E-4	-0.091798514
6.3095737E-4	-0.099540606
0.001	-0.10535727
0.0015848932	-0.10468399
0.0025118864	-0.09364318
0.0039810715	-0.07222543
0.0063095735	-0.038289107
0.01	0.015280624
0.015848933	0.1012643
0.025118865	0.2521088
0.039810717	0.4699498
0.06309573	0.5259376



DATASET #14

Name: Mean
Num Points: 25
Info: 

X, Y Data:
1.0E-6	-0.068059854
1.5848932E-6	-0.07109166
2.5118864E-6	-0.074196346
3.9810716E-6	-0.07802063
6.3095736E-6	-0.082938395
1.0E-5	-0.08784901
1.5848931E-5	-0.09385227
2.5118865E-5	-0.100268535
3.981072E-5	-0.107730314
6.309574E-5	-0.117530175
1.0E-4	-0.12438707
1.5848932E-4	-0.13522923
2.5118864E-4	-0.1506904
3.9810716E-4	-0.16672437
6.3095737E-4	-0.17830995
0.001	-0.18682888
0.0015848932	-0.1866249
0.0025118864	-0.18107703
0.0039810715	-0.16688219
0.0063095735	-0.07945268
0.01	-0.007347768
0.015848933	0.025670607
0.025118865	0.093885645
0.039810717	0.38341075
0.06309573	0.7464329



DATASET #15

Name: StdDev
Num Points: 25
Info: 

X, Y Data:
1.0E-6	0.12988304
1.5848932E-6	0.12771362
2.5118864E-6	0.12743197
3.9810716E-6	0.12784983
6.3095736E-6	0.1205391
1.0E-5	0.11856412
1.5848931E-5	0.11554259
2.5118865E-5	0.116303265
3.981072E-5	0.11790718
6.309574E-5	0.127203
1.0E-4	0.12597379
1.5848932E-4	0.13893378
2.5118864E-4	0.16902941
3.9810716E-4	0.19894272
6.3095737E-4	0.21691623
0.001	0.24351987
0.0015848932	0.28938982
0.0025118864	0.30180642
0.0039810715	0.3768583
0.0063095735	0.313214
0.01	0.32936588
0.015848933	0.3691259
0.025118865	0.45936033
0.039810717	0.46389818
0.06309573	0.3122077



DATASET #16

Name: Median
Num Points: 25
Info: 

X, Y Data:
1.0E-6	-0.06841844
1.5848932E-6	-0.07213251
2.5118864E-6	-0.07570954
3.9810716E-6	-0.07878072
6.3095736E-6	-0.08112777
1.0E-5	-0.083621934
1.5848931E-5	-0.087987736
2.5118865E-5	-0.09329237
3.981072E-5	-0.09942263
6.309574E-5	-0.10609522
1.0E-4	-0.113160424
1.5848932E-4	-0.12091944
2.5118864E-4	-0.12843455
3.9810716E-4	-0.13207676
6.3095737E-4	-0.13376518
0.001	-0.13215968
0.0015848932	-0.124673896
0.0025118864	-0.117673546
0.0039810715	-0.098751724
0.0063095735	-0.057776112
0.01	-0.007373853
0.015848933	0.043286588
0.025118865	0.12550004
0.039810717	0.36589864
0.06309573	0.6272511



DATASET #17

Name: MeanAbsDiff
Num Points: 25
Info: 

X, Y Data:
1.0E-6	0.1113172
1.5848932E-6	0.111961335
2.5118864E-6	0.11274591
3.9810716E-6	0.113349736
6.3095736E-6	0.11353879
1.0E-5	0.11489756
1.5848931E-5	0.116846785
2.5118865E-5	0.12022593
3.981072E-5	0.12487487
6.309574E-5	0.1322603
1.0E-4	0.13766518
1.5848932E-4	0.14843372
2.5118864E-4	0.16535136
3.9810716E-4	0.18515505
6.3095737E-4	0.20245565
0.001	0.21925808
0.0015848932	0.22920993
0.0025118864	0.23791537
0.0039810715	0.2524075
0.0063095735	0.21198802
0.01	0.22622657
0.015848933	0.2602013
0.025118865	0.34616482
0.039810717	0.47663817
0.06309573	0.7464329


