
X-Axis: 1.0s SA (g)
Y-Axis: Annual Probabilitiy
Number of Data Sets: 6


DATASET #1

Name: UCERF3 Full
Num Points: 51
Info: 

X, Y Data:
1.0E-4	0.81096333
1.3E-4	0.8099265
1.6E-4	0.80839306
2.0E-4	0.8056163
2.5E-4	0.8011157
3.2E-4	0.7932869
4.0E-4	0.7827613
5.0E-4	0.7680765
6.3E-4	0.7475931
7.9E-4	0.7215795
0.001	0.6876919
0.00126	0.6476549
0.00158	0.6023723
0.002	0.54991513
0.00251	0.49583268
0.00316	0.4393743
0.00398	0.38317963
0.00501	0.32933134
0.00631	0.27906498
0.00794	0.23372027
0.01	0.19349977
0.01259	0.15877652
0.01585	0.12928434
0.01995	0.10458388
0.02512	0.0840241
0.03162	0.06703247
0.03981	0.05297352
0.05012	0.041364912
0.0631	0.031818796
0.07943	0.024051536
0.1	0.017827895
0.12589	0.012952758
0.15849	0.009222883
0.19953	0.006434676
0.25119	0.004391189
0.31623	0.0029184583
0.39811	0.0018761051
0.50119	0.00115629
0.63096	6.7677465E-4
0.79433	3.727592E-4
1.0	1.916625E-4
1.25893	9.138416E-5
1.58489	4.0191404E-5
1.99526	1.6235905E-5
2.51189	6.0047632E-6
3.16228	2.0283521E-6
3.98107	6.24719E-7
5.01187	1.7527655E-7
6.30957	4.4796003E-8
7.94328	1.0438045E-8
10.0	2.2218414E-9



DATASET #2

Name: UCERF3
Num Points: 401
Info: 

X, Y Data:
1.0E-4	0.055131685
1.0333392E-4	0.055131685
1.06779E-4	0.055131685
1.1033893E-4	0.055131685
1.14017545E-4	0.055131685
1.178188E-4	0.055131685
1.2174679E-4	0.055131685
1.2580573E-4	0.055131685
1.3E-4	0.055131685
1.334183E-4	0.055131685
1.369265E-4	0.055131685
1.4052694E-4	0.055131685
1.4422205E-4	0.055131685
1.4801433E-4	0.055131685
1.5190631E-4	0.055131685
1.5590065E-4	0.055131685
1.6E-4	0.055131685
1.645257E-4	0.055131685
1.691794E-4	0.055131685
1.7396474E-4	0.055131685
1.7888544E-4	0.055131685
1.8394532E-4	0.055131685
1.8914833E-4	0.055131685
1.944985E-4	0.055131685
2.0E-4	0.055131685
2.0565712E-4	0.055131685
2.1147425E-4	0.055131685
2.1745593E-4	0.055131685
2.236068E-4	0.055131685
2.2993165E-4	0.055131685
2.364354E-4	0.055131685
2.4312311E-4	0.055131685
2.5E-4	0.05513168
2.5783465E-4	0.05513168
2.659148E-4	0.05513168
2.742482E-4	0.05513168
2.8284272E-4	0.05513168
2.917066E-4	0.05513168
3.0084825E-4	0.055131678
3.102764E-4	0.055131678
3.2E-4	0.055131678
3.290514E-4	0.055131674
3.383588E-4	0.055131674
3.4792948E-4	0.05513167
3.5777088E-4	0.055131666
3.6789064E-4	0.055131663
3.7829665E-4	0.05513166
3.88997E-4	0.055131655
4.0E-4	0.055131648
4.1131425E-4	0.055131644
4.229485E-4	0.055131637
4.3491187E-4	0.055131625
4.472136E-4	0.055131614
4.598633E-4	0.055131603
4.728708E-4	0.055131588
4.8624622E-4	0.05513157
5.0E-4	0.05513155
5.1465514E-4	0.055131525
5.2973983E-4	0.0551315
5.4526667E-4	0.055131465
5.612486E-4	0.055131424
5.77699E-4	0.055131376
5.946315E-4	0.055131324
6.120603E-4	0.05513126
6.3E-4	0.055131186
6.4807665E-4	0.055131104
6.6667196E-4	0.055131007
6.858008E-4	0.055130895
7.0547854E-4	0.055130765
7.257209E-4	0.055130616
7.465441E-4	0.05513044
7.6796475E-4	0.055130243
7.9E-4	0.055130016
8.136239E-4	0.05512974
8.379543E-4	0.055129424
8.630122E-4	0.055129062
8.8881946E-4	0.055128645
9.153984E-4	0.055128165
9.427722E-4	0.055127613
9.7096455E-4	0.055126984
0.001	0.05512626
0.0010293103	0.055125456
0.0010594797	0.05512454
0.0010905333	0.055123497
0.0011224973	0.055122316
0.001155398	0.05512098
0.001189263	0.055119466
0.0012241206	0.05511776
0.00126	0.055115834
0.0012961533	0.05511371
0.0013333439	0.05511133
0.0013716016	0.055108663
0.0014109571	0.055105675
0.0014514418	0.055102337
0.0014930882	0.055098616
0.0015359295	0.055094466
0.00158	0.055089846
0.0016272478	0.055084486
0.0016759086	0.055078506
0.0017260244	0.055071857
0.0017776389	0.055064462
0.0018307968	0.05505625
0.0018855444	0.055047154
0.0019419291	0.055037085
0.002	0.055025958
0.0020575977	0.055014145
0.002116854	0.055001173
0.002177817	0.05498695
0.0022405356	0.054971375
0.0023050604	0.054954335
0.0023714434	0.054935727
0.0024397383	0.054915432
0.00251	0.05489332
0.0025833033	0.054868918
0.0026587474	0.054842383
0.0027363948	0.054813556
0.0028163097	0.054782294
0.0028985585	0.054748427
0.0029832094	0.054711796
0.0030703326	0.054672226
0.00316	0.05462954
0.0032524571	0.054583464
0.0033476194	0.054533884
0.003445566	0.054480612
0.0035463783	0.054423444
0.0036501405	0.054362178
0.0037569385	0.054296605
0.003866861	0.05422652
0.00398	0.05415171
0.004096165	0.05407216
0.0042157196	0.05398748
0.0043387646	0.05389746
0.0044654002	0.053801883
0.0045957323	0.053700536
0.0047298684	0.05359321
0.0048679197	0.053479698
0.00501	0.05335979
0.005156579	0.05323298
0.0053074467	0.05309934
0.005462728	0.052958686
0.0056225527	0.05281083
0.0057870536	0.052655585
0.005956367	0.052492786
0.0061306343	0.05232227
0.00631	0.052143883
0.006493865	0.05195824
0.0066830874	0.051764518
0.0068778237	0.051562592
0.007078234	0.051352356
0.0072844843	0.051133715
0.0074967444	0.05090658
0.00771519	0.050670885
0.00794	0.05042657
0.008172275	0.050172586
0.008411343	0.049909838
0.008657407	0.049638312
0.008910668	0.049358
0.009171338	0.049068913
0.009439633	0.048771076
0.009715778	0.048464525
0.01	0.048149318
0.010292081	0.047826014
0.010592694	0.047494218
0.010902087	0.047154013
0.011220517	0.046805505
0.011548247	0.046448804
0.011885551	0.04608403
0.012232705	0.045711324
0.01259	0.04533082
0.012957647	0.044942755
0.013336032	0.04454721
0.013725464	0.044144355
0.01412627	0.043734357
0.014538779	0.0433174
0.014963334	0.04289367
0.015400288	0.04246336
0.01585	0.042026658
0.016312422	0.04158417
0.016788337	0.041135713
0.017278135	0.040681485
0.017782224	0.040221695
0.01830102	0.03975655
0.01883495	0.039286267
0.019384459	0.038811054
0.01995	0.038331125
0.020533005	0.037845895
0.021133045	0.03735636
0.021750621	0.03686274
0.022386245	0.03636524
0.023040446	0.03586409
0.023713762	0.035359487
0.024406755	0.034851663
0.02512	0.03434082
0.025853088	0.03382788
0.02660757	0.03331236
0.027384069	0.032794487
0.02818323	0.03227447
0.029005712	0.03175253
0.029852198	0.031228889
0.030723387	0.030703763
0.03162	0.030177375
0.032543603	0.029649485
0.033494186	0.029120784
0.034472536	0.028591499
0.03547946	0.028061861
0.0365158	0.027532104
0.03758241	0.027002467
0.03868017	0.026473187
0.03981	0.025944507
0.040972695	0.02541673
0.042169347	0.024890047
0.04340095	0.024364704
0.044668525	0.023840956
0.04597312	0.023319058
0.047315817	0.022799265
0.04869773	0.022281837
0.05012	0.021767031
0.0515838	0.021255117
0.053090356	0.020746347
0.05464091	0.020240985
0.05623675	0.01973929
0.0578792	0.019241525
0.059569612	0.018747946
0.0613094	0.018258808
0.0631	0.017774364
0.06494172	0.017295167
0.066837184	0.01682115
0.06878798	0.016352553
0.070795715	0.01588961
0.072862044	0.015432549
0.074988686	0.014981589
0.077177405	0.014536941
0.07943	0.014098812
0.08174976	0.013667135
0.08413727	0.013242361
0.08659451	0.012824667
0.08912351	0.012414216
0.09172637	0.01201116
0.09440525	0.0116156405
0.097162366	0.011227786
0.1	0.010847712
0.102919795	0.010475612
0.10592484	0.010111483
0.109017625	0.009755402
0.112200715	0.009407433
0.11547674	0.009067627
0.11884842	0.008736019
0.12231855	0.008412636
0.12589	0.008097488
0.12956645	0.0077905143
0.13335027	0.007491762
0.13724458	0.0072012045
0.14125264	0.006918803
0.14537773	0.0066445065
0.14962329	0.0063782544
0.15399285	0.006119974
0.15849	0.0058695828
0.16311829	0.0056269993
0.16788174	0.0053921114
0.17278428	0.0051648095
0.17783	0.0049449774
0.18302307	0.0047324896
0.18836778	0.0045272163
0.19386858	0.00432902
0.19953	0.004137759
0.20535603	0.0039533093
0.21135218	0.003775496
0.21752341	0.003604166
0.22387484	0.0034391626
0.23041171	0.0032803277
0.23713945	0.0031275004
0.24406363	0.0029805205
0.25119	0.002839226
0.25852492	0.0027034471
0.26607406	0.0025730317
0.27384362	0.00244782
0.28184006	0.002327653
0.29007	0.002212374
0.29854023	0.0021018274
0.30725783	0.0019958606
0.31623	0.0018943234
0.32546407	0.0017970687
0.33496782	0.0017039516
0.34474903	0.0016148307
0.3548159	0.001529568
0.3651767	0.0014480287
0.37584007	0.0013700818
0.3868148	0.0012955995
0.39811	0.0012244578
0.40973493	0.0011565365
0.42169935	0.0010917183
0.4340131	0.0010298894
0.44668642	9.709399E-4
0.4597298	9.14763E-4
0.47315407	8.6125545E-4
0.4869703	8.1031705E-4
0.50119	7.6185085E-4
0.5158249	7.1576284E-4
0.5308872	6.7196204E-4
0.5463893	6.3036033E-4
0.5623441	5.9087225E-4
0.57876474	5.534151E-4
0.59566486	5.179085E-4
0.61305845	4.8427467E-4
0.63096	4.5243817E-4
0.6493842	4.2232577E-4
0.6683464	3.9386633E-4
0.6878623	3.669908E-4
0.7079481	3.4163226E-4
0.72862035	3.1772556E-4
0.7498962	2.9520757E-4
0.7717934	2.740169E-4
0.79433	2.54094E-4
0.8175246	2.3538095E-4
0.8413966	2.1782161E-4
0.86596555	2.0136141E-4
0.8912519	1.859475E-4
0.9172767	1.7152856E-4
0.9440614	1.5805487E-4
0.97162825	1.4547832E-4
1.0	1.3375227E-4
1.029201	1.2283142E-4
1.0592546	1.1267253E-4
1.090186	1.03233586E-4
1.1220205	9.447406E-5
1.1547846	8.6354936E-5
1.1885055	7.883867E-5
1.223211	7.18892E-5
1.25893	6.547192E-5
1.2956905	5.9553895E-5
1.3335243	5.410314E-5
1.3724631	4.9089347E-5
1.4125386	4.448359E-5
1.4537846	4.0258336E-5
1.4962348	3.638738E-5
1.5399245	3.2845855E-5
1.58489	2.9610184E-5
1.6311698	2.6657974E-5
1.678801	2.3968236E-5
1.727823	2.1521088E-5
1.7782766	1.9297806E-5
1.8302034	1.72808E-5
1.8836465	1.545356E-5
1.9386501	1.38006235E-5
1.99526	1.23075415E-5
2.0535233	1.0960815E-5
2.113488	9.747896E-6
2.1752036	8.657101E-6
2.2387214	7.6775905E-6
2.304094	6.7993237E-6
2.3713756	6.013014E-6
2.4406219	5.310092E-6
2.51189	4.6826626E-6
2.5852382	4.123474E-6
2.6607285	3.6258539E-6
2.7384229	3.1836987E-6
2.818386	2.7914275E-6
2.900684	2.4439457E-6
2.9853854	2.136613E-6
3.0725598	1.8652091E-6
3.16228	1.6259047E-6
3.2546198	1.4152304E-6
3.3496559	1.2300483E-6
3.447467	1.0675271E-6
3.5481343	9.251159E-7
3.6517413	8.005211E-7
3.7583735	6.916842E-7
3.8681195	5.967609E-7
3.98107	5.1410234E-7
4.097319	4.4223637E-7
4.2169633	3.7985214E-7
4.340101	3.257839E-7
4.466834	2.7899665E-7
4.5972676	2.385737E-7
4.7315106	2.0370422E-7
4.869673	1.7367253E-7
5.01187	1.4784818E-7
5.1582193	1.2567665E-7
5.3088417	1.06671294E-7
5.463863	9.040551E-8
5.62341	7.650628E-8
5.7876167	6.4647914E-8
5.9566183	5.4546604E-8
6.1305547	4.595553E-8
6.30957	3.8660353E-8
6.493813	3.2475246E-8
6.683436	2.7239498E-8
6.878596	2.2814278E-8
7.079455	1.9079934E-8
7.286179	1.5933496E-8
7.4989395	1.3286517E-8
7.7179127	1.1063144E-8
7.94328	9.198446E-9
8.175228	7.636971E-9
8.41395	6.3314105E-9
8.659641	5.2415032E-9
8.912508	4.3330033E-9
9.172758	3.576862E-9
9.440608	2.9484695E-9
9.716279	2.4270501E-9
10.0	1.9950241E-9



DATASET #3

Name: RSQSim
Num Points: 401
Info: 

X, Y Data:
1.0E-4	0.047830116
1.0333392E-4	0.047830116
1.06779E-4	0.047830116
1.1033893E-4	0.047830116
1.14017545E-4	0.047830116
1.178188E-4	0.047830116
1.2174679E-4	0.047830116
1.2580573E-4	0.047830116
1.3E-4	0.047830116
1.334183E-4	0.047830116
1.369265E-4	0.047830116
1.4052694E-4	0.047830116
1.4422205E-4	0.047830116
1.4801433E-4	0.047830116
1.5190631E-4	0.047830116
1.5590065E-4	0.047830116
1.6E-4	0.047830116
1.645257E-4	0.047830116
1.691794E-4	0.047830116
1.7396474E-4	0.047830116
1.7888544E-4	0.047830116
1.8394532E-4	0.047830116
1.8914833E-4	0.047830116
1.944985E-4	0.047830116
2.0E-4	0.047830116
2.0565712E-4	0.047830116
2.1147425E-4	0.047830116
2.1745593E-4	0.047830116
2.236068E-4	0.047830116
2.2993165E-4	0.047830116
2.364354E-4	0.047830116
2.4312311E-4	0.047830116
2.5E-4	0.047830112
2.5783465E-4	0.047830112
2.659148E-4	0.047830112
2.742482E-4	0.047830112
2.8284272E-4	0.047830112
2.917066E-4	0.047830112
3.0084825E-4	0.047830112
3.102764E-4	0.047830112
3.2E-4	0.04783011
3.290514E-4	0.04783011
3.383588E-4	0.04783011
3.4792948E-4	0.047830105
3.5777088E-4	0.047830105
3.6789064E-4	0.0478301
3.7829665E-4	0.047830097
3.88997E-4	0.047830097
4.0E-4	0.047830094
4.1131425E-4	0.04783009
4.229485E-4	0.047830082
4.3491187E-4	0.04783008
4.472136E-4	0.04783007
4.598633E-4	0.047830064
4.728708E-4	0.047830053
4.8624622E-4	0.04783004
5.0E-4	0.04783003
5.1465514E-4	0.047830015
5.2973983E-4	0.047829997
5.4526667E-4	0.047829974
5.612486E-4	0.04782995
5.77699E-4	0.047829922
5.946315E-4	0.047829885
6.120603E-4	0.047829848
6.3E-4	0.0478298
6.4807665E-4	0.047829747
6.6667196E-4	0.047829688
6.858008E-4	0.047829617
7.0547854E-4	0.047829535
7.257209E-4	0.04782944
7.465441E-4	0.047829334
7.6796475E-4	0.047829207
7.9E-4	0.047829065
8.136239E-4	0.047828894
8.379543E-4	0.047828693
8.630122E-4	0.047828466
8.8881946E-4	0.047828205
9.153984E-4	0.0478279
9.427722E-4	0.047827553
9.7096455E-4	0.047827158
0.001	0.047826704
0.0010293103	0.047826193
0.0010594797	0.047825616
0.0010905333	0.047824956
0.0011224973	0.04782421
0.001155398	0.047823362
0.001189263	0.0478224
0.0012241206	0.047821317
0.00126	0.047820088
0.0012961533	0.047818735
0.0013333439	0.04781721
0.0013716016	0.0478155
0.0014109571	0.047813583
0.0014514418	0.047811434
0.0014930882	0.04780903
0.0015359295	0.04780635
0.00158	0.04780335
0.0016272478	0.047799863
0.0016759086	0.047795963
0.0017260244	0.047791608
0.0017776389	0.047786754
0.0018307968	0.047781345
0.0018855444	0.047775324
0.0019419291	0.04776864
0.002	0.047761228
0.0020575977	0.047753327
0.002116854	0.047744613
0.002177817	0.047735024
0.0022405356	0.047724474
0.0023050604	0.04771289
0.0023714434	0.047700178
0.0024397383	0.04768625
0.00251	0.047671005
0.0025833033	0.047654103
0.0026587474	0.047635626
0.0027363948	0.047615457
0.0028163097	0.047593467
0.0028985585	0.04756952
0.0029832094	0.047543474
0.0030703326	0.047515184
0.00316	0.047484487
0.0032524571	0.04745117
0.0033476194	0.0474151
0.003445566	0.04737611
0.0035463783	0.047334015
0.0036501405	0.047288623
0.0037569385	0.047239732
0.003866861	0.04718714
0.00398	0.047130637
0.004096165	0.047070153
0.0042157196	0.047005344
0.0043387646	0.04693598
0.0044654002	0.046861827
0.0045957323	0.046782654
0.0047298684	0.046698224
0.0048679197	0.046608295
0.00501	0.046512622
0.005156579	0.04641071
0.0053074467	0.046302535
0.005462728	0.046187844
0.0056225527	0.04606639
0.0057870536	0.045937926
0.005956367	0.04580221
0.0061306343	0.045658994
0.00631	0.045508046
0.006493865	0.04534978
0.0066830874	0.04518339
0.0068778237	0.045008656
0.007078234	0.044825364
0.0072844843	0.044633314
0.0074967444	0.04443232
0.00771519	0.044222195
0.00794	0.044002775
0.008172275	0.043772988
0.008411343	0.043533526
0.008657407	0.04328426
0.008910668	0.043025073
0.009171338	0.04275586
0.009439633	0.042476546
0.009715778	0.04218706
0.01	0.041887354
0.010292081	0.041577883
0.010592694	0.041258186
0.010902087	0.04092827
0.011220517	0.040588167
0.011548247	0.040237922
0.011885551	0.039877605
0.012232705	0.039507307
0.01259	0.039127134
0.012957647	0.038737312
0.013336032	0.038337898
0.013725464	0.03792907
0.01412627	0.037511013
0.014538779	0.03708394
0.014963334	0.03664808
0.015400288	0.036203675
0.01585	0.035750996
0.016312422	0.035290737
0.016788337	0.034822796
0.017278135	0.034347486
0.017782224	0.03386514
0.01830102	0.03337609
0.01883495	0.032880705
0.019384459	0.03237934
0.01995	0.031872388
0.020533005	0.03135939
0.021133045	0.03084157
0.021750621	0.03031934
0.022386245	0.029793119
0.023040446	0.029263325
0.023713762	0.028730389
0.024406755	0.02819474
0.02512	0.027656816
0.025853088	0.027117776
0.02660757	0.026577339
0.027384069	0.026035935
0.02818323	0.025494002
0.029005712	0.02495197
0.029852198	0.024410268
0.030723387	0.02386932
0.03162	0.023329547
0.032543603	0.022790888
0.033494186	0.022254229
0.034472536	0.02171997
0.03547946	0.021188501
0.0365158	0.02066021
0.03758241	0.020135472
0.03868017	0.019614646
0.03981	0.019098088
0.040972695	0.018586198
0.042169347	0.01807925
0.04340095	0.017577557
0.044668525	0.017081426
0.04597312	0.016591152
0.047315817	0.016107013
0.04869773	0.015629275
0.05012	0.015158187
0.0515838	0.014693992
0.053090356	0.014236911
0.05464091	0.013787153
0.05623675	0.013344912
0.0578792	0.012910368
0.059569612	0.012483688
0.0613094	0.012065022
0.0631	0.011654507
0.06494172	0.011252516
0.066837184	0.010858895
0.06878798	0.010473738
0.070795715	0.010097123
0.072862044	0.009729116
0.074988686	0.009369769
0.077177405	0.009019119
0.07943	0.008677192
0.08174976	0.008343803
0.08413727	0.008019158
0.08659451	0.007703245
0.08912351	0.0073960405
0.09172637	0.007097507
0.09440525	0.0068075974
0.097162366	0.006526253
0.1	0.0062534064
0.102919795	0.0059890416
0.10592484	0.0057330034
0.109017625	0.005485196
0.112200715	0.0052455137
0.11547674	0.0050138435
0.11884842	0.0047900653
0.12231855	0.004574051
0.12589	0.0043656677
0.12956645	0.0041647367
0.13335027	0.0039711534
0.13724458	0.0037847685
0.14125264	0.0036054272
0.14537773	0.0034329707
0.14962329	0.0032672377
0.15399285	0.0031080632
0.15849	0.0029552802
0.16311829	0.0028087262
0.16788174	0.0026682236
0.17278428	0.0025336016
0.17783	0.0024046882
0.18302307	0.0022813112
0.18836778	0.0021632987
0.19386858	0.0020504799
0.19953	0.0019426846
0.20535603	0.0018397564
0.21135218	0.0017415145
0.21752341	0.0016477943
0.22387484	0.0015584328
0.23041171	0.0014732699
0.23713945	0.0013921481
0.24406363	0.0013149128
0.25119	0.0012414127
0.25852492	0.0011714954
0.26607406	0.0011050212
0.27384362	0.0010418493
0.28184006	9.818423E-4
0.29007	9.248668E-4
0.29854023	8.7079336E-4
0.30725783	8.194963E-4
0.31623	7.7085395E-4
0.32546407	7.247488E-4
0.33496782	6.81067E-4
0.34474903	6.396985E-4
0.3548159	6.005376E-4
0.3651767	5.634822E-4
0.37584007	5.284342E-4
0.3868148	4.952992E-4
0.39811	4.6398648E-4
0.40973493	4.3440924E-4
0.42169935	4.0648365E-4
0.4340131	3.8012964E-4
0.44668642	3.5527043E-4
0.4597298	3.3183253E-4
0.47315407	3.0974555E-4
0.4869703	2.8894216E-4
0.50119	2.6935793E-4
0.5158249	2.509313E-4
0.5308872	2.3360341E-4
0.5463893	2.1731798E-4
0.5623441	2.020213E-4
0.57876474	1.8766202E-4
0.59566486	1.7419114E-4
0.61305845	1.615618E-4
0.63096	1.4972933E-4
0.6493842	1.3865108E-4
0.6683464	1.2828631E-4
0.6878623	1.1859613E-4
0.7079481	1.0954345E-4
0.72862035	1.0109289E-4
0.7498962	9.3210685E-5
0.7717934	8.586464E-5
0.79433	7.902405E-5
0.8175246	7.2659655E-5
0.8413966	6.674356E-5
0.86596555	6.1249186E-5
0.8912519	5.6151235E-5
0.9172767	5.1425613E-5
0.9440614	4.70494E-5
0.97162825	4.3000804E-5
1.0	3.925911E-5
1.029201	3.5804554E-5
1.0592546	3.261857E-5
1.090186	2.9683435E-5
1.1220205	2.6982372E-5
1.1547846	2.4499484E-5
1.1885055	2.2219738E-5
1.223211	2.0128922E-5
1.25893	1.8213621E-5
1.2956905	1.6461248E-5
1.3335243	1.4859802E-5
1.3724631	1.3398065E-5
1.4125386	1.2065493E-5
1.4537846	1.0852188E-5
1.4962348	9.748866E-6
1.5399245	8.746839E-6
1.58489	7.837975E-6
1.6311698	7.0146657E-6
1.678801	6.2698564E-6
1.727823	5.596955E-6
1.7782766	4.989831E-6
1.8302034	4.4427916E-6
1.8836465	3.95056E-6
1.9386501	3.5082492E-6
1.99526	3.1113439E-6
2.0535233	2.755674E-6
2.113488	2.437402E-6
2.1752036	2.1529952E-6
2.2387214	1.8992084E-6
2.304094	1.6730664E-6
2.3713756	1.471845E-6
2.4406219	1.2930545E-6
2.51189	1.134423E-6
2.5852382	9.938827E-7
2.6607285	8.695494E-7
2.7384229	7.597142E-7
2.818386	6.6282854E-7
2.900684	5.7749094E-7
2.9853854	5.024357E-7
3.0725598	4.3652125E-7
3.16228	3.7872016E-7
3.2546198	3.2810908E-7
3.3496559	2.8385946E-7
3.447467	2.4522944E-7
3.5481343	2.1155574E-7
3.6517413	1.822464E-7
3.7583735	1.5677404E-7
3.8681195	1.3466959E-7
3.98107	1.1551661E-7
4.097319	9.894593E-8
4.2169633	8.4631075E-8
4.340101	7.2283605E-8
4.466834	6.164921E-8
4.5972676	5.2504053E-8
4.7315106	4.465147E-8
4.869673	3.791895E-8
5.01187	3.215545E-8
5.1582193	2.7228959E-8
5.3088417	2.3024267E-8
5.463863	1.9441043E-8
5.62341	1.639203E-8
5.7876167	1.3801506E-8
5.9566183	1.1603829E-8
6.1305547	9.74223E-9
6.30957	8.167677E-9
6.493813	6.8379036E-9
6.683436	5.7165366E-9
6.878596	4.77233E-9
7.079455	3.9784815E-9
7.286179	3.312028E-9
7.4989395	2.7533589E-9
7.7179127	2.28574E-9
7.94328	1.8949111E-9
8.175228	1.5687209E-9
8.41395	1.2968908E-9
8.659641	1.0707106E-9
8.912508	8.827802E-10
9.172758	7.268167E-10
9.440608	5.975589E-10
9.716279	4.9063875E-10
10.0	4.0231252E-10



DATASET #4

Name: 1000yr
Num Points: 2
Info: 

X, Y Data:
0.001	0.001
10.0	0.001



DATASET #5

Name: 2500yr
Num Points: 2
Info: 

X, Y Data:
0.001	4.0E-4
10.0	4.0E-4



DATASET #6

Name: 10000yr
Num Points: 2
Info: 

X, Y Data:
0.001	1.0E-4
10.0	1.0E-4


