
X-Axis: Time (years)
Y-Axis: Cumulative Count
Number of Data Sets: 2


DATASET #1

Name: Catalog
Num Points: 824
Info: 

X, Y Data:
1.4280231E-6	824.0
6.7672736E-6	823.0
0.012973935	822.0
0.05032262	821.0
0.12223543	820.0
0.12676956	819.0
0.163526	818.0
0.16843922	817.0
0.19617595	816.0
0.20593202	815.0
0.2793538	814.0
0.310189	813.0
0.4583538	812.0
0.46672508	811.0
0.77845865	810.0
0.8532658	809.0
0.8853125	808.0
0.89812493	807.0
0.911754	806.0
1.0773638	805.0
1.080618	804.0
1.1110947	803.0
1.1454741	802.0
1.1454866	801.0
1.1691203	800.0
1.2965629	799.0
1.2987907	798.0
1.3114352	797.0
1.5732704	796.0
1.6407101	795.0
1.7102706	794.0
1.7112792	793.0
1.7312318	792.0
1.7409904	791.0
1.8144101	790.0
1.9732815	789.0
2.0491502	788.0
2.121432	787.0
2.1404881	786.0
2.1666272	785.0
2.3080342	784.0
2.338436	783.0
2.35614	782.0
2.5457761	781.0
2.670179	780.0
2.800233	779.0
2.8073795	778.0
2.8609319	777.0
2.8644364	776.0
3.1154406	775.0
3.1166143	774.0
3.1788747	773.0
3.3120837	772.0
3.3138294	771.0
3.3224719	770.0
3.3503466	769.0
3.3630803	768.0
3.3821204	767.0
3.4003713	766.0
3.4440467	765.0
3.462484	764.0
3.4734113	763.0
3.4741883	762.0
3.5204835	761.0
3.5721729	760.0
3.719128	759.0
3.7957413	758.0
3.8292398	757.0
3.9769008	756.0
3.9782486	755.0
4.065941	754.0
4.221154	753.0
4.324473	752.0
4.4077153	751.0
4.4159684	750.0
4.489401	749.0
4.809846	748.0
4.816258	747.0
4.898821	746.0
5.0790854	745.0
5.230132	744.0
5.3188705	743.0
5.4190493	742.0
5.574002	741.0
5.6504803	740.0
5.8887815	739.0
5.8896565	738.0
5.9532356	737.0
5.962115	736.0
5.9648943	735.0
6.0401425	734.0
6.321676	733.0
6.5672927	732.0
6.6234107	731.0
6.6311407	730.0
6.683319	729.0
6.930836	728.0
6.982443	727.0
7.0187874	726.0
7.0578446	725.0
7.1211853	724.0
7.169574	723.0
7.6075215	722.0
7.6092944	721.0
7.6810155	720.0
7.745714	719.0
7.828106	718.0
8.060672	717.0
8.129566	716.0
8.283127	715.0
8.361117	714.0
8.614364	713.0
8.964419	712.0
9.022537	711.0
9.195278	710.0
9.297841	709.0
9.314691	708.0
9.390077	707.0
9.395796	706.0
9.429335	705.0
9.67355	704.0
9.7152405	703.0
9.719085	702.0
9.838762	701.0
9.84011	700.0
9.873042	699.0
9.898285	698.0
9.905962	697.0
10.264131	696.0
10.333158	695.0
10.397671	694.0
10.420638	693.0
10.438277	692.0
10.50194	691.0
10.510593	690.0
10.512261	689.0
10.59747	688.0
10.60849	687.0
10.628595	686.0
10.673992	685.0
10.719283	684.0
10.984185	683.0
11.087704	682.0
11.098024	681.0
11.122169	680.0
11.128011	679.0
11.251723	678.0
11.255956	677.0
11.55516	676.0
11.664654	675.0
11.795905	674.0
11.88103	673.0
11.924485	672.0
11.987305	671.0
12.149219	670.0
12.235503	669.0
12.360342	668.0
12.363765	667.0
12.366954	666.0
12.385127	665.0
12.426424	664.0
12.436831	663.0
12.692079	662.0
12.777354	661.0
13.021972	660.0
13.181579	659.0
13.285506	658.0
13.372782	657.0
13.575253	656.0
13.582136	655.0
13.609951	654.0
13.745726	653.0
13.810301	652.0
13.947086	651.0
14.056607	650.0
14.257111	649.0
14.318121	648.0
14.34427	647.0
14.409738	646.0
14.516869	645.0
14.620025	644.0
14.756345	643.0
14.756793	642.0
14.788467	641.0
15.0404825	640.0
15.085197	639.0
15.316427	638.0
15.383553	637.0
15.384513	636.0
15.454302	635.0
15.655223	634.0
15.701424	633.0
15.915915	632.0
15.985521	631.0
16.148258	630.0
16.310354	629.0
16.489035	628.0
16.873041	627.0
16.889412	626.0
17.007318	625.0
17.14682	624.0
17.186892	623.0
17.242609	622.0
17.28594	621.0
17.296688	620.0
17.409546	619.0
17.599657	618.0
17.668772	617.0
17.873245	616.0
17.894306	615.0
17.929857	614.0
18.021378	613.0
18.110298	612.0
18.205746	611.0
18.248482	610.0
18.264326	609.0
18.292944	608.0
18.383726	607.0
18.446795	606.0
18.573816	605.0
18.604694	604.0
18.623457	603.0
18.62939	602.0
18.668442	601.0
18.811096	600.0
18.842182	599.0
18.842806	598.0
18.97413	597.0
18.995634	596.0
19.143927	595.0
19.173456	594.0
19.218672	593.0
19.23057	592.0
19.25473	591.0
19.261526	590.0
19.351225	589.0
19.444212	588.0
19.595724	587.0
19.617775	586.0
19.744268	585.0
19.997723	584.0
20.047962	583.0
20.077469	582.0
20.108854	581.0
20.186674	580.0
20.483952	579.0
20.548323	578.0
20.596395	577.0
20.617767	576.0
20.732695	575.0
20.777733	574.0
20.787056	573.0
20.904415	572.0
20.949717	571.0
21.043526	570.0
21.060038	569.0
21.065739	568.0
21.088175	567.0
21.093088	566.0
21.20095	565.0
21.309874	564.0
21.51991	563.0
21.873999	562.0
21.913399	561.0
21.951698	560.0
22.110386	559.0
22.160088	558.0
22.177258	557.0
22.329891	556.0
22.387804	555.0
22.42305	554.0
22.608738	553.0
22.73463	552.0
22.781794	551.0
22.829987	550.0
22.855412	549.0
22.961119	548.0
23.164234	547.0
23.564466	546.0
23.619497	545.0
23.660162	544.0
23.894136	543.0
24.147396	542.0
24.180655	541.0
24.277426	540.0
24.301483	539.0
24.512415	538.0
24.55547	537.0
24.617369	536.0
24.69472	535.0
24.712702	534.0
24.724266	533.0
24.730429	532.0
24.822819	531.0
24.83643	530.0
24.844175	529.0
25.049143	528.0
25.397394	527.0
25.399815	526.0
25.542498	525.0
25.567854	524.0
25.6931	523.0
25.73299	522.0
25.779316	521.0
26.047285	520.0
26.066517	519.0
26.067228	518.0
26.384502	517.0
26.41492	516.0
26.635263	515.0
26.751871	514.0
26.877094	513.0
27.118023	512.0
27.125187	511.0
27.200151	510.0
27.531498	509.0
27.545464	508.0
27.694763	507.0
27.733131	506.0
27.929628	505.0
28.270855	504.0
28.401249	503.0
28.505795	502.0
28.583696	501.0
28.700403	500.0
28.733912	499.0
28.939995	498.0
28.971079	497.0
29.054195	496.0
29.076315	495.0
29.131723	494.0
29.420204	493.0
29.480055	492.0
29.60231	491.0
29.92782	490.0
30.0433	489.0
30.101517	488.0
30.142965	487.0
30.530535	486.0
30.648672	485.0
30.865898	484.0
30.873808	483.0
30.89141	482.0
31.071348	481.0
31.463497	480.0
31.505646	479.0
31.506384	478.0
31.641928	477.0
31.77316	476.0
31.884342	475.0
32.014057	474.0
32.05717	473.0
32.05805	472.0
32.220814	471.0
32.232986	470.0
32.317856	469.0
32.40878	468.0
32.40918	467.0
32.551327	466.0
32.684315	465.0
32.697216	464.0
32.72259	463.0
32.785282	462.0
32.901024	461.0
32.96919	460.0
33.11032	459.0
33.14474	458.0
33.154667	457.0
33.301422	456.0
33.641304	455.0
33.64161	454.0
33.704254	453.0
33.726814	452.0
33.849705	451.0
33.86326	450.0
33.94197	449.0
33.986732	448.0
34.054523	447.0
34.07149	446.0
34.08883	445.0
34.09142	444.0
34.10384	443.0
34.489136	442.0
34.530422	441.0
34.559673	440.0
34.69848	439.0
34.970455	438.0
35.173817	437.0
35.378983	436.0
35.408054	435.0
35.53742	434.0
35.60942	433.0
35.610397	432.0
35.62897	431.0
35.668957	430.0
35.692947	429.0
35.893475	428.0
36.26679	427.0
36.27487	426.0
36.295494	425.0
36.495743	424.0
36.525524	423.0
36.544865	422.0
36.77227	421.0
36.790375	420.0
36.97133	419.0
37.035786	418.0
37.07688	417.0
37.12314	416.0
37.14021	415.0
37.42997	414.0
37.48656	413.0
37.487	412.0
37.562927	411.0
37.84688	410.0
38.070187	409.0
38.113636	408.0
38.386684	407.0
38.68596	406.0
38.767155	405.0
38.839867	404.0
38.91639	403.0
39.001648	402.0
39.12909	401.0
39.158356	400.0
39.166737	399.0
39.253395	398.0
39.699455	397.0
39.775547	396.0
39.89577	395.0
39.95669	394.0
39.966923	393.0
40.029697	392.0
40.6245	391.0
40.796272	390.0
40.97036	389.0
41.098114	388.0
41.44635	387.0
41.60768	386.0
41.615807	385.0
41.692154	384.0
41.74791	383.0
41.882587	382.0
41.92609	381.0
41.95804	380.0
42.04384	379.0
42.09008	378.0
42.513313	377.0
42.56352	376.0
42.577625	375.0
42.67257	374.0
42.725418	373.0
42.910667	372.0
43.098465	371.0
43.527866	370.0
43.982254	369.0
44.094734	368.0
44.234936	367.0
44.404552	366.0
44.565716	365.0
44.634804	364.0
44.658115	363.0
44.70192	362.0
44.807877	361.0
45.059216	360.0
45.21801	359.0
45.42478	358.0
45.513893	357.0
45.661484	356.0
45.83944	355.0
45.86872	354.0
46.013092	353.0
46.078533	352.0
46.07997	351.0
46.543175	350.0
46.56735	349.0
47.03938	348.0
47.299606	347.0
47.312325	346.0
47.3241	345.0
47.577522	344.0
47.649075	343.0
47.71551	342.0
48.024235	341.0
48.37751	340.0
48.424812	339.0
48.790844	338.0
48.848064	337.0
49.11125	336.0
49.25682	335.0
49.522175	334.0
49.619087	333.0
50.454212	332.0
50.51739	331.0
50.612823	330.0
50.642994	329.0
50.701202	328.0
50.72792	327.0
51.140594	326.0
51.181225	325.0
51.42025	324.0
51.61044	323.0
51.694088	322.0
51.872528	321.0
52.121223	320.0
52.208813	319.0
52.92622	318.0
52.939663	317.0
53.105618	316.0
53.153336	315.0
53.19636	314.0
53.19906	313.0
53.300583	312.0
53.533157	311.0
53.750935	310.0
53.85237	309.0
53.911434	308.0
54.530746	307.0
54.711708	306.0
54.933586	305.0
55.015694	304.0
55.054264	303.0
55.1915	302.0
55.23134	301.0
55.3457	300.0
55.531918	299.0
55.853287	298.0
55.89162	297.0
56.00377	296.0
56.127228	295.0
56.13557	294.0
56.39006	293.0
56.56412	292.0
56.697556	291.0
56.7575	290.0
56.865147	289.0
57.043346	288.0
57.260822	287.0
57.335884	286.0
57.55275	285.0
57.90629	284.0
58.428272	283.0
58.44364	282.0
58.569527	281.0
58.804993	280.0
59.018932	279.0
59.16398	278.0
59.211487	277.0
59.61302	276.0
59.658955	275.0
59.85013	274.0
59.946613	273.0
60.046112	272.0
60.183846	271.0
60.27352	270.0
60.47875	269.0
60.911896	268.0
60.943943	267.0
60.998516	266.0
61.181442	265.0
61.24692	264.0
61.41639	263.0
61.643593	262.0
61.932373	261.0
62.03032	260.0
62.15361	259.0
62.162136	258.0
62.207645	257.0
62.43554	256.0
63.137836	255.0
63.16502	254.0
63.312893	253.0
63.405327	252.0
63.44258	251.0
63.80859	250.0
64.03235	249.0
64.383865	248.0
64.53172	247.0
65.14863	246.0
65.28825	245.0
65.43999	244.0
65.57938	243.0
65.9201	242.0
65.94003	241.0
66.16239	240.0
66.406166	239.0
67.24746	238.0
67.29204	237.0
67.337234	236.0
67.47662	235.0
67.60856	234.0
67.814354	233.0
67.84495	232.0
68.048386	231.0
68.164406	230.0
68.23123	229.0
68.42612	228.0
68.702995	227.0
68.719536	226.0
68.85261	225.0
69.23015	224.0
69.241714	223.0
69.484985	222.0
69.80673	221.0
69.82157	220.0
69.91211	219.0
70.07424	218.0
70.103264	217.0
70.50408	216.0
70.764175	215.0
70.84659	214.0
71.15868	213.0
71.418816	212.0
71.61913	211.0
71.673805	210.0
72.03912	209.0
72.439766	208.0
73.04021	207.0
73.16379	206.0
73.54114	205.0
74.27055	204.0
74.360695	203.0
74.3719	202.0
74.683235	201.0
74.820915	200.0
75.59207	199.0
75.71465	198.0
75.71719	197.0
75.87185	196.0
76.05501	195.0
76.16819	194.0
76.78861	193.0
77.11002	192.0
77.12052	191.0
77.20166	190.0
77.306305	189.0
77.78834	188.0
77.90986	187.0
77.99999	186.0
78.1758	185.0
78.535164	184.0
78.74257	183.0
79.04368	182.0
79.11809	181.0
79.568596	180.0
79.77852	179.0
80.22139	178.0
80.366234	177.0
80.4602	176.0
80.57124	175.0
81.11387	174.0
81.30247	173.0
81.44557	172.0
81.4795	171.0
81.73962	170.0
81.94267	169.0
82.17068	168.0
83.30192	167.0
83.871155	166.0
84.25363	165.0
84.52732	164.0
84.55873	163.0
84.56911	162.0
84.65196	161.0
84.87608	160.0
84.966805	159.0
85.13528	158.0
85.20599	157.0
85.400444	156.0
85.715996	155.0
86.62837	154.0
87.228714	153.0
87.390465	152.0
87.54369	151.0
89.00872	150.0
89.01367	149.0
89.34653	148.0
89.54178	147.0
89.65435	146.0
90.06771	145.0
90.36659	144.0
90.539665	143.0
90.572334	142.0
90.8499	141.0
92.122986	140.0
92.72019	139.0
92.81201	138.0
93.006905	137.0
93.15658	136.0
93.63789	135.0
94.07032	134.0
94.22506	133.0
94.456795	132.0
95.04688	131.0
95.76353	130.0
95.791466	129.0
95.97659	128.0
96.38095	127.0
96.43324	126.0
96.81815	125.0
96.8942	124.0
97.298775	123.0
97.43387	122.0
97.67105	121.0
97.8208	120.0
97.95157	119.0
97.97857	118.0
98.02148	117.0
98.19651	116.0
98.49452	115.0
98.690186	114.0
98.93053	113.0
99.366165	112.0
100.12494	111.0
100.96078	110.0
101.14117	109.0
101.28206	108.0
101.48808	107.0
101.54075	106.0
101.8943	105.0
102.39886	104.0
102.88641	103.0
103.35512	102.0
103.44053	101.0
104.10937	100.0
104.56291	99.0
104.58939	98.0
104.87764	97.0
105.21398	96.0
106.19417	95.0
106.25564	94.0
106.38231	93.0
106.48906	92.0
106.80452	91.0
107.71718	90.0
107.92659	89.0
108.46261	88.0
109.05261	87.0
109.08736	86.0
109.22651	85.0
109.514984	84.0
109.66859	83.0
109.742004	82.0
110.65975	81.0
110.881836	80.0
111.335976	79.0
112.12282	78.0
112.353004	77.0
112.70578	76.0
112.89609	75.0
113.02114	74.0
113.0895	73.0
113.330894	72.0
113.93519	71.0
114.66506	70.0
115.391785	69.0
116.56755	68.0
117.107	67.0
117.50774	66.0
117.601746	65.0
117.854385	64.0
117.92155	63.0
118.25807	62.0
118.36008	61.0
118.40779	60.0
118.764206	59.0
118.77774	58.0
119.60699	57.0
119.634	56.0
119.83143	55.0
120.08058	54.0
120.284744	53.0
120.475075	52.0
121.019585	51.0
121.05997	50.0
121.18024	49.0
121.4116	48.0
122.244934	47.0
123.70985	46.0
123.72221	45.0
124.19685	44.0
124.66036	43.0
125.243576	42.0
126.195496	41.0
127.4813	40.0
127.541046	39.0
127.838646	38.0
128.02719	37.0
129.05244	36.0
129.0903	35.0
129.29138	34.0
129.5845	33.0
129.89128	32.0
132.82468	31.0
133.39471	30.0
135.3737	29.0
137.33174	28.0
139.53976	27.0
140.41827	26.0
141.79189	25.0
141.81685	24.0
142.25143	23.0
142.53291	22.0
143.01982	21.0
143.16148	20.0
143.71024	19.0
143.77054	18.0
143.847	17.0
145.55246	16.0
145.75209	15.0
147.66931	14.0
150.18253	13.0
151.5239	12.0
151.61432	11.0
152.57011	10.0
154.07034	9.0
157.00987	8.0
157.04738	7.0
159.11603	6.0
162.2406	5.0
164.3048	4.0
167.81398	3.0
169.47517	2.0
173.32759	1.0



DATASET #2

Name: Prob. Filtered Catalog
Num Points: 1580
Info: 

X, Y Data:
1.4280231E-6	777.49
6.7672736E-6	776.9
0.012973935	776.39
0.05032262	775.68
0.12223543	774.73
0.12676956	773.79
0.163526	772.82
0.16843922	771.85
0.19617595	770.95
0.20593202	770.16
0.2793538	769.26
0.310189	768.38
0.4583538	767.4
0.46672508	766.46
0.77845865	765.49
0.8532658	764.88
0.8853125	764.02
0.89812493	763.21
0.911754	762.52
1.0773638	761.61
1.080618	760.79
1.1110947	759.82
1.1454741	758.9
1.1454866	757.93
1.1691203	757.1
1.2965629	756.21
1.2987907	755.28
1.3114352	754.53
1.5732704	753.6
1.6407101	752.77
1.7102706	751.93
1.7112792	750.94
1.7312318	750.06
1.7409904	749.35
1.8144101	748.54
1.9732815	747.58
2.0491502	746.83
2.121432	746.05
2.1404881	745.33
2.1666272	744.5
2.3080342	743.64
2.338436	742.69
2.35614	741.8
2.5457761	740.92
2.670179	740.14
2.800233	739.25
2.8073795	738.4
2.8609319	737.41
2.8644364	736.54
3.1154406	735.62
3.1166143	734.74
3.1788747	733.78
3.3120837	732.89
3.3138294	731.92
3.3224719	731.01
3.3503466	730.21
3.3630803	729.38
3.3821204	728.45
3.4003713	727.49
3.4440467	726.83
3.462484	725.87
3.4734113	725.37
3.4741883	724.48
3.5204835	723.58
3.5721729	722.65
3.719128	721.85
3.7957413	720.88
3.8292398	719.99
3.8422139	719.28
3.9769008	719.03
3.9782486	718.2
4.065941	717.25
4.221154	716.32
4.324473	715.64
4.3998356	714.67
4.4077153	714.49
4.4159684	713.6
4.489401	712.81
4.5206485	711.82
4.809846	711.8
4.816258	710.83
4.898821	709.83
5.0790854	708.87
5.119279	707.93
5.230132	707.83
5.3188705	707.02
5.4190493	706.09
5.574002	705.13
5.6504803	704.23
5.8887815	703.6
5.8896565	702.62
5.9532356	701.65
5.962115	700.8
5.9648943	699.85
6.0401425	699.44
6.321676	698.79
6.5672927	697.98
6.6234107	697.0
6.6311407	696.1
6.683319	695.23
6.930836	694.31
6.982443	693.31
7.0187874	692.34
7.0578446	691.41
7.1211853	690.55
7.169574	689.82
7.6075215	688.88
7.6092944	688.07
7.609301	687.28
7.6810155	687.14
7.745714	686.28
7.828106	685.43
8.060672	684.63
8.129566	683.7
8.283127	682.81
8.361117	681.84
8.466302	681.12
8.614364	681.11
8.964419	680.31
9.022537	679.44
9.195278	678.63
9.297841	677.9
9.298687	676.98
9.314691	676.87
9.390077	675.98
9.395796	675.06
9.429335	674.24
9.67355	673.3
9.7152405	672.35
9.719085	671.36
9.838762	670.39
9.84011	669.44
9.873042	668.48
9.898285	667.52
9.905962	666.53
10.264131	665.65
10.333158	664.71
10.397671	663.88
10.420638	662.88
10.438277	661.94
10.50194	660.97
10.510593	660.02
10.512261	659.23
10.59747	658.48
10.60849	657.78
10.628595	656.81
10.673992	655.86
10.719283	654.89
10.984185	653.89
11.087704	652.91
11.098024	652.12
11.122169	651.13
11.128011	650.35
11.251723	649.41
11.255956	648.42
11.55516	647.43
11.664654	646.47
11.795905	645.52
11.819466	644.83
11.88103	644.81
11.924485	644.01
11.987305	643.1
12.149219	642.44
12.235503	641.45
12.360342	640.67
12.363765	639.73
12.366954	638.8
12.385127	638.08
12.426424	637.33
12.436831	636.79
12.692079	635.95
12.777354	634.97
12.831855	634.13
13.021972	634.12
13.181579	633.35
13.285506	632.38
13.372782	631.38
13.454301	630.41
13.575253	630.24
13.582136	629.28
13.609951	628.29
13.634251	627.46
13.745726	627.34
13.810301	626.38
13.86502	625.55
13.947086	625.51
13.973636	624.69
14.056607	624.64
14.257111	623.93
14.318121	623.33
14.34427	622.34
14.409738	621.43
14.516869	620.52
14.620025	619.65
14.756345	618.67
14.756793	618.03
14.788467	617.03
15.0404825	616.26
15.085197	615.48
15.316427	614.51
15.383553	613.52
15.384513	612.53
15.454302	611.57
15.655223	610.62
15.701424	609.63
15.829174	608.72
15.915915	608.68
15.985521	607.71
16.148258	606.95
16.310354	606.02
16.31755	605.03
16.35419	604.95
16.489035	604.88
16.873041	604.0
16.889412	603.14
17.007318	602.19
17.14682	601.76
17.186892	600.78
17.242609	600.13
17.28594	599.47
17.296688	598.49
17.409546	597.61
17.553501	596.72
17.599657	596.69
17.668772	595.73
17.726427	594.88
17.873245	594.87
17.875134	593.96
17.894306	593.95
17.929857	592.99
17.94068	592.2
18.021378	592.03
18.110298	591.22
18.205746	590.34
18.230534	589.34
18.248482	589.28
18.264326	588.41
18.292944	587.42
18.383726	586.94
18.446795	586.04
18.573816	585.06
18.604694	584.08
18.623457	583.27
18.62939	582.5
18.668442	581.78
18.80087	581.2
18.811096	581.01
18.842182	580.02
18.842806	579.15
18.870382	578.16
18.97413	578.04
18.995634	577.05
19.143927	576.21
19.173456	575.29
19.218672	574.3
19.221907	573.35
19.23057	573.28
19.25473	572.43
19.261526	571.56
19.351225	570.59
19.444212	569.79
19.595724	568.97
19.617775	568.47
19.744268	567.59
19.956583	566.9
19.997723	566.89
20.047962	565.92
20.070345	565.18
20.077469	565.02
20.108854	564.21
20.186674	563.27
20.483952	562.65
20.548323	561.7
20.596395	560.72
20.60937	560.03
20.617767	560.02
20.732695	559.03
20.777733	558.06
20.787056	557.12
20.837378	556.17
20.838026	556.13
20.904415	556.1
20.949717	555.12
21.043526	554.18
21.060038	553.22
21.065739	552.44
21.088175	551.69
21.093088	550.73
21.20095	549.78
21.309874	548.84
21.428152	547.86
21.51991	547.85
21.873999	546.95
21.913399	546.01
21.951698	545.06
22.110386	544.07
22.160088	543.08
22.177258	542.12
22.329891	541.26
22.387804	540.26
22.42305	539.37
22.552065	538.39
22.608738	538.38
22.73463	537.5
22.781794	536.67
22.829987	535.7
22.855412	534.73
22.961119	533.76
23.164234	532.84
23.207504	531.87
23.564466	531.67
23.619497	530.69
23.660162	529.76
23.894136	528.77
24.147396	528.01
24.180655	527.15
24.277426	526.18
24.301483	525.21
24.318922	524.22
24.512415	523.85
24.55547	522.92
24.556564	521.93
24.617369	521.88
24.69472	521.04
24.712702	520.25
24.724266	519.35
24.730429	518.5
24.804296	517.52
24.822819	517.49
24.83643	516.75
24.844175	515.81
24.93127	514.85
25.049143	514.84
25.169725	513.91
25.353815	513.87
25.397394	513.59
25.399815	512.68
25.542498	511.7
25.567854	510.7
25.6931	509.83
25.72126	508.87
25.724178	508.84
25.73299	508.73
25.779316	507.77
25.902409	506.78
26.047285	506.75
26.066517	505.8
26.067228	504.96
26.076588	504.02
26.384502	503.99
26.41492	503.03
26.50572	502.04
26.635263	502.03
26.751871	501.09
26.877094	500.27
26.976284	499.29
27.118023	499.16
27.125187	498.23
27.200151	497.28
27.5245	496.31
27.531498	496.17
27.545464	495.34
27.576378	494.37
27.681067	494.33
27.694763	494.3
27.733131	493.36
27.897358	492.68
27.929628	492.52
28.23484	491.78
28.270855	491.77
28.401249	490.78
28.505795	489.79
28.583696	488.82
28.700403	487.89
28.733912	487.0
28.828003	486.12
28.939995	486.11
28.957243	485.14
28.971079	485.12
29.054195	484.23
29.076315	483.29
29.131723	482.34
29.420204	481.38
29.480055	480.42
29.52918	479.45
29.60231	479.44
29.92782	478.46
30.0433	477.6
30.101517	476.88
30.142965	475.9
30.23954	475.22
30.39526	475.2
30.530535	475.14
30.648672	474.14
30.865898	473.18
30.873808	472.22
30.89141	471.24
31.071348	470.27
31.26443	469.33
31.463497	469.03
31.505646	468.04
31.506384	467.25
31.578001	466.43
31.618494	466.19
31.641928	466.15
31.77316	465.28
31.884342	464.55
32.014057	463.66
32.02215	462.79
32.05717	462.4
32.05805	461.69
32.220814	460.77
32.232986	459.79
32.317856	458.79
32.40878	457.95
32.40918	456.97
32.551327	456.02
32.684315	455.08
32.697216	454.32
32.72259	453.46
32.785282	452.59
32.901024	451.73
32.96919	450.77
33.004814	449.78
33.053288	449.77
33.11032	449.74
33.14474	448.8
33.154667	447.84
33.301422	446.87
33.62139	445.97
33.641304	445.95
33.64161	445.03
33.704254	444.43
33.726814	443.54
33.849705	442.64
33.86326	441.68
33.94197	440.79
33.986732	439.81
34.054523	438.99
34.070286	438.05
34.07149	438.03
34.08883	437.04
34.09142	436.07
34.10384	435.27
34.105495	434.37
34.143974	434.35
34.45927	434.3
34.489136	434.15
34.530422	433.18
34.559673	432.25
34.69848	431.26
34.80925	430.4
34.820717	430.37
34.85673	430.33
34.970135	430.25
34.970455	430.1
35.055576	429.11
35.173817	429.08
35.20531	428.17
35.378983	427.98
35.408054	427.03
35.520565	426.06
35.532898	426.05
35.53742	426.04
35.60942	425.1
35.610397	424.14
35.62897	423.16
35.640427	422.2
35.668957	422.14
35.692947	421.19
35.832413	420.21
35.8738	420.02
35.893475	420.0
36.10052	419.03
36.12732	418.83
36.217594	418.82
36.233303	418.81
36.26679	418.72
36.27487	417.75
36.295494	416.83
36.442276	415.86
36.495743	415.78
36.495743	415.17
36.525524	415.0
36.544865	414.04
36.77227	413.1
36.790375	412.13
36.97133	411.21
37.035786	410.3
37.07688	409.33
37.12314	408.54
37.14021	407.58
37.42997	406.75
37.456615	405.98
37.48656	405.93
37.487	404.94
37.562927	403.94
37.59615	403.06
37.84688	403.0
37.908733	402.13
37.918667	402.12
38.070187	402.03
38.113636	401.22
38.222355	400.35
38.386684	400.34
38.50565	399.42
38.68596	399.39
38.767155	398.4
38.839867	397.48
38.91639	396.54
39.001648	395.86
39.044674	394.88
39.12909	394.87
39.134007	393.91
39.158356	393.9
39.166737	393.0
39.253395	392.33
39.3481	391.43
39.699455	391.4
39.775547	390.52
39.89577	389.83
39.903637	389.01
39.95669	388.91
39.966923	388.34
40.004692	387.38
40.029697	387.37
40.464725	386.41
40.6245	386.38
40.796272	385.42
40.96844	384.62
40.97036	384.4
41.098114	383.5
41.10124	382.53
41.44635	382.51
41.60768	381.57
41.615807	380.76
41.687923	379.79
41.692154	379.55
41.74791	378.56
41.80426	378.01
41.882587	377.91
41.92609	377.03
41.95804	376.1
42.019287	375.14
42.04384	375.05
42.09008	374.12
42.385525	373.19
42.513313	373.17
42.56352	372.18
42.577625	371.19
42.67257	370.19
42.725418	369.21
42.792988	368.25
42.910667	368.22
43.0467	367.35
43.098465	367.19
43.40341	366.26
43.527866	366.25
43.982254	365.31
44.094734	364.4
44.234936	363.45
44.404552	362.64
44.42171	361.65
44.54992	361.62
44.565716	361.6
44.634804	360.66
44.658115	359.75
44.70192	358.78
44.79455	357.81
44.807877	357.75
44.824837	356.84
45.059216	356.83
45.11841	355.84
45.21801	355.83
45.42478	354.86
45.511696	353.89
45.513893	353.86
45.516426	352.92
45.661484	352.9
45.724827	351.94
45.773952	351.92
45.83944	351.91
45.86872	350.96
46.001644	350.23
46.013092	350.17
46.078533	349.38
46.07997	348.5
46.124752	347.51
46.380623	347.47
46.543175	347.38
46.559017	346.41
46.56735	346.16
46.635975	345.17
46.950535	345.16
46.982395	345.14
47.03938	345.05
47.127266	344.09
47.299606	344.07
47.312325	343.18
47.3241	342.22
47.45423	341.26
47.577522	341.22
47.649075	340.4
47.672314	339.45
47.71551	339.41
47.742744	338.61
47.910294	338.58
48.024235	338.56
48.28335	337.78
48.37751	337.77
48.386566	336.83
48.424812	336.78
48.51373	335.79
48.61838	335.69
48.790844	335.67
48.848064	334.7
48.863834	333.71
48.934902	333.69
49.11125	333.66
49.184357	332.7
49.25682	332.69
49.522175	331.93
49.619087	330.95
49.674694	330.2
49.901352	330.19
50.26804	330.16
50.40444	330.1
50.454212	330.09
50.51739	329.21
50.612823	328.36
50.642994	327.52
50.701202	326.79
50.72792	325.79
51.140594	324.91
51.181225	323.99
51.232445	323.05
51.42025	323.04
51.61044	322.23
51.62745	321.24
51.694088	321.23
51.76363	320.25
51.872528	320.2
52.121223	319.21
52.203194	318.27
52.208813	318.23
52.474876	317.28
52.512882	317.27
52.92622	317.26
52.939663	316.35
52.945347	315.38
53.105618	315.35
53.110847	314.39
53.153336	314.37
53.19636	313.4
53.19906	312.43
53.300583	311.48
53.46964	310.53
53.48835	310.52
53.533157	310.5
53.735214	309.57
53.750935	309.33
53.85237	308.6
53.911434	307.62
53.96151	306.84
54.091995	306.8
54.105717	306.79
54.39803	306.75
54.530746	306.74
54.603104	305.84
54.711708	305.83
54.747295	304.87
54.8105	304.85
54.81603	304.84
54.933586	304.83
55.000034	303.99
55.015694	303.97
55.034004	303.36
55.054264	303.32
55.1915	302.37
55.21294	301.44
55.23134	301.33
55.3457	300.68
55.531918	299.72
55.853287	298.94
55.89162	297.98
56.00377	297.01
56.127228	296.02
56.13557	295.04
56.231926	294.23
56.283398	294.21
56.33722	294.19
56.39006	294.16
56.56412	293.29
56.614296	292.31
56.697556	292.22
56.7575	291.23
56.865147	290.24
56.920273	289.27
56.970154	289.25
57.043346	289.24
57.162865	288.33
57.260822	288.29
57.335884	287.5
57.452194	286.5
57.55275	286.4
57.568142	285.66
57.615723	285.65
57.71036	285.64
57.90629	285.62
58.386772	284.66
58.428272	284.65
58.44364	283.71
58.44365	283.07
58.569527	282.75
58.70743	281.85
58.804993	281.82
59.018932	280.87
59.16398	280.02
59.211487	279.16
59.50356	278.18
59.61302	278.17
59.658955	277.27
59.85013	276.36
59.946613	275.37
60.046112	274.39
60.183846	273.44
60.27352	272.62
60.372887	271.67
60.47875	271.65
60.594532	270.67
60.619404	270.62
60.911896	270.58
60.943943	269.59
60.998516	268.6
61.051895	267.68
61.12588	267.5
61.126728	267.49
61.181442	267.46
61.24692	267.06
61.257565	266.07
61.41639	266.06
61.643593	265.18
61.91382	264.21
61.93149	264.18
61.932373	264.1
62.018864	263.27
62.03032	263.26
62.15361	262.61
62.162136	261.74
62.207645	260.95
62.258514	260.0
62.340378	259.99
62.43554	259.98
62.679493	259.25
63.04745	259.23
63.137836	259.05
63.16502	258.38
63.312893	257.4
63.405327	256.57
63.44258	255.61
63.747143	254.98
63.784267	254.95
63.80859	254.94
63.845703	253.95
63.859524	253.81
64.03235	253.79
64.14197	252.82
64.383865	252.8
64.53172	251.81
64.609375	250.85
64.741486	250.81
65.06857	250.59
65.14863	250.56
65.28825	249.6
65.43999	248.63
65.54861	247.63
65.57938	247.61
65.63555	246.8
65.69991	246.77
65.84631	246.74
65.9201	246.72
65.94003	245.75
65.99098	244.96
66.05294	244.95
66.16239	244.92
66.338974	243.98
66.40364	243.8
66.406166	243.78
66.59626	242.96
66.850174	242.95
66.932526	242.93
67.24746	242.9
67.29204	242.08
67.337234	241.2
67.47662	240.22
67.47662	239.42
67.55266	239.29
67.60856	239.12
67.63309	238.36
67.80754	238.35
67.814354	238.1
67.84495	237.32
67.917046	236.35
68.046875	236.14
68.048386	236.0
68.1453	235.01
68.164406	234.91
68.23123	234.11
68.42612	233.15
68.702995	232.24
68.719536	231.29
68.85261	230.48
69.23015	229.49
69.241714	228.78
69.484985	228.05
69.67076	227.13
69.73792	227.06
69.75478	227.05
69.80673	226.92
69.82157	225.96
69.91211	224.99
70.012665	224.06
70.06683	224.03
70.07424	224.01
70.08266	223.23
70.103264	223.07
70.11929	222.08
70.161194	222.04
70.27352	221.87
70.50408	221.86
70.57472	220.89
70.623795	220.69
70.73414	220.68
70.74535	220.65
70.75299	220.63
70.764175	220.6
70.84659	219.61
71.05932	218.66
71.13831	218.64
71.15868	218.63
71.23044	217.65
71.36221	217.61
71.418816	217.6
71.61913	216.95
71.673805	215.95
72.03912	215.0
72.439766	214.02
72.58495	213.05
72.8648	213.01
73.03507	212.99
73.04021	212.93
73.16379	212.0
73.20865	211.09
73.264	211.07
73.54114	211.04
73.68301	210.43
73.951965	210.38
73.96459	210.34
74.02784	210.17
74.13354	210.15
74.27055	210.13
74.360695	209.16
74.3719	208.25
74.40476	207.3
74.47015	207.27
74.683235	207.26
74.80249	206.28
74.820915	206.03
74.84507	205.06
75.59207	205.04
75.71465	204.12
75.71719	203.15
75.82483	202.22
75.87185	202.17
75.89934	201.2
75.924194	201.17
76.05501	201.15
76.14189	200.25
76.16819	200.24
76.447174	199.46
76.78861	199.44
76.81924	198.5
76.88079	198.47
77.11002	198.4
77.12052	197.42
77.20166	196.42
77.25443	195.51
77.306305	195.5
77.78834	194.52
77.90986	193.7
77.99999	192.73
78.100044	192.03
78.1758	192.0
78.48266	191.04
78.535164	191.0
78.55862	190.05
78.74257	190.03
78.7435	189.09
78.77845	189.08
78.90206	188.86
79.04368	188.67
79.11809	187.77
79.47439	187.05
79.568596	186.61
79.734474	185.9
79.77852	185.86
79.82235	184.88
79.9867	184.87
80.22139	184.82
80.366234	184.3
80.4602	183.59
80.57124	182.73
80.62205	181.83
80.687706	181.82
81.06684	181.77
81.11387	181.76
81.23653	180.93
81.30247	180.92
81.44557	179.93
81.46727	179.11
81.4795	179.07
81.5855	178.16
81.73962	178.15
81.86047	177.15
81.94267	177.11
82.105644	176.17
82.155075	176.16
82.17068	176.06
82.48767	175.08
82.5915	174.8
82.61012	174.74
82.880684	174.62
83.1041	174.6
83.30192	174.59
83.47567	174.06
83.62926	174.05
83.871155	173.73
83.973145	172.74
84.25363	172.73
84.2813	172.05
84.52732	172.04
84.55873	171.11
84.56911	170.17
84.65196	169.18
84.87608	168.32
84.966805	167.34
85.02877	166.47
85.031204	166.34
85.13528	166.16
85.20599	165.36
85.21042	164.69
85.286	164.68
85.39315	164.67
85.400444	164.66
85.68193	163.88
85.715996	163.87
85.82928	162.93
86.0334	162.92
86.18629	162.75
86.192154	162.51
86.24904	162.48
86.41704	162.29
86.62837	162.08
86.736984	161.39
86.764404	161.2
87.228714	160.77
87.23995	159.79
87.30351	159.78
87.390465	159.76
87.54369	158.78
87.57455	157.82
87.80097	157.78
88.074104	157.66
88.36406	157.65
88.40412	157.64
89.00201	157.52
89.00872	157.48
89.01367	156.5
89.229225	155.64
89.34653	155.54
89.54178	154.63
89.65435	153.64
90.06771	152.81
90.10783	151.81
90.25456	151.77
90.30261	151.75
90.32511	151.74
90.36659	151.71
90.539665	150.8
90.572334	149.92
90.8499	149.29
90.870964	148.43
90.87171	148.12
90.95666	148.11
91.15509	147.89
91.50269	147.87
91.6468	147.65
91.97646	147.59
92.122986	147.58
92.60759	146.63
92.669205	146.62
92.72019	146.61
92.81201	146.04
93.006905	145.14
93.10167	144.28
93.129196	144.26
93.15658	144.25
93.16306	143.33
93.19444	143.31
93.28038	143.3
93.29413	143.27
93.63789	143.26
93.74956	142.31
93.96666	142.06
93.97271	142.04
94.07032	141.73
94.17058	140.87
94.179344	140.71
94.22506	140.7
94.243805	139.75
94.456795	139.65
94.79826	138.68
95.04688	138.67
95.29738	137.71
95.35135	137.67
95.55524	137.65
95.58578	137.64
95.63198	137.63
95.76353	137.6
95.791466	136.66
95.97659	135.72
96.07054	134.8
96.38095	134.72
96.43324	134.04
96.51565	133.2
96.5529	133.17
96.69146	133.15
96.81815	133.13
96.8942	132.27
97.16063	131.59
97.25703	131.58
97.298775	131.57
97.43387	130.6
97.48246	129.67
97.534485	129.52
97.67105	129.5
97.75584	128.74
97.8208	128.73
97.95157	127.76
97.97857	126.78
98.02148	126.08
98.19651	125.16
98.38538	124.32
98.41056	124.31
98.4337	124.3
98.47845	124.25
98.49452	124.22
98.54496	123.37
98.646416	123.31
98.690186	123.3
98.71937	122.46
98.76034	122.41
98.93053	122.07
98.99506	121.21
99.366165	121.2
99.44448	120.26
99.6186	120.07
99.74939	120.05
99.758095	120.04
99.7703	119.95
99.83698	119.91
99.926765	119.88
100.12494	119.87
100.50615	118.92
100.83296	118.84
100.884415	118.82
100.96078	118.56
101.14117	117.65
101.19706	116.72
101.28206	116.4
101.31891	115.51
101.48808	115.49
101.54075	114.58
101.76194	113.81
101.8943	113.8
102.11068	112.91
102.27501	112.9
102.39886	112.76
102.402695	111.76
102.88641	111.62
103.01967	110.84
103.25161	110.83
103.35512	110.75
103.428894	109.8
103.44053	109.68
103.71844	108.72
103.89041	108.71
103.97237	108.7
104.03913	108.65
104.10937	108.64
104.52562	107.83
104.56291	107.81
104.58939	106.84
104.60365	106.17
104.87764	106.13
105.21398	105.4
105.30505	104.51
105.41579	104.47
105.82089	104.41
105.843575	104.4
105.98837	104.39
106.19417	104.25
106.25564	103.33
106.2927	102.35
106.38231	102.34
106.48906	101.39
106.80452	100.43
106.84768	99.49
107.18275	99.36
107.44239	99.02
107.50421	99.01
107.71718	98.8
107.92659	97.91
107.94322	96.91
108.2121	96.9
108.46261	96.83
108.61715	95.87
109.05261	95.82
109.08736	94.87
109.22651	93.95
109.507996	93.07
109.514984	92.99
109.66859	92.07
109.742004	91.07
109.774475	90.08
110.15952	89.82
110.29625	89.81
110.65975	89.76
110.799545	88.78
110.881836	88.71
110.93216	87.76
111.03441	87.75
111.28438	87.71
111.335976	87.64
111.38788	86.71
111.64045	86.67
111.82112	86.66
111.89642	86.65
112.10212	86.64
112.12282	86.52
112.14924	85.56
112.16923	85.54
112.3005	85.51
112.353004	85.44
112.70578	84.63
112.89043	83.82
112.89609	83.77
113.00999	82.95
113.02114	82.93
113.0895	82.01
113.24749	81.06
113.262535	81.04
113.330894	81.03
113.84475	80.21
113.925644	80.17
113.93519	80.07
114.00615	79.37
114.28408	79.31
114.28408	79.2
114.378204	79.16
114.55243	79.15
114.66506	79.14
115.36756	78.34
115.391785	78.22
115.54497	77.24
115.563515	77.22
115.69244	77.15
115.824615	77.13
115.84992	77.11
115.918655	77.03
115.92517	76.95
116.30681	76.76
116.42566	76.66
116.56755	76.65
116.70252	75.78
116.72533	75.77
116.738304	75.75
116.73958	75.73
116.95525	75.72
117.03895	75.69
117.107	75.66
117.40948	74.71
117.50774	74.69
117.601746	73.7
117.657684	72.73
117.68939	72.71
117.706	72.59
117.854385	72.58
117.92155	71.65
118.16859	70.71
118.18291	70.66
118.25807	70.53
118.36008	69.54
118.40779	68.7
118.58484	67.72
118.764206	67.68
118.77774	66.68
118.90451	65.72
118.93061	65.7
118.96606	65.68
119.153175	65.67
119.515755	65.63
119.60699	65.48
119.634	64.59
119.83143	63.59
119.89054	62.69
120.03726	62.68
120.08058	62.59
120.105736	61.92
120.284744	61.91
120.330894	60.97
120.475075	60.96
120.63349	60.17
120.98503	60.11
121.019585	60.08
121.05997	59.21
121.07466	58.3
121.18024	58.24
121.4116	57.46
122.04604	56.6
122.21489	56.5
122.244934	56.38
122.426735	55.53
122.837585	55.47
122.88467	55.35
123.031136	55.21
123.113815	55.2
123.21285	55.11
123.32428	55.08
123.70985	55.07
123.72221	54.18
123.737564	53.28
123.832085	53.26
124.101204	53.25
124.14941	53.21
124.19685	53.06
124.27506	52.1
124.55607	52.08
124.66036	52.06
125.0946	51.29
125.24352	51.28
125.243576	51.27
125.279274	50.3
125.34503	50.29
125.4273	50.27
125.57719	50.16
125.6154	50.15
125.71225	50.14
126.195496	50.13
126.21053	49.4
126.38232	49.37
126.72745	49.34
126.949646	49.33
126.959465	49.32
127.11212	49.31
127.147804	49.3
127.36271	49.27
127.4813	49.22
127.541046	48.67
127.655876	47.86
127.78546	47.77
127.838646	47.74
128.02719	46.86
128.09738	46.06
128.37672	46.02
128.71385	46.01
128.7491	46.0
128.97652	45.98
129.03842	45.95
129.05244	45.93
129.0903	45.03
129.17244	44.19
129.29138	44.18
129.35587	43.33
129.5845	43.31
129.6697	42.45
129.70045	42.44
129.71638	42.19
129.89128	42.14
130.16006	41.27
130.2116	41.18
130.37552	40.92
130.49994	40.91
130.76308	40.87
130.80225	40.86
131.19676	40.84
131.1987	40.83
131.29916	40.76
131.46365	40.66
131.59122	40.65
131.8981	40.61
132.057	40.6
132.07541	40.42
132.2684	40.4
132.3024	40.39
132.82468	40.18
132.87354	39.25
133.2541	39.23
133.39471	39.22
133.40836	38.38
133.46346	38.24
133.5029	38.23
133.6697	38.2
133.68161	38.19
133.7049	38.17
133.95235	38.15
134.42781	38.11
134.53159	38.08
134.54408	37.8
134.54456	37.78
134.72383	37.77
134.82404	37.76
134.95537	37.69
134.9983	37.68
135.01953	37.67
135.0253	37.45
135.27713	37.28
135.3737	37.26
135.41187	36.31
136.50385	36.14
136.59059	35.99
136.59644	35.94
136.63753	35.9
136.68445	35.89
136.71924	35.88
137.33174	35.87
137.45567	34.91
137.73495	34.9
137.88281	34.89
138.14566	34.88
138.16367	34.87
138.23814	34.85
138.2807	34.82
138.52284	34.79
138.85327	34.71
138.87967	34.69
138.88318	34.67
138.92126	34.66
139.03009	34.65
139.10637	34.58
139.33116	34.55
139.39154	34.54
139.53976	34.52
140.10103	33.71
140.3147	33.7
140.41827	33.61
140.47115	32.71
140.47142	32.68
141.09338	32.65
141.40677	32.61
141.79189	32.55
141.81685	31.6
141.8375	30.99
141.93358	30.82
142.01015	30.81
142.10379	30.8
142.11267	30.78
142.17078	30.76
142.25143	30.73
142.53291	29.77
143.01982	28.8
143.16148	27.81
143.52657	26.83
143.59715	26.68
143.71024	26.59
143.77054	25.68
143.847	24.83
144.01544	23.91
144.01666	23.84
144.06606	23.83
144.10136	23.69
144.17299	23.56
144.40463	23.48
144.52345	23.26
144.66786	23.24
144.8151	23.2
144.90411	23.19
145.55246	23.18
145.6163	22.34
145.75209	22.28
145.79729	21.33
145.86143	21.29
146.24345	21.12
146.92787	20.88
147.45642	20.66
147.56006	20.54
147.66931	20.42
148.05426	19.47
148.08594	19.45
148.53653	19.29
148.62473	19.28
148.79782	19.22
149.05513	19.21
149.17278	19.2
149.56073	19.19
149.61841	19.16
149.63081	19.14
149.71765	19.12
150.18253	19.11
151.19058	18.16
151.44025	18.13
151.4791	18.05
151.5239	18.01
151.61432	17.1
151.93857	16.26
152.17276	16.25
152.2663	16.13
152.56253	16.02
152.57011	16.0
152.69066	15.13
152.90842	15.12
153.75314	15.03
153.82373	14.97
153.87538	14.96
154.04738	14.95
154.07034	14.94
154.28139	13.99
154.4606	13.87
154.46748	13.86
154.52869	13.8
154.80122	13.79
154.82614	13.78
155.36885	13.76
155.37402	13.71
155.59122	13.7
155.96901	13.54
156.22008	13.53
157.00987	13.5
157.04738	12.52
157.08055	11.55
157.24765	11.54
157.55196	11.52
157.70236	11.32
157.93631	11.3
158.16911	11.29
158.18971	11.27
158.37535	11.26
158.80156	11.25
158.99698	11.05
159.11603	10.73
159.20967	9.74
159.25848	9.73
159.66821	9.6
160.67815	9.59
160.75366	9.42
160.90108	9.39
161.1623	9.38
161.39865	9.36
162.2406	9.34
162.3528	8.62
162.5563	8.61
162.85443	8.59
163.13577	8.58
163.14386	8.56
163.41348	8.55
164.1727	8.41
164.28976	8.39
164.3048	8.25
164.33177	7.41
164.82874	7.4
164.85936	7.37
165.95757	7.3
166.0118	7.29
166.03635	7.28
166.09193	7.17
166.31236	7.04
166.46999	7.03
166.47142	7.0
167.25685	6.88
167.3676	6.63
167.6869	6.53
167.81398	6.5
168.22534	5.55
168.33426	5.54
168.42293	5.53
169.01982	5.44
169.128	5.43
169.20737	5.35
169.47517	5.34
169.56114	4.61
169.79599	4.6
169.85353	4.54
170.56529	4.53
170.61336	4.52
170.90506	4.51
170.92836	4.48
171.1871	4.47
171.3343	4.43
171.43797	4.42
171.50919	4.41
171.95981	4.37
172.17574	4.1
172.50557	4.08
172.9603	4.04
173.08395	4.01
173.31006	3.87
173.32759	3.86
173.52861	3.04
174.17525	3.03
174.31595	3.02
174.42638	2.99
174.48502	2.98
174.88382	2.9
175.07146	2.87
175.42328	2.86
175.8464	2.82
176.07057	2.78
176.0884	2.77
176.21425	2.63
176.27939	2.6
176.3986	2.56
177.62764	2.54
177.81242	2.53
177.83629	2.49
178.30829	2.23
179.18713	2.22
179.31465	2.21
179.90308	2.19
179.9042	2.18
180.11781	2.05
180.20528	2.04
180.95341	2.03
181.64671	2.0
181.76071	1.99
182.0045	1.97
182.03493	1.77
182.1002	1.74
182.29175	1.42
182.29733	1.33
182.9818	1.32
183.10304	1.31
183.36479	1.3
184.79245	1.29
185.4779	1.25
185.76088	1.23
185.76442	1.2
186.44931	1.04
187.0796	1.03
187.90556	0.87
188.58498	0.84
189.09192	0.83
191.85468	0.82
192.37457	0.74
193.4736	0.71
194.22209	0.69
194.44398	0.68
198.89543	0.67
199.11658	0.65
200.97035	0.62
201.6437	0.34
203.914	0.32
205.6011	0.3
205.68947	0.29
208.99924	0.28
212.45204	0.18
212.82565	0.17
213.03198	0.16
216.21603	0.15
217.05565	0.14
218.06459	0.13
221.99432	0.11
224.1343	0.1
224.93646	0.09
233.00983	0.08
243.69577	0.06
249.29033	0.05
258.67453	0.04
258.79996	0.03
267.49063	0.02
276.6078	0.01


