
X-Axis: 10.0s SA (g)
Y-Axis: Annual Probabilitiy
Number of Data Sets: 5


DATASET #1

Name: UCERF3
Num Points: 401
Info: 

X, Y Data:
1.0E-4	0.05106609
1.0333392E-4	0.051039804
1.06779E-4	0.051011086
1.1033893E-4	0.05097975
1.14017545E-4	0.050945614
1.178188E-4	0.050908495
1.2174679E-4	0.050868183
1.2580573E-4	0.050824486
1.3E-4	0.050777182
1.334183E-4	0.050737046
1.369265E-4	0.050694406
1.4052694E-4	0.05064915
1.4422205E-4	0.050601162
1.4801433E-4	0.050550327
1.5190631E-4	0.05049652
1.5590065E-4	0.050439622
1.6E-4	0.050379515
1.645257E-4	0.0503112
1.691794E-4	0.05023888
1.7396474E-4	0.0501624
1.7888544E-4	0.05008161
1.8394532E-4	0.049996346
1.8914833E-4	0.049906455
1.944985E-4	0.04981178
2.0E-4	0.049712174
2.0565712E-4	0.049607474
2.1147425E-4	0.049497534
2.1745593E-4	0.049382206
2.236068E-4	0.04926134
2.2993165E-4	0.04913479
2.364354E-4	0.04900242
2.4312311E-4	0.04886409
2.5E-4	0.048719667
2.5783465E-4	0.048552644
2.659148E-4	0.048377838
2.742482E-4	0.048195094
2.8284272E-4	0.04800426
2.917066E-4	0.04780519
3.0084825E-4	0.047597762
3.102764E-4	0.047381848
3.2E-4	0.04715734
3.290514E-4	0.04694692
3.383588E-4	0.046729334
3.4792948E-4	0.04650452
3.5777088E-4	0.046272427
3.6789064E-4	0.046033017
3.7829665E-4	0.04578626
3.88997E-4	0.04553213
4.0E-4	0.04527061
4.1131425E-4	0.0450017
4.229485E-4	0.0447254
4.3491187E-4	0.044441722
4.472136E-4	0.04415069
4.598633E-4	0.043852333
4.728708E-4	0.043546695
4.8624622E-4	0.04323382
5.0E-4	0.042913772
5.1465514E-4	0.0425748
5.2973983E-4	0.042228296
5.4526667E-4	0.04187435
5.612486E-4	0.041513067
5.77699E-4	0.04114457
5.946315E-4	0.040768985
6.120603E-4	0.040386446
6.3E-4	0.03999711
6.4807665E-4	0.039609414
6.6667196E-4	0.039215505
6.858008E-4	0.03881555
7.0547854E-4	0.03840972
7.257209E-4	0.037998207
7.465441E-4	0.03758119
7.6796475E-4	0.03715888
7.9E-4	0.03673148
8.136239E-4	0.03628113
8.379543E-4	0.035825748
8.630122E-4	0.03536559
8.8881946E-4	0.034900926
9.153984E-4	0.03443203
9.427722E-4	0.033959188
9.7096455E-4	0.033482686
0.001	0.033002824
0.0010293103	0.032529376
0.0010594797	0.032053273
0.0010905333	0.03157481
0.0011224973	0.031094288
0.001155398	0.030612001
0.001189263	0.030128252
0.0012241206	0.029643346
0.00126	0.029157585
0.0012961533	0.028681375
0.0013333439	0.028204927
0.0013716016	0.027728522
0.0014109571	0.027252445
0.0014514418	0.026776975
0.0014930882	0.02630239
0.0015359295	0.025828963
0.00158	0.025356965
0.0016272478	0.024867145
0.0016759086	0.024379453
0.0017260244	0.023894172
0.0017776389	0.023411581
0.0018307968	0.022931946
0.0018855444	0.022455527
0.0019419291	0.02198257
0.002	0.021513315
0.0020575977	0.02106487
0.002116854	0.020620268
0.002177817	0.020179689
0.0022405356	0.019743312
0.0023050604	0.019311298
0.0023714434	0.0188838
0.0024397383	0.018460961
0.00251	0.018042915
0.0025833033	0.01762408
0.0026587474	0.017210415
0.0027363948	0.016802022
0.0028163097	0.016399
0.0028985585	0.016001435
0.0029832094	0.015609401
0.0030703326	0.015222966
0.00316	0.014842186
0.0032524571	0.014466433
0.0033476194	0.014096445
0.003445566	0.013732258
0.0035463783	0.0133738965
0.0036501405	0.013021379
0.0037569385	0.012674718
0.003866861	0.01233392
0.00398	0.011998986
0.004096165	0.011670697
0.0042157196	0.011348229
0.0043387646	0.011031571
0.0044654002	0.010720705
0.0045957323	0.01041561
0.0047298684	0.010116262
0.0048679197	0.009822635
0.00501	0.009534701
0.005156579	0.009251764
0.0053074467	0.00897448
0.005462728	0.008702815
0.0056225527	0.00843673
0.0057870536	0.008176187
0.005956367	0.007921144
0.0061306343	0.007671562
0.00631	0.0074273963
0.006493865	0.007189547
0.0066830874	0.0069569834
0.0068778237	0.0067296587
0.007078234	0.006507527
0.0072844843	0.00629054
0.0074967444	0.0060786493
0.00771519	0.0058718044
0.00794	0.005669955
0.008172275	0.005472292
0.008411343	0.005279557
0.008657407	0.0050916946
0.008910668	0.004908649
0.009171338	0.004730363
0.009439633	0.0045567784
0.009715778	0.004387835
0.01	0.0042234724
0.010292081	0.0040638703
0.010592694	0.00390871
0.010902087	0.0037579283
0.011220517	0.0036114594
0.011548247	0.0034692374
0.011885551	0.0033311953
0.012232705	0.0031972649
0.01259	0.0030673775
0.012957647	0.0029414906
0.013336032	0.0028195046
0.013725464	0.0027013482
0.01412627	0.0025869498
0.014538779	0.0024762372
0.014963334	0.0023691375
0.015400288	0.0022655781
0.01585	0.0021654854
0.016312422	0.0020688714
0.016788337	0.0019755715
0.017278135	0.0018855125
0.017782224	0.0017986211
0.01830102	0.0017148245
0.01883495	0.0016340499
0.019384459	0.001556225
0.01995	0.001481278
0.020533005	0.0014090219
0.021133045	0.0013395102
0.021750621	0.0012726723
0.022386245	0.0012084384
0.023040446	0.0011467392
0.023713762	0.0010875063
0.024406755	0.001030672
0.02512	9.7616966E-4
0.025853088	9.2400186E-4
0.02660757	8.7402907E-4
0.027384069	8.261873E-4
0.02818323	7.804137E-4
0.029005712	7.3664606E-4
0.029852198	6.948233E-4
0.030723387	6.5488514E-4
0.03162	6.167723E-4
0.032543603	5.8039516E-4
0.033494186	5.457306E-4
0.034472536	5.1272195E-4
0.03547946	4.813136E-4
0.0365158	4.5145073E-4
0.03758241	4.230796E-4
0.03868017	3.9614725E-4
0.03981	3.7060183E-4
0.040972695	3.4639498E-4
0.042169347	3.2347362E-4
0.04340095	3.0178868E-4
0.044668525	2.8129193E-4
0.04597312	2.6193613E-4
0.047315817	2.4367501E-4
0.04869773	2.2646318E-4
0.05012	2.102563E-4
0.0515838	1.9501105E-4
0.053090356	1.806849E-4
0.05464091	1.6723643E-4
0.05623675	1.5462523E-4
0.0578792	1.4281191E-4
0.059569612	1.3175808E-4
0.0613094	1.2142643E-4
0.0631	1.11780675E-4
0.06494172	1.0279109E-4
0.066837184	9.44173E-5
0.06878798	8.6626314E-5
0.070795715	7.938623E-5
0.072862044	7.2666204E-5
0.074988686	6.643654E-5
0.077177405	6.0668597E-5
0.07943	5.533484E-5
0.08174976	5.0405983E-5
0.08413727	4.5859968E-5
0.08659451	4.167248E-5
0.08912351	3.782028E-5
0.09172637	3.4281184E-5
0.09440525	3.103407E-5
0.097162366	2.8058836E-5
0.1	2.5336396E-5
0.102919795	2.2849235E-5
0.10592484	2.0579559E-5
0.109017625	1.8511199E-5
0.112200715	1.6628917E-5
0.11547674	1.49183625E-5
0.11884842	1.336605E-5
0.12231855	1.1959327E-5
0.12589	1.0686348E-5
0.12956645	9.535829E-6
0.13335027	8.49769E-6
0.13724458	7.562303E-6
0.14125264	6.720715E-6
0.14537773	5.96462E-6
0.14962329	5.2863224E-6
0.15399285	4.6787072E-6
0.15849	4.1352073E-6
0.16311829	3.6497922E-6
0.16788174	3.216875E-6
0.17278428	2.8313495E-6
0.17783	2.4885373E-6
0.18302307	2.1841597E-6
0.18836778	1.9143113E-6
0.19386858	1.6754319E-6
0.19953	1.4642852E-6
0.20535603	1.277953E-6
0.21135218	1.1137441E-6
0.21752341	9.692509E-7
0.22387484	8.4229833E-7
0.23041171	7.3092554E-7
0.23713945	6.333684E-7
0.24406363	5.4804286E-7
0.25119	4.7352816E-7
0.25852492	4.0854957E-7
0.26607406	3.5197803E-7
0.27384362	3.0280037E-7
0.28184006	2.601155E-7
0.29007	2.2312283E-7
0.29854023	1.9111228E-7
0.30725783	1.6345518E-7
0.31623	1.3959642E-7
0.32546407	1.19045744E-7
0.33496782	1.0137162E-7
0.34474903	8.619485E-8
0.3548159	7.31826E-8
0.3651767	6.2043256E-8
0.37584007	5.252202E-8
0.3868148	4.439636E-8
0.39811	3.7472425E-8
0.40973493	3.1581617E-8
0.42169935	2.6577503E-8
0.4340131	2.2333193E-8
0.44668642	1.8738858E-8
0.4597298	1.56997E-8
0.47315407	1.3133889E-8
0.4869703	1.0971126E-8
0.50119	9.1508685E-9
0.5158249	7.621253E-9
0.5308872	6.33789E-9
0.5463893	5.2628195E-9
0.5623441	4.3635837E-9
0.57876474	3.6126129E-9
0.59566486	2.9863778E-9
0.61305845	2.4650064E-9
0.63096	2.0316664E-9
0.6493842	1.6719928E-9
0.6683464	1.3739271E-9
0.6878623	1.127282E-9
0.7079481	9.2356733E-10
0.72862035	7.555335E-10
0.7498962	6.171299E-10
0.7717934	5.033054E-10
0.79433	4.0981873E-10
0.8175246	3.3322634E-10
0.8413966	2.7053315E-10
0.86596555	2.1932123E-10
0.8912519	1.7750923E-10
0.9172767	1.4345924E-10
0.9440614	1.1577217E-10
0.97162825	9.326295E-11
1.0	7.501555E-11
1.029201	6.024925E-11
1.0592546	4.8322235E-11
1.090186	3.8675618E-11
1.1220205	3.091294E-11
1.1547846	2.4652058E-11
1.1885055	1.9627966E-11
1.223211	1.558853E-11
1.25893	1.2369217E-11
1.2956905	9.788503E-12
1.3335243	7.7187146E-12
1.3724631	6.0801364E-12
1.4125386	4.778844E-12
1.4537846	3.7421177E-12
1.4962348	2.9188874E-12
1.5399245	2.2674085E-12
1.58489	1.757483E-12
1.6311698	1.3606893E-12
1.678801	1.0492718E-12
1.727823	8.044676E-13
1.7782766	6.094014E-13
1.8302034	4.664047E-13
1.8836465	3.509415E-13
1.9386501	2.613465E-13
1.99526	1.936229E-13
2.0535233	1.4466206E-13
2.113488	1.0513812E-13
2.1752036	7.682743E-14
2.2387214	5.5289107E-14
2.304094	3.9301895E-14
2.3713756	2.6867397E-14
2.4406219	1.731948E-14
2.51189	1.15463195E-14
2.5852382	7.993606E-15
2.6607285	5.2180482E-15
2.7384229	2.9976022E-15
2.818386	2.1094237E-15
2.900684	1.9984014E-15
2.9853854	1.2212453E-15
3.0725598	8.881784E-16
3.16228	1.110223E-16
3.2546198	1.110223E-16
3.3496559	0.0
3.447467	0.0
3.5481343	0.0
3.6517413	0.0
3.7583735	0.0
3.8681195	0.0
3.98107	0.0
4.097319	0.0
4.2169633	0.0
4.340101	0.0
4.466834	0.0
4.5972676	0.0
4.7315106	0.0
4.869673	0.0
5.01187	0.0
5.1582193	0.0
5.3088417	0.0
5.463863	0.0
5.62341	0.0
5.7876167	0.0
5.9566183	0.0
6.1305547	0.0
6.30957	0.0
6.493813	0.0
6.683436	0.0
6.878596	0.0
7.079455	0.0
7.286179	0.0
7.4989395	0.0
7.7179127	0.0
7.94328	0.0
8.175228	0.0
8.41395	0.0
8.659641	0.0
8.912508	0.0
9.172758	0.0
9.440608	0.0
9.716279	0.0
10.0	0.0



DATASET #2

Name: RSQSim
Num Points: 401
Info: 

X, Y Data:
1.0E-4	0.09279646
1.0333392E-4	0.092752635
1.06779E-4	0.09270461
1.1033893E-4	0.09265206
1.14017545E-4	0.09259466
1.178188E-4	0.09253206
1.2174679E-4	0.0924639
1.2580573E-4	0.0923898
1.3E-4	0.09230936
1.334183E-4	0.09224095
1.369265E-4	0.092168115
1.4052694E-4	0.09209063
1.4422205E-4	0.09200829
1.4801433E-4	0.091920875
1.5190631E-4	0.09182815
1.5590065E-4	0.091729894
1.6E-4	0.09162586
1.645257E-4	0.09150735
1.691794E-4	0.0913816
1.7396474E-4	0.0912483
1.7888544E-4	0.09110715
1.8394532E-4	0.090957835
1.8914833E-4	0.09080005
1.944985E-4	0.09063347
2.0E-4	0.090457775
2.0565712E-4	0.09027267
2.1147425E-4	0.090077825
2.1745593E-4	0.089872934
2.236068E-4	0.08965769
2.2993165E-4	0.08943177
2.364354E-4	0.08919487
2.4312311E-4	0.08894671
2.5E-4	0.08868697
2.5783465E-4	0.0883858
2.659148E-4	0.08806972
2.742482E-4	0.08773838
2.8284272E-4	0.08739141
2.917066E-4	0.08702846
3.0084825E-4	0.0866492
3.102764E-4	0.08625333
3.2E-4	0.08584054
3.290514E-4	0.08545262
3.383588E-4	0.08505047
3.4792948E-4	0.0846339
3.5777088E-4	0.08420277
3.6789064E-4	0.08375691
3.7829665E-4	0.0832962
3.88997E-4	0.08282054
4.0E-4	0.082329825
4.1131425E-4	0.081823975
4.229485E-4	0.08130294
4.3491187E-4	0.080766685
4.472136E-4	0.080215186
4.598633E-4	0.079648435
4.728708E-4	0.07906647
4.8624622E-4	0.07846933
5.0E-4	0.07785706
5.1465514E-4	0.077207096
5.2973983E-4	0.076541126
5.4526667E-4	0.07585929
5.612486E-4	0.07516177
5.77699E-4	0.07444875
5.946315E-4	0.07372045
6.120603E-4	0.07297712
6.3E-4	0.07221903
6.4807665E-4	0.07146265
6.6667196E-4	0.0706927
6.858008E-4	0.069909506
7.0547854E-4	0.0691134
7.257209E-4	0.06830476
7.465441E-4	0.06748398
7.6796475E-4	0.06665145
7.9E-4	0.06580761
8.136239E-4	0.064917155
8.379543E-4	0.06401544
8.630122E-4	0.063103035
8.8881946E-4	0.062180508
9.153984E-4	0.061248448
9.427722E-4	0.06030747
9.7096455E-4	0.0593582
0.001	0.05840128
0.0010293103	0.057456292
0.0010594797	0.056505226
0.0010905333	0.055548724
0.0011224973	0.054587442
0.001155398	0.053622045
0.001189263	0.0526532
0.0012241206	0.05168159
0.00126	0.05070789
0.0012961533	0.049753048
0.0013333439	0.048797496
0.0013716016	0.047841884
0.0014109571	0.04688685
0.0014514418	0.04593303
0.0014930882	0.044981062
0.0015359295	0.044031564
0.00158	0.04308516
0.0016272478	0.04210336
0.0016759086	0.041126255
0.0017260244	0.040154513
0.0017776389	0.039188787
0.0018307968	0.03822971
0.0018855444	0.037277903
0.0019419291	0.03633396
0.002	0.035398465
0.0020575977	0.03450556
0.002116854	0.0336215
0.002177817	0.032746743
0.0022405356	0.031881727
0.0023050604	0.031026881
0.0023714434	0.030182596
0.0024397383	0.029349253
0.00251	0.028527206
0.0025833033	0.027705621
0.0026587474	0.026896313
0.0027363948	0.026099581
0.0028163097	0.025315706
0.0028985585	0.024544936
0.0029832094	0.0237875
0.0030703326	0.023043605
0.00316	0.022313433
0.0032524571	0.021595845
0.0033476194	0.02089233
0.003445566	0.020203002
0.0035463783	0.019527955
0.0036501405	0.018867264
0.0037569385	0.018220983
0.003866861	0.017589148
0.00398	0.016971774
0.004096165	0.016370295
0.0042157196	0.015783183
0.0043387646	0.015210408
0.0044654002	0.014651916
0.0045957323	0.014107641
0.0047298684	0.013577503
0.0048679197	0.013061409
0.00501	0.012559251
0.005156579	0.012069771
0.0053074467	0.011594045
0.005462728	0.011131931
0.0056225527	0.010683279
0.0057870536	0.010247928
0.005956367	0.009825708
0.0061306343	0.009416443
0.00631	0.009019948
0.006493865	0.008637539
0.0066830874	0.008267412
0.0068778237	0.007909364
0.007078234	0.007563188
0.0072844843	0.0072286725
0.0074967444	0.0069056014
0.00771519	0.006593753
0.00794	0.0062929043
0.008172275	0.0060017193
0.008411343	0.005721158
0.008657407	0.005450985
0.008910668	0.005190963
0.009171338	0.0049408535
0.009439633	0.004700416
0.009715778	0.0044694087
0.01	0.0042475904
0.010292081	0.0040350384
0.010592694	0.0038311642
0.010902087	0.0036357266
0.011220517	0.0034484856
0.011548247	0.0032692016
0.011885551	0.0030976369
0.012232705	0.0029335544
0.01259	0.0027767196
0.012957647	0.002626932
0.013336032	0.002483926
0.013725464	0.002347474
0.01412627	0.0022173512
0.014538779	0.0020933358
0.014963334	0.00197521
0.015400288	0.0018627583
0.01585	0.0017557704
0.016312422	0.0016541282
0.016788337	0.0015575307
0.017278135	0.0014657798
0.017782224	0.001378682
0.01830102	0.0012960479
0.01883495	0.0012176933
0.019384459	0.0011434383
0.01995	0.0010731079
0.020533005	0.0010064268
0.021133045	9.433468E-4
0.021750621	8.8370725E-4
0.022386245	8.273522E-4
0.023040446	7.74131E-4
0.023713762	7.238978E-4
0.024406755	6.7651196E-4
0.02512	6.3183764E-4
0.025853088	5.897988E-4
0.02660757	5.5020803E-4
0.027384069	5.1294465E-4
0.02818323	4.7789243E-4
0.029005712	4.4493985E-4
0.029852198	4.1397984E-4
0.030723387	3.8490974E-4
0.03162	3.5763104E-4
0.032543603	3.3202773E-4
0.033494186	3.0803416E-4
0.034472536	2.855638E-4
0.03547946	2.6453394E-4
0.0365158	2.448656E-4
0.03758241	2.2648336E-4
0.03868017	2.0931527E-4
0.03981	1.9329267E-4
0.040972695	1.783518E-4
0.042169347	1.6442846E-4
0.04340095	1.5146332E-4
0.044668525	1.3939993E-4
0.04597312	1.2818458E-4
0.047315817	1.177662E-4
0.04869773	1.08096276E-4
0.05012	9.912872E-5
0.0515838	9.081985E-5
0.053090356	8.312811E-5
0.05464091	7.601414E-5
0.05623675	6.9440684E-5
0.0578792	6.3372434E-5
0.059569612	5.777598E-5
0.0613094	5.2619725E-5
0.0631	4.7873822E-5
0.06494172	4.3512722E-5
0.066837184	3.950675E-5
0.06878798	3.5830883E-5
0.070795715	3.246154E-5
0.072862044	2.937653E-5
0.074988686	2.6554992E-5
0.077177405	2.3977329E-5
0.07943	2.1625146E-5
0.08174976	1.9479974E-5
0.08413727	1.7527118E-5
0.08659451	1.5751455E-5
0.08912351	1.4138846E-5
0.09172637	1.2676105E-5
0.09440525	1.1350936E-5
0.097162366	1.0151895E-5
0.1	9.0683425E-6
0.102919795	8.090623E-6
0.10592484	7.209307E-6
0.109017625	6.4159162E-6
0.112200715	5.7026105E-6
0.11547674	5.0621497E-6
0.11884842	4.487858E-6
0.12231855	3.973586E-6
0.12589	3.5136818E-6
0.12956645	3.102879E-6
0.13335027	2.7365113E-6
0.13724458	2.4102205E-6
0.14125264	2.1200242E-6
0.14537773	1.8622875E-6
0.14962329	1.6336991E-6
0.15399285	1.4312468E-6
0.15849	1.2521949E-6
0.16311829	1.094069E-6
0.16788174	9.546155E-7
0.17278428	8.3180475E-7
0.17783	7.2380533E-7
0.18302307	6.289673E-7
0.18836778	5.458066E-7
0.19386858	4.729907E-7
0.19953	4.0932508E-7
0.20535603	3.5374697E-7
0.21135218	3.052932E-7
0.21752341	2.6311204E-7
0.22387484	2.2644507E-7
0.23041171	1.9461794E-7
0.23713945	1.6703225E-7
0.24406363	1.4315778E-7
0.25119	1.2252549E-7
0.25852492	1.0472015E-7
0.26607406	8.937804E-8
0.27384362	7.6177784E-8
0.28184006	6.483701E-8
0.29007	5.5108075E-8
0.29854023	4.6774122E-8
0.30725783	3.9645595E-8
0.31623	3.3557036E-8
0.32546407	2.8364388E-8
0.33496782	2.394223E-8
0.34474903	2.0181746E-8
0.3548159	1.6988551E-8
0.3651767	1.4281026E-8
0.37584007	1.1988625E-8
0.3868148	1.0050502E-8
0.39811	8.414282E-9
0.40973493	7.03491E-9
0.42169935	5.8737295E-9
0.4340131	4.897629E-9
0.44668642	4.078272E-9
0.4597298	3.3914733E-9
0.47315407	2.8165825E-9
0.4869703	2.336054E-9
0.50119	1.9349589E-9
0.5158249	1.6006391E-9
0.5308872	1.3223498E-9
0.5463893	1.0910275E-9
0.5623441	8.9901E-10
0.57876474	7.398443E-10
0.59566486	6.080795E-10
0.61305845	4.991564E-10
0.63096	4.0922443E-10
0.6493842	3.3507042E-10
0.6683464	2.7402336E-10
0.6878623	2.2381486E-10
0.7079481	1.8258595E-10
0.72862035	1.4876811E-10
0.7498962	1.2107126E-10
0.7717934	9.840029E-11
0.79433	7.9876106E-11
0.8175246	6.476253E-11
0.8413966	5.244849E-11
0.86596555	4.242806E-11
0.8912519	3.428502E-11
0.9172767	2.7673752E-11
0.9440614	2.2310376E-11
0.97162825	1.796674E-11
1.0	1.4451773E-11
1.029201	1.161371E-11
1.0592546	9.319989E-12
1.090186	7.471912E-12
1.1220205	5.983658E-12
1.1547846	4.789058E-12
1.1885055	3.8266057E-12
1.223211	3.0555558E-12
1.25893	2.438827E-12
1.2956905	1.9425572E-12
1.3335243	1.5442092E-12
1.3724631	1.2280177E-12
1.4125386	9.761081E-13
1.4537846	7.7526874E-13
1.4962348	6.127321E-13
1.5399245	4.8516746E-13
1.58489	3.8336E-13
1.6311698	3.0242475E-13
1.678801	2.3880897E-13
1.727823	1.8796076E-13
1.7782766	1.4710455E-13
1.8302034	1.1468604E-13
1.8836465	8.9483976E-14
1.9386501	6.983303E-14
1.99526	5.4289906E-14
2.0535233	4.196643E-14
2.113488	3.28626E-14
2.1752036	2.5868196E-14
2.2387214	2.0095037E-14
2.304094	1.5099033E-14
2.3713756	1.15463195E-14
2.4406219	9.103829E-15
2.51189	6.7723605E-15
2.5852382	4.107825E-15
2.6607285	2.7755576E-15
2.7384229	1.7763568E-15
2.818386	1.2212453E-15
2.900684	4.440892E-16
2.9853854	1.110223E-16
3.0725598	0.0
3.16228	0.0
3.2546198	0.0
3.3496559	0.0
3.447467	0.0
3.5481343	0.0
3.6517413	0.0
3.7583735	0.0
3.8681195	0.0
3.98107	0.0
4.097319	0.0
4.2169633	0.0
4.340101	0.0
4.466834	0.0
4.5972676	0.0
4.7315106	0.0
4.869673	0.0
5.01187	0.0
5.1582193	0.0
5.3088417	0.0
5.463863	0.0
5.62341	0.0
5.7876167	0.0
5.9566183	0.0
6.1305547	0.0
6.30957	0.0
6.493813	0.0
6.683436	0.0
6.878596	0.0
7.079455	0.0
7.286179	0.0
7.4989395	0.0
7.7179127	0.0
7.94328	0.0
8.175228	0.0
8.41395	0.0
8.659641	0.0
8.912508	0.0
9.172758	0.0
9.440608	0.0
9.716279	0.0
10.0	0.0



DATASET #3

Name: 1000yr
Num Points: 2
Info: 

X, Y Data:
0.001	0.001
10.0	0.001



DATASET #4

Name: 2500yr
Num Points: 2
Info: 

X, Y Data:
0.001	4.0E-4
10.0	4.0E-4



DATASET #5

Name: 10000yr
Num Points: 2
Info: 

X, Y Data:
0.001	1.0E-4
10.0	1.0E-4


