
X-Axis: 1.0s SA (g)
Y-Axis: Annual Probabilitiy
Number of Data Sets: 6


DATASET #1

Name: UCERF3 Full
Num Points: 51
Info: 

X, Y Data:
1.0E-4	0.7828792
1.3E-4	0.78172046
1.6E-4	0.78002334
2.0E-4	0.77698034
2.5E-4	0.77210075
3.2E-4	0.7637147
4.0E-4	0.75258154
5.0E-4	0.7372475
6.3E-4	0.71615016
7.9E-4	0.68973285
0.001	0.65580195
0.00126	0.6162445
0.00158	0.5720102
0.002	0.5212304
0.00251	0.46920082
0.00316	0.41505823
0.00398	0.36120254
0.00501	0.30953676
0.00631	0.2612233
0.00794	0.21759331
0.01	0.178923
0.01259	0.14565326
0.01585	0.117584996
0.01995	0.09431969
0.02512	0.07522865
0.03162	0.059730705
0.03981	0.04716249
0.05012	0.036979318
0.0631	0.028710363
0.07943	0.02198759
0.1	0.01652196
0.12589	0.012114284
0.15849	0.008613544
0.19953	0.0059039337
0.25119	0.0038797576
0.31623	0.0024326388
0.39811	0.0014496779
0.50119	8.1845146E-4
0.63096	4.3655798E-4
0.79433	2.1942078E-4
1.0	1.0363064E-4
1.25893	4.584629E-5
1.58489	1.893337E-5
1.99526	7.270984E-6
2.51189	2.586629E-6
3.16228	8.493027E-7
3.98107	2.5654427E-7
5.01187	7.110717E-8
6.30957	1.8055061E-8
7.94328	4.1972674E-9
10.0	8.939166E-10



DATASET #2

Name: UCERF3
Num Points: 401
Info: 

X, Y Data:
1.0E-4	0.17389324
1.0333392E-4	0.17381248
1.06779E-4	0.17372695
1.1033893E-4	0.17363647
1.14017545E-4	0.17354088
1.178188E-4	0.17344001
1.2174679E-4	0.17333369
1.2580573E-4	0.17322175
1.3E-4	0.17310402
1.334183E-4	0.17300664
1.369265E-4	0.17290543
1.4052694E-4	0.17280032
1.4422205E-4	0.17269124
1.4801433E-4	0.17257808
1.5190631E-4	0.1724608
1.5590065E-4	0.17233926
1.6E-4	0.17221342
1.645257E-4	0.17207326
1.691794E-4	0.17192794
1.7396474E-4	0.17177732
1.7888544E-4	0.17162131
1.8394532E-4	0.1714598
1.8914833E-4	0.17129268
1.944985E-4	0.17111984
2.0E-4	0.17094116
2.0565712E-4	0.17075656
2.1147425E-4	0.1705659
2.1745593E-4	0.17036906
2.236068E-4	0.17016594
2.2993165E-4	0.1699564
2.364354E-4	0.16974033
2.4312311E-4	0.16951759
2.5E-4	0.16928807
2.5783465E-4	0.16902606
2.659148E-4	0.1687554
2.742482E-4	0.16847587
2.8284272E-4	0.16818729
2.917066E-4	0.16788948
3.0084825E-4	0.16758218
3.102764E-4	0.16726524
3.2E-4	0.1669384
3.290514E-4	0.16663426
3.383588E-4	0.16632171
3.4792948E-4	0.16600057
3.5777088E-4	0.16567066
3.6789064E-4	0.16533181
3.7829665E-4	0.16498387
3.88997E-4	0.16462661
4.0E-4	0.16425991
4.1131425E-4	0.16388355
4.229485E-4	0.16349739
4.3491187E-4	0.16310121
4.472136E-4	0.16269486
4.598633E-4	0.16227815
4.728708E-4	0.16185091
4.8624622E-4	0.16141298
5.0E-4	0.16096419
5.1465514E-4	0.16048773
5.2973983E-4	0.15999927
5.4526667E-4	0.15949862
5.612486E-4	0.15898561
5.77699E-4	0.15846011
5.946315E-4	0.15792194
6.120603E-4	0.15737097
6.3E-4	0.15680705
6.4807665E-4	0.15624219
6.6667196E-4	0.1556647
6.858008E-4	0.15507448
7.0547854E-4	0.15447143
7.257209E-4	0.15385549
7.465441E-4	0.15322658
7.6796475E-4	0.15258466
7.9E-4	0.15192966
8.136239E-4	0.15123352
8.379543E-4	0.15052316
8.630122E-4	0.14979856
8.8881946E-4	0.14905973
9.153984E-4	0.1483067
9.427722E-4	0.14753948
9.7096455E-4	0.14675815
0.001	0.14596277
0.0010293103	0.14516938
0.0010594797	0.14436264
0.0010905333	0.14354265
0.0011224973	0.14270952
0.001155398	0.14186338
0.001189263	0.14100435
0.0012241206	0.14013262
0.00126	0.13924831
0.0012961533	0.13837035
0.0013333439	0.13748066
0.0013716016	0.13657944
0.0014109571	0.13566688
0.0014514418	0.13474315
0.0014930882	0.13380848
0.0015359295	0.13286307
0.00158	0.13190715
0.0016272478	0.13090056
0.0016759086	0.1298831
0.0017260244	0.128855
0.0017776389	0.12781659
0.0018307968	0.12676814
0.0018855444	0.12570997
0.0019419291	0.12464236
0.002	0.12356564
0.0020575977	0.12251982
0.002116854	0.12146614
0.002177817	0.120404884
0.0022405356	0.11933637
0.0023050604	0.118260905
0.0023714434	0.11717881
0.0024397383	0.1160904
0.00251	0.11499601
0.0025833033	0.11388066
0.0026587474	0.11275985
0.0027363948	0.11163396
0.0028163097	0.110503316
0.0028985585	0.109368324
0.0029832094	0.10822933
0.0030703326	0.10708673
0.00316	0.1059409
0.0032524571	0.10479013
0.0033476194	0.1036369
0.003445566	0.1024816
0.0035463783	0.10132464
0.0036501405	0.10016642
0.0037569385	0.09900734
0.003866861	0.09784781
0.00398	0.09668824
0.004096165	0.09553183
0.0042157196	0.094376184
0.0043387646	0.09322172
0.0044654002	0.09206883
0.0045957323	0.09091793
0.0047298684	0.08976941
0.0048679197	0.08862367
0.00501	0.087481104
0.005156579	0.08633941
0.0053074467	0.08520168
0.005462728	0.08406829
0.0056225527	0.08293963
0.0057870536	0.081816055
0.005956367	0.08069792
0.0061306343	0.079585575
0.00631	0.078479365
0.006493865	0.077384
0.0066830874	0.07629535
0.0068778237	0.07521373
0.007078234	0.07413942
0.0072844843	0.07307271
0.0074967444	0.072013855
0.00771519	0.0709631
0.00794	0.0699207
0.008172275	0.06888285
0.008411343	0.06785386
0.008657407	0.066833906
0.008910668	0.065823175
0.009171338	0.06482183
0.009439633	0.063830025
0.009715778	0.06284789
0.01	0.06187555
0.010292081	0.06091457
0.010592694	0.059963536
0.010902087	0.059022527
0.011220517	0.0580916
0.011548247	0.05717079
0.011885551	0.056260135
0.012232705	0.055359643
0.01259	0.054469317
0.012957647	0.053589337
0.013336032	0.05271948
0.013725464	0.051859714
0.01412627	0.051009983
0.014538779	0.05017023
0.014963334	0.049340386
0.015400288	0.04852037
0.01585	0.047710095
0.016312422	0.046910174
0.016788337	0.046119772
0.017278135	0.045338776
0.017782224	0.04456707
0.01830102	0.043804526
0.01883495	0.043051016
0.019384459	0.0423064
0.01995	0.041570548
0.020533005	0.040842135
0.021133045	0.040122226
0.021750621	0.03941067
0.022386245	0.038707327
0.023040446	0.03801204
0.023713762	0.037324667
0.024406755	0.036645055
0.02512	0.03597306
0.025853088	0.035309423
0.02660757	0.034653094
0.027384069	0.034003932
0.02818323	0.033361796
0.029005712	0.032726556
0.029852198	0.03209808
0.030723387	0.031476244
0.03162	0.03086092
0.032543603	0.03025146
0.033494186	0.029648297
0.034472536	0.029051322
0.03547946	0.028460437
0.0365158	0.027875545
0.03758241	0.027296554
0.03868017	0.026723385
0.03981	0.02615596
0.040972695	0.02559427
0.042169347	0.02503819
0.04340095	0.024487663
0.044668525	0.02394264
0.04597312	0.023403078
0.047315817	0.02286894
0.04869773	0.022340203
0.05012	0.021816842
0.0515838	0.021298846
0.053090356	0.020786209
0.05464091	0.020278927
0.05623675	0.01977701
0.0578792	0.019280469
0.059569612	0.018789327
0.0613094	0.01830361
0.0631	0.017823353
0.06494172	0.017348891
0.066837184	0.016879968
0.06878798	0.016416632
0.070795715	0.015958939
0.072862044	0.015506951
0.074988686	0.015060735
0.077177405	0.01462036
0.07943	0.014185901
0.08174976	0.013757179
0.08413727	0.013334536
0.08659451	0.012918059
0.08912351	0.012507832
0.09172637	0.012103941
0.09440525	0.011706476
0.097162366	0.011315526
0.1	0.010931179
0.102919795	0.010553614
0.10592484	0.010182825
0.109017625	0.009818898
0.112200715	0.009461916
0.11547674	0.0091119595
0.11884842	0.008769107
0.12231855	0.008433432
0.12589	0.008105004
0.12956645	0.007783825
0.13335027	0.007470019
0.13724458	0.00716364
0.14125264	0.006864734
0.14537773	0.0065733413
0.14962329	0.006289495
0.15399285	0.006013221
0.15849	0.005744536
0.16311829	0.005483461
0.16788174	0.005229985
0.17278428	0.0049841003
0.17783	0.0047457907
0.18302307	0.0045150304
0.18836778	0.0042917854
0.19386858	0.004076012
0.19953	0.0038676574
0.20535603	0.0036666847
0.21135218	0.0034729973
0.21752341	0.0032865163
0.22387484	0.003107154
0.23041171	0.0029348144
0.23713945	0.0027693938
0.24406363	0.00261078
0.25119	0.0024588546
0.25852492	0.0023134814
0.26607406	0.0021745386
0.27384362	0.0020418868
0.28184006	0.0019153819
0.29007	0.0017948737
0.29854023	0.0016802081
0.30725783	0.0015712262
0.31623	0.0014677655
0.32546407	0.0013696615
0.33496782	0.001276745
0.34474903	0.001188846
0.3548159	0.0011057925
0.3651767	0.0010274118
0.37584007	9.5353054E-4
0.3868148	8.8397553E-4
0.39811	8.185738E-4
0.40973493	7.5715384E-4
0.42169935	6.9954473E-4
0.4340131	6.455777E-4
0.44668642	5.9508614E-4
0.4597298	5.479064E-4
0.47315407	5.038773E-4
0.4869703	4.628413E-4
0.50119	4.246442E-4
0.5158249	3.8913573E-4
0.5308872	3.5616968E-4
0.5463893	3.2560408E-4
0.5623441	2.9730148E-4
0.57876474	2.7112896E-4
0.59566486	2.469583E-4
0.61305845	2.2466622E-4
0.63096	2.041342E-4
0.6493842	1.8524873E-4
0.6683464	1.6790116E-4
0.6878623	1.5198784E-4
0.7079481	1.3741002E-4
0.72862035	1.2407383E-4
0.7498962	1.1189019E-4
0.7717934	1.0077478E-4
0.79433	9.064788E-5
0.8175246	8.143433E-5
0.8413966	7.3063355E-5
0.86596555	6.546844E-5
0.8912519	5.8587226E-5
0.9172767	5.2361345E-5
0.9440614	4.6736255E-5
0.97162825	4.1661104E-5
1.0	3.7088546E-5
1.029201	3.297451E-5
1.0592546	2.9278324E-5
1.090186	2.5962245E-5
1.1220205	2.2991384E-5
1.1547846	2.0333573E-5
1.1885055	1.7959197E-5
1.223211	1.584104E-5
1.25893	1.3954143E-5
1.2956905	1.227571E-5
1.3335243	1.0784776E-5
1.3724631	9.462283E-6
1.4125386	8.290874E-6
1.4537846	7.254772E-6
1.4962348	6.339657E-6
1.5399245	5.5325563E-6
1.58489	4.8217385E-6
1.6311698	4.1965973E-6
1.678801	3.6476079E-6
1.727823	3.1661834E-6
1.7782766	2.7446138E-6
1.8302034	2.3759846E-6
1.8836465	2.054108E-6
1.9386501	1.7734565E-6
1.99526	1.5290983E-6
2.0535233	1.3166425E-6
2.113488	1.132189E-6
2.1752036	9.722762E-7
2.2387214	8.338352E-7
2.304094	7.141535E-7
2.3713756	6.1083557E-7
2.4406219	5.2177063E-7
2.51189	4.451008E-7
2.5852382	3.7919494E-7
2.6607285	3.2262113E-7
2.7384229	2.7412597E-7
2.818386	2.3261403E-7
2.900684	1.9712934E-7
2.9853854	1.6683911E-7
3.0725598	1.4101883E-7
3.16228	1.1903968E-7
3.2546198	1.0035601E-7
3.3496559	8.4495476E-8
3.447467	7.1050025E-8
3.5481343	5.966742E-8
3.6517413	5.0044335E-8
3.7583735	4.1919844E-8
3.8681195	3.506981E-8
3.98107	2.9302123E-8
4.097319	2.4452197E-8
4.2169633	2.0379485E-8
4.340101	1.6963956E-8
4.466834	1.4103358E-8
4.5972676	1.1710714E-8
4.7315106	9.712026E-9
4.869673	8.0446E-9
5.01187	6.655397E-9
5.1582193	5.4994436E-9
5.3088417	4.538839E-9
5.463863	3.7414996E-9
5.62341	3.0805427E-9
5.7876167	2.5333662E-9
5.9566183	2.08093E-9
6.1305547	1.7073065E-9
6.30957	1.3991076E-9
6.493813	1.1452305E-9
6.683436	9.363461E-10
6.878596	7.646499E-10
7.079455	6.237716E-10
7.286179	5.08241E-10
7.4989395	4.1365378E-10
7.7179127	3.3627445E-10
7.94328	2.7306768E-10
8.175228	2.2150193E-10
8.41395	1.7947521E-10
8.659641	1.4526969E-10
8.912508	1.1743051E-10
9.172758	9.48146E-11
9.440608	7.646139E-11
9.716279	6.159373E-11
10.0	4.9571014E-11



DATASET #3

Name: RSQSim
Num Points: 401
Info: 

X, Y Data:
1.0E-4	0.27019635
1.0333392E-4	0.27011538
1.06779E-4	0.27002913
1.1033893E-4	0.26993734
1.14017545E-4	0.26983976
1.178188E-4	0.2697361
1.2174679E-4	0.2696261
1.2580573E-4	0.2695095
1.3E-4	0.269386
1.334183E-4	0.26928318
1.369265E-4	0.2691757
1.4052694E-4	0.26906344
1.4422205E-4	0.26894626
1.4801433E-4	0.26882395
1.5190631E-4	0.2686964
1.5590065E-4	0.26856342
1.6E-4	0.2684249
1.645257E-4	0.26826963
1.691794E-4	0.26810753
1.7396474E-4	0.2679384
1.7888544E-4	0.26776206
1.8394532E-4	0.26757827
1.8914833E-4	0.26738682
1.944985E-4	0.2671875
2.0E-4	0.26698008
2.0565712E-4	0.26676434
2.1147425E-4	0.26654005
2.1745593E-4	0.266307
2.236068E-4	0.2660649
2.2993165E-4	0.2658136
2.364354E-4	0.2655528
2.4312311E-4	0.26528224
2.5E-4	0.26500174
2.5783465E-4	0.2646795
2.659148E-4	0.26434436
2.742482E-4	0.26399603
2.8284272E-4	0.26363415
2.917066E-4	0.2632583
3.0084825E-4	0.26286823
3.102764E-4	0.26246345
3.2E-4	0.26204363
3.290514E-4	0.2616509
3.383588E-4	0.26124528
3.4792948E-4	0.2608265
3.5777088E-4	0.26039425
3.6789064E-4	0.25994828
3.7829665E-4	0.25948825
3.88997E-4	0.2590139
4.0E-4	0.2585249
4.1131425E-4	0.25802097
4.229485E-4	0.2575018
4.3491187E-4	0.25696716
4.472136E-4	0.2564167
4.598633E-4	0.25585014
4.728708E-4	0.25526717
4.8624622E-4	0.25466755
5.0E-4	0.25405094
5.1465514E-4	0.2533942
5.2973983E-4	0.25271863
5.4526667E-4	0.252024
5.612486E-4	0.25131002
5.77699E-4	0.2505764
5.946315E-4	0.24982288
6.120603E-4	0.24904926
6.3E-4	0.24825525
6.4807665E-4	0.24745779
6.6667196E-4	0.2466404
6.858008E-4	0.24580291
7.0547854E-4	0.24494517
7.257209E-4	0.24406703
7.465441E-4	0.24316838
7.6796475E-4	0.24224913
7.9E-4	0.2413092
8.136239E-4	0.24030814
8.379543E-4	0.23928455
8.630122E-4	0.23823844
8.8881946E-4	0.23716982
9.153984E-4	0.23607872
9.427722E-4	0.23496528
9.7096455E-4	0.23382957
0.001	0.23267177
0.0010293103	0.2315153
0.0010594797	0.23033795
0.0010905333	0.22913994
0.0011224973	0.22792153
0.001155398	0.22668298
0.001189263	0.22542462
0.0012241206	0.2241468
0.00126	0.22284985
0.0012961533	0.2215617
0.0013333439	0.22025599
0.0013716016	0.21893312
0.0014109571	0.21759355
0.0014514418	0.21623772
0.0014930882	0.21486612
0.0015359295	0.2134792
0.00158	0.2120775
0.0016272478	0.21060236
0.0016759086	0.20911233
0.0017260244	0.20760804
0.0017776389	0.20609011
0.0018307968	0.20455916
0.0018855444	0.20301586
0.0019419291	0.20146082
0.002	0.19989473
0.0020575977	0.19837579
0.002116854	0.19684775
0.002177817	0.19531117
0.0022405356	0.19376662
0.0023050604	0.19221467
0.0023714434	0.19065586
0.0024397383	0.18909071
0.00251	0.18751979
0.0025833033	0.18592165
0.0026587474	0.18431862
0.0027363948	0.18271117
0.0028163097	0.18109979
0.0028985585	0.17948495
0.0029832094	0.1778671
0.0030703326	0.17624663
0.00316	0.17462398
0.0032524571	0.17299652
0.0033476194	0.17136759
0.003445566	0.16973749
0.0035463783	0.16810656
0.0036501405	0.16647504
0.0037569385	0.1648432
0.003866861	0.16321129
0.00398	0.16157949
0.004096165	0.15995193
0.0042157196	0.15832481
0.0043387646	0.15669829
0.0044654002	0.15507248
0.0045957323	0.15344746
0.0047298684	0.15182331
0.0048679197	0.1502001
0.00501	0.14857784
0.005156579	0.14695273
0.0053074467	0.14532864
0.005462728	0.14370552
0.0056225527	0.14208339
0.0057870536	0.1404622
0.005956367	0.13884194
0.0061306343	0.13722253
0.00631	0.13560396
0.006493865	0.13399261
0.0066830874	0.13238199
0.0068778237	0.13077202
0.007078234	0.12916268
0.0072844843	0.1275539
0.0074967444	0.12594563
0.00771519	0.12433786
0.00794	0.12273055
0.008172275	0.12111744
0.008411343	0.11950479
0.008657407	0.1178926
0.008910668	0.1162809
0.009171338	0.114669725
0.009439633	0.11305915
0.009715778	0.111449234
0.01	0.109840095
0.010292081	0.108234316
0.010592694	0.106629565
0.010902087	0.105026014
0.011220517	0.10342384
0.011548247	0.10182326
0.011885551	0.10022451
0.012232705	0.09862785
0.01259	0.09703356
0.012957647	0.09544231
0.013336032	0.09385406
0.013725464	0.09226918
0.01412627	0.09068804
0.014538779	0.089111045
0.014963334	0.087538615
0.015400288	0.085971184
0.01585	0.08440921
0.016312422	0.08285458
0.016788337	0.08130636
0.017278135	0.07976507
0.017782224	0.078231215
0.01830102	0.07670534
0.01883495	0.075187966
0.019384459	0.073679656
0.01995	0.07218094
0.020533005	0.07068997
0.021133045	0.06920974
0.021750621	0.06774081
0.022386245	0.06628373
0.023040446	0.06483906
0.023713762	0.06340731
0.024406755	0.06198903
0.02512	0.060584728
0.025853088	0.05919676
0.02660757	0.057823718
0.027384069	0.056466065
0.02818323	0.05512425
0.029005712	0.0537987
0.029852198	0.052489825
0.030723387	0.051198
0.03162	0.04992358
0.032543603	0.048665807
0.033494186	0.04742611
0.034472536	0.046204776
0.03547946	0.045002054
0.0365158	0.043818172
0.03758241	0.04265333
0.03868017	0.04150769
0.03981	0.04038141
0.040972695	0.039274715
0.042169347	0.03818757
0.04340095	0.037120044
0.044668525	0.03607217
0.04597312	0.035043962
0.047315817	0.034035407
0.04869773	0.033046473
0.05012	0.03207711
0.0515838	0.031127244
0.053090356	0.030196777
0.05464091	0.029285595
0.05623675	0.028393572
0.0578792	0.027520562
0.059569612	0.026666408
0.0613094	0.025830938
0.0631	0.02501397
0.06494172	0.024215812
0.066837184	0.02343574
0.06878798	0.022673544
0.070795715	0.021929009
0.072862044	0.021201916
0.074988686	0.020492038
0.077177405	0.019799145
0.07943	0.019123007
0.08174976	0.018462999
0.08413727	0.017819295
0.08659451	0.01719166
0.08912351	0.01657986
0.09172637	0.015983662
0.09440525	0.015402828
0.097162366	0.014837129
0.1	0.014286333
0.102919795	0.01375034
0.10592484	0.013228789
0.109017625	0.012721456
0.112200715	0.012228119
0.11547674	0.011748561
0.11884842	0.011282562
0.12231855	0.01082991
0.12589	0.01039039
0.12956645	0.009963712
0.13335027	0.009549753
0.13724458	0.009148305
0.14125264	0.008759162
0.14537773	0.00838212
0.14962329	0.008016975
0.15399285	0.007663521
0.15849	0.007321558
0.16311829	0.0069908956
0.16788174	0.006671317
0.17278428	0.0063626184
0.17783	0.0060645966
0.18302307	0.0057770475
0.18836778	0.0054997667
0.19386858	0.0052325483
0.19953	0.004975186
0.20535603	0.0047275024
0.21135218	0.004489257
0.21752341	0.0042602397
0.22387484	0.004040241
0.23041171	0.0038290485
0.23713945	0.0036264504
0.24406363	0.0034322336
0.25119	0.003246184
0.25852492	0.0030680757
0.26607406	0.0028977066
0.27384362	0.0027348613
0.28184006	0.002579325
0.29007	0.0024308825
0.29854023	0.0022893194
0.30725783	0.0021544222
0.31623	0.0020259777
0.32546407	0.001903775
0.33496782	0.001787603
0.34474903	0.0016772533
0.3548159	0.001572519
0.3651767	0.0014731957
0.37584007	0.0013790817
0.3868148	0.0012899776
0.39811	0.0012056871
0.40973493	0.0011260177
0.42169935	0.0010507791
0.4340131	9.797851E-4
0.44668642	9.1285363E-4
0.4597298	8.4980624E-4
0.47315407	7.904687E-4
0.4869703	7.346712E-4
0.50119	6.822481E-4
0.5158249	6.330385E-4
0.5308872	5.868861E-4
0.5463893	5.4363906E-4
0.5623441	5.031506E-4
0.57876474	4.6527854E-4
0.59566486	4.2988564E-4
0.61305845	3.968394E-4
0.63096	3.6601222E-4
0.6493842	3.372814E-4
0.6683464	3.105289E-4
0.6878623	2.8564146E-4
0.7079481	2.6251056E-4
0.72862035	2.4103229E-4
0.7498962	2.211074E-4
0.7717934	2.0264102E-4
0.79433	1.8554275E-4
0.8175246	1.6972644E-4
0.8413966	1.5511014E-4
0.86596555	1.41616E-4
0.8912519	1.2917009E-4
0.9172767	1.1770242E-4
0.9440614	1.0714664E-4
0.97162825	9.744005E-5
1.0	8.852342E-5
1.029201	8.0340666E-5
1.0592546	7.283938E-5
1.090186	6.596998E-5
1.1220205	5.9685888E-5
1.1547846	5.394335E-5
1.1885055	4.870134E-5
1.223211	4.392142E-5
1.25893	3.956763E-5
1.2956905	3.560652E-5
1.3335243	3.2006537E-5
1.3724631	2.873845E-5
1.4125386	2.5775029E-5
1.4537846	2.3090957E-5
1.4962348	2.0662717E-5
1.5399245	1.846849E-5
1.58489	1.6488068E-5
1.6311698	1.4702691E-5
1.678801	1.3095135E-5
1.727823	1.164944E-5
1.7782766	1.03509E-5
1.8302034	9.185972E-6
1.8836465	8.142207E-6
1.9386501	7.2081752E-6
1.99526	6.3733955E-6
2.0535233	5.6282656E-6
2.113488	4.9640166E-6
2.1752036	4.3726345E-6
2.2387214	3.846811E-6
2.304094	3.3798917E-6
2.3713756	2.9658258E-6
2.4406219	2.5991187E-6
2.51189	2.2747881E-6
2.5852382	1.9883275E-6
2.6607285	1.7356537E-6
2.7384229	1.5130857E-6
2.818386	1.3173053E-6
2.900684	1.1453258E-6
2.9853854	9.944631E-7
3.0725598	8.623088E-7
3.16228	7.467049E-7
3.2546198	6.4572123E-7
3.3496559	5.576332E-7
3.447467	4.8090305E-7
3.5481343	4.1416166E-7
3.6517413	3.5619163E-7
3.7583735	3.0591258E-7
3.8681195	2.6236688E-7
3.98107	2.2470736E-7
4.097319	1.9218541E-7
4.2169633	1.6414114E-7
4.340101	1.3999328E-7
4.466834	1.1923086E-7
4.5972676	1.01405384E-7
4.7315106	8.612385E-8
4.869673	7.3042436E-8
5.01187	6.1860874E-8
5.1582193	5.2317315E-8
5.3088417	4.4183814E-8
5.463863	3.7262264E-8
5.62341	3.1380775E-8
5.7876167	2.639043E-8
5.9566183	2.2162478E-8
6.1305547	1.8585718E-8
6.30957	1.5564327E-8
6.493813	1.3015831E-8
6.683436	1.0869386E-8
6.878596	9.064221E-9
7.079455	7.548312E-9
7.286179	6.2771806E-9
7.4989395	5.212858E-9
7.7179127	4.322997E-9
7.94328	3.5800927E-9
8.175228	2.960776E-9
8.41395	2.445237E-9
8.659641	2.0167006E-9
8.912508	1.6610024E-9
9.172758	1.3661806E-9
9.440608	1.1221752E-9
9.716279	9.2051666E-10
10.0	7.540846E-10



DATASET #4

Name: 1000yr
Num Points: 2
Info: 

X, Y Data:
0.001	0.001
10.0	0.001



DATASET #5

Name: 2500yr
Num Points: 2
Info: 

X, Y Data:
0.001	4.0E-4
10.0	4.0E-4



DATASET #6

Name: 10000yr
Num Points: 2
Info: 

X, Y Data:
0.001	1.0E-4
10.0	1.0E-4


