
X-Axis: 5.0s SA (g)
Y-Axis: Annual Probabilitiy
Number of Data Sets: 5


DATASET #1

Name: UCERF3
Num Points: 401
Info: 

X, Y Data:
1.0E-4	0.053881746
1.0333392E-4	0.05388165
1.06779E-4	0.053881537
1.1033893E-4	0.053881403
1.14017545E-4	0.053881243
1.178188E-4	0.053881057
1.2174679E-4	0.05388084
1.2580573E-4	0.053880587
1.3E-4	0.05388029
1.334183E-4	0.053880017
1.369265E-4	0.05387971
1.4052694E-4	0.05387937
1.4422205E-4	0.05387898
1.4801433E-4	0.05387855
1.5190631E-4	0.053878058
1.5590065E-4	0.05387751
1.6E-4	0.053876895
1.645257E-4	0.05387615
1.691794E-4	0.05387531
1.7396474E-4	0.053874362
1.7888544E-4	0.053873297
1.8394532E-4	0.0538721
1.8914833E-4	0.053870756
1.944985E-4	0.053869247
2.0E-4	0.05386756
2.0565712E-4	0.05386567
2.1147425E-4	0.053863563
2.1745593E-4	0.053861205
2.236068E-4	0.053858582
2.2993165E-4	0.053855658
2.364354E-4	0.05385241
2.4312311E-4	0.0538488
2.5E-4	0.053844795
2.5783465E-4	0.053839862
2.659148E-4	0.053834345
2.742482E-4	0.053828187
2.8284272E-4	0.053821318
2.917066E-4	0.053813674
3.0084825E-4	0.053805172
3.102764E-4	0.05379574
3.2E-4	0.053785283
3.290514E-4	0.05377487
3.383588E-4	0.053763475
3.4792948E-4	0.053751018
3.5777088E-4	0.053737413
3.6789064E-4	0.05372257
3.7829665E-4	0.053706408
3.88997E-4	0.053688817
4.0E-4	0.053669702
4.1131425E-4	0.053648952
4.229485E-4	0.05362646
4.3491187E-4	0.0536021
4.472136E-4	0.053575758
4.598633E-4	0.053547297
4.728708E-4	0.05351659
4.8624622E-4	0.053483497
5.0E-4	0.05344788
5.1465514E-4	0.053408165
5.2973983E-4	0.05336541
5.4526667E-4	0.053319443
5.612486E-4	0.05327008
5.77699E-4	0.053217147
5.946315E-4	0.053160444
6.120603E-4	0.053099792
6.3E-4	0.05303499
6.4807665E-4	0.05296732
6.6667196E-4	0.0528953
6.858008E-4	0.052818738
7.0547854E-4	0.05273744
7.257209E-4	0.052651223
7.465441E-4	0.052559894
7.6796475E-4	0.052463263
7.9E-4	0.052361146
8.136239E-4	0.052248746
8.379543E-4	0.052129988
8.630122E-4	0.052004665
8.8881946E-4	0.051872585
9.153984E-4	0.051733553
9.427722E-4	0.05158739
9.7096455E-4	0.05143392
0.001	0.051272977
0.0010293103	0.051107775
0.0010594797	0.050935097
0.0010905333	0.05075482
0.0011224973	0.050566826
0.001155398	0.050371014
0.001189263	0.050167285
0.0012241206	0.04995557
0.00126	0.049735796
0.0012961533	0.049512733
0.0013333439	0.049281865
0.0013716016	0.04904317
0.0014109571	0.04879665
0.0014514418	0.048542306
0.0014930882	0.048280165
0.0015359295	0.048010264
0.00158	0.04773266
0.0016272478	0.047435388
0.0016759086	0.047129925
0.0017260244	0.04681638
0.0017776389	0.046494875
0.0018307968	0.046165552
0.0018855444	0.04582857
0.0019419291	0.0454841
0.002	0.045132324
0.0020575977	0.044786647
0.002116854	0.044434562
0.002177817	0.044076275
0.0022405356	0.043711986
0.0023050604	0.04334192
0.0023714434	0.0429663
0.0024397383	0.042585354
0.00251	0.042199325
0.0025833033	0.041802984
0.0026587474	0.041401923
0.0027363948	0.04099639
0.0028163097	0.040586654
0.0028985585	0.04017297
0.0029832094	0.0397556
0.0030703326	0.03933481
0.00316	0.03891085
0.0032524571	0.0384832
0.0033476194	0.03805288
0.003445566	0.03762013
0.0035463783	0.037185207
0.0036501405	0.036748335
0.0037569385	0.036309745
0.003866861	0.035869658
0.00398	0.03542829
0.004096165	0.034986906
0.0042157196	0.034544643
0.0043387646	0.034101684
0.0044654002	0.0336582
0.0045957323	0.033214357
0.0047298684	0.032770317
0.0048679197	0.032326218
0.00501	0.031882197
0.005156579	0.03143733
0.0053074467	0.03099279
0.005462728	0.030548679
0.0056225527	0.030105101
0.0057870536	0.029662143
0.005956367	0.029219892
0.0061306343	0.028778419
0.00631	0.028337795
0.006493865	0.027899833
0.0066830874	0.027462829
0.0068778237	0.027026828
0.007078234	0.026591877
0.0072844843	0.026158014
0.0074967444	0.02572528
0.00771519	0.025293708
0.00794	0.024863329
0.008172275	0.024432508
0.008411343	0.024002953
0.008657407	0.023574693
0.008910668	0.023147764
0.009171338	0.022722194
0.009439633	0.022298021
0.009715778	0.02187528
0.01	0.021454014
0.010292081	0.021034908
0.010592694	0.020617362
0.010902087	0.020201428
0.011220517	0.019787163
0.011548247	0.019374626
0.011885551	0.018963888
0.012232705	0.018555019
0.01259	0.0181481
0.012957647	0.017743303
0.013336032	0.017340625
0.013725464	0.016940165
0.01412627	0.016542025
0.014538779	0.016146313
0.014963334	0.015753139
0.015400288	0.015362625
0.01585	0.014974894
0.016312422	0.014590419
0.016788337	0.014208984
0.017278135	0.013830725
0.017782224	0.013455784
0.01830102	0.013084305
0.01883495	0.012716435
0.019384459	0.012352323
0.01995	0.01199212
0.020533005	0.0116354
0.021133045	0.01128291
0.021750621	0.0109348
0.022386245	0.010591224
0.023040446	0.010252332
0.023713762	0.009918276
0.024406755	0.009589201
0.02512	0.0092652505
0.025853088	0.008946988
0.02660757	0.00863411
0.027384069	0.008326745
0.02818323	0.008025016
0.029005712	0.007729042
0.029852198	0.007438933
0.030723387	0.007154792
0.03162	0.006876715
0.032543603	0.006604553
0.033494186	0.006338633
0.034472536	0.0060790256
0.03547946	0.005825792
0.0365158	0.005578985
0.03758241	0.005338647
0.03868017	0.005104811
0.03981	0.0048774993
0.040972695	0.0046567507
0.042169347	0.0044425423
0.04340095	0.0042348667
0.044668525	0.004033709
0.04597312	0.0038390418
0.047315817	0.0036508308
0.04869773	0.003469031
0.05012	0.003293589
0.0515838	0.003124443
0.053090356	0.002961522
0.05464091	0.0028047464
0.05623675	0.00265403
0.0578792	0.0025092792
0.059569612	0.0023703931
0.0613094	0.0022372648
0.0631	0.0021097814
0.06494172	0.0019878997
0.066837184	0.0018714139
0.06878798	0.0017601966
0.070795715	0.001654116
0.072862044	0.0015530365
0.074988686	0.00145682
0.077177405	0.0013653256
0.07943	0.0012784103
0.08174976	0.001195881
0.08413727	0.0011176455
0.08659451	0.0010435571
0.08912351	9.734686E-4
0.09172637	9.072333E-4
0.09440525	8.447046E-4
0.097162366	7.8573724E-4
0.1	7.301868E-4
0.102919795	6.779229E-4
0.10592484	6.28791E-4
0.109017625	5.826526E-4
0.112200715	5.393715E-4
0.11547674	4.988144E-4
0.11884842	4.6085066E-4
0.12231855	4.253529E-4
0.12589	3.9219687E-4
0.12956645	3.6125604E-4
0.13335027	3.3241976E-4
0.13724458	3.055743E-4
0.14125264	2.806098E-4
0.14537773	2.5742003E-4
0.14962329	2.3590283E-4
0.15399285	2.1595975E-4
0.15849	1.9749628E-4
0.16311829	1.8042258E-4
0.16788174	1.6465108E-4
0.17278428	1.5009897E-4
0.17783	1.3668722E-4
0.18302307	1.2434054E-4
0.18836778	1.1298737E-4
0.19386858	1.0255977E-4
0.19953	9.2993316E-5
0.20535603	8.4228086E-5
0.21135218	7.6205295E-5
0.21752341	6.887063E-5
0.22387484	6.217292E-5
0.23041171	5.6064055E-5
0.23713945	5.0498846E-5
0.24406363	4.543492E-5
0.25119	4.083262E-5
0.25852492	3.6654597E-5
0.26607406	3.2866552E-5
0.27384362	2.9436225E-5
0.28184006	2.6333591E-5
0.29007	2.3530758E-5
0.29854023	2.1001839E-5
0.30725783	1.872286E-5
0.31623	1.667164E-5
0.32546407	1.4827706E-5
0.33496782	1.3172149E-5
0.34474903	1.1687572E-5
0.3548159	1.0357974E-5
0.3651767	9.168668E-6
0.37584007	8.106184E-6
0.3868148	7.158196E-6
0.39811	6.3134335E-6
0.40973493	5.5616165E-6
0.42169935	4.893365E-6
0.4340131	4.3001482E-6
0.44668642	3.7742157E-6
0.4597298	3.3085346E-6
0.47315407	2.8967338E-6
0.4869703	2.5330496E-6
0.50119	2.2122763E-6
0.5158249	1.9297183E-6
0.5308872	1.6811473E-6
0.5463893	1.4627614E-6
0.5623441	1.2711462E-6
0.57876474	1.103241E-6
0.59566486	9.563057E-7
0.61305845	8.278911E-7
0.63096	7.158111E-7
0.6493842	6.181186E-7
0.6683464	5.3307843E-7
0.6878623	4.591507E-7
0.7079481	3.949699E-7
0.72862035	3.393253E-7
0.7498962	2.911459E-7
0.7717934	2.494859E-7
0.79433	2.135116E-7
0.8175246	1.8248832E-7
0.8413966	1.5577136E-7
0.86596555	1.3279434E-7
0.8912519	1.1306025E-7
0.9172767	9.613394E-8
0.9440614	8.163566E-8
0.97162825	6.9234055E-8
1.0	5.8640065E-8
1.029201	4.9602342E-8
1.0592546	4.190311E-8
1.090186	3.5352976E-8
1.1220205	2.9787975E-8
1.1547846	2.5066365E-8
1.1885055	2.1065706E-8
1.223211	1.7680586E-8
1.25893	1.482019E-8
1.2956905	1.2406517E-8
1.3335243	1.0372509E-8
1.3724631	8.660716E-9
1.4125386	7.222095E-9
1.4537846	6.0146474E-9
1.4962348	5.0026174E-9
1.5399245	4.1555026E-9
1.58489	3.4474033E-9
1.6311698	2.856273E-9
1.678801	2.3634485E-9
1.727823	1.9531683E-9
1.7782766	1.6120637E-9
1.8302034	1.3288024E-9
1.8836465	1.0939369E-9
1.9386501	8.994474E-10
1.99526	7.3860784E-10
2.0535233	6.0575067E-10
2.113488	4.961428E-10
2.1752036	4.0583892E-10
2.2387214	3.3159875E-10
2.304094	2.7058056E-10
2.3713756	2.2049573E-10
2.4406219	1.7946356E-10
2.51189	1.458963E-10
2.5852382	1.1844459E-10
2.6607285	9.603307E-11
2.7384229	7.776069E-11
2.818386	6.286527E-11
2.900684	5.076306E-11
2.9853854	4.0937143E-11
3.0725598	3.295819E-11
3.16228	2.6510905E-11
3.2546198	2.12792E-11
3.3496559	1.7058466E-11
3.447467	1.3650969E-11
3.5481343	1.0902945E-11
3.6517413	8.69127E-12
3.7583735	6.9180217E-12
3.8681195	5.4921623E-12
3.98107	4.3587356E-12
4.097319	3.4403591E-12
4.2169633	2.7065017E-12
4.340101	2.1262991E-12
4.466834	1.6604496E-12
4.5972676	1.2987389E-12
4.7315106	1.0047518E-12
4.869673	7.704948E-13
5.01187	5.9008354E-13
5.1582193	4.5308202E-13
5.3088417	3.455014E-13
5.463863	2.599032E-13
5.62341	1.9095836E-13
5.7876167	1.4399593E-13
5.9566183	1.0669243E-13
6.1305547	7.849277E-14
6.30957	5.4845017E-14
6.493813	3.952394E-14
6.683436	2.7200464E-14
6.878596	1.8873791E-14
7.079455	1.2878587E-14
7.286179	9.103829E-15
7.4989395	5.551115E-15
7.7179127	3.663736E-15
7.94328	1.9984014E-15
8.175228	1.3322676E-15
8.41395	7.771561E-16
8.659641	4.440892E-16
8.912508	1.110223E-16
9.172758	0.0
9.440608	0.0
9.716279	0.0
10.0	0.0



DATASET #2

Name: RSQSim
Num Points: 401
Info: 

X, Y Data:
1.0E-4	0.06573772
1.0333392E-4	0.06573759
1.06779E-4	0.06573744
1.1033893E-4	0.06573726
1.14017545E-4	0.065737054
1.178188E-4	0.065736815
1.2174679E-4	0.06573653
1.2580573E-4	0.065736204
1.3E-4	0.065735824
1.334183E-4	0.06573548
1.369265E-4	0.065735094
1.4052694E-4	0.065734655
1.4422205E-4	0.06573417
1.4801433E-4	0.06573362
1.5190631E-4	0.06573301
1.5590065E-4	0.06573232
1.6E-4	0.065731555
1.645257E-4	0.06573064
1.691794E-4	0.0657296
1.7396474E-4	0.06572844
1.7888544E-4	0.06572714
1.8394532E-4	0.06572568
1.8914833E-4	0.065724045
1.944985E-4	0.06572223
2.0E-4	0.06572019
2.0565712E-4	0.06571793
2.1147425E-4	0.06571541
2.1745593E-4	0.065712616
2.236068E-4	0.06570951
2.2993165E-4	0.06570606
2.364354E-4	0.065702245
2.4312311E-4	0.06569802
2.5E-4	0.065693356
2.5783465E-4	0.06568763
2.659148E-4	0.06568126
2.742482E-4	0.06567416
2.8284272E-4	0.06566629
2.917066E-4	0.065657556
3.0084825E-4	0.065647885
3.102764E-4	0.06563719
3.2E-4	0.065625384
3.290514E-4	0.06561367
3.383588E-4	0.065600894
3.4792948E-4	0.06558696
3.5777088E-4	0.0655718
3.6789064E-4	0.065555304
3.7829665E-4	0.06553739
3.88997E-4	0.065517955
4.0E-4	0.065496884
4.1131425E-4	0.06547407
4.229485E-4	0.0654494
4.3491187E-4	0.06542275
4.472136E-4	0.06539399
4.598633E-4	0.06536299
4.728708E-4	0.06532961
4.8624622E-4	0.0652937
5.0E-4	0.06525511
5.1465514E-4	0.06521216
5.2973983E-4	0.06516599
5.4526667E-4	0.06511642
5.612486E-4	0.065063246
5.77699E-4	0.065006286
5.946315E-4	0.06494533
6.120603E-4	0.06488016
6.3E-4	0.06481058
6.4807665E-4	0.06473794
6.6667196E-4	0.06466064
6.858008E-4	0.064578466
7.0547854E-4	0.06449119
7.257209E-4	0.064398594
7.465441E-4	0.06430045
7.6796475E-4	0.06419653
7.9E-4	0.0640866
8.136239E-4	0.06396546
8.379543E-4	0.06383728
8.630122E-4	0.0637018
8.8881946E-4	0.06355875
9.153984E-4	0.063407846
9.427722E-4	0.06324884
9.7096455E-4	0.063081466
0.001	0.062905446
0.0010293103	0.06272423
0.0010594797	0.06253423
0.0010905333	0.062335186
0.0011224973	0.062126882
0.001155398	0.061909087
0.001189263	0.061681576
0.0012241206	0.06144414
0.00126	0.061196577
0.0012961533	0.060944147
0.0013333439	0.060681637
0.0013716016	0.060408887
0.0014109571	0.060125735
0.0014514418	0.05983204
0.0014930882	0.059527673
0.0015359295	0.059212506
0.00158	0.058886435
0.0016272478	0.05853511
0.0016759086	0.058171764
0.0017260244	0.05779632
0.0017776389	0.057408728
0.0018307968	0.057008944
0.0018855444	0.056596957
0.0019419291	0.056172762
0.002	0.055736385
0.0020575977	0.055304416
0.002116854	0.05486123
0.002177817	0.054406896
0.0022405356	0.053941507
0.0023050604	0.053465176
0.0023714434	0.052978024
0.0024397383	0.0524802
0.00251	0.051971868
0.0025833033	0.05144593
0.0026587474	0.050909586
0.0027363948	0.050363056
0.0028163097	0.04980658
0.0028985585	0.049240425
0.0029832094	0.048664864
0.0030703326	0.048080195
0.00316	0.047486722
0.0032524571	0.04688366
0.0033476194	0.046272434
0.003445566	0.045653395
0.0035463783	0.045026902
0.0036501405	0.044393342
0.0037569385	0.043753102
0.003866861	0.04310658
0.00398	0.042454183
0.004096165	0.041797925
0.0042157196	0.041136652
0.0043387646	0.040470798
0.0044654002	0.039800793
0.0045957323	0.03912707
0.0047298684	0.03845007
0.0048679197	0.037770238
0.00501	0.03708801
0.005156579	0.036402207
0.0053074467	0.03571489
0.005462728	0.035026506
0.0056225527	0.034337495
0.0057870536	0.033648293
0.005956367	0.032959342
0.0061306343	0.032271065
0.00631	0.031583898
0.006493865	0.030900992
0.0066830874	0.030220011
0.0068778237	0.029541358
0.007078234	0.028865429
0.0072844843	0.028192611
0.0074967444	0.02752329
0.00771519	0.026857836
0.00794	0.026196616
0.008172275	0.025537439
0.008411343	0.024883239
0.008657407	0.024234356
0.008910668	0.023591127
0.009171338	0.022953875
0.009439633	0.02232291
0.009715778	0.02169854
0.01	0.021081056
0.010292081	0.020471675
0.010592694	0.019869715
0.010902087	0.019275438
0.011220517	0.018689098
0.011548247	0.01811093
0.011885551	0.017541174
0.012232705	0.016980043
0.01259	0.01642775
0.012957647	0.01588461
0.013336032	0.015350688
0.013725464	0.014826161
0.01412627	0.0143111935
0.014538779	0.013805938
0.014963334	0.013310538
0.015400288	0.012825122
0.01585	0.0123498095
0.016312422	0.0118851205
0.016788337	0.011430717
0.017278135	0.010986682
0.017782224	0.010553084
0.01830102	0.010129982
0.01883495	0.00971742
0.019384459	0.009315432
0.01995	0.008924038
0.020533005	0.008542633
0.021133045	0.008171859
0.021750621	0.0078117005
0.022386245	0.007462127
0.023040446	0.007123098
0.023713762	0.006794558
0.024406755	0.006476442
0.02512	0.0061686723
0.025853088	0.005871553
0.02660757	0.005584563
0.027384069	0.005307592
0.02818323	0.005040519
0.029005712	0.0047832113
0.029852198	0.004535529
0.030723387	0.0042973207
0.03162	0.0040684277
0.032543603	0.0038484924
0.033494186	0.0036375446
0.034472536	0.003435401
0.03547946	0.0032418717
0.0365158	0.0030567606
0.03758241	0.002879866
0.03868017	0.002710981
0.03981	0.0025498946
0.040972695	0.0023964094
0.042169347	0.0022502881
0.04340095	0.0021113106
0.044668525	0.0019792544
0.04597312	0.0018538956
0.047315817	0.0017350098
0.04869773	0.0016223723
0.05012	0.0015157586
0.0515838	0.0014149457
0.053090356	0.001319711
0.05464091	0.001229834
0.05623675	0.0011450971
0.0578792	0.0010652848
0.059569612	9.901854E-4
0.0613094	9.195904E-4
0.0631	8.5329526E-4
0.06494172	7.9113775E-4
0.066837184	7.328794E-4
0.06878798	6.7832955E-4
0.070795715	6.273027E-4
0.072862044	5.796185E-4
0.074988686	5.35102E-4
0.077177405	4.935836E-4
0.07943	4.548997E-4
0.08174976	4.1887118E-4
0.08413727	3.8536958E-4
0.08659451	3.5424822E-4
0.08912351	3.2536619E-4
0.09172637	2.9858845E-4
0.09440525	2.7378573E-4
0.097162366	2.5083456E-4
0.1	2.2961714E-4
0.102919795	2.1002586E-4
0.10592484	1.9194873E-4
0.109017625	1.7528454E-4
0.112200715	1.5993734E-4
0.11547674	1.4581624E-4
0.11884842	1.3283544E-4
0.12231855	1.2091384E-4
0.12589	1.099751E-4
0.12956645	9.994547E-5
0.13335027	9.075958E-5
0.13724458	8.235401E-5
0.14125264	7.466933E-5
0.14537773	6.7649926E-5
0.14962329	6.124381E-5
0.15399285	5.5402492E-5
0.15849	5.0080747E-5
0.16311829	4.5236702E-5
0.16788174	4.0831E-5
0.17278428	3.6827325E-5
0.17783	3.3192006E-5
0.18302307	2.9893858E-5
0.18836778	2.6904041E-5
0.19386858	2.419591E-5
0.19953	2.1744876E-5
0.20535603	1.952854E-5
0.21135218	1.7525732E-5
0.21752341	1.5717282E-5
0.22387484	1.4085578E-5
0.23041171	1.2614463E-5
0.23713945	1.128913E-5
0.24406363	1.0096023E-5
0.25119	9.022745E-6
0.25852492	8.05791E-6
0.26607406	7.191253E-6
0.27384362	6.4133487E-6
0.28184006	5.715612E-6
0.29007	5.0902295E-6
0.29854023	4.5300994E-6
0.30725783	4.0287705E-6
0.31623	3.5803891E-6
0.32546407	3.1796505E-6
0.33496782	2.8217444E-6
0.34474903	2.5023194E-6
0.3548159	2.2174413E-6
0.3651767	1.963555E-6
0.37584007	1.737451E-6
0.3868148	1.5362342E-6
0.39811	1.3572948E-6
0.40973493	1.1982834E-6
0.42169935	1.0570836E-6
0.4340131	9.3179307E-7
0.44668642	8.207025E-7
0.4597298	7.222769E-7
0.47315407	6.3513914E-7
0.4869703	5.5805424E-7
0.50119	4.899159E-7
0.5158249	4.297335E-7
0.5308872	3.766208E-7
0.5463893	3.2978556E-7
0.5623441	2.8852006E-7
0.57876474	2.521924E-7
0.59566486	2.2023896E-7
0.61305845	1.9215737E-7
0.63096	1.675001E-7
0.6493842	1.4586898E-7
0.6683464	1.2690973E-7
0.6878623	1.1030761E-7
0.7079481	9.578313E-8
0.72862035	8.3088324E-8
0.7498962	7.200342E-8
0.7717934	6.2333676E-8
0.79433	5.3906795E-8
0.8175246	4.657042E-8
0.8413966	4.0189946E-8
0.86596555	3.464655E-8
0.8912519	2.983547E-8
0.9172767	2.5664397E-8
0.9440614	2.2052081E-8
0.97162825	1.892707E-8
1.0	1.6226618E-8
1.029201	1.3895597E-8
1.0592546	1.1885791E-8
1.090186	1.0154926E-8
1.1220205	8.665989E-9
1.1547846	7.3866757E-9
1.1885055	6.2887695E-9
1.223211	5.347652E-9
1.25893	4.5419055E-9
1.2956905	3.852932E-9
1.3335243	3.2644931E-9
1.3724631	2.7625375E-9
1.4125386	2.334878E-9
1.4537846	1.970967E-9
1.4962348	1.6617097E-9
1.5399245	1.3992212E-9
1.58489	1.1767157E-9
1.6311698	9.883353E-10
1.678801	8.290685E-10
1.727823	6.945815E-10
1.7782766	5.81166E-10
1.8302034	4.856481E-10
1.8836465	4.0531578E-10
1.9386501	3.3783398E-10
1.99526	2.812266E-10
2.0535233	2.3380387E-10
2.113488	1.9411817E-10
2.1752036	1.6095736E-10
2.2387214	1.332896E-10
2.304094	1.1024348E-10
2.3713756	9.105805E-11
2.4406219	7.5113915E-11
2.51189	6.187362E-11
2.5852382	5.0908944E-11
2.6607285	4.1831982E-11
2.7384229	3.4333203E-11
2.818386	2.8135716E-11
2.900684	2.302869E-11
2.9853854	1.8822388E-11
3.0725598	1.5368928E-11
3.16228	1.253031E-11
3.2546198	1.0203061E-11
3.3496559	8.297696E-12
3.447467	6.739609E-12
3.5481343	5.466849E-12
3.6517413	4.4267923E-12
3.7583735	3.5820236E-12
3.8681195	2.8943514E-12
3.98107	2.3362423E-12
4.097319	1.8834934E-12
4.2169633	1.5157875E-12
4.340101	1.2174706E-12
4.466834	9.766632E-13
4.5972676	7.841505E-13
4.7315106	6.2705396E-13
4.869673	5.011547E-13
5.01187	4.0145665E-13
5.1582193	3.2018832E-13
5.3088417	2.5557334E-13
5.463863	2.0339286E-13
5.62341	1.6153745E-13
5.7876167	1.2878587E-13
5.9566183	1.01918474E-13
6.1305547	8.0713214E-14
6.30957	6.3948846E-14
6.493813	5.0848215E-14
6.683436	4.007905E-14
6.878596	3.08642E-14
7.079455	2.4313884E-14
7.286179	1.9428903E-14
7.4989395	1.4654944E-14
7.7179127	1.1990409E-14
7.94328	9.103829E-15
8.175228	6.994405E-15
8.41395	5.6621374E-15
8.659641	4.440892E-15
8.912508	3.4416914E-15
9.172758	2.553513E-15
9.440608	1.9984014E-15
9.716279	1.4432899E-15
10.0	1.2212453E-15



DATASET #3

Name: 1000yr
Num Points: 2
Info: 

X, Y Data:
0.001	0.001
10.0	0.001



DATASET #4

Name: 2500yr
Num Points: 2
Info: 

X, Y Data:
0.001	4.0E-4
10.0	4.0E-4



DATASET #5

Name: 10000yr
Num Points: 2
Info: 

X, Y Data:
0.001	1.0E-4
10.0	1.0E-4


