
X-Axis: Normalized Distance Along Strike
Y-Axis: Hypocenter Density
Number of Data Sets: 4


DATASET #1

     Name: 
   Points: 31
     Info: 

Data[x,y]:
0.05	  0.006732619
0.15	  0.01786205
0.25	  0.025281671
0.35	  0.03132729
0.45	  0.033250894
0.55	  0.03943391
0.65	  0.044792525
0.75	  0.051662546
0.85	  0.051387742
0.95	  0.06801319
1.05	  0.040395714
1.15	  0.027617477
1.25	  0.023770267
1.35	  0.019510854
1.45	  0.018961253
1.55	  0.018961253
1.65	  0.019510854
1.75	  0.023770267
1.85	  0.027617477
1.95	  0.040395714
2.05	  0.06801319
2.15	  0.051387742
2.25	  0.051662546
2.35	  0.044792525
2.45	  0.03943391
2.55	  0.033250894
2.65	  0.03132729
2.75	  0.025281671
2.85	  0.01786205
2.95	  0.006732619
3.05	  0.0



DATASET #2

     Name: 
   Points: 31
     Info: 

Data[x,y]:
0.05	  0.0
0.15	  0.0
0.25	  0.0
0.35	  0.0
0.45	  0.0
0.55	  0.0
0.65	  0.0
0.75	  0.0
0.85	  0.0
0.95	  0.0
1.05	  0.00357241
1.15	  0.003160209
1.25	  0.0032976093
1.35	  0.004671613
1.45	  0.002473207
1.55	  0.002473207
1.65	  0.004671613
1.75	  0.0032976093
1.85	  0.003160209
1.95	  0.00357241
2.05	  0.0
2.15	  0.0
2.25	  0.0
2.35	  0.0
2.45	  0.0
2.55	  0.0
2.65	  0.0
2.75	  0.0
2.85	  0.0
2.95	  0.0
3.05	  0.0



DATASET #3

Name: 
Num Points: 4
Info: 

X, Y Data:
0.021	  9.5218467E-4
0.021	  0.09426628
2.979	  0.09426628
2.979	  9.5218467E-4



DATASET #4

Name: 
Num Points: 4
Info: 

X, Y Data:
1.0	  9.5218467E-4
1.0	  0.08474444
2.0	  0.08474444
2.0	  9.5218467E-4


