
X-Axis: Interevent Time (years)
Y-Axis: Count
Number of Data Sets: 2


DATASET #1

     Name: Bruce 2495 Histogram
   Points: 60
     Info: 

Data[x,y]:
2.5	  631.0
7.5	  516.0
12.5	  516.0
17.5	  491.0
22.5	  433.0
27.5	  430.0
32.5	  411.0
37.5	  345.0
42.5	  347.0
47.5	  302.0
52.5	  285.0
57.5	  259.0
62.5	  274.0
67.5	  242.0
72.5	  213.0
77.5	  200.0
82.5	  184.0
87.5	  169.0
92.5	  147.0
97.5	  123.0
102.5	  117.0
107.5	  125.0
112.5	  121.0
117.5	  102.0
122.5	  100.0
127.5	  81.0
132.5	  76.0
137.5	  79.0
142.5	  65.0
147.5	  56.0
152.5	  47.0
157.5	  51.0
162.5	  51.0
167.5	  39.0
172.5	  28.0
177.5	  37.0
182.5	  35.0
187.5	  23.0
192.5	  23.0
197.5	  5.0
202.5	  4.0
207.5	  5.0
212.5	  4.0
217.5	  3.0
222.5	  1.0
227.5	  2.0
232.5	  2.0
237.5	  3.0
242.5	  2.0
247.5	  3.0
252.5	  1.0
257.5	  2.0
262.5	  0.0
267.5	  0.0
272.5	  0.0
277.5	  0.0
282.5	  0.0
287.5	  0.0
292.5	  0.0
297.5	  2.0



DATASET #2

Name: Bruce 2495 Mean=54.29
Num Points: 2
Info: 

X, Y Data:
54.285522	  0.0
54.285522	  757.2


