
X-Axis: Normalized Interevent Time
Y-Axis: Probability
Number of Data Sets: 3


DATASET #1

     Name: Bruce 2495 Histogram
   Points: 41
     Info: 

Data[x,y]:
0.05	  0.0048658713
0.15	  0.011993239
0.25	  0.020709494
0.35	  0.026708636
0.45	  0.05340444
0.55	  0.07593826
0.65	  0.095744886
0.75	  0.14518058
0.85	  0.16396323
0.95	  0.15630682
1.05	  0.03693194
1.15	  0.021749623
1.25	  0.019244902
1.35	  0.018081883
1.45	  0.019363578
1.55	  0.018829884
1.65	  0.015736694
1.75	  0.011090364
1.85	  0.009338047
1.95	  0.007536384
2.05	  0.0065298346
2.15	  0.006143162
2.25	  0.0059628165
2.35	  0.005214496
2.45	  0.004495414
2.55	  0.0037126201
2.65	  0.0033108813
2.75	  0.00303631
2.85	  0.0026726192
2.95	  0.0024075597
3.05	  0.0020468056
3.15	  0.0019407052
3.25	  0.0016534297
3.35	  0.0016033162
3.45	  0.0013697931
3.55	  0.0013025069
3.65	  0.0012816953
3.75	  9.960158E-4
3.85	  8.868512E-4
3.95	  7.4283045E-4
4.05	  0.009971586



DATASET #2

     Name: Log-Normal Fit
   Points: 401
     Info: 

Data[x,y]:
0.005	  1.0119694E-9
0.015	  3.30459E-7
0.025	  6.153835E-6
0.035	  3.800387E-5
0.045	  1.3394507E-4
0.055	  3.4036755E-4
0.065	  7.013462E-4
0.075	  0.0012517774
0.085	  0.0020145548
0.095	  0.003000512
0.105	  0.004209866
0.115	  0.005634277
0.125	  0.0072590024
0.135	  0.009064865
0.145	  0.011029931
0.155	  0.01313086
0.165	  0.015343956
0.175	  0.017645938
0.185	  0.020014508
0.195	  0.02242872
0.205	  0.024869217
0.215	  0.027318362
0.225	  0.029760292
0.235	  0.03218089
0.245	  0.03456775
0.255	  0.036910083
0.265	  0.03919862
0.275	  0.041425504
0.285	  0.043584175
0.295	  0.04566926
0.305	  0.04767644
0.315	  0.049602367
0.325	  0.05144454
0.335	  0.053201225
0.345	  0.054871347
0.355	  0.056454428
0.365	  0.0579505
0.375	  0.05936004
0.385	  0.060683895
0.395	  0.061923258
0.405	  0.06307958
0.415	  0.06415455
0.425	  0.06515005
0.435	  0.06606812
0.445	  0.06691091
0.455	  0.06768068
0.465	  0.06837975
0.475	  0.06901052
0.485	  0.06957538
0.495	  0.07007676
0.505	  0.07051711
0.515	  0.070898816
0.525	  0.0712243
0.535	  0.071495935
0.545	  0.07171604
0.555	  0.07188691
0.565	  0.07201079
0.575	  0.07208988
0.585	  0.07212631
0.595	  0.07212216
0.605	  0.07207944
0.615	  0.07200012
0.625	  0.07188609
0.635	  0.0717392
0.645	  0.071561195
0.655	  0.07135381
0.665	  0.07111867
0.675	  0.070857376
0.685	  0.070571445
0.695	  0.07026235
0.705	  0.06993149
0.715	  0.06958023
0.725	  0.06920985
0.735	  0.0688216
0.745	  0.06841667
0.755	  0.06799619
0.765	  0.067561254
0.775	  0.06711289
0.785	  0.06665211
0.795	  0.06617985
0.805	  0.065697014
0.815	  0.065204464
0.825	  0.06470303
0.835	  0.06419349
0.845	  0.06367659
0.855	  0.063153036
0.865	  0.062623516
0.875	  0.06208866
0.885	  0.061549082
0.895	  0.06100536
0.905	  0.06045805
0.915	  0.059907664
0.925	  0.059354704
0.935	  0.05879964
0.945	  0.05824291
0.955	  0.057684936
0.965	  0.05712612
0.975	  0.05656684
0.985	  0.056007437
0.995	  0.055448264
1.005	  0.054889627
1.015	  0.05433183
1.025	  0.05377515
1.035	  0.053219855
1.045	  0.05266619
1.055	  0.052114394
1.065	  0.05156468
1.075	  0.05101726
1.085	  0.050472323
1.095	  0.049930055
1.105	  0.049390614
1.115	  0.04885417
1.125	  0.04832086
1.135	  0.047790825
1.145	  0.04726419
1.155	  0.046741072
1.165	  0.04622158
1.175	  0.045705818
1.185	  0.04519387
1.195	  0.04468583
1.205	  0.044181764
1.215	  0.043681756
1.225	  0.04318586
1.235	  0.042694137
1.245	  0.04220664
1.255	  0.041723415
1.265	  0.041244503
1.275	  0.040769942
1.285	  0.040299762
1.295	  0.03983399
1.305	  0.039372645
1.315	  0.038915753
1.325	  0.038463328
1.335	  0.038015377
1.345	  0.03757191
1.355	  0.037132934
1.365	  0.03669845
1.375	  0.036268454
1.385	  0.035842944
1.395	  0.03542192
1.405	  0.03500536
1.415	  0.03459327
1.425	  0.034185622
1.435	  0.033782408
1.445	  0.03338361
1.455	  0.032989215
1.465	  0.032599196
1.475	  0.03221353
1.485	  0.0318322
1.495	  0.03145518
1.505	  0.031082442
1.515	  0.03071396
1.525	  0.03034971
1.535	  0.029989658
1.545	  0.029633775
1.555	  0.029282033
1.565	  0.0289344
1.575	  0.028590843
1.585	  0.02825133
1.595	  0.027915828
1.605	  0.027584301
1.615	  0.027256718
1.625	  0.026933042
1.635	  0.02661324
1.645	  0.026297273
1.655	  0.025985109
1.665	  0.025676709
1.675	  0.025372038
1.685	  0.025071058
1.695	  0.024773736
1.705	  0.024480034
1.715	  0.024189912
1.725	  0.023903336
1.735	  0.023620268
1.745	  0.023340672
1.755	  0.02306451
1.765	  0.022791747
1.775	  0.022522345
1.785	  0.022256264
1.795	  0.021993473
1.805	  0.021733932
1.815	  0.021477604
1.825	  0.021224454
1.835	  0.020974446
1.845	  0.020727545
1.855	  0.020483712
1.865	  0.020242915
1.875	  0.020005114
1.885	  0.019770278
1.895	  0.01953837
1.905	  0.019309357
1.915	  0.019083202
1.925	  0.018859873
1.935	  0.018639334
1.945	  0.018421553
1.955	  0.018206496
1.965	  0.017994128
1.975	  0.017784419
1.985	  0.017577335
1.995	  0.017372843
2.005	  0.017170912
2.015	  0.01697151
2.025	  0.016774606
2.035	  0.016580166
2.045	  0.016388165
2.055	  0.016198566
2.065	  0.016011342
2.075	  0.015826464
2.085	  0.0156439
2.095	  0.015463621
2.105	  0.0152856
2.115	  0.015109806
2.125	  0.014936212
2.135	  0.01476479
2.145	  0.014595511
2.155	  0.014428349
2.165	  0.014263276
2.175	  0.014100265
2.185	  0.013939289
2.195	  0.013780324
2.205	  0.013623342
2.215	  0.013468318
2.225	  0.013315226
2.235	  0.013164042
2.245	  0.01301474
2.255	  0.012867298
2.265	  0.012721689
2.275	  0.012577891
2.285	  0.0124358805
2.295	  0.012295633
2.305	  0.012157126
2.315	  0.012020337
2.325	  0.0118852435
2.335	  0.011751824
2.345	  0.011620056
2.355	  0.0114899175
2.365	  0.0113613885
2.375	  0.011234446
2.385	  0.011109072
2.395	  0.010985243
2.405	  0.010862941
2.415	  0.010742145
2.425	  0.010622835
2.435	  0.010504993
2.445	  0.010388598
2.455	  0.010273632
2.465	  0.010160076
2.475	  0.010047912
2.485	  0.0099371215
2.495	  0.009827686
2.505	  0.009719589
2.515	  0.009612811
2.525	  0.009507337
2.535	  0.009403148
2.545	  0.009300228
2.555	  0.009198561
2.565	  0.00909813
2.575	  0.008998918
2.585	  0.008900912
2.595	  0.008804092
2.605	  0.008708445
2.615	  0.008613956
2.625	  0.008520609
2.635	  0.008428388
2.645	  0.008337282
2.655	  0.008247272
2.665	  0.008158347
2.675	  0.00807049
2.685	  0.00798369
2.695	  0.007897931
2.705	  0.007813201
2.715	  0.0077294866
2.725	  0.007646773
2.735	  0.0075650485
2.745	  0.0074843
2.755	  0.0074045146
2.765	  0.00732568
2.775	  0.0072477837
2.785	  0.0071708136
2.795	  0.007094758
2.805	  0.007019605
2.815	  0.0069453423
2.825	  0.006871959
2.835	  0.006799444
2.845	  0.0067277853
2.855	  0.006656972
2.865	  0.006586994
2.875	  0.00651784
2.885	  0.006449499
2.895	  0.0063819615
2.905	  0.0063152164
2.915	  0.0062492536
2.925	  0.006184063
2.935	  0.0061196354
2.945	  0.00605596
2.955	  0.005993028
2.965	  0.00593083
2.975	  0.0058693555
2.985	  0.0058085965
2.995	  0.005748543
3.005	  0.0056891865
3.015	  0.005630518
3.025	  0.0055725286
3.035	  0.00551521
3.045	  0.0054585533
3.055	  0.0054025506
3.065	  0.0053471928
3.075	  0.0052924724
3.085	  0.005238381
3.095	  0.005184911
3.105	  0.0051320544
3.115	  0.0050798035
3.125	  0.0050281505
3.135	  0.0049770875
3.145	  0.004926608
3.155	  0.004876704
3.165	  0.004827368
3.175	  0.004778594
3.185	  0.004730374
3.195	  0.004682701
3.205	  0.0046355687
3.215	  0.0045889704
3.225	  0.004542899
3.235	  0.004497348
3.245	  0.0044523105
3.255	  0.004407781
3.265	  0.004363753
3.275	  0.0043202196
3.285	  0.0042771753
3.295	  0.004234614
3.305	  0.004192529
3.315	  0.0041509154
3.325	  0.004109767
3.335	  0.0040690773
3.345	  0.004028842
3.355	  0.0039890544
3.365	  0.0039497092
3.375	  0.003910802
3.385	  0.0038723256
3.395	  0.003834276
3.405	  0.0037966478
3.415	  0.0037594356
3.425	  0.0037226344
3.435	  0.003686239
3.445	  0.0036502448
3.455	  0.0036146466
3.465	  0.0035794398
3.475	  0.0035446193
3.485	  0.0035101809
3.495	  0.0034761194
3.505	  0.0034424306
3.515	  0.00340911
3.525	  0.003376153
3.535	  0.0033435551
3.545	  0.0033113123
3.555	  0.0032794198
3.565	  0.0032478739
3.575	  0.0032166701
3.585	  0.0031858045
3.595	  0.003155273
3.605	  0.0031250713
3.615	  0.0030951959
3.625	  0.0030656424
3.635	  0.0030364073
3.645	  0.0030074867
3.655	  0.002978877
3.665	  0.002950574
3.675	  0.0029225745
3.685	  0.002894875
3.695	  0.0028674714
3.705	  0.0028403606
3.715	  0.002813539
3.725	  0.0027870033
3.735	  0.00276075
3.745	  0.0027347757
3.755	  0.0027090772
3.765	  0.0026836512
3.775	  0.0026584945
3.785	  0.002633604
3.795	  0.0026089763
3.805	  0.0025846087
3.815	  0.002560498
3.825	  0.0025366412
3.835	  0.0025130352
3.845	  0.0024896772
3.855	  0.0024665643
3.865	  0.0024436933
3.875	  0.0024210622
3.885	  0.0023986674
3.895	  0.0023765063
3.905	  0.0023545767
3.915	  0.0023328753
3.925	  0.0023114
3.935	  0.0022901476
3.945	  0.0022691158
3.955	  0.002248302
3.965	  0.002227704
3.975	  0.002207319
3.985	  0.0021871447
3.995	  0.0021671783
4.005	  0.002147418



DATASET #3

     Name: BPT Fit
   Points: 401
     Info: Mean = 100.0, Aperiodicity = 0.5, Duration = 30.0, Delta T = 1.0, Num Points = 500, Historic Open Interval = 0.0
Computed mean = 0.96916527

Data[x,y]:
0.0	  0.0
0.01	  2.044558E-39
0.02	  3.0403155E-19
0.03	  1.2320156E-12
0.04	  2.1728765E-9
0.05	  1.7794838E-7
0.06	  3.1808606E-6
0.07	  2.4001138E-5
0.08	  1.06115614E-4
0.09	  3.2951203E-4
0.1	  8.006736E-4
0.11	  0.0016302017
0.12	  0.0029102087
0.13	  0.0046996186
0.14	  0.0070191883
0.15	  0.009854149
0.16	  0.013161213
0.17	  0.016877139
0.18	  0.02092699
0.19	  0.025231116
0.2	  0.029710505
0.21	  0.034290545
0.22	  0.03890341
0.23	  0.04348938
0.24	  0.04799731
0.25	  0.052384574
0.26	  0.056616604
0.27	  0.060666237
0.28	  0.06451292
0.29	  0.0681419
0.3	  0.07154341
0.31	  0.07471192
0.32	  0.077645406
0.33	  0.08034477
0.34	  0.08281324
0.35	  0.085055925
0.36	  0.087079376
0.37	  0.088891245
0.38	  0.0905
0.39	  0.09191464
0.4	  0.09314452
0.41	  0.094199196
0.42	  0.09508823
0.43	  0.095821165
0.44	  0.09640735
0.45	  0.096855946
0.46	  0.097175844
0.47	  0.0973756
0.48	  0.097463466
0.49	  0.09744733
0.5	  0.09733472
0.51	  0.097132795
0.52	  0.096848354
0.53	  0.09648782
0.54	  0.09605728
0.55	  0.095562465
0.56	  0.09500876
0.57	  0.094401255
0.58	  0.093744695
0.59	  0.09304356
0.6	  0.092302024
0.61	  0.091524005
0.62	  0.09071316
0.63	  0.08987289
0.64	  0.0890064
0.65	  0.08811665
0.66	  0.087206416
0.67	  0.08627826
0.68	  0.08533458
0.69	  0.084377594
0.7	  0.08340938
0.71	  0.08243182
0.72	  0.08144673
0.73	  0.08045572
0.74	  0.07946032
0.75	  0.07846194
0.76	  0.07746187
0.77	  0.0764613
0.78	  0.07546134
0.79	  0.074463
0.8	  0.07346721
0.81	  0.07247483
0.82	  0.07148663
0.83	  0.07050334
0.84	  0.06952561
0.85	  0.06855404
0.86	  0.06758916
0.87	  0.066631466
0.88	  0.065681405
0.89	  0.06473939
0.9	  0.06380577
0.91	  0.06288086
0.92	  0.061964963
0.93	  0.061058328
0.94	  0.060161177
0.95	  0.059273716
0.96	  0.05839611
0.97	  0.057528503
0.98	  0.056671027
0.99	  0.055823777
1.0	  0.054986846
1.01	  0.054160293
1.02	  0.05334417
1.03	  0.052538518
1.04	  0.051743347
1.05	  0.050958674
1.06	  0.050184492
1.07	  0.04942078
1.08	  0.048667524
1.09	  0.047924682
1.1	  0.047192212
1.11	  0.046470065
1.12	  0.04575818
1.13	  0.045056496
1.14	  0.044364944
1.15	  0.043683443
1.16	  0.04301192
1.17	  0.04235028
1.18	  0.041698445
1.19	  0.041056316
1.2	  0.0404238
1.21	  0.039800797
1.22	  0.039187208
1.23	  0.038582932
1.24	  0.03798786
1.25	  0.03740189
1.26	  0.036824908
1.27	  0.03625681
1.28	  0.035697486
1.29	  0.03514682
1.3	  0.03460471
1.31	  0.034071036
1.32	  0.03354569
1.33	  0.03302856
1.34	  0.032519534
1.35	  0.032018498
1.36	  0.031525344
1.37	  0.031039957
1.38	  0.030562226
1.39	  0.030092044
1.4	  0.0296293
1.41	  0.029173885
1.42	  0.028725687
1.43	  0.028284606
1.44	  0.02785053
1.45	  0.027423352
1.46	  0.027002972
1.47	  0.026589284
1.48	  0.026182184
1.49	  0.025781574
1.5	  0.025387349
1.51	  0.02499941
1.52	  0.024617663
1.53	  0.024242004
1.54	  0.023872344
1.55	  0.023508584
1.56	  0.02315063
1.57	  0.022798393
1.58	  0.022451777
1.59	  0.022110695
1.6	  0.021775058
1.61	  0.021444777
1.62	  0.021119766
1.63	  0.02079994
1.64	  0.020485217
1.65	  0.020175511
1.66	  0.019870741
1.67	  0.019570827
1.68	  0.019275691
1.69	  0.018985255
1.7	  0.018699441
1.71	  0.018418172
1.72	  0.018141376
1.73	  0.017868979
1.74	  0.017600907
1.75	  0.017337091
1.76	  0.01707746
1.77	  0.016821947
1.78	  0.01657048
1.79	  0.016322996
1.8	  0.01607943
1.81	  0.015839715
1.82	  0.015603787
1.83	  0.015371585
1.84	  0.015143048
1.85	  0.014918114
1.86	  0.014696725
1.87	  0.014478821
1.88	  0.014264346
1.89	  0.014053242
1.9	  0.013845454
1.91	  0.013640927
1.92	  0.013439609
1.93	  0.013241444
1.94	  0.013046382
1.95	  0.012854371
1.96	  0.012665361
1.97	  0.0124793025
1.98	  0.012296148
1.99	  0.012115847
2.0	  0.011938356
2.01	  0.011763626
2.02	  0.011591611
2.03	  0.01142227
2.04	  0.011255557
2.05	  0.011091428
2.06	  0.010929842
2.07	  0.010770756
2.08	  0.01061413
2.09	  0.010459923
2.1	  0.010308096
2.11	  0.0101586105
2.12	  0.010011427
2.13	  0.009866509
2.14	  0.009723819
2.15	  0.0095833205
2.16	  0.009444978
2.17	  0.009308756
2.18	  0.009174621
2.19	  0.009042538
2.2	  0.008912474
2.21	  0.008784397
2.22	  0.008658273
2.23	  0.008534072
2.24	  0.008411762
2.25	  0.008291313
2.26	  0.008172695
2.27	  0.008055877
2.28	  0.007940832
2.29	  0.007827529
2.3	  0.0077159423
2.31	  0.0076060425
2.32	  0.007497804
2.33	  0.007391199
2.34	  0.007286201
2.35	  0.007182786
2.36	  0.0070809266
2.37	  0.006980599
2.38	  0.0068817786
2.39	  0.006784441
2.4	  0.0066885627
2.41	  0.0065941205
2.42	  0.0065010916
2.43	  0.006409453
2.44	  0.006319184
2.45	  0.0062302607
2.46	  0.0061426633
2.47	  0.00605637
2.48	  0.0059713614
2.49	  0.0058876155
2.5	  0.0058051134
2.51	  0.005723835
2.52	  0.0056437613
2.53	  0.0055648726
2.54	  0.0054871514
2.55	  0.0054105786
2.56	  0.0053351363
2.57	  0.005260807
2.58	  0.005187573
2.59	  0.005115417
2.6	  0.005044322
2.61	  0.004974272
2.62	  0.0049052504
2.63	  0.004837241
2.64	  0.004770228
2.65	  0.0047041965
2.66	  0.0046391306
2.67	  0.004575015
2.68	  0.004511836
2.69	  0.004449578
2.7	  0.0043882276
2.71	  0.0043277703
2.72	  0.004268192
2.73	  0.00420948
2.74	  0.00415162
2.75	  0.0040945997
2.76	  0.0040384056
2.77	  0.003983025
2.78	  0.0039284457
2.79	  0.003874655
2.8	  0.0038216412
2.81	  0.0037693924
2.82	  0.0037178965
2.83	  0.0036671422
2.84	  0.0036171183
2.85	  0.0035678137
2.86	  0.003519217
2.87	  0.0034713177
2.88	  0.0034241055
2.89	  0.0033775694
2.9	  0.0033316992
2.91	  0.0032864853
2.92	  0.0032419171
2.93	  0.0031979855
2.94	  0.0031546804
2.95	  0.0031119923
2.96	  0.003069912
2.97	  0.0030284305
2.98	  0.0029875387
2.99	  0.0029472276
3.0	  0.0029074885
3.01	  0.0028683129
3.02	  0.0028296923
3.03	  0.0027916185
3.04	  0.002754083
3.05	  0.0027170777
3.06	  0.0026805953
3.07	  0.0026446274
3.08	  0.0026091665
3.09	  0.0025742052
3.1	  0.0025397358
3.11	  0.0025057509
3.12	  0.0024722437
3.13	  0.002439207
3.14	  0.0024066335
3.15	  0.0023745166
3.16	  0.0023428493
3.17	  0.0023116253
3.18	  0.0022808379
3.19	  0.0022504807
3.2	  0.002220547
3.21	  0.0021910311
3.22	  0.0021619266
3.23	  0.0021332274
3.24	  0.0021049273
3.25	  0.002077021
3.26	  0.0020495025
3.27	  0.0020223658
3.28	  0.0019956056
3.29	  0.0019692166
3.3	  0.0019431928
3.31	  0.0019175294
3.32	  0.0018922208
3.33	  0.0018672621
3.34	  0.0018426479
3.35	  0.0018183733
3.36	  0.0017944336
3.37	  0.0017708236
3.38	  0.0017475387
3.39	  0.0017245741
3.4	  0.0017019252
3.41	  0.0016795874
3.42	  0.0016575563
3.43	  0.0016358274
3.44	  0.0016143962
3.45	  0.0015932587
3.46	  0.0015724103
3.47	  0.0015518472
3.48	  0.0015315651
3.49	  0.0015115599
3.5	  0.0014918279
3.51	  0.0014723648
3.52	  0.001453167
3.53	  0.0014342306
3.54	  0.001415552
3.55	  0.0013971273
3.56	  0.0013789529
3.57	  0.0013610254
3.58	  0.0013433412
3.59	  0.0013258967
3.6	  0.0013086887
3.61	  0.0012917137
3.62	  0.0012749683
3.63	  0.0012584494
3.64	  0.0012421538
3.65	  0.0012260783
3.66	  0.0012102196
3.67	  0.0011945748
3.68	  0.0011791409
3.69	  0.0011639148
3.7	  0.0011488936
3.71	  0.0011340745
3.72	  0.0011194546
3.73	  0.0011050311
3.74	  0.0010908011
3.75	  0.0010767621
3.76	  0.0010629111
3.77	  0.0010492458
3.78	  0.0010357634
3.79	  0.0010224615
3.8	  0.0010093374
3.81	  9.963885E-4
3.82	  9.836127E-4
3.83	  9.710073E-4
3.84	  9.5857E-4
3.85	  9.462985E-4
3.86	  9.3419035E-4
3.87	  9.2224346E-4
3.88	  9.104554E-4
3.89	  8.9882413E-4
3.9	  8.873473E-4
3.91	  8.7602297E-4
3.92	  8.648488E-4
3.93	  8.5382286E-4
3.94	  8.42943E-4
3.95	  8.322072E-4
3.96	  8.216136E-4
3.97	  8.1116E-4
3.98	  8.008447E-4
3.99	  7.906656E-4
4.0	  7.80621E-4


