
X-Axis: Normalized Interevent Time
Y-Axis: Probability
Number of Data Sets: 3


DATASET #1

     Name: Bruce 2495 Histogram
   Points: 41
     Info: 

Data[x,y]:
0.05	  0.066169605
0.15	  0.054185286
0.25	  0.05232873
0.35	  0.050603084
0.45	  0.050668538
0.55	  0.050234154
0.65	  0.050591182
0.75	  0.04937133
0.85	  0.04888339
0.95	  0.0466698
1.05	  0.04868107
1.15	  0.050234154
1.25	  0.052536998
1.35	  0.058802877
1.45	  0.0572855
1.55	  0.04573557
1.65	  0.033388276
1.75	  0.025664523
1.85	  0.020273367
1.95	  0.016566202
2.05	  0.012936395
2.15	  0.010937026
2.25	  0.009389895
2.35	  0.0073905257
2.45	  0.006134969
2.55	  0.0052066906
2.65	  0.0043736203
2.75	  0.0030169054
2.85	  0.0026836772
2.95	  0.0022611914
3.05	  0.0017672996
3.15	  0.0011603482
3.25	  8.7472406E-4
3.35	  6.307534E-4
3.45	  4.9984234E-4
3.55	  4.2248575E-4
3.65	  3.6893124E-4
3.75	  2.7967367E-4
3.85	  2.0826764E-4
3.95	  1.3091108E-4
4.05	  4.5223828E-4



DATASET #2

     Name: Log-Normal Fit
   Points: 401
     Info: 

Data[x,y]:
0.005	  2.4364954E-11
0.015	  2.1888392E-8
0.025	  6.9597087E-7
0.035	  6.1463584E-6
0.045	  2.8076407E-5
0.055	  8.6965934E-5
0.065	  2.0967648E-4
0.075	  4.2546404E-4
0.085	  7.621927E-4
0.095	  0.0012435784
0.105	  0.0018876042
0.115	  0.0027059228
0.125	  0.003703972
0.135	  0.0048815375
0.145	  0.006233561
0.155	  0.007751036
0.165	  0.009421908
0.175	  0.011231904
0.185	  0.013165268
0.195	  0.015205398
0.205	  0.01733536
0.215	  0.01953832
0.225	  0.021797864
0.235	  0.02409825
0.245	  0.026424592
0.255	  0.028762987
0.265	  0.03110058
0.275	  0.033425625
0.285	  0.035727475
0.295	  0.03799658
0.305	  0.040224455
0.315	  0.042403646
0.325	  0.04452766
0.335	  0.046590928
0.345	  0.04858873
0.355	  0.050517134
0.365	  0.052372944
0.375	  0.05415362
0.385	  0.05585724
0.395	  0.057482425
0.405	  0.059028294
0.415	  0.0604944
0.425	  0.061880704
0.435	  0.06318751
0.445	  0.064415425
0.455	  0.06556534
0.465	  0.066638365
0.475	  0.06763583
0.485	  0.06855921
0.495	  0.06941015
0.505	  0.07019043
0.515	  0.070901886
0.525	  0.07154646
0.535	  0.072126165
0.545	  0.07264305
0.555	  0.073099196
0.565	  0.0734967
0.575	  0.07383768
0.585	  0.07412425
0.595	  0.0743585
0.605	  0.07454254
0.615	  0.074678406
0.625	  0.07476815
0.635	  0.07481377
0.645	  0.074817225
0.655	  0.07478045
0.665	  0.07470532
0.675	  0.07459367
0.685	  0.07444728
0.695	  0.0742679
0.705	  0.07405722
0.715	  0.073816866
0.725	  0.07354843
0.735	  0.07325345
0.745	  0.07293341
0.755	  0.07258974
0.765	  0.07222383
0.775	  0.07183701
0.785	  0.071430564
0.795	  0.071005724
0.805	  0.07056368
0.815	  0.07010558
0.825	  0.06963252
0.835	  0.06914555
0.845	  0.06864568
0.855	  0.06813386
0.865	  0.067611046
0.875	  0.0670781
0.885	  0.066535875
0.895	  0.06598518
0.905	  0.0654268
0.915	  0.064861454
0.925	  0.06428987
0.935	  0.063712694
0.945	  0.06313059
0.955	  0.062544145
0.965	  0.061953958
0.975	  0.061360575
0.985	  0.060764518
0.995	  0.06016629
1.005	  0.05956636
1.015	  0.05896518
1.025	  0.058363177
1.035	  0.057760753
1.045	  0.05715829
1.055	  0.05655615
1.065	  0.055954676
1.075	  0.055354193
1.085	  0.054755
1.095	  0.054157387
1.105	  0.053561628
1.115	  0.052967973
1.125	  0.05237667
1.135	  0.05178793
1.145	  0.05120198
1.155	  0.05061901
1.165	  0.050039202
1.175	  0.049462736
1.185	  0.04888977
1.195	  0.048320457
1.205	  0.047754936
1.215	  0.047193334
1.225	  0.046635773
1.235	  0.046082366
1.245	  0.045533214
1.255	  0.04498841
1.265	  0.044448037
1.275	  0.04391218
1.285	  0.04338091
1.295	  0.042854287
1.305	  0.04233237
1.315	  0.041815214
1.325	  0.041302864
1.335	  0.04079536
1.345	  0.040292736
1.355	  0.039795026
1.365	  0.03930225
1.375	  0.038814433
1.385	  0.03833159
1.395	  0.037853736
1.405	  0.037380878
1.415	  0.03691302
1.425	  0.036450166
1.435	  0.035992313
1.445	  0.03553946
1.455	  0.035091598
1.465	  0.034648713
1.475	  0.034210797
1.485	  0.033777837
1.495	  0.03334981
1.505	  0.0329267
1.515	  0.032508485
1.525	  0.032095145
1.535	  0.03168665
1.545	  0.031282976
1.555	  0.030884096
1.565	  0.03048998
1.575	  0.030100597
1.585	  0.029715914
1.595	  0.0293359
1.605	  0.028960519
1.615	  0.028589737
1.625	  0.028223516
1.635	  0.027861822
1.645	  0.027504617
1.655	  0.027151862
1.665	  0.02680352
1.675	  0.026459549
1.685	  0.026119908
1.695	  0.025784561
1.705	  0.025453463
1.715	  0.025126576
1.725	  0.024803858
1.735	  0.024485268
1.745	  0.02417076
1.755	  0.023860296
1.765	  0.023553833
1.775	  0.023251329
1.785	  0.02295274
1.795	  0.022658024
1.805	  0.02236714
1.815	  0.022080045
1.825	  0.021796696
1.835	  0.02151705
1.845	  0.021241067
1.855	  0.020968702
1.865	  0.020699916
1.875	  0.020434665
1.885	  0.020172909
1.895	  0.019914605
1.905	  0.019659711
1.915	  0.019408189
1.925	  0.019159997
1.935	  0.018915093
1.945	  0.018673437
1.955	  0.018434988
1.965	  0.01819971
1.975	  0.01796756
1.985	  0.017738499
1.995	  0.017512491
2.005	  0.017289493
2.015	  0.01706947
2.025	  0.016852384
2.035	  0.016638195
2.045	  0.016426869
2.055	  0.016218366
2.065	  0.016012652
2.075	  0.015809687
2.085	  0.0156094385
2.095	  0.015411871
2.105	  0.015216947
2.115	  0.015024633
2.125	  0.014834895
2.135	  0.014647697
2.145	  0.014463007
2.155	  0.014280792
2.165	  0.014101018
2.175	  0.013923653
2.185	  0.0137486635
2.195	  0.013576019
2.205	  0.013405686
2.215	  0.013237637
2.225	  0.013071836
2.235	  0.012908257
2.245	  0.012746868
2.255	  0.0125876395
2.265	  0.012430542
2.275	  0.012275547
2.285	  0.012122625
2.295	  0.0119717475
2.305	  0.011822889
2.315	  0.011676018
2.325	  0.011531111
2.335	  0.011388138
2.345	  0.011247075
2.355	  0.011107894
2.365	  0.01097057
2.375	  0.010835077
2.385	  0.010701389
2.395	  0.010569483
2.405	  0.0104393335
2.415	  0.010310915
2.425	  0.010184206
2.435	  0.010059181
2.445	  0.009935817
2.455	  0.009814092
2.465	  0.009693981
2.475	  0.009575465
2.485	  0.0094585195
2.495	  0.009343123
2.505	  0.009229254
2.515	  0.009116893
2.525	  0.009006016
2.535	  0.008896605
2.545	  0.008788639
2.555	  0.008682097
2.565	  0.00857696
2.575	  0.008473209
2.585	  0.008370824
2.595	  0.008269786
2.605	  0.008170077
2.615	  0.008071677
2.625	  0.00797457
2.635	  0.007878736
2.645	  0.007784158
2.655	  0.007690819
2.665	  0.007598702
2.675	  0.007507789
2.685	  0.007418064
2.695	  0.0073295105
2.705	  0.007242112
2.715	  0.0071558524
2.725	  0.007070716
2.735	  0.006986688
2.745	  0.0069037518
2.755	  0.0068218927
2.765	  0.0067410963
2.775	  0.0066613476
2.785	  0.0065826317
2.795	  0.0065049347
2.805	  0.006428242
2.815	  0.0063525406
2.825	  0.0062778164
2.835	  0.0062040556
2.845	  0.006131245
2.855	  0.006059372
2.865	  0.005988423
2.875	  0.0059183855
2.885	  0.005849247
2.895	  0.005780995
2.905	  0.0057136174
2.915	  0.0056471024
2.925	  0.0055814376
2.935	  0.005516612
2.945	  0.0054526133
2.955	  0.0053894306
2.965	  0.005327053
2.975	  0.0052654687
2.985	  0.0052046673
2.995	  0.0051446385
3.005	  0.0050853705
3.015	  0.005026854
3.025	  0.0049690786
3.035	  0.0049120337
3.045	  0.0048557096
3.055	  0.004800096
3.065	  0.0047451844
3.075	  0.0046909642
3.085	  0.0046374267
3.095	  0.0045845616
3.105	  0.004532361
3.115	  0.0044808146
3.125	  0.0044299145
3.135	  0.004379652
3.145	  0.0043300176
3.155	  0.0042810035
3.165	  0.004232601
3.175	  0.004184802
3.185	  0.0041375984
3.195	  0.0040909816
3.205	  0.0040449444
3.215	  0.003999479
3.225	  0.0039545773
3.235	  0.003910232
3.245	  0.003866435
3.255	  0.0038231798
3.265	  0.0037804586
3.275	  0.0037382643
3.285	  0.0036965902
3.295	  0.0036554288
3.305	  0.0036147737
3.315	  0.003574618
3.325	  0.0035349547
3.335	  0.003495778
3.345	  0.0034570806
3.355	  0.0034188565
3.365	  0.0033810993
3.375	  0.003343803
3.385	  0.0033069614
3.395	  0.0032705683
3.405	  0.003234618
3.415	  0.0031991045
3.425	  0.003164022
3.435	  0.003129365
3.445	  0.0030951274
3.455	  0.0030613043
3.465	  0.0030278896
3.475	  0.0029948787
3.485	  0.0029622656
3.495	  0.0029300454
3.505	  0.0028982128
3.515	  0.0028667627
3.525	  0.0028356903
3.535	  0.0028049904
3.545	  0.0027746584
3.555	  0.0027446891
3.565	  0.0027150782
3.575	  0.002685821
3.585	  0.0026569124
3.595	  0.0026283483
3.605	  0.002600124
3.615	  0.0025722354
3.625	  0.002544678
3.635	  0.0025174473
3.645	  0.0024905393
3.655	  0.0024639498
3.665	  0.0024376744
3.675	  0.0024117096
3.685	  0.0023860508
3.695	  0.0023606943
3.705	  0.0023356364
3.715	  0.002310873
3.725	  0.0022864006
3.735	  0.0022622151
3.745	  0.002238313
3.755	  0.0022146907
3.765	  0.0021913445
3.775	  0.002168271
3.785	  0.0021454666
3.795	  0.0021229282
3.805	  0.0021006519
3.815	  0.0020786347
3.825	  0.0020568732
3.835	  0.0020353643
3.845	  0.0020141043
3.855	  0.0019930906
3.865	  0.00197232
3.875	  0.0019517893
3.885	  0.0019314954
3.895	  0.0019114353
3.905	  0.0018916063
3.915	  0.0018720052
3.925	  0.0018526292
3.935	  0.0018334757
3.945	  0.0018145415
3.955	  0.0017958243
3.965	  0.001777321
3.975	  0.0017590291
3.985	  0.001740946
3.995	  0.001723069
4.005	  0.0017053955



DATASET #3

     Name: BPT Fit
   Points: 401
     Info: Mean = 100.0, Aperiodicity = 0.5, Duration = 30.0, Delta T = 1.0, Num Points = 500, Historic Open Interval = 0.0
Computed mean = 0.9832638

Data[x,y]:
0.0	  0.0
0.01	  0.0
0.02	  7.3703716E-23
0.03	  5.5017975E-15
0.04	  4.1612637E-11
0.05	  8.157922E-9
0.06	  2.608089E-7
0.07	  2.979594E-6
0.08	  1.7973665E-5
0.09	  7.104232E-5
0.1	  2.0930968E-4
0.11	  4.987895E-4
0.12	  0.0010149224
0.13	  0.0018304195
0.14	  0.003004679
0.15	  0.00457708
0.16	  0.0065645035
0.17	  0.008962265
0.18	  0.011747237
0.19	  0.0148820365
0.2	  0.01831942
0.21	  0.022006353
0.22	  0.025887446
0.23	  0.029907687
0.24	  0.034014456
0.25	  0.03815893
0.26	  0.042296935
0.27	  0.046389397
0.28	  0.050402503
0.29	  0.054307573
0.3	  0.05808084
0.31	  0.06170309
0.32	  0.06515925
0.33	  0.06843796
0.34	  0.07153117
0.35	  0.07443365
0.36	  0.077142656
0.37	  0.079657555
0.38	  0.08197947
0.39	  0.084110975
0.4	  0.08605587
0.41	  0.0878189
0.42	  0.089405596
0.43	  0.09082204
0.44	  0.09207479
0.45	  0.09317066
0.46	  0.094116695
0.47	  0.094920024
0.48	  0.095587805
0.49	  0.09612715
0.5	  0.0965451
0.51	  0.09684854
0.52	  0.0970442
0.53	  0.09713861
0.54	  0.09713812
0.55	  0.09704881
0.56	  0.096876554
0.57	  0.096626975
0.58	  0.096305445
0.59	  0.09591711
0.6	  0.09546687
0.61	  0.094959356
0.62	  0.09439899
0.63	  0.093789965
0.64	  0.09313624
0.65	  0.092441574
0.66	  0.09170949
0.67	  0.09094333
0.68	  0.09014624
0.69	  0.089321196
0.7	  0.08847097
0.71	  0.08759818
0.72	  0.0867053
0.73	  0.085794605
0.74	  0.08486828
0.75	  0.08392834
0.76	  0.08297668
0.77	  0.08201507
0.78	  0.08104516
0.79	  0.0800685
0.8	  0.07908652
0.81	  0.07810057
0.82	  0.077111885
0.83	  0.076121636
0.84	  0.0751309
0.85	  0.074140675
0.86	  0.07315189
0.87	  0.07216539
0.88	  0.07118198
0.89	  0.070202395
0.9	  0.06922731
0.91	  0.06825733
0.92	  0.06729305
0.93	  0.06633497
0.94	  0.06538359
0.95	  0.064439334
0.96	  0.06350261
0.97	  0.06257377
0.98	  0.061653145
0.99	  0.060741033
1.0	  0.0598377
1.01	  0.058943376
1.02	  0.05805828
1.03	  0.057182595
1.04	  0.056316487
1.05	  0.055460095
1.06	  0.05461354
1.07	  0.05377693
1.08	  0.052950345
1.09	  0.052133862
1.1	  0.05132753
1.11	  0.050531395
1.12	  0.049745478
1.13	  0.048969798
1.14	  0.048204362
1.15	  0.04744916
1.16	  0.046704177
1.17	  0.04596939
1.18	  0.045244765
1.19	  0.044530265
1.2	  0.043825835
1.21	  0.04313143
1.22	  0.042446982
1.23	  0.04177243
1.24	  0.041107703
1.25	  0.04045273
1.26	  0.039807428
1.27	  0.039171714
1.28	  0.0385455
1.29	  0.037928704
1.3	  0.037321232
1.31	  0.036722988
1.32	  0.036133874
1.33	  0.035553794
1.34	  0.034982648
1.35	  0.034420334
1.36	  0.03386675
1.37	  0.033321787
1.38	  0.03278535
1.39	  0.032257326
1.4	  0.03173761
1.41	  0.031226099
1.42	  0.030722683
1.43	  0.030227259
1.44	  0.029739715
1.45	  0.029259948
1.46	  0.02878785
1.47	  0.028323313
1.48	  0.027866235
1.49	  0.027416507
1.5	  0.026974024
1.51	  0.026538685
1.52	  0.02611038
1.53	  0.025689013
1.54	  0.025274476
1.55	  0.02486667
1.56	  0.024465494
1.57	  0.024070846
1.58	  0.02368263
1.59	  0.023300745
1.6	  0.022925096
1.61	  0.022555584
1.62	  0.022192117
1.63	  0.021834599
1.64	  0.021482939
1.65	  0.021137042
1.66	  0.020796819
1.67	  0.02046218
1.68	  0.020133035
1.69	  0.019809298
1.7	  0.019490883
1.71	  0.019177701
1.72	  0.018869672
1.73	  0.01856671
1.74	  0.018268734
1.75	  0.017975664
1.76	  0.01768742
1.77	  0.017403921
1.78	  0.017125092
1.79	  0.016850855
1.8	  0.016581137
1.81	  0.01631586
1.82	  0.016054954
1.83	  0.015798345
1.84	  0.015545965
1.85	  0.015297742
1.86	  0.015053606
1.87	  0.01481349
1.88	  0.014577329
1.89	  0.014345056
1.9	  0.014116607
1.91	  0.013891916
1.92	  0.013670923
1.93	  0.013453566
1.94	  0.013239782
1.95	  0.013029514
1.96	  0.012822702
1.97	  0.012619289
1.98	  0.012419216
1.99	  0.01222243
2.0	  0.012028873
2.01	  0.011838493
2.02	  0.011651236
2.03	  0.011467049
2.04	  0.011285881
2.05	  0.011107681
2.06	  0.010932401
2.07	  0.010759989
2.08	  0.010590398
2.09	  0.010423581
2.1	  0.010259491
2.11	  0.010098084
2.12	  0.009939311
2.13	  0.009783131
2.14	  0.009629499
2.15	  0.0094783725
2.16	  0.009329709
2.17	  0.009183468
2.18	  0.009039609
2.19	  0.00889809
2.2	  0.008758873
2.21	  0.008621919
2.22	  0.008487191
2.23	  0.00835465
2.24	  0.00822426
2.25	  0.008095985
2.26	  0.00796979
2.27	  0.007845639
2.28	  0.007723499
2.29	  0.007603335
2.3	  0.0074851145
2.31	  0.007368805
2.32	  0.007254374
2.33	  0.007141791
2.34	  0.0070310235
2.35	  0.0069220425
2.36	  0.006814818
2.37	  0.00670932
2.38	  0.00660552
2.39	  0.006503389
2.4	  0.0064029004
2.41	  0.006304026
2.42	  0.006206739
2.43	  0.006111013
2.44	  0.0060168216
2.45	  0.0059241396
2.46	  0.0058329417
2.47	  0.0057432037
2.48	  0.0056549003
2.49	  0.005568009
2.5	  0.005482505
2.51	  0.0053983657
2.52	  0.005315569
2.53	  0.005234092
2.54	  0.0051539135
2.55	  0.005075011
2.56	  0.0049973642
2.57	  0.004920952
2.58	  0.0048457542
2.59	  0.00477175
2.6	  0.0046989205
2.61	  0.0046272464
2.62	  0.0045567076
2.63	  0.0044872863
2.64	  0.004418964
2.65	  0.004351722
2.66	  0.004285543
2.67	  0.0042204103
2.68	  0.004156305
2.69	  0.004093211
2.7	  0.004031112
2.71	  0.0039699916
2.72	  0.0039098333
2.73	  0.0038506216
2.74	  0.003792341
2.75	  0.0037349765
2.76	  0.0036785128
2.77	  0.0036229352
2.78	  0.0035682293
2.79	  0.003514381
2.8	  0.003461376
2.81	  0.0034092008
2.82	  0.0033578419
2.83	  0.0033072857
2.84	  0.0032575196
2.85	  0.0032085301
2.86	  0.0031603053
2.87	  0.0031128325
2.88	  0.0030660995
2.89	  0.0030200942
2.9	  0.002974805
2.91	  0.00293022
2.92	  0.002886328
2.93	  0.0028431178
2.94	  0.0028005785
2.95	  0.002758699
2.96	  0.002717469
2.97	  0.0026768777
2.98	  0.0026369148
2.99	  0.0025975704
3.0	  0.0025588344
3.01	  0.002520697
3.02	  0.0024831486
3.03	  0.00244618
3.04	  0.0024097816
3.05	  0.002373944
3.06	  0.002338659
3.07	  0.002303917
3.08	  0.0022697097
3.09	  0.0022360284
3.1	  0.0022028647
3.11	  0.0021702102
3.12	  0.0021380573
3.13	  0.0021063972
3.14	  0.0020752228
3.15	  0.002044526
3.16	  0.002014299
3.17	  0.0019845346
3.18	  0.0019552254
3.19	  0.0019263643
3.2	  0.0018979439
3.21	  0.0018699574
3.22	  0.0018423978
3.23	  0.0018152585
3.24	  0.0017885328
3.25	  0.001762214
3.26	  0.0017362958
3.27	  0.0017107718
3.28	  0.0016856359
3.29	  0.0016608818
3.3	  0.0016365036
3.31	  0.0016124953
3.32	  0.0015888511
3.33	  0.0015655654
3.34	  0.0015426322
3.35	  0.0015200464
3.36	  0.0014978023
3.37	  0.0014758946
3.38	  0.001454318
3.39	  0.0014330671
3.4	  0.0014121372
3.41	  0.001391523
3.42	  0.0013712196
3.43	  0.0013512223
3.44	  0.0013315261
3.45	  0.0013121264
3.46	  0.0012930186
3.47	  0.0012741981
3.48	  0.0012556603
3.49	  0.0012374009
3.5	  0.0012194158
3.51	  0.0012017003
3.52	  0.0011842506
3.53	  0.0011670623
3.54	  0.0011501315
3.55	  0.001133454
3.56	  0.0011170261
3.57	  0.0011008439
3.58	  0.0010849034
3.59	  0.001069201
3.6	  0.0010537332
3.61	  0.001038496
3.62	  0.0010234861
3.63	  0.0010086999
3.64	  9.941339E-4
3.65	  9.797848E-4
3.66	  9.656492E-4
3.67	  9.5172384E-4
3.68	  9.380055E-4
3.69	  9.244909E-4
3.7	  9.11177E-4
3.71	  8.9806074E-4
3.72	  8.85139E-4
3.73	  8.724088E-4
3.74	  8.5986726E-4
3.75	  8.4751146E-4
3.76	  8.3533855E-4
3.77	  8.2334573E-4
3.78	  8.115302E-4
3.79	  7.998894E-4
3.8	  7.8842044E-4
3.81	  7.771209E-4
3.82	  7.65988E-4
3.83	  7.550194E-4
3.84	  7.442125E-4
3.85	  7.335647E-4
3.86	  7.2307384E-4
3.87	  7.127374E-4
3.88	  7.0255296E-4
3.89	  6.925183E-4
3.9	  6.8263116E-4
3.91	  6.7288923E-4
3.92	  6.632903E-4
3.93	  6.5383234E-4
3.94	  6.4451306E-4
3.95	  6.3533045E-4
3.96	  6.2628236E-4
3.97	  6.173668E-4
3.98	  6.0858176E-4
3.99	  5.999253E-4
4.0	  5.913954E-4


