
X-Axis: Normalized Distance Along Strike
Y-Axis: Hypocenter Density
Number of Data Sets: 4


DATASET #1

     Name: 
   Points: 31
     Info: 

Data[x,y]:
0.05	  0.02884131
0.15	  0.026826197
0.25	  0.029345088
0.35	  0.02279597
0.45	  0.027707808
0.55	  0.029219143
0.65	  0.032493703
0.75	  0.033375315
0.85	  0.039042823
0.95	  0.04584383
1.05	  0.05856423
1.15	  0.035516374
1.25	  0.033375315
1.35	  0.027959697
1.45	  0.029093198
1.55	  0.029093198
1.65	  0.027959697
1.75	  0.033375315
1.85	  0.035516374
1.95	  0.05856423
2.05	  0.04584383
2.15	  0.039042823
2.25	  0.033375315
2.35	  0.032493703
2.45	  0.029219143
2.55	  0.027707808
2.65	  0.02279597
2.75	  0.029345088
2.85	  0.026826197
2.95	  0.02884131
3.05	  0.0



DATASET #2

     Name: 
   Points: 31
     Info: 

Data[x,y]:
0.05	  0.0
0.15	  0.0
0.25	  0.0
0.35	  0.0
0.45	  0.0
0.55	  0.0
0.65	  0.0
0.75	  0.0
0.85	  0.0
0.95	  0.0
1.05	  0.013476071
1.15	  0.008060453
1.25	  0.008060453
1.35	  0.005793451
1.45	  0.0044080606
1.55	  0.0044080606
1.65	  0.005793451
1.75	  0.008060453
1.85	  0.008060453
1.95	  0.013476071
2.05	  0.0
2.15	  0.0
2.25	  0.0
2.35	  0.0
2.45	  0.0
2.55	  0.0
2.65	  0.0
2.75	  0.0
2.85	  0.0
2.95	  0.0
3.05	  0.0



DATASET #3

Name: 
Num Points: 4
Info: 

X, Y Data:
0.021	  8.1989926E-4
0.021	  0.08117002
2.979	  0.08117002
2.979	  8.1989926E-4



DATASET #4

Name: 
Num Points: 4
Info: 

X, Y Data:
1.0	  8.1989926E-4
1.0	  0.07297103
2.0	  0.07297103
2.0	  8.1989926E-4


