
X-Axis: Normalized Interevent Time
Y-Axis: Probability
Number of Data Sets: 3


DATASET #1

     Name: Bruce 3165 Histogram
   Points: 41
     Info: 

Data[x,y]:
0.05	  0.013132585
0.15	  0.012979881
0.25	  0.015332118
0.35	  0.019117426
0.45	  0.024614789
0.55	  0.035362836
0.65	  0.050953377
0.75	  0.07804374
0.85	  0.10402406
0.95	  0.15260758
1.05	  0.15153864
1.15	  0.109160215
1.25	  0.07330403
1.35	  0.053572845
1.45	  0.03764459
1.55	  0.023225766
1.65	  0.014368905
1.75	  0.009676178
1.85	  0.0062755668
1.95	  0.004117148
2.05	  0.0028573358
2.15	  0.0020791304
2.25	  0.001283305
2.35	  0.0010248821
2.45	  7.077266E-4
2.55	  5.667686E-4
2.65	  4.404937E-4
2.75	  3.5239497E-4
2.85	  2.4373985E-4
2.95	  1.8500736E-4
3.05	  1.4683124E-4
3.15	  1.4976786E-4
3.25	  1.4095799E-4
3.35	  5.8732494E-5
3.45	  6.7542365E-5
3.55	  7.635224E-5
3.65	  4.404937E-5
3.75	  4.992262E-5
3.85	  4.1112748E-5
3.95	  3.2302873E-5
4.05	  3.9938095E-4



DATASET #2

     Name: Log-Normal Fit
   Points: 401
     Info: 

Data[x,y]:
0.005	  0.0
0.015	  6.1721885E-24
0.025	  2.1026949E-19
0.035	  1.7519123E-16
0.045	  2.179872E-14
0.055	  8.6364303E-13
0.065	  1.6033282E-11
0.075	  1.7443053E-10
0.085	  1.2800546E-9
0.095	  6.9593344E-9
0.105	  2.992237E-8
0.115	  1.0664611E-7
0.125	  3.2625482E-7
0.135	  8.7967317E-7
0.145	  2.1337028E-6
0.155	  4.731543E-6
0.165	  9.717037E-6
0.175	  1.8675466E-5
0.185	  3.3880016E-5
0.195	  5.8430705E-5
0.205	  9.637205E-5
0.215	  1.5277686E-4
0.225	  2.337862E-4
0.235	  3.4659903E-4
0.245	  4.99409E-4
0.255	  7.0128986E-4
0.265	  9.62034E-4
0.275	  0.0012919524
0.285	  0.0017016447
0.295	  0.0022017502
0.305	  0.002802691
0.315	  0.0035144181
0.325	  0.004346168
0.335	  0.00530624
0.345	  0.0064018015
0.355	  0.0076387203
0.365	  0.009021436
0.375	  0.010552866
0.385	  0.012234349
0.395	  0.014065616
0.405	  0.016044809
0.415	  0.018168513
0.425	  0.020431835
0.435	  0.022828482
0.445	  0.025350878
0.455	  0.027990289
0.465	  0.030736957
0.475	  0.03358024
0.485	  0.036508776
0.495	  0.039510604
0.505	  0.04257334
0.515	  0.045684304
0.525	  0.04883066
0.535	  0.051999543
0.545	  0.055178184
0.555	  0.05835402
0.565	  0.061514795
0.575	  0.06464864
0.585	  0.067744166
0.595	  0.07079051
0.605	  0.07377741
0.615	  0.07669525
0.625	  0.07953508
0.635	  0.08228867
0.645	  0.08494848
0.655	  0.087507725
0.665	  0.089960344
0.675	  0.092301
0.685	  0.0945251
0.695	  0.0966287
0.705	  0.0986086
0.715	  0.10046221
0.725	  0.102187626
0.735	  0.103783496
0.745	  0.10524907
0.755	  0.10658414
0.765	  0.10778899
0.775	  0.10886439
0.785	  0.10981154
0.795	  0.11063204
0.805	  0.111327864
0.815	  0.11190132
0.825	  0.112355016
0.835	  0.11269183
0.845	  0.11291486
0.855	  0.11302743
0.865	  0.11303305
0.875	  0.11293536
0.885	  0.112738125
0.895	  0.112445235
0.905	  0.11206064
0.915	  0.111588344
0.925	  0.111032404
0.935	  0.11039688
0.945	  0.10968584
0.955	  0.10890334
0.965	  0.10805341
0.975	  0.107140034
0.985	  0.10616714
0.995	  0.10513861
1.005	  0.10405823
1.015	  0.102929726
1.025	  0.101756744
1.035	  0.1005428
1.045	  0.099291354
1.055	  0.09800574
1.065	  0.09668919
1.075	  0.09534483
1.085	  0.09397566
1.095	  0.0925846
1.105	  0.09117443
1.115	  0.089747824
1.125	  0.088307336
1.135	  0.08685541
1.145	  0.08539439
1.155	  0.083926484
1.165	  0.08245381
1.175	  0.08097837
1.185	  0.07950206
1.195	  0.078026675
1.205	  0.0765539
1.215	  0.07508534
1.225	  0.07362247
1.235	  0.07216672
1.245	  0.07071937
1.255	  0.06928167
1.265	  0.06785474
1.275	  0.06643964
1.285	  0.06503736
1.295	  0.0636488
1.305	  0.062274773
1.315	  0.060916055
1.325	  0.059573337
1.335	  0.058247242
1.345	  0.056938343
1.355	  0.05564715
1.365	  0.054374114
1.375	  0.05311964
1.385	  0.05188408
1.395	  0.050667737
1.405	  0.04947087
1.415	  0.048293702
1.425	  0.047136404
1.435	  0.04599912
1.445	  0.044881947
1.455	  0.043784965
1.465	  0.042708203
1.475	  0.041651677
1.485	  0.040615365
1.495	  0.039599225
1.505	  0.038603194
1.515	  0.03762717
1.525	  0.036671057
1.535	  0.035734717
1.545	  0.034818
1.555	  0.03392075
1.565	  0.033042785
1.575	  0.03218391
1.585	  0.031343922
1.595	  0.030522607
1.605	  0.029719736
1.615	  0.028935075
1.625	  0.028168378
1.635	  0.027419394
1.645	  0.026687868
1.655	  0.025973532
1.665	  0.025276123
1.675	  0.024595365
1.685	  0.023930982
1.695	  0.023282696
1.705	  0.022650225
1.715	  0.022033287
1.725	  0.021431597
1.735	  0.020844871
1.745	  0.020272825
1.755	  0.019715171
1.765	  0.01917163
1.775	  0.018641911
1.785	  0.018125739
1.795	  0.017622828
1.805	  0.017132906
1.815	  0.016655691
1.825	  0.01619091
1.835	  0.015738294
1.845	  0.01529757
1.855	  0.014868476
1.865	  0.014450748
1.875	  0.014044127
1.885	  0.013648358
1.895	  0.013263187
1.905	  0.012888367
1.915	  0.012523652
1.925	  0.0121688
1.935	  0.011823576
1.945	  0.011487746
1.955	  0.01116108
1.965	  0.010843352
1.975	  0.010534343
1.985	  0.010233834
1.995	  0.009941613
2.005	  0.009657471
2.015	  0.009381203
2.025	  0.009112607
2.035	  0.008851487
2.045	  0.0085976515
2.055	  0.00835091
2.065	  0.008111078
2.075	  0.007877977
2.085	  0.0076514278
2.095	  0.007431258
2.105	  0.007217299
2.115	  0.007009386
2.125	  0.0068073566
2.135	  0.006611054
2.145	  0.006420323
2.155	  0.006235014
2.165	  0.0060549807
2.175	  0.0058800788
2.185	  0.0057101683
2.195	  0.0055451132
2.205	  0.0053847805
2.215	  0.0052290396
2.225	  0.0050777644
2.235	  0.0049308315
2.245	  0.0047881203
2.255	  0.0046495134
2.265	  0.0045148963
2.275	  0.004384158
2.285	  0.00425719
2.295	  0.004133886
2.305	  0.0040141437
2.315	  0.003897862
2.325	  0.003784944
2.335	  0.0036752943
2.345	  0.0035688202
2.355	  0.003465432
2.365	  0.0033650415
2.375	  0.0032675639
2.385	  0.0031729157
2.395	  0.0030810162
2.405	  0.0029917872
2.415	  0.0029051518
2.425	  0.0028210357
2.435	  0.0027393668
2.445	  0.0026600745
2.455	  0.0025830904
2.465	  0.0025083483
2.475	  0.0024357834
2.485	  0.0023653326
2.495	  0.0022969348
2.505	  0.002230531
2.515	  0.002166063
2.525	  0.002103475
2.535	  0.0020427122
2.545	  0.0019837217
2.555	  0.0019264522
2.565	  0.0018708534
2.575	  0.0018168766
2.585	  0.0017644748
2.595	  0.0017136019
2.605	  0.0016642134
2.615	  0.001616266
2.625	  0.0015697175
2.635	  0.0015245273
2.645	  0.0014806555
2.655	  0.0014380636
2.665	  0.001396714
2.675	  0.0013565706
2.685	  0.0013175979
2.695	  0.0012797618
2.705	  0.0012430288
2.715	  0.0012073666
2.725	  0.0011727439
2.735	  0.0011391301
2.745	  0.0011064956
2.755	  0.0010748119
2.765	  0.0010440508
2.775	  0.0010141854
2.785	  9.851892E-4
2.795	  9.57037E-4
2.805	  9.2970376E-4
2.815	  9.031655E-4
2.825	  8.773989E-4
2.835	  8.523812E-4
2.845	  8.2809053E-4
2.855	  8.045054E-4
2.865	  7.816052E-4
2.875	  7.5936975E-4
2.885	  7.377795E-4
2.895	  7.168155E-4
2.905	  6.9645944E-4
2.915	  6.7669334E-4
2.925	  6.575E-4
2.935	  6.3886243E-4
2.945	  6.207645E-4
2.955	  6.031902E-4
2.965	  5.8612425E-4
2.975	  5.695517E-4
2.985	  5.534581E-4
2.995	  5.3782936E-4
3.005	  5.226519E-4
3.015	  5.0791237E-4
3.025	  4.93598E-4
3.035	  4.7969632E-4
3.045	  4.6619526E-4
3.055	  4.5308302E-4
3.065	  4.4034826E-4
3.075	  4.279799E-4
3.085	  4.159672E-4
3.095	  4.0429976E-4
3.105	  3.929675E-4
3.115	  3.8196056E-4
3.125	  3.7126947E-4
3.135	  3.60885E-4
3.145	  3.5079816E-4
3.155	  3.4100027E-4
3.165	  3.3148288E-4
3.175	  3.222378E-4
3.185	  3.1325713E-4
3.195	  3.045331E-4
3.205	  2.9605828E-4
3.215	  2.8782536E-4
3.225	  2.7982728E-4
3.235	  2.7205725E-4
3.245	  2.645086E-4
3.255	  2.571749E-4
3.265	  2.5004987E-4
3.275	  2.431275E-4
3.285	  2.3640186E-4
3.295	  2.2986725E-4
3.305	  2.2351812E-4
3.315	  2.1734908E-4
3.325	  2.1135491E-4
3.335	  2.0553057E-4
3.345	  1.998711E-4
3.355	  1.9437174E-4
3.365	  1.8902785E-4
3.375	  1.8383496E-4
3.385	  1.7878867E-4
3.395	  1.7388476E-4
3.405	  1.6911911E-4
3.415	  1.6448775E-4
3.425	  1.5998678E-4
3.435	  1.5561246E-4
3.445	  1.5136112E-4
3.455	  1.4722924E-4
3.465	  1.4321336E-4
3.475	  1.3931016E-4
3.485	  1.355164E-4
3.495	  1.3182891E-4
3.505	  1.2824468E-4
3.515	  1.2476071E-4
3.525	  1.2137415E-4
3.535	  1.18082186E-4
3.545	  1.14882125E-4
3.555	  1.11771325E-4
3.565	  1.0874724E-4
3.575	  1.0580738E-4
3.585	  1.0294936E-4
3.595	  1.00170815E-4
3.605	  9.746949E-5
3.615	  9.484319E-5
3.625	  9.228977E-5
3.635	  8.980715E-5
3.645	  8.739332E-5
3.655	  8.504632E-5
3.665	  8.276425E-5
3.675	  8.0545266E-5
3.685	  7.838758E-5
3.695	  7.628945E-5
3.705	  7.424919E-5
3.715	  7.226516E-5
3.725	  7.0335765E-5
3.735	  6.845946E-5
3.745	  6.663475E-5
3.755	  6.486016E-5
3.765	  6.313431E-5
3.775	  6.145578E-5
3.785	  5.982327E-5
3.795	  5.8235466E-5
3.805	  5.669112E-5
3.815	  5.5188997E-5
3.825	  5.3727923E-5
3.835	  5.2306736E-5
3.845	  5.092432E-5
3.855	  4.9579583E-5
3.865	  4.827147E-5
3.875	  4.6998965E-5
3.885	  4.576106E-5
3.895	  4.4556786E-5
3.905	  4.338521E-5
3.915	  4.2245414E-5
3.925	  4.1136514E-5
3.935	  4.0057646E-5
3.945	  3.9007977E-5
3.955	  3.7986687E-5
3.965	  3.6992995E-5
3.975	  3.6026126E-5
3.985	  3.5085333E-5
3.995	  3.41699E-5
4.005	  3.327912E-5



DATASET #3

     Name: BPT Fit
   Points: 401
     Info: Mean = 100.0, Aperiodicity = 0.5, Duration = 30.0, Delta T = 1.0, Num Points = 500, Historic Open Interval = 0.0
Computed mean = 0.9951511

Data[x,y]:
0.0	  0.0
0.01	  0.0
0.02	  0.0
0.03	  0.0
0.04	  7.774914E-34
0.05	  1.4473123E-26
0.06	  9.556015E-22
0.07	  2.5296474E-18
0.08	  9.009974E-16
0.09	  8.451718E-14
0.1	  3.1222529E-12
0.11	  5.865795E-11
0.12	  6.6440536E-10
0.13	  5.1036406E-9
0.14	  2.8914009E-8
0.15	  1.2846972E-7
0.16	  4.6874842E-7
0.17	  1.4547323E-6
0.18	  3.946207E-6
0.19	  9.560283E-6
0.2	  2.1043452E-5
0.21	  4.2672647E-5
0.22	  8.062979E-5
0.23	  1.4329098E-4
0.24	  2.4137982E-4
0.25	  3.8795214E-4
0.26	  5.9820025E-4
0.27	  8.8908727E-4
0.28	  0.001278839
0.29	  0.0017863332
0.3	  0.0024304315
0.31	  0.0032293012
0.32	  0.0041997656
0.33	  0.0053567216
0.34	  0.0067126453
0.35	  0.008277205
0.36	  0.010056991
0.37	  0.012055359
0.38	  0.01427238
0.39	  0.016704896
0.4	  0.019346656
0.41	  0.022188531
0.42	  0.025218774
0.43	  0.028423326
0.44	  0.031786162
0.45	  0.035289623
0.46	  0.038914777
0.47	  0.042641763
0.48	  0.046450112
0.49	  0.050319068
0.5	  0.054227863
0.51	  0.05815598
0.52	  0.062083386
0.53	  0.065990716
0.54	  0.06985945
0.55	  0.07367206
0.56	  0.07741211
0.57	  0.081064336
0.58	  0.084614724
0.59	  0.08805054
0.6	  0.09136033
0.61	  0.09453399
0.62	  0.097562656
0.63	  0.100438766
0.64	  0.10315597
0.65	  0.1057091
0.66	  0.108094126
0.67	  0.11030809
0.68	  0.11234904
0.69	  0.11421597
0.7	  0.11590875
0.71	  0.117428064
0.72	  0.11877534
0.73	  0.11995266
0.74	  0.12096273
0.75	  0.121808805
0.76	  0.122494616
0.77	  0.12302431
0.78	  0.12340241
0.79	  0.12363374
0.8	  0.1237234
0.81	  0.12367672
0.82	  0.123499155
0.83	  0.12319633
0.84	  0.12277397
0.85	  0.12223783
0.86	  0.12159371
0.87	  0.120847404
0.88	  0.12000469
0.89	  0.11907129
0.9	  0.11805286
0.91	  0.11695496
0.92	  0.11578305
0.93	  0.114542484
0.94	  0.11323846
0.95	  0.11187607
0.96	  0.11046023
0.97	  0.108995706
0.98	  0.10748712
0.99	  0.1059389
1.0	  0.10435533
1.01	  0.102740504
1.02	  0.101098366
1.03	  0.09943267
1.04	  0.097747006
1.05	  0.09604479
1.06	  0.094329275
1.07	  0.09260354
1.08	  0.09087051
1.09	  0.089132935
1.1	  0.08739343
1.11	  0.08565444
1.12	  0.083918266
1.13	  0.08218707
1.14	  0.08046287
1.15	  0.078747556
1.16	  0.07704287
1.17	  0.07535044
1.18	  0.07367178
1.19	  0.072008274
1.2	  0.070361204
1.21	  0.06873174
1.22	  0.06712096
1.23	  0.06552984
1.24	  0.06395924
1.25	  0.062409975
1.26	  0.060882747
1.27	  0.059378184
1.28	  0.05789684
1.29	  0.0564392
1.3	  0.055005677
1.31	  0.053596627
1.32	  0.05221234
1.33	  0.050853048
1.34	  0.04951894
1.35	  0.048210144
1.36	  0.046926748
1.37	  0.045668796
1.38	  0.044436287
1.39	  0.04322919
1.4	  0.04204743
1.41	  0.040890906
1.42	  0.039759483
1.43	  0.038653005
1.44	  0.03757128
1.45	  0.036514103
1.46	  0.035481237
1.47	  0.034472432
1.48	  0.033487417
1.49	  0.03252591
1.5	  0.03158761
1.51	  0.0306722
1.52	  0.02977936
1.53	  0.028908752
1.54	  0.028060032
1.55	  0.02723285
1.56	  0.026426844
1.57	  0.025641652
1.58	  0.024876904
1.59	  0.024132226
1.6	  0.023407243
1.61	  0.022701578
1.62	  0.02201485
1.63	  0.02134668
1.64	  0.020696687
1.65	  0.020064492
1.66	  0.019449716
1.67	  0.018851982
1.68	  0.018270915
1.69	  0.017706145
1.7	  0.0171573
1.71	  0.016624015
1.72	  0.016105928
1.73	  0.015602679
1.74	  0.015113914
1.75	  0.0146392835
1.76	  0.014178443
1.77	  0.01373105
1.78	  0.01329677
1.79	  0.012875272
1.8	  0.012466231
1.81	  0.012069329
1.82	  0.011684249
1.83	  0.011310684
1.84	  0.010948329
1.85	  0.010596889
1.86	  0.010256071
1.87	  0.009925589
1.88	  0.009605163
1.89	  0.009294517
1.9	  0.008993385
1.91	  0.008701503
1.92	  0.008418613
1.93	  0.008144464
1.94	  0.007878809
1.95	  0.00762141
1.96	  0.0073720296
1.97	  0.0071304394
1.98	  0.0068964157
1.99	  0.00666974
2.0	  0.006450199
2.01	  0.0062375846
2.02	  0.0060316944
2.03	  0.00583233
2.04	  0.0056392993
2.05	  0.005452414
2.06	  0.005271492
2.07	  0.005096354
2.08	  0.0049268273
2.09	  0.0047627427
2.1	  0.0046039354
2.11	  0.004450246
2.12	  0.004301519
2.13	  0.0041576023
2.14	  0.004018349
2.15	  0.0038836158
2.16	  0.0037532635
2.17	  0.0036271566
2.18	  0.0035051638
2.19	  0.003387157
2.2	  0.0032730126
2.21	  0.0031626092
2.22	  0.00305583
2.23	  0.0029525612
2.24	  0.0028526923
2.25	  0.002756116
2.26	  0.002662728
2.27	  0.0025724275
2.28	  0.0024851162
2.29	  0.0024006993
2.3	  0.0023190838
2.31	  0.0022401805
2.32	  0.0021639026
2.33	  0.0020901656
2.34	  0.0020188878
2.35	  0.0019499899
2.36	  0.0018833951
2.37	  0.001819029
2.38	  0.0017568192
2.39	  0.0016966957
2.4	  0.0016385907
2.41	  0.0015824384
2.42	  0.0015281751
2.43	  0.0014757392
2.44	  0.0014250706
2.45	  0.0013761116
2.46	  0.0013288059
2.47	  0.0012830994
2.48	  0.0012389391
2.49	  0.0011962742
2.5	  0.0011550552
2.51	  0.0011152345
2.52	  0.0010767656
2.53	  0.0010396037
2.54	  0.0010037055
2.55	  9.69029E-4
2.56	  9.3553343E-4
2.57	  9.031795E-4
2.58	  8.7192917E-4
2.59	  8.417455E-4
2.6	  8.1259286E-4
2.61	  7.8443676E-4
2.62	  7.572438E-4
2.63	  7.3098164E-4
2.64	  7.0561905E-4
2.65	  6.8112573E-4
2.66	  6.574725E-4
2.67	  6.3463114E-4
2.68	  6.125741E-4
2.69	  5.91275E-4
2.7	  5.7070825E-4
2.71	  5.508491E-4
2.72	  5.316735E-4
2.73	  5.131584E-4
2.74	  4.9528136E-4
2.75	  4.780208E-4
2.76	  4.6135572E-4
2.77	  4.452659E-4
2.78	  4.297318E-4
2.79	  4.1473444E-4
2.8	  4.002556E-4
2.81	  3.862776E-4
2.82	  3.727833E-4
2.83	  3.5975626E-4
2.84	  3.4718044E-4
2.85	  3.3504047E-4
2.86	  3.233214E-4
2.87	  3.1200884E-4
2.88	  3.0108885E-4
2.89	  2.90548E-4
2.9	  2.8037324E-4
2.91	  2.7055203E-4
2.92	  2.6107221E-4
2.93	  2.519221E-4
2.94	  2.4309028E-4
2.95	  2.3456584E-4
2.96	  2.263382E-4
2.97	  2.1839714E-4
2.98	  2.1073276E-4
2.99	  2.0333553E-4
3.0	  1.9619623E-4
3.01	  1.8930595E-4
3.02	  1.826561E-4
3.03	  1.7623836E-4
3.04	  1.700447E-4
3.05	  1.6406739E-4
3.06	  1.582989E-4
3.07	  1.5273204E-4
3.08	  1.4735981E-4
3.09	  1.4217547E-4
3.1	  1.3717248E-4
3.11	  1.3234458E-4
3.12	  1.2768566E-4
3.13	  1.2318988E-4
3.14	  1.1885156E-4
3.15	  1.1466523E-4
3.16	  1.1062561E-4
3.17	  1.0672759E-4
3.18	  1.02966245E-4
3.19	  9.9336816E-5
3.2	  9.5834715E-5
3.21	  9.2455506E-5
3.22	  8.91949E-5
3.23	  8.604877E-5
3.24	  8.301312E-5
3.25	  8.008409E-5
3.26	  7.7257966E-5
3.27	  7.4531155E-5
3.28	  7.190019E-5
3.29	  6.936172E-5
3.3	  6.6912515E-5
3.31	  6.4549444E-5
3.32	  6.2269515E-5
3.33	  6.0069804E-5
3.34	  5.794751E-5
3.35	  5.589992E-5
3.36	  5.392442E-5
3.37	  5.201849E-5
3.38	  5.017969E-5
3.39	  4.840567E-5
3.4	  4.6694153E-5
3.41	  4.504295E-5
3.42	  4.344995E-5
3.43	  4.191311E-5
3.44	  4.0430456E-5
3.45	  3.900009E-5
3.46	  3.7620175E-5
3.47	  3.628894E-5
3.48	  3.5004672E-5
3.49	  3.376573E-5
3.5	  3.257051E-5
3.51	  3.1417483E-5
3.52	  3.0305166E-5
3.53	  2.9232122E-5
3.54	  2.8196975E-5
3.55	  2.7198388E-5
3.56	  2.6235079E-5
3.57	  2.5305802E-5
3.58	  2.4409363E-5
3.59	  2.3544602E-5
3.6	  2.2710406E-5
3.61	  2.1905698E-5
3.62	  2.1129441E-5
3.63	  2.038063E-5
3.64	  1.9658299E-5
3.65	  1.8961515E-5
3.66	  1.8289376E-5
3.67	  1.7641014E-5
3.68	  1.701559E-5
3.69	  1.6412298E-5
3.7	  1.5830352E-5
3.71	  1.5269003E-5
3.72	  1.4727521E-5
3.73	  1.4205209E-5
3.74	  1.3701386E-5
3.75	  1.3215402E-5
3.76	  1.27466255E-5
3.77	  1.229445E-5
3.78	  1.1858289E-5
3.79	  1.1437577E-5
3.8	  1.1031767E-5
3.81	  1.0640333E-5
3.82	  1.0262767E-5
3.83	  9.898579E-6
3.84	  9.547297E-6
3.85	  9.208463E-6
3.86	  8.881638E-6
3.87	  8.566396E-6
3.88	  8.262329E-6
3.89	  7.969041E-6
3.9	  7.68615E-6
3.91	  7.4132895E-6
3.92	  7.1501036E-6
3.93	  6.8962504E-6
3.94	  6.6513994E-6
3.95	  6.4152323E-6
3.96	  6.187441E-6
3.97	  5.96773E-6
3.98	  5.7558123E-6
3.99	  5.551412E-6
4.0	  5.354263E-6


