
X-Axis: Normalized Interevent Time
Y-Axis: Probability
Number of Data Sets: 3


DATASET #1

     Name: Bruce 3165 Histogram
   Points: 41
     Info: 

Data[x,y]:
0.05	  0.0093231695
0.15	  0.01044819
0.25	  0.013532332
0.35	  0.01782414
0.45	  0.024042808
0.55	  0.035398405
0.65	  0.05371025
0.75	  0.08698779
0.85	  0.1122747
0.95	  0.15794022
1.05	  0.15204969
1.15	  0.107375346
1.25	  0.07139513
1.35	  0.051315274
1.45	  0.034921687
1.55	  0.021031644
1.65	  0.013249465
1.75	  0.008566076
1.85	  0.0054494548
1.95	  0.0035546704
2.05	  0.0024191765
2.15	  0.0016647928
2.25	  0.001164824
2.35	  8.711555E-4
2.45	  6.5090414E-4
2.55	  5.0348404E-4
2.65	  3.8740807E-4
2.75	  3.1032923E-4
2.85	  2.5375595E-4
2.95	  1.9396035E-4
3.05	  1.5741657E-4
3.15	  1.3262684E-4
3.25	  1.0600627E-4
3.35	  9.242136E-5
3.45	  7.7115445E-5
3.55	  6.115042E-5
3.65	  5.3131294E-5
3.75	  4.8444315E-5
3.85	  4.0351955E-5
3.95	  3.907036E-5
4.05	  3.8202538E-4



DATASET #2

     Name: Log-Normal Fit
   Points: 401
     Info: 

Data[x,y]:
0.005	  0.0
0.015	  8.1316565E-26
0.025	  6.5313547E-21
0.035	  9.4432246E-18
0.045	  1.7462982E-15
0.055	  9.3819294E-14
0.065	  2.223542E-12
0.075	  2.9589522E-11
0.085	  2.5728134E-10
0.095	  1.6171758E-9
0.105	  7.884495E-9
0.115	  3.1370345E-8
0.125	  1.0576877E-7
0.135	  3.109675E-7
0.145	  8.1511655E-7
0.155	  1.9384781E-6
0.165	  4.2414295E-6
0.175	  8.6357395E-6
0.185	  1.6514483E-5
0.195	  2.9892413E-5
0.205	  5.1545925E-5
0.215	  8.514029E-5
0.225	  1.3533194E-4
0.235	  2.0783494E-4
0.245	  3.0944325E-4
0.255	  4.480037E-4
0.265	  6.3233817E-4
0.275	  8.721163E-4
0.285	  0.0011776846
0.295	  0.001559858
0.305	  0.0020296841
0.315	  0.00259819
0.325	  0.003276121
0.335	  0.004073683
0.345	  0.005000297
0.355	  0.0060643707
0.365	  0.0072731026
0.375	  0.008632312
0.385	  0.010146304
0.395	  0.011817777
0.405	  0.013647759
0.415	  0.01563559
0.425	  0.017778918
0.435	  0.020073768
0.445	  0.022514582
0.455	  0.025094336
0.465	  0.027804645
0.475	  0.0306359
0.485	  0.03357741
0.495	  0.03661755
0.505	  0.039743934
0.515	  0.042943556
0.525	  0.046202954
0.535	  0.049508374
0.545	  0.052845903
0.555	  0.056201626
0.565	  0.059561733
0.575	  0.06291266
0.585	  0.0662412
0.595	  0.06953456
0.605	  0.07278052
0.615	  0.07596742
0.625	  0.0790843
0.635	  0.08212089
0.645	  0.08506768
0.655	  0.08791594
0.665	  0.09065774
0.675	  0.09328597
0.685	  0.09579432
0.695	  0.0981773
0.705	  0.1004302
0.715	  0.10254909
0.725	  0.10453082
0.735	  0.10637293
0.745	  0.10807369
0.755	  0.109632015
0.765	  0.11104746
0.775	  0.11232016
0.785	  0.113450825
0.795	  0.11444065
0.805	  0.11529132
0.815	  0.11600495
0.825	  0.11658406
0.835	  0.117031515
0.845	  0.1173505
0.855	  0.11754448
0.865	  0.117617175
0.875	  0.11757252
0.885	  0.11741462
0.895	  0.11714775
0.905	  0.11677627
0.915	  0.11630467
0.925	  0.115737505
0.935	  0.11507936
0.945	  0.11433484
0.955	  0.113508575
0.965	  0.11260516
0.975	  0.11162917
0.985	  0.11058514
0.995	  0.10947751
1.005	  0.10831068
1.015	  0.10708895
1.025	  0.105816536
1.035	  0.10449753
1.045	  0.103135936
1.055	  0.10173564
1.065	  0.10030038
1.075	  0.09883381
1.085	  0.097339414
1.095	  0.09582058
1.105	  0.09428054
1.115	  0.09272241
1.125	  0.091149144
1.135	  0.08956359
1.145	  0.087968454
1.155	  0.0863663
1.165	  0.08475957
1.175	  0.08315058
1.185	  0.081541516
1.195	  0.07993444
1.205	  0.078331284
1.215	  0.07673389
1.225	  0.07514394
1.235	  0.07356305
1.245	  0.071992695
1.255	  0.07043428
1.265	  0.06888907
1.275	  0.06735825
1.285	  0.06584291
1.295	  0.06434407
1.305	  0.06286264
1.315	  0.061399445
1.325	  0.059955243
1.335	  0.058530718
1.345	  0.057126474
1.355	  0.055743054
1.365	  0.054380927
1.375	  0.053040512
1.385	  0.05172216
1.395	  0.050426178
1.405	  0.049152803
1.415	  0.04790224
1.425	  0.046674646
1.435	  0.045470122
1.445	  0.044288743
1.455	  0.043130536
1.465	  0.041995496
1.475	  0.040883586
1.485	  0.039794736
1.495	  0.038728848
1.505	  0.0376858
1.515	  0.03666544
1.525	  0.035667595
1.535	  0.034692075
1.545	  0.03373867
1.555	  0.032807145
1.565	  0.031897258
1.575	  0.031008752
1.585	  0.030141352
1.595	  0.029294772
1.605	  0.02846872
1.615	  0.027662894
1.625	  0.02687698
1.635	  0.026110658
1.645	  0.025363607
1.655	  0.024635496
1.665	  0.023925988
1.675	  0.02323475
1.685	  0.02256144
1.695	  0.021905717
1.705	  0.021267237
1.715	  0.020645658
1.725	  0.020040633
1.735	  0.019451825
1.745	  0.018878886
1.755	  0.01832148
1.765	  0.017779266
1.775	  0.01725191
1.785	  0.016739076
1.795	  0.016240433
1.805	  0.015755655
1.815	  0.015284419
1.825	  0.014826403
1.835	  0.014381292
1.845	  0.013948774
1.855	  0.013528541
1.865	  0.013120291
1.875	  0.012723724
1.885	  0.012338548
1.895	  0.011964474
1.905	  0.011601217
1.915	  0.0112485
1.925	  0.010906049
1.935	  0.010573595
1.945	  0.010250874
1.955	  0.009937629
1.965	  0.009633607
1.975	  0.00933856
1.985	  0.009052244
1.995	  0.008774424
2.005	  0.008504867
2.015	  0.008243344
2.025	  0.007989635
2.035	  0.007743522
2.045	  0.0075047933
2.055	  0.007273242
2.065	  0.007048665
2.075	  0.006830866
2.085	  0.006619652
2.095	  0.006414835
2.105	  0.006216232
2.115	  0.006023664
2.125	  0.0058369576
2.135	  0.005655942
2.145	  0.0054804524
2.155	  0.0053103277
2.165	  0.005145411
2.175	  0.004985549
2.185	  0.0048305937
2.195	  0.0046804
2.205	  0.0045348266
2.215	  0.0043937373
2.225	  0.0042569977
2.235	  0.0041244784
2.245	  0.0039960537
2.255	  0.0038716004
2.265	  0.0037509992
2.275	  0.0036341343
2.285	  0.0035208932
2.295	  0.003411166
2.305	  0.0033048466
2.315	  0.0032018311
2.325	  0.0031020197
2.335	  0.0030053146
2.345	  0.0029116208
2.355	  0.0028208464
2.365	  0.0027329023
2.375	  0.0026477014
2.385	  0.00256516
2.395	  0.0024851956
2.405	  0.0024077294
2.415	  0.0023326844
2.425	  0.0022599858
2.435	  0.002189561
2.445	  0.0021213398
2.455	  0.0020552538
2.465	  0.0019912368
2.475	  0.0019292248
2.485	  0.0018691553
2.495	  0.001810968
2.505	  0.0017546043
2.515	  0.0017000074
2.525	  0.0016471221
2.535	  0.001595895
2.545	  0.0015462745
2.555	  0.0014982101
2.565	  0.0014516534
2.575	  0.0014065572
2.585	  0.0013628755
2.595	  0.0013205642
2.605	  0.0012795802
2.615	  0.001239882
2.625	  0.0012014292
2.635	  0.0011641826
2.645	  0.0011281043
2.655	  0.0010931577
2.665	  0.0010593071
2.675	  0.0010265181
2.685	  9.947573E-4
2.695	  9.6399226E-4
2.705	  9.3419163E-4
2.715	  9.0532505E-4
2.725	  8.7736314E-4
2.735	  8.502773E-4
2.745	  8.2404003E-4
2.755	  7.986245E-4
2.765	  7.7400473E-4
2.775	  7.501557E-4
2.785	  7.2705315E-4
2.795	  7.046734E-4
2.805	  6.8299373E-4
2.815	  6.6199206E-4
2.825	  6.4164697E-4
2.835	  6.2193774E-4
2.845	  6.028443E-4
2.855	  5.843472E-4
2.865	  5.6642765E-4
2.875	  5.490674E-4
2.885	  5.322488E-4
2.895	  5.159548E-4
2.905	  5.0016877E-4
2.915	  4.8487476E-4
2.925	  4.7005722E-4
2.935	  4.557011E-4
2.945	  4.417919E-4
2.955	  4.2831546E-4
2.965	  4.1525817E-4
2.975	  4.026068E-4
2.985	  3.9034855E-4
2.995	  3.7847107E-4
3.005	  3.6696234E-4
3.015	  3.5581074E-4
3.025	  3.45005E-4
3.035	  3.345343E-4
3.045	  3.24388E-4
3.055	  3.1455597E-4
3.065	  3.0502828E-4
3.075	  2.9579538E-4
3.085	  2.86848E-4
3.095	  2.7817715E-4
3.105	  2.6977414E-4
3.115	  2.6163057E-4
3.125	  2.5373828E-4
3.135	  2.460894E-4
3.145	  2.3867625E-4
3.155	  2.3149147E-4
3.165	  2.2452792E-4
3.175	  2.1777862E-4
3.185	  2.1123688E-4
3.195	  2.0489619E-4
3.205	  1.9875028E-4
3.215	  1.9279301E-4
3.225	  1.8701852E-4
3.235	  1.8142107E-4
3.245	  1.7599514E-4
3.255	  1.7073538E-4
3.265	  1.6563658E-4
3.275	  1.6069371E-4
3.285	  1.5590194E-4
3.295	  1.5125652E-4
3.305	  1.4675292E-4
3.315	  1.4238672E-4
3.325	  1.3815361E-4
3.335	  1.3404948E-4
3.345	  1.3007032E-4
3.355	  1.2621221E-4
3.365	  1.2247142E-4
3.375	  1.18844306E-4
3.385	  1.15327326E-4
3.395	  1.1191706E-4
3.405	  1.0861022E-4
3.415	  1.0540359E-4
3.425	  1.0229406E-4
3.435	  9.927863E-5
3.445	  9.635439E-5
3.455	  9.351852E-5
3.465	  9.07683E-5
3.475	  8.810106E-5
3.485	  8.551426E-5
3.495	  8.3005405E-5
3.505	  8.057211E-5
3.515	  7.8212026E-5
3.525	  7.592291E-5
3.535	  7.370258E-5
3.545	  7.1548915E-5
3.555	  6.945987E-5
3.565	  6.743346E-5
3.575	  6.5467764E-5
3.585	  6.356092E-5
3.595	  6.1711115E-5
3.605	  5.9916605E-5
3.615	  5.8175705E-5
3.625	  5.648677E-5
3.635	  5.484821E-5
3.645	  5.3258485E-5
3.655	  5.171611E-5
3.665	  5.021963E-5
3.675	  4.8767655E-5
3.685	  4.7358822E-5
3.695	  4.599182E-5
3.705	  4.4665376E-5
3.715	  4.337826E-5
3.725	  4.2129268E-5
3.735	  4.0917246E-5
3.745	  3.9741077E-5
3.755	  3.859967E-5
3.765	  3.749197E-5
3.775	  3.6416954E-5
3.785	  3.537364E-5
3.795	  3.4361063E-5
3.805	  3.3378295E-5
3.815	  3.242444E-5
3.825	  3.149862E-5
3.835	  3.0599997E-5
3.845	  2.9727742E-5
3.855	  2.8881064E-5
3.865	  2.8059198E-5
3.875	  2.7261392E-5
3.885	  2.6486927E-5
3.895	  2.5735098E-5
3.905	  2.500523E-5
3.915	  2.4296663E-5
3.925	  2.3608758E-5
3.935	  2.2940898E-5
3.945	  2.2292481E-5
3.955	  2.1662927E-5
3.965	  2.1051674E-5
3.975	  2.0458174E-5
3.985	  1.9881896E-5
3.995	  1.932233E-5
4.005	  1.8778976E-5



DATASET #3

     Name: BPT Fit
   Points: 401
     Info: Mean = 100.0, Aperiodicity = 0.5, Duration = 30.0, Delta T = 1.0, Num Points = 500, Historic Open Interval = 0.0
Computed mean = 0.9904006

Data[x,y]:
0.0	  0.0
0.01	  0.0
0.02	  0.0
0.03	  0.0
0.04	  1.6261905E-36
0.05	  1.1701807E-28
0.06	  1.9010593E-23
0.07	  9.56534E-20
0.08	  5.5108536E-17
0.09	  7.509034E-15
0.1	  3.7372593E-13
0.11	  8.955252E-12
0.12	  1.2416945E-10
0.13	  1.1312878E-9
0.14	  7.415376E-9
0.15	  3.737093E-8
0.16	  1.5218595E-7
0.17	  5.201747E-7
0.18	  1.5369824E-6
0.19	  4.018217E-6
0.2	  9.46916E-6
0.21	  2.0418587E-5
0.22	  4.078546E-5
0.23	  7.623367E-5
0.24	  1.3446478E-4
0.25	  2.2540281E-4
0.26	  3.61237E-4
0.27	  5.563051E-4
0.28	  8.268179E-4
0.29	  0.0011904412
0.3	  0.0016657658
0.31	  0.0022717013
0.32	  0.0030268356
0.33	  0.0039487965
0.34	  0.005053655
0.35	  0.0063553913
0.36	  0.007865455
0.37	  0.009592418
0.38	  0.011541743
0.39	  0.013715653
0.4	  0.016113104
0.41	  0.018729853
0.42	  0.021558596
0.43	  0.024589188
0.44	  0.027808905
0.45	  0.031202745
0.46	  0.034753766
0.47	  0.038443416
0.48	  0.042251904
0.49	  0.04615851
0.5	  0.05014195
0.51	  0.05418065
0.52	  0.058253065
0.53	  0.062337916
0.54	  0.06641444
0.55	  0.07046257
0.56	  0.07446314
0.57	  0.07839798
0.58	  0.08225011
0.59	  0.08600374
0.6	  0.089644395
0.61	  0.093158945
0.62	  0.09653562
0.63	  0.09976401
0.64	  0.10283508
0.65	  0.105741106
0.66	  0.108475685
0.67	  0.11103364
0.68	  0.113411
0.69	  0.11560494
0.7	  0.11761367
0.71	  0.11943645
0.72	  0.12107343
0.73	  0.12252564
0.74	  0.123794876
0.75	  0.124883674
0.76	  0.12579519
0.77	  0.12653318
0.78	  0.12710187
0.79	  0.12750597
0.8	  0.12775058
0.81	  0.12784109
0.82	  0.12778318
0.83	  0.12758274
0.84	  0.12724589
0.85	  0.12677881
0.86	  0.1261878
0.87	  0.12547922
0.88	  0.12465944
0.89	  0.12373482
0.9	  0.122711666
0.91	  0.121596254
0.92	  0.120394744
0.93	  0.119113185
0.94	  0.11775753
0.95	  0.11633356
0.96	  0.11484693
0.97	  0.113303125
0.98	  0.11170745
0.99	  0.11006504
1.0	  0.10838084
1.01	  0.10665961
1.02	  0.10490592
1.03	  0.10312414
1.04	  0.10131845
1.05	  0.099492826
1.06	  0.097651064
1.07	  0.09579677
1.08	  0.09393335
1.09	  0.09206402
1.1	  0.09019183
1.11	  0.088319644
1.12	  0.086450145
1.13	  0.08458586
1.14	  0.08272914
1.15	  0.080882184
1.16	  0.07904703
1.17	  0.07722558
1.18	  0.07541958
1.19	  0.07363064
1.2	  0.07186025
1.21	  0.070109755
1.22	  0.06838039
1.23	  0.066673286
1.24	  0.06498944
1.25	  0.06332977
1.26	  0.06169507
1.27	  0.060086053
1.28	  0.05850334
1.29	  0.056947477
1.3	  0.05541892
1.31	  0.053918045
1.32	  0.05244517
1.33	  0.05100054
1.34	  0.04958434
1.35	  0.048196696
1.36	  0.04683768
1.37	  0.04550731
1.38	  0.044205565
1.39	  0.042932373
1.4	  0.04168762
1.41	  0.04047116
1.42	  0.039282806
1.43	  0.03812235
1.44	  0.036989544
1.45	  0.03588412
1.46	  0.034805782
1.47	  0.03375421
1.48	  0.032729074
1.49	  0.03173001
1.5	  0.03075666
1.51	  0.029808627
1.52	  0.028885521
1.53	  0.027986933
1.54	  0.027112443
1.55	  0.02626163
1.56	  0.025434056
1.57	  0.02462929
1.58	  0.023846887
1.59	  0.023086403
1.6	  0.022347389
1.61	  0.0216294
1.62	  0.020931985
1.63	  0.020254698
1.64	  0.019597087
1.65	  0.01895871
1.66	  0.018339125
1.67	  0.017737888
1.68	  0.017154565
1.69	  0.016588723
1.7	  0.016039934
1.71	  0.015507772
1.72	  0.014991821
1.73	  0.014491667
1.74	  0.014006902
1.75	  0.0135371275
1.76	  0.0130819455
1.77	  0.012640969
1.78	  0.012213815
1.79	  0.011800108
1.8	  0.01139948
1.81	  0.011011569
1.82	  0.01063602
1.83	  0.010272486
1.84	  0.009920627
1.85	  0.009580107
1.86	  0.009250603
1.87	  0.008931793
1.88	  0.008623367
1.89	  0.00832502
1.9	  0.008036452
1.91	  0.0077573746
1.92	  0.007487502
1.93	  0.0072265584
1.94	  0.006974273
1.95	  0.0067303823
1.96	  0.00649463
1.97	  0.0062667658
1.98	  0.006046545
1.99	  0.005833732
2.0	  0.0056280945
2.01	  0.005429408
2.02	  0.005237454
2.03	  0.0050520194
2.04	  0.004872897
2.05	  0.0046998863
2.06	  0.004532791
2.07	  0.0043714223
2.08	  0.004215595
2.09	  0.004065129
2.1	  0.0039198515
2.11	  0.003779593
2.12	  0.0036441893
2.13	  0.0035134812
2.14	  0.0033873147
2.15	  0.0032655394
2.16	  0.0031480102
2.17	  0.003034586
2.18	  0.0029251305
2.19	  0.0028195109
2.2	  0.002717599
2.21	  0.00261927
2.22	  0.0025244036
2.23	  0.002432883
2.24	  0.002344595
2.25	  0.00225943
2.26	  0.002177282
2.27	  0.0020980479
2.28	  0.0020216284
2.29	  0.0019479274
2.3	  0.0018768514
2.31	  0.0018083104
2.32	  0.0017422171
2.33	  0.0016784868
2.34	  0.0016170382
2.35	  0.001557792
2.36	  0.0015006718
2.37	  0.0014456039
2.38	  0.0013925165
2.39	  0.0013413408
2.4	  0.0012920098
2.41	  0.0012444591
2.42	  0.0011986261
2.43	  0.0011544505
2.44	  0.001111874
2.45	  0.0010708403
2.46	  0.0010312949
2.47	  9.931852E-4
2.48	  9.564605E-4
2.49	  9.2107157E-4
2.5	  8.86971E-4
2.51	  8.5411314E-4
2.52	  8.2245364E-4
2.53	  7.919498E-4
2.54	  7.625604E-4
2.55	  7.342457E-4
2.56	  7.069671E-4
2.57	  6.806876E-4
2.58	  6.553713E-4
2.59	  6.309837E-4
2.6	  6.074913E-4
2.61	  5.84862E-4
2.62	  5.6306465E-4
2.63	  5.4206926E-4
2.64	  5.218469E-4
2.65	  5.0236954E-4
2.66	  4.8361032E-4
2.67	  4.655432E-4
2.68	  4.4814308E-4
2.69	  4.3138576E-4
2.7	  4.152479E-4
2.71	  3.9970697E-4
2.72	  3.8474126E-4
2.73	  3.703298E-4
2.74	  3.564524E-4
2.75	  3.4308954E-4
2.76	  3.3022248E-4
2.77	  3.1783307E-4
2.78	  3.0590384E-4
2.79	  2.9441796E-4
2.8	  2.8335914E-4
2.81	  2.7271177E-4
2.82	  2.624607E-4
2.83	  2.5259145E-4
2.84	  2.430899E-4
2.85	  2.339426E-4
2.86	  2.2513648E-4
2.87	  2.1665895E-4
2.88	  2.0849795E-4
2.89	  2.0064178E-4
2.9	  1.9307918E-4
2.91	  1.857993E-4
2.92	  1.7879174E-4
2.93	  1.7204639E-4
2.94	  1.6555355E-4
2.95	  1.5930388E-4
2.96	  1.5328836E-4
2.97	  1.4749833E-4
2.98	  1.4192541E-4
2.99	  1.3656155E-4
3.0	  1.3139898E-4
3.01	  1.2643023E-4
3.02	  1.21648074E-4
3.03	  1.170456E-4
3.04	  1.126161E-4
3.05	  1.08353146E-4
3.06	  1.0425053E-4
3.07	  1.0030227E-4
3.08	  9.650262E-5
3.09	  9.284602E-5
3.1	  8.932715E-5
3.11	  8.5940854E-5
3.12	  8.268218E-5
3.13	  7.954636E-5
3.14	  7.652879E-5
3.15	  7.3625066E-5
3.16	  7.083091E-5
3.17	  6.814222E-5
3.18	  6.5555054E-5
3.19	  6.30656E-5
3.2	  6.0670198E-5
3.21	  5.836532E-5
3.22	  5.6147568E-5
3.23	  5.401367E-5
3.24	  5.1960484E-5
3.25	  4.998497E-5
3.26	  4.8084214E-5
3.27	  4.62554E-5
3.28	  4.449583E-5
3.29	  4.2802898E-5
3.3	  4.117409E-5
3.31	  3.9606995E-5
3.32	  3.8099293E-5
3.33	  3.664874E-5
3.34	  3.525319E-5
3.35	  3.391056E-5
3.36	  3.2618864E-5
3.37	  3.1376174E-5
3.38	  3.0180643E-5
3.39	  2.903049E-5
3.4	  2.7924007E-5
3.41	  2.6859538E-5
3.42	  2.58355E-5
3.43	  2.4850364E-5
3.44	  2.390266E-5
3.45	  2.2990971E-5
3.46	  2.2113938E-5
3.47	  2.1270247E-5
3.48	  2.0458638E-5
3.49	  1.9677896E-5
3.5	  1.8926854E-5
3.51	  1.8204386E-5
3.52	  1.750941E-5
3.53	  1.6840882E-5
3.54	  1.6197806E-5
3.55	  1.557921E-5
3.56	  1.4984171E-5
3.57	  1.4411793E-5
3.58	  1.3861218E-5
3.59	  1.3331617E-5
3.6	  1.2822196E-5
3.61	  1.2332189E-5
3.62	  1.1860857E-5
3.63	  1.1407493E-5
3.64	  1.0971413E-5
3.65	  1.0551961E-5
3.66	  1.0148506E-5
3.67	  9.760439E-6
3.68	  9.387175E-6
3.69	  9.028153E-6
3.7	  8.6828295E-6
3.71	  8.350684E-6
3.72	  8.031216E-6
3.73	  7.723942E-6
3.74	  7.428399E-6
3.75	  7.14414E-6
3.76	  6.870736E-6
3.77	  6.6077732E-6
3.78	  6.354854E-6
3.79	  6.1115966E-6
3.8	  5.8776322E-6
3.81	  5.6526073E-6
3.82	  5.436181E-6
3.83	  5.228025E-6
3.84	  5.027826E-6
3.85	  4.8352786E-6
3.86	  4.650092E-6
3.87	  4.4719854E-6
3.88	  4.300689E-6
3.89	  4.135943E-6
3.9	  3.9774973E-6
3.91	  3.825112E-6
3.92	  3.6785552E-6
3.93	  3.5376047E-6
3.94	  3.4020468E-6
3.95	  3.2716755E-6
3.96	  3.1462926E-6
3.97	  3.0257079E-6
3.98	  2.909738E-6
3.99	  2.7982069E-6
4.0	  2.6909447E-6


