
X-Axis: Normalized Distance Along Strike
Y-Axis: Hypocenter Density
Number of Data Sets: 4


DATASET #1

     Name: 
   Points: 31
     Info: 

Data[x,y]:
0.05	  0.057788946
0.15	  0.07537688
0.25	  0.022613065
0.35	  0.010050251
0.45	  0.020100502
0.55	  0.072864324
0.65	  0.032663316
0.75	  0.042713568
0.85	  0.047738694
0.95	  0.025125628
1.05	  0.055276383
1.15	  0.027638191
1.25	  0.0075376886
1.35	  0.0025125628
1.45	  0.0
1.55	  0.0
1.65	  0.0025125628
1.75	  0.0075376886
1.85	  0.027638191
1.95	  0.055276383
2.05	  0.025125628
2.15	  0.047738694
2.25	  0.042713568
2.35	  0.032663316
2.45	  0.072864324
2.55	  0.020100502
2.65	  0.010050251
2.75	  0.022613065
2.85	  0.07537688
2.95	  0.057788946
3.05	  0.0



DATASET #2

     Name: 
   Points: 31
     Info: 

Data[x,y]:
0.05	  0.0
0.15	  0.0
0.25	  0.0
0.35	  0.0
0.45	  0.0
0.55	  0.0
0.65	  0.0
0.75	  0.0
0.85	  0.0
0.95	  0.0
1.05	  0.0050251256
1.15	  0.012562814
1.25	  0.0050251256
1.35	  0.0
1.45	  0.0
1.55	  0.0
1.65	  0.0
1.75	  0.0050251256
1.85	  0.012562814
1.95	  0.0050251256
2.05	  0.0
2.15	  0.0
2.25	  0.0
2.35	  0.0
2.45	  0.0
2.55	  0.0
2.65	  0.0
2.75	  0.0
2.85	  0.0
2.95	  0.0
3.05	  0.0



DATASET #3

Name: 
Num Points: 4
Info: 

X, Y Data:
0.021	  0.0010552764
0.021	  0.10447236
2.979	  0.10447236
2.979	  0.0010552764



DATASET #4

Name: 
Num Points: 4
Info: 

X, Y Data:
1.0	  0.0010552764
1.0	  0.0939196
2.0	  0.0939196
2.0	  0.0010552764


