
X-Axis: Normalized Distance Along Strike
Y-Axis: Hypocenter Density
Number of Data Sets: 4


DATASET #1

     Name: 
   Points: 31
     Info: 

Data[x,y]:
0.05	  0.0
0.15	  0.018181818
0.25	  0.018181818
0.35	  0.027272727
0.45	  0.009090909
0.55	  0.018181818
0.65	  0.045454547
0.75	  0.045454547
0.85	  0.06363636
0.95	  0.07272727
1.05	  0.027272727
1.15	  0.054545455
1.25	  0.027272727
1.35	  0.045454547
1.45	  0.027272727
1.55	  0.027272727
1.65	  0.045454547
1.75	  0.027272727
1.85	  0.054545455
1.95	  0.027272727
2.05	  0.07272727
2.15	  0.06363636
2.25	  0.045454547
2.35	  0.045454547
2.45	  0.018181818
2.55	  0.009090909
2.65	  0.027272727
2.75	  0.018181818
2.85	  0.018181818
2.95	  0.0
3.05	  0.0



DATASET #2

     Name: 
   Points: 31
     Info: 

Data[x,y]:
0.05	  0.0
0.15	  0.0
0.25	  0.0
0.35	  0.0
0.45	  0.0
0.55	  0.0
0.65	  0.0
0.75	  0.0
0.85	  0.0
0.95	  0.0
1.05	  0.0
1.15	  0.0
1.25	  0.0
1.35	  0.0
1.45	  0.0
1.55	  0.0
1.65	  0.0
1.75	  0.0
1.85	  0.0
1.95	  0.0
2.05	  0.0
2.15	  0.0
2.25	  0.0
2.35	  0.0
2.45	  0.0
2.55	  0.0
2.65	  0.0
2.75	  0.0
2.85	  0.0
2.95	  0.0
3.05	  0.0



DATASET #3

Name: 
Num Points: 4
Info: 

X, Y Data:
0.021	  0.0010181818
0.021	  0.1008
2.979	  0.1008
2.979	  0.0010181818



DATASET #4

Name: 
Num Points: 4
Info: 

X, Y Data:
1.0	  0.0010181818
1.0	  0.09061818
2.0	  0.09061818
2.0	  0.0010181818


