
X-Axis: Normalized Interevent Time
Y-Axis: Probability
Number of Data Sets: 3


DATASET #1

     Name: Bruce 2622 Histogram
   Points: 41
     Info: 

Data[x,y]:
0.05	  0.074986175
0.15	  0.044247374
0.25	  0.045325432
0.35	  0.045184817
0.45	  0.04624413
0.55	  0.045859776
0.65	  0.04727532
0.75	  0.04863461
0.85	  0.049628302
0.95	  0.058974624
1.05	  0.06812408
1.15	  0.06460866
1.25	  0.05786844
1.35	  0.05430615
1.45	  0.04873773
1.55	  0.040853824
1.65	  0.03208872
1.75	  0.025310997
1.85	  0.01854265
1.95	  0.016002174
2.05	  0.013114846
2.15	  0.010818108
2.25	  0.009702549
2.35	  0.0071714493
2.45	  0.0055684196
2.55	  0.0043872395
2.65	  0.0035810373
2.75	  0.0025685974
2.85	  0.0022311176
2.95	  0.0018373909
3.05	  0.001481162
3.15	  9.5619325E-4
3.25	  9.843166E-4
3.35	  6.1871327E-4
3.45	  4.4997327E-4
3.55	  3.4685442E-4
3.65	  2.4373553E-4
3.75	  2.0623776E-4
3.85	  1.8748887E-4
3.95	  2.0623776E-4
4.05	  5.343433E-4



DATASET #2

     Name: Log-Normal Fit
   Points: 401
     Info: 

Data[x,y]:
0.005	  5.939693E-12
0.015	  7.855856E-9
0.025	  3.0576487E-7
0.035	  3.0903757E-6
0.045	  1.5571568E-5
0.055	  5.1990308E-5
0.065	  1.330438E-4
0.075	  2.8342986E-4
0.085	  5.288177E-4
0.095	  8.931602E-4
0.105	  0.0013967498
0.115	  0.002055074
0.125	  0.002878357
0.135	  0.0038716104
0.145	  0.005035032
0.155	  0.006364601
0.165	  0.007852774
0.175	  0.009489192
0.185	  0.011261365
0.195	  0.013155296
0.205	  0.015156024
0.215	  0.017248096
0.225	  0.019415954
0.235	  0.021644248
0.245	  0.023918089
0.255	  0.026223233
0.265	  0.028546229
0.275	  0.030874502
0.285	  0.033196423
0.295	  0.03550134
0.305	  0.037779577
0.315	  0.04002244
0.325	  0.04222218
0.335	  0.04437196
0.345	  0.04646581
0.355	  0.048498597
0.365	  0.05046595
0.375	  0.05236421
0.385	  0.054190397
0.395	  0.055942137
0.405	  0.05761761
0.415	  0.059215512
0.425	  0.060735002
0.435	  0.062175646
0.445	  0.0635374
0.455	  0.06482052
0.465	  0.06602559
0.475	  0.06715345
0.485	  0.06820513
0.495	  0.06918191
0.505	  0.070085205
0.515	  0.07091657
0.525	  0.071677715
0.535	  0.07237042
0.545	  0.07299656
0.555	  0.07355808
0.565	  0.07405696
0.575	  0.07449523
0.585	  0.07487495
0.595	  0.07519817
0.605	  0.075466976
0.615	  0.075683415
0.625	  0.07584955
0.635	  0.0759674
0.645	  0.07603899
0.655	  0.076066285
0.665	  0.07605124
0.675	  0.07599576
0.685	  0.07590172
0.695	  0.07577094
0.705	  0.07560519
0.715	  0.07540623
0.725	  0.07517573
0.735	  0.07491534
0.745	  0.07462665
0.755	  0.07431119
0.765	  0.07397046
0.775	  0.0736059
0.785	  0.07321891
0.795	  0.07281082
0.805	  0.07238294
0.815	  0.07193652
0.825	  0.07147275
0.835	  0.07099278
0.845	  0.07049775
0.855	  0.0699887
0.865	  0.069466665
0.875	  0.06893262
0.885	  0.068387516
0.895	  0.06783225
0.905	  0.06726767
0.915	  0.066694625
0.925	  0.06611389
0.935	  0.06552622
0.945	  0.064932324
0.955	  0.06433291
0.965	  0.063728616
0.975	  0.06312007
0.985	  0.06250786
0.995	  0.061892554
1.005	  0.061274692
1.015	  0.060654785
1.025	  0.060033314
1.035	  0.059410736
1.045	  0.058787495
1.055	  0.058164
1.065	  0.057540644
1.075	  0.056917798
1.085	  0.05629581
1.095	  0.05567501
1.105	  0.055055715
1.115	  0.054438215
1.125	  0.053822793
1.135	  0.053209707
1.145	  0.0525992
1.155	  0.051991507
1.165	  0.05138684
1.175	  0.050785407
1.185	  0.050187394
1.195	  0.049592976
1.205	  0.049002323
1.215	  0.048415583
1.225	  0.047832903
1.235	  0.047254413
1.245	  0.046680234
1.255	  0.04611048
1.265	  0.045545258
1.275	  0.04498466
1.285	  0.044428773
1.295	  0.043877676
1.305	  0.043331444
1.315	  0.042790137
1.325	  0.042253815
1.335	  0.04172253
1.345	  0.041196328
1.355	  0.040675245
1.365	  0.040159322
1.375	  0.03964858
1.385	  0.039143056
1.395	  0.038642757
1.405	  0.038147703
1.415	  0.037657905
1.425	  0.037173368
1.435	  0.0366941
1.445	  0.036220096
1.455	  0.035751358
1.465	  0.035287872
1.475	  0.034829635
1.485	  0.03437663
1.495	  0.033928845
1.505	  0.033486262
1.515	  0.033048857
1.525	  0.032616615
1.535	  0.032189507
1.545	  0.03176751
1.555	  0.031350594
1.565	  0.030938728
1.575	  0.030531885
1.585	  0.030130032
1.595	  0.029733133
1.605	  0.029341156
1.615	  0.02895406
1.625	  0.028571812
1.635	  0.028194373
1.645	  0.027821703
1.655	  0.027453763
1.665	  0.027090512
1.675	  0.026731908
1.685	  0.026377909
1.695	  0.026028475
1.705	  0.025683558
1.715	  0.025343118
1.725	  0.025007112
1.735	  0.024675492
1.745	  0.024348216
1.755	  0.02402524
1.765	  0.023706518
1.775	  0.023392005
1.785	  0.023081655
1.795	  0.022775423
1.805	  0.022473264
1.815	  0.022175133
1.825	  0.021880984
1.835	  0.021590771
1.845	  0.02130445
1.855	  0.021021975
1.865	  0.020743301
1.875	  0.020468384
1.885	  0.02019718
1.895	  0.01992964
1.905	  0.019665724
1.915	  0.019405387
1.925	  0.019148583
1.935	  0.01889527
1.945	  0.018645406
1.955	  0.018398944
1.965	  0.018155843
1.975	  0.017916063
1.985	  0.017679557
1.995	  0.017446289
2.005	  0.017216211
2.015	  0.016989285
2.025	  0.01676547
2.035	  0.016544726
2.045	  0.016327012
2.055	  0.016112287
2.065	  0.015900513
2.075	  0.015691653
2.085	  0.015485663
2.095	  0.015282509
2.105	  0.015082152
2.115	  0.014884553
2.125	  0.0146896755
2.135	  0.014497484
2.145	  0.014307942
2.155	  0.014121012
2.165	  0.013936659
2.175	  0.013754848
2.185	  0.0135755455
2.195	  0.013398715
2.205	  0.013224323
2.215	  0.013052337
2.225	  0.012882723
2.235	  0.012715448
2.245	  0.01255048
2.255	  0.012387786
2.265	  0.012227336
2.275	  0.012069098
2.285	  0.011913041
2.295	  0.011759135
2.305	  0.011607349
2.315	  0.011457654
2.325	  0.01131002
2.335	  0.011164419
2.345	  0.011020822
2.355	  0.010879202
2.365	  0.010739529
2.375	  0.010601776
2.385	  0.010465916
2.395	  0.010331924
2.405	  0.010199771
2.415	  0.010069434
2.425	  0.009940884
2.435	  0.009814098
2.445	  0.009689049
2.455	  0.009565714
2.465	  0.009444068
2.475	  0.009324088
2.485	  0.009205748
2.495	  0.0090890275
2.505	  0.008973902
2.515	  0.008860348
2.525	  0.008748345
2.535	  0.008637869
2.545	  0.0085289
2.555	  0.008421415
2.565	  0.008315395
2.575	  0.008210816
2.585	  0.00810766
2.595	  0.008005906
2.605	  0.007905534
2.615	  0.007806523
2.625	  0.0077088554
2.635	  0.007612511
2.645	  0.007517472
2.655	  0.0074237185
2.665	  0.007331233
2.675	  0.0072399974
2.685	  0.0071499934
2.695	  0.0070612035
2.705	  0.0069736107
2.715	  0.006887198
2.725	  0.0068019484
2.735	  0.0067178453
2.745	  0.0066348724
2.755	  0.0065530133
2.765	  0.006472253
2.775	  0.0063925744
2.785	  0.006313964
2.795	  0.0062364046
2.805	  0.006159883
2.815	  0.0060843835
2.825	  0.0060098916
2.835	  0.0059363935
2.845	  0.0058638747
2.855	  0.005792321
2.865	  0.0057217195
2.875	  0.005652056
2.885	  0.0055833175
2.895	  0.005515491
2.905	  0.0054485635
2.915	  0.005382522
2.925	  0.0053173546
2.935	  0.005253048
2.945	  0.0051895906
2.955	  0.005126971
2.965	  0.005065176
2.975	  0.005004195
2.985	  0.004944016
2.995	  0.0048846286
3.005	  0.0048260204
3.015	  0.004768181
3.025	  0.0047111
3.035	  0.0046547656
3.045	  0.0045991684
3.055	  0.004544298
3.065	  0.0044901436
3.075	  0.0044366955
3.085	  0.004383944
3.095	  0.004331879
3.105	  0.004280491
3.115	  0.00422977
3.125	  0.0041797077
3.135	  0.004130294
3.145	  0.0040815207
3.155	  0.0040333783
3.165	  0.0039858585
3.175	  0.003938952
3.185	  0.0038926504
3.195	  0.0038469455
3.205	  0.0038018287
3.215	  0.0037572924
3.225	  0.0037133282
3.235	  0.0036699283
3.245	  0.0036270847
3.255	  0.0035847896
3.265	  0.0035430358
3.275	  0.0035018155
3.285	  0.0034611216
3.295	  0.0034209467
3.305	  0.0033812837
3.315	  0.0033421253
3.325	  0.003303465
3.335	  0.0032652956
3.345	  0.0032276106
3.355	  0.003190403
3.365	  0.0031536666
3.375	  0.0031173949
3.385	  0.0030815816
3.395	  0.00304622
3.405	  0.0030113044
3.415	  0.0029768285
3.425	  0.0029427863
3.435	  0.002909172
3.445	  0.0028759798
3.455	  0.0028432037
3.465	  0.0028108382
3.475	  0.002778878
3.485	  0.002747317
3.495	  0.0027161504
3.505	  0.0026853725
3.515	  0.002654978
3.525	  0.002624962
3.535	  0.0025953192
3.545	  0.0025660447
3.555	  0.0025371334
3.565	  0.0025085805
3.575	  0.002480381
3.585	  0.0024525302
3.595	  0.0024250236
3.605	  0.0023978564
3.615	  0.0023710243
3.625	  0.0023445226
3.635	  0.0023183469
3.645	  0.002292493
3.655	  0.002266956
3.665	  0.0022417326
3.675	  0.002216818
3.685	  0.0021922083
3.695	  0.0021678994
3.705	  0.002143887
3.715	  0.002120168
3.725	  0.0020967375
3.735	  0.0020735925
3.745	  0.0020507285
3.755	  0.0020281426
3.765	  0.0020058304
3.775	  0.0019837886
3.785	  0.0019620135
3.795	  0.0019405019
3.805	  0.00191925
3.815	  0.0018982545
3.825	  0.0018775121
3.835	  0.0018570194
3.845	  0.0018367731
3.855	  0.0018167701
3.865	  0.001797007
3.875	  0.0017774809
3.885	  0.0017581887
3.895	  0.0017391272
3.905	  0.0017202934
3.915	  0.0017016844
3.925	  0.0016832973
3.935	  0.0016651292
3.945	  0.0016471772
3.955	  0.0016294385
3.965	  0.0016119104
3.975	  0.0015945903
3.985	  0.0015774752
3.995	  0.0015605626
4.005	  0.00154385



DATASET #3

     Name: BPT Fit
   Points: 401
     Info: Mean = 100.0, Aperiodicity = 0.5, Duration = 30.0, Delta T = 1.0, Num Points = 500, Historic Open Interval = 0.0
Computed mean = 0.98537445

Data[x,y]:
0.0	  0.0
0.01	  0.0
0.02	  3.3558285E-24
0.03	  7.3892846E-16
0.04	  9.595623E-12
0.05	  2.601134E-9
0.06	  1.03188974E-7
0.07	  1.3751002E-6
0.08	  9.308761E-6
0.09	  4.0240007E-5
0.1	  1.2734486E-4
0.11	  3.217086E-4
0.12	  6.8716024E-4
0.13	  0.0012911255
0.14	  0.0021949555
0.15	  0.0034463524
0.16	  0.0050750202
0.17	  0.0070914626
0.18	  0.009488198
0.19	  0.012242501
0.2	  0.015319852
0.21	  0.018677516
0.22	  0.022267831
0.23	  0.026041044
0.24	  0.029947562
0.25	  0.03393968
0.26	  0.037972778
0.27	  0.042006142
0.28	  0.04600338
0.29	  0.049932618
0.3	  0.053766474
0.31	  0.057481904
0.32	  0.061059933
0.33	  0.06448535
0.34	  0.06774635
0.35	  0.070834175
0.36	  0.07374277
0.37	  0.07646842
0.38	  0.07900946
0.39	  0.081365936
0.4	  0.08353938
0.41	  0.085532546
0.42	  0.08734918
0.43	  0.08899384
0.44	  0.09047174
0.45	  0.09178859
0.46	  0.09295046
0.47	  0.093963705
0.48	  0.09483482
0.49	  0.0955704
0.5	  0.096177086
0.51	  0.096661456
0.52	  0.097030036
0.53	  0.09728923
0.54	  0.097445294
0.55	  0.097504325
0.56	  0.09747223
0.57	  0.097354725
0.58	  0.09715731
0.59	  0.09688528
0.6	  0.09654369
0.61	  0.09613741
0.62	  0.09567107
0.63	  0.09514908
0.64	  0.094575636
0.65	  0.09395474
0.66	  0.09329018
0.67	  0.09258554
0.68	  0.09184423
0.69	  0.09106945
0.7	  0.090264246
0.71	  0.08943148
0.72	  0.08857384
0.73	  0.087693885
0.74	  0.08679399
0.75	  0.08587642
0.76	  0.08494327
0.77	  0.08399654
0.78	  0.08303808
0.79	  0.08206962
0.8	  0.081092805
0.81	  0.08010915
0.82	  0.079120085
0.83	  0.07812694
0.84	  0.07713094
0.85	  0.07613326
0.86	  0.07513496
0.87	  0.074137054
0.88	  0.07314046
0.89	  0.072146036
0.9	  0.071154594
0.91	  0.070166856
0.92	  0.06918352
0.93	  0.0682052
0.94	  0.06723248
0.95	  0.0662659
0.96	  0.06530595
0.97	  0.06435306
0.98	  0.06340765
0.99	  0.062470093
1.0	  0.061540723
1.01	  0.060619842
1.02	  0.05970773
1.03	  0.05880464
1.04	  0.057910778
1.05	  0.05702635
1.06	  0.056151524
1.07	  0.055286452
1.08	  0.054431267
1.09	  0.053586077
1.1	  0.052750975
1.11	  0.051926043
1.12	  0.05111134
1.13	  0.050306913
1.14	  0.0495128
1.15	  0.048729014
1.16	  0.047955576
1.17	  0.047192477
1.18	  0.04643971
1.19	  0.045697253
1.2	  0.04496508
1.21	  0.044243157
1.22	  0.043531436
1.23	  0.042829864
1.24	  0.04213839
1.25	  0.04145695
1.26	  0.040785477
1.27	  0.040123895
1.28	  0.039472133
1.29	  0.0388301
1.3	  0.038197726
1.31	  0.037574913
1.32	  0.036961574
1.33	  0.036357615
1.34	  0.03576294
1.35	  0.035177447
1.36	  0.034601044
1.37	  0.034033626
1.38	  0.03347509
1.39	  0.032925334
1.4	  0.03238425
1.41	  0.03185173
1.42	  0.031327676
1.43	  0.030811973
1.44	  0.030304518
1.45	  0.029805198
1.46	  0.02931391
1.47	  0.028830545
1.48	  0.028354995
1.49	  0.02788715
1.5	  0.027426904
1.51	  0.02697415
1.52	  0.026528785
1.53	  0.026090696
1.54	  0.025659781
1.55	  0.025235936
1.56	  0.024819056
1.57	  0.024409035
1.58	  0.024005774
1.59	  0.023609169
1.6	  0.02321912
1.61	  0.022835525
1.62	  0.022458287
1.63	  0.022087308
1.64	  0.021722488
1.65	  0.021363735
1.66	  0.02101095
1.67	  0.02066404
1.68	  0.020322913
1.69	  0.019987477
1.7	  0.019657642
1.71	  0.019333314
1.72	  0.01901441
1.73	  0.018700838
1.74	  0.018392516
1.75	  0.018089354
1.76	  0.017791273
1.77	  0.017498186
1.78	  0.017210012
1.79	  0.016926672
1.8	  0.016648084
1.81	  0.016374173
1.82	  0.016104858
1.83	  0.015840067
1.84	  0.01557972
1.85	  0.015323747
1.86	  0.015072074
1.87	  0.014824628
1.88	  0.014581339
1.89	  0.014342139
1.9	  0.014106957
1.91	  0.013875728
1.92	  0.013648382
1.93	  0.0134248575
1.94	  0.013205089
1.95	  0.012989011
1.96	  0.012776563
1.97	  0.012567684
1.98	  0.0123623125
1.99	  0.01216039
2.0	  0.011961856
2.01	  0.011766656
2.02	  0.011574731
2.03	  0.011386028
2.04	  0.011200489
2.05	  0.011018062
2.06	  0.010838694
2.07	  0.010662332
2.08	  0.010488926
2.09	  0.0103184255
2.1	  0.01015078
2.11	  0.009985941
2.12	  0.0098238615
2.13	  0.009664494
2.14	  0.009507791
2.15	  0.009353709
2.16	  0.009202202
2.17	  0.009053227
2.18	  0.008906739
2.19	  0.008762698
2.2	  0.008621059
2.21	  0.008481784
2.22	  0.008344831
2.23	  0.008210161
2.24	  0.008077734
2.25	  0.007947512
2.26	  0.007819459
2.27	  0.007693535
2.28	  0.0075697065
2.29	  0.0074479356
2.3	  0.0073281885
2.31	  0.0072104298
2.32	  0.0070946263
2.33	  0.0069807437
2.34	  0.00686875
2.35	  0.0067586126
2.36	  0.0066502998
2.37	  0.0065437807
2.38	  0.0064390246
2.39	  0.006336001
2.4	  0.0062346812
2.41	  0.006135036
2.42	  0.0060370364
2.43	  0.0059406543
2.44	  0.005845863
2.45	  0.0057526347
2.46	  0.005660943
2.47	  0.0055707623
2.48	  0.005482066
2.49	  0.0053948294
2.5	  0.0053090276
2.51	  0.005224636
2.52	  0.0051416312
2.53	  0.005059989
2.54	  0.0049796873
2.55	  0.0049007027
2.56	  0.0048230127
2.57	  0.0047465954
2.58	  0.0046714297
2.59	  0.0045974944
2.6	  0.0045247683
2.61	  0.004453231
2.62	  0.0043828627
2.63	  0.0043136436
2.64	  0.004245554
2.65	  0.0041785757
2.66	  0.004112689
2.67	  0.0040478753
2.68	  0.0039841174
2.69	  0.0039213975
2.7	  0.0038596974
2.71	  0.0037990003
2.72	  0.0037392895
2.73	  0.0036805484
2.74	  0.0036227605
2.75	  0.0035659098
2.76	  0.0035099809
2.77	  0.003454958
2.78	  0.0034008261
2.79	  0.0033475703
2.8	  0.0032951757
2.81	  0.0032436282
2.82	  0.0031929135
2.83	  0.0031430176
2.84	  0.003093927
2.85	  0.003045628
2.86	  0.0029981076
2.87	  0.0029513529
2.88	  0.0029053506
2.89	  0.0028600888
2.9	  0.002815555
2.91	  0.002771737
2.92	  0.0027286229
2.93	  0.002686201
2.94	  0.0026444597
2.95	  0.002603388
2.96	  0.0025629746
2.97	  0.0025232085
2.98	  0.002484079
2.99	  0.0024455758
3.0	  0.0024076882
3.01	  0.0023704064
3.02	  0.00233372
3.03	  0.0022976194
3.04	  0.0022620948
3.05	  0.0022271369
3.06	  0.002192736
3.07	  0.0021588833
3.08	  0.0021255694
3.09	  0.0020927857
3.1	  0.0020605235
3.11	  0.0020287738
3.12	  0.0019975288
3.13	  0.0019667798
3.14	  0.0019365187
3.15	  0.0019067376
3.16	  0.0018774286
3.17	  0.0018485839
3.18	  0.001820196
3.19	  0.0017922573
3.2	  0.0017647606
3.21	  0.0017376986
3.22	  0.001711064
3.23	  0.0016848502
3.24	  0.0016590501
3.25	  0.0016336569
3.26	  0.0016086642
3.27	  0.0015840651
3.28	  0.0015598537
3.29	  0.0015360232
3.3	  0.0015125677
3.31	  0.0014894811
3.32	  0.0014667573
3.33	  0.0014443904
3.34	  0.0014223746
3.35	  0.0014007044
3.36	  0.001379374
3.37	  0.0013583779
3.38	  0.0013377108
3.39	  0.0013173673
3.4	  0.0012973421
3.41	  0.0012776302
3.42	  0.0012582266
3.43	  0.0012391261
3.44	  0.001220324
3.45	  0.0012018152
3.46	  0.0011835954
3.47	  0.0011656596
3.48	  0.0011480034
3.49	  0.0011306222
3.5	  0.0011135117
3.51	  0.0010966676
3.52	  0.0010800854
3.53	  0.001063761
3.54	  0.0010476902
3.55	  0.0010318691
3.56	  0.0010162935
3.57	  0.0010009598
3.58	  9.858637E-4
3.59	  9.7100163E-4
3.6	  9.5636985E-4
3.61	  9.419646E-4
3.62	  9.277824E-4
3.63	  9.138196E-4
3.64	  9.000726E-4
3.65	  8.865382E-4
3.66	  8.7321276E-4
3.67	  8.600931E-4
3.68	  8.4717595E-4
3.69	  8.3445804E-4
3.7	  8.219362E-4
3.71	  8.096073E-4
3.72	  7.9746835E-4
3.73	  7.8551634E-4
3.74	  7.7374815E-4
3.75	  7.6216104E-4
3.76	  7.5075205E-4
3.77	  7.395184E-4
3.78	  7.2845723E-4
3.79	  7.1756594E-4
3.8	  7.0684176E-4
3.81	  6.962821E-4
3.82	  6.8588427E-4
3.83	  6.756458E-4
3.84	  6.6556415E-4
3.85	  6.5563683E-4
3.86	  6.4586144E-4
3.87	  6.362356E-4
3.88	  6.2675687E-4
3.89	  6.1742304E-4
3.9	  6.0823176E-4
3.91	  5.991808E-4
3.92	  5.90268E-4
3.93	  5.8149116E-4
3.94	  5.7284813E-4
3.95	  5.6433683E-4
3.96	  5.5595516E-4
3.97	  5.4770114E-4
3.98	  5.3957273E-4
3.99	  5.31568E-4
4.0	  5.2368495E-4


