
X-Axis: Normalized Interevent Time
Y-Axis: Probability
Number of Data Sets: 3


DATASET #1

     Name: Bruce 2625 Histogram
   Points: 41
     Info: 

Data[x,y]:
0.05	  0.0039761085
0.15	  0.008289398
0.25	  0.014008338
0.35	  0.0214307
0.45	  0.028432678
0.55	  0.0384868
0.65	  0.06590793
0.75	  0.085792854
0.85	  0.12567656
0.95	  0.19377835
1.05	  0.18698218
1.15	  0.08925225
1.25	  0.029216515
1.35	  0.01626351
1.45	  0.012773467
1.55	  0.010632149
1.65	  0.0091914665
1.75	  0.008696642
1.85	  0.0074311187
1.95	  0.006546566
2.05	  0.0050708517
2.15	  0.0037965705
2.25	  0.0034988
2.35	  0.0030959346
2.45	  0.0027281009
2.55	  0.0024434675
2.65	  0.0022595506
2.75	  0.0017296947
2.85	  0.0017647265
2.95	  0.0015545357
3.05	  0.0012042178
3.15	  9.984061E-4
3.25	  9.940271E-4
3.35	  6.3057226E-4
3.45	  5.824035E-4
3.55	  6.874989E-4
3.65	  5.167189E-4
3.75	  3.5907587E-4
3.85	  2.9777022E-4
3.95	  2.9339126E-4
4.05	  0.0027281009



DATASET #2

     Name: Log-Normal Fit
   Points: 401
     Info: 

Data[x,y]:
0.005	  0.0
0.015	  2.1941931E-15
0.025	  1.615966E-12
0.035	  1.1309431E-10
0.045	  2.3406084E-9
0.055	  2.3209738E-8
0.065	  1.4167786E-7
0.075	  6.1586985E-7
0.085	  2.0885225E-6
0.095	  5.868851E-6
0.105	  1.4247224E-5
0.115	  3.078379E-5
0.125	  6.0516115E-5
0.135	  1.10048175E-4
0.145	  1.8750552E-4
0.155	  3.0236228E-4
0.165	  4.6516137E-4
0.175	  6.8715785E-4
0.185	  9.799192E-4
0.195	  0.0013549139
0.205	  0.0018231161
0.215	  0.0023946473
0.225	  0.00307847
0.235	  0.003882143
0.245	  0.004811641
0.255	  0.0058712373
0.265	  0.0070634494
0.275	  0.008389035
0.285	  0.009847041
0.295	  0.011434881
0.305	  0.013148457
0.315	  0.014982292
0.325	  0.016929692
0.335	  0.018982898
0.345	  0.021133268
0.355	  0.023371434
0.365	  0.025687467
0.375	  0.028071038
0.385	  0.030511564
0.395	  0.032998335
0.405	  0.035520647
0.415	  0.038067903
0.425	  0.040629726
0.435	  0.04319602
0.445	  0.04575706
0.455	  0.048303552
0.465	  0.05082666
0.475	  0.053318083
0.485	  0.055770036
0.495	  0.058175314
0.505	  0.06052727
0.515	  0.062819846
0.525	  0.06504755
0.535	  0.06720546
0.545	  0.06928922
0.555	  0.07129503
0.565	  0.07321958
0.575	  0.075060114
0.585	  0.076814316
0.595	  0.078480355
0.605	  0.08005684
0.615	  0.08154276
0.625	  0.082937516
0.635	  0.084240854
0.645	  0.085452855
0.655	  0.086573906
0.665	  0.08760467
0.675	  0.08854607
0.685	  0.08939925
0.695	  0.09016557
0.705	  0.09084659
0.715	  0.091444016
0.725	  0.09195971
0.735	  0.09239566
0.745	  0.09275398
0.755	  0.09303684
0.765	  0.09324652
0.775	  0.09338536
0.785	  0.09345574
0.795	  0.09346009
0.805	  0.09340086
0.815	  0.09328051
0.825	  0.09310151
0.835	  0.092866346
0.845	  0.09257746
0.855	  0.09223731
0.865	  0.09184831
0.875	  0.09141284
0.885	  0.09093327
0.895	  0.09041192
0.905	  0.08985104
0.915	  0.08925286
0.925	  0.088619575
0.935	  0.08795329
0.945	  0.08725608
0.955	  0.086529955
0.965	  0.08577688
0.975	  0.08499874
0.985	  0.08419737
0.995	  0.08337457
1.005	  0.082532026
1.015	  0.08167142
1.025	  0.080794334
1.035	  0.07990231
1.045	  0.07899683
1.055	  0.078079306
1.065	  0.07715111
1.075	  0.07621354
1.085	  0.07526785
1.095	  0.07431523
1.105	  0.073356815
1.115	  0.07239371
1.125	  0.071426935
1.135	  0.07045749
1.145	  0.0694863
1.155	  0.068514265
1.165	  0.06754223
1.175	  0.066571
1.185	  0.06560132
1.195	  0.06463391
1.205	  0.06366945
1.215	  0.06270858
1.225	  0.061751883
1.235	  0.060799934
1.245	  0.05985326
1.255	  0.058912344
1.265	  0.05797766
1.275	  0.057049632
1.285	  0.05612866
1.295	  0.055215117
1.305	  0.054309346
1.315	  0.05341167
1.325	  0.052522376
1.335	  0.051641736
1.345	  0.050769992
1.355	  0.049907375
1.365	  0.049054082
1.375	  0.048210297
1.385	  0.04737619
1.395	  0.046551898
1.405	  0.045737557
1.415	  0.044933274
1.425	  0.04413915
1.435	  0.043355267
1.445	  0.042581696
1.455	  0.041818485
1.465	  0.04106568
1.475	  0.040323313
1.485	  0.039591406
1.495	  0.038869966
1.505	  0.03815899
1.515	  0.03745847
1.525	  0.036768388
1.535	  0.036088716
1.545	  0.03541942
1.555	  0.034760457
1.565	  0.034111783
1.575	  0.033473335
1.585	  0.032845058
1.595	  0.032226883
1.605	  0.03161874
1.615	  0.031020554
1.625	  0.030432241
1.635	  0.029853718
1.645	  0.0292849
1.655	  0.028725691
1.665	  0.028175997
1.675	  0.027635723
1.685	  0.027104767
1.695	  0.026583025
1.705	  0.026070395
1.715	  0.025566772
1.725	  0.025072044
1.735	  0.024586104
1.745	  0.02410884
1.755	  0.023640143
1.765	  0.023179896
1.775	  0.022727989
1.785	  0.022284307
1.795	  0.021848736
1.805	  0.02142116
1.815	  0.021001467
1.825	  0.020589538
1.835	  0.02018526
1.845	  0.01978852
1.855	  0.019399201
1.865	  0.01901719
1.875	  0.018642372
1.885	  0.018274635
1.895	  0.017913865
1.905	  0.017559951
1.915	  0.017212784
1.925	  0.01687225
1.935	  0.016538238
1.945	  0.016210644
1.955	  0.015889358
1.965	  0.015574271
1.975	  0.01526528
1.985	  0.014962279
1.995	  0.014665165
2.005	  0.014373833
2.015	  0.014088185
2.025	  0.013808118
2.035	  0.013533534
2.045	  0.013264334
2.055	  0.013000422
2.065	  0.012741703
2.075	  0.012488081
2.085	  0.0122394655
2.095	  0.011995763
2.105	  0.011756882
2.115	  0.0115227355
2.125	  0.011293235
2.135	  0.011068293
2.145	  0.010847825
2.155	  0.010631747
2.165	  0.010419974
2.175	  0.010212427
2.185	  0.010009025
2.195	  0.00980969
2.205	  0.009614341
2.215	  0.009422905
2.225	  0.009235305
2.235	  0.009051466
2.245	  0.008871319
2.255	  0.008694788
2.265	  0.0085218055
2.275	  0.008352301
2.285	  0.008186207
2.295	  0.008023457
2.305	  0.007863984
2.315	  0.007707726
2.325	  0.0075546177
2.335	  0.007404597
2.345	  0.0072576036
2.355	  0.0071135764
2.365	  0.0069724577
2.375	  0.006834189
2.385	  0.006698713
2.395	  0.006565975
2.405	  0.00643592
2.415	  0.0063084937
2.425	  0.006183644
2.435	  0.006061319
2.445	  0.0059414674
2.455	  0.0058240406
2.465	  0.0057089888
2.475	  0.0055962647
2.485	  0.0054858206
2.495	  0.005377611
2.505	  0.005271591
2.515	  0.005167715
2.525	  0.0050659403
2.535	  0.0049662245
2.545	  0.0048685255
2.555	  0.004772803
2.565	  0.0046790154
2.575	  0.004587124
2.585	  0.004497091
2.595	  0.004408877
2.605	  0.004322446
2.615	  0.0042377613
2.625	  0.0041547874
2.635	  0.004073489
2.645	  0.003993832
2.655	  0.0039157835
2.665	  0.0038393096
2.675	  0.0037643786
2.685	  0.0036909587
2.695	  0.0036190192
2.705	  0.0035485297
2.715	  0.0034794605
2.725	  0.0034117822
2.735	  0.0033454667
2.745	  0.003280486
2.755	  0.0032168124
2.765	  0.0031544196
2.775	  0.0030932808
2.785	  0.0030333707
2.795	  0.0029746636
2.805	  0.0029171354
2.815	  0.0028607615
2.825	  0.0028055185
2.835	  0.002751383
2.845	  0.002698332
2.855	  0.002646344
2.865	  0.0025953965
2.875	  0.0025454685
2.885	  0.002496539
2.895	  0.0024485872
2.905	  0.0024015936
2.915	  0.0023555383
2.925	  0.002310402
2.935	  0.0022661658
2.945	  0.0022228113
2.955	  0.0021803207
2.965	  0.002138676
2.975	  0.0020978595
2.985	  0.002057855
2.995	  0.0020186456
3.005	  0.001980215
3.015	  0.001942547
3.025	  0.0019056264
3.035	  0.0018694376
3.045	  0.0018339659
3.055	  0.0017991964
3.065	  0.0017651148
3.075	  0.0017317071
3.085	  0.0016989596
3.095	  0.0016668587
3.105	  0.0016353913
3.115	  0.0016045443
3.125	  0.0015743054
3.135	  0.0015446617
3.145	  0.0015156015
3.155	  0.0014871128
3.165	  0.0014591839
3.175	  0.0014318035
3.185	  0.0014049603
3.195	  0.0013786436
3.205	  0.0013528424
3.215	  0.0013275464
3.225	  0.0013027455
3.235	  0.0012784294
3.245	  0.0012545884
3.255	  0.0012312129
3.265	  0.0012082933
3.275	  0.0011858204
3.285	  0.0011637853
3.295	  0.0011421791
3.305	  0.0011209932
3.315	  0.0011002189
3.325	  0.001079848
3.335	  0.0010598724
3.345	  0.001040284
3.355	  0.0010210753
3.365	  0.0010022382
3.375	  9.837656E-4
3.385	  9.6565E-4
3.395	  9.478842E-4
3.405	  9.304613E-4
3.415	  9.1337424E-4
3.425	  8.966164E-4
3.435	  8.801811E-4
3.445	  8.640619E-4
3.455	  8.482525E-4
3.465	  8.327467E-4
3.475	  8.175384E-4
3.485	  8.0262165E-4
3.495	  7.8799063E-4
3.505	  7.7363965E-4
3.515	  7.595631E-4
3.525	  7.457555E-4
3.535	  7.322115E-4
3.545	  7.189259E-4
3.555	  7.058935E-4
3.565	  6.931093E-4
3.575	  6.805683E-4
3.585	  6.6826574E-4
3.595	  6.561969E-4
3.605	  6.4435706E-4
3.615	  6.327418E-4
3.625	  6.213465E-4
3.635	  6.1016704E-4
3.645	  5.99199E-4
3.655	  5.884382E-4
3.665	  5.778806E-4
3.675	  5.675222E-4
3.685	  5.5735896E-4
3.695	  5.473872E-4
3.705	  5.3760305E-4
3.715	  5.2800286E-4
3.725	  5.1858294E-4
3.735	  5.0933985E-4
3.745	  5.002701E-4
3.755	  4.913702E-4
3.765	  4.8263697E-4
3.775	  4.7406703E-4
3.785	  4.656572E-4
3.795	  4.574044E-4
3.805	  4.4930552E-4
3.815	  4.4135758E-4
3.825	  4.335576E-4
3.835	  4.2590278E-4
3.845	  4.1839018E-4
3.855	  4.110171E-4
3.865	  4.0378084E-4
3.875	  3.966787E-4
3.885	  3.897081E-4
3.895	  3.8286648E-4
3.905	  3.7615135E-4
3.915	  3.6956026E-4
3.925	  3.630908E-4
3.935	  3.567406E-4
3.945	  3.505074E-4
3.955	  3.4438894E-4
3.965	  3.38383E-4
3.975	  3.3248737E-4
3.985	  3.2669996E-4
3.995	  3.2101868E-4
4.005	  3.1544152E-4



DATASET #3

     Name: BPT Fit
   Points: 401
     Info: Mean = 100.0, Aperiodicity = 0.5, Duration = 30.0, Delta T = 1.0, Num Points = 500, Historic Open Interval = 0.0
Computed mean = 0.99525714

Data[x,y]:
0.0	  0.0
0.01	  0.0
0.02	  3.5E-44
0.03	  7.357352E-29
0.04	  2.925707E-21
0.05	  9.7554326E-17
0.06	  9.54085E-14
0.07	  1.2510331E-11
0.08	  4.6935483E-10
0.09	  7.668996E-9
0.1	  7.017626E-8
0.11	  4.218781E-7
0.12	  1.8528413E-6
0.13	  6.397192E-6
0.14	  1.8295008E-5
0.15	  4.5026558E-5
0.16	  9.813377E-5
0.17	  1.9357848E-4
0.18	  3.515089E-4
0.19	  5.9545133E-4
0.2	  9.5105957E-4
0.21	  0.0014446151
0.22	  0.0021014796
0.23	  0.0029446702
0.24	  0.0039936774
0.25	  0.0052635944
0.26	  0.006764577
0.27	  0.008501617
0.28	  0.010474597
0.29	  0.012678563
0.3	  0.015104162
0.31	  0.017738204
0.32	  0.020564282
0.33	  0.023563411
0.34	  0.026714668
0.35	  0.029995797
0.36	  0.033383768
0.37	  0.036855265
0.38	  0.040387142
0.39	  0.043956753
0.4	  0.047542296
0.41	  0.05112302
0.42	  0.05467943
0.43	  0.058193427
0.44	  0.06164837
0.45	  0.06502916
0.46	  0.06832224
0.47	  0.07151559
0.48	  0.074598715
0.49	  0.07756255
0.5	  0.08039945
0.51	  0.083103105
0.52	  0.08566843
0.53	  0.088091515
0.54	  0.09036954
0.55	  0.09250065
0.56	  0.09448392
0.57	  0.09631922
0.58	  0.09800717
0.59	  0.09954906
0.6	  0.100946754
0.61	  0.10220261
0.62	  0.103319466
0.63	  0.10430053
0.64	  0.10514933
0.65	  0.10586969
0.66	  0.10646564
0.67	  0.1069414
0.68	  0.10730135
0.69	  0.10754993
0.7	  0.107691705
0.71	  0.10773125
0.72	  0.10767317
0.73	  0.107522056
0.74	  0.10728248
0.75	  0.10695896
0.76	  0.106555976
0.77	  0.10607789
0.78	  0.10552902
0.79	  0.10491357
0.8	  0.10423564
0.81	  0.10349923
0.82	  0.102708206
0.83	  0.10186633
0.84	  0.10097723
0.85	  0.100044414
0.86	  0.09907126
0.87	  0.09806101
0.88	  0.097016804
0.89	  0.095941626
0.9	  0.09483834
0.91	  0.093709715
0.92	  0.09255835
0.93	  0.09138674
0.94	  0.090197295
0.95	  0.08899226
0.96	  0.08777379
0.97	  0.08654395
0.98	  0.085304655
0.99	  0.08405775
1.0	  0.08280497
1.01	  0.08154795
1.02	  0.080288246
1.03	  0.0790273
1.04	  0.07776649
1.05	  0.0765071
1.06	  0.07525033
1.07	  0.073997304
1.08	  0.07274909
1.09	  0.07150667
1.1	  0.070270956
1.11	  0.0690428
1.12	  0.067823
1.13	  0.06661229
1.14	  0.06541134
1.15	  0.06422078
1.16	  0.06304117
1.17	  0.061873052
1.18	  0.060716894
1.19	  0.059573133
1.2	  0.058442168
1.21	  0.05732435
1.22	  0.056219995
1.23	  0.055129394
1.24	  0.054052792
1.25	  0.052990407
1.26	  0.05194243
1.27	  0.050909027
1.28	  0.049890324
1.29	  0.04888644
1.3	  0.047897458
1.31	  0.046923447
1.32	  0.04596445
1.33	  0.045020495
1.34	  0.04409159
1.35	  0.043177724
1.36	  0.042278875
1.37	  0.041395005
1.38	  0.040526062
1.39	  0.03967198
1.4	  0.03883268
1.41	  0.03800808
1.42	  0.037198078
1.43	  0.036402564
1.44	  0.035621434
1.45	  0.034854554
1.46	  0.034101795
1.47	  0.033363026
1.48	  0.0326381
1.49	  0.031926867
1.5	  0.031229176
1.51	  0.030544868
1.52	  0.02987378
1.53	  0.029215751
1.54	  0.02857061
1.55	  0.027938185
1.56	  0.027318304
1.57	  0.026710792
1.58	  0.026115471
1.59	  0.025532164
1.6	  0.024960691
1.61	  0.024400873
1.62	  0.023852527
1.63	  0.023315473
1.64	  0.022789532
1.65	  0.02227452
1.66	  0.02177026
1.67	  0.021276567
1.68	  0.020793267
1.69	  0.020320177
1.7	  0.019857122
1.71	  0.019403923
1.72	  0.018960409
1.73	  0.018526401
1.74	  0.01810173
1.75	  0.017686222
1.76	  0.017279709
1.77	  0.016882023
1.78	  0.016492996
1.79	  0.016112467
1.8	  0.015740274
1.81	  0.015376252
1.82	  0.015020246
1.83	  0.014672098
1.84	  0.014331655
1.85	  0.013998762
1.86	  0.013673271
1.87	  0.013355033
1.88	  0.013043901
1.89	  0.012739733
1.9	  0.012442386
1.91	  0.012151721
1.92	  0.0118676
1.93	  0.0115898885
1.94	  0.011318453
1.95	  0.011053163
1.96	  0.010793889
1.97	  0.010540505
1.98	  0.010292888
1.99	  0.010050914
2.0	  0.009814464
2.01	  0.009583419
2.02	  0.009357665
2.03	  0.0091370875
2.04	  0.008921574
2.05	  0.008711016
2.06	  0.008505305
2.07	  0.008304336
2.08	  0.008108007
2.09	  0.007916214
2.1	  0.0077288584
2.11	  0.007545843
2.12	  0.007367071
2.13	  0.00719245
2.14	  0.0070218868
2.15	  0.0068552913
2.16	  0.0066925758
2.17	  0.006533653
2.18	  0.006378438
2.19	  0.0062268483
2.2	  0.0060788016
2.21	  0.005934219
2.22	  0.0057930215
2.23	  0.0056551336
2.24	  0.0055204793
2.25	  0.0053889863
2.26	  0.0052605816
2.27	  0.0051351963
2.28	  0.0050127604
2.29	  0.004893207
2.3	  0.00477647
2.31	  0.0046624853
2.32	  0.0045511895
2.33	  0.004442521
2.34	  0.0043364195
2.35	  0.0042328252
2.36	  0.004131681
2.37	  0.00403293
2.38	  0.003936517
2.39	  0.003842388
2.4	  0.0037504898
2.41	  0.0036607706
2.42	  0.0035731802
2.43	  0.0034876687
2.44	  0.003404188
2.45	  0.0033226905
2.46	  0.0032431304
2.47	  0.0031654618
2.48	  0.0030896412
2.49	  0.0030156248
2.5	  0.0029433707
2.51	  0.0028728377
2.52	  0.0028039853
2.53	  0.0027367738
2.54	  0.002671165
2.55	  0.0026071211
2.56	  0.0025446052
2.57	  0.0024835814
2.58	  0.0024240147
2.59	  0.0023658706
2.6	  0.0023091156
2.61	  0.0022537168
2.62	  0.0021996424
2.63	  0.0021468606
2.64	  0.0020953414
2.65	  0.0020450545
2.66	  0.001995971
2.67	  0.0019480622
2.68	  0.0019013003
2.69	  0.0018556581
2.7	  0.001811109
2.71	  0.0017676272
2.72	  0.0017251872
2.73	  0.0016837642
2.74	  0.001643334
2.75	  0.0016038731
2.76	  0.0015653585
2.77	  0.0015277674
2.78	  0.0014910781
2.79	  0.0014552688
2.8	  0.0014203187
2.81	  0.0013862074
2.82	  0.0013529146
2.83	  0.0013204211
2.84	  0.0012887076
2.85	  0.0012577554
2.86	  0.0012275466
2.87	  0.0011980633
2.88	  0.001169288
2.89	  0.0011412038
2.9	  0.0011137944
2.91	  0.0010870434
2.92	  0.0010609352
2.93	  0.0010354543
2.94	  0.0010105858
2.95	  9.86315E-4
2.96	  9.626275E-4
2.97	  9.3950937E-4
2.98	  9.169469E-4
2.99	  8.9492684E-4
3.0	  8.7343616E-4
3.01	  8.524622E-4
3.02	  8.319925E-4
3.03	  8.120149E-4
3.04	  7.9251773E-4
3.05	  7.734894E-4
3.06	  7.5491867E-4
3.07	  7.3679455E-4
3.08	  7.1910623E-4
3.09	  7.018433E-4
3.1	  6.849956E-4
3.11	  6.6855305E-4
3.12	  6.5250596E-4
3.13	  6.3684484E-4
3.14	  6.215604E-4
3.15	  6.0664356E-4
3.16	  5.9208553E-4
3.17	  5.778776E-4
3.18	  5.6401145E-4
3.19	  5.5047876E-4
3.2	  5.372716E-4
3.21	  5.2438205E-4
3.22	  5.1180256E-4
3.23	  4.995256E-4
3.24	  4.875439E-4
3.25	  4.758504E-4
3.26	  4.6443808E-4
3.27	  4.5330025E-4
3.28	  4.424303E-4
3.29	  4.318217E-4
3.3	  4.2146826E-4
3.31	  4.1136378E-4
3.32	  4.0150227E-4
3.33	  3.918779E-4
3.34	  3.8248493E-4
3.35	  3.733178E-4
3.36	  3.6437108E-4
3.37	  3.5563947E-4
3.38	  3.4711778E-4
3.39	  3.3880092E-4
3.4	  3.30684E-4
3.41	  3.2276224E-4
3.42	  3.1503083E-4
3.43	  3.074853E-4
3.44	  3.001211E-4
3.45	  2.9293387E-4
3.46	  2.8591935E-4
3.47	  2.7907343E-4
3.48	  2.7239198E-4
3.49	  2.658711E-4
3.5	  2.5950687E-4
3.51	  2.5329553E-4
3.52	  2.4723343E-4
3.53	  2.4131693E-4
3.54	  2.3554255E-4
3.55	  2.2990687E-4
3.56	  2.2440654E-4
3.57	  2.190383E-4
3.58	  2.1379896E-4
3.59	  2.0868544E-4
3.6	  2.036947E-4
3.61	  1.9882376E-4
3.62	  1.9406977E-4
3.63	  1.8942989E-4
3.64	  1.849014E-4
3.65	  1.8048157E-4
3.66	  1.7616783E-4
3.67	  1.7195761E-4
3.68	  1.6784841E-4
3.69	  1.638378E-4
3.7	  1.5992342E-4
3.71	  1.5610293E-4
3.72	  1.5237411E-4
3.73	  1.487347E-4
3.74	  1.451826E-4
3.75	  1.4171567E-4
3.76	  1.3833187E-4
3.77	  1.3502922E-4
3.78	  1.3180575E-4
3.79	  1.2865955E-4
3.8	  1.2558876E-4
3.81	  1.2259159E-4
3.82	  1.19666234E-4
3.83	  1.16810996E-4
3.84	  1.1402417E-4
3.85	  1.11304114E-4
3.86	  1.0864923E-4
3.87	  1.06057945E-4
3.88	  1.0352872E-4
3.89	  1.0106008E-4
3.9	  9.865056E-5
3.91	  9.629874E-5
3.92	  9.400323E-5
3.93	  9.176268E-5
3.94	  8.957577E-5
3.95	  8.74412E-5
3.96	  8.535772E-5
3.97	  8.3324114E-5
3.98	  8.133916E-5
3.99	  7.940171E-5
4.0	  7.751061E-5


