
X-Axis: Normalized Interevent Time
Y-Axis: Probability
Number of Data Sets: 3


DATASET #1

     Name: Bruce 2625 Histogram
   Points: 41
     Info: 

Data[x,y]:
0.05	  0.018596904
0.15	  0.022413434
0.25	  0.031156756
0.35	  0.03330789
0.45	  0.034487545
0.55	  0.04107973
0.65	  0.05735202
0.75	  0.060474638
0.85	  0.08011241
0.95	  0.1410728
1.05	  0.1370481
1.15	  0.09905627
1.25	  0.07299979
1.35	  0.054333497
1.45	  0.031295538
1.55	  0.015300812
1.65	  0.010790369
1.75	  0.007771841
1.85	  0.0075983624
1.95	  0.0064534037
2.05	  0.005134966
2.15	  0.0052390536
2.25	  0.0037471375
2.35	  0.0028797446
2.45	  0.0027409617
2.55	  0.0026715703
2.65	  0.0022899173
2.75	  0.001353133
2.85	  0.001353133
2.95	  0.0010755673
3.05	  0.0011796544
3.15	  0.0011102629
3.25	  0.0010755673
3.35	  6.9391436E-4
3.45	  4.8574005E-4
3.55	  6.5921864E-4
3.65	  5.898272E-4
3.75	  3.816529E-4
3.85	  3.4695718E-4
3.95	  1.3878287E-4
4.05	  0.0021511347



DATASET #2

     Name: Log-Normal Fit
   Points: 401
     Info: 

Data[x,y]:
0.005	  0.0
0.015	  2.2969162E-13
0.025	  6.859387E-11
0.035	  2.6643898E-9
0.045	  3.5882003E-8
0.055	  2.5526225E-7
0.065	  1.1941772E-6
0.075	  4.1709372E-6
0.085	  1.1771576E-5
0.095	  2.8282082E-5
0.105	  5.995935E-5
0.115	  1.15080926E-4
0.125	  2.0376874E-4
0.135	  3.376235E-4
0.145	  5.2922865E-4
0.155	  7.91588E-4
0.165	  0.0011375555
0.175	  0.0015793036
0.185	  0.002127863
0.195	  0.0027927512
0.205	  0.003581699
0.215	  0.0045004752
0.225	  0.0055528
0.235	  0.006740335
0.245	  0.0080627445
0.255	  0.009517806
0.265	  0.011101561
0.275	  0.012808492
0.285	  0.014631727
0.295	  0.016563231
0.305	  0.018594027
0.315	  0.020714384
0.325	  0.022914018
0.335	  0.025182273
0.345	  0.027508272
0.355	  0.029881079
0.365	  0.03228983
0.375	  0.034723833
0.385	  0.037172694
0.395	  0.039626375
0.405	  0.042075265
0.415	  0.044510256
0.425	  0.046922754
0.435	  0.04930473
0.445	  0.05164874
0.455	  0.05394793
0.465	  0.056196034
0.475	  0.058387384
0.485	  0.060516905
0.495	  0.06258008
0.505	  0.064572945
0.515	  0.06649208
0.525	  0.06833458
0.535	  0.070098005
0.545	  0.0717804
0.555	  0.07338022
0.565	  0.074896336
0.575	  0.07632801
0.585	  0.077674836
0.595	  0.07893675
0.605	  0.08011397
0.615	  0.08120699
0.625	  0.08221656
0.635	  0.08314366
0.645	  0.08398944
0.655	  0.084755264
0.665	  0.08544264
0.675	  0.08605322
0.685	  0.08658878
0.695	  0.08705118
0.705	  0.08744241
0.715	  0.0877645
0.725	  0.08801956
0.735	  0.08820972
0.745	  0.08833718
0.755	  0.08840416
0.765	  0.08841289
0.775	  0.088365585
0.785	  0.0882645
0.795	  0.088111855
0.805	  0.08790987
0.815	  0.08766072
0.825	  0.08736659
0.835	  0.0870296
0.845	  0.08665186
0.855	  0.086235434
0.865	  0.08578234
0.875	  0.08529455
0.885	  0.08477401
0.895	  0.084222585
0.905	  0.083642125
0.915	  0.083034396
0.925	  0.08240115
0.935	  0.081744045
0.945	  0.08106472
0.955	  0.08036474
0.965	  0.07964563
0.975	  0.07890886
0.985	  0.07815584
0.995	  0.07738793
1.005	  0.07660644
1.015	  0.07581263
1.025	  0.07500771
1.035	  0.07419284
1.045	  0.07336913
1.055	  0.07253765
1.065	  0.07169941
1.075	  0.07085539
1.085	  0.07000651
1.095	  0.06915366
1.105	  0.068297684
1.115	  0.06743939
1.125	  0.06657953
1.135	  0.06571884
1.145	  0.064858
1.155	  0.063997656
1.165	  0.06313845
1.175	  0.062280938
1.185	  0.06142569
1.195	  0.06057322
1.205	  0.059724018
1.215	  0.058878545
1.225	  0.058037236
1.235	  0.0572005
1.245	  0.056368712
1.255	  0.05554223
1.265	  0.054721393
1.275	  0.0539065
1.285	  0.053097848
1.295	  0.052295696
1.305	  0.051500298
1.315	  0.050711878
1.325	  0.049930647
1.335	  0.049156796
1.345	  0.048390504
1.355	  0.047631923
1.365	  0.046881206
1.375	  0.046138477
1.385	  0.045403853
1.395	  0.04467744
1.405	  0.043959327
1.415	  0.043249592
1.425	  0.042548306
1.435	  0.04185552
1.445	  0.041171286
1.455	  0.04049564
1.465	  0.039828613
1.475	  0.03917022
1.485	  0.038520478
1.495	  0.037879385
1.505	  0.037246943
1.515	  0.03662314
1.525	  0.036007956
1.535	  0.035401374
1.545	  0.034803364
1.555	  0.034213897
1.565	  0.03363293
1.575	  0.03306042
1.585	  0.032496322
1.595	  0.031940587
1.605	  0.031393155
1.615	  0.03085397
1.625	  0.03032297
1.635	  0.029800091
1.645	  0.029285267
1.655	  0.028778424
1.665	  0.028279494
1.675	  0.0277884
1.685	  0.027305068
1.695	  0.026829416
1.705	  0.026361369
1.715	  0.02590084
1.725	  0.025447752
1.735	  0.02500202
1.745	  0.024563557
1.755	  0.02413228
1.765	  0.0237081
1.775	  0.023290934
1.785	  0.02288069
1.795	  0.022477284
1.805	  0.022080626
1.815	  0.02169063
1.825	  0.021307204
1.835	  0.02093026
1.845	  0.020559711
1.855	  0.02019547
1.865	  0.019837443
1.875	  0.019485546
1.885	  0.019139692
1.895	  0.018799791
1.905	  0.018465757
1.915	  0.018137505
1.925	  0.017814947
1.935	  0.017497996
1.945	  0.017186569
1.955	  0.016880583
1.965	  0.01657995
1.975	  0.01628459
1.985	  0.01599442
1.995	  0.01570936
2.005	  0.0154293245
2.015	  0.015154237
2.025	  0.014884017
2.035	  0.014618587
2.045	  0.014357868
2.055	  0.014101783
2.065	  0.013850257
2.075	  0.013603214
2.085	  0.013360581
2.095	  0.013122284
2.105	  0.012888249
2.115	  0.012658407
2.125	  0.012432686
2.135	  0.012211016
2.145	  0.011993329
2.155	  0.011779557
2.165	  0.011569631
2.175	  0.011363489
2.185	  0.011161062
2.195	  0.010962287
2.205	  0.010767102
2.215	  0.010575443
2.225	  0.010387248
2.235	  0.010202459
2.245	  0.010021014
2.255	  0.009842855
2.265	  0.009667925
2.275	  0.0094961645
2.285	  0.00932752
2.295	  0.009161934
2.305	  0.008999354
2.315	  0.0088397255
2.325	  0.008682996
2.335	  0.008529114
2.345	  0.008378027
2.355	  0.008229687
2.365	  0.008084043
2.375	  0.007941047
2.385	  0.0078006512
2.395	  0.007662809
2.405	  0.007527474
2.415	  0.0073946
2.425	  0.0072641433
2.435	  0.0071360595
2.445	  0.007010306
2.455	  0.00688684
2.465	  0.0067656194
2.475	  0.0066466043
2.485	  0.006529753
2.495	  0.0064150277
2.505	  0.006302388
2.515	  0.006191796
2.525	  0.0060832147
2.535	  0.0059766066
2.545	  0.005871936
2.555	  0.005769167
2.565	  0.0056682653
2.575	  0.0055691954
2.585	  0.0054719243
2.595	  0.0053764186
2.605	  0.005282646
2.615	  0.0051905746
2.625	  0.0051001725
2.635	  0.0050114095
2.645	  0.004924255
2.655	  0.0048386795
2.665	  0.0047546537
2.675	  0.0046721487
2.685	  0.0045911367
2.695	  0.00451159
2.705	  0.004433482
2.715	  0.004356785
2.725	  0.0042814743
2.735	  0.004207523
2.745	  0.0041349065
2.755	  0.0040635997
2.765	  0.0039935787
2.775	  0.0039248196
2.785	  0.0038572992
2.795	  0.0037909944
2.805	  0.0037258826
2.815	  0.003661942
2.825	  0.0035991506
2.835	  0.0035374872
2.845	  0.003476931
2.855	  0.0034174614
2.865	  0.0033590584
2.875	  0.0033017022
2.885	  0.0032453733
2.895	  0.003190053
2.905	  0.0031357221
2.915	  0.003082363
2.925	  0.0030299572
2.935	  0.0029784872
2.945	  0.002927936
2.955	  0.002878286
2.965	  0.002829521
2.975	  0.0027816247
2.985	  0.0027345808
2.995	  0.0026883737
3.005	  0.0026429878
3.015	  0.0025984081
3.025	  0.00255462
3.035	  0.0025116082
3.045	  0.002469359
3.055	  0.0024278583
3.065	  0.002387092
3.075	  0.0023470467
3.085	  0.002307709
3.095	  0.0022690664
3.105	  0.0022311057
3.115	  0.0021938144
3.125	  0.00215718
3.135	  0.0021211912
3.145	  0.0020858352
3.155	  0.002051101
3.165	  0.0020169772
3.175	  0.0019834521
3.185	  0.0019505152
3.195	  0.0019181557
3.205	  0.0018863628
3.215	  0.0018551263
3.225	  0.001824436
3.235	  0.001794282
3.245	  0.0017646544
3.255	  0.0017355436
3.265	  0.0017069401
3.275	  0.0016788349
3.285	  0.0016512187
3.295	  0.0016240827
3.305	  0.0015974181
3.315	  0.0015712164
3.325	  0.0015454692
3.335	  0.001520168
3.345	  0.0014953051
3.355	  0.0014708722
3.365	  0.0014468618
3.375	  0.0014232659
3.385	  0.0014000774
3.395	  0.0013772886
3.405	  0.0013548924
3.415	  0.0013328817
3.425	  0.0013112496
3.435	  0.0012899892
3.445	  0.0012690937
3.455	  0.0012485568
3.465	  0.0012283718
3.475	  0.0012085324
3.485	  0.0011890325
3.495	  0.0011698658
3.505	  0.0011510266
3.515	  0.0011325089
3.525	  0.0011143067
3.535	  0.0010964148
3.545	  0.0010788272
3.555	  0.0010615387
3.565	  0.0010445439
3.575	  0.0010278376
3.585	  0.0010114146
3.595	  9.952699E-4
3.605	  9.793984E-4
3.615	  9.6379535E-4
3.625	  9.4845594E-4
3.635	  9.333755E-4
3.645	  9.185495E-4
3.655	  9.0397324E-4
3.665	  8.8964246E-4
3.675	  8.755527E-4
3.685	  8.6169975E-4
3.695	  8.480794E-4
3.705	  8.3468755E-4
3.715	  8.215201E-4
3.725	  8.085732E-4
3.735	  7.9584285E-4
3.745	  7.833253E-4
3.755	  7.7101676E-4
3.765	  7.589136E-4
3.775	  7.4701215E-4
3.785	  7.3530886E-4
3.795	  7.2380033E-4
3.805	  7.124831E-4
3.815	  7.0135377E-4
3.825	  6.904091E-4
3.835	  6.7964586E-4
3.845	  6.6906086E-4
3.855	  6.58651E-4
3.865	  6.484132E-4
3.875	  6.383445E-4
3.885	  6.284419E-4
3.895	  6.1870256E-4
3.905	  6.0912356E-4
3.915	  5.997022E-4
3.925	  5.904357E-4
3.935	  5.813214E-4
3.945	  5.723566E-4
3.955	  5.635388E-4
3.965	  5.5486534E-4
3.975	  5.4633385E-4
3.985	  5.379418E-4
3.995	  5.296868E-4
4.005	  5.215664E-4



DATASET #3

     Name: BPT Fit
   Points: 401
     Info: Mean = 100.0, Aperiodicity = 0.5, Duration = 30.0, Delta T = 1.0, Num Points = 500, Historic Open Interval = 0.0
Computed mean = 0.9936568

Data[x,y]:
0.0	  0.0
0.01	  0.0
0.02	  5.6277923E-38
0.03	  8.0641646E-25
0.04	  2.6623743E-18
0.05	  1.9967597E-14
0.06	  7.229821E-12
0.07	  4.665941E-10
0.08	  1.0294246E-8
0.09	  1.1137387E-7
0.1	  7.3325765E-7
0.11	  3.3690515E-6
0.12	  1.1832806E-5
0.13	  3.383001E-5
0.14	  8.233789E-5
0.15	  1.7628007E-4
0.16	  3.40212E-4
0.17	  6.030456E-4
0.18	  9.960837E-4
0.19	  0.0015507402
0.2	  0.0022963102
0.21	  0.0032580632
0.22	  0.004455821
0.23	  0.005903078
0.24	  0.007606636
0.25	  0.009566691
0.26	  0.011777264
0.27	  0.014226878
0.28	  0.016899386
0.29	  0.019774871
0.3	  0.022830555
0.31	  0.026041659
0.32	  0.0293822
0.33	  0.032825705
0.34	  0.03634579
0.35	  0.03991669
0.36	  0.043513644
0.37	  0.047113217
0.38	  0.05069352
0.39	  0.054234385
0.4	  0.05771745
0.41	  0.0611262
0.42	  0.06444598
0.43	  0.06766397
0.44	  0.070769094
0.45	  0.073751986
0.46	  0.076604865
0.47	  0.079321444
0.48	  0.08189683
0.49	  0.08432738
0.5	  0.086610645
0.51	  0.08874521
0.52	  0.0907306
0.53	  0.09256721
0.54	  0.09425617
0.55	  0.09579925
0.56	  0.097198814
0.57	  0.0984577
0.58	  0.099579185
0.59	  0.10056688
0.6	  0.1014247
0.61	  0.10215679
0.62	  0.102767475
0.63	  0.10326124
0.64	  0.10364266
0.65	  0.10391636
0.66	  0.10408703
0.67	  0.104159355
0.68	  0.10413798
0.69	  0.10402754
0.7	  0.103832595
0.71	  0.103557646
0.72	  0.10320709
0.73	  0.102785245
0.74	  0.102296315
0.75	  0.101744376
0.76	  0.101133406
0.77	  0.10046725
0.78	  0.09974962
0.79	  0.09898409
0.8	  0.09817414
0.81	  0.09732307
0.82	  0.09643408
0.83	  0.09551022
0.84	  0.09455443
0.85	  0.09356951
0.86	  0.09255812
0.87	  0.09152283
0.88	  0.09046606
0.89	  0.08939012
0.9	  0.088297226
0.91	  0.08718944
0.92	  0.086068764
0.93	  0.084937066
0.94	  0.08379612
0.95	  0.0826476
0.96	  0.081493095
0.97	  0.08033409
0.98	  0.07917201
0.99	  0.07800815
1.0	  0.07684378
1.01	  0.07568006
1.02	  0.07451808
1.03	  0.073358856
1.04	  0.07220336
1.05	  0.07105248
1.06	  0.06990705
1.07	  0.06876783
1.08	  0.06763555
1.09	  0.06651088
1.1	  0.065394424
1.11	  0.06428675
1.12	  0.0631884
1.13	  0.062099826
1.14	  0.061021484
1.15	  0.059953775
1.16	  0.058897056
1.17	  0.057851654
1.18	  0.056817874
1.19	  0.055795975
1.2	  0.054786194
1.21	  0.05378874
1.22	  0.052803796
1.23	  0.05183152
1.24	  0.050872047
1.25	  0.049925487
1.26	  0.048991933
1.27	  0.048071463
1.28	  0.04716413
1.29	  0.046269972
1.3	  0.045389008
1.31	  0.044521254
1.32	  0.043666694
1.33	  0.04282532
1.34	  0.04199709
1.35	  0.04118197
1.36	  0.0403799
1.37	  0.039590828
1.38	  0.03881467
1.39	  0.03805136
1.4	  0.0373008
1.41	  0.036562897
1.42	  0.03583755
1.43	  0.035124656
1.44	  0.0344241
1.45	  0.033735767
1.46	  0.03305953
1.47	  0.032395266
1.48	  0.031742845
1.49	  0.031102132
1.5	  0.030472992
1.51	  0.029855287
1.52	  0.029248875
1.53	  0.028653614
1.54	  0.028069356
1.55	  0.02749596
1.56	  0.026933273
1.57	  0.026381148
1.58	  0.025839439
1.59	  0.02530799
1.6	  0.024786657
1.61	  0.024275284
1.62	  0.023773724
1.63	  0.023281826
1.64	  0.02279944
1.65	  0.022326415
1.66	  0.021862604
1.67	  0.021407856
1.68	  0.020962024
1.69	  0.020524962
1.7	  0.020096522
1.71	  0.019676562
1.72	  0.019264936
1.73	  0.018861502
1.74	  0.018466119
1.75	  0.018078646
1.76	  0.017698945
1.77	  0.017326878
1.78	  0.016962312
1.79	  0.016605107
1.8	  0.016255137
1.81	  0.015912265
1.82	  0.0155763645
1.83	  0.015247306
1.84	  0.014924965
1.85	  0.014609215
1.86	  0.014299934
1.87	  0.013997
1.88	  0.013700293
1.89	  0.013409697
1.9	  0.013125095
1.91	  0.012846371
1.92	  0.012573414
1.93	  0.012306112
1.94	  0.012044356
1.95	  0.011788039
1.96	  0.011537054
1.97	  0.011291297
1.98	  0.011050666
1.99	  0.010815061
2.0	  0.0105843805
2.01	  0.010358528
2.02	  0.010137409
2.03	  0.009920928
2.04	  0.009708993
2.05	  0.009501512
2.06	  0.009298396
2.07	  0.009099558
2.08	  0.008904912
2.09	  0.008714371
2.1	  0.008527854
2.11	  0.008345279
2.12	  0.008166565
2.13	  0.007991632
2.14	  0.007820407
2.15	  0.0076528103
2.16	  0.007488769
2.17	  0.0073282095
2.18	  0.007171061
2.19	  0.007017252
2.2	  0.0068667145
2.21	  0.0067193806
2.22	  0.0065751835
2.23	  0.006434059
2.24	  0.006295942
2.25	  0.006160771
2.26	  0.0060284846
2.27	  0.005899022
2.28	  0.0057723247
2.29	  0.0056483345
2.3	  0.0055269953
2.31	  0.0054082507
2.32	  0.0052920473
2.33	  0.0051783305
2.34	  0.005067049
2.35	  0.0049581514
2.36	  0.0048515867
2.37	  0.0047473065
2.38	  0.0046452624
2.39	  0.004545407
2.4	  0.004447694
2.41	  0.004352078
2.42	  0.0042585144
2.43	  0.0041669603
2.44	  0.004077372
2.45	  0.003989709
2.46	  0.0039039298
2.47	  0.0038199944
2.48	  0.0037378634
2.49	  0.0036574984
2.5	  0.003578862
2.51	  0.0035019168
2.52	  0.0034266275
2.53	  0.003352958
2.54	  0.0032808743
2.55	  0.0032103423
2.56	  0.0031413285
2.57	  0.0030738008
2.58	  0.0030077272
2.59	  0.002943077
2.6	  0.002879819
2.61	  0.0028179237
2.62	  0.0027573619
2.63	  0.0026981048
2.64	  0.0026401249
2.65	  0.0025833943
2.66	  0.0025278863
2.67	  0.0024735746
2.68	  0.0024204336
2.69	  0.002368438
2.7	  0.0023175634
2.71	  0.0022677854
2.72	  0.0022190805
2.73	  0.0021714256
2.74	  0.002124798
2.75	  0.0020791758
2.76	  0.0020345373
2.77	  0.0019908613
2.78	  0.0019481267
2.79	  0.0019063136
2.8	  0.0018654021
2.81	  0.0018253726
2.82	  0.0017862062
2.83	  0.0017478842
2.84	  0.0017103885
2.85	  0.001673701
2.86	  0.0016378046
2.87	  0.0016026819
2.88	  0.0015683165
2.89	  0.0015346918
2.9	  0.0015017919
2.91	  0.0014696012
2.92	  0.0014381042
2.93	  0.0014072862
2.94	  0.0013771323
2.95	  0.0013476282
2.96	  0.0013187599
2.97	  0.0012905136
2.98	  0.0012628759
2.99	  0.0012358336
3.0	  0.0012093739
3.01	  0.0011834842
3.02	  0.0011581522
3.03	  0.0011333658
3.04	  0.0011091131
3.05	  0.0010853827
3.06	  0.0010621633
3.07	  0.0010394438
3.08	  0.0010172133
3.09	  9.954615E-4
3.1	  9.741778E-4
3.11	  9.533522E-4
3.12	  9.3297474E-4
3.13	  9.1303576E-4
3.14	  8.935258E-4
3.15	  8.7443553E-4
3.16	  8.557559E-4
3.17	  8.3747803E-4
3.18	  8.1959326E-4
3.19	  8.0209307E-4
3.2	  7.8496913E-4
3.21	  7.6821336E-4
3.22	  7.518177E-4
3.23	  7.357745E-4
3.24	  7.200761E-4
3.25	  7.047149E-4
3.26	  6.8968383E-4
3.27	  6.749756E-4
3.28	  6.605834E-4
3.29	  6.465002E-4
3.3	  6.327195E-4
3.31	  6.192346E-4
3.32	  6.060392E-4
3.33	  5.931271E-4
3.34	  5.804921E-4
3.35	  5.681282E-4
3.36	  5.560296E-4
3.37	  5.441906E-4
3.38	  5.3260545E-4
3.39	  5.2126887E-4
3.4	  5.1017536E-4
3.41	  4.993197E-4
3.42	  4.8869674E-4
3.43	  4.783015E-4
3.44	  4.6812903E-4
3.45	  4.5817453E-4
3.46	  4.4843333E-4
3.47	  4.389008E-4
3.48	  4.2957245E-4
3.49	  4.2044386E-4
3.5	  4.1151073E-4
3.51	  4.0276884E-4
3.52	  3.942141E-4
3.53	  3.8584243E-4
3.54	  3.776499E-4
3.55	  3.6963267E-4
3.56	  3.6178692E-4
3.57	  3.54109E-4
3.58	  3.4659528E-4
3.59	  3.3924222E-4
3.6	  3.3204636E-4
3.61	  3.250043E-4
3.62	  3.1811272E-4
3.63	  3.1136844E-4
3.64	  3.0476824E-4
3.65	  2.9830902E-4
3.66	  2.9198776E-4
3.67	  2.858015E-4
3.68	  2.797473E-4
3.69	  2.7382234E-4
3.7	  2.6802387E-4
3.71	  2.6234912E-4
3.72	  2.5679547E-4
3.73	  2.5136027E-4
3.74	  2.4604102E-4
3.75	  2.408352E-4
3.76	  2.3574039E-4
3.77	  2.307542E-4
3.78	  2.2587429E-4
3.79	  2.2109838E-4
3.8	  2.1642423E-4
3.81	  2.1184968E-4
3.82	  2.0737256E-4
3.83	  2.0299079E-4
3.84	  1.9870234E-4
3.85	  1.9450518E-4
3.86	  1.9039738E-4
3.87	  1.8637699E-4
3.88	  1.8244216E-4
3.89	  1.7859104E-4
3.9	  1.7482186E-4
3.91	  1.7113284E-4
3.92	  1.6752226E-4
3.93	  1.6398846E-4
3.94	  1.6052977E-4
3.95	  1.5714459E-4
3.96	  1.5383137E-4
3.97	  1.5058852E-4
3.98	  1.4741457E-4
3.99	  1.4430804E-4
4.0	  1.4126748E-4


