
X-Axis: Normalized Distance Along Strike
Y-Axis: Hypocenter Density
Number of Data Sets: 4


DATASET #1

     Name: 
   Points: 31
     Info: 

Data[x,y]:
0.05	  0.0074257427
0.15	  0.011551155
0.25	  0.011276128
0.35	  0.01980198
0.45	  0.019526953
0.55	  0.02310231
0.65	  0.031078108
0.75	  0.045929592
0.85	  0.06463146
0.95	  0.11991199
1.05	  0.032453246
1.15	  0.0330033
1.25	  0.026677668
1.35	  0.023377338
1.45	  0.030253025
1.55	  0.030253025
1.65	  0.023377338
1.75	  0.026677668
1.85	  0.0330033
1.95	  0.032453246
2.05	  0.11991199
2.15	  0.06463146
2.25	  0.045929592
2.35	  0.031078108
2.45	  0.02310231
2.55	  0.019526953
2.65	  0.01980198
2.75	  0.011276128
2.85	  0.011551155
2.95	  0.0074257427
3.05	  0.0



DATASET #2

     Name: 
   Points: 31
     Info: 

Data[x,y]:
0.05	  0.0
0.15	  0.0
0.25	  0.0
0.35	  0.0
0.45	  0.0
0.55	  0.0
0.65	  0.0
0.75	  0.0
0.85	  0.0
0.95	  0.0
1.05	  0.0
1.15	  0.0
1.25	  0.0
1.35	  0.0
1.45	  0.0
1.55	  0.0
1.65	  0.0
1.75	  0.0
1.85	  0.0
1.95	  0.0
2.05	  0.0
2.15	  0.0
2.25	  0.0
2.35	  0.0
2.45	  0.0
2.55	  0.0
2.65	  0.0
2.75	  0.0
2.85	  0.0
2.95	  0.0
3.05	  0.0



DATASET #3

Name: 
Num Points: 4
Info: 

X, Y Data:
0.021	  0.0016787678
0.021	  0.16619802
2.979	  0.16619802
2.979	  0.0016787678



DATASET #4

Name: 
Num Points: 4
Info: 

X, Y Data:
1.0	  0.0016787678
1.0	  0.14941034
2.0	  0.14941034
2.0	  0.0016787678


