
X-Axis: Normalized Interevent Time
Y-Axis: Probability
Number of Data Sets: 3


DATASET #1

     Name: JG Tune Base SW Histogram
   Points: 41
     Info: 

Data[x,y]:
0.05	  0.0054574604
0.15	  0.007982443
0.25	  0.0123490095
0.35	  0.017689059
0.45	  0.025362827
0.55	  0.03430101
0.65	  0.04656419
0.75	  0.0673136
0.85	  0.10632787
0.95	  0.15799627
1.05	  0.17409733
1.15	  0.13367529
1.25	  0.08337408
1.35	  0.049277045
1.45	  0.02876614
1.55	  0.017467795
1.65	  0.01106064
1.75	  0.0068056094
1.85	  0.0042796666
1.95	  0.0027642138
2.05	  0.001898257
2.15	  0.0013256044
2.25	  9.174871E-4
2.35	  6.741309E-4
2.45	  4.8010147E-4
2.55	  3.6766156E-4
2.65	  2.7821815E-4
2.75	  2.381014E-4
2.85	  1.831245E-4
2.95	  1.512571E-4
3.05	  1.0916277E-4
3.15	  8.949991E-5
3.25	  7.367922E-5
3.35	  5.6841483E-5
3.45	  4.1811825E-5
3.55	  3.5144534E-5
3.65	  2.9324781E-5
3.75	  2.3335519E-5
3.85	  2.2374978E-5
3.95	  1.9888868E-5
4.05	  7.345321E-5



DATASET #2

     Name: Log-Normal Fit
   Points: 401
     Info: 

Data[x,y]:
0.005	  0.0
0.015	  2.5819E-32
0.025	  3.7591952E-26
0.035	  3.5119865E-22
0.045	  2.4837807E-19
0.055	  3.7399046E-17
0.065	  2.0264099E-15
0.075	  5.3403327E-14
0.085	  8.265732E-13
0.095	  8.519392E-12
0.105	  6.382419E-11
0.115	  3.7024872E-10
0.125	  1.7432634E-9
0.135	  6.9046506E-9
0.145	  2.365375E-8
0.155	  7.164236E-8
0.165	  1.9525035E-7
0.175	  4.8570314E-7
0.185	  1.1158487E-6
0.195	  2.390715E-6
0.205	  4.815989E-6
0.215	  9.184935E-6
0.225	  1.6682172E-5
0.235	  2.900044E-5
0.245	  4.846428E-5
0.255	  7.8152894E-5
0.265	  1.2201318E-4
0.275	  1.8495393E-4
0.285	  2.729123E-4
0.295	  3.928855E-4
0.305	  5.5292196E-4
0.315	  7.6206896E-4
0.325	  0.0010302758
0.335	  0.0013682549
0.345	  0.001787304
0.355	  0.002299096
0.365	  0.002915444
0.375	  0.0036480494
0.385	  0.0045082415
0.395	  0.0055067195
0.405	  0.0066533023
0.415	  0.007956698
0.425	  0.009424292
0.435	  0.011061968
0.445	  0.012873965
0.455	  0.014862761
0.465	  0.017028999
0.475	  0.019371454
0.485	  0.021887029
0.495	  0.024570785
0.505	  0.02741602
0.515	  0.030414345
0.525	  0.03355581
0.535	  0.036829047
0.545	  0.04022142
0.555	  0.04371919
0.565	  0.04730771
0.575	  0.050971583
0.585	  0.054694854
0.595	  0.05846119
0.605	  0.062254064
0.615	  0.06605691
0.625	  0.0698533
0.635	  0.073627055
0.645	  0.07736244
0.655	  0.081044234
0.665	  0.08465787
0.675	  0.0881895
0.685	  0.0916261
0.695	  0.094955556
0.705	  0.09816666
0.715	  0.10124919
0.725	  0.10419395
0.735	  0.10699273
0.745	  0.10963837
0.755	  0.112124726
0.765	  0.11444667
0.775	  0.116600044
0.785	  0.11858166
0.795	  0.12038926
0.805	  0.12202145
0.815	  0.123477705
0.825	  0.124758266
0.835	  0.12586415
0.845	  0.12679705
0.855	  0.12755929
0.865	  0.1281538
0.875	  0.12858404
0.885	  0.12885398
0.895	  0.12896794
0.905	  0.12893073
0.915	  0.1287474
0.925	  0.12842333
0.935	  0.12796414
0.945	  0.1273756
0.955	  0.12666368
0.965	  0.12583447
0.975	  0.12489408
0.985	  0.12384874
0.995	  0.122704625
1.005	  0.12146796
1.015	  0.12014489
1.025	  0.11874149
1.035	  0.11726379
1.045	  0.11571766
1.055	  0.11410888
1.065	  0.11244311
1.075	  0.11072583
1.085	  0.10896234
1.095	  0.107157834
1.105	  0.105317265
1.115	  0.103445426
1.125	  0.10154692
1.135	  0.09962616
1.145	  0.097687356
1.155	  0.095734514
1.165	  0.09377146
1.175	  0.0918018
1.185	  0.089828975
1.195	  0.08785621
1.205	  0.085886545
1.215	  0.08392283
1.225	  0.081967756
1.235	  0.08002379
1.245	  0.07809327
1.255	  0.07617834
1.265	  0.07428099
1.275	  0.07240305
1.285	  0.0705462
1.295	  0.06871198
1.305	  0.06690177
1.315	  0.06511684
1.325	  0.06335831
1.335	  0.061627187
1.345	  0.05992437
1.355	  0.05825064
1.365	  0.05660667
1.375	  0.054993037
1.385	  0.053410225
1.395	  0.051858626
1.405	  0.050338555
1.415	  0.048850246
1.425	  0.04739386
1.435	  0.045969486
1.445	  0.044577155
1.455	  0.043216843
1.465	  0.041888457
1.475	  0.040591866
1.485	  0.039326884
1.495	  0.03809329
1.505	  0.03689082
1.515	  0.035719167
1.525	  0.034578
1.535	  0.033466958
1.545	  0.032385647
1.555	  0.031333655
1.565	  0.030310547
1.575	  0.029315865
1.585	  0.02834914
1.595	  0.027409885
1.605	  0.026497602
1.615	  0.025611782
1.625	  0.024751907
1.635	  0.023917453
1.645	  0.023107888
1.655	  0.02232268
1.665	  0.021561293
1.675	  0.020823186
1.685	  0.02010782
1.695	  0.019414661
1.705	  0.01874317
1.715	  0.018092815
1.725	  0.017463066
1.735	  0.016853396
1.745	  0.016263286
1.755	  0.01569222
1.765	  0.015139688
1.775	  0.014605191
1.785	  0.01408823
1.795	  0.01358832
1.805	  0.01310498
1.815	  0.012637737
1.825	  0.012186128
1.835	  0.011749698
1.845	  0.011328
1.855	  0.010920597
1.865	  0.010527061
1.875	  0.010146973
1.885	  0.009779922
1.895	  0.009425507
1.905	  0.009083337
1.915	  0.00875303
1.925	  0.008434212
1.935	  0.008126521
1.945	  0.007829599
1.955	  0.007543104
1.965	  0.0072666975
1.975	  0.0070000514
1.985	  0.006742848
1.995	  0.0064947763
2.005	  0.0062555354
2.015	  0.0060248314
2.025	  0.0058023795
2.035	  0.0055879033
2.045	  0.0053811343
2.055	  0.0051818117
2.065	  0.0049896818
2.075	  0.0048045
2.085	  0.004626028
2.095	  0.0044540344
2.105	  0.004288296
2.115	  0.0041285967
2.125	  0.0039747255
2.135	  0.0038264794
2.145	  0.0036836616
2.155	  0.0035460813
2.165	  0.0034135538
2.175	  0.003285901
2.185	  0.0031629498
2.195	  0.0030445333
2.205	  0.00293049
2.215	  0.0028206639
2.225	  0.0027149033
2.235	  0.0026130627
2.245	  0.002515001
2.255	  0.0024205819
2.265	  0.0023296739
2.275	  0.0022421496
2.285	  0.002157886
2.295	  0.002076765
2.305	  0.0019986718
2.315	  0.0019234958
2.325	  0.0018511304
2.335	  0.0017814728
2.345	  0.0017144234
2.355	  0.0016498864
2.365	  0.0015877694
2.375	  0.001527983
2.385	  0.0014704413
2.395	  0.0014150613
2.405	  0.001361763
2.415	  0.001310469
2.425	  0.0012611051
2.435	  0.0012135995
2.445	  0.001167883
2.455	  0.0011238892
2.465	  0.0010815536
2.475	  0.0010408144
2.485	  0.0010016119
2.495	  9.638887E-4
2.505	  9.275894E-4
2.515	  8.9266064E-4
2.525	  8.5905095E-4
2.535	  8.267109E-4
2.545	  7.955928E-4
2.555	  7.6565065E-4
2.565	  7.368403E-4
2.575	  7.091191E-4
2.585	  6.82446E-4
2.595	  6.5678154E-4
2.605	  6.3208764E-4
2.615	  6.083277E-4
2.625	  5.8546645E-4
2.635	  5.6346995E-4
2.645	  5.423055E-4
2.655	  5.219417E-4
2.665	  5.023482E-4
2.675	  4.8349585E-4
2.685	  4.6535663E-4
2.695	  4.479035E-4
2.705	  4.311105E-4
2.715	  4.1495258E-4
2.725	  3.9940566E-4
2.735	  3.8444664E-4
2.745	  3.7005314E-4
2.755	  3.562038E-4
2.765	  3.4287787E-4
2.775	  3.3005554E-4
2.785	  3.1771773E-4
2.795	  3.0584598E-4
2.805	  2.9442264E-4
2.815	  2.8343068E-4
2.825	  2.7285368E-4
2.835	  2.6267592E-4
2.845	  2.5288225E-4
2.855	  2.4345805E-4
2.865	  2.343893E-4
2.875	  2.256625E-4
2.885	  2.1726465E-4
2.895	  2.0918327E-4
2.905	  2.0140634E-4
2.915	  1.939223E-4
2.925	  1.8672002E-4
2.935	  1.797888E-4
2.945	  1.7311836E-4
2.955	  1.6669878E-4
2.965	  1.6052056E-4
2.975	  1.5457453E-4
2.985	  1.4885189E-4
2.995	  1.4334415E-4
3.005	  1.3804315E-4
3.015	  1.3294106E-4
3.025	  1.2803035E-4
3.035	  1.2330375E-4
3.045	  1.1875427E-4
3.055	  1.1437522E-4
3.065	  1.1016014E-4
3.075	  1.061028E-4
3.085	  1.0219725E-4
3.095	  9.8437726E-5
3.105	  9.4818715E-5
3.115	  9.13349E-5
3.125	  8.7981156E-5
3.135	  8.475257E-5
3.145	  8.1644415E-5
3.155	  7.865214E-5
3.165	  7.5771364E-5
3.175	  7.299788E-5
3.185	  7.032763E-5
3.195	  6.775674E-5
3.205	  6.5281434E-5
3.215	  6.289812E-5
3.225	  6.0603343E-5
3.235	  5.839375E-5
3.245	  5.6266144E-5
3.255	  5.421743E-5
3.265	  5.2244646E-5
3.275	  5.0344934E-5
3.285	  4.8515547E-5
3.295	  4.675384E-5
3.305	  4.5057277E-5
3.315	  4.3423406E-5
3.325	  4.1849875E-5
3.335	  4.0334424E-5
3.345	  3.887487E-5
3.355	  3.7469126E-5
3.365	  3.611517E-5
3.375	  3.4811066E-5
3.385	  3.355495E-5
3.395	  3.2345022E-5
3.405	  3.1179563E-5
3.415	  3.0056906E-5
3.425	  2.8975453E-5
3.435	  2.7933671E-5
3.445	  2.6930074E-5
3.455	  2.5963242E-5
3.465	  2.5031804E-5
3.475	  2.4134442E-5
3.485	  2.326989E-5
3.495	  2.2436923E-5
3.505	  2.163437E-5
3.515	  2.0861102E-5
3.525	  2.0116027E-5
3.535	  1.9398103E-5
3.545	  1.870632E-5
3.555	  1.8039711E-5
3.565	  1.7397342E-5
3.575	  1.6778316E-5
3.585	  1.618177E-5
3.595	  1.560687E-5
3.605	  1.5052819E-5
3.615	  1.4518846E-5
3.625	  1.4004208E-5
3.635	  1.35081955E-5
3.645	  1.3030118E-5
3.655	  1.2569317E-5
3.665	  1.2125155E-5
3.675	  1.1697021E-5
3.685	  1.12843245E-5
3.695	  1.0886499E-5
3.705	  1.0502998E-5
3.715	  1.0133294E-5
3.725	  9.776884E-6
3.735	  9.433279E-6
3.745	  9.10201E-6
3.755	  8.7826265E-6
3.765	  8.474692E-6
3.775	  8.177789E-6
3.785	  7.891514E-6
3.795	  7.615479E-6
3.805	  7.3493106E-6
3.815	  7.092649E-6
3.825	  6.845148E-6
3.835	  6.606474E-6
3.845	  6.3763055E-6
3.855	  6.1543333E-6
3.865	  5.94026E-6
3.875	  5.7337984E-6
3.885	  5.5346723E-6
3.895	  5.342616E-6
3.905	  5.157373E-6
3.915	  4.978697E-6
3.925	  4.80635E-6
3.935	  4.640103E-6
3.945	  4.479736E-6
3.955	  4.325037E-6
3.965	  4.1758008E-6
3.975	  4.0318305E-6
3.985	  3.8929365E-6
3.995	  3.7589364E-6
4.005	  3.6296537E-6



DATASET #3

     Name: BPT Fit
   Points: 401
     Info: Mean = 100.0, Aperiodicity = 0.5, Duration = 30.0, Delta T = 1.0, Num Points = 500, Historic Open Interval = 0.0
Computed mean = 0.9985849

Data[x,y]:
0.0	  0.0
0.01	  0.0
0.02	  0.0
0.03	  0.0
0.04	  0.0
0.05	  2.3929713E-36
0.06	  1.0249589E-29
0.07	  5.3245276E-25
0.08	  1.7627744E-21
0.09	  9.339221E-19
0.1	  1.3749109E-16
0.11	  7.987804E-15
0.12	  2.3132242E-13
0.13	  3.9246653E-12
0.14	  4.3776354E-11
0.15	  3.4929915E-10
0.16	  2.1239686E-9
0.17	  1.0329424E-8
0.18	  4.1714333E-8
0.19	  1.4408971E-7
0.2	  4.3590694E-7
0.21	  1.1772701E-6
0.22	  2.8831705E-6
0.23	  6.4860424E-6
0.24	  1.35477985E-5
0.25	  2.6512513E-5
0.26	  4.8981743E-5
0.27	  8.598714E-5
0.28	  1.4423107E-4
0.29	  2.3226591E-4
0.3	  3.6058697E-4
0.31	  5.416212E-4
0.32	  7.8960235E-4
0.33	  0.0011203344
0.34	  0.0015508521
0.35	  0.0020989964
0.36	  0.0027829276
0.37	  0.0036206024
0.38	  0.004629239
0.39	  0.0058247973
0.4	  0.0072214985
0.41	  0.008831398
0.42	  0.010664025
0.43	  0.012726113
0.44	  0.015021399
0.45	  0.017550519
0.46	  0.02031098
0.47	  0.023297217
0.48	  0.026500706
0.49	  0.02991015
0.5	  0.03351171
0.51	  0.03728927
0.52	  0.041224737
0.53	  0.045298368
0.54	  0.04948908
0.55	  0.0537748
0.56	  0.058132764
0.57	  0.06253986
0.58	  0.06697288
0.59	  0.07140883
0.6	  0.07582518
0.61	  0.08020005
0.62	  0.08451243
0.63	  0.08874235
0.64	  0.092871055
0.65	  0.09688103
0.66	  0.100756176
0.67	  0.10448183
0.68	  0.10804482
0.69	  0.11143348
0.7	  0.11463768
0.71	  0.117648765
0.72	  0.12045957
0.73	  0.123064354
0.74	  0.12545876
0.75	  0.12763976
0.76	  0.12960555
0.77	  0.13135555
0.78	  0.13289025
0.79	  0.13421117
0.8	  0.13532077
0.81	  0.13622239
0.82	  0.13692012
0.83	  0.13741875
0.84	  0.1377237
0.85	  0.13784093
0.86	  0.13777685
0.87	  0.1375383
0.88	  0.13713239
0.89	  0.13656656
0.9	  0.13584842
0.91	  0.13498574
0.92	  0.1339864
0.93	  0.1328583
0.94	  0.13160941
0.95	  0.1302476
0.96	  0.1287807
0.97	  0.12721644
0.98	  0.12556246
0.99	  0.123826206
1.0	  0.12201495
1.01	  0.12013577
1.02	  0.11819556
1.03	  0.116200976
1.04	  0.11415842
1.05	  0.112074085
1.06	  0.10995387
1.07	  0.10780347
1.08	  0.105628274
1.09	  0.10343344
1.1	  0.10122385
1.11	  0.09900413
1.12	  0.09677865
1.13	  0.09455153
1.14	  0.09232664
1.15	  0.0901076
1.16	  0.08789777
1.17	  0.085700326
1.18	  0.08351817
1.19	  0.08135402
1.2	  0.079210356
1.21	  0.07708946
1.22	  0.07499343
1.23	  0.07292417
1.24	  0.070883386
1.25	  0.06887264
1.26	  0.06689331
1.27	  0.064946614
1.28	  0.06303365
1.29	  0.06115534
1.3	  0.059312504
1.31	  0.05750581
1.32	  0.055735823
1.33	  0.054002997
1.34	  0.05230768
1.35	  0.05065012
1.36	  0.049030475
1.37	  0.04744882
1.38	  0.045905158
1.39	  0.044399407
1.4	  0.042931423
1.41	  0.041501
1.42	  0.040107876
1.43	  0.03875174
1.44	  0.037432227
1.45	  0.03614893
1.46	  0.034901414
1.47	  0.03368919
1.48	  0.032511752
1.49	  0.03136856
1.5	  0.030259054
1.51	  0.029182646
1.52	  0.028138734
1.53	  0.027126702
1.54	  0.02614591
1.55	  0.025195722
1.56	  0.024275482
1.57	  0.02338453
1.58	  0.022522204
1.59	  0.021687837
1.6	  0.020880759
1.61	  0.020100301
1.62	  0.0193458
1.63	  0.018616585
1.64	  0.017911999
1.65	  0.017231386
1.66	  0.016574098
1.67	  0.015939489
1.68	  0.015326924
1.69	  0.014735776
1.7	  0.014165427
1.71	  0.013615267
1.72	  0.013084698
1.73	  0.0125731295
1.74	  0.012079986
1.75	  0.011604697
1.76	  0.01114671
1.77	  0.0107054785
1.78	  0.010280471
1.79	  0.009871166
1.8	  0.009477055
1.81	  0.00909764
1.82	  0.008732438
1.83	  0.008380976
1.84	  0.00804279
1.85	  0.007717435
1.86	  0.0074044713
1.87	  0.0071034743
1.88	  0.006814031
1.89	  0.0065357387
1.9	  0.006268207
1.91	  0.006011056
1.92	  0.0057639177
1.93	  0.0055264346
1.94	  0.00529826
1.95	  0.0050790585
1.96	  0.004868503
1.97	  0.0046662795
1.98	  0.0044720806
1.99	  0.0042856117
2.0	  0.004106586
2.01	  0.003934726
2.02	  0.0037697642
2.03	  0.0036114412
2.04	  0.0034595064
2.05	  0.0033137181
2.06	  0.0031738419
2.07	  0.0030396525
2.08	  0.0029109314
2.09	  0.002787468
2.1	  0.0026690594
2.11	  0.0025555093
2.12	  0.002446629
2.13	  0.0023422358
2.14	  0.002242154
2.15	  0.002146214
2.16	  0.0020542524
2.17	  0.001966112
2.18	  0.0018816411
2.19	  0.0018006936
2.2	  0.0017231287
2.21	  0.0016488113
2.22	  0.0015776108
2.23	  0.001509402
2.24	  0.0014440638
2.25	  0.0013814804
2.26	  0.0013215397
2.27	  0.0012641345
2.28	  0.0012091615
2.29	  0.001156521
2.3	  0.0011061177
2.31	  0.0010578599
2.32	  0.0010116589
2.33	  9.6743036E-4
2.34	  9.2509255E-4
2.35	  8.845672E-4
2.36	  8.4577914E-4
2.37	  8.0865616E-4
2.38	  7.731289E-4
2.39	  7.391308E-4
2.4	  7.065979E-4
2.41	  6.7546876E-4
2.42	  6.4568454E-4
2.43	  6.1718875E-4
2.44	  5.89927E-4
2.45	  5.638474E-4
2.46	  5.388999E-4
2.47	  5.1503663E-4
2.48	  4.9221155E-4
2.49	  4.7038068E-4
2.5	  4.495017E-4
2.51	  4.2953406E-4
2.52	  4.1043892E-4
2.53	  3.92179E-4
2.54	  3.747186E-4
2.55	  3.5802342E-4
2.56	  3.420607E-4
2.57	  3.267989E-4
2.58	  3.1220797E-4
2.59	  2.9825894E-4
2.6	  2.8492417E-4
2.61	  2.7217716E-4
2.62	  2.5999243E-4
2.63	  2.4834572E-4
2.64	  2.3721368E-4
2.65	  2.2657399E-4
2.66	  2.1640527E-4
2.67	  2.0668702E-4
2.68	  1.9739966E-4
2.69	  1.8852438E-4
2.7	  1.8004324E-4
2.71	  1.71939E-4
2.72	  1.6419518E-4
2.73	  1.5679603E-4
2.74	  1.4972645E-4
2.75	  1.4297196E-4
2.76	  1.3651873E-4
2.77	  1.3035357E-4
2.78	  1.2446377E-4
2.79	  1.1883723E-4
2.8	  1.1346234E-4
2.81	  1.0832801E-4
2.82	  1.0342361E-4
2.83	  9.873901E-5
2.84	  9.426446E-5
2.85	  8.999069E-5
2.86	  8.5908796E-5
2.87	  8.201028E-5
2.88	  7.8287005E-5
2.89	  7.473119E-5
2.9	  7.1335395E-5
2.91	  6.8092515E-5
2.92	  6.499574E-5
2.93	  6.2038554E-5
2.94	  5.921475E-5
2.95	  5.6518384E-5
2.96	  5.3943757E-5
2.97	  5.1485436E-5
2.98	  4.913823E-5
2.99	  4.6897167E-5
3.0	  4.4757497E-5
3.01	  4.271468E-5
3.02	  4.076438E-5
3.03	  3.8902446E-5
3.04	  3.712491E-5
3.05	  3.5427995E-5
3.06	  3.380807E-5
3.07	  3.2261683E-5
3.08	  3.078552E-5
3.09	  2.9376424E-5
3.1	  2.8031376E-5
3.11	  2.674749E-5
3.12	  2.5522011E-5
3.13	  2.4352305E-5
3.14	  2.3235854E-5
3.15	  2.2170256E-5
3.16	  2.1153213E-5
3.17	  2.0182531E-5
3.18	  1.9256113E-5
3.19	  1.8371959E-5
3.2	  1.7528153E-5
3.21	  1.672287E-5
3.22	  1.5954365E-5
3.23	  1.522097E-5
3.24	  1.4521094E-5
3.25	  1.3853217E-5
3.26	  1.3215884E-5
3.27	  1.260771E-5
3.28	  1.2027371E-5
3.29	  1.1473601E-5
3.3	  1.0945192E-5
3.31	  1.044099E-5
3.32	  9.959895E-6
3.33	  9.500853E-6
3.34	  9.062861E-6
3.35	  8.64496E-6
3.36	  8.246235E-6
3.37	  7.8658095E-6
3.38	  7.5028497E-6
3.39	  7.1565596E-6
3.4	  6.8261775E-6
3.41	  6.5109766E-6
3.42	  6.210264E-6
3.43	  5.9233776E-6
3.44	  5.649685E-6
3.45	  5.388583E-6
3.46	  5.1394954E-6
3.47	  4.9018727E-6
3.48	  4.67519E-6
3.49	  4.4589465E-6
3.5	  4.2526635E-6
3.51	  4.055885E-6
3.52	  3.868175E-6
3.53	  3.6891183E-6
3.54	  3.5183175E-6
3.55	  3.3553938E-6
3.56	  3.199986E-6
3.57	  3.0517488E-6
3.58	  2.910353E-6
3.59	  2.7754843E-6
3.6	  2.6468429E-6
3.61	  2.5241427E-6
3.62	  2.40711E-6
3.63	  2.2954848E-6
3.64	  2.1890182E-6
3.65	  2.0874727E-6
3.66	  1.9906217E-6
3.67	  1.8982495E-6
3.68	  1.8101495E-6
3.69	  1.726125E-6
3.7	  1.6459884E-6
3.71	  1.5695604E-6
3.72	  1.4966699E-6
3.73	  1.4271542E-6
3.74	  1.3608573E-6
3.75	  1.2976309E-6
3.76	  1.2373332E-6
3.77	  1.1798293E-6
3.78	  1.1249899E-6
3.79	  1.0726923E-6
3.8	  1.0228189E-6
3.81	  9.752579E-7
3.82	  9.299022E-7
3.83	  8.866502E-7
3.84	  8.454045E-7
3.85	  8.0607236E-7
3.86	  7.685653E-7
3.87	  7.327989E-7
3.88	  6.986927E-7
3.89	  6.6616985E-7
3.9	  6.351571E-7
3.91	  6.0558455E-7
3.92	  5.7738544E-7
3.93	  5.504963E-7
3.94	  5.248564E-7
3.95	  5.004079E-7
3.96	  4.7709557E-7
3.97	  4.5486678E-7
3.98	  4.3367132E-7
3.99	  4.1346127E-7
4.0	  3.9419098E-7


