
X-Axis: Normalized Distance Along Strike
Y-Axis: Hypocenter Density
Number of Data Sets: 4


DATASET #1

     Name: 
   Points: 31
     Info: 

Data[x,y]:
0.05	  0.035714287
0.15	  0.028301887
0.25	  0.02425876
0.35	  0.030660378
0.45	  0.023921832
0.55	  0.03032345
0.65	  0.036051214
0.75	  0.041442048
0.85	  0.039757412
0.95	  0.057277627
1.05	  0.040768195
1.15	  0.03032345
1.25	  0.030660378
1.35	  0.025606468
1.45	  0.024932615
1.55	  0.024932615
1.65	  0.025606468
1.75	  0.030660378
1.85	  0.03032345
1.95	  0.040768195
2.05	  0.057277627
2.15	  0.039757412
2.25	  0.041442048
2.35	  0.036051214
2.45	  0.03032345
2.55	  0.023921832
2.65	  0.030660378
2.75	  0.02425876
2.85	  0.028301887
2.95	  0.035714287
3.05	  0.0



DATASET #2

     Name: 
   Points: 31
     Info: 

Data[x,y]:
0.05	  0.0
0.15	  0.0
0.25	  0.0
0.35	  0.0
0.45	  0.0
0.55	  0.0
0.65	  0.0
0.75	  0.0
0.85	  0.0
0.95	  0.0
1.05	  0.0
1.15	  0.0
1.25	  0.0
1.35	  0.0
1.45	  3.3692722E-4
1.55	  3.3692722E-4
1.65	  0.0
1.75	  0.0
1.85	  0.0
1.95	  0.0
2.05	  0.0
2.15	  0.0
2.25	  0.0
2.35	  0.0
2.45	  0.0
2.55	  0.0
2.65	  0.0
2.75	  0.0
2.85	  0.0
2.95	  0.0
3.05	  0.0



DATASET #3

Name: 
Num Points: 4
Info: 

X, Y Data:
0.021	  8.018868E-4
0.021	  0.07938679
2.979	  0.07938679
2.979	  8.018868E-4



DATASET #4

Name: 
Num Points: 4
Info: 

X, Y Data:
1.0	  8.018868E-4
1.0	  0.07136793
2.0	  0.07136793
2.0	  8.018868E-4


