
X-Axis: Normalized Interevent Time
Y-Axis: Probability
Number of Data Sets: 3


DATASET #1

     Name: Bruce 2769 Histogram
   Points: 41
     Info: 

Data[x,y]:
0.05	  0.0080151865
0.15	  0.009702594
0.25	  0.01666315
0.35	  0.02038951
0.45	  0.021795683
0.55	  0.039513465
0.65	  0.072488226
0.75	  0.06848063
0.85	  0.123743236
0.95	  0.19250509
1.05	  0.1494059
1.15	  0.10686915
1.25	  0.06306686
1.35	  0.024608029
1.45	  0.011882163
1.55	  0.010968151
1.65	  0.00836673
1.75	  0.007944878
1.85	  0.0074527175
1.95	  0.0045700627
2.05	  0.0037263588
2.15	  0.0035154328
2.25	  0.0026717288
2.35	  0.0033748155
2.45	  0.0033748155
2.55	  0.001617099
2.65	  0.001828025
2.75	  0.0013358644
2.85	  7.0308655E-4
2.95	  4.9216056E-4
3.05	  0.0011249385
3.15	  9.843211E-4
3.25	  0.0010546298
3.35	  9.140125E-4
3.45	  5.6246924E-4
3.55	  4.2185193E-4
3.65	  2.1092597E-4
3.75	  1.4061731E-4
3.85	  2.8123462E-4
3.95	  4.2185193E-4
4.05	  0.0028123462



DATASET #2

     Name: Log-Normal Fit
   Points: 401
     Info: 

Data[x,y]:
0.005	  0.0
0.015	  1.1975021E-15
0.025	  9.925169E-13
0.035	  7.500335E-11
0.045	  1.6415245E-9
0.055	  1.6996326E-8
0.065	  1.0740641E-7
0.075	  4.803907E-7
0.085	  1.6685393E-6
0.095	  4.7853914E-6
0.105	  1.1823941E-5
0.115	  2.5945303E-5
0.125	  5.170418E-5
0.135	  9.5170675E-5
0.145	  1.639277E-4
0.155	  2.6694316E-4
0.165	  4.143323E-4
0.175	  6.17036E-4
0.185	  8.864459E-4
0.195	  0.0012340067
0.205	  0.0016708237
0.215	  0.002207298
0.225	  0.0028528064
0.235	  0.0036154364
0.245	  0.0045017824
0.255	  0.0055168034
0.265	  0.0066637443
0.275	  0.007944106
0.285	  0.009357671
0.295	  0.010902569
0.305	  0.012575369
0.315	  0.014371214
0.325	  0.01628396
0.335	  0.018306326
0.345	  0.020430071
0.355	  0.022646153
0.365	  0.02494489
0.375	  0.02731612
0.385	  0.029749354
0.395	  0.032233912
0.405	  0.034759052
0.415	  0.03731409
0.425	  0.039888497
0.435	  0.042471997
0.445	  0.045054633
0.455	  0.047626853
0.465	  0.05017954
0.475	  0.052704085
0.485	  0.055192392
0.495	  0.057636917
0.505	  0.06003069
0.515	  0.062367313
0.525	  0.06464096
0.535	  0.0668464
0.545	  0.06897894
0.555	  0.071034476
0.565	  0.07300942
0.575	  0.0749007
0.585	  0.07670577
0.595	  0.07842253
0.605	  0.08004935
0.615	  0.08158503
0.625	  0.08302875
0.635	  0.08438008
0.645	  0.08563895
0.655	  0.086805575
0.665	  0.08788051
0.675	  0.08886454
0.685	  0.08975873
0.695	  0.09056436
0.705	  0.0912829
0.715	  0.091916
0.725	  0.09246549
0.735	  0.09293332
0.745	  0.09332156
0.755	  0.0936324
0.765	  0.09386811
0.775	  0.09403101
0.785	  0.09412353
0.795	  0.09414808
0.805	  0.09410716
0.815	  0.09400325
0.825	  0.093838885
0.835	  0.09361655
0.845	  0.09333877
0.855	  0.093008034
0.865	  0.09262681
0.875	  0.09219754
0.885	  0.09172263
0.895	  0.09120446
0.905	  0.090645365
0.915	  0.09004762
0.925	  0.08941347
0.935	  0.0887451
0.945	  0.088044636
0.955	  0.087314144
0.965	  0.08655565
0.975	  0.085771106
0.985	  0.084962405
0.995	  0.08413138
1.005	  0.08327982
1.015	  0.08240942
1.025	  0.08152184
1.035	  0.080618665
1.045	  0.07970142
1.055	  0.07877159
1.065	  0.077830575
1.075	  0.076879725
1.085	  0.075920336
1.095	  0.074953645
1.105	  0.07398083
1.115	  0.07300303
1.125	  0.072021306
1.135	  0.07103669
1.145	  0.07005016
1.155	  0.06906262
1.165	  0.068074964
1.175	  0.06708802
1.185	  0.06610257
1.195	  0.06511936
1.205	  0.06413909
1.215	  0.063162416
1.225	  0.06218996
1.235	  0.061222307
1.245	  0.060260005
1.255	  0.059303567
1.265	  0.058353465
1.275	  0.05741015
1.285	  0.05647404
1.295	  0.055545516
1.305	  0.054624937
1.315	  0.053712633
1.325	  0.052808907
1.335	  0.051914036
1.345	  0.051028278
1.355	  0.050151866
1.365	  0.049285002
1.375	  0.048427887
1.385	  0.047580685
1.395	  0.046743546
1.405	  0.045916606
1.415	  0.045099977
1.425	  0.044293765
1.435	  0.043498054
1.445	  0.042712912
1.455	  0.041938394
1.465	  0.04117455
1.475	  0.040421408
1.485	  0.039678983
1.495	  0.038947295
1.505	  0.038226333
1.515	  0.03751609
1.525	  0.03681655
1.535	  0.036127675
1.545	  0.035449438
1.555	  0.03478179
1.565	  0.03412468
1.575	  0.033478055
1.585	  0.032841846
1.595	  0.032215986
1.605	  0.0316004
1.615	  0.030995013
1.625	  0.030399736
1.635	  0.02981448
1.645	  0.029239157
1.655	  0.028673671
1.665	  0.028117923
1.675	  0.02757181
1.685	  0.027035233
1.695	  0.02650808
1.705	  0.025990244
1.715	  0.025481617
1.725	  0.024982084
1.735	  0.024491534
1.745	  0.02400985
1.755	  0.023536917
1.765	  0.023072619
1.775	  0.022616839
1.785	  0.022169456
1.795	  0.021730356
1.805	  0.021299416
1.815	  0.020876518
1.825	  0.020461544
1.835	  0.020054378
1.845	  0.019654894
1.855	  0.01926298
1.865	  0.018878516
1.875	  0.018501384
1.885	  0.018131467
1.895	  0.017768648
1.905	  0.017412813
1.915	  0.017063845
1.925	  0.016721632
1.935	  0.016386062
1.945	  0.016057018
1.955	  0.015734393
1.965	  0.015418075
1.975	  0.015107955
1.985	  0.0148039255
1.995	  0.014505879
2.005	  0.014213709
2.015	  0.013927313
2.025	  0.013646586
2.035	  0.013371427
2.045	  0.013101734
2.055	  0.012837409
2.065	  0.012578352
2.075	  0.012324467
2.085	  0.012075659
2.095	  0.011831833
2.105	  0.011592896
2.115	  0.011358756
2.125	  0.011129323
2.135	  0.010904509
2.145	  0.010684225
2.155	  0.010468385
2.165	  0.010256904
2.175	  0.010049699
2.185	  0.009846687
2.195	  0.009647788
2.205	  0.00945292
2.215	  0.009262008
2.225	  0.009074973
2.235	  0.008891738
2.245	  0.008712231
2.255	  0.008536377
2.265	  0.008364105
2.275	  0.008195343
2.285	  0.008030023
2.295	  0.007868076
2.305	  0.0077094347
2.315	  0.007554034
2.325	  0.007401808
2.335	  0.007252694
2.345	  0.007106629
2.355	  0.006963553
2.365	  0.006823404
2.375	  0.0066861245
2.385	  0.006551656
2.395	  0.006419942
2.405	  0.0062909257
2.415	  0.0061645536
2.425	  0.0060407715
2.435	  0.0059195263
2.445	  0.0058007673
2.455	  0.005684443
2.465	  0.005570504
2.475	  0.005458901
2.485	  0.0053495876
2.495	  0.0052425154
2.505	  0.0051376396
2.515	  0.0050349142
2.525	  0.0049342955
2.535	  0.0048357397
2.545	  0.0047392054
2.555	  0.00464465
2.565	  0.0045520333
2.575	  0.004461315
2.585	  0.004372456
2.595	  0.004285418
2.605	  0.0042001633
2.615	  0.004116655
2.625	  0.004034857
2.635	  0.0039547337
2.645	  0.0038762507
2.655	  0.003799374
2.665	  0.00372407
2.675	  0.0036503067
2.685	  0.0035780517
2.695	  0.0035072737
2.705	  0.0034379421
2.715	  0.003370027
2.725	  0.003303499
2.735	  0.003238329
2.745	  0.0031744891
2.755	  0.0031119515
2.765	  0.0030506891
2.775	  0.0029906754
2.785	  0.0029318845
2.795	  0.002874291
2.805	  0.0028178701
2.815	  0.0027625973
2.825	  0.0027084486
2.835	  0.002655401
2.845	  0.002603431
2.855	  0.0025525165
2.865	  0.0025026358
2.875	  0.0024537672
2.885	  0.0024058896
2.895	  0.0023589823
2.905	  0.0023130255
2.915	  0.002267999
2.925	  0.002223884
2.935	  0.002180661
2.945	  0.0021383117
2.955	  0.0020968183
2.965	  0.0020561623
2.975	  0.0020163269
2.985	  0.0019772947
2.995	  0.0019390493
3.005	  0.0019015743
3.015	  0.0018648537
3.025	  0.0018288718
3.035	  0.0017936133
3.045	  0.0017590632
3.055	  0.001725207
3.065	  0.0016920301
3.075	  0.0016595186
3.085	  0.0016276586
3.095	  0.0015964366
3.105	  0.0015658396
3.115	  0.0015358545
3.125	  0.0015064687
3.135	  0.0014776698
3.145	  0.0014494458
3.155	  0.0014217847
3.165	  0.0013946749
3.175	  0.0013681051
3.185	  0.0013420641
3.195	  0.0013165411
3.205	  0.0012915253
3.215	  0.0012670063
3.225	  0.001242974
3.235	  0.0012194181
3.245	  0.0011963291
3.255	  0.0011736974
3.265	  0.0011515134
3.275	  0.0011297682
3.285	  0.0011084524
3.295	  0.0010875576
3.305	  0.001067075
3.315	  0.0010469961
3.325	  0.0010273127
3.335	  0.0010080168
3.345	  9.891003E-4
3.355	  9.705555E-4
3.365	  9.523749E-4
3.375	  9.34551E-4
3.385	  9.170766E-4
3.395	  8.9994445E-4
3.405	  8.8314764E-4
3.415	  8.666794E-4
3.425	  8.5053296E-4
3.435	  8.347018E-4
3.445	  8.191796E-4
3.455	  8.0395996E-4
3.465	  7.890368E-4
3.475	  7.744041E-4
3.485	  7.6005596E-4
3.495	  7.459866E-4
3.505	  7.3219044E-4
3.515	  7.1866193E-4
3.525	  7.0539565E-4
3.535	  6.9238635E-4
3.545	  6.7962875E-4
3.555	  6.671178E-4
3.565	  6.5484864E-4
3.575	  6.4281625E-4
3.585	  6.310159E-4
3.595	  6.19443E-4
3.605	  6.0809293E-4
3.615	  5.969612E-4
3.625	  5.860434E-4
3.635	  5.753353E-4
3.645	  5.648327E-4
3.655	  5.545314E-4
3.665	  5.444275E-4
3.675	  5.34517E-4
3.685	  5.2479596E-4
3.695	  5.152607E-4
3.705	  5.059074E-4
3.715	  4.9673254E-4
3.725	  4.8773256E-4
3.735	  4.789039E-4
3.745	  4.7024322E-4
3.755	  4.6174714E-4
3.765	  4.5341245E-4
3.775	  4.4523587E-4
3.785	  4.372143E-4
3.795	  4.2934468E-4
3.805	  4.2162396E-4
3.815	  4.1404925E-4
3.825	  4.0661765E-4
3.835	  3.993263E-4
3.845	  3.9217243E-4
3.855	  3.8515337E-4
3.865	  3.7826644E-4
3.875	  3.7150906E-4
3.885	  3.6487862E-4
3.895	  3.583727E-4
3.905	  3.519888E-4
3.915	  3.4572455E-4
3.925	  3.395776E-4
3.935	  3.335456E-4
3.945	  3.2762642E-4
3.955	  3.2181773E-4
3.965	  3.1611742E-4
3.975	  3.105234E-4
3.985	  3.0503355E-4
3.995	  2.9964585E-4
4.005	  2.9435832E-4



DATASET #3

     Name: BPT Fit
   Points: 401
     Info: Mean = 100.0, Aperiodicity = 0.5, Duration = 30.0, Delta T = 1.0, Num Points = 500, Historic Open Interval = 0.0
Computed mean = 0.99505216

Data[x,y]:
0.0	  0.0
0.01	  0.0
0.02	  5.6E-45
0.03	  2.2157884E-29
0.04	  1.2149405E-21
0.05	  4.9114673E-17
0.06	  5.4607696E-14
0.07	  7.846443E-12
0.08	  3.1525685E-10
0.09	  5.4326157E-9
0.1	  5.1869435E-8
0.11	  3.22829E-7
0.12	  1.4593123E-6
0.13	  5.16262E-6
0.14	  1.5074712E-5
0.15	  3.777398E-5
0.16	  8.362811E-5
0.17	  1.6725493E-4
0.18	  3.074408E-4
0.19	  5.2649964E-4
0.2	  8.4917265E-4
0.21	  0.0013012381
0.22	  0.001908022
0.23	  0.0026929786
0.24	  0.003676471
0.25	  0.0048748315
0.26	  0.0062997295
0.27	  0.007957852
0.28	  0.0098508615
0.29	  0.011975577
0.3	  0.014324353
0.31	  0.01688557
0.32	  0.019644212
0.33	  0.022582486
0.34	  0.025680447
0.35	  0.028916588
0.36	  0.03226841
0.37	  0.035712924
0.38	  0.039227117
0.39	  0.04278831
0.4	  0.04637452
0.41	  0.049964678
0.42	  0.05353887
0.43	  0.057078492
0.44	  0.06056634
0.45	  0.06398669
0.46	  0.067325346
0.47	  0.07056962
0.48	  0.073708326
0.49	  0.076731764
0.5	  0.07963162
0.51	  0.082400955
0.52	  0.08503409
0.53	  0.087526545
0.54	  0.08987494
0.55	  0.09207695
0.56	  0.094131164
0.57	  0.09603705
0.58	  0.097794846
0.59	  0.099405475
0.6	  0.1008705
0.61	  0.10219202
0.62	  0.103372626
0.63	  0.10441532
0.64	  0.10532347
0.65	  0.10610074
0.66	  0.10675105
0.67	  0.107278526
0.68	  0.10768747
0.69	  0.1079823
0.7	  0.10816754
0.71	  0.108247735
0.72	  0.10822752
0.73	  0.10811149
0.74	  0.10790426
0.75	  0.10761038
0.76	  0.10723438
0.77	  0.10678069
0.78	  0.1062537
0.79	  0.10565767
0.8	  0.104996786
0.81	  0.10427513
0.82	  0.10349665
0.83	  0.1026652
0.84	  0.101784505
0.85	  0.100858144
0.86	  0.099889606
0.87	  0.09888222
0.88	  0.09783921
0.89	  0.09676365
0.9	  0.0956585
0.91	  0.094526604
0.92	  0.09337066
0.93	  0.09219325
0.94	  0.09099685
0.95	  0.089783795
0.96	  0.08855633
0.97	  0.08731655
0.98	  0.0860665
0.99	  0.08480806
1.0	  0.08354303
1.01	  0.08227313
1.02	  0.08099996
1.03	  0.07972504
1.04	  0.07844978
1.05	  0.07717553
1.06	  0.07590354
1.07	  0.074635
1.08	  0.073371
1.09	  0.07211257
1.1	  0.07086067
1.11	  0.06961619
1.12	  0.06837997
1.13	  0.06715275
1.14	  0.06593528
1.15	  0.06472817
1.16	  0.063532054
1.17	  0.06234747
1.18	  0.06117492
1.19	  0.06001487
1.2	  0.05886773
1.21	  0.05773388
1.22	  0.056613646
1.23	  0.05550734
1.24	  0.054415222
1.25	  0.05333752
1.26	  0.05227445
1.27	  0.051226173
1.28	  0.050192837
1.29	  0.049174562
1.3	  0.048171446
1.31	  0.047183562
1.32	  0.04621096
1.33	  0.04525367
1.34	  0.044311713
1.35	  0.043385074
1.36	  0.04247374
1.37	  0.04157767
1.38	  0.04069682
1.39	  0.039831117
1.4	  0.038980488
1.41	  0.03814485
1.42	  0.0373241
1.43	  0.036518134
1.44	  0.035726838
1.45	  0.034950078
1.46	  0.034187727
1.47	  0.033439647
1.48	  0.03270569
1.49	  0.031985708
1.5	  0.031279538
1.51	  0.030587025
1.52	  0.029908
1.53	  0.029242298
1.54	  0.028589742
1.55	  0.027950162
1.56	  0.027323376
1.57	  0.026709206
1.58	  0.026107473
1.59	  0.025517993
1.6	  0.024940578
1.61	  0.02437505
1.62	  0.02382122
1.63	  0.023278901
1.64	  0.022747912
1.65	  0.022228062
1.66	  0.021719169
1.67	  0.021221047
1.68	  0.020733511
1.69	  0.02025638
1.7	  0.01978947
1.71	  0.019332599
1.72	  0.01888559
1.73	  0.01844826
1.74	  0.018020434
1.75	  0.017601937
1.76	  0.017192595
1.77	  0.016792234
1.78	  0.016400684
1.79	  0.016017776
1.8	  0.015643345
1.81	  0.015277225
1.82	  0.014919252
1.83	  0.014569268
1.84	  0.014227113
1.85	  0.013892631
1.86	  0.013565668
1.87	  0.013246071
1.88	  0.01293369
1.89	  0.012628379
1.9	  0.012329993
1.91	  0.012038386
1.92	  0.01175342
1.93	  0.011474956
1.94	  0.011202857
1.95	  0.0109369885
1.96	  0.010677219
1.97	  0.01042342
1.98	  0.010175463
1.99	  0.009933224
2.0	  0.009696579
2.01	  0.009465408
2.02	  0.009239591
2.03	  0.009019014
2.04	  0.008803561
2.05	  0.0085931225
2.06	  0.008387585
2.07	  0.008186843
2.08	  0.0079907905
2.09	  0.0077993223
2.1	  0.0076123383
2.11	  0.0074297376
2.12	  0.007251423
2.13	  0.007077298
2.14	  0.0069072694
2.15	  0.006741245
2.16	  0.006579134
2.17	  0.0064208484
2.18	  0.006266302
2.19	  0.006115409
2.2	  0.005968088
2.21	  0.0058242558
2.22	  0.0056838333
2.23	  0.0055467435
2.24	  0.005412909
2.25	  0.005282256
2.26	  0.0051547103
2.27	  0.0050302013
2.28	  0.0049086586
2.29	  0.0047900137
2.3	  0.004674199
2.31	  0.00456115
2.32	  0.0044508018
2.33	  0.0043430915
2.34	  0.004237958
2.35	  0.004135342
2.36	  0.0040351828
2.37	  0.0039374246
2.38	  0.003842011
2.39	  0.0037488868
2.4	  0.003657998
2.41	  0.0035692926
2.42	  0.0034827192
2.43	  0.0033982275
2.44	  0.0033157684
2.45	  0.003235294
2.46	  0.0031567577
2.47	  0.0030801133
2.48	  0.0030053162
2.49	  0.0029323227
2.5	  0.00286109
2.51	  0.0027915763
2.52	  0.0027237409
2.53	  0.0026575439
2.54	  0.0025929462
2.55	  0.0025299098
2.56	  0.0024683974
2.57	  0.002408373
2.58	  0.0023498007
2.59	  0.002292646
2.6	  0.0022368752
2.61	  0.002182455
2.62	  0.0021293531
2.63	  0.002077538
2.64	  0.0020269789
2.65	  0.0019776456
2.66	  0.0019295086
2.67	  0.0018825395
2.68	  0.00183671
2.69	  0.0017919928
2.7	  0.0017483612
2.71	  0.0017057889
2.72	  0.0016642506
2.73	  0.0016237214
2.74	  0.0015841769
2.75	  0.0015455934
2.76	  0.0015079478
2.77	  0.0014712174
2.78	  0.00143538
2.79	  0.0014004143
2.8	  0.001366299
2.81	  0.0013330136
2.82	  0.0013005382
2.83	  0.0012688531
2.84	  0.0012379391
2.85	  0.0012077776
2.86	  0.0011783505
2.87	  0.00114964
2.88	  0.0011216284
2.89	  0.0010942991
2.9	  0.0010676356
2.91	  0.0010416216
2.92	  0.0010162413
2.93	  9.914794E-4
2.94	  9.6732087E-4
2.95	  9.437511E-4
2.96	  9.207558E-4
2.97	  8.983209E-4
2.98	  8.76433E-4
2.99	  8.5507863E-4
3.0	  8.342448E-4
3.01	  8.13919E-4
3.02	  7.940888E-4
3.03	  7.7474216E-4
3.04	  7.558673E-4
3.05	  7.374527E-4
3.06	  7.194872E-4
3.07	  7.019599E-4
3.08	  6.848601E-4
3.09	  6.681774E-4
3.1	  6.519016E-4
3.11	  6.360228E-4
3.12	  6.205314E-4
3.13	  6.054179E-4
3.14	  5.9067307E-4
3.15	  5.762879E-4
3.16	  5.6225376E-4
3.17	  5.48562E-4
3.18	  5.3520425E-4
3.19	  5.2217237E-4
3.2	  5.094585E-4
3.21	  4.970547E-4
3.22	  4.8495363E-4
3.23	  4.7314775E-4
3.24	  4.6162994E-4
3.25	  4.5039313E-4
3.26	  4.3943044E-4
3.27	  4.2873522E-4
3.28	  4.1830094E-4
3.29	  4.081212E-4
3.3	  3.9818985E-4
3.31	  3.8850075E-4
3.32	  3.7904803E-4
3.33	  3.698259E-4
3.34	  3.6082874E-4
3.35	  3.5205105E-4
3.36	  3.4348748E-4
3.37	  3.351328E-4
3.38	  3.2698188E-4
3.39	  3.190298E-4
3.4	  3.1127164E-4
3.41	  3.0370272E-4
3.42	  2.9631838E-4
3.43	  2.8911413E-4
3.44	  2.8208556E-4
3.45	  2.7522838E-4
3.46	  2.6853842E-4
3.47	  2.6201157E-4
3.48	  2.5564386E-4
3.49	  2.4943138E-4
3.5	  2.4337038E-4
3.51	  2.3745713E-4
3.52	  2.3168803E-4
3.53	  2.2605955E-4
3.54	  2.2056827E-4
3.55	  2.1521082E-4
3.56	  2.0998395E-4
3.57	  2.0488445E-4
3.58	  1.9990922E-4
3.59	  1.9505523E-4
3.6	  1.9031951E-4
3.61	  1.8569916E-4
3.62	  1.8119138E-4
3.63	  1.7679342E-4
3.64	  1.7250258E-4
3.65	  1.6831626E-4
3.66	  1.642319E-4
3.67	  1.6024701E-4
3.68	  1.5635916E-4
3.69	  1.52566E-4
3.7	  1.4886519E-4
3.71	  1.4525448E-4
3.72	  1.4173168E-4
3.73	  1.3829464E-4
3.74	  1.3494126E-4
3.75	  1.316695E-4
3.76	  1.2847738E-4
3.77	  1.2536293E-4
3.78	  1.2232427E-4
3.79	  1.1935955E-4
3.8	  1.1646697E-4
3.81	  1.13644746E-4
3.82	  1.1089119E-4
3.83	  1.0820461E-4
3.84	  1.0558336E-4
3.85	  1.0302588E-4
3.86	  1.0053058E-4
3.87	  9.809596E-5
3.88	  9.5720534E-5
3.89	  9.340286E-5
3.9	  9.1141526E-5
3.91	  8.8935165E-5
3.92	  8.678243E-5
3.93	  8.4682004E-5
3.94	  8.263263E-5
3.95	  8.063305E-5
3.96	  7.868205E-5
3.97	  7.677846E-5
3.98	  7.49211E-5
3.99	  7.3108866E-5
4.0	  7.134064E-5


