
X-Axis: Normalized Interevent Time
Y-Axis: Probability
Number of Data Sets: 3


DATASET #1

     Name: overS0_3 Histogram
   Points: 41
     Info: 

Data[x,y]:
0.05	  0.06507953
0.15	  0.041516848
0.25	  0.04342994
0.35	  0.043312952
0.45	  0.044438098
0.55	  0.04562518
0.65	  0.047090966
0.75	  0.04749354
0.85	  0.052727018
0.95	  0.06713026
1.05	  0.07598003
1.15	  0.072494484
1.25	  0.066301025
1.35	  0.056821585
1.45	  0.045642383
1.55	  0.037859265
1.65	  0.030554418
1.75	  0.02416827
1.85	  0.019241026
1.95	  0.015628172
2.05	  0.012152951
2.15	  0.009207616
2.25	  0.007841612
2.35	  0.005976692
2.45	  0.004517787
2.55	  0.00393629
2.65	  0.0029074869
2.75	  0.0024877077
2.85	  0.0018236308
2.95	  0.0015208393
3.05	  0.0010425663
3.15	  8.6708483E-4
3.25	  6.6063605E-4
3.35	  4.6795054E-4
3.45	  4.541873E-4
3.55	  2.8558748E-4
3.65	  2.7182422E-4
3.75	  2.0988958E-4
3.85	  1.3763251E-4
3.95	  1.2042845E-4
4.05	  5.746157E-4



DATASET #2

     Name: Log-Normal Fit
   Points: 401
     Info: 

Data[x,y]:
0.005	  4.735101E-13
0.015	  1.2498476E-9
0.025	  6.968194E-8
0.035	  8.948256E-7
0.045	  5.368452E-6
0.055	  2.0490063E-5
0.065	  5.8321526E-5
0.075	  1.3554475E-4
0.085	  2.7198964E-4
0.095	  4.887346E-4
0.105	  8.062649E-4
0.115	  0.001242971
0.125	  0.001814091
0.135	  0.0025310945
0.145	  0.0034014436
0.155	  0.0044286475
0.165	  0.005612522
0.175	  0.006949585
0.185	  0.0084335245
0.195	  0.010055693
0.205	  0.011805592
0.215	  0.013671343
0.225	  0.015640099
0.235	  0.017698422
0.245	  0.019832605
0.255	  0.022028945
0.265	  0.024273962
0.275	  0.026554583
0.285	  0.028858287
0.295	  0.031173209
0.305	  0.03348821
0.315	  0.03579294
0.325	  0.038077857
0.335	  0.04033425
0.345	  0.042554222
0.355	  0.04473069
0.365	  0.046857357
0.375	  0.048928674
0.385	  0.050939817
0.395	  0.052886646
0.405	  0.05476566
0.415	  0.05657395
0.425	  0.058309168
0.435	  0.05996948
0.445	  0.061553527
0.455	  0.06306037
0.465	  0.06448948
0.475	  0.06584066
0.485	  0.06711406
0.495	  0.068310104
0.505	  0.06942946
0.515	  0.07047304
0.525	  0.071441956
0.535	  0.07233748
0.545	  0.07316104
0.555	  0.07391421
0.565	  0.07459864
0.575	  0.0752161
0.585	  0.075768426
0.595	  0.07625752
0.605	  0.07668531
0.615	  0.077053785
0.625	  0.07736494
0.635	  0.077620775
0.645	  0.077823326
0.655	  0.077974595
0.665	  0.0780766
0.675	  0.07813131
0.685	  0.0781407
0.695	  0.0781067
0.705	  0.07803123
0.715	  0.07791615
0.725	  0.077763304
0.735	  0.077574484
0.745	  0.07735145
0.755	  0.07709591
0.765	  0.076809525
0.775	  0.07649392
0.785	  0.07615066
0.795	  0.075781286
0.805	  0.07538726
0.815	  0.07497003
0.825	  0.07453096
0.835	  0.07407141
0.845	  0.07359265
0.855	  0.073095925
0.865	  0.072582446
0.875	  0.07205336
0.885	  0.07150977
0.895	  0.07095276
0.905	  0.070383325
0.915	  0.06980247
0.925	  0.06921113
0.935	  0.06861021
0.945	  0.06800057
0.955	  0.067383036
0.965	  0.06675841
0.975	  0.06612743
0.985	  0.06549083
0.995	  0.064849295
1.005	  0.06420348
1.015	  0.06355401
1.025	  0.06290149
1.035	  0.06224647
1.045	  0.06158951
1.055	  0.060931105
1.065	  0.06027175
1.075	  0.059611905
1.085	  0.058952007
1.095	  0.058292475
1.105	  0.057633694
1.115	  0.05697604
1.125	  0.05631986
1.135	  0.055665486
1.145	  0.055013232
1.155	  0.05436339
1.165	  0.053716235
1.175	  0.05307203
1.185	  0.05243102
1.195	  0.051793434
1.205	  0.05115948
1.215	  0.05052936
1.225	  0.049903266
1.235	  0.049281366
1.245	  0.048663825
1.255	  0.04805079
1.265	  0.047442403
1.275	  0.04683879
1.285	  0.04624007
1.295	  0.04564635
1.305	  0.045057733
1.315	  0.044474304
1.325	  0.043896146
1.335	  0.043323334
1.345	  0.04275594
1.355	  0.042194013
1.365	  0.04163761
1.375	  0.04108678
1.385	  0.04054156
1.395	  0.04000198
1.405	  0.039468072
1.415	  0.03893986
1.425	  0.038417358
1.435	  0.037900586
1.445	  0.037389543
1.455	  0.03688424
1.465	  0.036384676
1.475	  0.035890847
1.485	  0.03540275
1.495	  0.034920365
1.505	  0.034443688
1.515	  0.0339727
1.525	  0.033507377
1.535	  0.033047706
1.545	  0.032593653
1.555	  0.0321452
1.565	  0.03170231
1.575	  0.031264957
1.585	  0.030833105
1.595	  0.030406723
1.605	  0.029985772
1.615	  0.029570216
1.625	  0.029160015
1.635	  0.028755128
1.645	  0.028355516
1.655	  0.027961131
1.665	  0.027571933
1.675	  0.027187878
1.685	  0.026808918
1.695	  0.026435005
1.705	  0.026066095
1.715	  0.02570214
1.725	  0.02534309
1.735	  0.024988897
1.745	  0.024639513
1.755	  0.024294887
1.765	  0.023954969
1.775	  0.02361971
1.785	  0.023289056
1.795	  0.022962961
1.805	  0.022641374
1.815	  0.02232424
1.825	  0.022011513
1.835	  0.021703137
1.845	  0.021399066
1.855	  0.021099247
1.865	  0.020803628
1.875	  0.020512162
1.885	  0.020224795
1.895	  0.019941479
1.905	  0.019662162
1.915	  0.019386796
1.925	  0.01911533
1.935	  0.018847715
1.945	  0.018583903
1.955	  0.018323842
1.965	  0.018067488
1.975	  0.01781479
1.985	  0.017565701
1.995	  0.017320173
2.005	  0.017078158
2.015	  0.016839612
2.025	  0.016604485
2.035	  0.016372735
2.045	  0.016144313
2.055	  0.015919177
2.065	  0.01569728
2.075	  0.015478577
2.085	  0.015263027
2.095	  0.015050584
2.105	  0.014841207
2.115	  0.014634851
2.125	  0.014431477
2.135	  0.014231041
2.145	  0.014033502
2.155	  0.01383882
2.165	  0.013646954
2.175	  0.0134578645
2.185	  0.013271512
2.195	  0.013087858
2.205	  0.012906864
2.215	  0.012728492
2.225	  0.012552704
2.235	  0.012379462
2.245	  0.012208731
2.255	  0.012040474
2.265	  0.011874656
2.275	  0.011711241
2.285	  0.011550194
2.295	  0.011391481
2.305	  0.011235068
2.315	  0.011080922
2.325	  0.010929008
2.335	  0.010779295
2.345	  0.010631751
2.355	  0.010486344
2.365	  0.010343042
2.375	  0.010201815
2.385	  0.01006263
2.395	  0.00992546
2.405	  0.009790275
2.415	  0.009657044
2.425	  0.00952574
2.435	  0.009396332
2.445	  0.009268794
2.455	  0.009143098
2.465	  0.0090192165
2.475	  0.008897122
2.485	  0.0087767895
2.495	  0.008658191
2.505	  0.008541303
2.515	  0.008426097
2.525	  0.008312551
2.535	  0.008200639
2.545	  0.008090336
2.555	  0.007981619
2.565	  0.007874464
2.575	  0.007768848
2.585	  0.007664748
2.595	  0.007562141
2.605	  0.007461005
2.615	  0.0073613185
2.625	  0.0072630593
2.635	  0.007166206
2.645	  0.007070738
2.655	  0.0069766347
2.665	  0.0068838755
2.675	  0.00679244
2.685	  0.006702309
2.695	  0.006613463
2.705	  0.0065258825
2.715	  0.006439549
2.725	  0.0063544433
2.735	  0.006270548
2.745	  0.0061878436
2.755	  0.006106314
2.765	  0.0060259406
2.775	  0.005946706
2.785	  0.005868594
2.795	  0.0057915878
2.805	  0.0057156705
2.815	  0.0056408257
2.825	  0.005567038
2.835	  0.005494291
2.845	  0.00542257
2.855	  0.0053518587
2.865	  0.005282143
2.875	  0.005213408
2.885	  0.0051456387
2.895	  0.0050788205
2.905	  0.00501294
2.915	  0.004947983
2.925	  0.004883936
2.935	  0.004820785
2.945	  0.004758517
2.955	  0.0046971184
2.965	  0.0046365773
2.975	  0.0045768805
2.985	  0.004518015
2.995	  0.0044599692
3.005	  0.0044027306
3.015	  0.004346288
3.025	  0.0042906282
3.035	  0.0042357408
3.045	  0.004181614
3.055	  0.004128237
3.065	  0.004075598
3.075	  0.0040236865
3.085	  0.0039724917
3.095	  0.003922004
3.105	  0.003872211
3.115	  0.0038231043
3.125	  0.0037746732
3.135	  0.0037269075
3.145	  0.0036797978
3.155	  0.0036333343
3.165	  0.0035875076
3.175	  0.0035423087
3.185	  0.0034977277
3.195	  0.003453756
3.205	  0.0034103848
3.215	  0.0033676052
3.225	  0.0033254083
3.235	  0.0032837861
3.245	  0.00324273
3.255	  0.0032022316
3.265	  0.003162283
3.275	  0.0031228762
3.285	  0.003084003
3.295	  0.003045656
3.305	  0.0030078278
3.315	  0.0029705102
3.325	  0.0029336964
3.335	  0.0028973788
3.345	  0.0028615503
3.355	  0.0028262038
3.365	  0.0027913325
3.375	  0.0027569293
3.385	  0.0027229877
3.395	  0.0026895008
3.405	  0.0026564624
3.415	  0.0026238656
3.425	  0.0025917045
3.435	  0.0025599725
3.445	  0.0025286635
3.455	  0.0024977718
3.465	  0.002467291
3.475	  0.0024372153
3.485	  0.002407539
3.495	  0.0023782565
3.505	  0.0023493618
3.515	  0.0023208498
3.525	  0.002292715
3.535	  0.0022649518
3.545	  0.0022375549
3.555	  0.0022105195
3.565	  0.00218384
3.575	  0.0021575114
3.585	  0.0021315292
3.595	  0.002105888
3.605	  0.002080583
3.615	  0.0020556096
3.625	  0.0020309633
3.635	  0.0020066393
3.645	  0.0019826328
3.655	  0.0019589397
3.665	  0.0019355555
3.675	  0.0019124758
3.685	  0.0018896963
3.695	  0.0018672129
3.705	  0.0018450215
3.715	  0.0018231177
3.725	  0.0018014978
3.735	  0.0017801576
3.745	  0.0017590934
3.755	  0.0017383011
3.765	  0.0017177771
3.775	  0.0016975177
3.785	  0.0016775191
3.795	  0.0016577777
3.805	  0.0016382899
3.815	  0.0016190523
3.825	  0.0016000612
3.835	  0.0015813134
3.845	  0.0015628055
3.855	  0.0015445342
3.865	  0.0015264961
3.875	  0.0015086882
3.885	  0.001491107
3.895	  0.0014737498
3.905	  0.0014566131
3.915	  0.0014396942
3.925	  0.0014229899
3.935	  0.0014064973
3.945	  0.0013902135
3.955	  0.0013741357
3.965	  0.0013582611
3.975	  0.0013425869
3.985	  0.0013271103
3.995	  0.0013118286
4.005	  0.0012967392



DATASET #3

     Name: BPT Fit
   Points: 401
     Info: Mean = 100.0, Aperiodicity = 0.5, Duration = 30.0, Delta T = 1.0, Num Points = 500, Historic Open Interval = 0.0
Computed mean = 0.98985225

Data[x,y]:
0.0	  0.0
0.01	  0.0
0.02	  1.2257894E-26
0.03	  1.9205967E-17
0.04	  6.6491365E-13
0.05	  3.2446612E-10
0.06	  1.9040687E-8
0.07	  3.355054E-7
0.08	  2.7997464E-6
0.09	  1.4237826E-5
0.1	  5.1299587E-5
0.11	  1.4408074E-4
0.12	  3.3609357E-4
0.13	  6.802467E-4
0.14	  0.0012323504
0.15	  0.0020442333
0.16	  0.0031580967
0.17	  0.0046029086
0.18	  0.0063929185
0.19	  0.008527946
0.2	  0.010994912
0.21	  0.013770094
0.22	  0.016821662
0.23	  0.0201122
0.24	  0.02360099
0.25	  0.02724599
0.26	  0.031005405
0.27	  0.03483894
0.28	  0.038708683
0.29	  0.042579718
0.3	  0.046420492
0.31	  0.050202996
0.32	  0.053902797
0.33	  0.057498954
0.34	  0.06097386
0.35	  0.06431303
0.36	  0.06750486
0.37	  0.07054036
0.38	  0.07341292
0.39	  0.07611798
0.4	  0.07865285
0.41	  0.08101645
0.42	  0.083209075
0.43	  0.0852322
0.44	  0.087088294
0.45	  0.08878067
0.46	  0.09031333
0.47	  0.09169081
0.48	  0.09291809
0.49	  0.09400048
0.5	  0.09494355
0.51	  0.09575303
0.52	  0.09643474
0.53	  0.09699457
0.54	  0.097438395
0.55	  0.09777204
0.56	  0.09800129
0.57	  0.098131776
0.58	  0.09816905
0.59	  0.09811851
0.6	  0.09798538
0.61	  0.09777472
0.62	  0.09749144
0.63	  0.09714025
0.64	  0.09672567
0.65	  0.09625205
0.66	  0.09572354
0.67	  0.09514411
0.68	  0.09451756
0.69	  0.0938475
0.7	  0.09313736
0.71	  0.09239041
0.72	  0.09160976
0.73	  0.09079833
0.74	  0.08995893
0.75	  0.08909418
0.76	  0.08820656
0.77	  0.08729844
0.78	  0.08637203
0.79	  0.08542943
0.8	  0.0844726
0.81	  0.083503395
0.82	  0.082523555
0.83	  0.08153473
0.84	  0.080538444
0.85	  0.07953614
0.86	  0.078529164
0.87	  0.07751878
0.88	  0.076506175
0.89	  0.07549244
0.9	  0.07447861
0.91	  0.07346564
0.92	  0.07245442
0.93	  0.07144579
0.94	  0.07044051
0.95	  0.0694393
0.96	  0.06844281
0.97	  0.067451656
0.98	  0.06646641
0.99	  0.065487586
1.0	  0.06451565
1.01	  0.06355106
1.02	  0.062594205
1.03	  0.06164545
1.04	  0.060705125
1.05	  0.05977354
1.06	  0.05885096
1.07	  0.05793763
1.08	  0.057033774
1.09	  0.056139577
1.1	  0.05525522
1.11	  0.05438085
1.12	  0.053516597
1.13	  0.05266257
1.14	  0.05181887
1.15	  0.050985567
1.16	  0.050162733
1.17	  0.049350407
1.18	  0.048548628
1.19	  0.047757417
1.2	  0.046976786
1.21	  0.04620674
1.22	  0.045447256
1.23	  0.044698324
1.24	  0.043959916
1.25	  0.043231994
1.26	  0.042514514
1.27	  0.041807424
1.28	  0.04111067
1.29	  0.040424183
1.3	  0.039747905
1.31	  0.039081752
1.32	  0.038425658
1.33	  0.03777953
1.34	  0.03714329
1.35	  0.036516845
1.36	  0.035900105
1.37	  0.035292972
1.38	  0.03469535
1.39	  0.03410714
1.4	  0.033528246
1.41	  0.032958552
1.42	  0.032397963
1.43	  0.031846367
1.44	  0.03130366
1.45	  0.030769734
1.46	  0.030244475
1.47	  0.029727777
1.48	  0.02921953
1.49	  0.028719623
1.5	  0.028227942
1.51	  0.027744379
1.52	  0.027268823
1.53	  0.026801161
1.54	  0.026341286
1.55	  0.025889084
1.56	  0.025444446
1.57	  0.025007265
1.58	  0.02457743
1.59	  0.02415483
1.6	  0.023739364
1.61	  0.02333092
1.62	  0.022929393
1.63	  0.02253468
1.64	  0.022146672
1.65	  0.02176527
1.66	  0.02139037
1.67	  0.021021867
1.68	  0.020659667
1.69	  0.020303665
1.7	  0.019953763
1.71	  0.019609867
1.72	  0.019271879
1.73	  0.018939702
1.74	  0.018613243
1.75	  0.01829241
1.76	  0.017977111
1.77	  0.017667253
1.78	  0.01736275
1.79	  0.017063512
1.8	  0.01676945
1.81	  0.01648048
1.82	  0.016196517
1.83	  0.015917476
1.84	  0.015643276
1.85	  0.015373837
1.86	  0.015109075
1.87	  0.014848914
1.88	  0.014593275
1.89	  0.014342081
1.9	  0.014095256
1.91	  0.013852728
1.92	  0.01361442
1.93	  0.013380262
1.94	  0.013150183
1.95	  0.012924112
1.96	  0.012701981
1.97	  0.012483722
1.98	  0.012269267
1.99	  0.012058551
2.0	  0.011851511
2.01	  0.01164808
2.02	  0.011448199
2.03	  0.0112518035
2.04	  0.011058834
2.05	  0.010869231
2.06	  0.010682936
2.07	  0.010499891
2.08	  0.0103200395
2.09	  0.010143325
2.1	  0.009969694
2.11	  0.00979909
2.12	  0.009631463
2.13	  0.00946676
2.14	  0.0093049295
2.15	  0.00914592
2.16	  0.008989683
2.17	  0.008836171
2.18	  0.008685334
2.19	  0.008537125
2.2	  0.0083914995
2.21	  0.008248411
2.22	  0.008107815
2.23	  0.007969667
2.24	  0.007833925
2.25	  0.0077005457
2.26	  0.0075694877
2.27	  0.0074407104
2.28	  0.0073141735
2.29	  0.007189837
2.3	  0.0070676627
2.31	  0.006947612
2.32	  0.0068296473
2.33	  0.006713732
2.34	  0.0065998305
2.35	  0.006487906
2.36	  0.0063779247
2.37	  0.006269852
2.38	  0.006163654
2.39	  0.006059298
2.4	  0.0059567504
2.41	  0.0058559803
2.42	  0.005756956
2.43	  0.0056596473
2.44	  0.005564023
2.45	  0.0054700533
2.46	  0.00537771
2.47	  0.005286963
2.48	  0.0051977853
2.49	  0.005110149
2.5	  0.0050240266
2.51	  0.0049393913
2.52	  0.0048562177
2.53	  0.0047744787
2.54	  0.00469415
2.55	  0.0046152063
2.56	  0.004537624
2.57	  0.0044613774
2.58	  0.0043864446
2.59	  0.004312802
2.6	  0.0042404267
2.61	  0.004169296
2.62	  0.0040993886
2.63	  0.004030683
2.64	  0.003963158
2.65	  0.0038967927
2.66	  0.0038315665
2.67	  0.0037674597
2.68	  0.0037044524
2.69	  0.0036425255
2.7	  0.00358166
2.71	  0.0035218373
2.72	  0.0034630387
2.73	  0.003405247
2.74	  0.0033484437
2.75	  0.003292612
2.76	  0.0032377348
2.77	  0.0031837954
2.78	  0.003130777
2.79	  0.003078664
2.8	  0.0030274403
2.81	  0.0029770902
2.82	  0.0029275988
2.83	  0.0028789507
2.84	  0.0028311315
2.85	  0.0027841264
2.86	  0.0027379217
2.87	  0.0026925027
2.88	  0.0026478563
2.89	  0.0026039686
2.9	  0.0025608267
2.91	  0.0025184175
2.92	  0.002476728
2.93	  0.0024357461
2.94	  0.0023954595
2.95	  0.0023558554
2.96	  0.0023169226
2.97	  0.0022786492
2.98	  0.0022410238
2.99	  0.0022040352
3.0	  0.0021676722
3.01	  0.002131924
3.02	  0.00209678
3.03	  0.0020622297
3.04	  0.0020282627
3.05	  0.001994869
3.06	  0.0019620387
3.07	  0.001929762
3.08	  0.0018980292
3.09	  0.0018668311
3.1	  0.0018361585
3.11	  0.001806002
3.12	  0.001776353
3.13	  0.0017472026
3.14	  0.0017185422
3.15	  0.0016903634
3.16	  0.0016626578
3.17	  0.0016354173
3.18	  0.001608634
3.19	  0.0015822999
3.2	  0.0015564073
3.21	  0.0015309487
3.22	  0.0015059164
3.23	  0.0014813032
3.24	  0.0014571021
3.25	  0.0014333058
3.26	  0.0014099074
3.27	  0.0013869
3.28	  0.0013642771
3.29	  0.0013420319
3.3	  0.001320158
3.31	  0.0012986491
3.32	  0.0012774989
3.33	  0.0012567013
3.34	  0.0012362503
3.35	  0.0012161399
3.36	  0.0011963642
3.37	  0.0011769177
3.38	  0.0011577946
3.39	  0.0011389896
3.4	  0.001120497
3.41	  0.0011023117
3.42	  0.0010844283
3.43	  0.0010668418
3.44	  0.0010495471
3.45	  0.0010325392
3.46	  0.0010158132
3.47	  9.993644E-4
3.48	  9.83188E-4
3.49	  9.672795E-4
3.5	  9.516342E-4
3.51	  9.362477E-4
3.52	  9.211157E-4
3.53	  9.0623373E-4
3.54	  8.9159765E-4
3.55	  8.772033E-4
3.56	  8.6304656E-4
3.57	  8.491234E-4
3.58	  8.3542994E-4
3.59	  8.219622E-4
3.6	  8.087164E-4
3.61	  7.9568883E-4
3.62	  7.8287575E-4
3.63	  7.702736E-4
3.64	  7.578788E-4
3.65	  7.456878E-4
3.66	  7.3369726E-4
3.67	  7.2190375E-4
3.68	  7.1030395E-4
3.69	  6.9889467E-4
3.7	  6.876726E-4
3.71	  6.766346E-4
3.72	  6.6577765E-4
3.73	  6.550987E-4
3.74	  6.445947E-4
3.75	  6.342628E-4
3.76	  6.241001E-4
3.77	  6.141037E-4
3.78	  6.042708E-4
3.79	  5.945987E-4
3.8	  5.850848E-4
3.81	  5.7572627E-4
3.82	  5.665206E-4
3.83	  5.574653E-4
3.84	  5.485578E-4
3.85	  5.397956E-4
3.86	  5.3117634E-4
3.87	  5.226975E-4
3.88	  5.1435694E-4
3.89	  5.061522E-4
3.9	  4.9808103E-4
3.91	  4.901413E-4
3.92	  4.8233074E-4
3.93	  4.7464718E-4
3.94	  4.6708857E-4
3.95	  4.596528E-4
3.96	  4.5233784E-4
3.97	  4.4514166E-4
3.98	  4.3806233E-4
3.99	  4.3109784E-4
4.0	  4.2424636E-4


