
X-Axis: Time (years)
Y-Axis: Cumulative Count
Number of Data Sets: 2


DATASET #1

Name: Catalog
Num Points: 141
Info: 

X, Y Data:
0.09445553	141.0
1.3236845	140.0
2.3125355	139.0
3.2930536	138.0
3.823701	137.0
3.8965774	136.0
3.9306493	135.0
3.9590425	134.0
4.4028873	133.0
4.4303994	132.0
5.2085342	131.0
5.681318	130.0
7.7966895	129.0
8.25398	128.0
10.212442	127.0
10.421776	126.0
10.730556	125.0
10.793752	124.0
10.867087	123.0
10.989471	122.0
11.355738	121.0
11.559283	120.0
12.294422	119.0
13.621643	118.0
13.664794	117.0
13.896967	116.0
14.011021	115.0
14.348028	114.0
14.990697	113.0
15.02209	112.0
15.434694	111.0
16.34331	110.0
17.524885	109.0
19.853302	108.0
19.86799	107.0
20.033766	106.0
20.256313	105.0
20.509233	104.0
20.90132	103.0
21.207117	102.0
21.542854	101.0
22.246513	100.0
24.201736	99.0
25.91079	98.0
26.630543	97.0
27.120722	96.0
28.258684	95.0
28.447985	94.0
30.028257	93.0
30.69368	92.0
31.63667	91.0
32.18465	90.0
32.414967	89.0
35.146286	88.0
35.367397	87.0
36.18768	86.0
36.87358	85.0
38.47011	84.0
39.236317	83.0
40.95085	82.0
41.31065	81.0
42.40789	80.0
43.127052	79.0
43.608475	78.0
43.90412	77.0
45.502388	76.0
48.270336	75.0
48.99138	74.0
49.162148	73.0
49.742725	72.0
49.774967	71.0
49.78066	70.0
49.885693	69.0
50.018322	68.0
50.462513	67.0
50.470753	66.0
50.636974	65.0
51.336216	64.0
52.662636	63.0
53.73099	62.0
53.90564	61.0
54.11083	60.0
54.440685	59.0
54.69288	58.0
57.174187	57.0
57.199745	56.0
57.24545	55.0
58.148792	54.0
58.821007	53.0
59.29364	52.0
61.617657	51.0
64.75222	50.0
64.79915	49.0
65.096306	48.0
68.35133	47.0
69.03619	46.0
69.831665	45.0
73.35576	44.0
73.58181	43.0
73.69055	42.0
76.11465	41.0
77.19348	40.0
79.16744	39.0
80.137985	38.0
81.18904	37.0
81.567696	36.0
81.935455	35.0
82.48618	34.0
83.24742	33.0
83.56029	32.0
83.788994	31.0
89.635735	30.0
90.947495	29.0
93.50263	28.0
95.43344	27.0
95.81586	26.0
97.4538	25.0
98.26009	24.0
98.96025	23.0
100.46473	22.0
103.247696	21.0
103.79257	20.0
104.20032	19.0
111.11058	18.0
111.67562	17.0
114.86874	16.0
115.18609	15.0
118.68707	14.0
120.53029	13.0
120.66359	12.0
120.773285	11.0
121.06603	10.0
124.146805	9.0
126.44784	8.0
126.563065	7.0
127.36151	6.0
130.00192	5.0
130.0859	4.0
132.33908	3.0
138.3506	2.0
138.66202	1.0



DATASET #2

Name: Prob. Filtered Catalog
Num Points: 258
Info: 

X, Y Data:
0.09445553	136.2
1.3236845	135.29
2.3125355	134.39
3.2930536	133.48
3.823701	132.62
3.8965774	131.64
3.9306493	130.71
3.9590425	130.19
4.4028873	129.19
4.4303994	128.24
5.2085342	127.26
5.681318	126.32
6.532219	125.36
7.7966895	125.31
8.25398	124.36
10.212442	123.38
10.421776	122.42
10.730556	121.48
10.793752	120.54
10.867087	119.58
10.961543	118.67
10.989471	118.59
11.355738	117.64
11.559283	116.69
12.294422	115.8
13.621643	114.83
13.664794	113.89
13.896967	112.92
14.011021	112.13
14.348028	111.18
14.990697	110.19
15.02209	109.31
15.434694	108.39
16.34331	107.39
17.524885	106.4
19.346111	105.44
19.393585	105.42
19.853302	105.39
19.86799	104.42
20.033766	103.44
20.256313	102.45
20.509233	101.51
20.90132	100.79
21.207117	99.82
21.542854	98.87
22.246513	97.9
24.201736	96.96
25.030819	96.01
25.91079	95.99
26.630543	95.01
27.120722	94.18
28.258684	93.21
28.447985	92.27
30.028257	91.3
30.69368	90.3
31.63667	89.37
32.18465	88.42
32.414967	87.68
33.949203	86.77
35.146286	86.72
35.367397	85.87
36.18768	84.93
36.87358	83.98
38.47011	83.08
39.236317	82.09
39.532433	81.21
40.527508	81.2
40.95085	81.03
41.31065	80.1
42.40789	79.13
43.127052	78.16
43.280777	77.17
43.608475	77.11
43.90412	76.13
45.20723	75.17
45.502388	75.15
46.161148	74.19
48.270336	74.16
48.99138	73.22
49.162148	72.3
49.59402	71.52
49.742725	71.48
49.774967	70.55
49.78066	69.57
49.885693	68.67
50.018322	67.75
50.225784	66.83
50.462513	66.78
50.470753	66.25
50.636974	65.28
51.336216	64.37
51.864277	63.43
52.662636	63.34
52.693882	62.38
53.06802	62.13
53.712563	62.11
53.73099	62.07
53.90564	61.14
54.11083	60.21
54.39316	59.26
54.440685	58.91
54.69288	57.94
54.787334	56.95
54.802555	56.94
57.174187	56.93
57.199745	55.96
57.24545	55.01
57.619495	54.07
58.148792	54.06
58.821007	53.1
59.29364	52.28
61.36753	51.34
61.617657	51.3
62.57919	50.41
63.08441	50.4
63.757423	50.38
64.75222	50.36
64.79915	49.44
65.096306	48.51
67.010666	47.52
68.10548	47.51
68.35133	47.5
69.030136	46.53
69.03619	46.51
69.63396	45.54
69.813194	45.53
69.831665	45.52
69.99904	44.53
70.443214	44.48
71.23789	44.45
72.44265	44.4
73.35576	44.35
73.58181	43.42
73.69055	42.47
76.11465	41.49
76.381546	40.55
77.00642	40.54
77.19348	40.52
77.478386	39.57
79.16744	39.52
80.137985	38.54
81.09553	37.61
81.18904	37.6
81.33066	36.62
81.567696	36.57
81.935455	35.65
82.17898	34.72
82.48618	34.71
83.24742	33.71
83.56029	32.76
83.788994	31.81
89.25464	30.87
89.635735	30.8
90.947495	29.88
91.780136	29.01
93.29119	28.99
93.50263	28.94
93.56638	28.0
93.94687	27.97
94.18953	27.96
94.49377	27.94
95.43344	27.91
95.81586	26.93
97.4538	26.1
98.26009	25.16
98.96025	24.22
99.607635	23.27
99.76633	23.25
100.24317	23.21
100.46473	23.19
101.29932	22.31
103.247696	22.27
103.79257	21.33
104.17382	20.36
104.20032	20.29
105.70307	19.33
107.9262	19.26
111.07983	19.25
111.11058	19.22
111.15109	18.23
111.67562	18.19
112.02401	17.21
113.85373	17.1
114.86874	17.09
115.18609	16.2
115.66239	15.28
115.97526	15.23
118.68707	15.19
119.46948	14.23
119.9296	14.2
120.329414	14.18
120.503105	14.16
120.50661	14.14
120.53029	14.13
120.66359	13.25
120.773285	12.26
121.06603	11.32
121.950615	10.35
123.82335	10.33
124.146805	10.21
125.20368	9.26
125.39853	9.25
126.23593	9.23
126.44784	9.2
126.563065	8.23
127.36151	7.44
127.79645	6.47
129.969	6.45
130.00192	6.44
130.0859	5.47
130.85072	4.53
130.96214	4.51
132.33908	4.37
132.58405	3.41
133.86897	3.37
134.9025	3.31
138.09207	3.3
138.15782	3.28
138.3506	3.24
138.66202	2.25
139.71997	1.27
140.91379	1.25
144.0289	1.19
144.34334	1.16
145.23428	1.14
147.40105	1.13
147.92455	1.12
149.21768	1.1
149.76851	1.09
150.54924	0.96
150.90324	0.91
151.26753	0.88
152.37093	0.87
152.42123	0.82
152.6789	0.81
153.5353	0.79
153.54619	0.77
154.28763	0.74
156.43343	0.69
157.25084	0.67
159.1337	0.66
162.54134	0.65
163.5492	0.59
164.52373	0.58
165.07178	0.57
165.35669	0.51
166.95947	0.45
167.22719	0.44
170.29639	0.43
172.1095	0.42
173.37004	0.37
175.72522	0.36
176.48639	0.16
176.58139	0.07
177.78406	0.06
185.38936	0.05
186.13577	0.03
244.83772	0.01


