
X-Axis: Normalized Interevent Time
Y-Axis: Probability
Number of Data Sets: 3


DATASET #1

     Name: Bruce 2628 Histogram
   Points: 41
     Info: 

Data[x,y]:
0.05	  0.009143691
0.15	  0.008424187
0.25	  0.012446412
0.35	  0.017880162
0.45	  0.023948476
0.55	  0.033424437
0.65	  0.045351207
0.75	  0.066164345
0.85	  0.10589693
0.95	  0.16396187
1.05	  0.1931692
1.15	  0.13530913
1.25	  0.07085611
1.35	  0.038091216
1.45	  0.021532642
1.55	  0.013670567
1.65	  0.009773256
1.75	  0.006982682
1.85	  0.0053563043
1.95	  0.003944778
2.05	  0.003102859
2.15	  0.002360871
2.25	  0.0018012571
2.35	  0.001256633
2.45	  9.893174E-4
2.55	  7.6197425E-4
2.65	  7.6197425E-4
2.75	  5.5211905E-4
2.85	  4.297035E-4
2.95	  4.3470005E-4
3.05	  3.5975178E-4
3.15	  3.1228454E-4
3.25	  2.198483E-4
3.35	  2.1485175E-4
3.45	  1.473983E-4
3.55	  1.2491381E-4
3.65	  1.07425876E-4
3.75	  8.9937945E-5
3.85	  8.9937945E-5
3.95	  7.744656E-5
4.05	  4.7717075E-4



DATASET #2

     Name: Log-Normal Fit
   Points: 401
     Info: 

Data[x,y]:
0.005	  0.0
0.015	  1.5919574E-26
0.025	  1.7183526E-21
0.035	  3.0097976E-18
0.045	  6.395853E-16
0.055	  3.8265313E-14
0.065	  9.892461E-13
0.075	  1.4150189E-11
0.085	  1.3080792E-10
0.095	  8.6676466E-10
0.105	  4.425004E-9
0.115	  1.8335333E-8
0.125	  6.409277E-8
0.135	  1.9463579E-7
0.145	  5.2530277E-7
0.155	  1.2828034E-6
0.165	  2.8754748E-6
0.175	  5.985719E-6
0.185	  1.16823985E-5
0.195	  2.1547672E-5
0.205	  3.7809852E-5
0.215	  6.347185E-5
0.225	  1.02424E-4
0.235	  1.595303E-4
0.245	  2.406791E-4
0.255	  3.527909E-4
0.265	  5.0378003E-4
0.275	  7.024686E-4
0.285	  9.584565E-4
0.295	  0.00128195
0.305	  0.0016835592
0.315	  0.0021740694
0.325	  0.0027641992
0.335	  0.0034643514
0.345	  0.0042843693
0.355	  0.005233303
0.365	  0.006319199
0.375	  0.00754891
0.385	  0.008927938
0.395	  0.010460309
0.405	  0.012148484
0.415	  0.013993302
0.425	  0.015993964
0.435	  0.018148031
0.445	  0.02045148
0.455	  0.022898769
0.465	  0.025482915
0.475	  0.028195623
0.485	  0.031027399
0.495	  0.0339677
0.505	  0.03700507
0.515	  0.0401273
0.525	  0.043321576
0.535	  0.046574637
0.545	  0.049872927
0.555	  0.053202726
0.565	  0.0565503
0.575	  0.05990202
0.585	  0.06324448
0.595	  0.06656461
0.605	  0.06984978
0.615	  0.07308785
0.625	  0.076267265
0.635	  0.079377145
0.645	  0.08240728
0.655	  0.0853482
0.665	  0.088191204
0.675	  0.09092838
0.685	  0.09355261
0.695	  0.09605757
0.705	  0.09843775
0.715	  0.100688405
0.725	  0.10280557
0.735	  0.10478602
0.745	  0.10662728
0.755	  0.10832753
0.765	  0.10988564
0.775	  0.111301094
0.785	  0.112573974
0.795	  0.11370491
0.805	  0.11469505
0.815	  0.11554602
0.825	  0.11625987
0.835	  0.11683907
0.845	  0.117286436
0.855	  0.1176051
0.865	  0.11779849
0.875	  0.11787029
0.885	  0.1178244
0.895	  0.11766489
0.905	  0.117396
0.915	  0.1170221
0.925	  0.116547644
0.935	  0.115977176
0.945	  0.115315266
0.955	  0.11456654
0.965	  0.113735616
0.975	  0.11282709
0.985	  0.11184555
0.995	  0.11079552
1.005	  0.10968149
1.015	  0.108507834
1.025	  0.107278906
1.035	  0.1059989
1.045	  0.10467198
1.055	  0.10330213
1.065	  0.10189326
1.075	  0.10044917
1.085	  0.0989735
1.095	  0.097469784
1.105	  0.09594142
1.115	  0.094391674
1.125	  0.09282368
1.135	  0.09124043
1.145	  0.08964479
1.155	  0.08803949
1.165	  0.086427115
1.175	  0.084810145
1.185	  0.08319092
1.195	  0.08157162
1.205	  0.079954356
1.215	  0.07834108
1.225	  0.07673364
1.235	  0.07513375
1.245	  0.073543034
1.255	  0.071963
1.265	  0.07039503
1.275	  0.068840444
1.285	  0.06730043
1.295	  0.065776095
1.305	  0.064268455
1.315	  0.06277843
1.325	  0.06130687
1.335	  0.059854537
1.345	  0.058422115
1.355	  0.057010222
1.365	  0.055619404
1.375	  0.054250136
1.385	  0.052902836
1.395	  0.05157787
1.405	  0.05027553
1.415	  0.048996072
1.425	  0.047739696
1.435	  0.04650655
1.445	  0.045296747
1.455	  0.044110354
1.465	  0.0429474
1.475	  0.04180788
1.485	  0.04069175
1.495	  0.039598938
1.505	  0.038529344
1.515	  0.037482843
1.525	  0.036459275
1.535	  0.03545847
1.545	  0.03448023
1.555	  0.033524334
1.565	  0.03259055
1.575	  0.03167863
1.585	  0.030788306
1.595	  0.029919302
1.605	  0.029071327
1.615	  0.028244082
1.625	  0.027437257
1.635	  0.026650531
1.645	  0.025883585
1.655	  0.025136085
1.665	  0.024407694
1.675	  0.023698075
1.685	  0.023006883
1.695	  0.022333773
1.705	  0.021678396
1.715	  0.021040404
1.725	  0.020419447
1.735	  0.019815177
1.745	  0.019227242
1.755	  0.018655298
1.765	  0.018098997
1.775	  0.017557997
1.785	  0.017031953
1.795	  0.016520528
1.805	  0.016023388
1.815	  0.015540197
1.825	  0.015070627
1.835	  0.014614355
1.845	  0.014171059
1.855	  0.013740423
1.865	  0.0133221345
1.875	  0.012915886
1.885	  0.012521376
1.895	  0.012138305
1.905	  0.011766383
1.915	  0.011405321
1.925	  0.011054836
1.935	  0.010714652
1.945	  0.010384496
1.955	  0.010064103
1.965	  0.00975321
1.975	  0.009451562
1.985	  0.009158907
1.995	  0.008875001
2.005	  0.008599604
2.015	  0.008332479
2.025	  0.008073399
2.035	  0.007822137
2.045	  0.0075784763
2.055	  0.007342201
2.065	  0.007113103
2.075	  0.0068909773
2.085	  0.0066756248
2.095	  0.0064668516
2.105	  0.0062644677
2.115	  0.0060682883
2.125	  0.005878134
2.135	  0.005693828
2.145	  0.0055152006
2.155	  0.005342084
2.165	  0.0051743165
2.175	  0.00501174
2.185	  0.0048542004
2.195	  0.0047015483
2.205	  0.004553638
2.215	  0.0044103274
2.225	  0.004271479
2.235	  0.0041369586
2.245	  0.004006636
2.255	  0.0038803834
2.265	  0.003758079
2.275	  0.003639602
2.285	  0.0035248366
2.295	  0.0034136693
2.305	  0.0033059902
2.315	  0.0032016928
2.325	  0.0031006732
2.335	  0.0030028308
2.345	  0.002908068
2.355	  0.0028162894
2.365	  0.0027274035
2.375	  0.0026413202
2.385	  0.0025579531
2.395	  0.0024772177
2.405	  0.0023990325
2.415	  0.0023233178
2.425	  0.0022499969
2.435	  0.0021789952
2.445	  0.0021102398
2.455	  0.0020436612
2.465	  0.0019791904
2.475	  0.001916762
2.485	  0.0018563116
2.495	  0.0017977771
2.505	  0.0017410984
2.515	  0.0016862169
2.525	  0.0016330762
2.535	  0.0015816212
2.545	  0.001531799
2.555	  0.0014835577
2.565	  0.0014368476
2.575	  0.0013916201
2.585	  0.0013478284
2.595	  0.0013054269
2.605	  0.0012643718
2.615	  0.0012246202
2.625	  0.0011861307
2.635	  0.0011488633
2.645	  0.0011127794
2.655	  0.001077841
2.665	  0.0010440119
2.675	  0.0010112568
2.685	  9.795416E-4
2.695	  9.4883307E-4
2.705	  9.1909926E-4
2.715	  8.90309E-4
2.725	  8.6243235E-4
2.735	  8.3544006E-4
2.745	  8.0930407E-4
2.755	  7.83997E-4
2.765	  7.5949245E-4
2.775	  7.3576474E-4
2.785	  7.127892E-4
2.795	  6.905417E-4
2.805	  6.689991E-4
2.815	  6.481388E-4
2.825	  6.279392E-4
2.835	  6.0837896E-4
2.845	  5.8943784E-4
2.855	  5.7109597E-4
2.865	  5.533343E-4
2.875	  5.3613423E-4
2.885	  5.194779E-4
2.895	  5.033479E-4
2.905	  4.8772738E-4
2.915	  4.7260014E-4
2.925	  4.579504E-4
2.935	  4.4376292E-4
2.945	  4.3002298E-4
2.955	  4.167162E-4
2.965	  4.0382886E-4
2.975	  3.913475E-4
2.985	  3.792592E-4
2.995	  3.675514E-4
3.005	  3.56212E-4
3.015	  3.452292E-4
3.025	  3.345917E-4
3.035	  3.2428838E-4
3.045	  3.143087E-4
3.055	  3.046423E-4
3.065	  2.9527923E-4
3.075	  2.8620978E-4
3.085	  2.774246E-4
3.095	  2.689147E-4
3.105	  2.6067128E-4
3.115	  2.5268586E-4
3.125	  2.4495024E-4
3.135	  2.374565E-4
3.145	  2.3019692E-4
3.155	  2.2316407E-4
3.165	  2.1635077E-4
3.175	  2.0975003E-4
3.185	  2.033551E-4
3.195	  1.9715945E-4
3.205	  1.9115678E-4
3.215	  1.8534095E-4
3.225	  1.7970605E-4
3.235	  1.7424636E-4
3.245	  1.689563E-4
3.255	  1.6383054E-4
3.265	  1.5886386E-4
3.275	  1.5405123E-4
3.285	  1.4938778E-4
3.295	  1.448688E-4
3.305	  1.4048973E-4
3.315	  1.3624616E-4
3.325	  1.321338E-4
3.335	  1.2814852E-4
3.345	  1.2428632E-4
3.355	  1.2054331E-4
3.365	  1.1691574E-4
3.375	  1.1339999E-4
3.385	  1.0999253E-4
3.395	  1.0668996E-4
3.405	  1.0348898E-4
3.415	  1.003864E-4
3.425	  9.737914E-5
3.435	  9.44642E-5
3.445	  9.163869E-5
3.455	  8.889981E-5
3.465	  8.6244836E-5
3.475	  8.3671155E-5
3.485	  8.117621E-5
3.495	  7.875755E-5
3.505	  7.641278E-5
3.515	  7.4139614E-5
3.525	  7.193579E-5
3.535	  6.979917E-5
3.545	  6.772764E-5
3.555	  6.571918E-5
3.565	  6.3771826E-5
3.575	  6.188367E-5
3.585	  6.005288E-5
3.595	  5.827767E-5
3.605	  5.6556313E-5
3.615	  5.488714E-5
3.625	  5.3268526E-5
3.635	  5.1698906E-5
3.645	  5.0176768E-5
3.655	  4.8700633E-5
3.665	  4.7269084E-5
3.675	  4.588074E-5
3.685	  4.4534267E-5
3.695	  4.3228367E-5
3.705	  4.1961794E-5
3.715	  4.0733332E-5
3.725	  3.954181E-5
3.735	  3.8386082E-5
3.745	  3.7265057E-5
3.755	  3.6177662E-5
3.765	  3.512286E-5
3.775	  3.4099656E-5
3.785	  3.3107077E-5
3.795	  3.2144184E-5
3.805	  3.1210067E-5
3.815	  3.0303847E-5
3.825	  2.9424667E-5
3.835	  2.85717E-5
3.845	  2.7744147E-5
3.855	  2.6941228E-5
3.865	  2.6162194E-5
3.875	  2.5406316E-5
3.885	  2.4672887E-5
3.895	  2.3961225E-5
3.905	  2.3270666E-5
3.915	  2.2600569E-5
3.925	  2.195031E-5
3.935	  2.131929E-5
3.945	  2.0706924E-5
3.955	  2.0112644E-5
3.965	  1.9535904E-5
3.975	  1.8976172E-5
3.985	  1.8432935E-5
3.995	  1.7905691E-5
4.005	  1.739396E-5



DATASET #3

     Name: BPT Fit
   Points: 401
     Info: Mean = 100.0, Aperiodicity = 0.5, Duration = 30.0, Delta T = 1.0, Num Points = 500, Historic Open Interval = 0.0
Computed mean = 0.99856544

Data[x,y]:
0.0	  0.0
0.01	  0.0
0.02	  0.0
0.03	  0.0
0.04	  9.728623E-38
0.05	  1.2774314E-29
0.06	  3.0983516E-24
0.07	  2.0753118E-20
0.08	  1.4815736E-17
0.09	  2.3848378E-15
0.1	  1.3560404E-13
0.11	  3.6230782E-12
0.12	  5.5001184E-11
0.13	  5.4099475E-10
0.14	  3.7864054E-9
0.15	  2.0196255E-8
0.16	  8.6425494E-8
0.17	  3.085912E-7
0.18	  9.478379E-7
0.19	  2.5652555E-6
0.2	  6.2360796E-6
0.21	  1.3829876E-5
0.22	  2.8337301E-5
0.23	  5.4209606E-5
0.24	  9.766817E-5
0.25	  1.6694026E-4
0.26	  2.7238348E-4
0.27	  4.2647394E-4
0.28	  6.436475E-4
0.29	  9.400002E-4
0.3	  0.0013328656
0.31	  0.0018402986
0.32	  0.0024804994
0.33	  0.0032712128
0.34	  0.00422914
0.35	  0.00536939
0.36	  0.006704995
0.37	  0.008246513
0.38	  0.010001721
0.39	  0.011975402
0.4	  0.014169246
0.41	  0.016581822
0.42	  0.019208651
0.43	  0.022042349
0.44	  0.025072824
0.45	  0.028287528
0.46	  0.03167175
0.47	  0.03520892
0.48	  0.038880937
0.49	  0.0426685
0.5	  0.04655142
0.51	  0.05050896
0.52	  0.054520097
0.53	  0.05856381
0.54	  0.062619336
0.55	  0.06666639
0.56	  0.07068534
0.57	  0.07465742
0.58	  0.07856482
0.59	  0.08239083
0.6	  0.086119935
0.61	  0.089737855
0.62	  0.0932316
0.63	  0.09658953
0.64	  0.09980129
0.65	  0.10285787
0.66	  0.10575157
0.67	  0.10847592
0.68	  0.1110257
0.69	  0.11339685
0.7	  0.115586445
0.71	  0.11759259
0.72	  0.11941438
0.73	  0.12105186
0.74	  0.122505896
0.75	  0.12377815
0.76	  0.12487099
0.77	  0.12578745
0.78	  0.12653111
0.79	  0.12710609
0.8	  0.12751694
0.81	  0.12776862
0.82	  0.12786643
0.83	  0.12781592
0.84	  0.12762289
0.85	  0.12729333
0.86	  0.12683336
0.87	  0.12624921
0.88	  0.12554714
0.89	  0.124733485
0.9	  0.12381454
0.91	  0.12279658
0.92	  0.121685825
0.93	  0.12048842
0.94	  0.11921039
0.95	  0.117857665
0.96	  0.11643603
0.97	  0.11495113
0.98	  0.11340844
0.99	  0.111813284
1.0	  0.11017081
1.01	  0.10848597
1.02	  0.106763534
1.03	  0.1050081
1.04	  0.10322407
1.05	  0.10141563
1.06	  0.09958679
1.07	  0.09774138
1.08	  0.09588302
1.09	  0.09401515
1.1	  0.092141025
1.11	  0.09026372
1.12	  0.08838612
1.13	  0.08651095
1.14	  0.084640756
1.15	  0.08277793
1.16	  0.0809247
1.17	  0.079083115
1.18	  0.077255115
1.19	  0.07544247
1.2	  0.07364682
1.21	  0.07186968
1.22	  0.07011241
1.23	  0.06837627
1.24	  0.066662416
1.25	  0.06497186
1.26	  0.06330553
1.27	  0.06166425
1.28	  0.060048744
1.29	  0.058459654
1.3	  0.05689753
1.31	  0.055362836
1.32	  0.053855978
1.33	  0.05237727
1.34	  0.05092697
1.35	  0.049505267
1.36	  0.048112303
1.37	  0.046748146
1.38	  0.045412827
1.39	  0.044106327
1.4	  0.04282857
1.41	  0.04157946
1.42	  0.04035884
1.43	  0.039166536
1.44	  0.03800233
1.45	  0.03686598
1.46	  0.035757214
1.47	  0.034675736
1.48	  0.03362123
1.49	  0.032593355
1.5	  0.031591754
1.51	  0.030616054
1.52	  0.029665869
1.53	  0.028740797
1.54	  0.027840428
1.55	  0.026964338
1.56	  0.0261121
1.57	  0.025283277
1.58	  0.024477428
1.59	  0.023694104
1.6	  0.022932857
1.61	  0.022193236
1.62	  0.021474788
1.63	  0.020777056
1.64	  0.020099591
1.65	  0.019441936
1.66	  0.018803645
1.67	  0.018184267
1.68	  0.017583355
1.69	  0.017000472
1.7	  0.016435176
1.71	  0.015887037
1.72	  0.015355624
1.73	  0.014840514
1.74	  0.014341291
1.75	  0.013857542
1.76	  0.013388859
1.77	  0.012934846
1.78	  0.012495107
1.79	  0.012069258
1.8	  0.011656918
1.81	  0.011257714
1.82	  0.01087128
1.83	  0.010497258
1.84	  0.010135298
1.85	  0.009785053
1.86	  0.009446189
1.87	  0.009118374
1.88	  0.008801286
1.89	  0.008494611
1.9	  0.00819804
1.91	  0.007911271
1.92	  0.0076340125
1.93	  0.0073659765
1.94	  0.007106884
1.95	  0.0068564615
1.96	  0.006614444
1.97	  0.006380572
1.98	  0.006154593
1.99	  0.0059362613
2.0	  0.0057253377
2.01	  0.005521589
2.02	  0.005324789
2.03	  0.0051347166
2.04	  0.004951158
2.05	  0.0047739046
2.06	  0.0046027536
2.07	  0.0044375085
2.08	  0.0042779776
2.09	  0.004123976
2.1	  0.003975322
2.11	  0.0038318415
2.12	  0.003693364
2.13	  0.003559725
2.14	  0.0034307642
2.15	  0.0033063262
2.16	  0.0031862606
2.17	  0.0030704215
2.18	  0.0029586672
2.19	  0.0028508606
2.2	  0.0027468686
2.21	  0.0026465624
2.22	  0.0025498173
2.23	  0.002456512
2.24	  0.00236653
2.25	  0.0022797573
2.26	  0.0021960842
2.27	  0.0021154047
2.28	  0.0020376155
2.29	  0.0019626173
2.3	  0.0018903133
2.31	  0.0018206108
2.32	  0.0017534192
2.33	  0.0016886513
2.34	  0.0016262226
2.35	  0.0015660516
2.36	  0.0015080593
2.37	  0.0014521694
2.38	  0.0013983081
2.39	  0.0013464038
2.4	  0.001296388
2.41	  0.0012481938
2.42	  0.0012017566
2.43	  0.0011570146
2.44	  0.0011139074
2.45	  0.001072377
2.46	  0.0010323672
2.47	  9.93824E-4
2.48	  9.5669477E-4
2.49	  9.2092913E-4
2.5	  8.864782E-4
2.51	  8.53295E-4
2.52	  8.213337E-4
2.53	  7.9055066E-4
2.54	  7.6090335E-4
2.55	  7.323508E-4
2.56	  7.048535E-4
2.57	  6.783733E-4
2.58	  6.528735E-4
2.59	  6.283184E-4
2.6	  6.046738E-4
2.61	  5.819067E-4
2.62	  5.599851E-4
2.63	  5.3887826E-4
2.64	  5.185565E-4
2.65	  4.9899117E-4
2.66	  4.801546E-4
2.67	  4.6202017E-4
2.68	  4.4456217E-4
2.69	  4.2775585E-4
2.7	  4.115773E-4
2.71	  3.9600342E-4
2.72	  3.8101204E-4
2.73	  3.6658172E-4
2.74	  3.5269183E-4
2.75	  3.393224E-4
2.76	  3.264543E-4
2.77	  3.1406895E-4
2.78	  3.0214858E-4
2.79	  2.9067596E-4
2.8	  2.7963452E-4
2.81	  2.690083E-4
2.82	  2.5878192E-4
2.83	  2.4894052E-4
2.84	  2.3946978E-4
2.85	  2.3035599E-4
2.86	  2.2158584E-4
2.87	  2.1314654E-4
2.88	  2.0502579E-4
2.89	  1.972117E-4
2.9	  1.8969284E-4
2.91	  1.824582E-4
2.92	  1.7549715E-4
2.93	  1.6879947E-4
2.94	  1.6235531E-4
2.95	  1.561552E-4
2.96	  1.5018998E-4
2.97	  1.4445087E-4
2.98	  1.3892939E-4
2.99	  1.3361734E-4
3.0	  1.2850692E-4
3.01	  1.2359051E-4
3.02	  1.1886084E-4
3.03	  1.1431088E-4
3.04	  1.0993388E-4
3.05	  1.0572332E-4
3.06	  1.0167293E-4
3.07	  9.777668E-5
3.08	  9.4028765E-5
3.09	  9.042358E-5
3.1	  8.695573E-5
3.11	  8.3620056E-5
3.12	  8.041154E-5
3.13	  7.7325385E-5
3.14	  7.435697E-5
3.15	  7.1501825E-5
3.16	  6.875568E-5
3.17	  6.61144E-5
3.18	  6.3574014E-5
3.19	  6.11307E-5
3.2	  5.8780766E-5
3.21	  5.6520683E-5
3.22	  5.4347034E-5
3.23	  5.2256542E-5
3.24	  5.024605E-5
3.25	  4.8312515E-5
3.26	  4.645301E-5
3.27	  4.4664725E-5
3.28	  4.2944946E-5
3.29	  4.1291074E-5
3.3	  3.970059E-5
3.31	  3.817109E-5
3.32	  3.6700243E-5
3.33	  3.5285815E-5
3.34	  3.3925662E-5
3.35	  3.2617707E-5
3.36	  3.135996E-5
3.37	  3.0150508E-5
3.38	  2.8987506E-5
3.39	  2.786918E-5
3.4	  2.6793823E-5
3.41	  2.5759795E-5
3.42	  2.4765515E-5
3.43	  2.3809464E-5
3.44	  2.2890179E-5
3.45	  2.2006256E-5
3.46	  2.1156338E-5
3.47	  2.0339128E-5
3.48	  1.9553368E-5
3.49	  1.879786E-5
3.5	  1.807144E-5
3.51	  1.7372997E-5
3.52	  1.6701455E-5
3.53	  1.6055785E-5
3.54	  1.5434996E-5
3.55	  1.48381305E-5
3.56	  1.4264273E-5
3.57	  1.3712539E-5
3.58	  1.318208E-5
3.59	  1.267208E-5
3.6	  1.2181751E-5
3.61	  1.1710339E-5
3.62	  1.1257118E-5
3.63	  1.0821387E-5
3.64	  1.0402474E-5
3.65	  9.999733E-6
3.66	  9.612543E-6
3.67	  9.240304E-6
3.68	  8.882442E-6
3.69	  8.538403E-6
3.7	  8.207655E-6
3.71	  7.8896865E-6
3.72	  7.584006E-6
3.73	  7.2901403E-6
3.74	  7.0076335E-6
3.75	  6.7360484E-6
3.76	  6.4749643E-6
3.77	  6.2239765E-6
3.78	  5.9826953E-6
3.79	  5.7507473E-6
3.8	  5.527772E-6
3.81	  5.313423E-6
3.82	  5.107369E-6
3.83	  4.9092882E-6
3.84	  4.7188746E-6
3.85	  4.535831E-6
3.86	  4.3598734E-6
3.87	  4.1907288E-6
3.88	  4.0281334E-6
3.89	  3.8718345E-6
3.9	  3.7215889E-6
3.91	  3.5771627E-6
3.92	  3.4383315E-6
3.93	  3.3048786E-6
3.94	  3.1765967E-6
3.95	  3.0532854E-6
3.96	  2.9347527E-6
3.97	  2.820814E-6
3.98	  2.7112917E-6
3.99	  2.6060147E-6
4.0	  2.5048193E-6


