
X-Axis: PGA (g)
Y-Axis: Annual Probabilitiy
Number of Data Sets: 6


DATASET #1

Name: UCERF3 Full
Num Points: 51
Info: 

X, Y Data:
1.0E-4	0.84355146
1.3E-4	0.84336513
1.6E-4	0.8430527
2.0E-4	0.8424188
2.5E-4	0.8412719
3.2E-4	0.8390482
4.0E-4	0.83574873
5.0E-4	0.83072454
6.3E-4	0.8230979
7.9E-4	0.8125678
0.001	0.7975952
0.00126	0.7781343
0.00158	0.75371355
0.002	0.7218987
0.00251	0.6845681
0.00316	0.6398498
0.00398	0.5884403
0.00501	0.531535
0.00631	0.47053143
0.00794	0.40806475
0.01	0.34617835
0.01259	0.28762835
0.01585	0.23425023
0.01995	0.18727231
0.02512	0.14705251
0.03162	0.11358191
0.03981	0.08623777
0.05012	0.06428697
0.0631	0.046900176
0.07943	0.03332573
0.1	0.022915293
0.12589	0.0151631255
0.15849	0.009610783
0.19953	0.0058222148
0.25119	0.003371171
0.31623	0.0018687041
0.39811	9.943849E-4
0.50119	5.0925923E-4
0.63096	2.5121664E-4
0.79433	1.1901672E-4
1.0	5.3715718E-5
1.25893	2.280143E-5
1.58489	8.96678E-6
1.99526	3.219171E-6
2.51189	1.0424741E-6
3.16228	3.0194207E-7
3.98107	7.7849634E-8
5.01187	1.7848343E-8
6.30957	3.647691E-9
7.94328	6.683305E-10
10.0	1.10710885E-10



DATASET #2

Name: UCERF3
Num Points: 401
Info: 

X, Y Data:
1.0E-4	0.057880756
1.0333392E-4	0.057880756
1.06779E-4	0.057880756
1.1033893E-4	0.057880756
1.14017545E-4	0.057880756
1.178188E-4	0.057880756
1.2174679E-4	0.057880756
1.2580573E-4	0.057880756
1.3E-4	0.057880756
1.334183E-4	0.057880756
1.369265E-4	0.057880756
1.4052694E-4	0.057880756
1.4422205E-4	0.057880756
1.4801433E-4	0.057880756
1.5190631E-4	0.057880756
1.5590065E-4	0.057880756
1.6E-4	0.057880756
1.645257E-4	0.057880756
1.691794E-4	0.057880756
1.7396474E-4	0.057880756
1.7888544E-4	0.057880756
1.8394532E-4	0.057880756
1.8914833E-4	0.057880756
1.944985E-4	0.057880756
2.0E-4	0.057880756
2.0565712E-4	0.057880756
2.1147425E-4	0.057880756
2.1745593E-4	0.057880756
2.236068E-4	0.057880756
2.2993165E-4	0.057880756
2.364354E-4	0.057880756
2.4312311E-4	0.057880756
2.5E-4	0.057880756
2.5783465E-4	0.057880756
2.659148E-4	0.05788075
2.742482E-4	0.05788075
2.8284272E-4	0.05788075
2.917066E-4	0.05788075
3.0084825E-4	0.057880748
3.102764E-4	0.057880748
3.2E-4	0.057880744
3.290514E-4	0.05788074
3.383588E-4	0.057880737
3.4792948E-4	0.057880733
3.5777088E-4	0.05788073
3.6789064E-4	0.057880722
3.7829665E-4	0.057880715
3.88997E-4	0.057880707
4.0E-4	0.057880696
4.1131425E-4	0.05788068
4.229485E-4	0.057880666
4.3491187E-4	0.057880647
4.472136E-4	0.05788063
4.598633E-4	0.057880603
4.728708E-4	0.057880573
4.8624622E-4	0.057880536
5.0E-4	0.05788049
5.1465514E-4	0.05788044
5.2973983E-4	0.05788038
5.4526667E-4	0.057880305
5.612486E-4	0.057880215
5.77699E-4	0.057880115
5.946315E-4	0.05787999
6.120603E-4	0.05787985
6.3E-4	0.05787968
6.4807665E-4	0.05787949
6.6667196E-4	0.05787926
6.858008E-4	0.057879
7.0547854E-4	0.057878695
7.257209E-4	0.057878338
7.465441E-4	0.057877928
7.6796475E-4	0.05787745
7.9E-4	0.0578769
8.136239E-4	0.057876233
8.379543E-4	0.057875462
8.630122E-4	0.05787457
8.8881946E-4	0.05787354
9.153984E-4	0.05787235
9.427722E-4	0.05787098
9.7096455E-4	0.057869405
0.001	0.057867598
0.0010293103	0.057865575
0.0010594797	0.05786326
0.0010905333	0.05786063
0.0011224973	0.05785764
0.001155398	0.057854246
0.001189263	0.0578504
0.0012241206	0.05784605
0.00126	0.057841137
0.0012961533	0.057835724
0.0013333439	0.05782964
0.0013716016	0.057822827
0.0014109571	0.0578152
0.0014514418	0.057806678
0.0014930882	0.05779717
0.0015359295	0.057786584
0.00158	0.05777481
0.0016272478	0.057761166
0.0016759086	0.057745982
0.0017260244	0.057729114
0.0017776389	0.0577104
0.0018307968	0.057689685
0.0018855444	0.057666793
0.0019419291	0.057641536
0.002	0.057613723
0.0020575977	0.05758431
0.002116854	0.05755214
0.002177817	0.05751702
0.0022405356	0.057478726
0.0023050604	0.057437055
0.0023714434	0.057391774
0.0024397383	0.05734266
0.00251	0.057289474
0.0025833033	0.057231143
0.0026587474	0.057168115
0.0027363948	0.057100132
0.0028163097	0.05702693
0.0028985585	0.056948237
0.0029832094	0.056863785
0.0030703326	0.05677331
0.00316	0.05667654
0.0032524571	0.056573022
0.0033476194	0.056462664
0.003445566	0.05634521
0.0035463783	0.056220416
0.0036501405	0.056088045
0.0037569385	0.055947866
0.003866861	0.055799663
0.00398	0.055643238
0.004096165	0.05547881
0.0042157196	0.055305842
0.0043387646	0.055124182
0.0044654002	0.054933697
0.0045957323	0.05473427
0.0047298684	0.05452581
0.0048679197	0.054308243
0.00501	0.05408152
0.005156579	0.053845037
0.0053074467	0.053599313
0.005462728	0.05334437
0.0056225527	0.05308024
0.0057870536	0.052806985
0.005956367	0.052524682
0.0061306343	0.05223344
0.00631	0.05193337
0.006493865	0.051625874
0.0066830874	0.051309913
0.0068778237	0.050985664
0.007078234	0.050653312
0.0072844843	0.050313048
0.0074967444	0.04996508
0.00771519	0.049609624
0.00794	0.0492469
0.008172275	0.048875686
0.008411343	0.048497602
0.008657407	0.04811289
0.008910668	0.047721773
0.009171338	0.047324482
0.009439633	0.046921242
0.009715778	0.046512265
0.01	0.04609776
0.010292081	0.045678575
0.010592694	0.045254264
0.010902087	0.044825006
0.011220517	0.044390965
0.011548247	0.043952286
0.011885551	0.043509115
0.012232705	0.043061573
0.01259	0.04260977
0.012957647	0.042153914
0.013336032	0.041693985
0.013725464	0.041230068
0.01412627	0.040762223
0.014538779	0.040290512
0.014963334	0.039814983
0.015400288	0.03933568
0.01585	0.03885264
0.016312422	0.03836634
0.016788337	0.037876382
0.017278135	0.037382804
0.017782224	0.03688564
0.01830102	0.036384933
0.01883495	0.035880733
0.019384459	0.035373095
0.01995	0.03486208
0.020533005	0.034346923
0.021133045	0.033828538
0.021750621	0.03330703
0.022386245	0.032782514
0.023040446	0.032255113
0.023713762	0.03172498
0.024406755	0.031192262
0.02512	0.030657146
0.025853088	0.030120544
0.02660757	0.029581947
0.027384069	0.029041579
0.02818323	0.028499676
0.029005712	0.027956491
0.029852198	0.027412293
0.030723387	0.02686736
0.03162	0.02632198
0.032543603	0.02577597
0.033494186	0.025230128
0.034472536	0.024684766
0.03547946	0.024140209
0.0365158	0.023596786
0.03758241	0.023054825
0.03868017	0.022514664
0.03981	0.021976631
0.040972695	0.021441124
0.042169347	0.02090841
0.04340095	0.020378815
0.044668525	0.01985266
0.04597312	0.019330267
0.047315817	0.01881194
0.04869773	0.018297983
0.05012	0.017788691
0.0515838	0.017284356
0.053090356	0.01678525
0.05464091	0.016291639
0.05623675	0.015803782
0.0578792	0.015321928
0.059569612	0.014846314
0.0613094	0.014377167
0.0631	0.013914706
0.06494172	0.013459423
0.066837184	0.013011219
0.06878798	0.012570283
0.070795715	0.012136792
0.072862044	0.011710911
0.074988686	0.011292798
0.077177405	0.010882602
0.07943	0.010480459
0.08174976	0.010086263
0.08413727	0.009700377
0.08659451	0.009322909
0.08912351	0.008953959
0.09172637	0.008593614
0.09440525	0.008241955
0.097162366	0.00789905
0.1	0.0075649545
0.102919795	0.0072397953
0.10592484	0.0069235256
0.109017625	0.006616171
0.112200715	0.006317744
0.11547674	0.006028247
0.11884842	0.005747671
0.12231855	0.0054759923
0.12589	0.005213179
0.12956645	0.004959136
0.13335027	0.0047138575
0.13724458	0.004477274
0.14125264	0.004249304
0.14537773	0.0040298537
0.14962329	0.0038188184
0.15399285	0.003616082
0.15849	0.003421518
0.16311829	0.003234997
0.16788174	0.0030563632
0.17278428	0.0028854606
0.17783	0.0027221236
0.18302307	0.0025661795
0.18836778	0.0024174475
0.19386858	0.00227574
0.19953	0.002140864
0.20535603	0.002012636
0.21135218	0.0018908367
0.21752341	0.0017752596
0.22387484	0.0016656952
0.23041171	0.0015619325
0.23713945	0.0014637589
0.24406363	0.0013709613
0.25119	0.0012833269
0.25852492	0.0012006385
0.26607406	0.0011226916
0.27384362	0.0010492781
0.28184006	9.801926E-4
0.29007	9.15233E-4
0.29854023	8.542012E-4
0.30725783	7.9690345E-4
0.31623	7.431505E-4
0.32546407	6.9275853E-4
0.33496782	6.4554863E-4
0.34474903	6.013477E-4
0.3548159	5.5998855E-4
0.3651767	5.213102E-4
0.37584007	4.8515768E-4
0.3868148	4.5138237E-4
0.39811	4.19842E-4
0.40973493	3.9040085E-4
0.42169935	3.6292913E-4
0.4340131	3.373036E-4
0.44668642	3.134071E-4
0.4597298	2.9112882E-4
0.47315407	2.7036376E-4
0.4869703	2.5101285E-4
0.50119	2.3298273E-4
0.5158249	2.1618548E-4
0.5308872	2.0053859E-4
0.5463893	1.8596463E-4
0.5623441	1.7239107E-4
0.57876474	1.5975007E-4
0.59566486	1.4797828E-4
0.61305845	1.3701657E-4
0.63096	1.2680984E-4
0.6493842	1.1730682E-4
0.6683464	1.0845974E-4
0.6878623	1.002242E-4
0.7079481	9.255897E-5
0.72862035	8.542572E-5
0.7498962	7.8788886E-5
0.7717934	7.2615396E-5
0.79433	6.687456E-5
0.8175246	6.153786E-5
0.8413966	5.657877E-5
0.86596555	5.197263E-5
0.8912519	4.7696478E-5
0.9172767	4.3728916E-5
0.9440614	4.0049996E-5
0.97162825	3.6641082E-5
1.0	3.348475E-5
1.029201	3.056462E-5
1.0592546	2.7865495E-5
1.090186	2.5373029E-5
1.1220205	2.307374E-5
1.1547846	2.0954958E-5
1.1885055	1.9004741E-5
1.223211	1.7211847E-5
1.25893	1.5565663E-5
1.2956905	1.4056244E-5
1.3335243	1.267407E-5
1.3724631	1.1410224E-5
1.4125386	1.0256284E-5
1.4537846	9.204303E-6
1.4962348	8.246782E-6
1.5399245	7.376648E-6
1.58489	6.5872387E-6
1.6311698	5.872262E-6
1.678801	5.2258433E-6
1.727823	4.642444E-6
1.7782766	4.1168696E-6
1.8302034	3.6442577E-6
1.8836465	3.2200637E-6
1.9386501	2.8400473E-6
1.99526	2.5002598E-6
2.0535233	2.19703E-6
2.113488	1.9269573E-6
2.1752036	1.6868934E-6
2.2387214	1.4739305E-6
2.304094	1.2853906E-6
2.3713756	1.1188122E-6
2.4406219	9.719386E-7
2.51189	8.42706E-7
2.5852382	7.292328E-7
2.6607285	6.298034E-7
2.7384229	5.428622E-7
2.818386	4.670005E-7
2.900684	4.0094605E-7
2.9853854	3.435528E-7
3.0725598	2.9379092E-7
3.16228	2.5073746E-7
3.2546198	2.1356753E-7
3.3496559	1.8154552E-7
3.447467	1.5401739E-7
3.5481343	1.3040305E-7
3.6517413	1.1018939E-7
3.7583735	9.292366E-8
3.8681195	7.8207464E-8
3.98107	6.569109E-8
4.097319	5.5068345E-8
4.2169633	4.607199E-8
4.340101	3.84692E-8
4.466834	3.205774E-8
4.5972676	2.6662367E-8
4.7315106	2.2131616E-8
4.869673	1.8334925E-8
5.01187	1.5160039E-8
5.1582193	1.2510657E-8
5.3088417	1.0304394E-8
5.463863	8.470922E-9
5.62341	6.950402E-9
5.7876167	5.691997E-9
5.9566183	4.6526396E-9
6.1305547	3.7959325E-9
6.30957	3.0912082E-9
6.493813	2.5126563E-9
6.683436	2.0386306E-9
6.878596	1.6510141E-9
7.079455	1.3346773E-9
7.286179	1.0770126E-9
7.4989395	8.675427E-10
7.7179127	6.9757444E-10
7.94328	5.5992433E-10
8.175228	4.4865267E-10
8.41395	3.5887837E-10
8.659641	2.8657676E-10
8.912508	2.2845281E-10
9.172758	1.8180968E-10
9.440608	1.4445412E-10
9.716279	1.1458268E-10
10.0	9.0742414E-11



DATASET #3

Name: RSQSim
Num Points: 401
Info: 

X, Y Data:
1.0E-4	0.093135
1.0333392E-4	0.093135
1.06779E-4	0.093135
1.1033893E-4	0.093135
1.14017545E-4	0.093135
1.178188E-4	0.093135
1.2174679E-4	0.093135
1.2580573E-4	0.093135
1.3E-4	0.093135
1.334183E-4	0.093135
1.369265E-4	0.093135
1.4052694E-4	0.093135
1.4422205E-4	0.093135
1.4801433E-4	0.093135
1.5190631E-4	0.093135
1.5590065E-4	0.093135
1.6E-4	0.093135
1.645257E-4	0.093135
1.691794E-4	0.093135
1.7396474E-4	0.093135
1.7888544E-4	0.093135
1.8394532E-4	0.093135
1.8914833E-4	0.093135
1.944985E-4	0.093135
2.0E-4	0.093135
2.0565712E-4	0.093135
2.1147425E-4	0.093135
2.1745593E-4	0.093135
2.236068E-4	0.093135
2.2993165E-4	0.093135
2.364354E-4	0.093135
2.4312311E-4	0.093135
2.5E-4	0.093135
2.5783465E-4	0.093135
2.659148E-4	0.093135
2.742482E-4	0.093135
2.8284272E-4	0.093135
2.917066E-4	0.093135
3.0084825E-4	0.09313499
3.102764E-4	0.09313499
3.2E-4	0.09313499
3.290514E-4	0.09313499
3.383588E-4	0.09313499
3.4792948E-4	0.093134984
3.5777088E-4	0.093134984
3.6789064E-4	0.093134984
3.7829665E-4	0.09313498
3.88997E-4	0.09313498
4.0E-4	0.09313497
4.1131425E-4	0.09313496
4.229485E-4	0.093134955
4.3491187E-4	0.09313495
4.472136E-4	0.09313493
4.598633E-4	0.09313492
4.728708E-4	0.0931349
4.8624622E-4	0.09313489
5.0E-4	0.093134865
5.1465514E-4	0.093134835
5.2973983E-4	0.093134806
5.4526667E-4	0.09313476
5.612486E-4	0.093134716
5.77699E-4	0.093134664
5.946315E-4	0.0931346
6.120603E-4	0.09313452
6.3E-4	0.09313443
6.4807665E-4	0.09313433
6.6667196E-4	0.09313421
6.858008E-4	0.09313407
7.0547854E-4	0.093133904
7.257209E-4	0.09313371
7.465441E-4	0.09313348
7.6796475E-4	0.09313322
7.9E-4	0.09313292
8.136239E-4	0.09313255
8.379543E-4	0.09313212
8.630122E-4	0.093131624
8.8881946E-4	0.09313104
9.153984E-4	0.09313037
9.427722E-4	0.0931296
9.7096455E-4	0.0931287
0.001	0.09312767
0.0010293103	0.0931265
0.0010594797	0.09312516
0.0010905333	0.09312362
0.0011224973	0.093121864
0.001155398	0.09311986
0.001189263	0.09311757
0.0012241206	0.09311497
0.00126	0.09311201
0.0012961533	0.09310872
0.0013333439	0.093105
0.0013716016	0.09310081
0.0014109571	0.09309608
0.0014514418	0.09309075
0.0014930882	0.09308476
0.0015359295	0.09307803
0.00158	0.09307049
0.0016272478	0.09306168
0.0016759086	0.09305178
0.0017260244	0.093040675
0.0017776389	0.09302825
0.0018307968	0.09301436
0.0018855444	0.092998855
0.0019419291	0.09298158
0.002	0.09296235
0.0020575977	0.092941806
0.002116854	0.092919104
0.002177817	0.092894055
0.0022405356	0.09286645
0.0023050604	0.09283607
0.0023714434	0.09280269
0.0024397383	0.09276606
0.00251	0.09272593
0.0025833033	0.09268139
0.0026587474	0.092632666
0.0027363948	0.09257944
0.0028163097	0.09252139
0.0028985585	0.09245817
0.0029832094	0.09238942
0.0030703326	0.09231476
0.00316	0.0922338
0.0032524571	0.09214597
0.0033476194	0.092051
0.003445566	0.09194845
0.0035463783	0.09183786
0.0036501405	0.09171879
0.0037569385	0.09159078
0.003866861	0.09145332
0.00398	0.091305956
0.004096165	0.09114857
0.0042157196	0.09098033
0.0043387646	0.09080073
0.0044654002	0.090609275
0.0045957323	0.09040546
0.0047298684	0.09018878
0.0048679197	0.089958735
0.00501	0.08971483
0.005156579	0.08945595
0.0053074467	0.08918215
0.005462728	0.08889298
0.0056225527	0.08858797
0.0057870536	0.088266656
0.005956367	0.087928616
0.0061306343	0.08757343
0.00631	0.0872007
0.006493865	0.08681165
0.0066830874	0.086404465
0.0068778237	0.085978836
0.007078234	0.08553446
0.0072844843	0.08507106
0.0074967444	0.08458839
0.00771519	0.084086254
0.00794	0.08356445
0.008172275	0.08302071
0.008411343	0.082456894
0.008657407	0.08187292
0.008910668	0.08126874
0.009171338	0.08064437
0.009439633	0.07999981
0.009715778	0.07933515
0.01	0.07865049
0.010292081	0.077947065
0.010592694	0.077224016
0.010902087	0.07648158
0.011220517	0.07572
0.011548247	0.07493958
0.011885551	0.07414064
0.012232705	0.07332356
0.01259	0.07248875
0.012957647	0.07163683
0.013336032	0.070768096
0.013725464	0.06988306
0.01412627	0.06898227
0.014538779	0.06806629
0.014963334	0.06713573
0.015400288	0.06619121
0.01585	0.0652334
0.016312422	0.064263865
0.016788337	0.06328245
0.017278135	0.06228989
0.017782224	0.061286934
0.01830102	0.06027435
0.01883495	0.05925293
0.019384459	0.058223467
0.01995	0.05718678
0.020533005	0.056141976
0.021133045	0.055091586
0.021750621	0.054036446
0.022386245	0.05297741
0.023040446	0.051915318
0.023713762	0.050851025
0.024406755	0.049785372
0.02512	0.048719205
0.025853088	0.047654785
0.02660757	0.04659151
0.027384069	0.04553019
0.02818323	0.04447162
0.029005712	0.0434166
0.029852198	0.0423659
0.030723387	0.04132027
0.03162	0.040280458
0.032543603	0.039246272
0.033494186	0.038219336
0.034472536	0.037200328
0.03547946	0.03618991
0.0365158	0.03518872
0.03758241	0.034197368
0.03868017	0.03321645
0.03981	0.03224653
0.040972695	0.031288262
0.042169347	0.030342052
0.04340095	0.029408393
0.044668525	0.028487755
0.04597312	0.027580585
0.047315817	0.026687304
0.04869773	0.025808306
0.05012	0.024943966
0.0515838	0.02409464
0.053090356	0.023260642
0.05464091	0.022442278
0.05623675	0.021639824
0.0578792	0.020853532
0.059569612	0.020083634
0.0613094	0.019330336
0.0631	0.018593824
0.06494172	0.017874703
0.066837184	0.017172642
0.06878798	0.016487753
0.070795715	0.015820127
0.072862044	0.015169831
0.074988686	0.014536908
0.077177405	0.013921378
0.07943	0.013323241
0.08174976	0.0127421245
0.08413727	0.012178347
0.08659451	0.01163184
0.08912351	0.011102508
0.09172637	0.0105902385
0.09440525	0.010094894
0.097162366	0.009616319
0.1	0.009154336
0.102919795	0.008708852
0.10592484	0.00827954
0.109017625	0.007866166
0.112200715	0.0074684764
0.11547674	0.007086206
0.11884842	0.0067190723
0.12231855	0.006366777
0.12589	0.0060290103
0.12956645	0.0057053887
0.13335027	0.0053956457
0.13724458	0.0050994386
0.14125264	0.004816416
0.14537773	0.0045462195
0.14962329	0.004288485
0.15399285	0.004042842
0.15849	0.0038089186
0.16311829	0.0035863486
0.16788174	0.003374745
0.17278428	0.0031737308
0.17783	0.00298293
0.18302307	0.0028019687
0.18836778	0.002630475
0.19386858	0.002468081
0.19953	0.002314423
0.20535603	0.00216916
0.21135218	0.0020319198
0.21752341	0.0019023567
0.22387484	0.0017801316
0.23041171	0.0016649127
0.23713945	0.0015563763
0.24406363	0.0014542072
0.25119	0.0013580985
0.25852492	0.0012677464
0.26607406	0.001182869
0.27384362	0.0011031862
0.28184006	0.0010284282
0.29007	9.583342E-4
0.29854023	8.92653E-4
0.30725783	8.311431E-4
0.31623	7.735724E-4
0.32546407	7.197187E-4
0.33496782	6.6936825E-4
0.34474903	6.223172E-4
0.3548159	5.7837076E-4
0.3651767	5.3734315E-4
0.37584007	4.9905747E-4
0.3868148	4.6334538E-4
0.39811	4.300471E-4
0.40973493	3.9901122E-4
0.42169935	3.7009385E-4
0.4340131	3.4315925E-4
0.44668642	3.18079E-4
0.4597298	2.9473208E-4
0.47315407	2.7300444E-4
0.4869703	2.5278868E-4
0.50119	2.3398398E-4
0.5158249	2.1649558E-4
0.5308872	2.002347E-4
0.5463893	1.8511816E-4
0.5623441	1.7106815E-4
0.57876474	1.5801191E-4
0.59566486	1.4588152E-4
0.61305845	1.346136E-4
0.63096	1.24149E-4
0.6493842	1.14432696E-4
0.6683464	1.0541335E-4
0.6878623	9.704321E-5
0.7079481	8.927782E-5
0.72862035	8.207583E-5
0.7498962	7.5398755E-5
0.7717934	6.92108E-5
0.79433	6.347864E-5
0.8175246	5.817127E-5
0.8413966	5.3259806E-5
0.86596555	4.871734E-5
0.8912519	4.451879E-5
0.9172767	4.0640767E-5
0.9440614	3.7061433E-5
0.97162825	3.3760396E-5
1.0	3.0718587E-5
1.029201	2.7918113E-5
1.0592546	2.5342359E-5
1.090186	2.2975686E-5
1.1220205	2.0803442E-5
1.1547846	1.8811883E-5
1.1885055	1.6988122E-5
1.223211	1.5320062E-5
1.25893	1.379635E-5
1.2956905	1.2406385E-5
1.3335243	1.1140108E-5
1.3724631	9.988138E-6
1.4125386	8.941681E-6
1.4537846	7.992492E-6
1.4962348	7.1328514E-6
1.5399245	6.3555326E-6
1.58489	5.6537815E-6
1.6311698	5.021273E-6
1.678801	4.4521435E-6
1.727823	3.940913E-6
1.7782766	3.4824848E-6
1.8302034	3.0721262E-6
1.8836465	2.7054498E-6
1.9386501	2.378396E-6
1.99526	2.0872144E-6
2.0535233	1.8284462E-6
2.113488	1.598913E-6
2.1752036	1.3956937E-6
2.2387214	1.2161122E-6
2.304094	1.0577215E-6
2.3713756	9.1828923E-7
2.4406219	7.957831E-7
2.51189	6.883573E-7
2.5852382	5.943405E-7
2.6607285	5.1221895E-7
2.7384229	4.406286E-7
2.818386	3.7834215E-7
2.900684	3.242576E-7
2.9853854	2.773881E-7
3.0725598	2.3685178E-7
3.16228	2.0186266E-7
3.2546198	1.7172184E-7
3.3496559	1.4580918E-7
3.447467	1.2357602E-7
3.5481343	1.0453786E-7
3.6517413	8.826809E-8
3.7583735	7.439184E-8
3.8681195	6.258054E-8
3.98107	5.2546877E-8
4.097319	4.4040164E-8
4.2169633	3.6842366E-8
4.340101	3.076411E-8
4.466834	2.56414E-8
4.5972676	2.1332491E-8
4.7315106	1.7715209E-8
4.869673	1.4684462E-8
5.01187	1.215011E-8
5.1582193	1.0034951E-8
5.3088417	8.273063E-9
5.463863	6.808265E-9
5.62341	5.5927956E-9
5.7876167	4.5861412E-9
5.9566183	3.754007E-9
6.1305547	3.0674392E-9
6.30957	2.5020377E-9
6.493813	2.0372852E-9
6.683436	1.6559807E-9
6.878596	1.343716E-9
7.079455	1.0884568E-9
7.286179	8.8018615E-10
7.4989395	7.105573E-10
7.7179127	5.726539E-10
7.94328	4.6073623E-10
8.175228	3.7007686E-10
8.41395	2.967594E-10
8.659641	2.3758195E-10
8.912508	1.898951E-10
9.172758	1.5153079E-10
9.440608	1.2071877E-10
9.716279	9.602086E-11
10.0	7.625611E-11



DATASET #4

Name: 1000yr
Num Points: 2
Info: 

X, Y Data:
0.001	0.001
10.0	0.001



DATASET #5

Name: 2500yr
Num Points: 2
Info: 

X, Y Data:
0.001	4.0E-4
10.0	4.0E-4



DATASET #6

Name: 10000yr
Num Points: 2
Info: 

X, Y Data:
0.001	1.0E-4
10.0	1.0E-4


