
X-Axis: Normalized Interevent Time
Y-Axis: Probability
Number of Data Sets: 3


DATASET #1

     Name: Bruce 2310 Histogram
   Points: 41
     Info: 

Data[x,y]:
0.05	  0.041126225
0.15	  0.04421069
0.25	  0.047057893
0.35	  0.048956025
0.45	  0.04523885
0.55	  0.04571338
0.65	  0.051249605
0.75	  0.04927238
0.85	  0.05876305
0.95	  0.07774439
1.05	  0.094827585
1.15	  0.06959823
1.25	  0.05298956
1.35	  0.04871876
1.45	  0.041521672
1.55	  0.03788358
1.65	  0.029421069
1.75	  0.026020247
1.85	  0.021354001
1.95	  0.016845934
2.05	  0.011388801
2.15	  0.009886112
2.25	  0.0071970895
2.35	  0.0056944005
2.45	  0.0050616893
2.55	  0.0036380892
2.65	  0.0018190446
2.75	  0.0010281557
2.85	  0.0017399557
2.95	  0.0011072445
3.05	  4.745334E-4
3.15	  5.5362226E-4
3.25	  2.372667E-4
3.35	  4.745334E-4
3.45	  3.9544448E-4
3.55	  0.0
3.65	  1.5817779E-4
3.75	  1.5817779E-4
3.85	  7.9088895E-5
3.95	  0.0
4.05	  3.9544448E-4



DATASET #2

     Name: Log-Normal Fit
   Points: 401
     Info: 

Data[x,y]:
0.005	  4.6074256E-14
0.015	  2.318224E-10
0.025	  1.8031825E-8
0.035	  2.8878867E-7
0.045	  2.0352873E-6
0.055	  8.7896815E-6
0.065	  2.76019E-5
0.075	  6.9517824E-5
0.085	  1.4918834E-4
0.095	  2.8383016E-4
0.105	  4.918735E-4
0.115	  7.915895E-4
0.125	  0.0011998931
0.135	  0.0017314189
0.145	  0.002397899
0.155	  0.0032078219
0.165	  0.0041663297
0.175	  0.005275305
0.185	  0.006533592
0.195	  0.0079373075
0.205	  0.009480208
0.215	  0.011154073
0.225	  0.012949095
0.235	  0.014854245
0.245	  0.01685762
0.255	  0.01894675
0.265	  0.021108873
0.275	  0.02333117
0.285	  0.025600966
0.295	  0.027905889
0.305	  0.030234015
0.315	  0.032573957
0.325	  0.034914963
0.335	  0.03724695
0.345	  0.03956056
0.355	  0.04184718
0.365	  0.044098936
0.375	  0.046308696
0.385	  0.048470065
0.395	  0.050577357
0.405	  0.052625567
0.415	  0.054610346
0.425	  0.056527965
0.435	  0.058375284
0.445	  0.0601497
0.455	  0.061849136
0.465	  0.06347198
0.475	  0.06501706
0.485	  0.0664836
0.495	  0.067871206
0.505	  0.0691798
0.515	  0.070409626
0.525	  0.071561165
0.535	  0.07263519
0.545	  0.073632635
0.555	  0.074554674
0.565	  0.07540261
0.575	  0.076177925
0.585	  0.076882206
0.595	  0.07751714
0.605	  0.07808452
0.615	  0.07858621
0.625	  0.079024136
0.635	  0.07940026
0.645	  0.07971657
0.655	  0.079975106
0.665	  0.08017791
0.675	  0.08032702
0.685	  0.08042447
0.695	  0.08047231
0.705	  0.08047255
0.715	  0.080427185
0.725	  0.08033818
0.735	  0.08020748
0.745	  0.080037
0.755	  0.0798286
0.765	  0.07958411
0.775	  0.07930532
0.785	  0.078993976
0.795	  0.078651786
0.805	  0.0782804
0.815	  0.07788142
0.825	  0.07745641
0.835	  0.077006884
0.845	  0.07653431
0.855	  0.0760401
0.865	  0.07552563
0.875	  0.07499221
0.885	  0.07444112
0.895	  0.07387359
0.905	  0.0732908
0.915	  0.07269389
0.925	  0.07208396
0.935	  0.07146204
0.945	  0.07082915
0.955	  0.07018626
0.965	  0.06953429
0.975	  0.06887412
0.985	  0.0682066
0.995	  0.067532554
1.005	  0.06685273
1.015	  0.0661679
1.025	  0.06547874
1.035	  0.064785935
1.045	  0.06409012
1.055	  0.0633919
1.065	  0.06269187
1.075	  0.061990563
1.085	  0.06128851
1.095	  0.060586203
1.105	  0.059884112
1.115	  0.05918268
1.125	  0.058482334
1.135	  0.057783462
1.145	  0.057086445
1.155	  0.056391638
1.165	  0.05569937
1.175	  0.05500996
1.185	  0.0543237
1.195	  0.053640865
1.205	  0.05296172
1.215	  0.052286506
1.225	  0.051615447
1.235	  0.050948758
1.245	  0.050286636
1.255	  0.049629267
1.265	  0.048976816
1.275	  0.048329446
1.285	  0.0476873
1.295	  0.04705051
1.305	  0.0464192
1.315	  0.045793485
1.325	  0.045173466
1.335	  0.044559233
1.345	  0.04395087
1.355	  0.043348458
1.365	  0.042752057
1.375	  0.042161733
1.385	  0.04157753
1.395	  0.04099949
1.405	  0.040427662
1.415	  0.03986207
1.425	  0.039302744
1.435	  0.038749695
1.445	  0.038202945
1.455	  0.037662502
1.465	  0.03712837
1.475	  0.036600545
1.485	  0.036079027
1.495	  0.035563804
1.505	  0.035054866
1.515	  0.034552194
1.525	  0.034055773
1.535	  0.033565577
1.545	  0.03308158
1.555	  0.032603756
1.565	  0.03213207
1.575	  0.03166649
1.585	  0.031206986
1.595	  0.030753512
1.605	  0.030306032
1.615	  0.029864501
1.625	  0.029428879
1.635	  0.02899912
1.645	  0.028575176
1.655	  0.028157
1.665	  0.027744543
1.675	  0.027337752
1.685	  0.02693658
1.695	  0.026540972
1.705	  0.026150875
1.715	  0.025766237
1.725	  0.025387
1.735	  0.025013112
1.745	  0.024644515
1.755	  0.024281153
1.765	  0.023922972
1.775	  0.023569914
1.785	  0.023221917
1.795	  0.022878932
1.805	  0.022540895
1.815	  0.02220775
1.825	  0.02187944
1.835	  0.021555908
1.845	  0.021237094
1.855	  0.02092294
1.865	  0.020613393
1.875	  0.02030839
1.885	  0.020007877
1.895	  0.019711796
1.905	  0.01942009
1.915	  0.019132702
1.925	  0.018849576
1.935	  0.018570656
1.945	  0.018295888
1.955	  0.018025214
1.965	  0.01775858
1.975	  0.017495932
1.985	  0.017237214
1.995	  0.016982375
2.005	  0.016731359
2.015	  0.016484113
2.025	  0.016240587
2.035	  0.016000727
2.045	  0.015764482
2.055	  0.015531803
2.065	  0.015302635
2.075	  0.015076932
2.085	  0.014854641
2.095	  0.014635716
2.105	  0.014420106
2.115	  0.0142077645
2.125	  0.013998644
2.135	  0.013792697
2.145	  0.013589878
2.155	  0.013390139
2.165	  0.013193437
2.175	  0.0129997255
2.185	  0.012808961
2.195	  0.012621099
2.205	  0.0124360975
2.215	  0.012253913
2.225	  0.012074504
2.235	  0.0118978275
2.245	  0.011723844
2.255	  0.011552512
2.265	  0.011383791
2.275	  0.0112176435
2.285	  0.011054028
2.295	  0.010892908
2.305	  0.010734244
2.315	  0.010578
2.325	  0.010424138
2.335	  0.010272622
2.345	  0.010123417
2.355	  0.009976486
2.365	  0.009831795
2.375	  0.009689309
2.385	  0.009548994
2.395	  0.009410817
2.405	  0.009274746
2.415	  0.009140747
2.425	  0.0090087885
2.435	  0.008878838
2.445	  0.008750866
2.455	  0.008624841
2.465	  0.008500733
2.475	  0.008378512
2.485	  0.008258149
2.495	  0.008139615
2.505	  0.008022881
2.515	  0.00790792
2.525	  0.007794703
2.535	  0.007683204
2.545	  0.007573396
2.555	  0.007465252
2.565	  0.007358747
2.575	  0.0072538545
2.585	  0.00715055
2.595	  0.0070488085
2.605	  0.006948605
2.615	  0.006849916
2.625	  0.0067527182
2.635	  0.006656987
2.645	  0.006562701
2.655	  0.0064698365
2.665	  0.0063783713
2.675	  0.006288284
2.685	  0.0061995527
2.695	  0.0061121564
2.705	  0.0060260743
2.715	  0.0059412853
2.725	  0.0058577694
2.735	  0.0057755066
2.745	  0.005694478
2.755	  0.005614663
2.765	  0.0055360436
2.775	  0.0054586004
2.785	  0.0053823157
2.795	  0.005307171
2.805	  0.0052331486
2.815	  0.0051602307
2.825	  0.0050884
2.835	  0.00501764
2.845	  0.0049479334
2.855	  0.004879264
2.865	  0.0048116157
2.875	  0.004744972
2.885	  0.004679318
2.895	  0.004614638
2.905	  0.0045509166
2.915	  0.004488139
2.925	  0.0044262903
2.935	  0.0043653557
2.945	  0.004305322
2.955	  0.0042461744
2.965	  0.004187899
2.975	  0.004130483
2.985	  0.0040739123
2.995	  0.004018174
3.005	  0.0039632553
3.015	  0.003909143
3.025	  0.003855825
3.035	  0.003803289
3.045	  0.0037515226
3.055	  0.003700514
3.065	  0.0036502518
3.075	  0.0036007238
3.085	  0.0035519192
3.095	  0.0035038264
3.105	  0.0034564347
3.115	  0.003409733
3.125	  0.0033637108
3.135	  0.0033183577
3.145	  0.003273663
3.155	  0.0032296174
3.165	  0.0031862098
3.175	  0.0031434312
3.185	  0.0031012716
3.195	  0.0030597213
3.205	  0.0030187713
3.215	  0.0029784122
3.225	  0.0029386352
3.235	  0.002899431
3.245	  0.0028607908
3.255	  0.0028227065
3.265	  0.002785169
3.275	  0.0027481702
3.285	  0.002711702
3.295	  0.0026757559
3.305	  0.0026403242
3.315	  0.0026053991
3.325	  0.0025709728
3.335	  0.002537038
3.345	  0.0025035865
3.355	  0.0024706116
3.365	  0.0024381059
3.375	  0.0024060623
3.385	  0.0023744735
3.395	  0.002343333
3.405	  0.002312634
3.415	  0.0022823694
3.425	  0.002252533
3.435	  0.0022231184
3.445	  0.002194119
3.455	  0.0021655285
3.465	  0.0021373408
3.475	  0.00210955
3.485	  0.00208215
3.495	  0.0020551349
3.505	  0.002028499
3.515	  0.0020022364
3.525	  0.001976342
3.535	  0.0019508096
3.545	  0.0019256343
3.555	  0.0019008106
3.565	  0.0018763333
3.575	  0.001852197
3.585	  0.0018283968
3.595	  0.0018049277
3.605	  0.0017817847
3.615	  0.001758963
3.625	  0.0017364578
3.635	  0.0017142644
3.645	  0.0016923782
3.655	  0.0016707946
3.665	  0.0016495091
3.675	  0.0016285173
3.685	  0.0016078149
3.695	  0.0015873975
3.705	  0.0015672612
3.715	  0.0015474014
3.725	  0.0015278144
3.735	  0.0015084961
3.745	  0.0014894424
3.755	  0.0014706496
3.765	  0.0014521137
3.775	  0.001433831
3.785	  0.0014157979
3.795	  0.0013980105
3.805	  0.0013804655
3.815	  0.001363159
3.825	  0.0013460879
3.835	  0.0013292484
3.845	  0.0013126375
3.855	  0.0012962515
3.865	  0.0012800874
3.875	  0.0012641419
3.885	  0.0012484117
3.895	  0.0012328939
3.905	  0.0012175853
3.915	  0.0012024827
3.925	  0.0011875834
3.935	  0.0011728844
3.945	  0.0011583827
3.955	  0.0011440755
3.965	  0.00112996
3.975	  0.0011160334
3.985	  0.0011022931
3.995	  0.0010887363
4.005	  0.0010753605



DATASET #3

     Name: BPT Fit
   Points: 401
     Info: Mean = 100.0, Aperiodicity = 0.5, Duration = 30.0, Delta T = 1.0, Num Points = 500, Historic Open Interval = 0.0
Computed mean = 0.9886717

Data[x,y]:
0.0	  0.0
0.01	  0.0
0.02	  8.32769E-29
0.03	  7.4971075E-19
0.04	  6.217927E-14
0.05	  5.1227377E-11
0.06	  4.260716E-9
0.07	  9.628232E-8
0.08	  9.679998E-7
0.09	  5.688765E-6
0.1	  2.3006034E-5
0.11	  7.1003065E-5
0.12	  1.7912939E-4
0.13	  3.873423E-4
0.14	  7.4252236E-4
0.15	  0.0012933398
0.16	  0.0020849742
0.17	  0.0031547565
0.18	  0.0045292727
0.19	  0.006223021
0.2	  0.008238403
0.21	  0.010566715
0.22	  0.013189763
0.23	  0.016081795
0.24	  0.019211497
0.25	  0.02254389
0.26	  0.026042009
0.27	  0.02966834
0.28	  0.033385973
0.29	  0.037159503
0.3	  0.040955666
0.31	  0.044743806
0.32	  0.04849615
0.33	  0.052187923
0.34	  0.055797394
0.35	  0.0593058
0.36	  0.06269723
0.37	  0.06595846
0.38	  0.06907879
0.39	  0.07204977
0.4	  0.07486504
0.41	  0.07752014
0.42	  0.08001223
0.43	  0.08233994
0.44	  0.084503196
0.45	  0.08650299
0.46	  0.0883413
0.47	  0.09002089
0.48	  0.091545165
0.49	  0.09291811
0.5	  0.09414417
0.51	  0.095228106
0.52	  0.09617496
0.53	  0.09699
0.54	  0.097678594
0.55	  0.09824621
0.56	  0.09869835
0.57	  0.09904051
0.58	  0.09927814
0.59	  0.09941663
0.6	  0.09946127
0.61	  0.099417254
0.62	  0.09928964
0.63	  0.09908334
0.64	  0.098803125
0.65	  0.0984536
0.66	  0.098039225
0.67	  0.09756428
0.68	  0.097032875
0.69	  0.09644896
0.7	  0.095816314
0.71	  0.09513855
0.72	  0.09441913
0.73	  0.09366133
0.74	  0.09286829
0.75	  0.09204299
0.76	  0.09118826
0.77	  0.09030678
0.78	  0.0894011
0.79	  0.08847364
0.8	  0.08752667
0.81	  0.08656235
0.82	  0.08558271
0.83	  0.084589675
0.84	  0.08358506
0.85	  0.08257056
0.86	  0.08154778
0.87	  0.08051824
0.88	  0.07948333
0.89	  0.0784444
0.9	  0.07740268
0.91	  0.07635934
0.92	  0.07531546
0.93	  0.07427207
0.94	  0.0732301
0.95	  0.07219045
0.96	  0.07115394
0.97	  0.070121326
0.98	  0.069093324
0.99	  0.06807059
1.0	  0.067053735
1.01	  0.06604331
1.02	  0.06503984
1.03	  0.064043805
1.04	  0.06305563
1.05	  0.062075716
1.06	  0.06110443
1.07	  0.060142104
1.08	  0.05918904
1.09	  0.058245502
1.1	  0.05731174
1.11	  0.056387965
1.12	  0.055474374
1.13	  0.054571137
1.14	  0.0536784
1.15	  0.052796293
1.16	  0.051924925
1.17	  0.051064387
1.18	  0.050214756
1.19	  0.04937609
1.2	  0.048548434
1.21	  0.047731817
1.22	  0.04692626
1.23	  0.04613177
1.24	  0.045348343
1.25	  0.044575963
1.26	  0.043814607
1.27	  0.04306424
1.28	  0.042324826
1.29	  0.04159631
1.3	  0.040878635
1.31	  0.040171746
1.32	  0.039475568
1.33	  0.03879003
1.34	  0.03811505
1.35	  0.03745055
1.36	  0.036796432
1.37	  0.036152616
1.38	  0.035518996
1.39	  0.034895483
1.4	  0.03428197
1.41	  0.03367835
1.42	  0.03308452
1.43	  0.032500375
1.44	  0.031925797
1.45	  0.031360682
1.46	  0.03080491
1.47	  0.03025837
1.48	  0.029720947
1.49	  0.029192524
1.5	  0.028672986
1.51	  0.028162213
1.52	  0.027660089
1.53	  0.027166495
1.54	  0.026681315
1.55	  0.02620443
1.56	  0.025735723
1.57	  0.025275076
1.58	  0.024822373
1.59	  0.024377497
1.6	  0.023940332
1.61	  0.023510762
1.62	  0.023088673
1.63	  0.022673951
1.64	  0.022266485
1.65	  0.021866158
1.66	  0.021472862
1.67	  0.021086484
1.68	  0.020706918
1.69	  0.020334054
1.7	  0.019967781
1.71	  0.019607998
1.72	  0.019254597
1.73	  0.018907474
1.74	  0.018566526
1.75	  0.018231653
1.76	  0.017902752
1.77	  0.017579725
1.78	  0.017262474
1.79	  0.0169509
1.8	  0.01664491
1.81	  0.01634441
1.82	  0.016049303
1.83	  0.0157595
1.84	  0.01547491
1.85	  0.015195442
1.86	  0.014921011
1.87	  0.014651528
1.88	  0.014386907
1.89	  0.0141270645
1.9	  0.013871917
1.91	  0.013621382
1.92	  0.01337538
1.93	  0.013133831
1.94	  0.012896657
1.95	  0.01266378
1.96	  0.012435125
1.97	  0.012210618
1.98	  0.011990183
1.99	  0.011773751
2.0	  0.011561248
2.01	  0.011352606
2.02	  0.011147755
2.03	  0.010946628
2.04	  0.0107491575
2.05	  0.0105552785
2.06	  0.010364927
2.07	  0.010178039
2.08	  0.009994552
2.09	  0.009814405
2.1	  0.009637537
2.11	  0.00946389
2.12	  0.009293406
2.13	  0.009126027
2.14	  0.008961697
2.15	  0.00880036
2.16	  0.008641963
2.17	  0.008486452
2.18	  0.008333773
2.19	  0.008183877
2.2	  0.008036712
2.21	  0.007892229
2.22	  0.0077503785
2.23	  0.0076111127
2.24	  0.0074743843
2.25	  0.0073401467
2.26	  0.0072083552
2.27	  0.0070789647
2.28	  0.006951931
2.29	  0.006827211
2.3	  0.006704763
2.31	  0.0065845447
2.32	  0.006466516
2.33	  0.0063506356
2.34	  0.006236865
2.35	  0.006125165
2.36	  0.0060154987
2.37	  0.0059078275
2.38	  0.0058021154
2.39	  0.0056983265
2.4	  0.0055964254
2.41	  0.005496377
2.42	  0.005398148
2.43	  0.0053017046
2.44	  0.005207014
2.45	  0.0051140436
2.46	  0.0050227623
2.47	  0.0049331393
2.48	  0.0048451438
2.49	  0.0047587454
2.5	  0.0046739154
2.51	  0.004590625
2.52	  0.0045088455
2.53	  0.004428549
2.54	  0.0043497086
2.55	  0.004272298
2.56	  0.00419629
2.57	  0.004121659
2.58	  0.00404838
2.59	  0.003976428
2.6	  0.0039057785
2.61	  0.003836408
2.62	  0.0037682925
2.63	  0.003701409
2.64	  0.0036357353
2.65	  0.0035712488
2.66	  0.0035079278
2.67	  0.0034457506
2.68	  0.0033846966
2.69	  0.003324745
2.7	  0.0032658756
2.71	  0.0032080687
2.72	  0.0031513043
2.73	  0.003095564
2.74	  0.0030408283
2.75	  0.0029870793
2.76	  0.0029342985
2.77	  0.0028824685
2.78	  0.0028315717
2.79	  0.002781591
2.8	  0.0027325095
2.81	  0.002684311
2.82	  0.002636979
2.83	  0.0025904982
2.84	  0.0025448522
2.85	  0.0025000265
2.86	  0.0024560057
2.87	  0.002412775
2.88	  0.00237032
2.89	  0.0023286268
2.9	  0.0022876812
2.91	  0.0022474697
2.92	  0.0022079789
2.93	  0.0021691953
2.94	  0.0021311063
2.95	  0.0020936993
2.96	  0.0020569616
2.97	  0.0020208813
2.98	  0.0019854459
2.99	  0.0019506442
3.0	  0.0019164644
3.01	  0.0018828951
3.02	  0.0018499254
3.03	  0.0018175441
3.04	  0.0017857407
3.05	  0.0017545046
3.06	  0.0017238256
3.07	  0.0016936935
3.08	  0.0016640982
3.09	  0.0016350303
3.1	  0.0016064798
3.11	  0.0015784375
3.12	  0.0015508943
3.13	  0.001523841
3.14	  0.0014972687
3.15	  0.0014711688
3.16	  0.0014455325
3.17	  0.0014203517
3.18	  0.001395618
3.19	  0.0013713232
3.2	  0.0013474595
3.21	  0.001324019
3.22	  0.0013009942
3.23	  0.0012783775
3.24	  0.0012561614
3.25	  0.0012343389
3.26	  0.0012129026
3.27	  0.0011918457
3.28	  0.0011711613
3.29	  0.0011508429
3.3	  0.0011308835
3.31	  0.0011112769
3.32	  0.0010920167
3.33	  0.0010730965
3.34	  0.0010545105
3.35	  0.0010362524
3.36	  0.0010183164
3.37	  0.0010006967
3.38	  9.833875E-4
3.39	  9.663834E-4
3.4	  9.496788E-4
3.41	  9.332684E-4
3.42	  9.171468E-4
3.43	  9.0130896E-4
3.44	  8.8574964E-4
3.45	  8.7046396E-4
3.46	  8.5544697E-4
3.47	  8.406938E-4
3.48	  8.261998E-4
3.49	  8.119603E-4
3.5	  7.9797074E-4
3.51	  7.8422664E-4
3.52	  7.707236E-4
3.53	  7.5745734E-4
3.54	  7.444236E-4
3.55	  7.3161826E-4
3.56	  7.190372E-4
3.57	  7.066764E-4
3.58	  6.94532E-4
3.59	  6.826E-4
3.6	  6.708768E-4
3.61	  6.593586E-4
3.62	  6.480416E-4
3.63	  6.369224E-4
3.64	  6.2599743E-4
3.65	  6.152632E-4
3.66	  6.047163E-4
3.67	  5.943535E-4
3.68	  5.841714E-4
3.69	  5.741668E-4
3.7	  5.6433666E-4
3.71	  5.5467774E-4
3.72	  5.451871E-4
3.73	  5.358617E-4
3.74	  5.2669866E-4
3.75	  5.1769504E-4
3.76	  5.08848E-4
3.77	  5.001548E-4
3.78	  4.9161277E-4
3.79	  4.8321913E-4
3.8	  4.7497128E-4
3.81	  4.6686668E-4
3.82	  4.5890277E-4
3.83	  4.5107707E-4
3.84	  4.433871E-4
3.85	  4.358305E-4
3.86	  4.284049E-4
3.87	  4.2110798E-4
3.88	  4.139375E-4
3.89	  4.0689117E-4
3.9	  3.9996684E-4
3.91	  3.9316237E-4
3.92	  3.864756E-4
3.93	  3.799045E-4
3.94	  3.7344702E-4
3.95	  3.6710114E-4
3.96	  3.608649E-4
3.97	  3.547364E-4
3.98	  3.4871371E-4
3.99	  3.42795E-4
4.0	  3.369784E-4


