
X-Axis: Normalized Interevent Time
Y-Axis: Probability
Number of Data Sets: 3


DATASET #1

     Name: Bruce 2310 Histogram
   Points: 41
     Info: 

Data[x,y]:
0.05	  0.008928355
0.15	  0.009358355
0.25	  0.011460074
0.35	  0.014138278
0.45	  0.017862888
0.55	  0.022745859
0.65	  0.032862622
0.75	  0.06673851
0.85	  0.113559246
0.95	  0.17227684
1.05	  0.19988155
1.15	  0.1327022
1.25	  0.08227947
1.35	  0.04935312
1.45	  0.02829685
1.55	  0.016155487
1.65	  0.008916662
1.75	  0.005090701
1.85	  0.0029644463
1.95	  0.0016469415
2.05	  0.0010421058
2.15	  5.804218E-4
2.25	  3.8395924E-4
2.35	  2.4262491E-4
2.45	  1.460596E-4
2.55	  9.517197E-5
2.65	  7.6755496E-5
2.75	  5.070588E-5
2.85	  4.0104293E-5
2.95	  2.7988192E-5
3.05	  2.3868719E-5
3.15	  1.8113571E-5
3.25	  1.320655E-5
3.35	  8.663012E-6
3.45	  7.7543045E-6
3.55	  4.482957E-6
3.65	  4.482957E-6
3.75	  2.7261226E-6
3.85	  2.4232202E-6
3.95	  1.8174151E-6
4.05	  8.117788E-6



DATASET #2

     Name: Log-Normal Fit
   Points: 401
     Info: 

Data[x,y]:
0.005	  0.0
0.015	  7.760653E-39
0.025	  2.1248577E-31
0.035	  1.310638E-26
0.045	  3.5888933E-23
0.055	  1.5234596E-20
0.065	  1.8913557E-18
0.075	  9.877276E-17
0.085	  2.7217631E-15
0.095	  4.600299E-14
0.105	  5.2964046E-13
0.115	  4.4806567E-12
0.125	  2.946798E-11
0.135	  1.5727598E-10
0.145	  7.043349E-10
0.155	  2.7174873E-9
0.165	  9.226343E-9
0.175	  2.8044456E-8
0.185	  7.74057E-8
0.195	  1.9630004E-7
0.205	  4.6193128E-7
0.215	  1.0171158E-6
0.225	  2.110521E-6
0.235	  4.152285E-6
0.245	  7.786685E-6
0.255	  1.398219E-5
0.265	  2.413748E-5
0.275	  4.0200124E-5
0.285	  6.4792664E-5
0.295	  1.0133923E-4
0.305	  1.5418463E-4
0.315	  2.2869714E-4
0.325	  3.3134656E-4
0.335	  4.6974947E-4
0.345	  6.5267546E-4
0.355	  8.900094E-4
0.365	  0.0011926681
0.375	  0.00157247
0.385	  0.002041962
0.395	  0.0026142062
0.405	  0.003302534
0.415	  0.004120276
0.425	  0.0050804727
0.435	  0.006195584
0.445	  0.007477194
0.455	  0.008935734
0.465	  0.010580221
0.475	  0.012418027
0.485	  0.01445468
0.495	  0.0166937
0.505	  0.019136485
0.515	  0.021782232
0.525	  0.0246279
0.535	  0.027668228
0.545	  0.03089578
0.555	  0.03430103
0.565	  0.0378725
0.575	  0.041596882
0.585	  0.04545925
0.595	  0.049443234
0.605	  0.05353123
0.615	  0.057704635
0.625	  0.06194408
0.635	  0.06622963
0.645	  0.07054104
0.655	  0.07485795
0.665	  0.07916014
0.675	  0.083427645
0.685	  0.08764103
0.695	  0.0917815
0.705	  0.09583106
0.715	  0.09977265
0.725	  0.103590265
0.735	  0.107269034
0.745	  0.11079532
0.755	  0.11415674
0.765	  0.11734223
0.775	  0.12034209
0.785	  0.12314793
0.795	  0.12575273
0.805	  0.12815079
0.815	  0.1303377
0.825	  0.13231033
0.835	  0.13406673
0.845	  0.13560614
0.855	  0.13692886
0.865	  0.13803624
0.875	  0.13893057
0.885	  0.13961509
0.895	  0.14009377
0.905	  0.14037137
0.915	  0.1404533
0.925	  0.14034554
0.935	  0.14005464
0.945	  0.13958754
0.955	  0.1389516
0.965	  0.13815448
0.975	  0.13720405
0.985	  0.13610844
0.995	  0.13487588
1.005	  0.13351466
1.015	  0.13203314
1.025	  0.13043965
1.035	  0.1287425
1.045	  0.12694986
1.055	  0.12506981
1.065	  0.12311029
1.075	  0.12107902
1.085	  0.11898356
1.095	  0.11683121
1.105	  0.114629075
1.115	  0.11238397
1.125	  0.110102445
1.135	  0.10779081
1.145	  0.105455056
1.155	  0.1031009
1.165	  0.10073379
1.175	  0.09835885
1.185	  0.09598093
1.195	  0.093604594
1.205	  0.091234125
1.215	  0.08887352
1.225	  0.0865265
1.235	  0.084196515
1.245	  0.08188676
1.255	  0.07960018
1.265	  0.077339455
1.275	  0.07510706
1.285	  0.072905205
1.295	  0.07073591
1.305	  0.06860097
1.315	  0.06650198
1.325	  0.06444037
1.335	  0.062417343
1.345	  0.06043397
1.355	  0.058491144
1.365	  0.05658961
1.375	  0.054729965
1.385	  0.052912675
1.395	  0.051138084
1.405	  0.049406406
1.415	  0.04771776
1.425	  0.04607216
1.435	  0.044469517
1.445	  0.042909663
1.455	  0.041392356
1.465	  0.039917275
1.475	  0.03848403
1.485	  0.037092175
1.495	  0.035741214
1.505	  0.03443059
1.515	  0.033159714
1.525	  0.031927954
1.535	  0.03073464
1.545	  0.029579079
1.555	  0.02846055
1.565	  0.027378304
1.575	  0.026331585
1.585	  0.025319614
1.595	  0.0243416
1.605	  0.023396745
1.615	  0.022484247
1.625	  0.021603294
1.635	  0.020753078
1.645	  0.01993279
1.655	  0.019141618
1.665	  0.018378763
1.675	  0.017643422
1.685	  0.016934806
1.695	  0.016252134
1.705	  0.01559463
1.715	  0.01496153
1.725	  0.014352083
1.735	  0.013765549
1.745	  0.013201201
1.755	  0.012658326
1.765	  0.012136224
1.775	  0.011634209
1.785	  0.011151612
1.795	  0.010687776
1.805	  0.010242063
1.815	  0.009813845
1.825	  0.009402516
1.835	  0.009007483
1.845	  0.008628165
1.855	  0.008264003
1.865	  0.007914449
1.875	  0.0075789727
1.885	  0.007257058
1.895	  0.0069482042
1.905	  0.006651927
1.915	  0.0063677547
1.925	  0.006095232
1.935	  0.005833917
1.945	  0.0055833827
1.955	  0.005343216
1.965	  0.005113016
1.975	  0.004892397
1.985	  0.004680985
1.995	  0.0044784197
2.005	  0.0042843525
2.015	  0.004098447
2.025	  0.003920379
2.035	  0.0037498355
2.045	  0.003586515
2.055	  0.003430127
2.065	  0.003280391
2.075	  0.0031370372
2.085	  0.0029998054
2.095	  0.002868446
2.105	  0.0027427177
2.115	  0.0026223892
2.125	  0.0025072375
2.135	  0.0023970478
2.145	  0.0022916147
2.155	  0.0021907394
2.165	  0.0020942318
2.175	  0.0020019088
2.185	  0.001913595
2.195	  0.0018291213
2.205	  0.0017483254
2.215	  0.001671052
2.225	  0.0015971515
2.235	  0.0015264805
2.245	  0.0014589016
2.255	  0.0013942826
2.265	  0.0013324969
2.275	  0.0012734231
2.285	  0.0012169447
2.295	  0.00116295
2.305	  0.001111332
2.315	  0.001061988
2.325	  0.0010148197
2.335	  9.6973294E-4
2.345	  9.266372E-4
2.355	  8.8544615E-4
2.365	  8.460768E-4
2.375	  8.0844987E-4
2.385	  7.7248923E-4
2.395	  7.381221E-4
2.405	  7.0527877E-4
2.415	  6.738925E-4
2.425	  6.438994E-4
2.435	  6.1523827E-4
2.445	  5.8785063E-4
2.455	  5.616804E-4
2.465	  5.3667405E-4
2.475	  5.127802E-4
2.485	  4.899498E-4
2.495	  4.681358E-4
2.505	  4.472934E-4
2.515	  4.2737953E-4
2.525	  4.083531E-4
2.535	  3.9017483E-4
2.545	  3.728071E-4
2.555	  3.562139E-4
2.565	  3.403609E-4
2.575	  3.2521517E-4
2.585	  3.107453E-4
2.595	  2.969212E-4
2.605	  2.8371418E-4
2.615	  2.7109674E-4
2.625	  2.5904257E-4
2.635	  2.4752665E-4
2.645	  2.3652491E-4
2.655	  2.2601445E-4
2.665	  2.1597333E-4
2.675	  2.063806E-4
2.685	  1.9721624E-4
2.695	  1.8846113E-4
2.705	  1.8009695E-4
2.715	  1.7210623E-4
2.725	  1.644723E-4
2.735	  1.5717917E-4
2.745	  1.5021162E-4
2.755	  1.4355508E-4
2.765	  1.3719563E-4
2.775	  1.3111997E-4
2.785	  1.253154E-4
2.795	  1.1976978E-4
2.805	  1.1447153E-4
2.815	  1.0940955E-4
2.825	  1.0457328E-4
2.835	  9.995261E-5
2.845	  9.553788E-5
2.855	  9.131986E-5
2.865	  8.728975E-5
2.875	  8.343914E-5
2.885	  7.975997E-5
2.895	  7.6244585E-5
2.905	  7.288564E-5
2.915	  6.9676134E-5
2.925	  6.660937E-5
2.935	  6.367896E-5
2.945	  6.0878803E-5
2.955	  5.8203066E-5
2.965	  5.5646182E-5
2.975	  5.320283E-5
2.985	  5.0867933E-5
2.995	  4.863664E-5
3.005	  4.6504316E-5
3.015	  4.4466535E-5
3.025	  4.2519074E-5
3.035	  4.065789E-5
3.045	  3.887913E-5
3.055	  3.7179114E-5
3.065	  3.555432E-5
3.075	  3.400139E-5
3.085	  3.251712E-5
3.095	  3.1098443E-5
3.105	  2.974243E-5
3.115	  2.844629E-5
3.125	  2.720735E-5
3.135	  2.602306E-5
3.145	  2.489099E-5
3.155	  2.3808805E-5
3.165	  2.2774291E-5
3.175	  2.1785321E-5
3.185	  2.083987E-5
3.195	  1.9936004E-5
3.205	  1.9071871E-5
3.215	  1.8245704E-5
3.225	  1.7455819E-5
3.235	  1.6700602E-5
3.245	  1.5978516E-5
3.255	  1.5288088E-5
3.265	  1.4627915E-5
3.275	  1.3996656E-5
3.285	  1.3393028E-5
3.295	  1.2815808E-5
3.305	  1.2263826E-5
3.315	  1.1735964E-5
3.325	  1.1231156E-5
3.335	  1.0748382E-5
3.345	  1.0286669E-5
3.355	  9.845084E-6
3.365	  9.422741E-6
3.375	  9.018788E-6
3.385	  8.632415E-6
3.395	  8.262848E-6
3.405	  7.909344E-6
3.415	  7.571197E-6
3.425	  7.24773E-6
3.435	  6.9382972E-6
3.445	  6.6422817E-6
3.455	  6.3590937E-6
3.465	  6.088169E-6
3.475	  5.8289697E-6
3.485	  5.5809805E-6
3.495	  5.3437107E-6
3.505	  5.11669E-6
3.515	  4.899469E-6
3.525	  4.6916184E-6
3.535	  4.4927287E-6
3.545	  4.302408E-6
3.555	  4.120281E-6
3.565	  3.945991E-6
3.575	  3.7791945E-6
3.585	  3.619565E-6
3.595	  3.4667898E-6
3.605	  3.3205706E-6
3.615	  3.1806214E-6
3.625	  3.0466695E-6
3.635	  2.918454E-6
3.645	  2.795725E-6
3.655	  2.6782448E-6
3.665	  2.565785E-6
3.675	  2.458128E-6
3.685	  2.3550651E-6
3.695	  2.2563977E-6
3.705	  2.161935E-6
3.715	  2.0714951E-6
3.725	  1.9849042E-6
3.735	  1.9019955E-6
3.745	  1.8226101E-6
3.755	  1.746596E-6
3.765	  1.6738076E-6
3.775	  1.6041057E-6
3.785	  1.5373575E-6
3.795	  1.4734358E-6
3.805	  1.4122187E-6
3.815	  1.3535903E-6
3.825	  1.2974389E-6
3.835	  1.2436584E-6
3.845	  1.192147E-6
3.855	  1.1428074E-6
3.865	  1.0955464E-6
3.875	  1.0502749E-6
3.885	  1.0069081E-6
3.895	  9.653642E-7
3.905	  9.2556536E-7
3.915	  8.8743707E-7
3.925	  8.5090807E-7
3.935	  8.1591E-7
3.945	  7.8237775E-7
3.955	  7.5024883E-7
3.965	  7.1946346E-7
3.975	  6.8996457E-7
3.985	  6.616974E-7
3.995	  6.346097E-7
4.005	  6.086513E-7



DATASET #3

     Name: BPT Fit
   Points: 401
     Info: Mean = 100.0, Aperiodicity = 0.5, Duration = 30.0, Delta T = 1.0, Num Points = 500, Historic Open Interval = 0.0
Computed mean = 0.99870026

Data[x,y]:
0.0	  0.0
0.01	  0.0
0.02	  0.0
0.03	  0.0
0.04	  0.0
0.05	  6.0E-44
0.06	  6.57283E-36
0.07	  3.444169E-30
0.08	  6.438107E-26
0.09	  1.308069E-22
0.1	  5.633176E-20
0.11	  7.862089E-18
0.12	  4.718617E-16
0.13	  1.4809607E-14
0.14	  2.7948295E-13
0.15	  3.5129564E-12
0.16	  3.175286E-11
0.17	  2.188354E-10
0.18	  1.2034813E-9
0.19	  5.4743956E-9
0.2	  2.119665E-8
0.21	  7.150053E-8
0.22	  2.1414091E-7
0.23	  5.784114E-7
0.24	  1.4275168E-6
0.25	  3.2544922E-6
0.26	  6.917652E-6
0.27	  1.38173755E-5
0.28	  2.6110232E-5
0.29	  4.6949954E-5
0.3	  8.073868E-5
0.31	  1.3336742E-4
0.32	  2.1242216E-4
0.33	  3.2733305E-4
0.34	  4.8944633E-4
0.35	  7.1200455E-4
0.36	  0.0010100269
0.37	  0.0014000888
0.38	  0.0019000069
0.39	  0.0025284428
0.4	  0.0033044412
0.41	  0.004246926
0.42	  0.005374174
0.43	  0.006703292
0.44	  0.008249716
0.45	  0.010026754
0.46	  0.012045182
0.47	  0.014312924
0.48	  0.01683479
0.49	  0.019612312
0.5	  0.022643667
0.51	  0.02592366
0.52	  0.029443817
0.53	  0.03319251
0.54	  0.03715518
0.55	  0.041314576
0.56	  0.045651063
0.57	  0.050142955
0.58	  0.05476685
0.59	  0.05949801
0.6	  0.0643107
0.61	  0.06917857
0.62	  0.07407498
0.63	  0.07897336
0.64	  0.083847485
0.65	  0.08867175
0.66	  0.093421474
0.67	  0.09807306
0.68	  0.102604225
0.69	  0.106994145
0.7	  0.11122358
0.71	  0.115275
0.72	  0.11913264
0.73	  0.122782506
0.74	  0.12621248
0.75	  0.12941223
0.76	  0.13237327
0.77	  0.13508888
0.78	  0.13755399
0.79	  0.13976525
0.8	  0.14172085
0.81	  0.14342044
0.82	  0.14486511
0.83	  0.14605719
0.84	  0.1470002
0.85	  0.14769875
0.86	  0.14815843
0.87	  0.14838572
0.88	  0.14838782
0.89	  0.14817266
0.9	  0.14774871
0.91	  0.14712492
0.92	  0.14631063
0.93	  0.14531551
0.94	  0.14414945
0.95	  0.14282249
0.96	  0.14134477
0.97	  0.13972645
0.98	  0.13797767
0.99	  0.13610847
1.0	  0.13412878
1.01	  0.13204834
1.02	  0.1298767
1.03	  0.12762319
1.04	  0.12529679
1.05	  0.122906275
1.06	  0.120460086
1.07	  0.117966324
1.08	  0.11543275
1.09	  0.112866774
1.1	  0.11027547
1.11	  0.10766553
1.12	  0.1050433
1.13	  0.10241475
1.14	  0.09978549
1.15	  0.09716079
1.16	  0.09454555
1.17	  0.09194435
1.18	  0.08936142
1.19	  0.086800665
1.2	  0.084265664
1.21	  0.08175972
1.22	  0.07928582
1.23	  0.07684667
1.24	  0.0744447
1.25	  0.072082095
1.26	  0.06976078
1.27	  0.06748245
1.28	  0.065248586
1.29	  0.06306044
1.3	  0.06091908
1.31	  0.05882538
1.32	  0.056780048
1.33	  0.054783612
1.34	  0.052836463
1.35	  0.050938837
1.36	  0.049090847
1.37	  0.047292482
1.38	  0.045543607
1.39	  0.043844
1.4	  0.04219333
1.41	  0.040591188
1.42	  0.039037082
1.43	  0.03753045
1.44	  0.036070667
1.45	  0.034657046
1.46	  0.03328886
1.47	  0.03196532
1.48	  0.030685613
1.49	  0.029448884
1.5	  0.028254252
1.51	  0.027100809
1.52	  0.02598763
1.53	  0.024913775
1.54	  0.023878284
1.55	  0.022880197
1.56	  0.02191854
1.57	  0.020992348
1.58	  0.020100642
1.59	  0.019242454
1.6	  0.01841682
1.61	  0.01762278
1.62	  0.016859384
1.63	  0.01612569
1.64	  0.01542077
1.65	  0.014743709
1.66	  0.014093605
1.67	  0.01346957
1.68	  0.012870734
1.69	  0.012296244
1.7	  0.011745261
1.71	  0.011216969
1.72	  0.010710567
1.73	  0.010225274
1.74	  0.009760327
1.75	  0.009314984
1.76	  0.008888521
1.77	  0.008480236
1.78	  0.008089442
1.79	  0.007715476
1.8	  0.0073576923
1.81	  0.007015465
1.82	  0.0066881864
1.83	  0.006375269
1.84	  0.0060761436
1.85	  0.0057902583
1.86	  0.005517081
1.87	  0.0052560964
1.88	  0.005006807
1.89	  0.0047687315
1.9	  0.0045414073
1.91	  0.0043243864
1.92	  0.004117238
1.93	  0.0039195456
1.94	  0.003730909
1.95	  0.0035509428
1.96	  0.0033792758
1.97	  0.0032155504
1.98	  0.0030594235
1.99	  0.0029105647
2.0	  0.0027686562
2.01	  0.0026333935
2.02	  0.0025044833
2.03	  0.0023816444
2.04	  0.002264607
2.05	  0.0021531119
2.06	  0.0020469103
2.07	  0.0019457645
2.08	  0.0018494457
2.09	  0.0017577349
2.1	  0.0016704225
2.11	  0.0015873073
2.12	  0.001508197
2.13	  0.0014329074
2.14	  0.001361262
2.15	  0.001293092
2.16	  0.0012282361
2.17	  0.0011665397
2.18	  0.0011078552
2.19	  0.0010520413
2.2	  9.98963E-4
2.21	  9.484914E-4
2.22	  9.005031E-4
2.23	  8.5488043E-4
2.24	  8.1151095E-4
2.25	  7.7028724E-4
2.26	  7.3110673E-4
2.27	  6.938716E-4
2.28	  6.584883E-4
2.29	  6.248678E-4
2.3	  5.92925E-4
2.31	  5.6257885E-4
2.32	  5.337518E-4
2.33	  5.0637015E-4
2.34	  4.8036358E-4
2.35	  4.556649E-4
2.36	  4.3221028E-4
2.37	  4.0993872E-4
2.38	  3.8879216E-4
2.39	  3.687153E-4
2.4	  3.496554E-4
2.41	  3.315623E-4
2.42	  3.1438816E-4
2.43	  2.9808746E-4
2.44	  2.8261682E-4
2.45	  2.6793504E-4
2.46	  2.5400278E-4
2.47	  2.4078265E-4
2.48	  2.2823909E-4
2.49	  2.1633823E-4
2.5	  2.0504785E-4
2.51	  1.943373E-4
2.52	  1.8417744E-4
2.53	  1.7454052E-4
2.54	  1.6540017E-4
2.55	  1.5673132E-4
2.56	  1.4851011E-4
2.57	  1.4071388E-4
2.58	  1.3332108E-4
2.59	  1.263112E-4
2.6	  1.1966479E-4
2.61	  1.13363334E-4
2.62	  1.0738924E-4
2.63	  1.01725804E-4
2.64	  9.635715E-5
2.65	  9.126818E-5
2.66	  8.6444576E-5
2.67	  8.187272E-5
2.68	  7.753969E-5
2.69	  7.34332E-5
2.7	  6.9541595E-5
2.71	  6.585379E-5
2.72	  6.235929E-5
2.73	  5.9048103E-5
2.74	  5.5910754E-5
2.75	  5.2938245E-5
2.76	  5.0122042E-5
2.77	  4.7454036E-5
2.78	  4.492654E-5
2.79	  4.253225E-5
2.8	  4.026424E-5
2.81	  3.8115937E-5
2.82	  3.6081103E-5
2.83	  3.4153825E-5
2.84	  3.2328484E-5
2.85	  3.0599756E-5
2.86	  2.8962591E-5
2.87	  2.7412196E-5
2.88	  2.5944028E-5
2.89	  2.4553776E-5
2.9	  2.3237351E-5
2.91	  2.1990878E-5
2.92	  2.0810681E-5
2.93	  1.9693274E-5
2.94	  1.8635354E-5
2.95	  1.7633785E-5
2.96	  1.66856E-5
2.97	  1.5787984E-5
2.98	  1.4938263E-5
2.99	  1.4133911E-5
3.0	  1.3372527E-5
3.01	  1.265184E-5
3.02	  1.1969695E-5
3.03	  1.132405E-5
3.04	  1.0712972E-5
3.05	  1.0134625E-5
3.06	  9.587274E-6
3.07	  9.069271E-6
3.08	  8.579058E-6
3.09	  8.115156E-6
3.1	  7.676165E-6
3.11	  7.2607595E-6
3.12	  6.8676827E-6
3.13	  6.4957444E-6
3.14	  6.143817E-6
3.15	  5.810832E-6
3.16	  5.495779E-6
3.17	  5.1977E-6
3.18	  4.9156865E-6
3.19	  4.64888E-6
3.2	  4.3964665E-6
3.21	  4.1576754E-6
3.22	  3.931777E-6
3.23	  3.71808E-6
3.24	  3.5159305E-6
3.25	  3.3247086E-6
3.26	  3.143828E-6
3.27	  2.9727332E-6
3.28	  2.8108982E-6
3.29	  2.6578255E-6
3.3	  2.5130437E-6
3.31	  2.3761065E-6
3.32	  2.2465922E-6
3.33	  2.1241003E-6
3.34	  2.008253E-6
3.35	  1.8986916E-6
3.36	  1.7950775E-6
3.37	  1.6970898E-6
3.38	  1.6044248E-6
3.39	  1.516795E-6
3.4	  1.4339283E-6
3.41	  1.3555676E-6
3.42	  1.281469E-6
3.43	  1.2114023E-6
3.44	  1.145149E-6
3.45	  1.0825029E-6
3.46	  1.0232685E-6
3.47	  9.672613E-7
3.48	  9.143061E-7
3.49	  8.642376E-7
3.5	  8.168993E-7
3.51	  7.72143E-7
3.52	  7.298286E-7
3.53	  6.8982365E-7
3.54	  6.5200254E-7
3.55	  6.162468E-7
3.56	  5.8244404E-7
3.57	  5.504882E-7
3.58	  5.2027883E-7
3.59	  4.917209E-7
3.6	  4.6472456E-7
3.61	  4.3920483E-7
3.62	  4.1508127E-7
3.63	  3.9227785E-7
3.64	  3.7072266E-7
3.65	  3.5034765E-7
3.66	  3.3108847E-7
3.67	  3.128843E-7
3.68	  2.9567758E-7
3.69	  2.7941388E-7
3.7	  2.6404172E-7
3.71	  2.4951245E-7
3.72	  2.3578002E-7
3.73	  2.228009E-7
3.74	  2.1053394E-7
3.75	  1.9894021E-7
3.76	  1.8798289E-7
3.77	  1.776272E-7
3.78	  1.6784023E-7
3.79	  1.5859084E-7
3.8	  1.4984961E-7
3.81	  1.4158874E-7
3.82	  1.3378192E-7
3.83	  1.264043E-7
3.84	  1.1943233E-7
3.85	  1.12843814E-7
3.86	  1.0661772E-7
3.87	  1.0073418E-7
3.88	  9.517441E-8
3.89	  8.9920654E-8
3.9	  8.495612E-8
3.91	  8.026495E-8
3.92	  7.583212E-8
3.93	  7.164346E-8
3.94	  6.768556E-8
3.95	  6.3945755E-8
3.96	  6.0412056E-8
3.97	  5.7073137E-8
3.98	  5.3918296E-8
3.99	  5.0937416E-8
4.0	  4.812093E-8


