
X-Axis: Normalized Distance Along Strike
Y-Axis: Hypocenter Density
Number of Data Sets: 4


DATASET #1

     Name: 
   Points: 31
     Info: 

Data[x,y]:
0.05	  0.01754386
0.15	  0.021929825
0.25	  0.013157895
0.35	  0.02631579
0.45	  0.03508772
0.55	  0.057017542
0.65	  0.05263158
0.75	  0.02631579
0.85	  0.030701755
0.95	  0.083333336
1.05	  0.01754386
1.15	  0.021929825
1.25	  0.02631579
1.35	  0.039473683
1.45	  0.030701755
1.55	  0.030701755
1.65	  0.039473683
1.75	  0.02631579
1.85	  0.021929825
1.95	  0.01754386
2.05	  0.083333336
2.15	  0.030701755
2.25	  0.02631579
2.35	  0.05263158
2.45	  0.057017542
2.55	  0.03508772
2.65	  0.02631579
2.75	  0.013157895
2.85	  0.021929825
2.95	  0.01754386
3.05	  0.0



DATASET #2

     Name: 
   Points: 31
     Info: 

Data[x,y]:
0.05	  0.0
0.15	  0.0
0.25	  0.0
0.35	  0.0
0.45	  0.0
0.55	  0.0
0.65	  0.0
0.75	  0.0
0.85	  0.0
0.95	  0.0
1.05	  0.0
1.15	  0.0
1.25	  0.0
1.35	  0.0
1.45	  0.0
1.55	  0.0
1.65	  0.0
1.75	  0.0
1.85	  0.0
1.95	  0.0
2.05	  0.0
2.15	  0.0
2.25	  0.0
2.35	  0.0
2.45	  0.0
2.55	  0.0
2.65	  0.0
2.75	  0.0
2.85	  0.0
2.95	  0.0
3.05	  0.0



DATASET #3

Name: 
Num Points: 4
Info: 

X, Y Data:
0.021	  0.0011666666
0.021	  0.1155
2.979	  0.1155
2.979	  0.0011666666



DATASET #4

Name: 
Num Points: 4
Info: 

X, Y Data:
1.0	  0.0011666666
1.0	  0.10383333
2.0	  0.10383333
2.0	  0.0011666666


