
X-Axis: Average Normalized Interevent Time
Y-Axis: Probability
Number of Data Sets: 3


DATASET #1

     Name: Bruce 4576 Histogram
   Points: 41
     Info: 

Data[x,y]:
0.05	  0.0017384707
0.15	  0.0113158645
0.25	  0.036049563
0.35	  0.07077157
0.45	  0.10727945
0.55	  0.14053166
0.65	  0.15605146
0.75	  0.15331732
0.85	  0.13895123
0.95	  0.117694475
1.05	  0.05409805
1.15	  0.01030439
1.25	  0.0015962323
1.35	  2.5286849E-4
1.45	  1.580428E-5
1.55	  1.580428E-5
1.65	  1.580428E-5
1.75	  0.0
1.85	  0.0
1.95	  0.0
2.05	  0.0
2.15	  0.0
2.25	  0.0
2.35	  0.0
2.45	  0.0
2.55	  0.0
2.65	  0.0
2.75	  0.0
2.85	  0.0
2.95	  0.0
3.05	  0.0
3.15	  0.0
3.25	  0.0
3.35	  0.0
3.45	  0.0
3.55	  0.0
3.65	  0.0
3.75	  0.0
3.85	  0.0
3.95	  0.0
4.05	  0.0



DATASET #2

     Name: Log-Normal Fit
   Points: 401
     Info: 

Data[x,y]:
0.005	  0.0
0.015	  2.5471824E-26
0.025	  8.208475E-21
0.035	  2.6451003E-17
0.045	  8.2105995E-15
0.055	  6.3041196E-13
0.065	  1.9289246E-11
0.075	  3.0924174E-10
0.085	  3.082845E-9
0.095	  2.1416428E-8
0.105	  1.1222657E-7
0.115	  4.6965522E-7
0.125	  1.637388E-6
0.135	  4.910533E-6
0.145	  1.2985921E-5
0.155	  3.0878222E-5
0.165	  6.705501E-5
0.175	  1.3467415E-4
0.185	  2.5275224E-4
0.195	  4.4706883E-4
0.205	  7.506244E-4
0.215	  0.0012035177
0.225	  0.0018521769
0.235	  0.0027479583
0.245	  0.0039451993
0.255	  0.005498869
0.265	  0.0074619935
0.275	  0.009883057
0.285	  0.012803546
0.295	  0.016255809
0.305	  0.020261347
0.315	  0.024829606
0.325	  0.029957326
0.335	  0.03562843
0.345	  0.04181442
0.355	  0.048475217
0.365	  0.055560384
0.375	  0.06301063
0.385	  0.07075951
0.395	  0.078735225
0.405	  0.08686246
0.415	  0.095064186
0.425	  0.103263356
0.435	  0.111384474
0.445	  0.11935495
0.455	  0.12710632
0.465	  0.13457523
0.475	  0.14170413
0.485	  0.14844194
0.495	  0.15474437
0.505	  0.1605741
0.515	  0.16590083
0.525	  0.17070119
0.535	  0.17495853
0.545	  0.17866251
0.555	  0.18180881
0.565	  0.18439862
0.575	  0.18643814
0.585	  0.18793808
0.595	  0.18891312
0.605	  0.18938135
0.615	  0.18936378
0.625	  0.18888383
0.635	  0.18796684
0.645	  0.1866396
0.655	  0.18493001
0.665	  0.18286657
0.675	  0.18047819
0.685	  0.1777937
0.695	  0.17484175
0.705	  0.17165047
0.715	  0.1682473
0.725	  0.16465881
0.735	  0.16091058
0.745	  0.15702704
0.755	  0.15303142
0.765	  0.1489457
0.775	  0.14479052
0.785	  0.14058518
0.795	  0.13634767
0.805	  0.13209456
0.815	  0.12784116
0.825	  0.12360145
0.835	  0.11938814
0.845	  0.11521273
0.855	  0.111085534
0.865	  0.107015766
0.875	  0.103011556
0.885	  0.09908003
0.895	  0.09522737
0.905	  0.09145887
0.915	  0.08777899
0.925	  0.084191434
0.935	  0.080699176
0.945	  0.07730455
0.955	  0.07400927
0.965	  0.07081452
0.975	  0.06772099
0.985	  0.06472888
0.995	  0.061838035
1.005	  0.0590479
1.015	  0.05635762
1.025	  0.05376603
1.035	  0.05127174
1.045	  0.048873123
1.055	  0.04656837
1.065	  0.04435551
1.075	  0.042232446
1.085	  0.040196948
1.095	  0.038246717
1.105	  0.03637938
1.115	  0.03459249
1.125	  0.032883596
1.135	  0.031250194
1.145	  0.02968979
1.155	  0.028199881
1.165	  0.026777979
1.175	  0.025421612
1.185	  0.024128342
1.195	  0.02289576
1.205	  0.021721506
1.215	  0.020603258
1.225	  0.019538745
1.235	  0.018525751
1.245	  0.017562117
1.255	  0.016645744
1.265	  0.015774587
1.275	  0.01494667
1.285	  0.014160074
1.295	  0.013412948
1.305	  0.012703498
1.315	  0.012029999
1.325	  0.011390786
1.335	  0.010784255
1.345	  0.010208865
1.355	  0.009663135
1.365	  0.009145642
1.375	  0.008655022
1.385	  0.008189967
1.395	  0.0077492245
1.405	  0.007331595
1.415	  0.006935932
1.425	  0.0065611387
1.435	  0.0062061674
1.445	  0.005870018
1.455	  0.0055517363
1.465	  0.005250411
1.475	  0.004965175
1.485	  0.0046952
1.495	  0.004439698
1.505	  0.00419792
1.515	  0.0039691515
1.525	  0.0037527129
1.535	  0.0035479583
1.545	  0.0033542742
1.555	  0.0031710763
1.565	  0.0029978103
1.575	  0.0028339499
1.585	  0.0026789948
1.595	  0.0025324705
1.605	  0.0023939267
1.615	  0.002262936
1.625	  0.0021390931
1.635	  0.0020220138
1.645	  0.0019113336
1.655	  0.0018067072
1.665	  0.0017078073
1.675	  0.0016143238
1.685	  0.001525963
1.695	  0.0014424465
1.705	  0.0013635108
1.715	  0.0012889067
1.725	  0.0012183978
1.735	  0.0011517605
1.745	  0.0010887833
1.755	  0.0010292658
1.765	  9.7301876E-4
1.775	  9.198629E-4
1.785	  8.696286E-4
1.795	  8.2215556E-4
1.805	  7.7729207E-4
1.815	  7.3489465E-4
1.825	  6.948277E-4
1.835	  6.56963E-4
1.845	  6.211793E-4
1.855	  5.873619E-4
1.865	  5.5540266E-4
1.875	  5.2519894E-4
1.885	  4.96654E-4
1.895	  4.6967642E-4
1.905	  4.4417972E-4
1.915	  4.2008216E-4
1.925	  3.9730658E-4
1.935	  3.7578E-4
1.945	  3.5543344E-4
1.955	  3.3620186E-4
1.965	  3.1802367E-4
1.975	  3.0084077E-4
1.985	  2.845982E-4
1.995	  2.6924408E-4
2.005	  2.547294E-4
2.015	  2.4100785E-4
2.025	  2.2803569E-4
2.035	  2.157716E-4
2.045	  2.0417653E-4
2.055	  1.9321361E-4
2.065	  1.8284803E-4
2.075	  1.7304688E-4
2.085	  1.6377907E-4
2.095	  1.5501525E-4
2.105	  1.467277E-4
2.115	  1.3889023E-4
2.125	  1.3147808E-4
2.135	  1.2446789E-4
2.145	  1.1783758E-4
2.155	  1.1156631E-4
2.165	  1.0563436E-4
2.175	  1.00023135E-4
2.185	  9.4715055E-5
2.195	  8.9693516E-5
2.205	  8.4942825E-5
2.215	  8.044817E-5
2.225	  7.6195545E-5
2.235	  7.217173E-5
2.245	  6.8364236E-5
2.255	  6.476124E-5
2.265	  6.13516E-5
2.275	  5.8124788E-5
2.285	  5.5070832E-5
2.295	  5.218033E-5
2.305	  4.9444396E-5
2.315	  4.6854624E-5
2.325	  4.4403085E-5
2.335	  4.2082276E-5
2.345	  3.9885108E-5
2.355	  3.7804883E-5
2.365	  3.583527E-5
2.375	  3.3970293E-5
2.385	  3.2204287E-5
2.395	  3.0531915E-5
2.405	  2.8948125E-5
2.415	  2.7448139E-5
2.425	  2.6027446E-5
2.435	  2.4681776E-5
2.445	  2.34071E-5
2.455	  2.21996E-5
2.465	  2.105567E-5
2.475	  1.9971907E-5
2.485	  1.8945082E-5
2.495	  1.797215E-5
2.505	  1.705023E-5
2.515	  1.6176595E-5
2.525	  1.5348669E-5
2.535	  1.4564013E-5
2.545	  1.3820324E-5
2.555	  1.311542E-5
2.565	  1.2447241E-5
2.575	  1.1813834E-5
2.585	  1.1213356E-5
2.595	  1.0644058E-5
2.605	  1.0104293E-5
2.615	  9.592495E-6
2.625	  9.107188E-6
2.635	  8.646972E-6
2.645	  8.210523E-6
2.655	  7.796591E-6
2.665	  7.403988E-6
2.675	  7.0315946E-6
2.685	  6.6783477E-6
2.695	  6.343243E-6
2.705	  6.0253296E-6
2.715	  5.723707E-6
2.725	  5.437523E-6
2.735	  5.1659713E-6
2.745	  4.9082873E-6
2.755	  4.6637488E-6
2.765	  4.4316703E-6
2.775	  4.2114034E-6
2.785	  4.0023347E-6
2.795	  3.803882E-6
2.805	  3.6154954E-6
2.815	  3.436653E-6
2.825	  3.266861E-6
2.835	  3.1056513E-6
2.845	  2.952581E-6
2.855	  2.80723E-6
2.865	  2.6692005E-6
2.875	  2.538116E-6
2.885	  2.4136189E-6
2.895	  2.2953714E-6
2.905	  2.1830524E-6
2.915	  2.0763584E-6
2.925	  1.9750014E-6
2.935	  1.8787085E-6
2.945	  1.7872211E-6
2.955	  1.7002941E-6
2.965	  1.6176949E-6
2.975	  1.5392035E-6
2.985	  1.4646107E-6
2.995	  1.3937188E-6
3.005	  1.3263399E-6
3.015	  1.2622961E-6
3.025	  1.2014184E-6
3.035	  1.143547E-6
3.045	  1.0885299E-6
3.055	  1.0362231E-6
3.065	  9.864901E-7
3.075	  9.392014E-7
3.085	  8.9423406E-7
3.095	  8.5147155E-7
3.105	  8.1080333E-7
3.115	  7.721244E-7
3.125	  7.353353E-7
3.135	  7.0034145E-7
3.145	  6.6705326E-7
3.155	  6.353858E-7
3.165	  6.0525815E-7
3.175	  5.7659383E-7
3.185	  5.493201E-7
3.195	  5.233678E-7
3.205	  4.986716E-7
3.215	  4.751692E-7
3.225	  4.5280157E-7
3.235	  4.315126E-7
3.245	  4.112491E-7
3.255	  3.9196044E-7
3.265	  3.7359874E-7
3.275	  3.561183E-7
3.285	  3.394759E-7
3.295	  3.2363036E-7
3.305	  3.085427E-7
3.315	  2.9417575E-7
3.325	  2.8049428E-7
3.335	  2.6746483E-7
3.345	  2.550556E-7
3.355	  2.4323631E-7
3.365	  2.3197832E-7
3.375	  2.2125431E-7
3.385	  2.1103834E-7
3.395	  2.0130578E-7
3.405	  1.9203321E-7
3.415	  1.8319837E-7
3.425	  1.747801E-7
3.435	  1.6675828E-7
3.445	  1.5911382E-7
3.455	  1.5182853E-7
3.465	  1.4488512E-7
3.475	  1.3826718E-7
3.485	  1.3195907E-7
3.495	  1.2594595E-7
3.505	  1.2021368E-7
3.515	  1.1474884E-7
3.525	  1.0953865E-7
3.535	  1.0457095E-7
3.545	  9.983419E-8
3.555	  9.531737E-8
3.565	  9.101004E-8
3.575	  8.690223E-8
3.585	  8.298449E-8
3.595	  7.924782E-8
3.605	  7.568362E-8
3.615	  7.228377E-8
3.625	  6.904049E-8
3.635	  6.594639E-8
3.645	  6.299445E-8
3.655	  6.0177975E-8
3.665	  5.7490606E-8
3.675	  5.492627E-8
3.685	  5.2479205E-8
3.695	  5.0143914E-8
3.705	  4.7915165E-8
3.715	  4.5787985E-8
3.725	  4.3757623E-8
3.735	  4.1819575E-8
3.745	  3.9969535E-8
3.755	  3.8203407E-8
3.765	  3.65173E-8
3.775	  3.490749E-8
3.785	  3.3370448E-8
3.795	  3.19028E-8
3.805	  3.0501337E-8
3.815	  2.9163E-8
3.825	  2.7884877E-8
3.835	  2.6664193E-8
3.845	  2.54983E-8
3.855	  2.4384684E-8
3.865	  2.332094E-8
3.875	  2.2304778E-8
3.885	  2.133402E-8
3.895	  2.0406587E-8
3.905	  1.9520497E-8
3.915	  1.867386E-8
3.925	  1.7864881E-8
3.935	  1.7091839E-8
3.945	  1.63531E-8
3.955	  1.5647103E-8
3.965	  1.4972365E-8
3.975	  1.4327462E-8
3.985	  1.37110465E-8
3.995	  1.3121827E-8
4.005	  1.25585755E-8



DATASET #3

     Name: BPT Fit
   Points: 401
     Info: Mean = 100.0, Aperiodicity = 0.5, Duration = 30.0, Delta T = 1.0, Num Points = 500, Historic Open Interval = 0.0
Computed mean = 0.67856765

Data[x,y]:
0.0	  0.0
0.01	  0.0
0.02	  0.0
0.03	  2.6902E-41
0.04	  4.6450797E-30
0.05	  2.3145048E-23
0.06	  6.275123E-19
0.07	  8.7107566E-16
0.08	  1.8955941E-13
0.09	  1.2029375E-11
0.1	  3.2286254E-10
0.11	  4.641468E-9
0.12	  4.182502E-8
0.13	  2.6336272E-7
0.14	  1.2521757E-6
0.15	  4.7578396E-6
0.16	  1.50743435E-5
0.17	  4.113746E-5
0.18	  9.916199E-5
0.19	  2.1536893E-4
0.2	  4.2819025E-4
0.21	  7.893536E-4
0.22	  0.0013634319
0.23	  0.0022257247
0.24	  0.0034586356
0.25	  0.005146942
0.26	  0.007372498
0.27	  0.010208929
0.28	  0.013716837
0.29	  0.017939905
0.3	  0.022902146
0.31	  0.028606411
0.32	  0.035034128
0.33	  0.04214616
0.34	  0.049884602
0.35	  0.05817526
0.36	  0.06693065
0.37	  0.07605327
0.38	  0.08543887
0.39	  0.09497973
0.4	  0.10456767
0.41	  0.11409669
0.42	  0.12346539
0.43	  0.13257882
0.44	  0.14135006
0.45	  0.14970127
0.46	  0.15756454
0.47	  0.1648822
0.48	  0.17160699
0.49	  0.1777019
0.5	  0.1831399
0.51	  0.18790327
0.52	  0.1919831
0.53	  0.19537851
0.54	  0.19809583
0.55	  0.20014781
0.56	  0.20155282
0.57	  0.20233397
0.58	  0.20251834
0.59	  0.20213625
0.6	  0.20122053
0.61	  0.19980589
0.62	  0.19792831
0.63	  0.1956245
0.64	  0.19293146
0.65	  0.18988599
0.66	  0.18652445
0.67	  0.18288234
0.68	  0.17899407
0.69	  0.1748928
0.7	  0.17061023
0.71	  0.16617647
0.72	  0.16161995
0.73	  0.15696737
0.74	  0.15224369
0.75	  0.14747202
0.76	  0.14267375
0.77	  0.13786846
0.78	  0.13307406
0.79	  0.12830678
0.8	  0.123581216
0.81	  0.11891048
0.82	  0.11430619
0.83	  0.10977857
0.84	  0.105336554
0.85	  0.100987844
0.86	  0.096738994
0.87	  0.09259549
0.88	  0.08856185
0.89	  0.08464166
0.9	  0.08083769
0.91	  0.077151954
0.92	  0.073585756
0.93	  0.070139796
0.94	  0.0668142
0.95	  0.06360858
0.96	  0.060522124
0.97	  0.05755361
0.98	  0.054701466
0.99	  0.05196382
1.0	  0.049338542
1.01	  0.046823274
1.02	  0.044415466
1.03	  0.042112425
1.04	  0.03991132
1.05	  0.03780922
1.06	  0.035803124
1.07	  0.033889975
1.08	  0.032066688
1.09	  0.030330151
1.1	  0.028677253
1.11	  0.0271049
1.12	  0.02561002
1.13	  0.024189577
1.14	  0.02284058
1.15	  0.021560088
1.16	  0.02034522
1.17	  0.019193163
1.18	  0.01810117
1.19	  0.01706657
1.2	  0.016086763
1.21	  0.015159233
1.22	  0.014281541
1.23	  0.013451332
1.24	  0.012666332
1.25	  0.011924346
1.26	  0.011223265
1.27	  0.010561059
1.28	  0.009935779
1.29	  0.009345553
1.3	  0.008788589
1.31	  0.008263172
1.32	  0.007767657
1.33	  0.0073004756
1.34	  0.006860128
1.35	  0.0064451844
1.36	  0.0060542794
1.37	  0.005686113
1.38	  0.0053394474
1.39	  0.0050131045
1.4	  0.004705963
1.41	  0.004416959
1.42	  0.0041450798
1.43	  0.0038893651
1.44	  0.0036489035
1.45	  0.0034228303
1.46	  0.0032103262
1.47	  0.003010615
1.48	  0.0028229607
1.49	  0.0026466676
1.5	  0.0024810769
1.51	  0.002325565
1.52	  0.0021795435
1.53	  0.002042455
1.54	  0.0019137732
1.55	  0.0017930017
1.56	  0.0016796708
1.57	  0.0015733379
1.58	  0.0014735851
1.59	  0.0013800184
1.6	  0.0012922658
1.61	  0.0012099773
1.62	  0.0011328224
1.63	  0.0010604899
1.64	  9.926871E-4
1.65	  9.291376E-4
1.66	  8.6958177E-4
1.67	  8.1377506E-4
1.68	  7.614873E-4
1.69	  7.1250193E-4
1.7	  6.666153E-4
1.71	  6.236359E-4
1.72	  5.8338366E-4
1.73	  5.456892E-4
1.74	  5.103935E-4
1.75	  4.7734706E-4
1.76	  4.4640942E-4
1.77	  4.1744864E-4
1.78	  3.903408E-4
1.79	  3.649696E-4
1.8	  3.4122576E-4
1.81	  3.1900677E-4
1.82	  2.982164E-4
1.83	  2.7876432E-4
1.84	  2.6056584E-4
1.85	  2.4354144E-4
1.86	  2.2761656E-4
1.87	  2.127213E-4
1.88	  1.9879006E-4
1.89	  1.8576137E-4
1.9	  1.735776E-4
1.91	  1.6218472E-4
1.92	  1.5153208E-4
1.93	  1.4157222E-4
1.94	  1.3226068E-4
1.95	  1.235558E-4
1.96	  1.1541853E-4
1.97	  1.0781233E-4
1.98	  1.00702935E-4
1.99	  9.405828E-5
2.0	  8.7848326E-5
2.01	  8.204496E-5
2.02	  7.6621836E-5
2.03	  7.1554314E-5
2.04	  6.681932E-5
2.05	  6.239525E-5
2.06	  5.82619E-5
2.07	  5.440034E-5
2.08	  5.0792878E-5
2.09	  4.7422945E-5
2.1	  4.4275046E-5
2.11	  4.1334682E-5
2.12	  3.8588292E-5
2.13	  3.602319E-5
2.14	  3.3627508E-5
2.15	  3.1390147E-5
2.16	  2.9300732E-5
2.17	  2.7349555E-5
2.18	  2.552754E-5
2.19	  2.3826206E-5
2.2	  2.2237615E-5
2.21	  2.075435E-5
2.22	  1.9369481E-5
2.23	  1.8076522E-5
2.24	  1.6869419E-5
2.25	  1.5742506E-5
2.26	  1.4690491E-5
2.27	  1.3708431E-5
2.28	  1.2791701E-5
2.29	  1.1935983E-5
2.3	  1.1137241E-5
2.31	  1.0391704E-5
2.32	  9.695848E-6
2.33	  9.046383E-6
2.34	  8.440232E-6
2.35	  7.8745215E-6
2.36	  7.3465703E-6
2.37	  6.85387E-6
2.38	  6.39408E-6
2.39	  5.965013E-6
2.4	  5.5646256E-6
2.41	  5.1910106E-6
2.42	  4.8423867E-6
2.43	  4.51709E-6
2.44	  4.213567E-6
2.45	  3.930367E-6
2.46	  3.666135E-6
2.47	  3.419606E-6
2.48	  3.1895995E-6
2.49	  2.9750124E-6
2.5	  2.7748156E-6
2.51	  2.5880477E-6
2.52	  2.413812E-6
2.53	  2.2512702E-6
2.54	  2.0996408E-6
2.55	  1.9581942E-6
2.56	  1.8262486E-6
2.57	  1.7031686E-6
2.58	  1.5883602E-6
2.59	  1.4812698E-6
2.6	  1.3813802E-6
2.61	  1.2882089E-6
2.62	  1.2013054E-6
2.63	  1.1202495E-6
2.64	  1.0446491E-6
2.65	  9.741381E-7
2.66	  9.083748E-7
2.67	  8.470406E-7
2.68	  7.8983817E-7
2.69	  7.364898E-7
2.7	  6.8673677E-7
2.71	  6.403373E-7
2.72	  5.97066E-7
2.73	  5.567126E-7
2.74	  5.190808E-7
2.75	  4.839876E-7
2.76	  4.512621E-7
2.77	  4.2074504E-7
2.78	  3.922877E-7
2.79	  3.657514E-7
2.8	  3.4100677E-7
2.81	  3.1793314E-7
2.82	  2.964179E-7
2.83	  2.763561E-7
2.84	  2.576497E-7
2.85	  2.4020736E-7
2.86	  2.2394386E-7
2.87	  2.0877965E-7
2.88	  1.9464063E-7
2.89	  1.814576E-7
2.9	  1.6916606E-7
2.91	  1.5770584E-7
2.92	  1.4702083E-7
2.93	  1.3705868E-7
2.94	  1.2777058E-7
2.95	  1.19111014E-7
2.96	  1.1103752E-7
2.97	  1.0351051E-7
2.98	  9.649304E-8
2.99	  8.995069E-8
3.0	  8.385134E-8
3.01	  7.8165044E-8
3.02	  7.286388E-8
3.03	  6.792178E-8
3.04	  6.3314495E-8
3.05	  5.9019357E-8
3.06	  5.501525E-8
3.07	  5.1282488E-8
3.08	  4.7802708E-8
3.09	  4.4558785E-8
3.1	  4.153476E-8
3.11	  3.8715747E-8
3.12	  3.608786E-8
3.13	  3.3638166E-8
3.14	  3.1354592E-8
3.15	  2.9225887E-8
3.16	  2.7241564E-8
3.17	  2.539184E-8
3.18	  2.3667598E-8
3.19	  2.2060334E-8
3.2	  2.0562121E-8
3.21	  1.9165569E-8
3.22	  1.7863785E-8
3.23	  1.665035E-8
3.24	  1.5519271E-8
3.25	  1.4464964E-8
3.26	  1.3482226E-8
3.27	  1.2566201E-8
3.28	  1.1712367E-8
3.29	  1.0916504E-8
3.3	  1.0174681E-8
3.31	  9.483231E-9
3.32	  8.838738E-9
3.33	  8.238015E-9
3.34	  7.678092E-9
3.35	  7.1562005E-9
3.36	  6.66976E-9
3.37	  6.216364E-9
3.38	  5.793769E-9
3.39	  5.3998854E-9
3.4	  5.032763E-9
3.41	  4.690586E-9
3.42	  4.37166E-9
3.43	  4.0744066E-9
3.44	  3.7973535E-9
3.45	  3.5391299E-9
3.46	  3.2984562E-9
3.47	  3.0741407E-9
3.48	  2.8650726E-9
3.49	  2.6702156E-9
3.5	  2.4886049E-9
3.51	  2.31934E-9
3.52	  2.161583E-9
3.53	  2.014551E-9
3.54	  1.877516E-9
3.55	  1.7497984E-9
3.56	  1.6307651E-9
3.57	  1.5198259E-9
3.58	  1.4164308E-9
3.59	  1.320067E-9
3.6	  1.2302566E-9
3.61	  1.1465541E-9
3.62	  1.0685443E-9
3.63	  9.958403E-10
3.64	  9.2808145E-10
3.65	  8.649314E-10
3.66	  8.06077E-10
3.67	  7.5122597E-10
3.68	  7.0010625E-10
3.69	  6.524641E-10
3.7	  6.08063E-10
3.71	  5.666826E-10
3.72	  5.2811744E-10
3.73	  4.9217613E-10
3.74	  4.5868015E-10
3.75	  4.274632E-10
3.76	  3.983703E-10
3.77	  3.7125697E-10
3.78	  3.4598857E-10
3.79	  3.2243958E-10
3.8	  3.0049302E-10
3.81	  2.8003994E-10
3.82	  2.6097868E-10
3.83	  2.4321462E-10
3.84	  2.2665944E-10
3.85	  2.1123095E-10
3.86	  1.9685246E-10
3.87	  1.8345256E-10
3.88	  1.7096463E-10
3.89	  1.5932664E-10
3.9	  1.4848074E-10
3.91	  1.3837306E-10
3.92	  1.2895335E-10
3.93	  1.2017479E-10
3.94	  1.11993755E-10
3.95	  1.0436958E-10
3.96	  9.726438E-11
3.97	  9.064281E-11
3.98	  8.4471985E-11
3.99	  7.872121E-11
4.0	  7.336191E-11


