
X-Axis: Normalized Interevent Time
Y-Axis: Probability
Number of Data Sets: 3


DATASET #1

     Name: Dc2e4 Histogram
   Points: 41
     Info: 

Data[x,y]:
0.05	  0.031552948
0.15	  0.019783186
0.25	  0.0208386
0.35	  0.022485722
0.45	  0.025642306
0.55	  0.029119296
0.65	  0.03550894
0.75	  0.048711687
0.85	  0.07642618
0.95	  0.11838273
1.05	  0.15502195
1.15	  0.14073724
1.25	  0.1044007
1.35	  0.06429736
1.45	  0.038617224
1.55	  0.024177928
1.65	  0.015290227
1.75	  0.0097185075
1.85	  0.006244737
1.95	  0.004119417
2.05	  0.0027411794
2.15	  0.0017855907
2.25	  0.0011536301
2.35	  7.768688E-4
2.45	  5.482359E-4
2.55	  4.363346E-4
2.65	  3.0913742E-4
2.75	  2.3507325E-4
2.85	  1.9240585E-4
2.95	  1.4329808E-4
3.05	  1.3685772E-4
3.15	  8.211463E-5
3.25	  6.440363E-5
3.35	  5.4743086E-5
3.45	  4.5082543E-5
3.55	  3.5421996E-5
3.65	  3.5421996E-5
3.75	  1.6905953E-5
3.85	  2.4956407E-5
3.95	  1.6100908E-5
4.05	  8.936004E-5



DATASET #2

     Name: Log-Normal Fit
   Points: 401
     Info: 

Data[x,y]:
0.005	  0.0
0.015	  4.5486533E-22
0.025	  6.633256E-18
0.035	  3.2019506E-15
0.045	  2.689022E-13
0.055	  7.8712115E-12
0.065	  1.1461599E-10
0.075	  1.0205321E-9
0.085	  6.3267636E-9
0.095	  2.9776894E-8
0.105	  1.1299236E-7
0.115	  3.6099152E-7
0.125	  1.0026432E-6
0.135	  2.4805784E-6
0.145	  5.5703576E-6
0.155	  1.1523024E-5
0.165	  2.2219972E-5
0.175	  4.0325478E-5
0.185	  6.942089E-5
0.195	  1.1410545E-4
0.205	  1.8005165E-4
0.215	  2.7400703E-4
0.225	  4.0373928E-4
0.235	  5.779258E-4
0.245	  8.0599356E-4
0.255	  0.0010979167
0.265	  0.0014639846
0.275	  0.0019145486
0.285	  0.002459764
0.295	  0.003109333
0.305	  0.0038722642
0.315	  0.004756651
0.325	  0.0057694796
0.335	  0.0069164727
0.345	  0.008201962
0.355	  0.009628807
0.365	  0.01119834
0.375	  0.012910351
0.385	  0.01476311
0.395	  0.016753407
0.405	  0.018876627
0.415	  0.02112684
0.425	  0.02349691
0.435	  0.02597863
0.445	  0.028562834
0.455	  0.031239552
0.465	  0.03399815
0.475	  0.03682746
0.485	  0.039715935
0.495	  0.042651765
0.505	  0.04562302
0.515	  0.048617754
0.525	  0.051624138
0.535	  0.054630525
0.545	  0.057625577
0.555	  0.060598318
0.565	  0.063538216
0.575	  0.06643525
0.585	  0.06927993
0.595	  0.07206337
0.605	  0.0747773
0.615	  0.07741409
0.625	  0.07996676
0.635	  0.082429014
0.645	  0.0847952
0.655	  0.08706034
0.665	  0.08922009
0.675	  0.09127076
0.685	  0.09320926
0.695	  0.09503311
0.705	  0.09674039
0.715	  0.09832973
0.725	  0.099800274
0.735	  0.10115165
0.745	  0.10238396
0.755	  0.10349771
0.765	  0.10449381
0.775	  0.10537354
0.785	  0.106138505
0.795	  0.10679062
0.805	  0.10733206
0.815	  0.10776527
0.825	  0.1080929
0.835	  0.10831778
0.845	  0.108442925
0.855	  0.10847149
0.865	  0.108406745
0.875	  0.10825205
0.885	  0.10801086
0.895	  0.107686676
0.905	  0.10728305
0.915	  0.10680356
0.925	  0.106251776
0.935	  0.10563129
0.945	  0.10494566
0.955	  0.10419843
0.965	  0.1033931
0.975	  0.10253312
0.985	  0.10162187
0.995	  0.10066271
1.005	  0.09965889
1.015	  0.098613605
1.025	  0.097529955
1.035	  0.096410975
1.045	  0.0952596
1.055	  0.09407867
1.065	  0.092870936
1.075	  0.09163907
1.085	  0.09038563
1.095	  0.08911308
1.105	  0.08782379
1.115	  0.08652003
1.125	  0.08520399
1.135	  0.083877735
1.145	  0.08254326
1.155	  0.08120246
1.165	  0.079857126
1.175	  0.07850898
1.185	  0.07715963
1.195	  0.075810626
1.205	  0.074463405
1.215	  0.07311934
1.225	  0.07177972
1.235	  0.07044576
1.245	  0.06911858
1.255	  0.06779926
1.265	  0.06648878
1.275	  0.065188065
1.285	  0.06389797
1.295	  0.06261929
1.305	  0.061352763
1.315	  0.06009906
1.325	  0.058858804
1.335	  0.057632558
1.345	  0.056420837
1.355	  0.055224113
1.365	  0.054042798
1.375	  0.052877273
1.385	  0.05172787
1.395	  0.050594877
1.405	  0.049478557
1.415	  0.048379127
1.425	  0.047296766
1.435	  0.046231635
1.445	  0.045183852
1.455	  0.044153508
1.465	  0.043140672
1.475	  0.042145386
1.485	  0.04116766
1.495	  0.040207498
1.505	  0.03926487
1.515	  0.038339723
1.525	  0.037432
1.535	  0.036541615
1.545	  0.035668474
1.555	  0.03481246
1.565	  0.033973455
1.575	  0.03315131
1.585	  0.032345884
1.595	  0.031557012
1.605	  0.030784527
1.615	  0.030028246
1.625	  0.029287985
1.635	  0.028563546
1.645	  0.027854733
1.655	  0.027161336
1.665	  0.026483143
1.675	  0.02581994
1.685	  0.025171505
1.695	  0.024537615
1.705	  0.023918046
1.715	  0.023312563
1.725	  0.02272094
1.735	  0.022142945
1.745	  0.02157834
1.755	  0.021026894
1.765	  0.020488374
1.775	  0.019962544
1.785	  0.019449167
1.795	  0.018948013
1.805	  0.018458847
1.815	  0.017981438
1.825	  0.017515555
1.835	  0.01706097
1.845	  0.016617455
1.855	  0.016184784
1.865	  0.015762735
1.875	  0.015351085
1.885	  0.014949616
1.895	  0.014558111
1.905	  0.014176358
1.915	  0.013804142
1.925	  0.013441258
1.935	  0.0130875
1.945	  0.012742664
1.955	  0.012406549
1.965	  0.012078961
1.975	  0.011759705
1.985	  0.01144859
1.995	  0.011145429
2.005	  0.0108500365
2.015	  0.010562233
2.025	  0.0102818385
2.035	  0.01000868
2.045	  0.009742585
2.055	  0.009483384
2.065	  0.009230914
2.075	  0.00898501
2.085	  0.008745515
2.095	  0.0085122725
2.105	  0.00828513
2.115	  0.008063938
2.125	  0.007848549
2.135	  0.00763882
2.145	  0.0074346107
2.155	  0.007235783
2.165	  0.007042203
2.175	  0.0068537383
2.185	  0.006670261
2.195	  0.0064916443
2.205	  0.006317765
2.215	  0.006148503
2.225	  0.005983741
2.235	  0.005823363
2.245	  0.0056672576
2.255	  0.005515314
2.265	  0.005367426
2.275	  0.005223489
2.285	  0.0050833994
2.295	  0.0049470584
2.305	  0.004814368
2.315	  0.004685234
2.325	  0.004559562
2.335	  0.0044372627
2.345	  0.004318247
2.355	  0.004202429
2.365	  0.004089725
2.375	  0.003980052
2.385	  0.0038733308
2.395	  0.0037694827
2.405	  0.0036684321
2.415	  0.0035701045
2.425	  0.0034744279
2.435	  0.0033813315
2.445	  0.0032907466
2.455	  0.0032026065
2.465	  0.0031168459
2.475	  0.0030334007
2.485	  0.0029522097
2.495	  0.002873212
2.505	  0.0027963489
2.515	  0.0027215632
2.525	  0.002648799
2.535	  0.0025780022
2.545	  0.0025091192
2.555	  0.0024420992
2.565	  0.0023768914
2.575	  0.0023134472
2.585	  0.002251719
2.595	  0.00219166
2.605	  0.0021332258
2.615	  0.0020763718
2.625	  0.0020210554
2.635	  0.0019672352
2.645	  0.0019148705
2.655	  0.0018639215
2.665	  0.0018143504
2.675	  0.0017661193
2.685	  0.0017191919
2.695	  0.001673533
2.705	  0.001629108
2.715	  0.0015858832
2.725	  0.0015438262
2.735	  0.0015029052
2.745	  0.0014630891
2.755	  0.0014243481
2.765	  0.0013866526
2.775	  0.0013499744
2.785	  0.0013142857
2.795	  0.0012795596
2.805	  0.0012457698
2.815	  0.0012128907
2.825	  0.0011808977
2.835	  0.0011497664
2.845	  0.0011194736
2.855	  0.0010899962
2.865	  0.001061312
2.875	  0.0010333996
2.885	  0.0010062377
2.895	  9.79806E-4
2.905	  9.5408445E-4
2.915	  9.290538E-4
2.925	  9.0469525E-4
2.935	  8.809904E-4
2.945	  8.579215E-4
2.955	  8.3547115E-4
2.965	  8.136225E-4
2.975	  7.9235923E-4
2.985	  7.7166536E-4
2.995	  7.5152534E-4
3.005	  7.3192414E-4
3.015	  7.128471E-4
3.025	  6.942799E-4
3.035	  6.7620876E-4
3.045	  6.586201E-4
3.055	  6.415008E-4
3.065	  6.248381E-4
3.075	  6.0861965E-4
3.085	  5.9283327E-4
3.095	  5.774673E-4
3.105	  5.6251034E-4
3.115	  5.479512E-4
3.125	  5.3377915E-4
3.135	  5.1998365E-4
3.145	  5.065545E-4
3.155	  4.9348176E-4
3.165	  4.8075573E-4
3.175	  4.683671E-4
3.185	  4.5630665E-4
3.195	  4.4456555E-4
3.205	  4.331351E-4
3.215	  4.2200697E-4
3.225	  4.1117292E-4
3.235	  4.0062502E-4
3.245	  3.9035556E-4
3.255	  3.8035697E-4
3.265	  3.7062197E-4
3.275	  3.6114347E-4
3.285	  3.519145E-4
3.295	  3.4292834E-4
3.305	  3.3417848E-4
3.315	  3.2565853E-4
3.325	  3.1736228E-4
3.335	  3.092838E-4
3.345	  3.014171E-4
3.355	  2.937566E-4
3.365	  2.8629668E-4
3.375	  2.79032E-4
3.385	  2.7195734E-4
3.395	  2.6506756E-4
3.405	  2.583577E-4
3.415	  2.5182296E-4
3.425	  2.4545862E-4
3.435	  2.3926017E-4
3.445	  2.3322314E-4
3.455	  2.2734322E-4
3.465	  2.2161621E-4
3.475	  2.1603802E-4
3.485	  2.1060469E-4
3.495	  2.0531235E-4
3.505	  2.0015723E-4
3.515	  1.951357E-4
3.525	  1.9024417E-4
3.535	  1.854792E-4
3.545	  1.8083745E-4
3.555	  1.763156E-4
3.565	  1.7191049E-4
3.575	  1.67619E-4
3.585	  1.6343815E-4
3.595	  1.5936498E-4
3.605	  1.5539664E-4
3.615	  1.5153037E-4
3.625	  1.4776345E-4
3.635	  1.4409327E-4
3.645	  1.4051725E-4
3.655	  1.3703294E-4
3.665	  1.3363788E-4
3.675	  1.3032975E-4
3.685	  1.2710622E-4
3.695	  1.239651E-4
3.705	  1.2090422E-4
3.715	  1.1792144E-4
3.725	  1.1501472E-4
3.735	  1.12182075E-4
3.745	  1.0942155E-4
3.755	  1.06731255E-4
3.765	  1.0410934E-4
3.775	  1.0155403E-4
3.785	  9.906358E-5
3.795	  9.6636286E-5
3.805	  9.4270494E-5
3.815	  9.1964605E-5
3.825	  8.971706E-5
3.835	  8.752632E-5
3.845	  8.539093E-5
3.855	  8.3309424E-5
3.865	  8.1280414E-5
3.875	  7.930253E-5
3.885	  7.737444E-5
3.895	  7.549486E-5
3.905	  7.366253E-5
3.915	  7.187622E-5
3.925	  7.013473E-5
3.935	  6.8436915E-5
3.945	  6.6781635E-5
3.955	  6.51678E-5
3.965	  6.359433E-5
3.975	  6.2060186E-5
3.985	  6.0564358E-5
3.995	  5.9105852E-5
4.005	  5.768371E-5



DATASET #3

     Name: BPT Fit
   Points: 401
     Info: Mean = 100.0, Aperiodicity = 0.5, Duration = 30.0, Delta T = 1.0, Num Points = 500, Historic Open Interval = 0.0
Computed mean = 0.99951804

Data[x,y]:
0.0	  0.0
0.01	  0.0
0.02	  0.0
0.03	  2.328E-42
0.04	  3.7120492E-31
0.05	  1.7896682E-24
0.06	  4.8060124E-20
0.07	  6.696829E-17
0.08	  1.4751492E-14
0.09	  9.528589E-13
0.1	  2.6133077E-11
0.11	  3.849873E-10
0.12	  3.5626118E-9
0.13	  2.3074803E-8
0.14	  1.1299475E-7
0.15	  4.4264792E-7
0.16	  1.4471227E-6
0.17	  4.0777577E-6
0.18	  1.0155352E-5
0.19	  2.2798604E-5
0.2	  4.6872225E-5
0.21	  8.938336E-5
0.22	  1.5975581E-4
0.23	  2.6992772E-4
0.24	  4.3424417E-4
0.25	  6.6914456E-4
0.26	  9.9267E-4
0.27	  0.0014238341
0.28	  0.0019819112
0.29	  0.0026856966
0.3	  0.0035527903
0.31	  0.004598948
0.32	  0.005837531
0.33	  0.007279069
0.34	  0.008930962
0.35	  0.010797294
0.36	  0.012878789
0.37	  0.015172856
0.38	  0.017673742
0.39	  0.020372756
0.4	  0.023258546
0.41	  0.026317438
0.42	  0.029533768
0.43	  0.03289026
0.44	  0.036368385
0.45	  0.039948706
0.46	  0.043611225
0.47	  0.04733568
0.48	  0.051101856
0.49	  0.054889802
0.5	  0.058680087
0.51	  0.062453978
0.52	  0.06619359
0.53	  0.06988203
0.54	  0.07350351
0.55	  0.077043384
0.56	  0.08048825
0.57	  0.08382593
0.58	  0.08704555
0.59	  0.09013745
0.6	  0.09309324
0.61	  0.095905736
0.62	  0.09856892
0.63	  0.10107791
0.64	  0.10342888
0.65	  0.10561902
0.66	  0.10764649
0.67	  0.1095103
0.68	  0.1112103
0.69	  0.11274709
0.7	  0.11412196
0.71	  0.11533682
0.72	  0.11639415
0.73	  0.117296904
0.74	  0.11804853
0.75	  0.11865281
0.76	  0.11911391
0.77	  0.119436234
0.78	  0.11962447
0.79	  0.11968348
0.8	  0.11961829
0.81	  0.119434044
0.82	  0.11913597
0.83	  0.11872936
0.84	  0.11821951
0.85	  0.11761175
0.86	  0.11691137
0.87	  0.116123594
0.88	  0.11525363
0.89	  0.11430658
0.9	  0.11328744
0.91	  0.11220115
0.92	  0.11105248
0.93	  0.10984611
0.94	  0.10858657
0.95	  0.107278265
0.96	  0.10592545
0.97	  0.10453222
0.98	  0.10310254
0.99	  0.10164022
1.0	  0.1001489
1.01	  0.09863208
1.02	  0.09709311
1.03	  0.09553518
1.04	  0.09396133
1.05	  0.09237445
1.06	  0.0907773
1.07	  0.089172475
1.08	  0.087562434
1.09	  0.08594951
1.1	  0.08433589
1.11	  0.082723655
1.12	  0.08111473
1.13	  0.07951093
1.14	  0.07791396
1.15	  0.0763254
1.16	  0.07474673
1.17	  0.07317932
1.18	  0.071624435
1.19	  0.07008326
1.2	  0.06855686
1.21	  0.06704624
1.22	  0.065552294
1.23	  0.06407586
1.24	  0.062617674
1.25	  0.06117842
1.26	  0.059758697
1.27	  0.058359046
1.28	  0.056979947
1.29	  0.05562181
1.3	  0.054285005
1.31	  0.05296983
1.32	  0.05167655
1.33	  0.05040537
1.34	  0.04915646
1.35	  0.047929943
1.36	  0.046725906
1.37	  0.045544397
1.38	  0.044385433
1.39	  0.043248996
1.4	  0.042135037
1.41	  0.041043486
1.42	  0.039974242
1.43	  0.03892718
1.44	  0.037902154
1.45	  0.036899004
1.46	  0.03591754
1.47	  0.034957558
1.48	  0.034018848
1.49	  0.03310118
1.5	  0.0322043
1.51	  0.031327967
1.52	  0.0304719
1.53	  0.029635835
1.54	  0.028819486
1.55	  0.02802256
1.56	  0.02724476
1.57	  0.026485784
1.58	  0.025745327
1.59	  0.025023075
1.6	  0.024318716
1.61	  0.02363193
1.62	  0.022962403
1.63	  0.022309812
1.64	  0.021673836
1.65	  0.021054156
1.66	  0.020450452
1.67	  0.019862402
1.68	  0.01928969
1.69	  0.018731996
1.7	  0.018189007
1.71	  0.01766041
1.72	  0.01714589
1.73	  0.016645145
1.74	  0.016157867
1.75	  0.015683753
1.76	  0.015222508
1.77	  0.014773835
1.78	  0.014337444
1.79	  0.013913046
1.8	  0.01350036
1.81	  0.013099105
1.82	  0.012709008
1.83	  0.012329796
1.84	  0.011961207
1.85	  0.011602975
1.86	  0.011254846
1.87	  0.010916566
1.88	  0.010587887
1.89	  0.010268566
1.9	  0.009958364
1.91	  0.009657047
1.92	  0.009364385
1.93	  0.009080153
1.94	  0.008804131
1.95	  0.008536103
1.96	  0.008275859
1.97	  0.008023189
1.98	  0.0077778944
1.99	  0.0075397748
2.0	  0.0073086373
2.01	  0.0070842938
2.02	  0.006866558
2.03	  0.0066552507
2.04	  0.0064501944
2.05	  0.006251218
2.06	  0.0060581523
2.07	  0.0058708335
2.08	  0.0056891018
2.09	  0.0055128005
2.1	  0.0053417776
2.11	  0.005175884
2.12	  0.005014975
2.13	  0.004858909
2.14	  0.0047075483
2.15	  0.0045607593
2.16	  0.0044184104
2.17	  0.004280374
2.18	  0.0041465266
2.19	  0.004016747
2.2	  0.0038909179
2.21	  0.003768924
2.22	  0.0036506539
2.23	  0.0035359992
2.24	  0.0034248543
2.25	  0.0033171158
2.26	  0.003212684
2.27	  0.0031114616
2.28	  0.0030133538
2.29	  0.0029182686
2.3	  0.002826116
2.31	  0.0027368094
2.32	  0.002650264
2.33	  0.0025663974
2.34	  0.0024851295
2.35	  0.0024063827
2.36	  0.002330081
2.37	  0.0022561518
2.38	  0.0021845228
2.39	  0.002115125
2.4	  0.0020478913
2.41	  0.0019827557
2.42	  0.0019196552
2.43	  0.0018585278
2.44	  0.0017993135
2.45	  0.0017419541
2.46	  0.0016863932
2.47	  0.0016325758
2.48	  0.0015804485
2.49	  0.0015299597
2.5	  0.0014810594
2.51	  0.0014336985
2.52	  0.0013878298
2.53	  0.0013434074
2.54	  0.0013003867
2.55	  0.0012587247
2.56	  0.0012183792
2.57	  0.0011793096
2.58	  0.0011414763
2.59	  0.0011048412
2.6	  0.0010693669
2.61	  0.0010350175
2.62	  0.0010017582
2.63	  9.695546E-4
2.64	  9.383742E-4
2.65	  9.081849E-4
2.66	  8.7895594E-4
2.67	  8.5065723E-4
2.68	  8.232597E-4
2.69	  7.9673505E-4
2.7	  7.710561E-4
2.71	  7.4619625E-4
2.72	  7.221298E-4
2.73	  6.9883175E-4
2.74	  6.762781E-4
2.75	  6.544453E-4
2.76	  6.3331076E-4
2.77	  6.1285245E-4
2.78	  5.93049E-4
2.79	  5.7387975E-4
2.8	  5.553247E-4
2.81	  5.373645E-4
2.82	  5.1998027E-4
2.83	  5.031537E-4
2.84	  4.868673E-4
2.85	  4.7110385E-4
2.86	  4.5584678E-4
2.87	  4.4108005E-4
2.88	  4.2678803E-4
2.89	  4.129557E-4
2.9	  3.9956844E-4
2.91	  3.8661205E-4
2.92	  3.7407284E-4
2.93	  3.6193753E-4
2.94	  3.5019327E-4
2.95	  3.3882755E-4
2.96	  3.278283E-4
2.97	  3.1718388E-4
2.98	  3.068829E-4
2.99	  2.969144E-4
3.0	  2.8726773E-4
3.01	  2.7793265E-4
3.02	  2.6889917E-4
3.03	  2.601576E-4
3.04	  2.5169863E-4
3.05	  2.4351319E-4
3.06	  2.3559251E-4
3.07	  2.279281E-4
3.08	  2.2051175E-4
3.09	  2.1333547E-4
3.1	  2.0639159E-4
3.11	  1.996726E-4
3.12	  1.931713E-4
3.13	  1.8688069E-4
3.14	  1.8079397E-4
3.15	  1.749046E-4
3.16	  1.6920624E-4
3.17	  1.636927E-4
3.18	  1.5835806E-4
3.19	  1.5319654E-4
3.2	  1.4820255E-4
3.21	  1.4337071E-4
3.22	  1.3869579E-4
3.23	  1.3417269E-4
3.24	  1.2979655E-4
3.25	  1.2556261E-4
3.26	  1.2146627E-4
3.27	  1.1750309E-4
3.28	  1.1366877E-4
3.29	  1.0995914E-4
3.3	  1.06370164E-4
3.31	  1.0289794E-4
3.32	  9.9538694E-5
3.33	  9.628877E-5
3.34	  9.314463E-5
3.35	  9.010283E-5
3.36	  8.716008E-5
3.37	  8.431316E-5
3.38	  8.155896E-5
3.39	  7.8894474E-5
3.4	  7.63168E-5
3.41	  7.3823125E-5
3.42	  7.141071E-5
3.43	  6.907693E-5
3.44	  6.681923E-5
3.45	  6.463513E-5
3.46	  6.252226E-5
3.47	  6.0478294E-5
3.48	  5.8500995E-5
3.49	  5.6588193E-5
3.5	  5.47378E-5
3.51	  5.2947784E-5
3.52	  5.121618E-5
3.53	  4.954109E-5
3.54	  4.7920676E-5
3.55	  4.635316E-5
3.56	  4.4836823E-5
3.57	  4.3369993E-5
3.58	  4.1951065E-5
3.59	  4.0578478E-5
3.6	  3.925072E-5
3.61	  3.796634E-5
3.62	  3.672391E-5
3.63	  3.552208E-5
3.64	  3.4359517E-5
3.65	  3.3234945E-5
3.66	  3.2147123E-5
3.67	  3.1094856E-5
3.68	  3.0076984E-5
3.69	  2.9092387E-5
3.7	  2.8139979E-5
3.71	  2.7218708E-5
3.72	  2.6327561E-5
3.73	  2.5465555E-5
3.74	  2.463174E-5
3.75	  2.3825194E-5
3.76	  2.3045028E-5
3.77	  2.229038E-5
3.78	  2.156042E-5
3.79	  2.0854339E-5
3.8	  2.017136E-5
3.81	  1.9510726E-5
3.82	  1.8871708E-5
3.83	  1.8253602E-5
3.84	  1.7655722E-5
3.85	  1.707741E-5
3.86	  1.6518023E-5
3.87	  1.5976948E-5
3.88	  1.5453581E-5
3.89	  1.4947347E-5
3.9	  1.4457685E-5
3.91	  1.3984053E-5
3.92	  1.3525927E-5
3.93	  1.3082801E-5
3.94	  1.2654184E-5
3.95	  1.22396E-5
3.96	  1.1838593E-5
3.97	  1.14507175E-5
3.98	  1.1075544E-5
3.99	  1.0712656E-5
4.0	  1.0361654E-5


