
X-Axis: Normalized Distance Along Strike
Y-Axis: Hypocenter Density
Number of Data Sets: 4


DATASET #1

     Name: 
   Points: 31
     Info: 

Data[x,y]:
0.05	  0.022919605
0.15	  0.027150916
0.25	  0.021156559
0.35	  0.03138223
0.45	  0.026093088
0.55	  0.029971791
0.65	  0.03631876
0.75	  0.039844852
0.85	  0.038787022
0.95	  0.058180537
1.05	  0.038787022
1.15	  0.032792665
1.25	  0.044076163
1.35	  0.024330042
1.45	  0.028208744
1.55	  0.028208744
1.65	  0.024330042
1.75	  0.044076163
1.85	  0.032792665
1.95	  0.038787022
2.05	  0.058180537
2.15	  0.038787022
2.25	  0.039844852
2.35	  0.03631876
2.45	  0.029971791
2.55	  0.026093088
2.65	  0.03138223
2.75	  0.021156559
2.85	  0.027150916
2.95	  0.022919605
3.05	  0.0



DATASET #2

     Name: 
   Points: 31
     Info: 

Data[x,y]:
0.05	  0.0
0.15	  0.0
0.25	  0.0
0.35	  0.0
0.45	  0.0
0.55	  0.0
0.65	  0.0
0.75	  0.0
0.85	  0.0
0.95	  0.0
1.05	  0.0074047954
1.15	  0.012693935
1.25	  0.018688293
1.35	  0.007052186
1.45	  0.008462624
1.55	  0.008462624
1.65	  0.007052186
1.75	  0.018688293
1.85	  0.012693935
1.95	  0.0074047954
2.05	  0.0
2.15	  0.0
2.25	  0.0
2.35	  0.0
2.45	  0.0
2.55	  0.0
2.65	  0.0
2.75	  0.0
2.85	  0.0
2.95	  0.0
3.05	  0.0



DATASET #3

Name: 
Num Points: 4
Info: 

X, Y Data:
0.021	  8.145275E-4
0.021	  0.08063822
2.979	  0.08063822
2.979	  8.145275E-4



DATASET #4

Name: 
Num Points: 4
Info: 

X, Y Data:
1.0	  8.145275E-4
1.0	  0.07249295
2.0	  0.07249295
2.0	  8.145275E-4


