
X-Axis: Normalized Interevent Time
Y-Axis: Probability
Number of Data Sets: 3


DATASET #1

     Name: Bruce 2629 Histogram
   Points: 41
     Info: 

Data[x,y]:
0.05	  0.020372156
0.15	  0.013874538
0.25	  0.016716404
0.35	  0.02030866
0.45	  0.023985578
0.55	  0.029700093
0.65	  0.0381545
0.75	  0.051630754
0.85	  0.081084564
0.95	  0.13894357
1.05	  0.18121368
1.15	  0.15443818
1.25	  0.09536893
1.35	  0.052094456
1.45	  0.02942495
1.55	  0.017641887
1.65	  0.011392476
1.75	  0.0077251797
1.85	  0.004854453
1.95	  0.0032286057
2.05	  0.0021799824
2.15	  0.001570049
2.25	  0.0010370789
2.35	  6.4841483E-4
2.45	  4.8486807E-4
2.55	  4.0020858E-4
2.65	  3.5595475E-4
2.75	  2.270414E-4
2.85	  1.6739493E-4
2.95	  1.231411E-4
3.05	  1.1929294E-4
3.15	  9.6203985E-5
3.25	  5.0026072E-5
3.35	  6.157055E-5
3.45	  4.8101992E-5
3.55	  2.8861195E-5
3.65	  4.0405674E-5
3.75	  4.4253833E-5
3.85	  3.0785275E-5
3.95	  1.1544478E-5
4.05	  1.2121702E-4



DATASET #2

     Name: Log-Normal Fit
   Points: 401
     Info: 

Data[x,y]:
0.005	  0.0
0.015	  1.07290545E-26
0.025	  1.248375E-21
0.035	  2.2951485E-18
0.045	  5.050565E-16
0.055	  3.1040935E-14
0.065	  8.2003756E-13
0.075	  1.194185E-11
0.085	  1.1207711E-10
0.095	  7.523619E-10
0.105	  3.884587E-9
0.115	  1.625661E-8
0.125	  5.7328517E-8
0.135	  1.754676E-7
0.145	  4.7692754E-7
0.155	  1.1721356E-6
0.165	  2.6427126E-6
0.175	  5.530447E-6
0.185	  1.0846459E-5
0.195	  2.009555E-5
0.205	  3.5407793E-5
0.215	  5.9667334E-5
0.225	  9.662731E-5
0.235	  1.5100013E-4
0.245	  2.285136E-4
0.255	  3.3592575E-4
0.265	  4.80994E-4
0.275	  6.7239744E-4
0.285	  9.1961405E-4
0.295	  0.0012327571
0.305	  0.0016223779
0.315	  0.0020992425
0.325	  0.0026740918
0.335	  0.003357395
0.345	  0.004159104
0.355	  0.0050884197
0.365	  0.006153575
0.375	  0.007361644
0.385	  0.008718377
0.395	  0.010228071
0.405	  0.011893473
0.415	  0.013715713
0.425	  0.015694289
0.435	  0.017827053
0.445	  0.020110264
0.455	  0.022538645
0.465	  0.02510546
0.475	  0.027802633
0.485	  0.030620873
0.495	  0.033549797
0.505	  0.036578093
0.515	  0.03969365
0.525	  0.04288373
0.535	  0.046135128
0.545	  0.049434282
0.555	  0.05276747
0.565	  0.056120913
0.575	  0.059480917
0.585	  0.06283399
0.595	  0.06616695
0.605	  0.06946704
0.615	  0.07272198
0.625	  0.07592008
0.635	  0.07905028
0.645	  0.0821022
0.655	  0.08506621
0.665	  0.08793342
0.675	  0.090695746
0.685	  0.093345895
0.695	  0.09587737
0.705	  0.09828448
0.715	  0.100562334
0.725	  0.1027068
0.735	  0.10471451
0.745	  0.10658284
0.755	  0.10830985
0.765	  0.109894276
0.775	  0.11133549
0.785	  0.11263348
0.795	  0.113788776
0.805	  0.11480244
0.815	  0.11567603
0.825	  0.116411544
0.835	  0.117011376
0.845	  0.117478296
0.855	  0.11781542
0.865	  0.118026145
0.875	  0.11811412
0.885	  0.11808324
0.895	  0.11793757
0.905	  0.11768136
0.915	  0.117318965
0.925	  0.11685487
0.935	  0.116293624
0.945	  0.11563982
0.955	  0.114898115
0.965	  0.11407314
0.975	  0.11316954
0.985	  0.11219193
0.995	  0.11114488
1.005	  0.110032886
1.015	  0.1088604
1.025	  0.107631795
1.035	  0.10635132
1.045	  0.10502316
1.055	  0.10365137
1.065	  0.102239884
1.075	  0.10079254
1.085	  0.099313036
1.095	  0.09780494
1.105	  0.09627169
1.115	  0.09471661
1.125	  0.09314284
1.135	  0.091553435
1.145	  0.089951284
1.155	  0.088339165
1.165	  0.0867197
1.175	  0.08509538
1.185	  0.08346859
1.195	  0.081841566
1.205	  0.080216415
1.215	  0.07859512
1.225	  0.076979555
1.235	  0.07537148
1.245	  0.07377252
1.255	  0.07218421
1.265	  0.070607975
1.275	  0.06904513
1.285	  0.06749687
1.295	  0.06596435
1.305	  0.06444859
1.315	  0.062950514
1.325	  0.061470993
1.335	  0.060010806
1.345	  0.058570642
1.355	  0.057151128
1.365	  0.05575282
1.375	  0.054376207
1.385	  0.053021714
1.395	  0.0516897
1.405	  0.050380476
1.415	  0.049094297
1.425	  0.047831368
1.435	  0.046591844
1.445	  0.045375835
1.455	  0.04418341
1.465	  0.04301461
1.475	  0.041869413
1.485	  0.04074779
1.495	  0.039649665
1.505	  0.03857494
1.515	  0.037523482
1.525	  0.036495138
1.535	  0.03548973
1.545	  0.03450706
1.555	  0.03354691
1.565	  0.032609038
1.575	  0.0316932
1.585	  0.030799123
1.595	  0.029926525
1.605	  0.029075118
1.615	  0.028244594
1.625	  0.027434641
1.635	  0.02664494
1.645	  0.025875162
1.655	  0.02512497
1.665	  0.02439403
1.675	  0.023681993
1.685	  0.022988513
1.695	  0.022313243
1.705	  0.02165583
1.715	  0.021015922
1.725	  0.020393165
1.735	  0.019787205
1.745	  0.019197691
1.755	  0.018624272
1.765	  0.018066598
1.775	  0.01752432
1.785	  0.016997095
1.795	  0.01648458
1.805	  0.015986433
1.815	  0.0155023215
1.825	  0.015031912
1.835	  0.014574877
1.845	  0.014130893
1.855	  0.01369964
1.865	  0.0132808015
1.875	  0.012874069
1.885	  0.012479137
1.895	  0.012095704
1.905	  0.0117234755
1.915	  0.011362161
1.925	  0.011011476
1.935	  0.01067114
1.945	  0.010340879
1.955	  0.010020425
1.965	  0.009709512
1.975	  0.009407884
1.985	  0.009115288
1.995	  0.008831475
2.005	  0.008556204
2.015	  0.008289238
2.025	  0.008030346
2.035	  0.0077793007
2.045	  0.007535882
2.055	  0.0072998735
2.065	  0.007071065
2.075	  0.00684925
2.085	  0.0066342284
2.095	  0.0064258045
2.105	  0.006223787
2.115	  0.0060279905
2.125	  0.005838233
2.135	  0.005654338
2.145	  0.005476133
2.155	  0.0053034504
2.165	  0.005136127
2.175	  0.004974004
2.185	  0.004816926
2.195	  0.004664743
2.205	  0.004517308
2.215	  0.004374479
2.225	  0.0042361165
2.235	  0.004102086
2.245	  0.003972257
2.255	  0.0038465012
2.265	  0.0037246954
2.275	  0.0036067187
2.285	  0.0034924543
2.295	  0.0033817887
2.305	  0.0032746114
2.315	  0.0031708153
2.325	  0.003070296
2.335	  0.0029729526
2.345	  0.0028786869
2.355	  0.0027874035
2.365	  0.00269901
2.375	  0.0026134166
2.385	  0.0025305364
2.395	  0.0024502843
2.405	  0.0023725787
2.415	  0.00229734
2.425	  0.002224491
2.435	  0.0021539566
2.445	  0.0020856643
2.455	  0.002019544
2.465	  0.0019555266
2.475	  0.0018935468
2.485	  0.0018335398
2.495	  0.0017754436
2.505	  0.0017191977
2.515	  0.0016647438
2.525	  0.0016120248
2.535	  0.0015609863
2.545	  0.0015115747
2.555	  0.0014637385
2.565	  0.0014174276
2.575	  0.0013725936
2.585	  0.0013291895
2.595	  0.00128717
2.605	  0.0012464907
2.615	  0.0012071092
2.625	  0.0011689839
2.635	  0.001132075
2.645	  0.0010963434
2.655	  0.0010617517
2.665	  0.0010282636
2.675	  9.958436E-4
2.685	  9.644576E-4
2.695	  9.3407265E-4
2.705	  9.0465666E-4
2.715	  8.761787E-4
2.725	  8.486086E-4
2.735	  8.219174E-4
2.745	  7.960769E-4
2.755	  7.710599E-4
2.765	  7.468399E-4
2.775	  7.2339154E-4
2.785	  7.006899E-4
2.795	  6.7871116E-4
2.805	  6.574321E-4
2.815	  6.368303E-4
2.825	  6.168839E-4
2.835	  5.975721E-4
2.845	  5.7887443E-4
2.855	  5.6077115E-4
2.865	  5.4324325E-4
2.875	  5.262723E-4
2.885	  5.098403E-4
2.895	  4.939301E-4
2.905	  4.785249E-4
2.915	  4.636085E-4
2.925	  4.491652E-4
2.935	  4.3517989E-4
2.945	  4.2163781E-4
2.955	  4.0852476E-4
2.965	  3.9582702E-4
2.975	  3.8353127E-4
2.985	  3.7162457E-4
2.995	  3.600945E-4
3.005	  3.4892897E-4
3.015	  3.3811628E-4
3.025	  3.276452E-4
3.035	  3.175047E-4
3.045	  3.0768424E-4
3.055	  2.9817357E-4
3.065	  2.8896276E-4
3.075	  2.8004227E-4
3.085	  2.7140274E-4
3.095	  2.630352E-4
3.105	  2.54931E-4
3.115	  2.4708165E-4
3.125	  2.3947908E-4
3.135	  2.3211536E-4
3.145	  2.2498288E-4
3.155	  2.1807426E-4
3.165	  2.1138236E-4
3.175	  2.0490025E-4
3.185	  1.9862124E-4
3.195	  1.9253888E-4
3.205	  1.8664688E-4
3.215	  1.809392E-4
3.225	  1.7540995E-4
3.235	  1.7005345E-4
3.245	  1.6486422E-4
3.255	  1.5983694E-4
3.265	  1.5496644E-4
3.275	  1.5024777E-4
3.285	  1.4567608E-4
3.295	  1.4124672E-4
3.305	  1.3695519E-4
3.315	  1.3279708E-4
3.325	  1.2876818E-4
3.335	  1.2486441E-4
3.345	  1.2108178E-4
3.355	  1.1741647E-4
3.365	  1.1386477E-4
3.375	  1.1042309E-4
3.385	  1.07087944E-4
3.395	  1.0385597E-4
3.405	  1.0072391E-4
3.415	  9.7688615E-5
3.425	  9.4747025E-5
3.435	  9.1896196E-5
3.445	  8.913326E-5
3.455	  8.645545E-5
3.465	  8.38601E-5
3.475	  8.13446E-5
3.485	  7.890644E-5
3.495	  7.654321E-5
3.505	  7.425254E-5
3.515	  7.2032155E-5
3.525	  6.9879854E-5
3.535	  6.7793495E-5
3.545	  6.5771026E-5
3.555	  6.381044E-5
3.565	  6.19098E-5
3.575	  6.006723E-5
3.585	  5.828092E-5
3.595	  5.6549106E-5
3.605	  5.4870095E-5
3.615	  5.324224E-5
3.625	  5.1663937E-5
3.635	  5.0133654E-5
3.645	  4.8649887E-5
3.655	  4.7211193E-5
3.665	  4.581617E-5
3.675	  4.4463464E-5
3.685	  4.3151755E-5
3.695	  4.1879775E-5
3.705	  4.0646293E-5
3.715	  3.945011E-5
3.725	  3.8290076E-5
3.735	  3.716507E-5
3.745	  3.6074012E-5
3.755	  3.5015848E-5
3.765	  3.3989567E-5
3.775	  3.299418E-5
3.785	  3.2028736E-5
3.795	  3.1092313E-5
3.805	  3.0184015E-5
3.815	  2.9302979E-5
3.825	  2.8448365E-5
3.835	  2.7619362E-5
3.845	  2.6815182E-5
3.855	  2.6035063E-5
3.865	  2.5278267E-5
3.875	  2.454408E-5
3.885	  2.3831808E-5
3.895	  2.3140783E-5
3.905	  2.2470353E-5
3.915	  2.1819887E-5
3.925	  2.1188778E-5
3.935	  2.0576435E-5
3.945	  1.9982286E-5
3.955	  1.9405774E-5
3.965	  1.8846364E-5
3.975	  1.8303534E-5
3.985	  1.7776782E-5
3.995	  1.7265618E-5
4.005	  1.6769569E-5



DATASET #3

     Name: BPT Fit
   Points: 401
     Info: Mean = 100.0, Aperiodicity = 0.5, Duration = 30.0, Delta T = 1.0, Num Points = 500, Historic Open Interval = 0.0
Computed mean = 0.99923193

Data[x,y]:
0.0	  0.0
0.01	  0.0
0.02	  0.0
0.03	  0.0
0.04	  5.239486E-38
0.05	  7.864645E-30
0.06	  2.0853402E-24
0.07	  1.4884999E-20
0.08	  1.1144983E-17
0.09	  1.8616022E-15
0.1	  1.09028306E-13
0.11	  2.9842244E-12
0.12	  4.6222064E-11
0.13	  4.6242069E-10
0.14	  3.2837668E-9
0.15	  1.7736355E-8
0.16	  7.673452E-8
0.17	  2.7664152E-7
0.18	  8.56993E-7
0.19	  2.3371294E-6
0.2	  5.7204797E-6
0.21	  1.2764858E-5
0.22	  2.6301539E-5
0.23	  5.057138E-5
0.24	  9.1536815E-5
0.25	  1.5712646E-4
0.26	  2.5737437E-4
0.27	  4.0442747E-4
0.28	  6.124088E-4
0.29	  8.971401E-4
0.3	  0.00127574
0.31	  0.0017661243
0.32	  0.0023864424
0.33	  0.0031544848
0.34	  0.004087094
0.35	  0.005199615
0.36	  0.0065054004
0.37	  0.008015403
0.38	  0.00973785
0.39	  0.011678027
0.4	  0.013838141
0.41	  0.0162173
0.42	  0.018811554
0.43	  0.02161403
0.44	  0.024615115
0.45	  0.027802702
0.46	  0.031162474
0.47	  0.034678195
0.48	  0.038332045
0.49	  0.04210494
0.5	  0.04597686
0.51	  0.04992715
0.52	  0.053934842
0.53	  0.057978902
0.54	  0.062038515
0.55	  0.06609328
0.56	  0.07012344
0.57	  0.07411003
0.58	  0.078035064
0.59	  0.08188158
0.6	  0.08563384
0.61	  0.089277275
0.62	  0.092798665
0.63	  0.096186064
0.64	  0.09942887
0.65	  0.10251779
0.66	  0.10544485
0.67	  0.108203344
0.68	  0.11078779
0.69	  0.11319389
0.7	  0.1154185
0.71	  0.11745951
0.72	  0.11931585
0.73	  0.12098735
0.74	  0.12247473
0.75	  0.123779505
0.76	  0.124903925
0.77	  0.12585089
0.78	  0.12662388
0.79	  0.12722695
0.8	  0.12766457
0.81	  0.12794162
0.82	  0.12806338
0.83	  0.12803537
0.84	  0.12786335
0.85	  0.12755331
0.86	  0.12711136
0.87	  0.12654373
0.88	  0.12585671
0.89	  0.12505664
0.9	  0.12414985
0.91	  0.123142645
0.92	  0.12204129
0.93	  0.12085195
0.94	  0.11958072
0.95	  0.11823356
0.96	  0.11681632
0.97	  0.115334675
0.98	  0.11379418
0.99	  0.112200186
1.0	  0.110557914
1.01	  0.10887236
1.02	  0.10714837
1.03	  0.10539057
1.04	  0.10360343
1.05	  0.10179118
1.06	  0.099957906
1.07	  0.098107465
1.08	  0.09624353
1.09	  0.0943696
1.1	  0.09248897
1.11	  0.09060475
1.12	  0.08871989
1.13	  0.08683714
1.14	  0.0849591
1.15	  0.08308818
1.16	  0.081226654
1.17	  0.07937661
1.18	  0.07754002
1.19	  0.07571867
1.2	  0.073914245
1.21	  0.07212827
1.22	  0.07036215
1.23	  0.068617165
1.24	  0.06689447
1.25	  0.06519513
1.26	  0.06352007
1.27	  0.061870128
1.28	  0.06024606
1.29	  0.05864851
1.3	  0.05707805
1.31	  0.05553515
1.32	  0.054020222
1.33	  0.052533597
1.34	  0.05107554
1.35	  0.04964625
1.36	  0.04824587
1.37	  0.046874475
1.38	  0.0455321
1.39	  0.044218726
1.4	  0.04293429
1.41	  0.04167869
1.42	  0.040451773
1.43	  0.039253365
1.44	  0.038083255
1.45	  0.03694119
1.46	  0.035826907
1.47	  0.034740105
1.48	  0.03368046
1.49	  0.032647643
1.5	  0.031641286
1.51	  0.030661019
1.52	  0.029706445
1.53	  0.028777165
1.54	  0.027872765
1.55	  0.026992818
1.56	  0.026136892
1.57	  0.025304547
1.58	  0.024495337
1.59	  0.023708815
1.6	  0.022944523
1.61	  0.022202006
1.62	  0.021480808
1.63	  0.020780472
1.64	  0.020100538
1.65	  0.01944055
1.66	  0.018800054
1.67	  0.018178597
1.68	  0.017575732
1.69	  0.016991008
1.7	  0.016423987
1.71	  0.015874231
1.72	  0.015341308
1.73	  0.01482479
1.74	  0.014324255
1.75	  0.013839288
1.76	  0.013369479
1.77	  0.012914425
1.78	  0.0124737285
1.79	  0.012047001
1.8	  0.011633858
1.81	  0.011233924
1.82	  0.010846831
1.83	  0.010472216
1.84	  0.0101097245
1.85	  0.00975901
1.86	  0.009419732
1.87	  0.009091558
1.88	  0.008774163
1.89	  0.00846723
1.9	  0.008170447
1.91	  0.0078835115
1.92	  0.0076061278
1.93	  0.0073380056
1.94	  0.0070788637
1.95	  0.0068284273
1.96	  0.0065864283
1.97	  0.006352606
1.98	  0.006126706
1.99	  0.0059084804
2.0	  0.005697688
2.01	  0.005494095
2.02	  0.0052974722
2.03	  0.005107598
2.04	  0.0049242564
2.05	  0.0047472375
2.06	  0.004576338
2.07	  0.004411359
2.08	  0.0042521083
2.09	  0.0040983986
2.1	  0.0039500487
2.11	  0.0038068828
2.12	  0.0036687292
2.13	  0.0035354225
2.14	  0.0034068013
2.15	  0.0032827097
2.16	  0.0031629964
2.17	  0.0030475145
2.18	  0.0029361215
2.19	  0.00282868
2.2	  0.002725056
2.21	  0.00262512
2.22	  0.0025287468
2.23	  0.0024358148
2.24	  0.0023462062
2.25	  0.0022598074
2.26	  0.002176508
2.27	  0.002096201
2.28	  0.0020187837
2.29	  0.0019441554
2.3	  0.0018722198
2.31	  0.0018028832
2.32	  0.001736055
2.33	  0.0016716478
2.34	  0.0016095769
2.35	  0.0015497602
2.36	  0.0014921187
2.37	  0.001436576
2.38	  0.0013830578
2.39	  0.0013314929
2.4	  0.001281812
2.41	  0.0012339484
2.42	  0.0011878376
2.43	  0.0011434171
2.44	  0.0011006269
2.45	  0.0010594086
2.46	  0.0010197064
2.47	  9.814656E-4
2.48	  9.446339E-4
2.49	  9.091609E-4
2.5	  8.749976E-4
2.51	  8.4209687E-4
2.52	  8.1041316E-4
2.53	  7.799025E-4
2.54	  7.505226E-4
2.55	  7.2223233E-4
2.56	  6.949923E-4
2.57	  6.687644E-4
2.58	  6.4351177E-4
2.59	  6.1919895E-4
2.6	  5.957917E-4
2.61	  5.73257E-4
2.62	  5.515629E-4
2.63	  5.306787E-4
2.64	  5.105748E-4
2.65	  4.912226E-4
2.66	  4.7259446E-4
2.67	  4.5466382E-4
2.68	  4.3740505E-4
2.69	  4.207934E-4
2.7	  4.0480506E-4
2.71	  3.89417E-4
2.72	  3.746071E-4
2.73	  3.60354E-4
2.74	  3.466371E-4
2.75	  3.3343653E-4
2.76	  3.2073318E-4
2.77	  3.0850864E-4
2.78	  2.9674507E-4
2.79	  2.854254E-4
2.8	  2.7453311E-4
2.81	  2.640523E-4
2.82	  2.5396768E-4
2.83	  2.442644E-4
2.84	  2.3492833E-4
2.85	  2.2594571E-4
2.86	  2.1730334E-4
2.87	  2.0898852E-4
2.88	  2.0098899E-4
2.89	  1.9329293E-4
2.9	  1.8588899E-4
2.91	  1.7876622E-4
2.92	  1.7191404E-4
2.93	  1.6532233E-4
2.94	  1.5898129E-4
2.95	  1.528815E-4
2.96	  1.4701388E-4
2.97	  1.4136969E-4
2.98	  1.3594053E-4
2.99	  1.3071827E-4
3.0	  1.2569514E-4
3.01	  1.208636E-4
3.02	  1.1621643E-4
3.03	  1.1174667E-4
3.04	  1.074476E-4
3.05	  1.03312785E-4
3.06	  9.933599E-5
3.07	  9.551125E-5
3.08	  9.18328E-5
3.09	  8.8295084E-5
3.1	  8.489279E-5
3.11	  8.1620754E-5
3.12	  7.8474055E-5
3.13	  7.544792E-5
3.14	  7.2537776E-5
3.15	  6.973921E-5
3.16	  6.7047986E-5
3.17	  6.446001E-5
3.18	  6.1971354E-5
3.19	  5.9578248E-5
3.2	  5.727704E-5
3.21	  5.5064236E-5
3.22	  5.293646E-5
3.23	  5.0890467E-5
3.24	  4.8923142E-5
3.25	  4.703148E-5
3.26	  4.5212593E-5
3.27	  4.3463697E-5
3.28	  4.178212E-5
3.29	  4.016529E-5
3.3	  3.8610728E-5
3.31	  3.711605E-5
3.32	  3.5678968E-5
3.33	  3.429727E-5
3.34	  3.2968845E-5
3.35	  3.1691645E-5
3.36	  3.0463709E-5
3.37	  2.9283145E-5
3.38	  2.8148139E-5
3.39	  2.7056944E-5
3.4	  2.6007876E-5
3.41	  2.4999319E-5
3.42	  2.4029718E-5
3.43	  2.3097575E-5
3.44	  2.2201451E-5
3.45	  2.1339963E-5
3.46	  2.051178E-5
3.47	  1.9715617E-5
3.48	  1.8950246E-5
3.49	  1.821448E-5
3.5	  1.750718E-5
3.51	  1.682725E-5
3.52	  1.6173639E-5
3.53	  1.5545329E-5
3.54	  1.4941345E-5
3.55	  1.4360752E-5
3.56	  1.3802647E-5
3.57	  1.32661635E-5
3.58	  1.2750466E-5
3.59	  1.2254754E-5
3.6	  1.1778256E-5
3.61	  1.132023E-5
3.62	  1.0879963E-5
3.63	  1.045677E-5
3.64	  1.004999E-5
3.65	  9.65899E-6
3.66	  9.28316E-6
3.67	  8.921913E-6
3.68	  8.574687E-6
3.69	  8.240938E-6
3.7	  7.920145E-6
3.71	  7.611809E-6
3.72	  7.3154456E-6
3.73	  7.0305923E-6
3.74	  6.7568035E-6
3.75	  6.493651E-6
3.76	  6.2407235E-6
3.77	  5.997624E-6
3.78	  5.7639727E-6
3.79	  5.539403E-6
3.8	  5.323563E-6
3.81	  5.116115E-6
3.82	  4.9167334E-6
3.83	  4.725105E-6
3.84	  4.54093E-6
3.85	  4.363919E-6
3.86	  4.193794E-6
3.87	  4.030288E-6
3.88	  3.873144E-6
3.89	  3.7221157E-6
3.9	  3.5769651E-6
3.91	  3.4374643E-6
3.92	  3.303394E-6
3.93	  3.1745433E-6
3.94	  3.0507094E-6
3.95	  2.9316977E-6
3.96	  2.8173208E-6
3.97	  2.7073986E-6
3.98	  2.6017578E-6
3.99	  2.5002325E-6
4.0	  2.4026624E-6


