
X-Axis: Normalized Distance Along Strike
Y-Axis: Hypocenter Density
Number of Data Sets: 4


DATASET #1

     Name: 
   Points: 31
     Info: 

Data[x,y]:
0.05	  0.035596028
0.15	  0.037665565
0.25	  0.037665565
0.35	  0.03062914
0.45	  0.035596028
0.55	  0.027317882
0.65	  0.038493376
0.75	  0.0513245
0.85	  0.043460265
0.95	  0.05008278
1.05	  0.03518212
1.15	  0.02442053
1.25	  0.023178808
1.35	  0.01655629
1.45	  0.012831125
1.55	  0.012831125
1.65	  0.01655629
1.75	  0.023178808
1.85	  0.02442053
1.95	  0.03518212
2.05	  0.05008278
2.15	  0.043460265
2.25	  0.0513245
2.35	  0.038493376
2.45	  0.027317882
2.55	  0.035596028
2.65	  0.03062914
2.75	  0.037665565
2.85	  0.037665565
2.95	  0.035596028
3.05	  0.0



DATASET #2

     Name: 
   Points: 31
     Info: 

Data[x,y]:
0.05	  0.0
0.15	  0.0
0.25	  0.0
0.35	  0.0
0.45	  0.0
0.55	  0.0
0.65	  0.0
0.75	  0.0
0.85	  0.0
0.95	  0.0
1.05	  0.012003311
1.15	  0.01076159
1.25	  0.01531457
1.35	  0.011589404
1.45	  0.007864239
1.55	  0.007864239
1.65	  0.011589404
1.75	  0.01531457
1.85	  0.01076159
1.95	  0.012003311
2.05	  0.0
2.15	  0.0
2.25	  0.0
2.35	  0.0
2.45	  0.0
2.55	  0.0
2.65	  0.0
2.75	  0.0
2.85	  0.0
2.95	  0.0
3.05	  0.0



DATASET #3

Name: 
Num Points: 4
Info: 

X, Y Data:
0.021	  7.185431E-4
0.021	  0.07113576
2.979	  0.07113576
2.979	  7.185431E-4



DATASET #4

Name: 
Num Points: 4
Info: 

X, Y Data:
1.0	  7.185431E-4
1.0	  0.06395033
2.0	  0.06395033
2.0	  7.185431E-4


