
X-Axis: Period (s)
Y-Axis: PSA (g)
Number of Data Sets: 16


DATASET #1

Name: ASK2014 ±σ
Num Points: 22
Info: 

X, Y Data:
0.01	0.0150740985	[0.008133971	0.027935732]
0.02	0.015179127	[0.008190644	0.028130375]
0.03	0.015588346	[0.008411459	0.02888875]
0.05	0.017152019	[0.009174919	0.032064777]
0.075	0.019457508	[0.010325927	0.03666447]
0.1	0.020808809	[0.0109949745	0.039382223]
0.15	0.02363762	[0.0125686545	0.04445481]
0.2	0.027625293	[0.014749365	0.051741667]
0.25	0.030666018	[0.016386244	0.05738988]
0.3	0.031829268	[0.016924337	0.059860677]
0.4	0.0360148	[0.019071242	0.0680116]
0.5	0.036869988	[0.019395474	0.07008831]
0.75	0.029991183	[0.015568238	0.057776038]
1.0	0.022865877	[0.011701319	0.044682845]
1.5	0.0155373085	[0.007877396	0.03064565]
2.0	0.012121428	[0.0060883397	0.024132852]
3.0	0.008533847	[0.00432665	0.016832083]
4.0	0.0064732987	[0.003312628	0.012649654]
5.0	0.005203908	[0.002656299	0.010194882]
6.0	0.0047403444	[0.002413548	0.009310302]
7.5	0.0042906217	[0.0021771851	0.008455613]
10.0	0.0036735418	[0.0018482903	0.007301293]



DATASET #2

Name: 
Num Points: 22
Info: 

X, Y Data:
0.01	0.027935732
0.02	0.028130375
0.03	0.02888875
0.05	0.032064777
0.075	0.03666447
0.1	0.039382223
0.15	0.04445481
0.2	0.051741667
0.25	0.05738988
0.3	0.059860677
0.4	0.0680116
0.5	0.07008831
0.75	0.057776038
1.0	0.044682845
1.5	0.03064565
2.0	0.024132852
3.0	0.016832083
4.0	0.012649654
5.0	0.010194882
6.0	0.009310302
7.5	0.008455613
10.0	0.007301293



DATASET #3

Name: 
Num Points: 22
Info: 

X, Y Data:
0.01	0.008133971
0.02	0.008190644
0.03	0.008411459
0.05	0.009174919
0.075	0.010325927
0.1	0.0109949745
0.15	0.0125686545
0.2	0.014749365
0.25	0.016386244
0.3	0.016924337
0.4	0.019071242
0.5	0.019395474
0.75	0.015568238
1.0	0.011701319
1.5	0.007877396
2.0	0.0060883397
3.0	0.00432665
4.0	0.003312628
5.0	0.002656299
6.0	0.002413548
7.5	0.0021771851
10.0	0.0018482903



DATASET #4

Name: BSSA2014 ±σ
Num Points: 21
Info: 

X, Y Data:
0.01	0.013943182	[0.00728	0.026704993]
0.02	0.013668095	[0.007131224	0.026197018]
0.03	0.013786412	[0.007084462	0.026828451]
0.05	0.014095651	[0.0069206026	0.028709548]
0.075	0.016182128	[0.0076705143	0.034138687]
0.1	0.018995853	[0.00893703	0.040376104]
0.15	0.024104692	[0.011637077	0.049929734]
0.2	0.026961505	[0.013436612	0.054100156]
0.25	0.02799194	[0.014099876	0.055571314]
0.3	0.02799948	[0.014174958	0.055306744]
0.4	0.026184468	[0.013226992	0.05183539]
0.5	0.023441251	[0.011653741	0.047151573]
0.75	0.017693972	[0.008539827	0.03666077]
1.0	0.013582295	[0.006490812	0.028421517]
1.5	0.009619778	[0.004589464	0.020163605]
2.0	0.007299873	[0.0034508202	0.015442167]
3.0	0.005155749	[0.0023866699	0.011137589]
4.0	0.004390173	[0.0020641743	0.009337205]
5.0	0.0040038796	[0.0019159387	0.008367205]
7.5	0.0031454125	[0.001538243	0.006431767]
10.0	0.0022108916	[0.0011118376	0.004396363]



DATASET #5

Name: 
Num Points: 21
Info: 

X, Y Data:
0.01	0.026704993
0.02	0.026197018
0.03	0.026828451
0.05	0.028709548
0.075	0.034138687
0.1	0.040376104
0.15	0.049929734
0.2	0.054100156
0.25	0.055571314
0.3	0.055306744
0.4	0.05183539
0.5	0.047151573
0.75	0.03666077
1.0	0.028421517
1.5	0.020163605
2.0	0.015442167
3.0	0.011137589
4.0	0.009337205
5.0	0.008367205
7.5	0.006431767
10.0	0.004396363



DATASET #6

Name: 
Num Points: 21
Info: 

X, Y Data:
0.01	0.00728
0.02	0.007131224
0.03	0.007084462
0.05	0.0069206026
0.075	0.0076705143
0.1	0.00893703
0.15	0.011637077
0.2	0.013436612
0.25	0.014099876
0.3	0.014174958
0.4	0.013226992
0.5	0.011653741
0.75	0.008539827
1.0	0.006490812
1.5	0.004589464
2.0	0.0034508202
3.0	0.0023866699
4.0	0.0020641743
5.0	0.0019159387
7.5	0.001538243
10.0	0.0011118376



DATASET #7

Name: CB2014 ±σ
Num Points: 21
Info: 

X, Y Data:
0.01	0.015011757	[0.008324411	0.027071325]
0.02	0.015320091	[0.008462407	0.027735038]
0.03	0.017039547	[0.00926647	0.03133298]
0.05	0.019866457	[0.01046284	0.0377217]
0.075	0.019837905	[0.010074295	0.039064016]
0.1	0.018948607	[0.0095129525	0.037743244]
0.15	0.018057529	[0.009270888	0.03517186]
0.2	0.018661838	[0.009769045	0.035649765]
0.25	0.020646604	[0.010996378	0.0387657]
0.3	0.022503594	[0.011838026	0.042778395]
0.4	0.022590624	[0.01180383	0.04323481]
0.5	0.021836683	[0.01122779	0.04246968]
0.75	0.01858393	[0.009118292	0.037875783]
1.0	0.013802135	[0.0067154556	0.028367242]
1.5	0.010523584	[0.005106748	0.021686172]
2.0	0.007631223	[0.0037475089	0.015539807]
3.0	0.0049458155	[0.0024249712	0.010087168]
4.0	0.0036924896	[0.0018644724	0.007312781]
5.0	0.0027120973	[0.0013556682	0.0054257163]
7.5	0.001491191	[7.405247E-4	0.0030028042]
10.0	8.8613096E-4	[4.4108205E-4	0.0017802314]



DATASET #8

Name: 
Num Points: 21
Info: 

X, Y Data:
0.01	0.027071325
0.02	0.027735038
0.03	0.03133298
0.05	0.0377217
0.075	0.039064016
0.1	0.037743244
0.15	0.03517186
0.2	0.035649765
0.25	0.0387657
0.3	0.042778395
0.4	0.04323481
0.5	0.04246968
0.75	0.037875783
1.0	0.028367242
1.5	0.021686172
2.0	0.015539807
3.0	0.010087168
4.0	0.007312781
5.0	0.0054257163
7.5	0.0030028042
10.0	0.0017802314



DATASET #9

Name: 
Num Points: 21
Info: 

X, Y Data:
0.01	0.008324411
0.02	0.008462407
0.03	0.00926647
0.05	0.01046284
0.075	0.010074295
0.1	0.0095129525
0.15	0.009270888
0.2	0.009769045
0.25	0.010996378
0.3	0.011838026
0.4	0.01180383
0.5	0.01122779
0.75	0.009118292
1.0	0.0067154556
1.5	0.005106748
2.0	0.0037475089
3.0	0.0024249712
4.0	0.0018644724
5.0	0.0013556682
7.5	7.405247E-4
10.0	4.4108205E-4



DATASET #10

Name: CY2014 ±σ
Num Points: 24
Info: 

X, Y Data:
0.01	0.018172175	[0.010432402	0.03165407]
0.02	0.018237546	[0.010451366	0.031824365]
0.03	0.019043619	[0.010778201	0.033647493]
0.04	0.020829711	[0.011681378	0.03714261]
0.05	0.022553988	[0.012557015	0.040509816]
0.075	0.025576131	[0.014050533	0.046556138]
0.1	0.027075326	[0.014730342	0.04976621]
0.12	0.027752073	[0.01500494	0.051328264]
0.15	0.028232023	[0.015148213	0.05261658]
0.17	0.028360981	[0.015154329	0.053076934]
0.2	0.028335473	[0.015057864	0.053320907]
0.25	0.027692733	[0.01460839	0.052496374]
0.3	0.027099473	[0.014209301	0.05168315]
0.4	0.024923664	[0.01294807	0.047975414]
0.5	0.02285701	[0.01179098	0.044308692]
0.75	0.018362306	[0.009352683	0.036051072]
1.0	0.01483862	[0.007492185	0.029388577]
1.5	0.011033797	[0.0055049662	0.022115426]
2.0	0.008725251	[0.0043475097	0.017511174]
3.0	0.006167336	[0.0030904158	0.01230774]
4.0	0.0043362384	[0.002181386	0.008619731]
5.0	0.0031290592	[0.001579181	0.006200057]
7.5	0.0016592757	[8.424306E-4	0.0032681576]
10.0	0.0010332373	[5.268278E-4	0.0020264294]



DATASET #11

Name: 
Num Points: 24
Info: 

X, Y Data:
0.01	0.03165407
0.02	0.031824365
0.03	0.033647493
0.04	0.03714261
0.05	0.040509816
0.075	0.046556138
0.1	0.04976621
0.12	0.051328264
0.15	0.05261658
0.17	0.053076934
0.2	0.053320907
0.25	0.052496374
0.3	0.05168315
0.4	0.047975414
0.5	0.044308692
0.75	0.036051072
1.0	0.029388577
1.5	0.022115426
2.0	0.017511174
3.0	0.01230774
4.0	0.008619731
5.0	0.006200057
7.5	0.0032681576
10.0	0.0020264294



DATASET #12

Name: 
Num Points: 24
Info: 

X, Y Data:
0.01	0.010432402
0.02	0.010451366
0.03	0.010778201
0.04	0.011681378
0.05	0.012557015
0.075	0.014050533
0.1	0.014730342
0.12	0.01500494
0.15	0.015148213
0.17	0.015154329
0.2	0.015057864
0.25	0.01460839
0.3	0.014209301
0.4	0.01294807
0.5	0.01179098
0.75	0.009352683
1.0	0.007492185
1.5	0.0055049662
2.0	0.0043475097
3.0	0.0030904158
4.0	0.002181386
5.0	0.001579181
7.5	8.424306E-4
10.0	5.268278E-4



DATASET #13

Name: Psa5_N
Num Points: 63
Info: 

X, Y Data:
0.01	0.0058952
0.011	0.0058954
0.012	0.0058955
0.013	0.0058957
0.015	0.0058962
0.017	0.0058967
0.02	0.0058976
0.022	0.0058982
0.025	0.0058993
0.029	0.005901
0.032	0.0059025
0.035	0.0059041
0.04	0.005907
0.045	0.0059104
0.05	0.0059142
0.055	0.0059184
0.06	0.005923
0.065	0.0059281
0.075	0.0059395
0.085	0.0059526
0.1	0.0059759
0.11	0.0059939
0.12	0.0060138
0.13	0.006036
0.15	0.0060871
0.17	0.0061492
0.2	0.0062652
0.22	0.0063567
0.24	0.0064567
0.26	0.0066582
0.28	0.0071844
0.3	0.0077541
0.35	0.0093389
0.4	0.0095951
0.45	0.013392
0.5	0.014209
0.55	0.015475
0.6	0.018307
0.65	0.024325
0.75	0.021787
0.85	0.023639
1.0	0.016884
1.1	0.021052
1.2	0.022934
1.3	0.017753
1.5	0.013902
1.7	0.010156
2.0	0.0081405
2.2	0.0091776
2.4	0.0078352
2.6	0.0064935
2.8	0.0046707
3.0	0.003819
3.5	0.0061955
4.0	0.0049387
4.4	0.0034079
5.0	0.0022794
5.5	0.0016892
6.0	0.001351
6.5	0.0011165
7.5	0.0013251
8.5	9.3601E-4
10.0	9.4434E-4



DATASET #14

Name: Psa5_E
Num Points: 63
Info: 

X, Y Data:
0.01	0.0021282
0.011	0.0021282
0.012	0.0021283
0.013	0.0021284
0.015	0.0021286
0.017	0.0021288
0.02	0.0021291
0.022	0.0021294
0.025	0.0021299
0.029	0.0021306
0.032	0.0021312
0.035	0.0021318
0.04	0.0021331
0.045	0.0021345
0.05	0.002136
0.055	0.0021377
0.06	0.0021396
0.065	0.0021417
0.075	0.0021464
0.085	0.0021518
0.1	0.0021612
0.11	0.0021684
0.12	0.0021764
0.13	0.0021852
0.15	0.0022053
0.17	0.0022288
0.2	0.0022712
0.22	0.002304
0.24	0.0023396
0.26	0.0023915
0.28	0.0024271
0.3	0.0026369
0.35	0.0032569
0.4	0.0039619
0.45	0.0040361
0.5	0.0057484
0.55	0.0062137
0.6	0.0073234
0.65	0.0076405
0.75	0.0087121
0.85	0.0078791
1.0	0.0073656
1.1	0.008315
1.2	0.0075012
1.3	0.0073691
1.5	0.005606
1.7	0.0062476
2.0	0.0041539
2.2	0.0040536
2.4	0.0034436
2.6	0.0024062
2.8	0.0030075
3.0	0.0025964
3.5	0.0025666
4.0	0.0021771
4.4	0.0016364
5.0	0.0015743
5.5	0.0015949
6.0	0.0014991
6.5	0.0011085
7.5	8.4213E-4
8.5	8.2329E-4
10.0	7.2693E-4



DATASET #15

Name: RotD50
Num Points: 63
Info: 

X, Y Data:
0.01	0.0050016
0.011	0.0050018
0.012	0.0050019
0.013	0.0050021
0.015	0.0050025
0.017	0.005003
0.02	0.0050038
0.022	0.0050044
0.025	0.0050054
0.029	0.005007
0.032	0.0050083
0.035	0.0050097
0.04	0.0050125
0.045	0.0050155
0.05	0.005019
0.055	0.0050229
0.06	0.0050271
0.065	0.0050317
0.075	0.0050421
0.085	0.0050541
0.1	0.0050745
0.11	0.0050895
0.12	0.0051063
0.13	0.0051249
0.15	0.0051701
0.17	0.0052243
0.2	0.0053232
0.22	0.0054006
0.24	0.0054802
0.26	0.0055607
0.28	0.0059659
0.3	0.006397
0.35	0.0075589
0.4	0.0076037
0.45	0.0096689
0.5	0.010904
0.55	0.011788
0.6	0.014072
0.65	0.017467
0.75	0.017046
0.85	0.016936
1.0	0.013791
1.1	0.01704
1.2	0.018133
1.3	0.014211
1.5	0.01004
1.7	0.0083888
2.0	0.0072909
2.2	0.0065946
2.4	0.0056631
2.6	0.0049515
2.8	0.0038898
3.0	0.0033204
3.5	0.0046827
4.0	0.0036681
4.4	0.002585
5.0	0.0018972
5.5	0.0016364
6.0	0.0013568
6.5	0.0010545
7.5	9.9354E-4
8.5	8.9048E-4
10.0	9.0976E-4



DATASET #16

Name: RotD100
Num Points: 63
Info: 

X, Y Data:
0.01	0.0061853
0.011	0.0061855
0.012	0.0061857
0.013	0.006186
0.015	0.0061865
0.017	0.0061871
0.02	0.0061881
0.022	0.0061889
0.025	0.0061902
0.029	0.0061922
0.032	0.0061939
0.035	0.0061958
0.04	0.0061993
0.045	0.0062033
0.05	0.0062078
0.055	0.0062127
0.06	0.0062181
0.065	0.0062241
0.075	0.0062374
0.085	0.0062528
0.1	0.0062799
0.11	0.0063006
0.12	0.0063236
0.13	0.0063489
0.15	0.0064069
0.17	0.0064755
0.2	0.0066
0.22	0.0066985
0.24	0.0068071
0.26	0.0069191
0.28	0.0073613
0.3	0.0077581
0.35	0.0098872
0.4	0.010079
0.45	0.013525
0.5	0.014311
0.55	0.016034
0.6	0.018334
0.65	0.024525
0.75	0.023445
0.85	0.023844
1.0	0.017118
1.1	0.021141
1.2	0.022941
1.3	0.017982
1.5	0.014082
1.7	0.011518
2.0	0.0084036
2.2	0.0093069
2.4	0.0080084
2.6	0.0065029
2.8	0.0048237
3.0	0.0041782
3.5	0.0065011
4.0	0.0050821
4.4	0.0035171
5.0	0.0025319
5.5	0.0021729
6.0	0.0016246
6.5	0.0011609
7.5	0.0013495
8.5	0.0010914
10.0	9.9895E-4


