
X-Axis: Period (s)
Y-Axis: PSA (g)
Number of Data Sets: 16


DATASET #1

Name: ASK2014 ±σ
Num Points: 22
Info: 

X, Y Data:
0.01	0.032166123	[0.017356813	0.05961114]
0.02	0.0326086	[0.017595572	0.06043115]
0.03	0.033940736	[0.018314393	0.0628999]
0.05	0.03858858	[0.020648047	0.07211716]
0.075	0.04645534	[0.024670834	0.087475695]
0.1	0.05176741	[0.027364098	0.0979336]
0.15	0.058868658	[0.03130179	0.110713124]
0.2	0.0647628	[0.03457738	0.12129954]
0.25	0.06632247	[0.035439104	0.124119096]
0.3	0.06436509	[0.03422436	0.12105015]
0.4	0.06324521	[0.033490807	0.11943445]
0.5	0.06013428	[0.031633664	0.11431276]
0.75	0.04666777	[0.02422495	0.08990238]
1.0	0.035580438	[0.018207833	0.06952873]
1.5	0.02369438	[0.012013022	0.046734586]
2.0	0.018116299	[0.009099439	0.03606819]
3.0	0.0125285145	[0.0063519417	0.024711132]
4.0	0.0093084555	[0.004763483	0.018189913]
5.0	0.0074726054	[0.0038143403	0.014639447]
6.0	0.006688577	[0.0034054916	0.013136742]
7.5	0.005904042	[0.0029958813	0.011635213]
10.0	0.0048780744	[0.002454334	0.009695344]



DATASET #2

Name: 
Num Points: 22
Info: 

X, Y Data:
0.01	0.05961114
0.02	0.06043115
0.03	0.0628999
0.05	0.07211716
0.075	0.087475695
0.1	0.0979336
0.15	0.110713124
0.2	0.12129954
0.25	0.124119096
0.3	0.12105015
0.4	0.11943445
0.5	0.11431276
0.75	0.08990238
1.0	0.06952873
1.5	0.046734586
2.0	0.03606819
3.0	0.024711132
4.0	0.018189913
5.0	0.014639447
6.0	0.013136742
7.5	0.011635213
10.0	0.009695344



DATASET #3

Name: 
Num Points: 22
Info: 

X, Y Data:
0.01	0.017356813
0.02	0.017595572
0.03	0.018314393
0.05	0.020648047
0.075	0.024670834
0.1	0.027364098
0.15	0.03130179
0.2	0.03457738
0.25	0.035439104
0.3	0.03422436
0.4	0.033490807
0.5	0.031633664
0.75	0.02422495
1.0	0.018207833
1.5	0.012013022
2.0	0.009099439
3.0	0.0063519417
4.0	0.004763483
5.0	0.0038143403
6.0	0.0034054916
7.5	0.0029958813
10.0	0.002454334



DATASET #4

Name: BSSA2014 ±σ
Num Points: 21
Info: 

X, Y Data:
0.01	0.031202544	[0.016999591	0.05727189]
0.02	0.030720491	[0.016697207	0.056521345]
0.03	0.031629443	[0.016844241	0.05939251]
0.05	0.035358597	[0.017765433	0.07037433]
0.075	0.042358078	[0.02048949	0.087567165]
0.1	0.048757464	[0.02354813	0.100954525]
0.15	0.0581165	[0.02917754	0.11575778]
0.2	0.060706627	[0.03186585	0.11565028]
0.25	0.05906215	[0.031561226	0.11052605]
0.3	0.05595515	[0.030175027	0.10376059]
0.4	0.048815243	[0.026149057	0.09112863]
0.5	0.04203281	[0.02201787	0.08024198]
0.75	0.029930497	[0.0151588665	0.05909641]
1.0	0.022295944	[0.011156214	0.044558942]
1.5	0.015138833	[0.00755888	0.03031987]
2.0	0.011260592	[0.0055911858	0.02267872]
3.0	0.007945405	[0.0039134887	0.016131248]
4.0	0.0067401347	[0.0033203987	0.0136819165]
5.0	0.0061209057	[0.0030199299	0.012406079]
7.5	0.004740872	[0.002380054	0.009443428]
10.0	0.0033180641	[0.0017329319	0.0063531343]



DATASET #5

Name: 
Num Points: 21
Info: 

X, Y Data:
0.01	0.05727189
0.02	0.056521345
0.03	0.05939251
0.05	0.07037433
0.075	0.087567165
0.1	0.100954525
0.15	0.11575778
0.2	0.11565028
0.25	0.11052605
0.3	0.10376059
0.4	0.09112863
0.5	0.08024198
0.75	0.05909641
1.0	0.044558942
1.5	0.03031987
2.0	0.02267872
3.0	0.016131248
4.0	0.0136819165
5.0	0.012406079
7.5	0.009443428
10.0	0.0063531343



DATASET #6

Name: 
Num Points: 21
Info: 

X, Y Data:
0.01	0.016999591
0.02	0.016697207
0.03	0.016844241
0.05	0.017765433
0.075	0.02048949
0.1	0.02354813
0.15	0.02917754
0.2	0.03186585
0.25	0.031561226
0.3	0.030175027
0.4	0.026149057
0.5	0.02201787
0.75	0.0151588665
1.0	0.011156214
1.5	0.00755888
2.0	0.0055911858
3.0	0.0039134887
4.0	0.0033203987
5.0	0.0030199299
7.5	0.002380054
10.0	0.0017329319



DATASET #7

Name: CB2014 ±σ
Num Points: 21
Info: 

X, Y Data:
0.01	0.03331077	[0.018471913	0.060069975]
0.02	0.034100685	[0.018836536	0.061734103]
0.03	0.038733464	[0.021070207	0.07120391]
0.05	0.048100296	[0.02536462	0.09121518]
0.075	0.05151378	[0.026200958	0.1012814]
0.1	0.050593536	[0.025432408	0.100647405]
0.15	0.04766496	[0.024474863	0.09282783]
0.2	0.045744494	[0.023946196	0.08738585]
0.25	0.04712778	[0.025100248	0.088486284]
0.3	0.047960985	[0.0252299	0.09117184]
0.4	0.04445641	[0.023228925	0.0850824]
0.5	0.039910562	[0.020520857	0.07762117]
0.75	0.030627131	[0.015027345	0.062420953]
1.0	0.021805009	[0.010609268	0.04481538]
1.5	0.015874265	[0.007703257	0.032712433]
2.0	0.011731367	[0.0057609905	0.023889117]
3.0	0.0076810843	[0.0037660943	0.015665848]
4.0	0.0058196113	[0.0029385337	0.0115254335]
5.0	0.0043438836	[0.0021713325	0.0086902045]
7.5	0.002315232	[0.0011497431	0.0046621715]
10.0	0.001346561	[6.7026645E-4	0.0027052322]



DATASET #8

Name: 
Num Points: 21
Info: 

X, Y Data:
0.01	0.060069975
0.02	0.061734103
0.03	0.07120391
0.05	0.09121518
0.075	0.1012814
0.1	0.100647405
0.15	0.09282783
0.2	0.08738585
0.25	0.088486284
0.3	0.09117184
0.4	0.0850824
0.5	0.07762117
0.75	0.062420953
1.0	0.04481538
1.5	0.032712433
2.0	0.023889117
3.0	0.015665848
4.0	0.0115254335
5.0	0.0086902045
7.5	0.0046621715
10.0	0.0027052322



DATASET #9

Name: 
Num Points: 21
Info: 

X, Y Data:
0.01	0.018471913
0.02	0.018836536
0.03	0.021070207
0.05	0.02536462
0.075	0.026200958
0.1	0.025432408
0.15	0.024474863
0.2	0.023946196
0.25	0.025100248
0.3	0.0252299
0.4	0.023228925
0.5	0.020520857
0.75	0.015027345
1.0	0.010609268
1.5	0.007703257
2.0	0.0057609905
3.0	0.0037660943
4.0	0.0029385337
5.0	0.0021713325
7.5	0.0011497431
10.0	6.7026645E-4



DATASET #10

Name: CY2014 ±σ
Num Points: 24
Info: 

X, Y Data:
0.01	0.035512105	[0.020389684	0.06185038]
0.02	0.035836298	[0.020538902	0.06252721]
0.03	0.038878065	[0.022006536	0.068684325]
0.04	0.04376985	[0.024550375	0.07803547]
0.05	0.048849635	[0.02720421	0.08771756]
0.075	0.058665603	[0.03224468	0.10673553]
0.1	0.06357187	[0.034606382	0.11678141]
0.12	0.0656416	[0.03551096	0.12133772]
0.15	0.066674545	[0.035793606	0.12419802]
0.17	0.066389956	[0.035491765	0.12418729]
0.2	0.06491859	[0.03451316	0.12211062]
0.25	0.0609274	[0.032150805	0.11546049]
0.3	0.05704164	[0.029916907	0.10875953]
0.4	0.049124688	[0.025525134	0.09454348]
0.5	0.04280899	[0.022086088	0.08297575]
0.75	0.03157205	[0.016081847	0.061982583]
1.0	0.024124138	[0.012180934	0.047777455]
1.5	0.016481645	[0.008223218	0.033033863]
2.0	0.012476554	[0.006217082	0.025038177]
3.0	0.008290165	[0.004154418	0.01654307]
4.0	0.005730836	[0.0028829747	0.0113918735]
5.0	0.0041144686	[0.0020764996	0.00815259]
7.5	0.0021743341	[0.0011039308	0.0042826314]
10.0	0.001352173	[6.89447E-4	0.0026519396]



DATASET #11

Name: 
Num Points: 24
Info: 

X, Y Data:
0.01	0.06185038
0.02	0.06252721
0.03	0.068684325
0.04	0.07803547
0.05	0.08771756
0.075	0.10673553
0.1	0.11678141
0.12	0.12133772
0.15	0.12419802
0.17	0.12418729
0.2	0.12211062
0.25	0.11546049
0.3	0.10875953
0.4	0.09454348
0.5	0.08297575
0.75	0.061982583
1.0	0.047777455
1.5	0.033033863
2.0	0.025038177
3.0	0.01654307
4.0	0.0113918735
5.0	0.00815259
7.5	0.0042826314
10.0	0.0026519396



DATASET #12

Name: 
Num Points: 24
Info: 

X, Y Data:
0.01	0.020389684
0.02	0.020538902
0.03	0.022006536
0.04	0.024550375
0.05	0.02720421
0.075	0.03224468
0.1	0.034606382
0.12	0.03551096
0.15	0.035793606
0.17	0.035491765
0.2	0.03451316
0.25	0.032150805
0.3	0.029916907
0.4	0.025525134
0.5	0.022086088
0.75	0.016081847
1.0	0.012180934
1.5	0.008223218
2.0	0.006217082
3.0	0.004154418
4.0	0.0028829747
5.0	0.0020764996
7.5	0.0011039308
10.0	6.89447E-4



DATASET #13

Name: Psa5_N
Num Points: 63
Info: 

X, Y Data:
0.01	0.01475
0.011	0.01475
0.012	0.01475
0.013	0.014751
0.015	0.014752
0.017	0.014753
0.02	0.014756
0.022	0.014757
0.025	0.01476
0.029	0.014765
0.032	0.014768
0.035	0.014772
0.04	0.01478
0.045	0.014789
0.05	0.014799
0.055	0.014809
0.06	0.014821
0.065	0.014834
0.075	0.014863
0.085	0.014896
0.1	0.014954
0.11	0.014997
0.12	0.015046
0.13	0.015098
0.15	0.015215
0.17	0.015349
0.2	0.015573
0.22	0.015724
0.24	0.015826
0.26	0.016008
0.28	0.016758
0.3	0.017666
0.35	0.02073
0.4	0.02548
0.45	0.029384
0.5	0.041337
0.55	0.036797
0.6	0.048167
0.65	0.045729
0.75	0.034683
0.85	0.039245
1.0	0.035748
1.1	0.036778
1.2	0.037447
1.3	0.032213
1.5	0.016752
1.7	0.023178
2.0	0.016556
2.2	0.014683
2.4	0.015182
2.6	0.013565
2.8	0.013198
3.0	0.012934
3.5	0.0094029
4.0	0.0088289
4.4	0.0074324
5.0	0.0068061
5.5	0.0063021
6.0	0.0053957
6.5	0.0047824
7.5	0.0055026
8.5	0.0058431
10.0	0.0060728



DATASET #14

Name: Psa5_E
Num Points: 63
Info: 

X, Y Data:
0.01	0.01101
0.011	0.01101
0.012	0.011011
0.013	0.011012
0.015	0.011013
0.017	0.011015
0.02	0.011018
0.022	0.011021
0.025	0.011025
0.029	0.011031
0.032	0.011036
0.035	0.011042
0.04	0.011052
0.045	0.011064
0.05	0.011078
0.055	0.011093
0.06	0.01111
0.065	0.011128
0.075	0.011169
0.085	0.011216
0.1	0.011299
0.11	0.011364
0.12	0.011436
0.13	0.011515
0.15	0.0117
0.17	0.011922
0.2	0.012342
0.22	0.012694
0.24	0.013125
0.26	0.013532
0.28	0.014728
0.3	0.018104
0.35	0.017935
0.4	0.019976
0.45	0.027022
0.5	0.033525
0.55	0.037243
0.6	0.034695
0.65	0.046129
0.75	0.03189
0.85	0.034836
1.0	0.02264
1.1	0.025784
1.2	0.025325
1.3	0.027388
1.5	0.013515
1.7	0.018001
2.0	0.020722
2.2	0.016552
2.4	0.013654
2.6	0.012795
2.8	0.010009
3.0	0.006967
3.5	0.0048742
4.0	0.0031837
4.4	0.0030312
5.0	0.0029974
5.5	0.0023128
6.0	0.0015227
6.5	0.0015563
7.5	0.0013654
8.5	0.0014395
10.0	0.0014236



DATASET #15

Name: RotD50
Num Points: 63
Info: 

X, Y Data:
0.01	0.012658
0.011	0.012659
0.012	0.012659
0.013	0.01266
0.015	0.012661
0.017	0.012663
0.02	0.012665
0.022	0.012667
0.025	0.01267
0.029	0.012675
0.032	0.012679
0.035	0.012684
0.04	0.012693
0.045	0.012702
0.05	0.012713
0.055	0.012726
0.06	0.012739
0.065	0.012754
0.075	0.012787
0.085	0.012825
0.1	0.012892
0.11	0.012944
0.12	0.013002
0.13	0.013066
0.15	0.013225
0.17	0.013411
0.2	0.013819
0.22	0.014153
0.24	0.014556
0.26	0.015025
0.28	0.016056
0.3	0.017653
0.35	0.018003
0.4	0.023879
0.45	0.028673
0.5	0.037833
0.55	0.035757
0.6	0.03905
0.65	0.04598
0.75	0.033354
0.85	0.03477
1.0	0.028214
1.1	0.031433
1.2	0.031927
1.3	0.029273
1.5	0.014804
1.7	0.020747
2.0	0.018609
2.2	0.014705
2.4	0.01482
2.6	0.01319
2.8	0.011835
3.0	0.010383
3.5	0.0076961
4.0	0.0065782
4.4	0.0056821
5.0	0.0051627
5.5	0.0047007
6.0	0.0039828
6.5	0.0034271
7.5	0.00414
8.5	0.0042369
10.0	0.0044018



DATASET #16

Name: RotD100
Num Points: 63
Info: 

X, Y Data:
0.01	0.015298
0.011	0.015298
0.012	0.015299
0.013	0.015299
0.015	0.0153
0.017	0.015302
0.02	0.015304
0.022	0.015306
0.025	0.015308
0.029	0.015313
0.032	0.015316
0.035	0.01532
0.04	0.015328
0.045	0.015337
0.05	0.015346
0.055	0.015357
0.06	0.015368
0.065	0.015381
0.075	0.015409
0.085	0.015442
0.1	0.015498
0.11	0.015541
0.12	0.015588
0.13	0.015639
0.15	0.015754
0.17	0.015885
0.2	0.016104
0.22	0.016253
0.24	0.016356
0.26	0.016439
0.28	0.017153
0.3	0.01986
0.35	0.023646
0.4	0.026596
0.45	0.03258
0.5	0.045775
0.55	0.039278
0.6	0.048242
0.65	0.050691
0.75	0.043818
0.85	0.039406
1.0	0.036476
1.1	0.038242
1.2	0.042588
1.3	0.037081
1.5	0.018107
1.7	0.027594
2.0	0.024656
2.2	0.016803
2.4	0.018335
2.6	0.018413
2.8	0.014307
3.0	0.013325
3.5	0.0094124
4.0	0.0088292
4.4	0.0074598
5.0	0.0068176
5.5	0.0063021
6.0	0.0053967
6.5	0.0047858
7.5	0.0055962
8.5	0.0059192
10.0	0.0060831


