
X-Axis: Normalized Interevent Time
Y-Axis: Probability
Number of Data Sets: 3


DATASET #1

     Name: Bruce 2342 Histogram
   Points: 41
     Info: 

Data[x,y]:
0.05	  0.034690265
0.15	  0.023462435
0.25	  0.021967713
0.35	  0.022685697
0.45	  0.023307087
0.55	  0.024914335
0.65	  0.028879676
0.75	  0.037860945
0.85	  0.061264627
0.95	  0.13881284
1.05	  0.1992161
1.15	  0.14173259
1.25	  0.08382684
1.35	  0.052348085
1.45	  0.03461558
1.55	  0.022498485
1.65	  0.014245156
1.75	  0.009167488
1.85	  0.0063015274
1.95	  0.004309894
2.05	  0.003214496
2.15	  0.002318261
2.25	  0.0017396916
2.35	  0.0013144779
2.45	  0.0010565614
2.55	  8.583939E-4
2.65	  6.980674E-4
2.75	  5.237995E-4
2.85	  4.4015094E-4
2.95	  3.0870314E-4
3.05	  2.8579935E-4
3.15	  2.0912148E-4
3.25	  1.8920515E-4
3.35	  1.3443523E-4
3.45	  1.2248543E-4
3.55	  9.559839E-5
3.65	  6.7715526E-5
3.75	  5.9748996E-5
3.85	  4.680338E-5
3.95	  4.1824296E-5
4.05	  1.6729718E-4



DATASET #2

     Name: Log-Normal Fit
   Points: 401
     Info: 

Data[x,y]:
0.005	  0.0
0.015	  1.5469584E-20
0.025	  1.1362791E-16
0.035	  3.5246325E-14
0.045	  2.1503825E-12
0.055	  4.918757E-11
0.065	  5.874861E-10
0.075	  4.441501E-9
0.085	  2.3990667E-8
0.095	  1.00354434E-7
0.105	  3.4381725E-7
0.115	  1.0043785E-6
0.125	  2.5773668E-6
0.135	  5.942363E-6
0.145	  1.2526195E-5
0.155	  2.4474586E-5
0.165	  4.4813576E-5
0.175	  7.758162E-5
0.185	  1.2791604E-4
0.195	  2.0208202E-4
0.205	  3.074387E-4
0.215	  4.5234198E-4
0.225	  6.459896E-4
0.235	  8.982178E-4
0.245	  0.0012192614
0.255	  0.0016194909
0.265	  0.0021091402
0.275	  0.0026980364
0.285	  0.003395346
0.295	  0.0042093433
0.305	  0.005147208
0.315	  0.006214862
0.325	  0.007416842
0.335	  0.008756209
0.345	  0.010234501
0.355	  0.0118517205
0.365	  0.013606351
0.375	  0.015495408
0.385	  0.017514518
0.395	  0.019658007
0.405	  0.021919021
0.415	  0.02428965
0.425	  0.02676106
0.435	  0.029323636
0.445	  0.031967115
0.455	  0.034680743
0.465	  0.037453387
0.475	  0.04027369
0.485	  0.04313018
0.495	  0.046011396
0.505	  0.048905972
0.515	  0.05180276
0.525	  0.054690905
0.535	  0.057559907
0.545	  0.06039971
0.555	  0.063200735
0.565	  0.06595394
0.575	  0.06865084
0.585	  0.07128356
0.595	  0.07384482
0.605	  0.07632797
0.615	  0.078727014
0.625	  0.08103655
0.635	  0.08325182
0.645	  0.08536867
0.655	  0.08738356
0.665	  0.08929351
0.675	  0.09109611
0.685	  0.09278948
0.695	  0.09437225
0.705	  0.09584354
0.715	  0.09720291
0.725	  0.09845038
0.735	  0.099586315
0.745	  0.1006115
0.755	  0.10152702
0.765	  0.1023343
0.775	  0.10303503
0.785	  0.10363117
0.795	  0.104124896
0.805	  0.10451859
0.815	  0.10481483
0.825	  0.10501633
0.835	  0.10512594
0.845	  0.10514665
0.855	  0.105081506
0.865	  0.104933664
0.875	  0.10470631
0.885	  0.10440268
0.895	  0.10402606
0.905	  0.103579715
0.915	  0.103066936
0.925	  0.10249099
0.935	  0.10185512
0.945	  0.10116256
0.955	  0.100416474
0.965	  0.09962001
0.975	  0.09877622
0.985	  0.09788815
0.995	  0.096958734
1.005	  0.09599087
1.015	  0.09498735
1.025	  0.093950905
1.035	  0.092884205
1.045	  0.091789804
1.055	  0.09067019
1.065	  0.08952776
1.075	  0.08836485
1.085	  0.087183654
1.095	  0.08598634
1.105	  0.08477495
1.115	  0.08355146
1.125	  0.08231775
1.135	  0.08107562
1.145	  0.079826795
1.155	  0.07857291
1.165	  0.07731551
1.175	  0.07605608
1.185	  0.07479601
1.195	  0.07353665
1.205	  0.07227923
1.215	  0.07102495
1.225	  0.0697749
1.235	  0.06853015
1.245	  0.06729166
1.255	  0.06606037
1.265	  0.06483713
1.275	  0.06362273
1.285	  0.062417928
1.295	  0.061223414
1.305	  0.06003982
1.315	  0.058867738
1.325	  0.05770771
1.335	  0.05656023
1.345	  0.055425752
1.355	  0.054304685
1.365	  0.053197403
1.375	  0.052104235
1.385	  0.05102548
1.395	  0.0499614
1.405	  0.04891222
1.415	  0.047878146
1.425	  0.046859343
1.435	  0.045855954
1.445	  0.044868093
1.455	  0.04389585
1.465	  0.0429393
1.475	  0.04199848
1.485	  0.041073415
1.495	  0.040164113
1.505	  0.03927056
1.515	  0.038392726
1.525	  0.037530564
1.535	  0.03668401
1.545	  0.035852995
1.555	  0.035037424
1.565	  0.034237202
1.575	  0.033452213
1.585	  0.03268234
1.595	  0.03192745
1.605	  0.031187404
1.615	  0.030462053
1.625	  0.029751243
1.635	  0.029054811
1.645	  0.028372591
1.655	  0.02770441
1.665	  0.02705009
1.675	  0.026409445
1.685	  0.025782295
1.695	  0.025168447
1.705	  0.024567708
1.715	  0.023979886
1.725	  0.023404785
1.735	  0.022842202
1.745	  0.02229194
1.755	  0.0217538
1.765	  0.021227578
1.775	  0.020713072
1.785	  0.020210082
1.795	  0.019718405
1.805	  0.019237839
1.815	  0.018768182
1.825	  0.018309237
1.835	  0.017860804
1.845	  0.017422682
1.855	  0.016994677
1.865	  0.016576594
1.875	  0.016168237
1.885	  0.015769415
1.895	  0.015379939
1.905	  0.01499962
1.915	  0.014628272
1.925	  0.0142657105
1.935	  0.013911754
1.945	  0.013566223
1.955	  0.01322894
1.965	  0.01289973
1.975	  0.012578422
1.985	  0.012264845
1.995	  0.011958832
2.005	  0.011660217
2.015	  0.01136884
2.025	  0.01108454
2.035	  0.010807159
2.045	  0.010536545
2.055	  0.010272544
2.065	  0.010015008
2.075	  0.009763789
2.085	  0.009518745
2.095	  0.009279734
2.105	  0.009046618
2.115	  0.00881926
2.125	  0.008597526
2.135	  0.008381286
2.145	  0.008170411
2.155	  0.007964776
2.165	  0.0077642566
2.175	  0.007568733
2.185	  0.007378086
2.195	  0.0071922
2.205	  0.007010961
2.215	  0.0068342583
2.225	  0.006661983
2.235	  0.006494028
2.245	  0.00633029
2.255	  0.0061706654
2.265	  0.006015056
2.275	  0.005863363
2.285	  0.0057154913
2.295	  0.0055713477
2.305	  0.005430841
2.315	  0.0052938815
2.325	  0.005160382
2.335	  0.005030257
2.345	  0.004903424
2.355	  0.0047798012
2.365	  0.0046593086
2.375	  0.0045418693
2.385	  0.0044274065
2.395	  0.0043158466
2.405	  0.0042071166
2.415	  0.0041011465
2.425	  0.003997867
2.435	  0.0038972106
2.445	  0.0037991116
2.455	  0.0037035055
2.465	  0.0036103297
2.475	  0.0035195234
2.485	  0.0034310264
2.495	  0.0033447803
2.505	  0.0032607287
2.515	  0.0031788158
2.525	  0.0030989875
2.535	  0.003021191
2.545	  0.002945375
2.555	  0.0028714887
2.565	  0.0027994835
2.575	  0.0027293114
2.585	  0.0026609257
2.595	  0.0025942812
2.605	  0.002529333
2.615	  0.0024660386
2.625	  0.0024043552
2.635	  0.002344242
2.645	  0.0022856586
2.655	  0.0022285662
2.665	  0.0021729267
2.675	  0.0021187025
2.685	  0.0020658579
2.695	  0.0020143574
2.705	  0.0019641663
2.715	  0.0019152516
2.725	  0.0018675801
2.735	  0.0018211203
2.745	  0.0017758408
2.755	  0.0017317114
2.765	  0.0016887028
2.775	  0.0016467862
2.785	  0.0016059334
2.795	  0.0015661172
2.805	  0.0015273109
2.815	  0.0014894888
2.825	  0.0014526253
2.835	  0.001416696
2.845	  0.0013816769
2.855	  0.0013475445
2.865	  0.0013142761
2.875	  0.0012818496
2.885	  0.0012502432
2.895	  0.001219436
2.905	  0.0011894072
2.915	  0.0011601371
2.925	  0.0011316062
2.935	  0.0011037954
2.945	  0.0010766862
2.955	  0.0010502606
2.965	  0.001024501
2.975	  9.993905E-4
2.985	  9.749123E-4
2.995	  9.5105026E-4
3.005	  9.2778844E-4
3.015	  9.0511155E-4
3.025	  8.830045E-4
3.035	  8.6145283E-4
3.045	  8.4044214E-4
3.055	  8.199587E-4
3.065	  7.9998886E-4
3.075	  7.805196E-4
3.085	  7.6153805E-4
3.095	  7.4303173E-4
3.105	  7.2498847E-4
3.115	  7.073964E-4
3.125	  6.902441E-4
3.135	  6.7352015E-4
3.145	  6.5721374E-4
3.155	  6.4131414E-4
3.165	  6.25811E-4
3.175	  6.106941E-4
3.185	  5.959537E-4
3.195	  5.815802E-4
3.205	  5.6756416E-4
3.215	  5.5389653E-4
3.225	  5.4056844E-4
3.235	  5.2757113E-4
3.245	  5.1489635E-4
3.255	  5.025358E-4
3.265	  4.9048144E-4
3.275	  4.7872562E-4
3.285	  4.6726063E-4
3.295	  4.5607917E-4
3.305	  4.45174E-4
3.315	  4.3453812E-4
3.325	  4.241647E-4
3.335	  4.1404707E-4
3.345	  4.0417878E-4
3.355	  3.945535E-4
3.365	  3.851651E-4
3.375	  3.7600758E-4
3.385	  3.6707506E-4
3.395	  3.5836193E-4
3.405	  3.498626E-4
3.415	  3.415717E-4
3.425	  3.3348394E-4
3.435	  3.255942E-4
3.445	  3.1789756E-4
3.455	  3.103891E-4
3.465	  3.0306407E-4
3.475	  2.9591788E-4
3.485	  2.8894603E-4
3.495	  2.8214414E-4
3.505	  2.7550798E-4
3.515	  2.6903333E-4
3.525	  2.6271617E-4
3.535	  2.5655256E-4
3.545	  2.5053867E-4
3.555	  2.446707E-4
3.565	  2.3894504E-4
3.575	  2.3335812E-4
3.585	  2.2790648E-4
3.595	  2.2258675E-4
3.605	  2.1739562E-4
3.615	  2.1232989E-4
3.625	  2.0738645E-4
3.635	  2.0256224E-4
3.645	  1.9785429E-4
3.655	  1.9325972E-4
3.665	  1.8877572E-4
3.675	  1.8439953E-4
3.685	  1.8012848E-4
3.695	  1.7595995E-4
3.705	  1.7189143E-4
3.715	  1.6792041E-4
3.725	  1.6404451E-4
3.735	  1.6026135E-4
3.745	  1.5656864E-4
3.755	  1.5296416E-4
3.765	  1.4944574E-4
3.775	  1.4601123E-4
3.785	  1.4265858E-4
3.795	  1.3938578E-4
3.805	  1.3619085E-4
3.815	  1.3307188E-4
3.825	  1.3002702E-4
3.835	  1.2705443E-4
3.845	  1.2415234E-4
3.855	  1.21319026E-4
3.865	  1.185528E-4
3.875	  1.1585203E-4
3.885	  1.132151E-4
3.895	  1.1064046E-4
3.905	  1.0812658E-4
3.915	  1.0567199E-4
3.925	  1.03275226E-4
3.935	  1.009349E-4
3.945	  9.8649616E-5
3.955	  9.641805E-5
3.965	  9.423889E-5
3.975	  9.211086E-5
3.985	  9.003272E-5
3.995	  8.800327E-5
4.005	  8.602131E-5



DATASET #3

     Name: BPT Fit
   Points: 401
     Info: Mean = 100.0, Aperiodicity = 0.5, Duration = 30.0, Delta T = 1.0, Num Points = 500, Historic Open Interval = 0.0
Computed mean = 0.9992414

Data[x,y]:
0.0	  0.0
0.01	  0.0
0.02	  0.0
0.03	  2.887661E-39
0.04	  6.885614E-29
0.05	  1.0626181E-22
0.06	  1.3362954E-18
0.07	  1.0837293E-15
0.08	  1.5916034E-13
0.09	  7.504416E-12
0.1	  1.6006922E-10
0.11	  1.9205313E-9
0.12	  1.4983828E-8
0.13	  8.4028486E-8
0.14	  3.637978E-7
0.15	  1.2812582E-6
0.16	  3.8173443E-6
0.17	  9.913227E-6
0.18	  2.2965516E-5
0.19	  4.833787E-5
0.2	  9.3797615E-5
0.21	  1.6979098E-4
0.22	  2.894958E-4
0.23	  4.6862644E-4
0.24	  7.250029E-4
0.25	  0.0010779261
0.26	  0.0015474203
0.27	  0.0021534113
0.28	  0.0029149074
0.29	  0.003849239
0.3	  0.004971402
0.31	  0.0062935315
0.32	  0.007824523
0.33	  0.009569806
0.34	  0.011531248
0.35	  0.0137072
0.36	  0.016092645
0.37	  0.01867943
0.38	  0.021456579
0.39	  0.02441063
0.4	  0.027526027
0.41	  0.030785508
0.42	  0.03417049
0.43	  0.037661456
0.44	  0.041238297
0.45	  0.044880662
0.46	  0.048568238
0.47	  0.052281022
0.48	  0.055999544
0.49	  0.059705082
0.5	  0.06337979
0.51	  0.06700685
0.52	  0.07057057
0.53	  0.07405646
0.54	  0.077451244
0.55	  0.08074295
0.56	  0.083920844
0.57	  0.08697548
0.58	  0.089898646
0.59	  0.09268334
0.6	  0.095323704
0.61	  0.09781502
0.62	  0.1001536
0.63	  0.10233676
0.64	  0.10436271
0.65	  0.106230564
0.66	  0.1079402
0.67	  0.109492235
0.68	  0.11088794
0.69	  0.112129174
0.7	  0.11321837
0.71	  0.11415839
0.72	  0.11495256
0.73	  0.11560452
0.74	  0.11611827
0.75	  0.11649805
0.76	  0.116748355
0.77	  0.11687383
0.78	  0.11687928
0.79	  0.1167696
0.8	  0.11654978
0.81	  0.11622487
0.82	  0.115799904
0.83	  0.115279935
0.84	  0.11466999
0.85	  0.113975056
0.86	  0.113200046
0.87	  0.11234979
0.88	  0.11142906
0.89	  0.1104425
0.9	  0.10939465
0.91	  0.108289935
0.92	  0.10713266
0.93	  0.105926976
0.94	  0.10467692
0.95	  0.10338639
0.96	  0.102059126
0.97	  0.10069875
0.98	  0.09930871
0.99	  0.09789234
1.0	  0.09645281
1.01	  0.09499315
1.02	  0.09351627
1.03	  0.092024915
1.04	  0.09052171
1.05	  0.08900914
1.06	  0.08748956
1.07	  0.0859652
1.08	  0.08443817
1.09	  0.08291043
1.1	  0.081383884
1.11	  0.079860255
1.12	  0.07834121
1.13	  0.07682826
1.14	  0.07532287
1.15	  0.07382636
1.16	  0.07233998
1.17	  0.070864886
1.18	  0.069402136
1.19	  0.06795273
1.2	  0.066517554
1.21	  0.06509745
1.22	  0.06369317
1.23	  0.06230541
1.24	  0.06093478
1.25	  0.059581846
1.26	  0.058247108
1.27	  0.05693101
1.28	  0.055633947
1.29	  0.05435626
1.3	  0.05309824
1.31	  0.051860142
1.32	  0.050642166
1.33	  0.04944449
1.34	  0.048267234
1.35	  0.047110498
1.36	  0.045974344
1.37	  0.044858806
1.38	  0.04376388
1.39	  0.042689547
1.4	  0.041635755
1.41	  0.04060244
1.42	  0.039589494
1.43	  0.03859681
1.44	  0.03762426
1.45	  0.036671683
1.46	  0.035738926
1.47	  0.034825798
1.48	  0.033932116
1.49	  0.033057667
1.5	  0.03220224
1.51	  0.031365607
1.52	  0.030547531
1.53	  0.029747773
1.54	  0.02896608
1.55	  0.0282022
1.56	  0.027455868
1.57	  0.026726818
1.58	  0.02601478
1.59	  0.025319481
1.6	  0.024640646
1.61	  0.023977991
1.62	  0.02333124
1.63	  0.02270011
1.64	  0.022084318
1.65	  0.021483582
1.66	  0.02089762
1.67	  0.020326147
1.68	  0.019768884
1.69	  0.019225553
1.7	  0.01869587
1.71	  0.018179562
1.72	  0.017676352
1.73	  0.01718597
1.74	  0.016708141
1.75	  0.0162426
1.76	  0.015789082
1.77	  0.015347324
1.78	  0.014917068
1.79	  0.014498059
1.8	  0.014090042
1.81	  0.013692768
1.82	  0.013305995
1.83	  0.012929477
1.84	  0.012562979
1.85	  0.012206265
1.86	  0.011859103
1.87	  0.011521269
1.88	  0.011192539
1.89	  0.010872692
1.9	  0.010561515
1.91	  0.010258796
1.92	  0.009964327
1.93	  0.009677906
1.94	  0.009399331
1.95	  0.009128408
1.96	  0.008864945
1.97	  0.008608754
1.98	  0.00835965
1.99	  0.008117454
2.0	  0.007881989
2.01	  0.007653082
2.02	  0.007430563
2.03	  0.007214268
2.04	  0.0070040347
2.05	  0.006799705
2.06	  0.0066011236
2.07	  0.0064081396
2.08	  0.0062206057
2.09	  0.0060383766
2.1	  0.005861312
2.11	  0.005689274
2.12	  0.005522128
2.13	  0.005359743
2.14	  0.00520199
2.15	  0.005048744
2.16	  0.0048998836
2.17	  0.0047552898
2.18	  0.0046148454
2.19	  0.004478438
2.2	  0.0043459563
2.21	  0.004217293
2.22	  0.0040923427
2.23	  0.0039710035
2.24	  0.0038531749
2.25	  0.00373876
2.26	  0.0036276637
2.27	  0.0035197937
2.28	  0.0034150602
2.29	  0.0033133752
2.3	  0.0032146533
2.31	  0.0031188116
2.32	  0.0030257688
2.33	  0.002935446
2.34	  0.0028477667
2.35	  0.002762656
2.36	  0.002680041
2.37	  0.0025998508
2.38	  0.0025220166
2.39	  0.0024464715
2.4	  0.0023731499
2.41	  0.0023019882
2.42	  0.002232925
2.43	  0.0021658998
2.44	  0.0021008544
2.45	  0.002037732
2.46	  0.0019764765
2.47	  0.001917035
2.48	  0.0018593546
2.49	  0.0018033845
2.5	  0.0017490755
2.51	  0.0016963792
2.52	  0.0016452488
2.53	  0.0015956389
2.54	  0.0015475055
2.55	  0.0015008053
2.56	  0.0014554966
2.57	  0.001411539
2.58	  0.001368893
2.59	  0.00132752
2.6	  0.001287383
2.61	  0.0012484457
2.62	  0.0012106729
2.63	  0.0011740305
2.64	  0.0011384852
2.65	  0.0011040047
2.66	  0.0010705579
2.67	  0.001038114
2.68	  0.0010066436
2.69	  9.76118E-4
2.7	  9.465093E-4
2.71	  9.1779034E-4
2.72	  8.899348E-4
2.73	  8.629171E-4
2.74	  8.367125E-4
2.75	  8.1129675E-4
2.76	  7.8664656E-4
2.77	  7.627391E-4
2.78	  7.395524E-4
2.79	  7.1706495E-4
2.8	  6.9525593E-4
2.81	  6.741052E-4
2.82	  6.535931E-4
2.83	  6.337006E-4
2.84	  6.1440916E-4
2.85	  5.9570087E-4
2.86	  5.7755836E-4
2.87	  5.599646E-4
2.88	  5.429033E-4
2.89	  5.263585E-4
2.9	  5.103147E-4
2.91	  4.9475685E-4
2.92	  4.7967045E-4
2.93	  4.6504135E-4
2.94	  4.508558E-4
2.95	  4.3710048E-4
2.96	  4.2376248E-4
2.97	  4.108293E-4
2.98	  3.9828868E-4
2.99	  3.8612887E-4
3.0	  3.743384E-4
3.01	  3.6290614E-4
3.02	  3.518213E-4
3.03	  3.4107344E-4
3.04	  3.3065234E-4
3.05	  3.205482E-4
3.06	  3.107514E-4
3.07	  3.0125273E-4
3.08	  2.9204314E-4
3.09	  2.831139E-4
3.1	  2.7445657E-4
3.11	  2.660629E-4
3.12	  2.579249E-4
3.13	  2.5003488E-4
3.14	  2.423853E-4
3.15	  2.3496889E-4
3.16	  2.2777858E-4
3.17	  2.2080753E-4
3.18	  2.140491E-4
3.19	  2.0749684E-4
3.2	  2.0114447E-4
3.21	  1.9498597E-4
3.22	  1.8901544E-4
3.23	  1.8322717E-4
3.24	  1.7761563E-4
3.25	  1.7217544E-4
3.26	  1.6690142E-4
3.27	  1.617885E-4
3.28	  1.5683178E-4
3.29	  1.5202654E-4
3.3	  1.4736813E-4
3.31	  1.4285212E-4
3.32	  1.3847416E-4
3.33	  1.3423007E-4
3.34	  1.3011575E-4
3.35	  1.2612724E-4
3.36	  1.2226074E-4
3.37	  1.18512515E-4
3.38	  1.1487896E-4
3.39	  1.1135659E-4
3.4	  1.0794201E-4
3.41	  1.0463193E-4
3.42	  1.01423175E-4
3.43	  9.8312645E-5
3.44	  9.529734E-5
3.45	  9.2374365E-5
3.46	  8.95409E-5
3.47	  8.679421E-5
3.48	  8.413164E-5
3.49	  8.1550636E-5
3.5	  7.9048696E-5
3.51	  7.662341E-5
3.52	  7.427243E-5
3.53	  7.19935E-5
3.54	  6.978439E-5
3.55	  6.7643E-5
3.56	  6.556724E-5
3.57	  6.3555104E-5
3.58	  6.160466E-5
3.59	  5.9714002E-5
3.6	  5.7881312E-5
3.61	  5.610482E-5
3.62	  5.43828E-5
3.63	  5.2713585E-5
3.64	  5.1095565E-5
3.65	  4.952717E-5
3.66	  4.8006877E-5
3.67	  4.6533223E-5
3.68	  4.510477E-5
3.69	  4.372014E-5
3.7	  4.237799E-5
3.71	  4.107702E-5
3.72	  3.981596E-5
3.73	  3.85936E-5
3.74	  3.7408747E-5
3.75	  3.6260255E-5
3.76	  3.5147008E-5
3.77	  3.4067925E-5
3.78	  3.3021963E-5
3.79	  3.20081E-5
3.8	  3.102536E-5
3.81	  3.0072782E-5
3.82	  2.9149445E-5
3.83	  2.8254453E-5
3.84	  2.7386934E-5
3.85	  2.6546048E-5
3.86	  2.5730978E-5
3.87	  2.494093E-5
3.88	  2.4175139E-5
3.89	  2.343286E-5
3.9	  2.2713371E-5
3.91	  2.2015975E-5
3.92	  2.133999E-5
3.93	  2.0684765E-5
3.94	  2.0049658E-5
3.95	  1.9434054E-5
3.96	  1.8837354E-5
3.97	  1.8258977E-5
3.98	  1.7698361E-5
3.99	  1.7154964E-5
4.0	  1.6628252E-5


