
X-Axis: Normalized Interevent Time
Y-Axis: Probability
Number of Data Sets: 3


DATASET #1

     Name: Bruce 2413 Histogram
   Points: 41
     Info: 

Data[x,y]:
0.05	  0.058903605
0.15	  0.037794773
0.25	  0.03499926
0.35	  0.0344411
0.45	  0.03494509
0.55	  0.03599547
0.65	  0.03929262
0.75	  0.043256268
0.85	  0.05118827
0.95	  0.06901879
1.05	  0.119222626
1.15	  0.095902346
1.25	  0.078389764
1.35	  0.066750824
1.45	  0.05313359
1.55	  0.040609125
1.65	  0.03127583
1.75	  0.022194536
1.85	  0.015002037
1.95	  0.0104284175
2.05	  0.0071053603
2.15	  0.0050729024
2.25	  0.0037563972
2.35	  0.0026518514
2.45	  0.0021337278
2.55	  0.001528465
2.65	  0.0010574434
2.75	  7.8660605E-4
2.85	  5.8877695E-4
2.95	  4.5453582E-4
3.05	  3.885928E-4
3.15	  3.1558445E-4
3.25	  2.4493123E-4
3.35	  2.2844547E-4
3.45	  1.7192287E-4
3.55	  1.1069007E-4
3.65	  1.0597985E-4
3.75	  1.2482071E-4
3.85	  8.713899E-5
3.95	  5.652259E-5
4.05	  2.8496806E-4



DATASET #2

     Name: Log-Normal Fit
   Points: 401
     Info: 

Data[x,y]:
0.005	  0.0
0.015	  1.2283393E-12
0.025	  2.6428215E-10
0.035	  8.2819165E-9
0.045	  9.5346735E-8
0.055	  6.0099154E-7
0.065	  2.5523548E-6
0.075	  8.234233E-6
0.085	  2.1743428E-5
0.095	  4.9360966E-5
0.105	  9.964659E-5
0.115	  1.8324397E-4
0.125	  3.1244723E-4
0.135	  5.006099E-4
0.145	  7.614832E-4
0.155	  0.0011085575
0.165	  0.0015544643
0.175	  0.002110475
0.185	  0.0027861134
0.195	  0.003588888
0.205	  0.0045241374
0.215	  0.0055949776
0.225	  0.0068023326
0.235	  0.008145038
0.245	  0.009619992
0.255	  0.011222345
0.265	  0.012945715
0.275	  0.014782412
0.285	  0.016723664
0.295	  0.018759843
0.305	  0.020880673
0.315	  0.023075435
0.325	  0.025333147
0.335	  0.027642721
0.345	  0.02999312
0.355	  0.03237347
0.365	  0.03477317
0.375	  0.037182
0.385	  0.039590165
0.395	  0.04198837
0.405	  0.044367857
0.415	  0.04672045
0.425	  0.04903856
0.435	  0.051315203
0.445	  0.05354401
0.455	  0.055719208
0.465	  0.057835624
0.475	  0.059888665
0.485	  0.061874297
0.495	  0.06378903
0.505	  0.06562989
0.515	  0.0673944
0.525	  0.069080524
0.535	  0.07068668
0.545	  0.0722117
0.555	  0.07365477
0.565	  0.075015455
0.575	  0.07629362
0.585	  0.077489436
0.595	  0.07860334
0.605	  0.07963604
0.615	  0.080588415
0.625	  0.081461586
0.635	  0.082256846
0.645	  0.082975626
0.655	  0.08361951
0.665	  0.0841902
0.675	  0.08468948
0.685	  0.08511927
0.695	  0.08548151
0.705	  0.08577823
0.715	  0.08601149
0.725	  0.08618341
0.735	  0.0862961
0.745	  0.086351715
0.755	  0.086352415
0.765	  0.08630034
0.775	  0.08619764
0.785	  0.08604644
0.795	  0.08584886
0.805	  0.08560697
0.815	  0.085322835
0.825	  0.08499847
0.835	  0.084635876
0.845	  0.08423699
0.855	  0.08380371
0.865	  0.0833379
0.875	  0.08284138
0.885	  0.08231591
0.895	  0.08176321
0.905	  0.081184946
0.915	  0.08058273
0.925	  0.07995815
0.935	  0.0793127
0.945	  0.07864786
0.955	  0.077965036
0.965	  0.077265605
0.975	  0.07655088
0.985	  0.07582212
0.995	  0.07508055
1.005	  0.07432734
1.015	  0.07356361
1.025	  0.072790444
1.035	  0.07200886
1.045	  0.07121987
1.055	  0.07042439
1.065	  0.06962335
1.075	  0.06881759
1.085	  0.068007946
1.095	  0.0671952
1.105	  0.06638009
1.115	  0.06556333
1.125	  0.0647456
1.135	  0.063927524
1.145	  0.063109726
1.155	  0.062292766
1.165	  0.0614772
1.175	  0.060663532
1.185	  0.059852257
1.195	  0.059043825
1.205	  0.05823867
1.215	  0.0574372
1.225	  0.05663979
1.235	  0.0558468
1.245	  0.055058565
1.255	  0.054275393
1.265	  0.053497583
1.275	  0.052725405
1.285	  0.051959105
1.295	  0.051198922
1.305	  0.050445072
1.315	  0.049697757
1.325	  0.048957154
1.335	  0.048223436
1.345	  0.04749676
1.355	  0.046777252
1.365	  0.046065055
1.375	  0.04536027
1.385	  0.044663005
1.395	  0.04397335
1.405	  0.043291382
1.415	  0.042617172
1.425	  0.041950773
1.435	  0.041292243
1.445	  0.040641617
1.455	  0.03999893
1.465	  0.039364208
1.475	  0.03873746
1.485	  0.038118705
1.495	  0.03750794
1.505	  0.036905166
1.515	  0.03631037
1.525	  0.03572354
1.535	  0.035144653
1.545	  0.034573685
1.555	  0.034010608
1.565	  0.033455387
1.575	  0.032907985
1.585	  0.032368354
1.595	  0.031836454
1.605	  0.031312235
1.615	  0.030795645
1.625	  0.030286627
1.635	  0.029785125
1.645	  0.029291078
1.655	  0.028804425
1.665	  0.0283251
1.675	  0.027853038
1.685	  0.02738817
1.695	  0.026930425
1.705	  0.026479734
1.715	  0.026036024
1.725	  0.02559922
1.735	  0.02516925
1.745	  0.024746034
1.755	  0.0243295
1.765	  0.023919567
1.775	  0.02351616
1.785	  0.0231192
1.795	  0.022728607
1.805	  0.022344302
1.815	  0.02196621
1.825	  0.021594245
1.835	  0.021228332
1.845	  0.02086839
1.855	  0.020514341
1.865	  0.020166103
1.875	  0.0198236
1.885	  0.019486748
1.895	  0.019155474
1.905	  0.018829696
1.915	  0.018509336
1.925	  0.01819432
1.935	  0.017884566
1.945	  0.017579999
1.955	  0.017280543
1.965	  0.016986122
1.975	  0.016696664
1.985	  0.016412089
1.995	  0.016132325
2.005	  0.015857302
2.015	  0.015586942
2.025	  0.015321178
2.035	  0.015059936
2.045	  0.014803145
2.055	  0.014550737
2.065	  0.014302642
2.075	  0.014058792
2.085	  0.013819119
2.095	  0.013583556
2.105	  0.013352037
2.115	  0.013124499
2.125	  0.012900874
2.135	  0.0126811
2.145	  0.012465114
2.155	  0.012252854
2.165	  0.012044259
2.175	  0.011839269
2.185	  0.011637823
2.195	  0.011439863
2.205	  0.01124533
2.215	  0.0110541675
2.225	  0.010866319
2.235	  0.010681729
2.245	  0.010500343
2.255	  0.010322104
2.265	  0.010146963
2.275	  0.009974865
2.285	  0.0098057585
2.295	  0.009639593
2.305	  0.009476317
2.315	  0.009315883
2.325	  0.00915824
2.335	  0.009003342
2.345	  0.008851141
2.355	  0.008701591
2.365	  0.008554645
2.375	  0.008410259
2.385	  0.008268389
2.395	  0.0081289895
2.405	  0.00799202
2.415	  0.007857436
2.425	  0.0077251974
2.435	  0.007595263
2.445	  0.007467592
2.455	  0.007342146
2.465	  0.007218885
2.475	  0.0070977705
2.485	  0.006978766
2.495	  0.0068618334
2.505	  0.006746937
2.515	  0.006634041
2.525	  0.00652311
2.535	  0.006414109
2.545	  0.0063070045
2.555	  0.0062017627
2.565	  0.0060983514
2.575	  0.005996737
2.585	  0.0058968896
2.595	  0.005798776
2.605	  0.005702367
2.615	  0.0056076315
2.625	  0.0055145402
2.635	  0.0054230643
2.645	  0.005333175
2.655	  0.0052448437
2.665	  0.005158043
2.675	  0.0050727464
2.685	  0.0049889265
2.695	  0.004906557
2.705	  0.0048256125
2.715	  0.004746068
2.725	  0.004667898
2.735	  0.0045910785
2.745	  0.0045155855
2.755	  0.004441395
2.765	  0.0043684845
2.775	  0.004296831
2.785	  0.0042264117
2.795	  0.004157205
2.805	  0.0040891897
2.815	  0.0040223445
2.825	  0.0039566485
2.835	  0.0038920809
2.845	  0.0038286224
2.855	  0.0037662527
2.865	  0.0037049525
2.875	  0.0036447034
2.885	  0.0035854862
2.895	  0.0035272825
2.905	  0.0034700746
2.915	  0.0034138449
2.925	  0.0033585757
2.935	  0.0033042503
2.945	  0.003250852
2.955	  0.0031983638
2.965	  0.0031467702
2.975	  0.003096055
2.985	  0.003046203
2.995	  0.0029971984
3.005	  0.0029490264
3.015	  0.0029016726
3.025	  0.002855122
3.035	  0.0028093609
3.045	  0.002764375
3.055	  0.0027201509
3.065	  0.0026766746
3.075	  0.0026339334
3.085	  0.0025919143
3.095	  0.0025506043
3.105	  0.0025099912
3.115	  0.0024700623
3.125	  0.0024308062
3.135	  0.0023922103
3.145	  0.0023542636
3.155	  0.0023169543
3.165	  0.0022802714
3.175	  0.0022442038
3.185	  0.0022087407
3.195	  0.0021738715
3.205	  0.0021395858
3.215	  0.0021058733
3.225	  0.0020727243
3.235	  0.0020401282
3.245	  0.002008076
3.255	  0.001976558
3.265	  0.0019455648
3.275	  0.0019150872
3.285	  0.0018851162
3.295	  0.0018556431
3.305	  0.0018266591
3.315	  0.0017981556
3.325	  0.0017701244
3.335	  0.0017425572
3.345	  0.0017154459
3.355	  0.0016887826
3.365	  0.0016625596
3.375	  0.0016367692
3.385	  0.0016114037
3.395	  0.001586456
3.405	  0.0015619188
3.415	  0.0015377849
3.425	  0.0015140475
3.435	  0.0014906995
3.445	  0.0014677343
3.455	  0.0014451453
3.465	  0.0014229261
3.475	  0.0014010702
3.485	  0.0013795713
3.495	  0.0013584233
3.505	  0.0013376202
3.515	  0.001317156
3.525	  0.001297025
3.535	  0.0012772214
3.545	  0.0012577396
3.555	  0.001238574
3.565	  0.0012197194
3.575	  0.0012011703
3.585	  0.0011829215
3.595	  0.0011649678
3.605	  0.0011473043
3.615	  0.001129926
3.625	  0.001112828
3.635	  0.0010960056
3.645	  0.0010794541
3.655	  0.0010631687
3.665	  0.0010471451
3.675	  0.0010313789
3.685	  0.0010158655
3.695	  0.0010006008
3.705	  9.855805E-4
3.715	  9.708005E-4
3.725	  9.562567E-4
3.735	  9.419451E-4
3.745	  9.278619E-4
3.755	  9.1400306E-4
3.765	  9.0036495E-4
3.775	  8.869438E-4
3.785	  8.7373593E-4
3.795	  8.6073775E-4
3.805	  8.479458E-4
3.815	  8.353566E-4
3.825	  8.229667E-4
3.835	  8.107728E-4
3.845	  7.987716E-4
3.855	  7.869599E-4
3.865	  7.753345E-4
3.875	  7.638923E-4
3.885	  7.5263024E-4
3.895	  7.4154534E-4
3.905	  7.3063467E-4
3.915	  7.1989524E-4
3.925	  7.0932426E-4
3.935	  6.9891894E-4
3.945	  6.886765E-4
3.955	  6.785943E-4
3.965	  6.686695E-4
3.975	  6.588998E-4
3.985	  6.4928236E-4
3.995	  6.3981477E-4
4.005	  6.3049456E-4



DATASET #3

     Name: BPT Fit
   Points: 401
     Info: Mean = 100.0, Aperiodicity = 0.5, Duration = 30.0, Delta T = 1.0, Num Points = 500, Historic Open Interval = 0.0
Computed mean = 0.99453664

Data[x,y]:
0.0	  0.0
0.01	  0.0
0.02	  8.8361704E-36
0.03	  2.1646848E-23
0.04	  2.956677E-17
0.05	  1.3063999E-13
0.06	  3.325458E-11
0.07	  1.669162E-9
0.08	  3.0507227E-8
0.09	  2.851781E-7
0.1	  1.6707331E-6
0.11	  6.9787843E-6
0.12	  2.2644334E-5
0.13	  6.0553775E-5
0.14	  1.39195E-4
0.15	  2.836521E-4
0.16	  5.2436366E-4
0.17	  8.949337E-4
0.18	  0.0014294718
0.19	  0.0021599424
0.2	  0.0031138929
0.21	  0.0043127756
0.22	  0.005770935
0.23	  0.0074952287
0.24	  0.009485176
0.25	  0.011733523
0.26	  0.014227067
0.27	  0.016947659
0.28	  0.019873247
0.29	  0.022978911
0.3	  0.026237853
0.31	  0.029622247
0.32	  0.03310402
0.33	  0.03665548
0.34	  0.040249817
0.35	  0.04386154
0.36	  0.04746673
0.37	  0.051043294
0.38	  0.054571074
0.39	  0.058031905
0.4	  0.061409656
0.41	  0.06469018
0.42	  0.067861274
0.43	  0.07091256
0.44	  0.07383544
0.45	  0.0766229
0.46	  0.07926949
0.47	  0.08177109
0.48	  0.084124885
0.49	  0.08632917
0.5	  0.08838328
0.51	  0.09028745
0.52	  0.0920427
0.53	  0.093650766
0.54	  0.09511399
0.55	  0.096435234
0.56	  0.09761779
0.57	  0.09866533
0.58	  0.099581815
0.59	  0.10037147
0.6	  0.101038694
0.61	  0.10158804
0.62	  0.102024145
0.63	  0.10235174
0.64	  0.10257555
0.65	  0.10270033
0.66	  0.1027308
0.67	  0.10267164
0.68	  0.102527454
0.69	  0.10230279
0.7	  0.10200208
0.71	  0.10162967
0.72	  0.10118978
0.73	  0.10068651
0.74	  0.10012387
0.75	  0.09950569
0.76	  0.0988357
0.77	  0.09811748
0.78	  0.09735449
0.79	  0.09655003
0.8	  0.095707305
0.81	  0.09482934
0.82	  0.09391906
0.83	  0.09297926
0.84	  0.092012584
0.85	  0.09102157
0.86	  0.09000863
0.87	  0.08897606
0.88	  0.087926045
0.89	  0.08686064
0.9	  0.08578182
0.91	  0.08469143
0.92	  0.08359123
0.93	  0.082482874
0.94	  0.08136793
0.95	  0.08024788
0.96	  0.07912411
0.97	  0.077997915
0.98	  0.076870546
0.99	  0.07574314
1.0	  0.07461678
1.01	  0.07349248
1.02	  0.07237119
1.03	  0.071253784
1.04	  0.07014109
1.05	  0.06903388
1.06	  0.06793285
1.07	  0.06683868
1.08	  0.06575196
1.09	  0.06467327
1.1	  0.06360312
1.11	  0.062541984
1.12	  0.061490316
1.13	  0.060448505
1.14	  0.05941692
1.15	  0.058395885
1.16	  0.057385705
1.17	  0.05638665
1.18	  0.055398952
1.19	  0.054422833
1.2	  0.053458475
1.21	  0.052506045
1.22	  0.051565684
1.23	  0.05063751
1.24	  0.049721625
1.25	  0.04881811
1.26	  0.04792703
1.27	  0.04704843
1.28	  0.046182346
1.29	  0.045328792
1.3	  0.04448777
1.31	  0.04365928
1.32	  0.042843293
1.33	  0.04203978
1.34	  0.041248705
1.35	  0.04047001
1.36	  0.03970364
1.37	  0.03894952
1.38	  0.038207583
1.39	  0.03747774
1.4	  0.0367599
1.41	  0.036053974
1.42	  0.035359863
1.43	  0.034677453
1.44	  0.03400664
1.45	  0.03334731
1.46	  0.032699343
1.47	  0.03206262
1.48	  0.031437013
1.49	  0.030822396
1.5	  0.030218644
1.51	  0.02962562
1.52	  0.029043196
1.53	  0.028471233
1.54	  0.027909596
1.55	  0.027358148
1.56	  0.02681675
1.57	  0.026285265
1.58	  0.02576355
1.59	  0.02525147
1.6	  0.024748882
1.61	  0.024255648
1.62	  0.023771625
1.63	  0.023296677
1.64	  0.022830661
1.65	  0.022373442
1.66	  0.021924878
1.67	  0.021484835
1.68	  0.021053175
1.69	  0.02062976
1.7	  0.020214459
1.71	  0.019807136
1.72	  0.019407658
1.73	  0.019015893
1.74	  0.018631712
1.75	  0.018254984
1.76	  0.017885583
1.77	  0.01752338
1.78	  0.017168252
1.79	  0.016820073
1.8	  0.016478721
1.81	  0.016144076
1.82	  0.015816018
1.83	  0.0154944295
1.84	  0.015179194
1.85	  0.014870194
1.86	  0.014567318
1.87	  0.014270455
1.88	  0.013979492
1.89	  0.013694323
1.9	  0.013414838
1.91	  0.013140934
1.92	  0.012872505
1.93	  0.012609449
1.94	  0.012351665
1.95	  0.012099054
1.96	  0.011851517
1.97	  0.011608958
1.98	  0.011371284
1.99	  0.011138399
2.0	  0.010910213
2.01	  0.010686634
2.02	  0.010467576
2.03	  0.010252949
2.04	  0.010042668
2.05	  0.00983665
2.06	  0.0096348105
2.07	  0.009437068
2.08	  0.009243344
2.09	  0.009053558
2.1	  0.0088676335
2.11	  0.008685495
2.12	  0.008507066
2.13	  0.008332276
2.14	  0.008161051
2.15	  0.007993322
2.16	  0.007829018
2.17	  0.0076680714
2.18	  0.0075104157
2.19	  0.007355985
2.2	  0.0072047156
2.21	  0.007056544
2.22	  0.006911407
2.23	  0.0067692455
2.24	  0.006629999
2.25	  0.0064936085
2.26	  0.006360017
2.27	  0.0062291683
2.28	  0.006101006
2.29	  0.0059754774
2.3	  0.0058525284
2.31	  0.0057321065
2.32	  0.005614161
2.33	  0.0054986416
2.34	  0.005385499
2.35	  0.005274685
2.36	  0.0051661525
2.37	  0.005059854
2.38	  0.004955746
2.39	  0.004853782
2.4	  0.0047539184
2.41	  0.004656113
2.42	  0.0045603244
2.43	  0.00446651
2.44	  0.00437463
2.45	  0.004284645
2.46	  0.004196516
2.47	  0.004110205
2.48	  0.0040256744
2.49	  0.003942888
2.5	  0.0038618103
2.51	  0.003782406
2.52	  0.0037046403
2.53	  0.0036284798
2.54	  0.0035538918
2.55	  0.0034808435
2.56	  0.0034093035
2.57	  0.0033392403
2.58	  0.0032706242
2.59	  0.0032034249
2.6	  0.0031376132
2.61	  0.0030731605
2.62	  0.003010039
2.63	  0.0029482208
2.64	  0.0028876795
2.65	  0.0028283885
2.66	  0.002770322
2.67	  0.0027134547
2.68	  0.0026577616
2.69	  0.002603219
2.7	  0.0025498024
2.71	  0.002497489
2.72	  0.0024462559
2.73	  0.0023960806
2.74	  0.0023469415
2.75	  0.0022988168
2.76	  0.0022516858
2.77	  0.0022055279
2.78	  0.0021603229
2.79	  0.0021160508
2.8	  0.0020726926
2.81	  0.0020302294
2.82	  0.0019886426
2.83	  0.001947914
2.84	  0.0019080258
2.85	  0.0018689607
2.86	  0.0018307014
2.87	  0.0017932315
2.88	  0.0017565344
2.89	  0.0017205942
2.9	  0.0016853954
2.91	  0.0016509222
2.92	  0.0016171599
2.93	  0.0015840938
2.94	  0.0015517091
2.95	  0.001519992
2.96	  0.0014889287
2.97	  0.0014585054
2.98	  0.001428709
2.99	  0.0013995264
3.0	  0.001370945
3.01	  0.0013429523
3.02	  0.001315536
3.03	  0.0012886842
3.04	  0.0012623853
3.05	  0.0012366278
3.06	  0.0012114004
3.07	  0.0011866922
3.08	  0.0011624923
3.09	  0.0011387904
3.1	  0.001115576
3.11	  0.001092839
3.12	  0.0010705696
3.13	  0.0010487582
3.14	  0.001027395
3.15	  0.001006471
3.16	  9.85977E-4
3.17	  9.6590415E-4
3.18	  9.4624364E-4
3.19	  9.26987E-4
3.2	  9.081258E-4
3.21	  8.896519E-4
3.22	  8.715573E-4
3.23	  8.5383415E-4
3.24	  8.364747E-4
3.25	  8.194715E-4
3.26	  8.028171E-4
3.27	  7.865044E-4
3.28	  7.7052624E-4
3.29	  7.548757E-4
3.3	  7.395461E-4
3.31	  7.2453066E-4
3.32	  7.09823E-4
3.33	  6.9541665E-4
3.34	  6.813055E-4
3.35	  6.674834E-4
3.36	  6.539443E-4
3.37	  6.406825E-4
3.38	  6.276922E-4
3.39	  6.149678E-4
3.4	  6.025038E-4
3.41	  5.902948E-4
3.42	  5.7833554E-4
3.43	  5.666209E-4
3.44	  5.551458E-4
3.45	  5.439053E-4
3.46	  5.328946E-4
3.47	  5.22109E-4
3.48	  5.1154365E-4
3.49	  5.011942E-4
3.5	  4.910562E-4
3.51	  4.811252E-4
3.52	  4.7139695E-4
3.53	  4.6186728E-4
3.54	  4.5253214E-4
3.55	  4.433875E-4
3.56	  4.3442938E-4
3.57	  4.25654E-4
3.58	  4.170576E-4
3.59	  4.0863646E-4
3.6	  4.00387E-4
3.61	  3.923057E-4
3.62	  3.8438904E-4
3.63	  3.766337E-4
3.64	  3.690363E-4
3.65	  3.6159364E-4
3.66	  3.5430252E-4
3.67	  3.4715983E-4
3.68	  3.401625E-4
3.69	  3.333076E-4
3.7	  3.2659213E-4
3.71	  3.2001326E-4
3.72	  3.1356822E-4
3.73	  3.0725417E-4
3.74	  3.010685E-4
3.75	  2.9500856E-4
3.76	  2.8907176E-4
3.77	  2.832556E-4
3.78	  2.7755753E-4
3.79	  2.719752E-4
3.8	  2.6650622E-4
3.81	  2.6114823E-4
3.82	  2.55899E-4
3.83	  2.507563E-4
3.84	  2.4571794E-4
3.85	  2.4078177E-4
3.86	  2.3594568E-4
3.87	  2.3120767E-4
3.88	  2.265657E-4
3.89	  2.220178E-4
3.9	  2.1756206E-4
3.91	  2.1319659E-4
3.92	  2.0891953E-4
3.93	  2.047291E-4
3.94	  2.006235E-4
3.95	  1.9660102E-4
3.96	  1.9265994E-4
3.97	  1.8879861E-4
3.98	  1.850154E-4
3.99	  1.813087E-4
4.0	  1.7767696E-4


