
X-Axis: Normalized Distance Along Strike
Y-Axis: Hypocenter Density
Number of Data Sets: 4


DATASET #1

     Name: 
   Points: 31
     Info: 

Data[x,y]:
0.05	  0.01173709
0.15	  0.02112676
0.25	  0.025821596
0.35	  0.039906103
0.45	  0.044600938
0.55	  0.037558686
0.65	  0.025821596
0.75	  0.039906103
0.85	  0.04694836
0.95	  0.06338028
1.05	  0.051643193
1.15	  0.025821596
1.25	  0.025821596
1.35	  0.025821596
1.45	  0.014084507
1.55	  0.014084507
1.65	  0.025821596
1.75	  0.025821596
1.85	  0.025821596
1.95	  0.051643193
2.05	  0.06338028
2.15	  0.04694836
2.25	  0.039906103
2.35	  0.025821596
2.45	  0.037558686
2.55	  0.044600938
2.65	  0.039906103
2.75	  0.025821596
2.85	  0.02112676
2.95	  0.01173709
3.05	  0.0



DATASET #2

     Name: 
   Points: 31
     Info: 

Data[x,y]:
0.05	  0.0
0.15	  0.0
0.25	  0.0
0.35	  0.0
0.45	  0.0
0.55	  0.0
0.65	  0.0
0.75	  0.0
0.85	  0.0
0.95	  0.0
1.05	  0.0
1.15	  0.0
1.25	  0.0
1.35	  0.0
1.45	  0.0
1.55	  0.0
1.65	  0.0
1.75	  0.0
1.85	  0.0
1.95	  0.0
2.05	  0.0
2.15	  0.0
2.25	  0.0
2.35	  0.0
2.45	  0.0
2.55	  0.0
2.65	  0.0
2.75	  0.0
2.85	  0.0
2.95	  0.0
3.05	  0.0



DATASET #3

Name: 
Num Points: 4
Info: 

X, Y Data:
0.021	  8.873239E-4
0.021	  0.08784507
2.979	  0.08784507
2.979	  8.873239E-4



DATASET #4

Name: 
Num Points: 4
Info: 

X, Y Data:
1.0	  8.873239E-4
1.0	  0.07897183
2.0	  0.07897183
2.0	  8.873239E-4


