
X-Axis: Average Normalized Interevent Time
Y-Axis: Probability
Number of Data Sets: 3


DATASET #1

     Name: Bruce 2413 Histogram
   Points: 41
     Info: 

Data[x,y]:
0.05	  0.0062691094
0.15	  0.010225842
0.25	  0.022738367
0.35	  0.03615015
0.45	  0.056267824
0.55	  0.08106164
0.65	  0.115850054
0.75	  0.1409265
0.85	  0.15544307
0.95	  0.15331055
1.05	  0.10295213
1.15	  0.05541995
1.25	  0.027671438
1.35	  0.016751882
1.45	  0.009968911
1.55	  0.0049844556
1.65	  0.0023380695
1.75	  8.992575E-4
1.85	  2.8262378E-4
1.95	  1.2846536E-4
2.05	  1.5415842E-4
2.15	  1.2846536E-4
2.25	  2.569307E-5
2.35	  2.569307E-5
2.45	  0.0
2.55	  2.569307E-5
2.65	  0.0
2.75	  0.0
2.85	  0.0
2.95	  0.0
3.05	  0.0
3.15	  0.0
3.25	  0.0
3.35	  0.0
3.45	  0.0
3.55	  0.0
3.65	  0.0
3.75	  0.0
3.85	  0.0
3.95	  0.0
4.05	  0.0



DATASET #2

     Name: Log-Normal Fit
   Points: 401
     Info: 

Data[x,y]:
0.005	  0.0
0.015	  4.5993514E-27
0.025	  1.2034145E-21
0.035	  3.5496235E-18
0.045	  1.0640604E-15
0.055	  8.1160956E-14
0.065	  2.5083171E-12
0.075	  4.1043318E-11
0.085	  4.2046655E-10
0.095	  3.015289E-9
0.105	  1.6360369E-8
0.115	  7.1033256E-8
0.125	  2.5726524E-7
0.135	  8.021387E-7
0.145	  2.2063473E-6
0.155	  5.4577094E-6
0.165	  1.2329388E-5
0.175	  2.5756235E-5
0.185	  5.0265877E-5
0.195	  9.242582E-5
0.205	  1.6125757E-4
0.215	  2.6856537E-4
0.225	  4.2913159E-4
0.235	  6.6074147E-4
0.245	  9.840159E-4
0.255	  0.0014220476
0.265	  0.001999855
0.275	  0.0027436805
0.285	  0.0036801738
0.295	  0.004835507
0.305	  0.006234467
0.315	  0.00789958
0.325	  0.009850297
0.335	  0.012102297
0.345	  0.014666905
0.355	  0.017550675
0.365	  0.020755127
0.375	  0.024276627
0.385	  0.028106445
0.395	  0.032230932
0.405	  0.036631823
0.415	  0.04128665
0.425	  0.04616923
0.435	  0.051250216
0.445	  0.056497682
0.455	  0.06187774
0.465	  0.06735513
0.475	  0.07289384
0.485	  0.07845767
0.495	  0.08401072
0.505	  0.089517936
0.515	  0.0949455
0.525	  0.10026122
0.535	  0.10543484
0.545	  0.1104383
0.555	  0.115245946
0.565	  0.119834684
0.575	  0.12418404
0.585	  0.12827629
0.595	  0.13209637
0.605	  0.13563192
0.615	  0.13887322
0.625	  0.14181305
0.635	  0.14444666
0.645	  0.14677152
0.655	  0.14878729
0.665	  0.1504956
0.675	  0.15189992
0.685	  0.15300536
0.695	  0.1538185
0.705	  0.15434727
0.715	  0.1546007
0.725	  0.15458885
0.735	  0.1543226
0.745	  0.1538135
0.755	  0.15307367
0.765	  0.15211563
0.775	  0.15095219
0.785	  0.14959636
0.795	  0.14806122
0.805	  0.14635985
0.815	  0.1445052
0.825	  0.1425101
0.835	  0.14038713
0.845	  0.13814856
0.855	  0.13580637
0.865	  0.13337208
0.875	  0.1308569
0.885	  0.12827152
0.895	  0.1256262
0.905	  0.12293071
0.915	  0.12019435
0.925	  0.1174259
0.935	  0.11463366
0.945	  0.111825414
0.955	  0.10900847
0.965	  0.10618964
0.975	  0.103375256
0.985	  0.100571185
0.995	  0.09778284
1.005	  0.0950152
1.015	  0.0922728
1.025	  0.08955979
1.035	  0.086879924
1.045	  0.08423656
1.055	  0.08163274
1.065	  0.079071134
1.075	  0.076554105
1.085	  0.074083716
1.095	  0.07166174
1.105	  0.0692897
1.115	  0.06696884
1.125	  0.0647002
1.135	  0.06248458
1.145	  0.0603226
1.155	  0.058214676
1.165	  0.056161065
1.175	  0.05416185
1.185	  0.052216988
1.195	  0.05032629
1.205	  0.04848946
1.215	  0.04670607
1.225	  0.044975616
1.235	  0.043297492
1.245	  0.041671026
1.255	  0.04009546
1.265	  0.038569983
1.275	  0.037093733
1.285	  0.03566579
1.295	  0.03428521
1.305	  0.032951
1.315	  0.031662147
1.325	  0.030417616
1.335	  0.029216344
1.345	  0.02805727
1.355	  0.026939312
1.365	  0.02586139
1.375	  0.024822416
1.385	  0.02382131
1.395	  0.02285699
1.405	  0.021928385
1.415	  0.02103443
1.425	  0.020174073
1.435	  0.019346276
1.445	  0.01855001
1.455	  0.017784268
1.465	  0.017048057
1.475	  0.016340403
1.485	  0.015660351
1.495	  0.015006966
1.505	  0.014379333
1.515	  0.013776559
1.525	  0.013197771
1.535	  0.01264212
1.545	  0.012108776
1.555	  0.011596933
1.565	  0.011105807
1.575	  0.010634635
1.585	  0.010182677
1.595	  0.009749215
1.605	  0.009333552
1.615	  0.008935012
1.625	  0.008552942
1.635	  0.008186709
1.645	  0.007835699
1.655	  0.00749932
1.665	  0.007177
1.675	  0.006868185
1.685	  0.006572341
1.695	  0.0062889527
1.705	  0.0060175215
1.715	  0.005757568
1.725	  0.0055086296
1.735	  0.005270261
1.745	  0.005042031
1.755	  0.0048235273
1.765	  0.0046143513
1.775	  0.0044141193
1.785	  0.0042224624
1.795	  0.004039026
1.805	  0.003863469
1.815	  0.0036954628
1.825	  0.0035346928
1.835	  0.0033808558
1.845	  0.0032336605
1.855	  0.0030928273
1.865	  0.0029580882
1.875	  0.0028291852
1.885	  0.002705871
1.895	  0.0025879082
1.905	  0.002475069
1.915	  0.0023671347
1.925	  0.002263896
1.935	  0.0021651518
1.945	  0.0020707091
1.955	  0.0019803836
1.965	  0.0018939979
1.975	  0.0018113824
1.985	  0.0017323742
1.995	  0.0016568176
2.005	  0.0015845633
2.015	  0.0015154681
2.025	  0.0014493951
2.035	  0.0013862131
2.045	  0.0013257964
2.055	  0.0012680247
2.065	  0.0012127827
2.075	  0.0011599603
2.085	  0.0011094518
2.095	  0.0010611562
2.105	  0.0010149769
2.115	  9.708212E-4
2.125	  9.2860067E-4
2.135	  8.8823045E-4
2.145	  8.4962964E-4
2.155	  8.127205E-4
2.165	  7.774289E-4
2.175	  7.436839E-4
2.185	  7.114175E-4
2.195	  6.805649E-4
2.205	  6.5106386E-4
2.215	  6.228551E-4
2.225	  5.9588166E-4
2.235	  5.7008927E-4
2.245	  5.4542604E-4
2.255	  5.218422E-4
2.265	  4.9929036E-4
2.275	  4.7772497E-4
2.285	  4.571027E-4
2.295	  4.3738203E-4
2.305	  4.185232E-4
2.315	  4.0048835E-4
2.325	  3.832412E-4
2.335	  3.6674697E-4
2.345	  3.509726E-4
2.355	  3.358864E-4
2.365	  3.2145804E-4
2.375	  3.076586E-4
2.385	  2.9446036E-4
2.395	  2.818369E-4
2.405	  2.6976288E-4
2.415	  2.582142E-4
2.425	  2.471677E-4
2.435	  2.3660134E-4
2.445	  2.2649397E-4
2.455	  2.1682544E-4
2.465	  2.0757648E-4
2.475	  1.9872864E-4
2.485	  1.9026431E-4
2.495	  1.8216667E-4
2.505	  1.744196E-4
2.515	  1.6700775E-4
2.525	  1.599164E-4
2.535	  1.531315E-4
2.545	  1.4663965E-4
2.555	  1.4042798E-4
2.565	  1.3448425E-4
2.575	  1.2879672E-4
2.585	  1.2335418E-4
2.595	  1.1814593E-4
2.605	  1.13161725E-4
2.615	  1.0839179E-4
2.625	  1.0382675E-4
2.635	  9.9457684E-5
2.645	  9.527604E-5
2.655	  9.1273636E-5
2.665	  8.7442684E-5
2.675	  8.37757E-5
2.685	  8.026556E-5
2.695	  7.6905446E-5
2.705	  7.368883E-5
2.715	  7.060948E-5
2.725	  6.7661436E-5
2.735	  6.4839005E-5
2.745	  6.2136736E-5
2.755	  5.9549428E-5
2.765	  5.70721E-5
2.775	  5.469999E-5
2.785	  5.2428553E-5
2.795	  5.0253435E-5
2.805	  4.8170474E-5
2.815	  4.61757E-5
2.825	  4.4265304E-5
2.835	  4.243565E-5
2.845	  4.0683262E-5
2.855	  3.9004815E-5
2.865	  3.7397127E-5
2.875	  3.5857163E-5
2.885	  3.4382007E-5
2.895	  3.296888E-5
2.905	  3.1615127E-5
2.915	  3.0318202E-5
2.925	  2.9075669E-5
2.935	  2.7885204E-5
2.945	  2.674458E-5
2.955	  2.5651667E-5
2.965	  2.4604431E-5
2.975	  2.3600924E-5
2.985	  2.263928E-5
2.995	  2.1717718E-5
3.005	  2.0834534E-5
3.015	  1.9988094E-5
3.025	  1.917684E-5
3.035	  1.8399276E-5
3.045	  1.7653974E-5
3.055	  1.693957E-5
3.065	  1.6254751E-5
3.075	  1.5598269E-5
3.085	  1.4968925E-5
3.095	  1.43655725E-5
3.105	  1.3787117E-5
3.115	  1.3232506E-5
3.125	  1.2700737E-5
3.135	  1.2190849E-5
3.145	  1.1701921E-5
3.155	  1.1233072E-5
3.165	  1.0783459E-5
3.175	  1.0352278E-5
3.185	  9.9387535E-6
3.195	  9.542147E-6
3.205	  9.161752E-6
3.215	  8.79689E-6
3.225	  8.446913E-6
3.235	  8.1112E-6
3.245	  7.789156E-6
3.255	  7.480212E-6
3.265	  7.183823E-6
3.275	  6.8994673E-6
3.285	  6.626645E-6
3.295	  6.364877E-6
3.305	  6.1137066E-6
3.315	  5.8726932E-6
3.325	  5.6414174E-6
3.335	  5.4194766E-6
3.345	  5.206485E-6
3.355	  5.002074E-6
3.365	  4.8058887E-6
3.375	  4.6175915E-6
3.385	  4.436857E-6
3.395	  4.2633746E-6
3.405	  4.096846E-6
3.415	  3.936987E-6
3.425	  3.783523E-6
3.435	  3.6361926E-6
3.445	  3.4947448E-6
3.455	  3.358939E-6
3.465	  3.228545E-6
3.475	  3.1033417E-6
3.485	  2.9831176E-6
3.495	  2.8676702E-6
3.505	  2.7568046E-6
3.515	  2.6503353E-6
3.525	  2.548083E-6
3.535	  2.4498772E-6
3.545	  2.3555538E-6
3.555	  2.2649554E-6
3.565	  2.1779313E-6
3.575	  2.094337E-6
3.585	  2.0140344E-6
3.595	  1.9368904E-6
3.605	  1.8627777E-6
3.615	  1.7915745E-6
3.625	  1.7231636E-6
3.635	  1.6574328E-6
3.645	  1.5942746E-6
3.655	  1.5335859E-6
3.665	  1.4752675E-6
3.675	  1.4192246E-6
3.685	  1.3653665E-6
3.695	  1.3136056E-6
3.705	  1.2638584E-6
3.715	  1.2160444E-6
3.725	  1.1700869E-6
3.735	  1.1259118E-6
3.745	  1.0834483E-6
3.755	  1.0426284E-6
3.765	  1.0033868E-6
3.775	  9.656612E-7
3.785	  9.293915E-7
3.795	  8.945199E-7
3.805	  8.6099135E-7
3.815	  8.287527E-7
3.825	  7.9775316E-7
3.835	  7.6794385E-7
3.845	  7.3927794E-7
3.855	  7.1171047E-7
3.865	  6.851983E-7
3.875	  6.5969994E-7
3.885	  6.351757E-7
3.895	  6.1158744E-7
3.905	  5.8889844E-7
3.915	  5.670736E-7
3.925	  5.460792E-7
3.935	  5.258828E-7
3.945	  5.0645326E-7
3.955	  4.8776076E-7
3.965	  4.6977667E-7
3.975	  4.524734E-7
3.985	  4.358245E-7
3.995	  4.198046E-7
4.005	  4.0438937E-7



DATASET #3

     Name: BPT Fit
   Points: 401
     Info: Mean = 100.0, Aperiodicity = 0.5, Duration = 30.0, Delta T = 1.0, Num Points = 500, Historic Open Interval = 0.0
Computed mean = 0.80690616

Data[x,y]:
0.0	  0.0
0.01	  0.0
0.02	  0.0
0.03	  0.0
0.04	  4.0251333E-34
0.05	  1.1973009E-26
0.06	  1.0734911E-21
0.07	  3.5162207E-18
0.08	  1.4621531E-15
0.09	  1.5404228E-13
0.1	  6.2202717E-12
0.11	  1.2524133E-10
0.12	  1.4979885E-9
0.13	  1.2013447E-8
0.14	  7.0424655E-8
0.15	  3.2146926E-7
0.16	  1.1980546E-6
0.17	  3.779543E-6
0.18	  1.0380619E-5
0.19	  2.5377132E-5
0.2	  5.6205306E-5
0.21	  1.1440253E-4
0.22	  2.1651572E-4
0.23	  3.8470022E-4
0.24	  6.468684E-4
0.25	  0.0010363103
0.26	  0.0015907846
0.27	  0.002351143
0.28	  0.0033596102
0.29	  0.0046578664
0.3	  0.0062850877
0.31	  0.008276094
0.32	  0.010659722
0.33	  0.013457511
0.34	  0.016682763
0.35	  0.020339986
0.36	  0.024424728
0.37	  0.028923748
0.38	  0.033815518
0.39	  0.039070953
0.4	  0.044654336
0.41	  0.0505244
0.42	  0.056635443
0.43	  0.06293851
0.44	  0.06938253
0.45	  0.07591541
0.46	  0.08248505
0.47	  0.089040264
0.48	  0.09553157
0.49	  0.101911895
0.5	  0.10813712
0.51	  0.11416654
0.52	  0.1199632
0.53	  0.12549411
0.54	  0.13073039
0.55	  0.13564731
0.56	  0.1402243
0.57	  0.14444478
0.58	  0.14829613
0.59	  0.15176941
0.6	  0.1548592
0.61	  0.15756333
0.62	  0.1598826
0.63	  0.1618206
0.64	  0.16338332
0.65	  0.16457894
0.66	  0.16541758
0.67	  0.16591096
0.68	  0.16607223
0.69	  0.1659157
0.7	  0.16545658
0.71	  0.16471082
0.72	  0.16369492
0.73	  0.16242571
0.74	  0.16092025
0.75	  0.1591956
0.76	  0.15726878
0.77	  0.1551566
0.78	  0.1528756
0.79	  0.15044194
0.8	  0.14787132
0.81	  0.14517894
0.82	  0.14237945
0.83	  0.13948688
0.84	  0.13651466
0.85	  0.13347554
0.86	  0.13038166
0.87	  0.1272444
0.88	  0.12407453
0.89	  0.12088213
0.9	  0.11767661
0.91	  0.11446672
0.92	  0.11126057
0.93	  0.10806566
0.94	  0.10488886
0.95	  0.10173646
0.96	  0.098614216
0.97	  0.09552731
0.98	  0.092480436
0.99	  0.08947778
1.0	  0.08652306
1.01	  0.08361958
1.02	  0.08077022
1.03	  0.07797745
1.04	  0.075243406
1.05	  0.07256987
1.06	  0.06995829
1.07	  0.06740985
1.08	  0.06492543
1.09	  0.062505685
1.1	  0.06015102
1.11	  0.057861615
1.12	  0.055637486
1.13	  0.053478442
1.14	  0.051384147
1.15	  0.04935411
1.16	  0.047387715
1.17	  0.04548422
1.18	  0.043642785
1.19	  0.041862473
1.2	  0.040142268
1.21	  0.03848108
1.22	  0.036877755
1.23	  0.0353311
1.24	  0.033839867
1.25	  0.03240277
1.26	  0.031018497
1.27	  0.029685723
1.28	  0.028403092
1.29	  0.027169248
1.3	  0.025982823
1.31	  0.024842454
1.32	  0.023746772
1.33	  0.022694424
1.34	  0.021684062
1.35	  0.02071435
1.36	  0.019783974
1.37	  0.018891629
1.38	  0.018036036
1.39	  0.017215937
1.4	  0.016430097
1.41	  0.015677305
1.42	  0.014956377
1.43	  0.014266157
1.44	  0.013605511
1.45	  0.012973338
1.46	  0.012368565
1.47	  0.011790149
1.48	  0.011237071
1.49	  0.010708347
1.5	  0.010203018
1.51	  0.009720156
1.52	  0.009258862
1.53	  0.008818264
1.54	  0.008397521
1.55	  0.007995818
1.56	  0.0076123658
1.57	  0.0072464063
1.58	  0.006897205
1.59	  0.0065640546
1.6	  0.006246273
1.61	  0.005943203
1.62	  0.005654211
1.63	  0.0053786887
1.64	  0.005116049
1.65	  0.0048657293
1.66	  0.004627187
1.67	  0.0043999017
1.68	  0.004183373
1.69	  0.0039771213
1.7	  0.0037806856
1.71	  0.0035936236
1.72	  0.0034155117
1.73	  0.0032459432
1.74	  0.0030845283
1.75	  0.0029308938
1.76	  0.0027846824
1.77	  0.0026455512
1.78	  0.002513173
1.79	  0.0023872338
1.8	  0.0022674333
1.81	  0.0021534846
1.82	  0.0020451134
1.83	  0.0019420568
1.84	  0.0018440643
1.85	  0.001750896
1.86	  0.001662323
1.87	  0.0015781265
1.88	  0.0014980973
1.89	  0.0014220364
1.9	  0.0013497531
1.91	  0.0012810659
1.92	  0.0012158012
1.93	  0.0011537937
1.94	  0.0010948855
1.95	  0.0010389262
1.96	  9.857722E-4
1.97	  9.352868E-4
1.98	  8.873396E-4
1.99	  8.4180624E-4
2.0	  7.9856836E-4
2.01	  7.5751304E-4
2.02	  7.185328E-4
2.03	  6.815253E-4
2.04	  6.46393E-4
2.05	  6.1304297E-4
2.06	  5.8138685E-4
2.07	  5.513405E-4
2.08	  5.228238E-4
2.09	  4.957604E-4
2.1	  4.7007782E-4
2.11	  4.45707E-4
2.12	  4.2258226E-4
2.13	  4.0064106E-4
2.14	  3.79824E-4
2.15	  3.6007448E-4
2.16	  3.4133877E-4
2.17	  3.2356576E-4
2.18	  3.067068E-4
2.19	  2.9071566E-4
2.2	  2.7554843E-4
2.21	  2.6116334E-4
2.22	  2.475207E-4
2.23	  2.3458275E-4
2.24	  2.2231368E-4
2.25	  2.106794E-4
2.26	  1.9964755E-4
2.27	  1.8918738E-4
2.28	  1.7926969E-4
2.29	  1.6986672E-4
2.3	  1.6095211E-4
2.31	  1.5250086E-4
2.32	  1.4448917E-4
2.33	  1.3689446E-4
2.34	  1.2969534E-4
2.35	  1.2287141E-4
2.36	  1.16403375E-4
2.37	  1.10272886E-4
2.38	  1.0446253E-4
2.39	  9.895579E-5
2.4	  9.3736955E-5
2.41	  8.879115E-5
2.42	  8.410424E-5
2.43	  7.9662816E-5
2.44	  7.5454154E-5
2.45	  7.146618E-5
2.46	  6.768743E-5
2.47	  6.410704E-5
2.48	  6.0714694E-5
2.49	  5.750061E-5
2.5	  5.4455504E-5
2.51	  5.1570576E-5
2.52	  4.8837475E-5
2.53	  4.624828E-5
2.54	  4.3795473E-5
2.55	  4.147194E-5
2.56	  3.9270915E-5
2.57	  3.7185997E-5
2.58	  3.521111E-5
2.59	  3.334049E-5
2.6	  3.1568674E-5
2.61	  2.9890483E-5
2.62	  2.8301009E-5
2.63	  2.6795595E-5
2.64	  2.5369825E-5
2.65	  2.4019519E-5
2.66	  2.2740707E-5
2.67	  2.1529631E-5
2.68	  2.0382728E-5
2.69	  1.9296618E-5
2.7	  1.8268101E-5
2.71	  1.7294142E-5
2.72	  1.6371865E-5
2.73	  1.5498543E-5
2.74	  1.4671595E-5
2.75	  1.3888572E-5
2.76	  1.3147154E-5
2.77	  1.2445144E-5
2.78	  1.178046E-5
2.79	  1.1151126E-5
2.8	  1.05552745E-5
2.81	  9.991132E-6
2.82	  9.457021E-6
2.83	  8.9513505E-6
2.84	  8.472614E-6
2.85	  8.019384E-6
2.86	  7.590308E-6
2.87	  7.1841055E-6
2.88	  6.799563E-6
2.89	  6.43553E-6
2.9	  6.0909183E-6
2.91	  5.7646967E-6
2.92	  5.4558877E-6
2.93	  5.163566E-6
2.94	  4.886856E-6
2.95	  4.624926E-6
2.96	  4.376991E-6
2.97	  4.142306E-6
2.98	  3.920165E-6
2.99	  3.7099014E-6
3.0	  3.510882E-6
3.01	  3.3225076E-6
3.02	  3.1442114E-6
3.03	  2.9754558E-6
3.04	  2.8157326E-6
3.05	  2.6645598E-6
3.06	  2.5214815E-6
3.07	  2.3860655E-6
3.08	  2.2579031E-6
3.09	  2.1366068E-6
3.1	  2.0218104E-6
3.11	  1.9131664E-6
3.12	  1.8103461E-6
3.13	  1.7130385E-6
3.14	  1.6209489E-6
3.15	  1.5337982E-6
3.16	  1.4513226E-6
3.17	  1.3732719E-6
3.18	  1.2994092E-6
3.19	  1.2295108E-6
3.2	  1.1633641E-6
3.21	  1.1007687E-6
3.22	  1.0415341E-6
3.23	  9.854807E-7
3.24	  9.3243784E-7
3.25	  8.822443E-7
3.26	  8.347475E-7
3.27	  7.898028E-7
3.28	  7.472735E-7
3.29	  7.0703004E-7
3.3	  6.689499E-7
3.31	  6.329171E-7
3.32	  5.988217E-7
3.33	  5.665599E-7
3.34	  5.360332E-7
3.35	  5.0714857E-7
3.36	  4.798178E-7
3.37	  4.5395757E-7
3.38	  4.2948886E-7
3.39	  4.0633697E-7
3.4	  3.8443116E-7
3.41	  3.6370452E-7
3.42	  3.4409368E-7
3.43	  3.255387E-7
3.44	  3.0798284E-7
3.45	  2.913724E-7
3.46	  2.7565656E-7
3.47	  2.6078723E-7
3.48	  2.4671888E-7
3.49	  2.3340846E-7
3.5	  2.2081518E-7
3.51	  2.089005E-7
3.52	  1.976279E-7
3.53	  1.8696282E-7
3.54	  1.7687259E-7
3.55	  1.6732628E-7
3.56	  1.5829458E-7
3.57	  1.4974984E-7
3.58	  1.4166581E-7
3.59	  1.340177E-7
3.6	  1.2678204E-7
3.61	  1.199366E-7
3.62	  1.13460395E-7
3.63	  1.0733351E-7
3.64	  1.0153715E-7
3.65	  9.605349E-8
3.66	  9.086569E-8
3.67	  8.5957815E-8
3.68	  8.1314774E-8
3.69	  7.692229E-8
3.7	  7.276686E-8
3.71	  6.883571E-8
3.72	  6.511675E-8
3.73	  6.159854E-8
3.74	  5.8270256E-8
3.75	  5.512165E-8
3.76	  5.214304E-8
3.77	  4.9325255E-8
3.78	  4.6659622E-8
3.79	  4.413793E-8
3.8	  4.1752422E-8
3.81	  3.9495742E-8
3.82	  3.7360948E-8
3.83	  3.5341458E-8
3.84	  3.343105E-8
3.85	  3.1623838E-8
3.86	  2.9914258E-8
3.87	  2.8297032E-8
3.88	  2.6767182E-8
3.89	  2.531999E-8
3.9	  2.395099E-8
3.91	  2.2655966E-8
3.92	  2.143092E-8
3.93	  2.0272076E-8
3.94	  1.9175857E-8
3.95	  1.8138884E-8
3.96	  1.7157957E-8
3.97	  1.6230048E-8
3.98	  1.5352295E-8
3.99	  1.4521987E-8
4.0	  1.3736562E-8


