
X-Axis: Log10 Interevent Time (years)
Y-Axis: Probability Density (1/yr)
Number of Data Sets: 5


DATASET #1

     Name: Simulated
   Points: 55
     Info: 

Data[x,y]:
-3.95	  16.714294
-3.85	  17.70218
-3.75	  14.061341
-3.65	  16.75398
-3.55	  11.090134
-3.45	  14.094729
-3.35	  6.997401
-3.25	  10.00482
-3.15	  7.064099
-3.05	  4.9098115
-2.95	  6.1285744
-2.85	  1.770218
-2.75	  3.866869
-2.65	  1.3961651
-2.55	  1.5526187
-2.45	  1.5856571
-2.35	  1.1195842
-2.25	  1.000482
-2.15	  0.88301235
-2.05	  0.91182214
-1.95	  0.891429
-1.85	  1.0178753
-1.75	  0.66791373
-1.65	  0.64223593
-1.55	  0.59886724
-1.45	  0.49331555
-1.35	  0.46182847
-1.25	  0.32237753
-1.15	  0.33554468
-1.05	  0.3436868
-0.95	  0.33428589
-0.85	  0.24783053
-0.75	  0.32341087
-0.65	  0.30715632
-0.55	  0.23954688
-0.45	  0.23432489
-0.35	  0.22811528
-0.25	  0.22788757
-0.15	  0.19956079
-0.05	  0.19078125
0.05	  0.20057152
0.15	  0.17436647
0.25	  0.15748702
0.35	  0.12621333
0.45	  0.11178855
0.55	  0.0998964
0.65	  0.07683147
0.75	  0.05602699
0.85	  0.040000457
0.95	  0.023356674
1.05	  0.014374292
1.15	  0.0062400186
1.25	  0.0029528819
1.35	  6.422359E-4
1.45	  1.330816E-4



DATASET #2

Name: Mean=3.61
Num Points: 2
Info: 

X, Y Data:
0.5572659	  1.0E-4
0.5572659	  100.0



DATASET #3

     Name: Poisson
   Points: 55
     Info: 

Data[x,y]:
-3.95	  0.27718318
-3.85	  0.27718088
-3.75	  0.277178
-3.65	  0.27717435
-3.55	  0.2771698
-3.45	  0.27716404
-3.35	  0.2771568
-3.25	  0.27714768
-3.15	  0.27713618
-3.05	  0.27712172
-2.95	  0.27710354
-2.85	  0.27708063
-2.75	  0.27705178
-2.65	  0.27701548
-2.55	  0.2769698
-2.45	  0.2769123
-2.35	  0.2768399
-2.25	  0.2767488
-2.15	  0.27663416
-2.05	  0.2764899
-1.95	  0.2763084
-1.85	  0.27608007
-1.75	  0.2757929
-1.65	  0.2754318
-1.55	  0.2749779
-1.45	  0.27440754
-1.35	  0.2736912
-1.25	  0.2727921
-1.15	  0.27166447
-1.05	  0.2702516
-0.95	  0.26848355
-0.85	  0.2662744
-0.75	  0.2635195
-0.65	  0.26009247
-0.55	  0.25584248
-0.45	  0.2505923
-0.35	  0.24413818
-0.25	  0.2362527
-0.15	  0.22669256
-0.05	  0.21521415
0.05	  0.20159978
0.15	  0.18569754
0.25	  0.16747682
0.35	  0.14709704
0.45	  0.124980606
0.55	  0.10186952
0.65	  0.07883215
0.75	  0.057179652
0.85	  0.038263135
0.95	  0.023167582
1.05	  0.012394873
1.15	  0.005693242
1.25	  0.0021682302
1.35	  6.563983E-4
1.45	  1.5004045E-4



DATASET #4

Name: Power-Law Fit
Num Points: 31
Info: 

X, Y Data:
-3.95	16.887669
-3.85	14.68578
-3.75	12.770982
-3.65	11.1058445
-3.55	9.657815
-3.45	8.398585
-3.35	7.30354
-3.25	6.351272
-3.15	5.5231647
-3.05	4.80303
-2.95	4.1767893
-2.85	3.632201
-2.75	3.1586185
-2.65	2.7467835
-2.55	2.3886456
-2.45	2.0772033
-2.35	1.8063684
-2.25	1.570846
-2.15	1.366032
-2.05	1.1879227
-1.95	1.033036
-1.85	0.89834416
-1.75	0.781214
-1.65	0.67935586
-1.55	0.5907784
-1.45	0.5137501
-1.35	0.44676504
-1.25	0.3885138
-1.15	0.33785763
-1.05	0.29380625
-1.0083104	0.27718318



DATASET #5

Name: 
Num Points: 26
Info: 

X, Y Data:
-1.0083104	0.27718318
-0.95	0.25549847
-0.85	0.22218545
-0.75	0.19321592
-0.65	0.16802356
-0.55	0.1461159
-0.45	0.12706466
-0.35	0.1104974
-0.25	0.09609025
-0.15	0.08356158
-0.05	0.072666444
0.05	0.06319187
0.15	0.05495263
0.25	0.04778766
0.35	0.04155689
0.45	0.03613852
0.55	0.031426616
0.65	0.027329074
0.75	0.023765787
0.85	0.020667098
0.95	0.017972428
1.05	0.015629103
1.15	0.013591311
1.25	0.0118192155
1.35	0.010278173
1.45	0.008938059


