
X-Axis: Normalized Interevent Time
Y-Axis: Probability
Number of Data Sets: 3


DATASET #1

     Name: Bruce 4682 Histogram
   Points: 41
     Info: 

Data[x,y]:
0.05	  0.018064294
0.15	  0.01511678
0.25	  0.016771525
0.35	  0.022925105
0.45	  0.027113678
0.55	  0.032353703
0.65	  0.04048953
0.75	  0.057795398
0.85	  0.09828493
0.95	  0.13737826
1.05	  0.14485909
1.15	  0.124847025
1.25	  0.09699216
1.35	  0.0677411
1.45	  0.040799793
1.55	  0.02127036
1.65	  0.013703353
1.75	  0.008377144
1.85	  0.0056192363
1.95	  0.0033784367
2.05	  0.0018098768
2.15	  0.0013617168
2.25	  8.79083E-4
2.35	  6.0329225E-4
2.45	  3.4473842E-4
2.55	  2.413169E-4
2.65	  1.551323E-4
2.75	  1.2065845E-4
2.85	  1.551323E-4
2.95	  8.6184606E-5
3.05	  6.894769E-5
3.15	  3.4473844E-5
3.25	  0.0
3.35	  0.0
3.45	  1.7236922E-5
3.55	  3.4473844E-5
3.65	  1.7236922E-5
3.75	  3.4473844E-5
3.85	  5.1710766E-5
3.95	  1.7236922E-5
4.05	  8.6184606E-5



DATASET #2

     Name: Log-Normal Fit
   Points: 401
     Info: 

Data[x,y]:
0.005	  0.0
0.015	  1.0452178E-25
0.025	  7.833873E-21
0.035	  1.08486284E-17
0.045	  1.9467009E-15
0.055	  1.0225734E-13
0.065	  2.381276E-12
0.075	  3.1243667E-11
0.085	  2.685305E-10
0.095	  1.6716402E-9
0.105	  8.083798E-9
0.115	  3.194038E-8
0.125	  1.0704887E-7
0.135	  3.1310717E-7
0.145	  8.170382E-7
0.155	  1.9354131E-6
0.165	  4.220111E-6
0.175	  8.566216E-6
0.185	  1.6337555E-5
0.195	  2.9501927E-5
0.205	  5.0765524E-5
0.215	  8.369481E-5
0.225	  1.3281417E-4
0.235	  2.03669E-4
0.245	  3.0284646E-4
0.255	  4.3794894E-4
0.265	  6.17519E-4
0.275	  8.5091725E-4
0.285	  0.0011481585
0.295	  0.0015197118
0.305	  0.001976276
0.315	  0.0025285357
0.325	  0.0031869123
0.335	  0.0039613177
0.345	  0.0048609166
0.355	  0.0058939117
0.365	  0.0070673497
0.375	  0.008386962
0.385	  0.009857032
0.395	  0.011480304
0.405	  0.013257923
0.415	  0.015189406
0.425	  0.01727266
0.435	  0.019504009
0.445	  0.021878261
0.455	  0.024388805
0.465	  0.027027711
0.475	  0.029785855
0.485	  0.03265306
0.495	  0.035618234
0.505	  0.038669527
0.515	  0.041794475
0.525	  0.044980165
0.535	  0.04821336
0.545	  0.05148066
0.555	  0.054768622
0.565	  0.058063913
0.575	  0.06135338
0.585	  0.064624205
0.595	  0.06786396
0.605	  0.071060725
0.615	  0.07420311
0.625	  0.07728038
0.635	  0.08028246
0.645	  0.08319997
0.655	  0.0860243
0.665	  0.08874758
0.675	  0.09136273
0.685	  0.09386341
0.695	  0.096244104
0.705	  0.09850003
0.715	  0.10062715
0.725	  0.10262217
0.735	  0.104482494
0.745	  0.1062062
0.755	  0.10779203
0.765	  0.1092393
0.775	  0.110547945
0.785	  0.111718416
0.795	  0.11275168
0.805	  0.11364917
0.815	  0.114412725
0.825	  0.11504462
0.835	  0.11554746
0.845	  0.115924165
0.855	  0.11617794
0.865	  0.11631226
0.875	  0.116330795
0.885	  0.11623742
0.895	  0.11603615
0.905	  0.11573114
0.915	  0.11532665
0.925	  0.114827015
0.935	  0.114236616
0.945	  0.11355987
0.955	  0.11280123
0.965	  0.11196511
0.975	  0.11105593
0.985	  0.11007805
0.995	  0.10903579
1.005	  0.10793342
1.015	  0.1067751
1.025	  0.105564944
1.035	  0.10430695
1.045	  0.10300502
1.055	  0.10166296
1.065	  0.10028445
1.075	  0.098873064
1.085	  0.09743223
1.095	  0.095965296
1.105	  0.09447545
1.115	  0.09296577
1.125	  0.09143919
1.135	  0.089898534
1.145	  0.0883465
1.155	  0.086785644
1.165	  0.08521841
1.175	  0.0836471
1.185	  0.08207393
1.195	  0.08050095
1.205	  0.07893014
1.215	  0.07736332
1.225	  0.07580224
1.235	  0.07424851
1.245	  0.072703645
1.255	  0.07116907
1.265	  0.0696461
1.275	  0.06813595
1.285	  0.06663975
1.295	  0.065158546
1.305	  0.06369329
1.315	  0.062244866
1.325	  0.060814057
1.335	  0.05940159
1.345	  0.058008116
1.355	  0.056634218
1.365	  0.05528041
1.375	  0.053947154
1.385	  0.05263485
1.395	  0.051343836
1.405	  0.050074402
1.415	  0.048826795
1.425	  0.047601204
1.435	  0.046397783
1.445	  0.045216642
1.455	  0.04405785
1.465	  0.042921443
1.475	  0.04180742
1.485	  0.04071575
1.495	  0.03964637
1.505	  0.038599197
1.515	  0.037574112
1.525	  0.03657098
1.535	  0.03558964
1.545	  0.034629915
1.555	  0.033691607
1.565	  0.032774497
1.575	  0.031878363
1.585	  0.031002954
1.595	  0.030148014
1.605	  0.02931328
1.615	  0.028498469
1.625	  0.027703295
1.635	  0.026927466
1.645	  0.026170675
1.655	  0.025432618
1.665	  0.024712982
1.675	  0.024011446
1.685	  0.023327693
1.695	  0.0226614
1.705	  0.022012236
1.715	  0.02137988
1.725	  0.020764003
1.735	  0.020164276
1.745	  0.01958037
1.755	  0.019011961
1.765	  0.018458722
1.775	  0.01792033
1.785	  0.017396461
1.795	  0.016886797
1.805	  0.016391018
1.815	  0.015908815
1.825	  0.015439872
1.835	  0.014983883
1.845	  0.014540546
1.855	  0.0141095575
1.865	  0.013690624
1.875	  0.013283454
1.885	  0.012887759
1.895	  0.012503255
1.905	  0.012129665
1.915	  0.011766715
1.925	  0.011414135
1.935	  0.011071661
1.945	  0.010739032
1.955	  0.0104159955
1.965	  0.0101023
1.975	  0.009797701
1.985	  0.009501957
1.995	  0.009214835
2.005	  0.008936103
2.015	  0.0086655365
2.025	  0.008402914
2.035	  0.008148019
2.045	  0.007900642
2.055	  0.007660576
2.065	  0.00742762
2.075	  0.0072015757
2.085	  0.0069822515
2.095	  0.0067694597
2.105	  0.0065630167
2.115	  0.006362744
2.125	  0.006168467
2.135	  0.005980015
2.145	  0.0057972227
2.155	  0.005619928
2.165	  0.0054479726
2.175	  0.005281204
2.185	  0.005119472
2.195	  0.00496263
2.205	  0.004810537
2.215	  0.0046630544
2.225	  0.0045200475
2.235	  0.004381385
2.245	  0.00424694
2.255	  0.0041165873
2.265	  0.0039902073
2.275	  0.0038676818
2.285	  0.003748897
2.295	  0.0036337418
2.305	  0.003522108
2.315	  0.0034138907
2.325	  0.0033089877
2.335	  0.0032072999
2.345	  0.003108731
2.355	  0.003013187
2.365	  0.0029205773
2.375	  0.0028308132
2.385	  0.002743809
2.395	  0.002659481
2.405	  0.0025777481
2.415	  0.0024985322
2.425	  0.0024217563
2.435	  0.0023473466
2.445	  0.0022752308
2.455	  0.0022053393
2.465	  0.002137604
2.475	  0.0020719592
2.485	  0.0020083408
2.495	  0.0019466868
2.505	  0.0018869372
2.515	  0.0018290335
2.525	  0.0017729191
2.535	  0.0017185389
2.545	  0.0016658397
2.555	  0.0016147696
2.565	  0.0015652786
2.575	  0.0015173181
2.585	  0.0014708407
2.595	  0.0014258006
2.605	  0.0013821537
2.615	  0.0013398568
2.625	  0.001298868
2.635	  0.001259147
2.645	  0.0012206546
2.655	  0.0011833527
2.665	  0.0011472043
2.675	  0.0011121739
2.685	  0.0010782266
2.695	  0.0010453289
2.705	  0.0010134482
2.715	  9.825531E-4
2.725	  9.526128E-4
2.735	  9.2359766E-4
2.745	  8.95479E-4
2.755	  8.6822896E-4
2.765	  8.4182055E-4
2.775	  8.162276E-4
2.785	  7.914247E-4
2.795	  7.6738733E-4
2.805	  7.4409164E-4
2.815	  7.2151463E-4
2.825	  6.996339E-4
2.835	  6.784278E-4
2.845	  6.5787527E-4
2.855	  6.379561E-4
2.865	  6.1865046E-4
2.875	  5.999393E-4
2.885	  5.818042E-4
2.895	  5.642271E-4
2.905	  5.471908E-4
2.915	  5.306783E-4
2.925	  5.1467336E-4
2.935	  4.9916026E-4
2.945	  4.8412365E-4
2.955	  4.695487E-4
2.965	  4.5542105E-4
2.975	  4.417268E-4
2.985	  4.284525E-4
2.995	  4.1558506E-4
3.005	  4.0311186E-4
3.015	  3.910206E-4
3.025	  3.792995E-4
3.035	  3.67937E-4
3.045	  3.5692198E-4
3.055	  3.4624364E-4
3.065	  3.3589156E-4
3.075	  3.2585557E-4
3.085	  3.161259E-4
3.095	  3.0669305E-4
3.105	  2.9754778E-4
3.115	  2.886812E-4
3.125	  2.800847E-4
3.135	  2.717499E-4
3.145	  2.6366863E-4
3.155	  2.5583315E-4
3.165	  2.4823577E-4
3.175	  2.4086917E-4
3.185	  2.337262E-4
3.195	  2.2679994E-4
3.205	  2.200837E-4
3.215	  2.13571E-4
3.225	  2.0725555E-4
3.235	  2.0113126E-4
3.245	  1.9519225E-4
3.255	  1.8943277E-4
3.265	  1.8384733E-4
3.275	  1.7843052E-4
3.285	  1.7317719E-4
3.295	  1.680823E-4
3.305	  1.6314097E-4
3.315	  1.5834846E-4
3.325	  1.5370022E-4
3.335	  1.4919181E-4
3.345	  1.4481893E-4
3.355	  1.4057742E-4
3.365	  1.3646328E-4
3.375	  1.3247256E-4
3.385	  1.286015E-4
3.395	  1.2484644E-4
3.405	  1.2120382E-4
3.415	  1.176702E-4
3.425	  1.14242255E-4
3.435	  1.1091674E-4
3.445	  1.0769055E-4
3.455	  1.04560626E-4
3.465	  1.0152405E-4
3.475	  9.857796E-5
3.485	  9.571962E-5
3.495	  9.2946335E-5
3.505	  9.0255526E-5
3.515	  8.764468E-5
3.525	  8.511137E-5
3.535	  8.265324E-5
3.545	  8.026801E-5
3.555	  7.795345E-5
3.565	  7.570744E-5
3.575	  7.352789E-5
3.585	  7.141278E-5
3.595	  6.936017E-5
3.605	  6.7368164E-5
3.615	  6.5434935E-5
3.625	  6.35587E-5
3.635	  6.1737745E-5
3.645	  5.9970393E-5
3.655	  5.825503E-5
3.665	  5.6590095E-5
3.675	  5.497406E-5
3.685	  5.3405463E-5
3.695	  5.1882867E-5
3.705	  5.0404895E-5
3.715	  4.8970207E-5
3.725	  4.75775E-5
3.735	  4.6225516E-5
3.745	  4.4913035E-5
3.755	  4.3638873E-5
3.765	  4.2401884E-5
3.775	  4.1200954E-5
3.785	  4.0035004E-5
3.795	  3.8902992E-5
3.805	  3.78039E-5
3.815	  3.673675E-5
3.825	  3.570059E-5
3.835	  3.4694494E-5
3.845	  3.3717566E-5
3.855	  3.276894E-5
3.865	  3.184778E-5
3.875	  3.095326E-5
3.885	  3.0084595E-5
3.895	  2.9241015E-5
3.905	  2.842178E-5
3.915	  2.7626165E-5
3.925	  2.6853475E-5
3.935	  2.6103027E-5
3.945	  2.5374167E-5
3.955	  2.4666257E-5
3.965	  2.3978677E-5
3.975	  2.3310828E-5
3.985	  2.2662129E-5
3.995	  2.2032014E-5
4.005	  2.1419939E-5



DATASET #3

     Name: BPT Fit
   Points: 401
     Info: Mean = 100.0, Aperiodicity = 0.5, Duration = 30.0, Delta T = 1.0, Num Points = 500, Historic Open Interval = 0.0
Computed mean = 0.99775976

Data[x,y]:
0.0	  0.0
0.01	  0.0
0.02	  0.0
0.03	  0.0
0.04	  1.6474248E-36
0.05	  1.1692342E-28
0.06	  1.8825138E-23
0.07	  9.412937E-20
0.08	  5.3984427E-17
0.09	  7.330841E-15
0.1	  3.6390623E-13
0.11	  8.702274E-12
0.12	  1.2046959E-10
0.13	  1.0961978E-9
0.14	  7.1782136E-9
0.15	  3.6147306E-8
0.16	  1.4711253E-7
0.17	  5.0259547E-7
0.18	  1.484511E-6
0.19	  3.880039E-6
0.2	  9.141948E-6
0.21	  1.9711008E-5
0.22	  3.9370545E-5
0.23	  7.3590076E-5
0.24	  1.2980992E-4
0.25	  2.1762244E-4
0.26	  3.4881695E-4
0.27	  5.372713E-4
0.28	  7.986902E-4
0.29	  0.0011502063
0.3	  0.0016098717
0.31	  0.002196076
0.32	  0.0029269287
0.33	  0.003819644
0.34	  0.004889962
0.35	  0.006151631
0.36	  0.0076159793
0.37	  0.009291573
0.38	  0.011183991
0.39	  0.013295683
0.4	  0.015625948
0.41	  0.018170983
0.42	  0.020924015
0.43	  0.023875507
0.44	  0.027013404
0.45	  0.03032342
0.46	  0.033789355
0.47	  0.03739343
0.48	  0.041116603
0.49	  0.044938922
0.5	  0.048839826
0.51	  0.052798443
0.52	  0.056793887
0.53	  0.06080549
0.54	  0.06481304
0.55	  0.06879697
0.56	  0.07273854
0.57	  0.076619975
0.58	  0.080424584
0.59	  0.084136836
0.6	  0.08774244
0.61	  0.09122839
0.62	  0.09458298
0.63	  0.09779583
0.64	  0.100857854
0.65	  0.10376126
0.66	  0.10649952
0.67	  0.109067306
0.68	  0.11146044
0.69	  0.11367588
0.7	  0.1157116
0.71	  0.11756656
0.72	  0.11924065
0.73	  0.12073458
0.74	  0.122049846
0.75	  0.12318865
0.76	  0.12415384
0.77	  0.124948815
0.78	  0.12557751
0.79	  0.12604429
0.8	  0.12635392
0.81	  0.1265115
0.82	  0.12652239
0.83	  0.12639222
0.84	  0.12612674
0.85	  0.12573192
0.86	  0.12521379
0.87	  0.12457843
0.88	  0.123832
0.89	  0.12298062
0.9	  0.122030385
0.91	  0.12098737
0.92	  0.11985756
0.93	  0.11864682
0.94	  0.11736096
0.95	  0.11600561
0.96	  0.11458628
0.97	  0.11310835
0.98	  0.11157702
0.99	  0.109997325
1.0	  0.10837412
1.01	  0.1067121
1.02	  0.10501577
1.03	  0.10328945
1.04	  0.10153726
1.05	  0.09976316
1.06	  0.09797092
1.07	  0.096164115
1.08	  0.094346136
1.09	  0.09252021
1.1	  0.090689376
1.11	  0.08885651
1.12	  0.087024316
1.13	  0.085195325
1.14	  0.083371915
1.15	  0.08155631
1.16	  0.07975058
1.17	  0.07795667
1.18	  0.07617634
1.19	  0.07441126
1.2	  0.07266294
1.21	  0.0709328
1.22	  0.06922209
1.23	  0.067532
1.24	  0.06586359
1.25	  0.06421779
1.26	  0.06259548
1.27	  0.060997404
1.28	  0.05942424
1.29	  0.05787658
1.3	  0.056354932
1.31	  0.054859728
1.32	  0.05339133
1.33	  0.051950037
1.34	  0.050536085
1.35	  0.049149647
1.36	  0.04779084
1.37	  0.046459734
1.38	  0.045156352
1.39	  0.043880668
1.4	  0.042632617
1.41	  0.041412093
1.42	  0.040218953
1.43	  0.03905303
1.44	  0.03791412
1.45	  0.036801986
1.46	  0.035716377
1.47	  0.034657013
1.48	  0.03362359
1.49	  0.032615792
1.5	  0.03163328
1.51	  0.030675702
1.52	  0.02974269
1.53	  0.02883387
1.54	  0.02794885
1.55	  0.027087236
1.56	  0.026248619
1.57	  0.025432589
1.58	  0.02463873
1.59	  0.023866616
1.6	  0.023115829
1.61	  0.022385936
1.62	  0.02167651
1.63	  0.020987123
1.64	  0.020317346
1.65	  0.01966675
1.66	  0.01903491
1.67	  0.018421398
1.68	  0.017825795
1.69	  0.01724768
1.7	  0.01668664
1.71	  0.016142264
1.72	  0.015614142
1.73	  0.015101874
1.74	  0.014605063
1.75	  0.014123317
1.76	  0.013656249
1.77	  0.013203479
1.78	  0.012764634
1.79	  0.012339343
1.8	  0.011927247
1.81	  0.011527987
1.82	  0.011141216
1.83	  0.010766592
1.84	  0.0104037775
1.85	  0.010052443
1.86	  0.009712267
1.87	  0.009382932
1.88	  0.009064132
1.89	  0.008755563
1.9	  0.008456928
1.91	  0.00816794
1.92	  0.007888316
1.93	  0.00761778
1.94	  0.007356064
1.95	  0.0071029044
1.96	  0.006858045
1.97	  0.0066212364
1.98	  0.006392235
1.99	  0.0061708027
2.0	  0.0059567094
2.01	  0.0057497285
2.02	  0.005549642
2.03	  0.0053562354
2.04	  0.0051693013
2.05	  0.0049886373
2.06	  0.004814047
2.07	  0.0046453387
2.08	  0.004482327
2.09	  0.0043248306
2.1	  0.0041726744
2.11	  0.0040256875
2.12	  0.0038837038
2.13	  0.0037465629
2.14	  0.003614108
2.15	  0.003486188
2.16	  0.0033626545
2.17	  0.0032433656
2.18	  0.003128182
2.19	  0.0030169692
2.2	  0.0029095968
2.21	  0.0028059382
2.22	  0.002705871
2.23	  0.0026092755
2.24	  0.0025160369
2.25	  0.0024260434
2.26	  0.0023391864
2.27	  0.002255361
2.28	  0.0021744657
2.29	  0.002096402
2.3	  0.0020210743
2.31	  0.0019483904
2.32	  0.0018782608
2.33	  0.0018105988
2.34	  0.0017453206
2.35	  0.001682345
2.36	  0.0016215937
2.37	  0.0015629906
2.38	  0.001506462
2.39	  0.0014519368
2.4	  0.0013993463
2.41	  0.0013486237
2.42	  0.0012997047
2.43	  0.001252527
2.44	  0.0012070305
2.45	  0.0011631567
2.46	  0.0011208494
2.47	  0.0010800542
2.48	  0.0010407185
2.49	  0.0010027912
2.5	  9.662234E-4
2.51	  9.3096745E-4
2.52	  8.9697744E-4
2.53	  8.642089E-4
2.54	  8.326191E-4
2.55	  8.021665E-4
2.56	  7.728111E-4
2.57	  7.4451434E-4
2.58	  7.1723876E-4
2.59	  6.909483E-4
2.6	  6.656081E-4
2.61	  6.4118457E-4
2.62	  6.1764516E-4
2.63	  5.9495855E-4
2.64	  5.730944E-4
2.65	  5.5202347E-4
2.66	  5.3171755E-4
2.67	  5.1214936E-4
2.68	  4.932925E-4
2.69	  4.7512172E-4
2.7	  4.576124E-4
2.71	  4.4074084E-4
2.72	  4.2448426E-4
2.73	  4.088206E-4
2.74	  3.9372858E-4
2.75	  3.7918767E-4
2.76	  3.6517804E-4
2.77	  3.5168062E-4
2.78	  3.3867694E-4
2.79	  3.261492E-4
2.8	  3.1408024E-4
2.81	  3.0245353E-4
2.82	  2.9125303E-4
2.83	  2.8046337E-4
2.84	  2.7006972E-4
2.85	  2.6005768E-4
2.86	  2.5041346E-4
2.87	  2.411237E-4
2.88	  2.3217555E-4
2.89	  2.235566E-4
2.9	  2.152549E-4
2.91	  2.072589E-4
2.92	  1.9955749E-4
2.93	  1.9213992E-4
2.94	  1.849959E-4
2.95	  1.781154E-4
2.96	  1.7148882E-4
2.97	  1.6510692E-4
2.98	  1.5896074E-4
2.99	  1.5304168E-4
3.0	  1.4734142E-4
3.01	  1.4185195E-4
3.02	  1.3656558E-4
3.03	  1.3147485E-4
3.04	  1.265726E-4
3.05	  1.2185191E-4
3.06	  1.1730613E-4
3.07	  1.12928836E-4
3.08	  1.0871383E-4
3.09	  1.0465516E-4
3.1	  1.00747086E-4
3.11	  9.6984055E-5
3.12	  9.336073E-5
3.13	  8.987198E-5
3.14	  8.651284E-5
3.15	  8.327854E-5
3.16	  8.0164464E-5
3.17	  7.7166194E-5
3.18	  7.427946E-5
3.19	  7.150012E-5
3.2	  6.8824236E-5
3.21	  6.624798E-5
3.22	  6.376766E-5
3.23	  6.137973E-5
3.24	  5.908078E-5
3.25	  5.6867513E-5
3.26	  5.473676E-5
3.27	  5.2685467E-5
3.28	  5.0710685E-5
3.29	  4.8809587E-5
3.3	  4.6979436E-5
3.31	  4.52176E-5
3.32	  4.3521548E-5
3.33	  4.1888838E-5
3.34	  4.0317118E-5
3.35	  3.8804126E-5
3.36	  3.7347676E-5
3.37	  3.594567E-5
3.38	  3.4596087E-5
3.39	  3.3296972E-5
3.4	  3.2046453E-5
3.41	  3.084272E-5
3.42	  2.9684032E-5
3.43	  2.8568711E-5
3.44	  2.7495145E-5
3.45	  2.6461777E-5
3.46	  2.5467112E-5
3.47	  2.4509704E-5
3.48	  2.3588165E-5
3.49	  2.270116E-5
3.5	  2.18474E-5
3.51	  2.1025644E-5
3.52	  2.0234696E-5
3.53	  1.9473411E-5
3.54	  1.8740679E-5
3.55	  1.8035431E-5
3.56	  1.7356644E-5
3.57	  1.670333E-5
3.58	  1.6074535E-5
3.59	  1.5469343E-5
3.6	  1.4886871E-5
3.61	  1.43262705E-5
3.62	  1.3786724E-5
3.63	  1.3267442E-5
3.64	  1.2767668E-5
3.65	  1.228667E-5
3.66	  1.1823748E-5
3.67	  1.1378223E-5
3.68	  1.0949444E-5
3.69	  1.05367835E-5
3.7	  1.0139638E-5
3.71	  9.757427E-6
3.72	  9.38959E-6
3.73	  9.035587E-6
3.74	  8.694901E-6
3.75	  8.367033E-6
3.76	  8.051501E-6
3.77	  7.747843E-6
3.78	  7.4556124E-6
3.79	  7.174382E-6
3.8	  6.9037383E-6
3.81	  6.643284E-6
3.82	  6.3926364E-6
3.83	  6.1514274E-6
3.84	  5.9193026E-6
3.85	  5.6959207E-6
3.86	  5.4809534E-6
3.87	  5.2740843E-6
3.88	  5.0750095E-6
3.89	  4.883436E-6
3.9	  4.6990817E-6
3.91	  4.5216752E-6
3.92	  4.3509554E-6
3.93	  4.186671E-6
3.94	  4.0285795E-6
3.95	  3.876449E-6
3.96	  3.7300538E-6
3.97	  3.5891792E-6
3.98	  3.4536172E-6
3.99	  3.323168E-6
4.0	  3.197639E-6


