
X-Axis: Period (s)
Y-Axis: PSA (g)
Number of Data Sets: 16


DATASET #1

Name: ASK2014 ±σ
Num Points: 22
Info: 

X, Y Data:
0.01	0.029934764	[0.015941529	0.05621105]
0.02	0.030312069	[0.016147781	0.05690079]
0.03	0.031387184	[0.016744545	0.058834404]
0.05	0.03541817	[0.018789774	0.06676222]
0.075	0.04229634	[0.022298906	0.08022726]
0.1	0.048591875	[0.02541519	0.092903905]
0.15	0.06110111	[0.031627588	0.118040785]
0.2	0.07073808	[0.036327474	0.13774356]
0.25	0.075104214	[0.03827169	0.1473842]
0.3	0.07451919	[0.03765308	0.14748089]
0.4	0.07525679	[0.037703298	0.15021454]
0.5	0.072362445	[0.0359444	0.14567843]
0.75	0.05535405	[0.027143331	0.11288485]
1.0	0.041805774	[0.020235352	0.08636976]
1.5	0.028403686	[0.013629227	0.059194066]
2.0	0.020979693	[0.009979377	0.044105712]
3.0	0.013230527	[0.0063485373	0.027572785]
4.0	0.009689633	[0.0046900976	0.020018559]
5.0	0.0076055136	[0.0036813158	0.015712814]
6.0	0.006683385	[0.0032349757	0.01380772]
7.5	0.0057310527	[0.002774016	0.011840222]
10.0	0.004464912	[0.0021611627	0.0092244055]



DATASET #2

Name: 
Num Points: 22
Info: 

X, Y Data:
0.01	0.05621105
0.02	0.05690079
0.03	0.058834404
0.05	0.06676222
0.075	0.08022726
0.1	0.092903905
0.15	0.118040785
0.2	0.13774356
0.25	0.1473842
0.3	0.14748089
0.4	0.15021454
0.5	0.14567843
0.75	0.11288485
1.0	0.08636976
1.5	0.059194066
2.0	0.044105712
3.0	0.027572785
4.0	0.020018559
5.0	0.015712814
6.0	0.01380772
7.5	0.011840222
10.0	0.0092244055



DATASET #3

Name: 
Num Points: 22
Info: 

X, Y Data:
0.01	0.015941529
0.02	0.016147781
0.03	0.016744545
0.05	0.018789774
0.075	0.022298906
0.1	0.02541519
0.15	0.031627588
0.2	0.036327474
0.25	0.03827169
0.3	0.03765308
0.4	0.037703298
0.5	0.0359444
0.75	0.027143331
1.0	0.020235352
1.5	0.013629227
2.0	0.009979377
3.0	0.0063485373
4.0	0.0046900976
5.0	0.0036813158
6.0	0.0032349757
7.5	0.002774016
10.0	0.0021611627



DATASET #4

Name: BSSA2014 ±σ
Num Points: 21
Info: 

X, Y Data:
0.01	0.032640014	[0.017709998	0.060156442]
0.02	0.03169381	[0.017165702	0.058517713]
0.03	0.031923696	[0.016942464	0.060151957]
0.05	0.03405892	[0.017074246	0.06793917]
0.075	0.040661845	[0.019630402	0.084225774]
0.1	0.048571743	[0.023399072	0.10082512]
0.15	0.06233458	[0.031177081	0.124630004]
0.2	0.06987697	[0.036495823	0.1337904]
0.25	0.0715378	[0.038009726	0.13464074]
0.3	0.070619226	[0.037850227	0.13175814]
0.4	0.06394849	[0.034060746	0.12006225]
0.5	0.056676015	[0.029537855	0.108747594]
0.75	0.04128882	[0.020813832	0.08190547]
1.0	0.031202791	[0.015593732	0.06243625]
1.5	0.0204863	[0.010228892	0.041029714]
2.0	0.014784842	[0.00734107	0.029776525]
3.0	0.009784957	[0.0048195557	0.019866021]
4.0	0.007615948	[0.0037518514	0.015459744]
5.0	0.0061626155	[0.0030405086	0.012490617]
7.5	0.004095995	[0.002056307	0.008158886]
10.0	0.002598555	[0.0013571526	0.0049754824]



DATASET #5

Name: 
Num Points: 21
Info: 

X, Y Data:
0.01	0.060156442
0.02	0.058517713
0.03	0.060151957
0.05	0.06793917
0.075	0.084225774
0.1	0.10082512
0.15	0.124630004
0.2	0.1337904
0.25	0.13464074
0.3	0.13175814
0.4	0.12006225
0.5	0.108747594
0.75	0.08190547
1.0	0.06243625
1.5	0.041029714
2.0	0.029776525
3.0	0.019866021
4.0	0.015459744
5.0	0.012490617
7.5	0.008158886
10.0	0.0049754824



DATASET #6

Name: 
Num Points: 21
Info: 

X, Y Data:
0.01	0.017709998
0.02	0.017165702
0.03	0.016942464
0.05	0.017074246
0.075	0.019630402
0.1	0.023399072
0.15	0.031177081
0.2	0.036495823
0.25	0.038009726
0.3	0.037850227
0.4	0.034060746
0.5	0.029537855
0.75	0.020813832
1.0	0.015593732
1.5	0.010228892
2.0	0.00734107
3.0	0.0048195557
4.0	0.0037518514
5.0	0.0030405086
7.5	0.002056307
10.0	0.0013571526



DATASET #7

Name: CB2014 ±σ
Num Points: 21
Info: 

X, Y Data:
0.01	0.03465246	[0.019341784	0.06208285]
0.02	0.034819327	[0.019363023	0.06261345]
0.03	0.037348412	[0.020466095	0.068156816]
0.05	0.042647917	[0.022684867	0.080178775]
0.075	0.0476825	[0.02447927	0.092879444]
0.1	0.05219295	[0.02649012	0.10283472]
0.15	0.057323366	[0.02972325	0.110552125]
0.2	0.06165419	[0.032509234	0.116928]
0.25	0.06921574	[0.037037767	0.12934953]
0.3	0.074871644	[0.0394921	0.14194643]
0.4	0.06958905	[0.036364134	0.13317063]
0.5	0.06352369	[0.032662045	0.12354582]
0.75	0.05075951	[0.024905391	0.10345262]
1.0	0.03801289	[0.018495243	0.0781271]
1.5	0.026811915	[0.013010937	0.055251878]
2.0	0.018313415	[0.008993275	0.037292443]
3.0	0.011559731	[0.0056678248	0.023576487]
4.0	0.007865589	[0.0039716223	0.015577385]
5.0	0.0053342623	[0.002666383	0.010671518]
7.5	0.0026725277	[0.0013271759	0.005381656]
10.0	0.0015315427	[7.623433E-4	0.0030768595]



DATASET #8

Name: 
Num Points: 21
Info: 

X, Y Data:
0.01	0.06208285
0.02	0.06261345
0.03	0.068156816
0.05	0.080178775
0.075	0.092879444
0.1	0.10283472
0.15	0.110552125
0.2	0.116928
0.25	0.12934953
0.3	0.14194643
0.4	0.13317063
0.5	0.12354582
0.75	0.10345262
1.0	0.0781271
1.5	0.055251878
2.0	0.037292443
3.0	0.023576487
4.0	0.015577385
5.0	0.010671518
7.5	0.005381656
10.0	0.0030768595



DATASET #9

Name: 
Num Points: 21
Info: 

X, Y Data:
0.01	0.019341784
0.02	0.019363023
0.03	0.020466095
0.05	0.022684867
0.075	0.02447927
0.1	0.02649012
0.15	0.02972325
0.2	0.032509234
0.25	0.037037767
0.3	0.0394921
0.4	0.036364134
0.5	0.032662045
0.75	0.024905391
1.0	0.018495243
1.5	0.013010937
2.0	0.008993275
3.0	0.0056678248
4.0	0.0039716223
5.0	0.002666383
7.5	0.0013271759
10.0	7.623433E-4



DATASET #10

Name: CY2014 ±σ
Num Points: 24
Info: 

X, Y Data:
0.01	0.034040056	[0.01936104	0.05984831]
0.02	0.034107357	[0.019359577	0.060089733]
0.03	0.03559271	[0.019949045	0.06350384]
0.04	0.038609415	[0.021453295	0.06948523]
0.05	0.04218209	[0.023289252	0.076401286]
0.075	0.05084511	[0.027748303	0.09316696]
0.1	0.056967024	[0.030797893	0.1053722]
0.12	0.06025279	[0.032364383	0.11217265]
0.15	0.063275546	[0.03371604	0.11875043]
0.17	0.06470888	[0.034327064	0.12198071]
0.2	0.06629095	[0.034956638	0.12571262]
0.25	0.0663649	[0.034711316	0.1268837]
0.3	0.064996086	[0.033769023	0.12509958]
0.4	0.059345476	[0.030520258	0.11539501]
0.5	0.053764746	[0.027442474	0.10533481]
0.75	0.041176084	[0.020773856	0.08161556]
1.0	0.03218158	[0.01615182	0.06411996]
1.5	0.022300057	[0.011117979	0.044728685]
2.0	0.016835848	[0.008397273	0.033754505]
3.0	0.011020178	[0.00552564	0.021978326]
4.0	0.0072828787	[0.0036640065	0.014476045]
5.0	0.0049158754	[0.0024809556	0.009740533]
7.5	0.0022832954	[0.0011592516	0.004497245]
10.0	0.0012851872	[6.5529224E-4	0.0025205642]



DATASET #11

Name: 
Num Points: 24
Info: 

X, Y Data:
0.01	0.05984831
0.02	0.060089733
0.03	0.06350384
0.04	0.06948523
0.05	0.076401286
0.075	0.09316696
0.1	0.1053722
0.12	0.11217265
0.15	0.11875043
0.17	0.12198071
0.2	0.12571262
0.25	0.1268837
0.3	0.12509958
0.4	0.11539501
0.5	0.10533481
0.75	0.08161556
1.0	0.06411996
1.5	0.044728685
2.0	0.033754505
3.0	0.021978326
4.0	0.014476045
5.0	0.009740533
7.5	0.004497245
10.0	0.0025205642



DATASET #12

Name: 
Num Points: 24
Info: 

X, Y Data:
0.01	0.01936104
0.02	0.019359577
0.03	0.019949045
0.04	0.021453295
0.05	0.023289252
0.075	0.027748303
0.1	0.030797893
0.12	0.032364383
0.15	0.03371604
0.17	0.034327064
0.2	0.034956638
0.25	0.034711316
0.3	0.033769023
0.4	0.030520258
0.5	0.027442474
0.75	0.020773856
1.0	0.01615182
1.5	0.011117979
2.0	0.008397273
3.0	0.00552564
4.0	0.0036640065
5.0	0.0024809556
7.5	0.0011592516
10.0	6.5529224E-4



DATASET #13

Name: Psa5_N
Num Points: 63
Info: 

X, Y Data:
0.01	0.014409
0.011	0.014409
0.012	0.01441
0.013	0.01441
0.015	0.014412
0.017	0.014413
0.02	0.014416
0.022	0.014418
0.025	0.014422
0.029	0.014427
0.032	0.014431
0.035	0.014436
0.04	0.014446
0.045	0.014456
0.05	0.014468
0.055	0.014481
0.06	0.014495
0.065	0.01451
0.075	0.014545
0.085	0.014586
0.1	0.014656
0.11	0.01471
0.12	0.01477
0.13	0.014836
0.15	0.014987
0.17	0.015165
0.2	0.01549
0.22	0.015754
0.24	0.01606
0.26	0.016415
0.28	0.017045
0.3	0.017565
0.35	0.016355
0.4	0.022546
0.45	0.025963
0.5	0.039012
0.55	0.039827
0.6	0.032331
0.65	0.041404
0.75	0.046518
0.85	0.053183
1.0	0.040441
1.1	0.041122
1.2	0.027671
1.3	0.022622
1.5	0.015533
1.7	0.015426
2.0	0.010932
2.2	0.0084406
2.4	0.0081206
2.6	0.0070587
2.8	0.0053545
3.0	0.0050307
3.5	0.0064652
4.0	0.0090512
4.4	0.010051
5.0	0.0078427
5.5	0.0055935
6.0	0.0028374
6.5	0.002708
7.5	0.0031515
8.5	0.0035511
10.0	0.0037727



DATASET #14

Name: Psa5_E
Num Points: 63
Info: 

X, Y Data:
0.01	0.024648
0.011	0.024649
0.012	0.024651
0.013	0.024652
0.015	0.024654
0.017	0.024657
0.02	0.024663
0.022	0.024667
0.025	0.024673
0.029	0.024684
0.032	0.024692
0.035	0.024702
0.04	0.02472
0.045	0.02474
0.05	0.024762
0.055	0.024788
0.06	0.024815
0.065	0.024845
0.075	0.024913
0.085	0.024991
0.1	0.025129
0.11	0.025234
0.12	0.025351
0.13	0.025481
0.15	0.025778
0.17	0.026132
0.2	0.026788
0.22	0.027328
0.24	0.027974
0.26	0.028738
0.28	0.029738
0.3	0.03099
0.35	0.031397
0.4	0.040139
0.45	0.047671
0.5	0.064964
0.55	0.062067
0.6	0.05998
0.65	0.064585
0.75	0.075424
0.85	0.089265
1.0	0.061565
1.1	0.054571
1.2	0.030884
1.3	0.034962
1.5	0.029829
1.7	0.026674
2.0	0.01577
2.2	0.012493
2.4	0.010594
2.6	0.0093156
2.8	0.0074926
3.0	0.0075429
3.5	0.0071285
4.0	0.0057559
4.4	0.0045057
5.0	0.0034527
5.5	0.0027636
6.0	0.002259
6.5	0.001477
7.5	0.0011954
8.5	9.6479E-4
10.0	6.9895E-4



DATASET #15

Name: RotD50
Num Points: 63
Info: 

X, Y Data:
0.01	0.01846
0.011	0.018461
0.012	0.018461
0.013	0.018462
0.015	0.018464
0.017	0.018466
0.02	0.01847
0.022	0.018473
0.025	0.018478
0.029	0.018485
0.032	0.018491
0.035	0.018498
0.04	0.018511
0.045	0.018526
0.05	0.018542
0.055	0.01856
0.06	0.01858
0.065	0.018602
0.075	0.018651
0.085	0.018708
0.1	0.018807
0.11	0.018883
0.12	0.018967
0.13	0.019061
0.15	0.019274
0.17	0.019528
0.2	0.020008
0.22	0.020402
0.24	0.020849
0.26	0.021465
0.28	0.022379
0.3	0.023498
0.35	0.024194
0.4	0.030663
0.45	0.035909
0.5	0.052606
0.55	0.051239
0.6	0.047757
0.65	0.05428
0.75	0.05843
0.85	0.066811
1.0	0.050544
1.1	0.046067
1.2	0.030163
1.3	0.030161
1.5	0.023771
1.7	0.02158
2.0	0.014055
2.2	0.0112
2.4	0.010066
2.6	0.0082898
2.8	0.0065029
3.0	0.0063466
3.5	0.0064718
4.0	0.0065402
4.4	0.0071848
5.0	0.0056497
5.5	0.0040227
6.0	0.0026617
6.5	0.0023047
7.5	0.0024067
8.5	0.0025127
10.0	0.0027848



DATASET #16

Name: RotD100
Num Points: 63
Info: 

X, Y Data:
0.01	0.025602
0.011	0.025603
0.012	0.025604
0.013	0.025605
0.015	0.025608
0.017	0.025611
0.02	0.025616
0.022	0.02562
0.025	0.025627
0.029	0.025638
0.032	0.025646
0.035	0.025656
0.04	0.025674
0.045	0.025695
0.05	0.025718
0.055	0.025743
0.06	0.025771
0.065	0.025801
0.075	0.02587
0.085	0.025949
0.1	0.026088
0.11	0.026194
0.12	0.026313
0.13	0.026443
0.15	0.026742
0.17	0.027098
0.2	0.027754
0.22	0.028293
0.24	0.028929
0.26	0.029663
0.28	0.030667
0.3	0.031869
0.35	0.032359
0.4	0.042033
0.45	0.050728
0.5	0.064973
0.55	0.064486
0.6	0.065964
0.65	0.075491
0.75	0.082004
0.85	0.092392
1.0	0.069849
1.1	0.0598
1.2	0.038416
1.3	0.036049
1.5	0.032294
1.7	0.027279
2.0	0.01578
2.2	0.0132
2.4	0.01122
2.6	0.0095439
2.8	0.0083446
3.0	0.0082638
3.5	0.0075887
4.0	0.0091482
4.4	0.010159
5.0	0.0079518
5.5	0.0055968
6.0	0.0029165
6.5	0.0027148
7.5	0.0031515
8.5	0.0035525
10.0	0.0037739


