
X-Axis: 10.0s SA (g)
Y-Axis: Annual Probabilitiy
Number of Data Sets: 5


DATASET #1

Name: UCERF3
Num Points: 401
Info: 

X, Y Data:
1.0E-4	0.051998425
1.0333392E-4	0.05198192
1.06779E-4	0.05196373
1.1033893E-4	0.051943727
1.14017545E-4	0.051921755
1.178188E-4	0.051897664
1.2174679E-4	0.05187129
1.2580573E-4	0.05184246
1.3E-4	0.051811002
1.334183E-4	0.051784117
1.369265E-4	0.051755372
1.4052694E-4	0.05172467
1.4422205E-4	0.051691905
1.4801433E-4	0.051656976
1.5190631E-4	0.05161978
1.5590065E-4	0.051580198
1.6E-4	0.05153812
1.645257E-4	0.051489994
1.691794E-4	0.051438708
1.7396474E-4	0.051384114
1.7888544E-4	0.051326066
1.8394532E-4	0.051264405
1.8914833E-4	0.051198978
1.944985E-4	0.05112963
2.0E-4	0.051056203
2.0565712E-4	0.050978538
2.1147425E-4	0.05089647
2.1745593E-4	0.05080984
2.236068E-4	0.050718494
2.2993165E-4	0.050622266
2.364354E-4	0.050520997
2.4312311E-4	0.05041453
2.5E-4	0.050302707
2.5783465E-4	0.05017258
2.659148E-4	0.0500355
2.742482E-4	0.04989127
2.8284272E-4	0.049739696
2.917066E-4	0.049580585
3.0084825E-4	0.04941375
3.102764E-4	0.049239025
3.2E-4	0.049056232
3.290514E-4	0.048883922
3.383588E-4	0.04870478
3.4792948E-4	0.0485187
3.5777088E-4	0.04832558
3.6789064E-4	0.04812533
3.7829665E-4	0.04791787
3.88997E-4	0.04770312
4.0E-4	0.047481015
4.1131425E-4	0.0472515
4.229485E-4	0.047014523
4.3491187E-4	0.04677004
4.472136E-4	0.046518028
4.598633E-4	0.04625846
4.728708E-4	0.045991335
4.8624622E-4	0.045716643
5.0E-4	0.045434397
5.1465514E-4	0.045134135
5.2973983E-4	0.04482583
5.4526667E-4	0.044509526
5.612486E-4	0.044185292
5.77699E-4	0.043853194
5.946315E-4	0.043513324
6.120603E-4	0.043165777
6.3E-4	0.04281067
6.4807665E-4	0.042455725
6.6667196E-4	0.04209378
6.858008E-4	0.04172497
7.0547854E-4	0.04134945
7.257209E-4	0.040967375
7.465441E-4	0.04057893
7.6796475E-4	0.040184293
7.9E-4	0.03978366
8.136239E-4	0.039360214
8.379543E-4	0.038930725
8.630122E-4	0.038495447
8.8881946E-4	0.038054638
9.153984E-4	0.037608575
9.427722E-4	0.037157536
9.7096455E-4	0.03670181
0.001	0.03624169
0.0010293103	0.0357866
0.0010594797	0.035327867
0.0010905333	0.034865785
0.0011224973	0.034400653
0.001155398	0.033932775
0.001189263	0.033462454
0.0012241206	0.03298999
0.00126	0.03251569
0.0012961533	0.03204975
0.0013333439	0.031582624
0.0013716016	0.031114597
0.0014109571	0.030645946
0.0014514418	0.03017695
0.0014930882	0.02970788
0.0015359295	0.029239004
0.00158	0.028770586
0.0016272478	0.028283454
0.0016759086	0.027797382
0.0017260244	0.027312642
0.0017776389	0.026829502
0.0018307968	0.026348218
0.0018855444	0.025869038
0.0019419291	0.025392199
0.002	0.02491793
0.0020575977	0.024463572
0.002116854	0.024011984
0.002177817	0.023563344
0.0022405356	0.023117818
0.0023050604	0.02267556
0.0023714434	0.02223672
0.0024397383	0.021801434
0.00251	0.021369832
0.0025833033	0.02093612
0.0026587474	0.020506432
0.0027363948	0.020080877
0.0028163097	0.019659553
0.0028985585	0.019242546
0.0029832094	0.018829938
0.0030703326	0.018421805
0.00316	0.018018212
0.0032524571	0.017618494
0.0033476194	0.017223444
0.003445566	0.016833112
0.0035463783	0.016447537
0.0036501405	0.016066754
0.0037569385	0.015690798
0.003866861	0.015319693
0.00398	0.014953463
0.004096165	0.014592992
0.0042157196	0.014237408
0.0043387646	0.013886724
0.0044654002	0.013540951
0.0045957323	0.013200096
0.0047298684	0.012864169
0.0048679197	0.012533172
0.00501	0.012207111
0.005156579	0.011885234
0.0053074467	0.011568321
0.005462728	0.011256372
0.0056225527	0.010949389
0.0057870536	0.010647372
0.005956367	0.0103503205
0.0061306343	0.010058234
0.00631	0.009771112
0.006493865	0.009490071
0.0066830874	0.0092139505
0.0068778237	0.008942749
0.007078234	0.008676466
0.0072844843	0.0084150955
0.0074967444	0.008158636
0.00771519	0.007907083
0.00794	0.0076604304
0.008172275	0.007417741
0.008411343	0.007179978
0.008657407	0.0069471314
0.008910668	0.006719192
0.009171338	0.006496148
0.009439633	0.0062779863
0.009715778	0.006064691
0.01	0.0058562458
0.010292081	0.0056529394
0.010592694	0.0054544276
0.010902087	0.005260686
0.011220517	0.005071689
0.011548247	0.0048874067
0.011885551	0.0047078086
0.012232705	0.0045328606
0.01259	0.0043625254
0.012957647	0.0041968008
0.013336032	0.0040356056
0.013725464	0.0038788952
0.01412627	0.0037266219
0.014538779	0.0035787353
0.014963334	0.0034351824
0.015400288	0.003295908
0.01585	0.003160854
0.016312422	0.0030300762
0.016788337	0.0029033886
0.017278135	0.0027807264
0.017782224	0.0026620235
0.01830102	0.002547211
0.01883495	0.0024362188
0.019384459	0.0023289751
0.01995	0.0022254062
0.020533005	0.0021252779
0.021133045	0.0020286853
0.021750621	0.0019355519
0.022386245	0.0018457994
0.023040446	0.0017593493
0.023713762	0.0016761223
0.024406755	0.0015960393
0.02512	0.0015190202
0.025853088	0.0014450831
0.02660757	0.001374043
0.027384069	0.0013058209
0.02818323	0.001240338
0.029005712	0.001177516
0.029852198	0.0011172774
0.030723387	0.0010595452
0.03162	0.0010042434
0.032543603	9.5125096E-4
0.033494186	9.005433E-4
0.034472536	8.520472E-4
0.03547946	8.056903E-4
0.0365158	7.6140166E-4
0.03758241	7.1911165E-4
0.03868017	6.787517E-4
0.03981	6.402548E-4
0.040972695	6.035594E-4
0.042169347	5.6859676E-4
0.04340095	5.353041E-4
0.044668525	5.0361996E-4
0.04597312	4.734845E-4
0.047315817	4.448394E-4
0.04869773	4.1762757E-4
0.05012	3.917936E-4
0.0515838	3.6728362E-4
0.053090356	3.4404488E-4
0.05464091	3.2202623E-4
0.05623675	3.0117802E-4
0.0578792	2.8145185E-4
0.059569612	2.628009E-4
0.0613094	2.4517952E-4
0.0631	2.2854356E-4
0.06494172	2.1285971E-4
0.066837184	1.9807565E-4
0.06878798	1.8415114E-4
0.070795715	1.7104717E-4
0.072862044	1.5872595E-4
0.074988686	1.471509E-4
0.077177405	1.3628663E-4
0.07943	1.260989E-4
0.08174976	1.1654899E-4
0.08413727	1.0761122E-4
0.08659451	9.925461E-5
0.08912351	9.1449285E-5
0.09172637	8.416641E-5
0.09440525	7.737819E-5
0.097162366	7.1057846E-5
0.1	6.5179614E-5
0.102919795	5.971998E-5
0.10592484	5.4653658E-5
0.109017625	4.99578E-5
0.112200715	4.5610475E-5
0.11547674	4.1590687E-5
0.11884842	3.7878322E-5
0.12231855	3.4454155E-5
0.12589	3.1299824E-5
0.12956645	2.8397273E-5
0.13335027	2.573044E-5
0.13724458	2.3283443E-5
0.14125264	2.1041182E-5
0.14537773	1.8989334E-5
0.14962329	1.7114331E-5
0.15399285	1.540333E-5
0.15849	1.3844199E-5
0.16311829	1.2425558E-5
0.16788174	1.1136562E-5
0.17278428	9.967081E-6
0.17783	8.907607E-6
0.18302307	7.949227E-6
0.18836778	7.0836086E-6
0.19386858	6.302964E-6
0.19953	5.6000354E-6
0.20535603	4.968142E-6
0.21135218	4.400921E-6
0.21752341	3.8925573E-6
0.22387484	3.4376671E-6
0.23041171	3.0312772E-6
0.23713945	2.668802E-6
0.24406363	2.3460204E-6
0.25119	2.0590558E-6
0.25852492	1.8043365E-6
0.26607406	1.5786296E-6
0.27384362	1.3789626E-6
0.28184006	1.2026267E-6
0.29007	1.0471574E-6
0.29854023	9.10317E-7
0.30725783	7.900775E-7
0.31623	6.846052E-7
0.32546407	5.922455E-7
0.33496782	5.1150636E-7
0.34474903	4.4104752E-7
0.3548159	3.7966691E-7
0.3651767	3.2628756E-7
0.37584007	2.7994747E-7
0.3868148	2.3978853E-7
0.39811	2.0504716E-7
0.40973493	1.7504543E-7
0.42169935	1.4918294E-7
0.4340131	1.2692784E-7
0.44668642	1.0781073E-7
0.4597298	9.141826E-8
0.47315407	7.738723E-8
0.4869703	6.5398666E-8
0.50119	5.5173583E-8
0.5158249	4.64683E-8
0.5308872	3.9069896E-8
0.5463893	3.279359E-8
0.5623441	2.747872E-8
0.57876474	2.2986066E-8
0.59566486	1.9195255E-8
0.61305845	1.6002359E-8
0.63096	1.3317843E-8
0.6493842	1.1064871E-8
0.6683464	9.177381E-9
0.6878623	7.598961E-9
0.7079481	6.281396E-9
0.72862035	5.1835034E-9
0.7498962	4.270244E-9
0.7717934	3.5119938E-9
0.79433	2.883503E-9
0.8175246	2.3635227E-9
0.8413966	1.9340574E-9
0.86596555	1.5799485E-9
0.8912519	1.2885479E-9
0.9172767	1.0491794E-9
0.9440614	8.528458E-10
0.97162825	6.9209194E-10
1.0	5.6066796E-10
1.029201	4.534345E-10
1.0592546	3.6614378E-10
1.090186	2.9517022E-10
1.1220205	2.3754088E-10
1.1547846	1.9085611E-10
1.1885055	1.5307144E-10
1.223211	1.2258239E-10
1.25893	9.800105E-11
1.2956905	7.821532E-11
1.3335243	6.230183E-11
1.3724631	4.955447E-11
1.4125386	3.934475E-11
1.4537846	3.1179836E-11
1.4962348	2.4660274E-11
1.5399245	1.946665E-11
1.58489	1.5336732E-11
1.6311698	1.2061241E-11
1.678801	9.471424E-12
1.727823	7.411849E-12
1.7782766	5.788703E-12
1.8302034	4.510947E-12
1.8836465	3.5114134E-12
1.9386501	2.7152725E-12
1.99526	2.0993207E-12
2.0535233	1.6131541E-12
2.113488	1.2326806E-12
2.1752036	9.411361E-13
2.2387214	7.1698203E-13
2.304094	5.4145577E-13
2.3713756	4.046763E-13
2.4406219	2.9842795E-13
2.51189	2.230438E-13
2.5852382	1.6042723E-13
2.6607285	1.1790569E-13
2.7384229	8.448797E-14
2.818386	6.061818E-14
2.900684	4.340972E-14
2.9853854	3.042011E-14
3.0725598	2.1760371E-14
3.16228	1.5654145E-14
3.2546198	1.0658141E-14
3.3496559	7.660539E-15
3.447467	5.440093E-15
3.5481343	3.996803E-15
3.6517413	2.6645353E-15
3.7583735	1.5543122E-15
3.8681195	6.661338E-16
3.98107	4.440892E-16
4.097319	3.330669E-16
4.2169633	3.330669E-16
4.340101	0.0
4.466834	0.0
4.5972676	0.0
4.7315106	0.0
4.869673	0.0
5.01187	0.0
5.1582193	0.0
5.3088417	0.0
5.463863	0.0
5.62341	0.0
5.7876167	0.0
5.9566183	0.0
6.1305547	0.0
6.30957	0.0
6.493813	0.0
6.683436	0.0
6.878596	0.0
7.079455	0.0
7.286179	0.0
7.4989395	0.0
7.7179127	0.0
7.94328	0.0
8.175228	0.0
8.41395	0.0
8.659641	0.0
8.912508	0.0
9.172758	0.0
9.440608	0.0
9.716279	0.0
10.0	0.0



DATASET #2

Name: RSQSim
Num Points: 401
Info: 

X, Y Data:
1.0E-4	0.08465606
1.0333392E-4	0.08462843
1.06779E-4	0.08459818
1.1033893E-4	0.08456511
1.14017545E-4	0.084529005
1.178188E-4	0.08448964
1.2174679E-4	0.084446795
1.2580573E-4	0.084400214
1.3E-4	0.08434965
1.334183E-4	0.084306635
1.369265E-4	0.08426082
1.4052694E-4	0.08421208
1.4422205E-4	0.08416026
1.4801433E-4	0.08410521
1.5190631E-4	0.08404678
1.5590065E-4	0.08398483
1.6E-4	0.08391918
1.645257E-4	0.083844334
1.691794E-4	0.08376483
1.7396474E-4	0.08368045
1.7888544E-4	0.08359101
1.8394532E-4	0.08349626
1.8914833E-4	0.08339599
1.944985E-4	0.08328997
2.0E-4	0.083177984
2.0565712E-4	0.0830598
2.1147425E-4	0.08293518
2.1745593E-4	0.08280388
2.236068E-4	0.08266569
2.2993165E-4	0.08252035
2.364354E-4	0.08236763
2.4312311E-4	0.08220729
2.5E-4	0.0820391
2.5783465E-4	0.08184359
2.659148E-4	0.08163787
2.742482E-4	0.081421606
2.8284272E-4	0.0811945
2.917066E-4	0.08095623
3.0084825E-4	0.08070651
3.102764E-4	0.08044502
3.2E-4	0.0801715
3.290514E-4	0.07991366
3.383588E-4	0.079645544
3.4792948E-4	0.079366975
3.5777088E-4	0.07907774
3.6789064E-4	0.078777686
3.7829665E-4	0.078466624
3.88997E-4	0.078144394
4.0E-4	0.07781085
4.1131425E-4	0.077465855
4.229485E-4	0.077109255
4.3491187E-4	0.07674095
4.472136E-4	0.076360814
4.598633E-4	0.075968765
4.728708E-4	0.075564705
4.8624622E-4	0.07514856
5.0E-4	0.074720286
5.1465514E-4	0.07426387
5.2973983E-4	0.07379436
5.4526667E-4	0.073311724
5.612486E-4	0.07281597
5.77699E-4	0.07230711
5.946315E-4	0.0717852
6.120603E-4	0.07125027
6.3E-4	0.0707024
6.4807665E-4	0.07015346
6.6667196E-4	0.06959231
6.858008E-4	0.06901907
7.0547854E-4	0.06843388
7.257209E-4	0.067836896
7.465441E-4	0.067228295
7.6796475E-4	0.06660827
7.9E-4	0.06597703
8.136239E-4	0.06530787
8.379543E-4	0.064627066
8.630122E-4	0.06393492
8.8881946E-4	0.063231744
9.153984E-4	0.06251788
9.427722E-4	0.061793674
9.7096455E-4	0.061059505
0.001	0.060315758
0.0010293103	0.059577648
0.0010594797	0.058831118
0.0010905333	0.05807657
0.0011224973	0.057314437
0.001155398	0.056545146
0.001189263	0.055769138
0.0012241206	0.05498687
0.00126	0.05419881
0.0012961533	0.053421937
0.0013333439	0.052640405
0.0013716016	0.051854663
0.0014109571	0.051065166
0.0014514418	0.050272368
0.0014930882	0.049476735
0.0015359295	0.04867873
0.00158	0.047878806
0.0016272478	0.047044083
0.0016759086	0.046208303
0.0017260244	0.045371972
0.0017776389	0.044535603
0.0018307968	0.0436997
0.0018855444	0.04286475
0.0019419291	0.04203125
0.002	0.04119968
0.0020575977	0.040400658
0.002116854	0.039604273
0.002177817	0.038810927
0.0022405356	0.03802101
0.0023050604	0.037234902
0.0023714434	0.036452975
0.0024397383	0.03567559
0.00251	0.03490309
0.0025833033	0.0341252
0.0026587474	0.03335302
0.0027363948	0.03258687
0.0028163097	0.031827066
0.0028985585	0.03107391
0.0029832094	0.030327685
0.0030703326	0.02958867
0.00316	0.028857123
0.0032524571	0.028131982
0.0033476194	0.027414829
0.003445566	0.026705893
0.0035463783	0.026005385
0.0036501405	0.025313513
0.0037569385	0.02463047
0.003866861	0.023956437
0.00398	0.023291586
0.004096165	0.022637645
0.0042157196	0.021993153
0.0043387646	0.02135825
0.0044654002	0.020733064
0.0045957323	0.020117722
0.0047298684	0.019512333
0.0048679197	0.018917002
0.00501	0.018331826
0.005156579	0.017755538
0.0053074467	0.017189618
0.005462728	0.016634138
0.0056225527	0.016089162
0.0057870536	0.015554741
0.005956367	0.015030925
0.0061306343	0.014517753
0.00631	0.014015256
0.006493865	0.013525403
0.0066830874	0.013046178
0.0068778237	0.01257759
0.007078234	0.012119639
0.0072844843	0.011672319
0.0074967444	0.011235613
0.00771519	0.010809503
0.00794	0.010393955
0.008172275	0.009987378
0.008411343	0.009591364
0.008657407	0.009205861
0.008910668	0.008830807
0.009171338	0.008466136
0.009439633	0.008111771
0.009715778	0.007767631
0.01	0.007433626
0.010292081	0.0071101487
0.010592694	0.0067965756
0.010902087	0.0064927978
0.011220517	0.006198698
0.011548247	0.0059141545
0.011885551	0.005639039
0.012232705	0.0053732162
0.01259	0.005116547
0.012957647	0.004868939
0.013336032	0.004630185
0.013725464	0.0044001294
0.01412627	0.0041786125
0.014538779	0.0039654705
0.014963334	0.0037605357
0.015400288	0.003563637
0.01585	0.0033745996
0.016312422	0.0031934062
0.016788337	0.0030197033
0.017278135	0.0028533093
0.017782224	0.0026940403
0.01830102	0.002541711
0.01883495	0.0023961354
0.019384459	0.0022571252
0.01995	0.0021244925
0.020533005	0.0019978473
0.021133045	0.0018772221
0.021750621	0.0017624275
0.022386245	0.0016532751
0.023040446	0.0015495772
0.023713762	0.0014511475
0.024406755	0.0013578008
0.02512	0.0012693539
0.025853088	0.0011857346
0.02660757	0.0011066427
0.027384069	0.0010319016
0.02818323	9.613381E-4
0.029005712	8.9478155E-4
0.029852198	8.3206414E-4
0.030723387	7.7302137E-4
0.03162	7.1749213E-4
0.032543603	6.6527416E-4
0.033494186	6.162634E-4
0.034472536	5.7030935E-4
0.03547946	5.27265E-4
0.0365158	4.8698767E-4
0.03758241	4.493385E-4
0.03868017	4.1418284E-4
0.03981	3.8139027E-4
0.040972695	3.50838E-4
0.042169347	3.224002E-4
0.04340095	2.9595935E-4
0.044668525	2.7140215E-4
0.04597312	2.486196E-4
0.047315817	2.2750701E-4
0.04869773	2.07964E-4
0.05012	1.8989434E-4
0.0515838	1.7320615E-4
0.053090356	1.5781143E-4
0.05464091	1.4362641E-4
0.05623675	1.3057128E-4
0.0578792	1.18570155E-4
0.059569612	1.0755101E-4
0.0613094	9.744554E-5
0.0631	8.818911E-5
0.06494172	7.972571E-5
0.066837184	7.1991686E-5
0.06878798	6.493281E-5
0.070795715	5.849802E-5
0.072862044	5.2639385E-5
0.074988686	4.731193E-5
0.077177405	4.2473523E-5
0.07943	3.808477E-5
0.08174976	3.4106615E-5
0.08413727	3.0507474E-5
0.08659451	2.7255375E-5
0.08912351	2.4320601E-5
0.09172637	2.167558E-5
0.09440525	1.9294766E-5
0.097162366	1.7154534E-5
0.1	1.5233062E-5
0.102919795	1.3510622E-5
0.10592484	1.19682145E-5
0.109017625	1.0588825E-5
0.112200715	9.356839E-6
0.11547674	8.257947E-6
0.11884842	7.2790617E-6
0.12231855	6.408226E-6
0.12589	5.634537E-6
0.12956645	4.947942E-6
0.13335027	4.3395703E-6
0.13724458	3.8012263E-6
0.14125264	3.325483E-6
0.14537773	2.905621E-6
0.14962329	2.5355707E-6
0.15399285	2.2098584E-6
0.15849	1.9235545E-6
0.16311829	1.6722378E-6
0.16788174	1.4519177E-6
0.17278428	1.25903E-6
0.17783	1.0903851E-6
0.18302307	9.431337E-7
0.18836778	8.1473416E-7
0.19386858	7.02923E-7
0.19953	6.0568755E-7
0.20535603	5.212505E-7
0.21135218	4.4801595E-7
0.21752341	3.845826E-7
0.22387484	3.2971218E-7
0.23041171	2.8231224E-7
0.23713945	2.4142034E-7
0.24406363	2.0619005E-7
0.25119	1.7587793E-7
0.25852492	1.4983058E-7
0.26607406	1.2747932E-7
0.27384362	1.083252E-7
0.28184006	9.19327E-8
0.29007	7.7922245E-8
0.29854023	6.5963576E-8
0.30725783	5.5769714E-8
0.31623	4.709171E-8
0.32546407	3.9713946E-8
0.33496782	3.344983E-8
0.34474903	2.8138274E-8
0.3548159	2.3640343E-8
0.3651767	1.9836405E-8
0.37584007	1.662361E-8
0.3868148	1.3913647E-8
0.39811	1.1630827E-8
0.40973493	9.7103205E-9
0.42169935	8.096746E-9
0.4340131	6.742813E-9
0.44668642	5.6082397E-9
0.4597298	4.658697E-9
0.47315407	3.8650656E-9
0.4869703	3.2026002E-9
0.50119	2.6503448E-9
0.5158249	2.1905566E-9
0.5308872	1.8082632E-9
0.5463893	1.4908036E-9
0.5623441	1.2275346E-9
0.57876474	1.0094848E-9
0.59566486	8.2912477E-10
0.61305845	6.801273E-10
0.63096	5.572012E-10
0.6493842	4.5592108E-10
0.6683464	3.7258052E-10
0.6878623	3.0408598E-10
0.7079481	2.478754E-10
0.72862035	2.017948E-10
0.7498962	1.6407675E-10
0.7717934	1.332352E-10
0.79433	1.0805479E-10
0.8175246	8.752621E-11
0.8413966	7.0807915E-11
0.86596555	5.7205907E-11
0.8912519	4.6160742E-11
0.9172767	3.7201353E-11
0.9440614	2.994316E-11
0.97162825	2.4068747E-11
1.0	1.9322433E-11
1.029201	1.5492052E-11
1.0592546	1.2400414E-11
1.090186	9.9187325E-12
1.1220205	7.921996E-12
1.1547846	6.3198335E-12
1.1885055	5.0350835E-12
1.223211	4.0085713E-12
1.25893	3.186451E-12
1.2956905	2.5267566E-12
1.3335243	2.00151E-12
1.3724631	1.5817347E-12
1.4125386	1.2485568E-12
1.4537846	9.837686E-13
1.4962348	7.756018E-13
1.5399245	6.1051164E-13
1.58489	4.799494E-13
1.6311698	3.7514436E-13
1.678801	2.932099E-13
1.727823	2.2870594E-13
1.7782766	1.7763568E-13
1.8302034	1.3677948E-13
1.8836465	1.04916076E-13
1.9386501	8.1268325E-14
1.99526	6.261658E-14
2.0535233	4.8072657E-14
2.113488	3.5860204E-14
2.1752036	2.7644553E-14
2.2387214	2.1427304E-14
2.304094	1.6209256E-14
2.3713756	1.1879386E-14
2.4406219	8.9928065E-15
2.51189	6.8833828E-15
2.5852382	4.9960036E-15
2.6607285	3.5527137E-15
2.7384229	2.6645353E-15
2.818386	1.8873791E-15
2.900684	1.4432899E-15
2.9853854	1.110223E-15
3.0725598	7.771561E-16
3.16228	6.661338E-16
3.2546198	5.551115E-16
3.3496559	4.440892E-16
3.447467	2.220446E-16
3.5481343	2.220446E-16
3.6517413	1.110223E-16
3.7583735	1.110223E-16
3.8681195	1.110223E-16
3.98107	1.110223E-16
4.097319	0.0
4.2169633	0.0
4.340101	0.0
4.466834	0.0
4.5972676	0.0
4.7315106	0.0
4.869673	0.0
5.01187	0.0
5.1582193	0.0
5.3088417	0.0
5.463863	0.0
5.62341	0.0
5.7876167	0.0
5.9566183	0.0
6.1305547	0.0
6.30957	0.0
6.493813	0.0
6.683436	0.0
6.878596	0.0
7.079455	0.0
7.286179	0.0
7.4989395	0.0
7.7179127	0.0
7.94328	0.0
8.175228	0.0
8.41395	0.0
8.659641	0.0
8.912508	0.0
9.172758	0.0
9.440608	0.0
9.716279	0.0
10.0	0.0



DATASET #3

Name: 1000yr
Num Points: 2
Info: 

X, Y Data:
0.001	0.001
10.0	0.001



DATASET #4

Name: 2500yr
Num Points: 2
Info: 

X, Y Data:
0.001	4.0E-4
10.0	4.0E-4



DATASET #5

Name: 10000yr
Num Points: 2
Info: 

X, Y Data:
0.001	1.0E-4
10.0	1.0E-4


