
X-Axis: 0.2s SA (g)
Y-Axis: Annual Probabilitiy
Number of Data Sets: 5


DATASET #1

Name: UCERF3
Num Points: 401
Info: 

X, Y Data:
1.0E-4	0.057880756
1.0333392E-4	0.057880756
1.06779E-4	0.057880756
1.1033893E-4	0.057880756
1.14017545E-4	0.057880756
1.178188E-4	0.057880756
1.2174679E-4	0.057880756
1.2580573E-4	0.057880756
1.3E-4	0.057880756
1.334183E-4	0.057880756
1.369265E-4	0.057880756
1.4052694E-4	0.057880756
1.4422205E-4	0.057880756
1.4801433E-4	0.057880756
1.5190631E-4	0.057880756
1.5590065E-4	0.057880756
1.6E-4	0.057880756
1.645257E-4	0.057880756
1.691794E-4	0.057880756
1.7396474E-4	0.057880756
1.7888544E-4	0.057880756
1.8394532E-4	0.057880756
1.8914833E-4	0.057880756
1.944985E-4	0.057880756
2.0E-4	0.057880756
2.0565712E-4	0.057880756
2.1147425E-4	0.057880756
2.1745593E-4	0.057880756
2.236068E-4	0.057880756
2.2993165E-4	0.057880756
2.364354E-4	0.057880756
2.4312311E-4	0.057880756
2.5E-4	0.057880756
2.5783465E-4	0.057880756
2.659148E-4	0.057880756
2.742482E-4	0.057880756
2.8284272E-4	0.057880756
2.917066E-4	0.057880756
3.0084825E-4	0.057880756
3.102764E-4	0.057880756
3.2E-4	0.057880756
3.290514E-4	0.057880756
3.383588E-4	0.057880756
3.4792948E-4	0.057880756
3.5777088E-4	0.057880756
3.6789064E-4	0.057880756
3.7829665E-4	0.057880756
3.88997E-4	0.057880756
4.0E-4	0.057880756
4.1131425E-4	0.05788075
4.229485E-4	0.05788075
4.3491187E-4	0.05788075
4.472136E-4	0.05788075
4.598633E-4	0.057880748
4.728708E-4	0.057880748
4.8624622E-4	0.057880744
5.0E-4	0.057880744
5.1465514E-4	0.05788074
5.2973983E-4	0.057880737
5.4526667E-4	0.057880733
5.612486E-4	0.057880726
5.77699E-4	0.05788072
5.946315E-4	0.05788071
6.120603E-4	0.057880703
6.3E-4	0.057880692
6.4807665E-4	0.057880677
6.6667196E-4	0.057880662
6.858008E-4	0.057880644
7.0547854E-4	0.05788062
7.257209E-4	0.05788059
7.465441E-4	0.05788056
7.6796475E-4	0.057880525
7.9E-4	0.05788048
8.136239E-4	0.057880424
8.379543E-4	0.057880357
8.630122E-4	0.057880282
8.8881946E-4	0.05788019
9.153984E-4	0.05788008
9.427722E-4	0.057879955
9.7096455E-4	0.057879806
0.001	0.05787963
0.0010293103	0.057879426
0.0010594797	0.05787919
0.0010905333	0.05787892
0.0011224973	0.0578786
0.001155398	0.05787823
0.001189263	0.057877798
0.0012241206	0.057877302
0.00126	0.05787673
0.0012961533	0.05787608
0.0013333439	0.05787534
0.0013716016	0.057874486
0.0014109571	0.057873514
0.0014514418	0.0578724
0.0014930882	0.05787113
0.0015359295	0.057869684
0.00158	0.057868037
0.0016272478	0.05786609
0.0016759086	0.057863865
0.0017260244	0.05786134
0.0017776389	0.05785847
0.0018307968	0.05785522
0.0018855444	0.05785154
0.0019419291	0.057847388
0.002	0.057842705
0.0020575977	0.05783764
0.002116854	0.05783197
0.002177817	0.057825636
0.0022405356	0.057818577
0.0023050604	0.057810713
0.0023714434	0.057801973
0.0024397383	0.057792276
0.00251	0.057781532
0.0025833033	0.05776947
0.0026587474	0.057756133
0.0027363948	0.057741407
0.0028163097	0.057725176
0.0028985585	0.057707313
0.0029832094	0.05768769
0.0030703326	0.05766616
0.00316	0.05764259
0.0032524571	0.057616767
0.0033476194	0.05758858
0.003445566	0.05755786
0.0035463783	0.05752443
0.0036501405	0.057488117
0.0037569385	0.05744873
0.003866861	0.057406083
0.00398	0.057359975
0.004096165	0.057310328
0.0042157196	0.05725684
0.0043387646	0.057199296
0.0044654002	0.057137493
0.0045957323	0.057071216
0.0047298684	0.057000253
0.0048679197	0.056924388
0.00501	0.056843415
0.005156579	0.056756902
0.0053074467	0.056664832
0.005462728	0.056566995
0.0056225527	0.056463186
0.0057870536	0.056353208
0.005956367	0.056236867
0.0061306343	0.05611398
0.00631	0.05598437
0.006493865	0.05584843
0.0066830874	0.055705495
0.0068778237	0.055555426
0.007078234	0.055398084
0.0072844843	0.05523335
0.0074967444	0.055061113
0.00771519	0.05488128
0.00794	0.05469377
0.008172275	0.05449774
0.008411343	0.05429386
0.008657407	0.05408208
0.008910668	0.053862393
0.009171338	0.05363478
0.009439633	0.05339926
0.009715778	0.053155858
0.01	0.05290461
0.010292081	0.052645974
0.010592694	0.05237964
0.010902087	0.052105695
0.011220517	0.051824227
0.011548247	0.051535342
0.011885551	0.051239163
0.012232705	0.050935812
0.01259	0.05062543
0.012957647	0.050308228
0.013336032	0.04998429
0.013725464	0.049653776
0.01412627	0.049316846
0.014538779	0.048973665
0.014963334	0.0486244
0.015400288	0.048269216
0.01585	0.047908284
0.016312422	0.0475421
0.016788337	0.0471705
0.017278135	0.046793655
0.017782224	0.046411715
0.01830102	0.04602483
0.01883495	0.04563315
0.019384459	0.045236804
0.01995	0.04483593
0.020533005	0.044429984
0.021133045	0.044019733
0.021750621	0.04360529
0.022386245	0.04318675
0.023040446	0.04276421
0.023713762	0.04233775
0.024406755	0.041907452
0.02512	0.04147338
0.025853088	0.041036192
0.02660757	0.04059536
0.027384069	0.040150937
0.02818323	0.03970297
0.029005712	0.039251503
0.029852198	0.03879657
0.030723387	0.038338214
0.03162	0.03787647
0.032543603	0.037410963
0.033494186	0.03694214
0.034472536	0.036470037
0.03547946	0.0359947
0.0365158	0.03551618
0.03758241	0.03503453
0.03868017	0.034549806
0.03981	0.03406208
0.040972695	0.033571485
0.042169347	0.033078052
0.04340095	0.03258187
0.044668525	0.032083053
0.04597312	0.03158171
0.047315817	0.031077975
0.04869773	0.030571988
0.05012	0.030063897
0.0515838	0.029553873
0.053090356	0.029042091
0.05464091	0.028528737
0.05623675	0.028014014
0.0578792	0.027498133
0.059569612	0.026981322
0.0613094	0.026463812
0.0631	0.025945848
0.06494172	0.025428016
0.066837184	0.024910247
0.06878798	0.024392815
0.070795715	0.023875998
0.072862044	0.02336008
0.074988686	0.02284535
0.077177405	0.022332102
0.07943	0.021820633
0.08174976	0.021310937
0.08413727	0.020803623
0.08659451	0.020298991
0.08912351	0.019797342
0.09172637	0.019298974
0.09440525	0.018804183
0.097162366	0.018313259
0.1	0.01782649
0.102919795	0.017344272
0.10592484	0.016866762
0.109017625	0.016394228
0.112200715	0.015926927
0.11547674	0.0154651115
0.11884842	0.015009023
0.12231855	0.014558894
0.12589	0.014114945
0.12956645	0.013677306
0.13335027	0.01324626
0.13724458	0.012821999
0.14125264	0.012404701
0.14537773	0.01199453
0.14962329	0.011591642
0.15399285	0.011196179
0.15849	0.01080827
0.16311829	0.010428051
0.16788174	0.010055611
0.17278428	0.009691043
0.17783	0.009334429
0.18302307	0.00898584
0.18836778	0.008645334
0.19386858	0.008312958
0.19953	0.007988749
0.20535603	0.007672767
0.21135218	0.0073649865
0.21752341	0.00706541
0.22387484	0.0067740283
0.23041171	0.006490824
0.23713945	0.006215768
0.24406363	0.0059488225
0.25119	0.005689939
0.25852492	0.0054390444
0.26607406	0.0051960903
0.27384362	0.0049610017
0.28184006	0.0047336956
0.29007	0.0045140814
0.29854023	0.0043020607
0.30725783	0.0040975274
0.31623	0.003900369
0.32546407	0.0037104678
0.33496782	0.003527697
0.34474903	0.0033519259
0.3548159	0.0031830177
0.3651767	0.0030208318
0.37584007	0.002865222
0.3868148	0.002716039
0.39811	0.002573129
0.40973493	0.0024363361
0.42169935	0.0023055
0.4340131	0.0021804587
0.44668642	0.0020610485
0.4597298	0.0019471039
0.47315407	0.0018384582
0.4869703	0.0017349444
0.50119	0.0016363948
0.5158249	0.0015426418
0.5308872	0.0014535185
0.5463893	0.0013688586
0.5623441	0.0012884974
0.57876474	0.0012122709
0.59566486	0.0011400176
0.61305845	0.0010715781
0.63096	0.0010067952
0.6493842	9.4551453E-4
0.6683464	8.875845E-4
0.6878623	8.3285675E-4
0.7079481	7.811864E-4
0.72862035	7.3243194E-4
0.7498962	6.864558E-4
0.7717934	6.431241E-4
0.79433	6.0230715E-4
0.8175246	5.6387915E-4
0.8413966	5.2771857E-4
0.86596555	4.9370807E-4
0.8912519	4.617345E-4
0.9172767	4.3168923E-4
0.9440614	4.034677E-4
0.97162825	3.769698E-4
1.0	3.5209963E-4
1.029201	3.2876487E-4
1.0592546	3.0687868E-4
1.090186	2.863576E-4
1.1220205	2.6712223E-4
1.1547846	2.490971E-4
1.1885055	2.3221051E-4
1.223211	2.1639455E-4
1.25893	2.0158489E-4
1.2956905	1.8772122E-4
1.3335243	1.7474545E-4
1.3724631	1.6260333E-4
1.4125386	1.5124376E-4
1.4537846	1.4061852E-4
1.4962348	1.306823E-4
1.5399245	1.2139245E-4
1.58489	1.127089E-4
1.6311698	1.0459379E-4
1.678801	9.701204E-5
1.727823	8.993049E-5
1.7782766	8.331803E-5
1.8302034	7.714549E-5
1.8836465	7.138551E-5
1.9386501	6.601244E-5
1.99526	6.1002236E-5
2.0535233	5.6332294E-5
2.113488	5.19815E-5
2.1752036	4.7929996E-5
2.2387214	4.415916E-5
2.304094	4.0651485E-5
2.3713756	3.739055E-5
2.4406219	3.4360906E-5
2.51189	3.154804E-5
2.5852382	2.893833E-5
2.6607285	2.6518881E-5
2.7384229	2.4277595E-5
2.818386	2.2203074E-5
2.900684	2.0284577E-5
2.9853854	1.851198E-5
3.0725598	1.6875738E-5
3.16228	1.5366846E-5
3.2546198	1.3976819E-5
3.3496559	1.2697643E-5
3.447467	1.15217645E-5
3.5481343	1.044206E-5
3.6517413	9.451815E-6
3.7583735	8.544698E-6
3.8681195	7.7147515E-6
3.98107	6.95636E-6
4.097319	6.2642416E-6
4.2169633	5.6334366E-6
4.340101	5.0592816E-6
4.466834	4.537403E-6
4.5972676	4.063699E-6
4.7315106	3.6343301E-6
4.869673	3.245705E-6
5.01187	2.8944698E-6
5.1582193	2.577496E-6
5.3088417	2.2918694E-6
5.463863	2.03488E-6
5.62341	1.804011E-6
5.7876167	1.596929E-6
5.9566183	1.4114739E-6
6.1305547	1.24565E-6
6.30957	1.0976154E-6
6.493813	9.656745E-7
6.683436	8.4826866E-7
6.878596	7.439674E-7
7.079455	6.514607E-7
7.286179	5.695507E-7
7.4989395	4.9714475E-7
7.7179127	4.3324746E-7
7.94328	3.769541E-7
8.175228	3.2744396E-7
8.41395	2.8397403E-7
8.659641	2.458727E-7
8.912508	2.1253452E-7
9.172758	1.8341439E-7
9.440608	1.5802276E-7
9.716279	1.3592079E-7
10.0	1.1671587E-7



DATASET #2

Name: RSQSim
Num Points: 401
Info: 

X, Y Data:
1.0E-4	0.05224397
1.0333392E-4	0.05224397
1.06779E-4	0.05224397
1.1033893E-4	0.05224397
1.14017545E-4	0.05224397
1.178188E-4	0.05224397
1.2174679E-4	0.05224397
1.2580573E-4	0.05224397
1.3E-4	0.05224397
1.334183E-4	0.05224397
1.369265E-4	0.05224397
1.4052694E-4	0.05224397
1.4422205E-4	0.05224397
1.4801433E-4	0.05224397
1.5190631E-4	0.05224397
1.5590065E-4	0.05224397
1.6E-4	0.05224397
1.645257E-4	0.05224397
1.691794E-4	0.05224397
1.7396474E-4	0.05224397
1.7888544E-4	0.05224397
1.8394532E-4	0.05224397
1.8914833E-4	0.05224397
1.944985E-4	0.05224397
2.0E-4	0.05224397
2.0565712E-4	0.05224397
2.1147425E-4	0.05224397
2.1745593E-4	0.05224397
2.236068E-4	0.05224397
2.2993165E-4	0.05224397
2.364354E-4	0.05224397
2.4312311E-4	0.05224397
2.5E-4	0.05224397
2.5783465E-4	0.05224397
2.659148E-4	0.05224397
2.742482E-4	0.05224397
2.8284272E-4	0.05224397
2.917066E-4	0.05224397
3.0084825E-4	0.05224397
3.102764E-4	0.05224397
3.2E-4	0.05224397
3.290514E-4	0.05224397
3.383588E-4	0.05224397
3.4792948E-4	0.05224397
3.5777088E-4	0.05224397
3.6789064E-4	0.05224397
3.7829665E-4	0.05224397
3.88997E-4	0.05224397
4.0E-4	0.052243967
4.1131425E-4	0.052243967
4.229485E-4	0.052243967
4.3491187E-4	0.052243967
4.472136E-4	0.052243967
4.598633E-4	0.052243967
4.728708E-4	0.052243967
4.8624622E-4	0.052243963
5.0E-4	0.052243963
5.1465514E-4	0.052243963
5.2973983E-4	0.05224396
5.4526667E-4	0.05224396
5.612486E-4	0.052243955
5.77699E-4	0.05224395
5.946315E-4	0.052243948
6.120603E-4	0.052243944
6.3E-4	0.052243937
6.4807665E-4	0.052243933
6.6667196E-4	0.052243926
6.858008E-4	0.052243914
7.0547854E-4	0.052243903
7.257209E-4	0.052243892
7.465441E-4	0.052243877
7.6796475E-4	0.05224386
7.9E-4	0.052243836
8.136239E-4	0.05224381
8.379543E-4	0.05224378
8.630122E-4	0.052243743
8.8881946E-4	0.0522437
9.153984E-4	0.05224365
9.427722E-4	0.052243587
9.7096455E-4	0.052243516
0.001	0.05224343
0.0010293103	0.052243333
0.0010594797	0.05224322
0.0010905333	0.052243087
0.0011224973	0.052242935
0.001155398	0.052242752
0.001189263	0.052242544
0.0012241206	0.0522423
0.00126	0.052242022
0.0012961533	0.052241705
0.0013333439	0.05224134
0.0013716016	0.052240923
0.0014109571	0.052240442
0.0014514418	0.05223989
0.0014930882	0.05223926
0.0015359295	0.052238543
0.00158	0.05223772
0.0016272478	0.052236743
0.0016759086	0.05223563
0.0017260244	0.052234355
0.0017776389	0.052232906
0.0018307968	0.052231256
0.0018855444	0.052229382
0.0019419291	0.05222726
0.002	0.052224852
0.0020575977	0.05222224
0.002116854	0.05221931
0.002177817	0.052216016
0.0022405356	0.05221233
0.0023050604	0.05220821
0.0023714434	0.05220361
0.0024397383	0.05219848
0.00251	0.05219277
0.0025833033	0.052186333
0.0026587474	0.052179173
0.0027363948	0.05217123
0.0028163097	0.052162427
0.0028985585	0.05215269
0.0029832094	0.052141935
0.0030703326	0.052130066
0.00316	0.052116998
0.0032524571	0.052102596
0.0033476194	0.05208678
0.003445566	0.052069437
0.0035463783	0.052050445
0.0036501405	0.052029677
0.0037569385	0.05200701
0.003866861	0.05198229
0.00398	0.051955387
0.004096165	0.051926214
0.0042157196	0.05189456
0.0043387646	0.051860254
0.0044654002	0.051823135
0.0045957323	0.051783025
0.0047298684	0.05173975
0.0048679197	0.05169311
0.00501	0.051642936
0.005156579	0.051588885
0.0053074467	0.05153088
0.005462728	0.05146871
0.0056225527	0.051402174
0.0057870536	0.051331062
0.005956367	0.051255155
0.0061306343	0.051174246
0.00631	0.051088113
0.006493865	0.05099692
0.0066830874	0.050900117
0.0068778237	0.050797492
0.007078234	0.050688837
0.0072844843	0.050573938
0.0074967444	0.05045259
0.00771519	0.05032459
0.00794	0.050189737
0.008172275	0.05004727
0.008411343	0.049897514
0.008657407	0.049740285
0.008910668	0.0495754
0.009171338	0.04940269
0.009439633	0.049222004
0.009715778	0.04903318
0.01	0.04883608
0.010292081	0.04863089
0.010592694	0.0484172
0.010902087	0.0481949
0.011220517	0.047963895
0.011548247	0.047724098
0.011885551	0.047475435
0.012232705	0.047217853
0.01259	0.04695131
0.012957647	0.046675827
0.013336032	0.046391338
0.013725464	0.04609784
0.01412627	0.045795344
0.014538779	0.045483872
0.014963334	0.04516347
0.015400288	0.044834197
0.01585	0.04449612
0.016312422	0.044149637
0.016788337	0.043794554
0.017278135	0.04343098
0.017782224	0.043059044
0.01830102	0.04267889
0.01883495	0.042290673
0.019384459	0.041894563
0.01995	0.041490737
0.020533005	0.04107872
0.021133045	0.040659368
0.021750621	0.040232897
0.022386245	0.039799545
0.023040446	0.039359555
0.023713762	0.038913168
0.024406755	0.038460657
0.02512	0.03800229
0.025853088	0.037538968
0.02660757	0.03707037
0.027384069	0.036596786
0.02818323	0.036118515
0.029005712	0.035635862
0.029852198	0.03514913
0.030723387	0.034658644
0.03162	0.034164708
0.032543603	0.033667203
0.033494186	0.03316689
0.034472536	0.03266408
0.03547946	0.0321591
0.0365158	0.03165227
0.03758241	0.031143907
0.03868017	0.030634327
0.03981	0.030123845
0.040972695	0.029612822
0.042169347	0.029101511
0.04340095	0.028590206
0.044668525	0.028079202
0.04597312	0.027568784
0.047315817	0.027059233
0.04869773	0.02655082
0.05012	0.026043808
0.0515838	0.025538458
0.053090356	0.025035014
0.05464091	0.024533715
0.05623675	0.024034789
0.0578792	0.023538457
0.059569612	0.023044933
0.0613094	0.022554416
0.0631	0.022067102
0.06494172	0.021583479
0.066837184	0.021103414
0.06878798	0.020627074
0.070795715	0.020154618
0.072862044	0.019686194
0.074988686	0.019221948
0.077177405	0.018762017
0.07943	0.018306527
0.08174976	0.017855333
0.08413727	0.017408827
0.08659451	0.016967118
0.08912351	0.016530316
0.09172637	0.01609852
0.09440525	0.015671827
0.097162366	0.015250332
0.1	0.014834124
0.102919795	0.014423386
0.10592484	0.0140181035
0.109017625	0.013618356
0.112200715	0.01322422
0.11547674	0.012835774
0.11884842	0.012453091
0.12231855	0.012076243
0.12589	0.0117053
0.12956645	0.0113402605
0.13335027	0.010981263
0.13724458	0.01062837
0.14125264	0.010281645
0.14537773	0.009941148
0.14962329	0.009606934
0.15399285	0.009279058
0.15849	0.008957573
0.16311829	0.008642538
0.16788174	0.008333985
0.17278428	0.008031954
0.17783	0.0077364813
0.18302307	0.0074475994
0.18836778	0.007165336
0.19386858	0.0068897135
0.19953	0.006620749
0.20535603	0.0063584857
0.21135218	0.0061028968
0.21752341	0.005853982
0.22387484	0.005611736
0.23041171	0.0053761452
0.23713945	0.0051471917
0.24406363	0.0049248496
0.25119	0.0047090882
0.25852492	0.004499854
0.26607406	0.0042971177
0.27384362	0.004100827
0.28184006	0.003910924
0.29007	0.0037273439
0.29854023	0.0035500163
0.30725783	0.0033788641
0.31623	0.003213805
0.32546407	0.0030547513
0.33496782	0.002901608
0.34474903	0.0027542762
0.3548159	0.0026126518
0.3651767	0.0024766268
0.37584007	0.002346088
0.3868148	0.0022209184
0.39811	0.0021009985
0.40973493	0.001986205
0.42169935	0.0018764108
0.4340131	0.0017714867
0.44668642	0.0016713017
0.4597298	0.0015757227
0.47315407	0.0014846151
0.4869703	0.0013978434
0.50119	0.0013152712
0.5158249	0.0012367617
0.5308872	0.0011621778
0.5463893	0.001091383
0.5623441	0.0010242412
0.57876474	9.6061686E-4
0.59566486	9.003758E-4
0.61305845	8.433852E-4
0.63096	7.895137E-4
0.6493842	7.386322E-4
0.6683464	6.906133E-4
0.6878623	6.453319E-4
0.7079481	6.026657E-4
0.72862035	5.624949E-4
0.7498962	5.247025E-4
0.7717934	4.8917456E-4
0.79433	4.5580024E-4
0.8175246	4.2447192E-4
0.8413966	3.9508517E-4
0.86596555	3.6753906E-4
0.8912519	3.41736E-4
0.9172767	3.1758196E-4
0.9440614	2.9498633E-4
0.97162825	2.738621E-4
1.0	2.5412574E-4
1.029201	2.3569673E-4
1.0592546	2.1849906E-4
1.090186	2.024596E-4
1.1220205	1.8750865E-4
1.1547846	1.735798E-4
1.1885055	1.6060994E-4
1.223211	1.4853914E-4
1.25893	1.3731059E-4
1.2956905	1.268709E-4
1.3335243	1.1716875E-4
1.3724631	1.08156106E-4
1.4125386	9.978766E-5
1.4537846	9.202076E-5
1.4962348	8.481522E-5
1.5399245	7.81333E-5
1.58489	7.193955E-5
1.6311698	6.620054E-5
1.678801	6.088528E-5
1.727823	5.5964563E-5
1.7782766	5.1411058E-5
1.8302034	4.7199203E-5
1.8836465	4.3305106E-5
1.9386501	3.9706454E-5
1.99526	3.6382407E-5
2.0535233	3.3313507E-5
2.113488	3.048163E-5
2.1752036	2.7869868E-5
2.2387214	2.5462445E-5
2.304094	2.324466E-5
2.3713756	2.1202814E-5
2.4406219	1.932414E-5
2.51189	1.7596742E-5
2.5852382	1.6009559E-5
2.6607285	1.4552244E-5
2.7384229	1.3215179E-5
2.818386	1.1989407E-5
2.900684	1.0866585E-5
2.9853854	9.838944E-6
3.0725598	8.899246E-6
3.16228	8.040755E-6
3.2546198	7.2572025E-6
3.3496559	6.542747E-6
3.447467	5.891958E-6
3.5481343	5.2997834E-6
3.6517413	4.761525E-6
3.7583735	4.272817E-6
3.8681195	3.8296034E-6
3.98107	3.4281193E-6
4.097319	3.0648691E-6
4.2169633	2.7366161E-6
4.340101	2.4403596E-6
4.466834	2.1733224E-6
4.5972676	1.9329357E-6
4.7315106	1.7168268E-6
4.869673	1.5228056E-6
5.01187	1.3488535E-6
5.1582193	1.1931115E-6
5.3088417	1.0538704E-6
5.463863	9.295598E-7
5.62341	8.187397E-7
5.7876167	7.20091E-7
5.9566183	6.324072E-7
6.1305547	5.545864E-7
6.30957	4.8562373E-7
6.493813	4.2460422E-7
6.683436	3.7069637E-7
6.878596	3.2314531E-7
7.079455	2.8126726E-7
7.286179	2.4444353E-7
7.4989395	2.1211558E-7
7.7179127	1.837799E-7
7.94328	1.5898343E-7
8.175228	1.3731916E-7
8.41395	1.18422236E-7
8.659641	1.01966066E-7
8.912508	8.76589E-8
9.172758	7.524058E-8
9.440608	6.447956E-8
9.716279	5.5170105E-8
10.0	4.712984E-8



DATASET #3

Name: 1000yr
Num Points: 2
Info: 

X, Y Data:
0.001	0.001
10.0	0.001



DATASET #4

Name: 2500yr
Num Points: 2
Info: 

X, Y Data:
0.001	4.0E-4
10.0	4.0E-4



DATASET #5

Name: 10000yr
Num Points: 2
Info: 

X, Y Data:
0.001	1.0E-4
10.0	1.0E-4


