
X-Axis: 0.2s SA (g)
Y-Axis: Annual Probabilitiy
Number of Data Sets: 5


DATASET #1

Name: UCERF3
Num Points: 401
Info: 

X, Y Data:
1.0E-4	0.03900309
1.0333392E-4	0.03900309
1.06779E-4	0.03900309
1.1033893E-4	0.03900309
1.14017545E-4	0.03900309
1.178188E-4	0.03900309
1.2174679E-4	0.03900309
1.2580573E-4	0.03900309
1.3E-4	0.03900309
1.334183E-4	0.03900309
1.369265E-4	0.03900309
1.4052694E-4	0.03900309
1.4422205E-4	0.03900309
1.4801433E-4	0.03900309
1.5190631E-4	0.03900309
1.5590065E-4	0.03900309
1.6E-4	0.03900309
1.645257E-4	0.03900309
1.691794E-4	0.03900309
1.7396474E-4	0.03900309
1.7888544E-4	0.03900309
1.8394532E-4	0.03900309
1.8914833E-4	0.03900309
1.944985E-4	0.03900309
2.0E-4	0.03900309
2.0565712E-4	0.03900309
2.1147425E-4	0.03900309
2.1745593E-4	0.03900309
2.236068E-4	0.03900309
2.2993165E-4	0.03900309
2.364354E-4	0.03900309
2.4312311E-4	0.03900309
2.5E-4	0.03900309
2.5783465E-4	0.03900309
2.659148E-4	0.03900309
2.742482E-4	0.03900309
2.8284272E-4	0.03900309
2.917066E-4	0.03900309
3.0084825E-4	0.03900309
3.102764E-4	0.03900309
3.2E-4	0.03900309
3.290514E-4	0.03900309
3.383588E-4	0.03900309
3.4792948E-4	0.03900309
3.5777088E-4	0.03900309
3.6789064E-4	0.03900309
3.7829665E-4	0.03900309
3.88997E-4	0.03900309
4.0E-4	0.03900309
4.1131425E-4	0.03900309
4.229485E-4	0.03900309
4.3491187E-4	0.03900309
4.472136E-4	0.03900309
4.598633E-4	0.03900309
4.728708E-4	0.03900309
4.8624622E-4	0.039003085
5.0E-4	0.039003085
5.1465514E-4	0.039003085
5.2973983E-4	0.039003085
5.4526667E-4	0.03900308
5.612486E-4	0.03900308
5.77699E-4	0.03900308
5.946315E-4	0.039003078
6.120603E-4	0.039003074
6.3E-4	0.039003074
6.4807665E-4	0.03900307
6.6667196E-4	0.039003063
6.858008E-4	0.03900306
7.0547854E-4	0.03900305
7.257209E-4	0.039003044
7.465441E-4	0.039003037
7.6796475E-4	0.039003026
7.9E-4	0.039003015
8.136239E-4	0.039002996
8.379543E-4	0.039002977
8.630122E-4	0.039002955
8.8881946E-4	0.03900293
9.153984E-4	0.0390029
9.427722E-4	0.03900286
9.7096455E-4	0.039002817
0.001	0.039002765
0.0010293103	0.0390027
0.0010594797	0.03900263
0.0010905333	0.03900255
0.0011224973	0.03900245
0.001155398	0.039002337
0.001189263	0.039002202
0.0012241206	0.039002046
0.00126	0.039001867
0.0012961533	0.03900166
0.0013333439	0.039001424
0.0013716016	0.03900115
0.0014109571	0.03900083
0.0014514418	0.03900047
0.0014930882	0.039000053
0.0015359295	0.038999576
0.00158	0.03899903
0.0016272478	0.038998373
0.0016759086	0.038997624
0.0017260244	0.038996764
0.0017776389	0.03899578
0.0018307968	0.038994655
0.0018855444	0.038993377
0.0019419291	0.03899192
0.002	0.038990267
0.0020575977	0.03898846
0.002116854	0.038986426
0.002177817	0.03898414
0.0022405356	0.038981568
0.0023050604	0.038978685
0.0023714434	0.038975455
0.0024397383	0.038971845
0.00251	0.03896781
0.0025833033	0.03896325
0.0026587474	0.03895817
0.0027363948	0.03895251
0.0028163097	0.038946226
0.0028985585	0.038939256
0.0029832094	0.038931537
0.0030703326	0.038923003
0.00316	0.03891358
0.0032524571	0.038903177
0.0033476194	0.03889173
0.003445566	0.03887915
0.0035463783	0.038865346
0.0036501405	0.038850233
0.0037569385	0.0388337
0.003866861	0.038815655
0.00398	0.03879598
0.004096165	0.038774624
0.0042157196	0.03875142
0.0043387646	0.038726248
0.0044654002	0.038698986
0.0045957323	0.038669504
0.0047298684	0.03863767
0.0048679197	0.038603354
0.00501	0.038566414
0.005156579	0.038526613
0.0053074467	0.038483895
0.005462728	0.038438115
0.0056225527	0.038389124
0.0057870536	0.03833678
0.005956367	0.038280934
0.0061306343	0.03822144
0.00631	0.03815816
0.006493865	0.038091216
0.0066830874	0.038020235
0.0068778237	0.037945077
0.007078234	0.037865613
0.0072844843	0.037781708
0.0074967444	0.037693243
0.00771519	0.037600107
0.00794	0.03750218
0.008172275	0.03739895
0.008411343	0.037290692
0.008657407	0.037177313
0.008910668	0.037058737
0.009171338	0.036934886
0.009439633	0.036805697
0.009715778	0.03667112
0.01	0.036531106
0.010292081	0.036385857
0.010592694	0.03623513
0.010902087	0.036078926
0.011220517	0.035917237
0.011548247	0.035750072
0.011885551	0.035577457
0.012232705	0.035399422
0.01259	0.035216015
0.012957647	0.035027325
0.013336032	0.03483338
0.013725464	0.03463425
0.01412627	0.034430023
0.014538779	0.03422079
0.014963334	0.034006648
0.015400288	0.03378771
0.01585	0.033564094
0.016312422	0.03333613
0.016788337	0.03310374
0.017278135	0.032867074
0.017782224	0.032626264
0.01830102	0.032381453
0.01883495	0.03213279
0.019384459	0.031880427
0.01995	0.031624515
0.020533005	0.031364784
0.021133045	0.0311018
0.021750621	0.030835727
0.022386245	0.030566713
0.023040446	0.030294914
0.023713762	0.030020481
0.024406755	0.029743565
0.02512	0.029464314
0.025853088	0.029183246
0.02660757	0.028900128
0.027384069	0.028615097
0.02818323	0.028328279
0.029005712	0.0280398
0.029852198	0.02774978
0.030723387	0.027458334
0.03162	0.02716557
0.032543603	0.02687133
0.033494186	0.02657597
0.034472536	0.026279582
0.03547946	0.025982253
0.0365158	0.025684062
0.03758241	0.025385085
0.03868017	0.025085395
0.03981	0.024785051
0.040972695	0.024484152
0.042169347	0.024182716
0.04340095	0.023880798
0.044668525	0.023578446
0.04597312	0.023275701
0.047315817	0.022972606
0.04869773	0.022669202
0.05012	0.022365524
0.0515838	0.02206161
0.053090356	0.021757495
0.05464091	0.021453207
0.05623675	0.021148786
0.0578792	0.020844264
0.059569612	0.020539677
0.0613094	0.02023506
0.0631	0.019930454
0.06494172	0.01962609
0.066837184	0.01932182
0.06878798	0.01901769
0.070795715	0.018713754
0.072862044	0.01841006
0.074988686	0.018106673
0.077177405	0.01780365
0.07943	0.017501062
0.08174976	0.0171988
0.08413727	0.01689712
0.08659451	0.016596107
0.08912351	0.01629585
0.09172637	0.01599644
0.09440525	0.015697973
0.097162366	0.015400554
0.1	0.01510429
0.102919795	0.0148093635
0.10592484	0.014515818
0.109017625	0.014223773
0.112200715	0.013933352
0.11547674	0.01364468
0.11884842	0.013357887
0.12231855	0.013073103
0.12589	0.012790458
0.12956645	0.012510032
0.13335027	0.012232013
0.13724458	0.0119565325
0.14125264	0.011683723
0.14537773	0.011413714
0.14962329	0.011146632
0.15399285	0.010882602
0.15849	0.010621744
0.16311829	0.010364186
0.16788174	0.010110027
0.17278428	0.009859374
0.17783	0.009612326
0.18302307	0.009368975
0.18836778	0.009129408
0.19386858	0.008893703
0.19953	0.008661931
0.20535603	0.008434183
0.21135218	0.008210482
0.21752341	0.007990875
0.22387484	0.007775399
0.23041171	0.007564081
0.23713945	0.00735694
0.24406363	0.0071539865
0.25119	0.0069552218
0.25852492	0.0067606275
0.26607406	0.006570201
0.27384362	0.0063839196
0.28184006	0.006201753
0.29007	0.006023664
0.29854023	0.005849608
0.30725783	0.0056795357
0.31623	0.00551339
0.32546407	0.0053511118
0.33496782	0.0051926333
0.34474903	0.005037886
0.3548159	0.004886796
0.3651767	0.0047392882
0.37584007	0.0045952844
0.3868148	0.0044547045
0.39811	0.004317468
0.40973493	0.004183495
0.42169935	0.004052703
0.4340131	0.0039250115
0.44668642	0.0038003407
0.4597298	0.0036786124
0.47315407	0.0035597505
0.4869703	0.00344368
0.50119	0.0033303297
0.5158249	0.00321963
0.5308872	0.0031115154
0.5463893	0.0030059225
0.5623441	0.0029027918
0.57876474	0.0028020672
0.59566486	0.0027036953
0.61305845	0.0026076273
0.63096	0.0025138168
0.6493842	0.0024222215
0.6683464	0.0023328017
0.6878623	0.0022455214
0.7079481	0.0021603473
0.72862035	0.0020772489
0.7498962	0.0019961982
0.7717934	0.0019171702
0.79433	0.0018401416
0.8175246	0.0017650912
0.8413966	0.0016919994
0.86596555	0.0016208481
0.8912519	0.0015516204
0.9172767	0.0014843005
0.9440614	0.0014188731
0.97162825	0.0013553236
1.0	0.0012936376
1.029201	0.001233799
1.0592546	0.0011757952
1.090186	0.0011196109
1.1220205	0.0010652308
1.1547846	0.0010126387
1.1885055	9.6181745E-4
1.223211	9.1274927E-4
1.25893	8.6541503E-4
1.2956905	8.197963E-4
1.3335243	7.758697E-4
1.3724631	7.3361245E-4
1.4125386	6.930005E-4
1.4537846	6.540083E-4
1.4962348	6.166092E-4
1.5399245	5.8077485E-4
1.58489	5.4647593E-4
1.6311698	5.136807E-4
1.678801	4.8235813E-4
1.727823	4.5247498E-4
1.7782766	4.2399703E-4
1.8302034	3.9688894E-4
1.8836465	3.711144E-4
1.9386501	3.4663637E-4
1.99526	3.2341699E-4
2.0535233	3.014176E-4
2.113488	2.8059937E-4
2.1752036	2.609229E-4
2.2387214	2.4234847E-4
2.304094	2.2483613E-4
2.3713756	2.0834587E-4
2.4406219	1.9283773E-4
2.51189	1.7827186E-4
2.5852382	1.6460883E-4
2.6607285	1.5180919E-4
2.7384229	1.398341E-4
2.818386	1.2864526E-4
2.900684	1.1820499E-4
2.9853854	1.0847628E-4
3.0725598	9.942291E-5
3.16228	9.100948E-5
3.2546198	8.3201514E-5
3.3496559	7.5965436E-5
3.447467	6.926869E-5
3.5481343	6.307976E-5
3.6517413	5.7368205E-5
3.7583735	5.210468E-5
3.8681195	4.7260964E-5
3.98107	4.280998E-5
4.097319	3.8725775E-5
4.2169633	3.4983583E-5
4.340101	3.1559775E-5
4.466834	2.8431867E-5
4.5972676	2.5578505E-5
4.7315106	2.2979457E-5
4.869673	2.061559E-5
5.01187	1.8468843E-5
5.1582193	1.6522217E-5
5.3088417	1.4759727E-5
5.463863	1.3166382E-5
5.62341	1.1728152E-5
5.7876167	1.0431928E-5
5.9566183	9.26549E-6
6.1305547	8.217468E-6
6.30957	7.277304E-6
6.493813	6.435214E-6
6.683436	5.6821486E-6
6.878596	5.0097565E-6
7.079455	4.410343E-6
7.286179	3.876834E-6
7.4989395	3.402738E-6
7.7179127	2.982111E-6
7.94328	2.6095204E-6
8.175228	2.2800098E-6
8.41395	1.9890676E-6
8.659641	1.732595E-6
8.912508	1.5068742E-6
9.172758	1.3085408E-6
9.440608	1.1345559E-6
9.716279	9.821795E-7
10.0	8.4894657E-7



DATASET #2

Name: RSQSim
Num Points: 401
Info: 

X, Y Data:
1.0E-4	0.039759494
1.0333392E-4	0.039759494
1.06779E-4	0.039759494
1.1033893E-4	0.039759494
1.14017545E-4	0.039759494
1.178188E-4	0.039759494
1.2174679E-4	0.039759494
1.2580573E-4	0.039759494
1.3E-4	0.039759494
1.334183E-4	0.039759494
1.369265E-4	0.039759494
1.4052694E-4	0.039759494
1.4422205E-4	0.039759494
1.4801433E-4	0.039759494
1.5190631E-4	0.039759494
1.5590065E-4	0.039759494
1.6E-4	0.039759494
1.645257E-4	0.039759494
1.691794E-4	0.039759494
1.7396474E-4	0.039759494
1.7888544E-4	0.039759494
1.8394532E-4	0.039759494
1.8914833E-4	0.039759494
1.944985E-4	0.039759494
2.0E-4	0.039759494
2.0565712E-4	0.039759494
2.1147425E-4	0.039759494
2.1745593E-4	0.039759494
2.236068E-4	0.039759494
2.2993165E-4	0.039759494
2.364354E-4	0.039759494
2.4312311E-4	0.039759494
2.5E-4	0.039759494
2.5783465E-4	0.039759494
2.659148E-4	0.039759494
2.742482E-4	0.039759494
2.8284272E-4	0.039759494
2.917066E-4	0.039759494
3.0084825E-4	0.039759494
3.102764E-4	0.039759494
3.2E-4	0.039759494
3.290514E-4	0.039759494
3.383588E-4	0.039759494
3.4792948E-4	0.039759494
3.5777088E-4	0.039759494
3.6789064E-4	0.039759494
3.7829665E-4	0.039759494
3.88997E-4	0.039759494
4.0E-4	0.039759494
4.1131425E-4	0.039759494
4.229485E-4	0.039759494
4.3491187E-4	0.039759494
4.472136E-4	0.039759494
4.598633E-4	0.039759494
4.728708E-4	0.039759494
4.8624622E-4	0.03975949
5.0E-4	0.03975949
5.1465514E-4	0.03975949
5.2973983E-4	0.03975949
5.4526667E-4	0.03975949
5.612486E-4	0.039759487
5.77699E-4	0.039759487
5.946315E-4	0.039759483
6.120603E-4	0.039759483
6.3E-4	0.03975948
6.4807665E-4	0.039759476
6.6667196E-4	0.039759472
6.858008E-4	0.03975947
7.0547854E-4	0.03975946
7.257209E-4	0.039759453
7.465441E-4	0.039759446
7.6796475E-4	0.03975944
7.9E-4	0.039759427
8.136239E-4	0.039759412
8.379543E-4	0.039759394
8.630122E-4	0.039759375
8.8881946E-4	0.03975935
9.153984E-4	0.039759323
9.427722E-4	0.03975929
9.7096455E-4	0.03975925
0.001	0.0397592
0.0010293103	0.039759148
0.0010594797	0.039759085
0.0010905333	0.03975901
0.0011224973	0.03975892
0.001155398	0.03975882
0.001189263	0.0397587
0.0012241206	0.039758563
0.00126	0.039758403
0.0012961533	0.03975822
0.0013333439	0.039758008
0.0013716016	0.039757766
0.0014109571	0.039757486
0.0014514418	0.039757162
0.0014930882	0.039756794
0.0015359295	0.03975637
0.00158	0.039755885
0.0016272478	0.039755303
0.0016759086	0.03975464
0.0017260244	0.03975388
0.0017776389	0.03975301
0.0018307968	0.039752018
0.0018855444	0.039750885
0.0019419291	0.0397496
0.002	0.039748136
0.0020575977	0.039746545
0.002116854	0.03974475
0.002177817	0.03974273
0.0022405356	0.03974046
0.0023050604	0.039737914
0.0023714434	0.039735064
0.0024397383	0.03973188
0.00251	0.03972832
0.0025833033	0.039724298
0.0026587474	0.039719813
0.0027363948	0.03971482
0.0028163097	0.039709274
0.0028985585	0.03970312
0.0029832094	0.039696302
0.0030703326	0.039688762
0.00316	0.039680436
0.0032524571	0.03967124
0.0033476194	0.039661113
0.003445566	0.039649982
0.0035463783	0.039637763
0.0036501405	0.03962437
0.0037569385	0.039609715
0.003866861	0.0395937
0.00398	0.039576232
0.004096165	0.039557252
0.0042157196	0.03953661
0.0043387646	0.039514195
0.0044654002	0.039489895
0.0045957323	0.039463587
0.0047298684	0.03943515
0.0048679197	0.039404448
0.00501	0.03937136
0.005156579	0.03933566
0.0053074467	0.039297286
0.005462728	0.039256096
0.0056225527	0.03921195
0.0057870536	0.0391647
0.005956367	0.039114203
0.0061306343	0.03906031
0.00631	0.039002877
0.006493865	0.038942
0.0066830874	0.038877327
0.0068778237	0.0388087
0.007078234	0.03873598
0.0072844843	0.03865903
0.0074967444	0.038577713
0.00771519	0.03849189
0.00794	0.03840144
0.008172275	0.038305853
0.008411343	0.03820535
0.008657407	0.03809982
0.008910668	0.03798915
0.009171338	0.037873242
0.009439633	0.037752
0.009715778	0.037625335
0.01	0.037493173
0.010292081	0.037355658
0.010592694	0.037212532
0.010902087	0.03706375
0.011220517	0.03690927
0.011548247	0.03674906
0.011885551	0.036583107
0.012232705	0.036411397
0.01259	0.036233936
0.012957647	0.036050778
0.013336032	0.035861906
0.013725464	0.035667356
0.01412627	0.035467178
0.014538779	0.035261422
0.014963334	0.035050154
0.015400288	0.034833454
0.01585	0.034611404
0.016312422	0.034384307
0.016788337	0.03415207
0.017278135	0.0339148
0.017782224	0.03367262
0.01830102	0.033425655
0.01883495	0.033174034
0.019384459	0.032917902
0.01995	0.0326574
0.020533005	0.032392237
0.021133045	0.03212299
0.021750621	0.03184981
0.022386245	0.031572856
0.023040446	0.031292293
0.023713762	0.031008272
0.024406755	0.030720957
0.02512	0.030430503
0.025853088	0.030137468
0.02660757	0.029841613
0.027384069	0.029543094
0.02818323	0.029242055
0.029005712	0.028938642
0.029852198	0.028632995
0.030723387	0.028325247
0.03162	0.028015526
0.032543603	0.027703684
0.033494186	0.02739011
0.034472536	0.02707491
0.03547946	0.026758198
0.0365158	0.026440067
0.03758241	0.02612061
0.03868017	0.025799917
0.03981	0.025478065
0.040972695	0.025155166
0.042169347	0.024831252
0.04340095	0.024506386
0.044668525	0.02418063
0.04597312	0.023854034
0.047315817	0.023526654
0.04869773	0.023198534
0.05012	0.022869721
0.0515838	0.02254026
0.053090356	0.022210194
0.05464091	0.021879563
0.05623675	0.02154841
0.0578792	0.021216782
0.059569612	0.02088472
0.0613094	0.02055228
0.0631	0.020219507
0.06494172	0.01988667
0.066837184	0.01955362
0.06878798	0.019220425
0.070795715	0.018887155
0.072862044	0.018553887
0.074988686	0.018220706
0.077177405	0.017887706
0.07943	0.017554983
0.08174976	0.017222445
0.08413727	0.016890407
0.08659451	0.016558988
0.08912351	0.016228318
0.09172637	0.015898533
0.09440525	0.015569777
0.097162366	0.015242198
0.1	0.01491595
0.102919795	0.014591274
0.10592484	0.014268256
0.109017625	0.013947065
0.112200715	0.013627876
0.11547674	0.013310863
0.11884842	0.012996205
0.12231855	0.012684081
0.12589	0.012374669
0.12956645	0.012068089
0.13335027	0.011764578
0.13724458	0.011464307
0.14125264	0.01116745
0.14537773	0.01087417
0.14962329	0.010584629
0.15399285	0.01029898
0.15849	0.010017371
0.16311829	0.009739953
0.16788174	0.009466846
0.17278428	0.009198169
0.17783	0.008934038
0.18302307	0.008674554
0.18836778	0.00841981
0.19386858	0.008169886
0.19953	0.007924854
0.20535603	0.007684802
0.21135218	0.0074497494
0.21752341	0.007219732
0.22387484	0.0069947764
0.23041171	0.006774899
0.23713945	0.0065601044
0.24406363	0.0063503874
0.25119	0.0061457325
0.25852492	0.005946102
0.26607406	0.0057514766
0.27384362	0.0055618132
0.28184006	0.005377063
0.29007	0.0051971674
0.29854023	0.005022063
0.30725783	0.00485168
0.31623	0.0046859416
0.32546407	0.00452477
0.33496782	0.004368079
0.34474903	0.0042157797
0.3548159	0.0040677823
0.3651767	0.0039239936
0.37584007	0.003784318
0.3868148	0.0036486601
0.39811	0.0035169232
0.40973493	0.0033890111
0.42169935	0.003264827
0.4340131	0.0031442747
0.44668642	0.0030272598
0.4597298	0.0029136897
0.47315407	0.0028034726
0.4869703	0.0026965195
0.50119	0.0025927434
0.5158249	0.0024920597
0.5308872	0.0023943863
0.5463893	0.0022996443
0.5623441	0.002207757
0.57876474	0.0021186506
0.59566486	0.0020322541
0.61305845	0.0019484995
0.63096	0.0018673214
0.6493842	0.0017886572
0.6683464	0.0017124466
0.6878623	0.0016386319
0.7079481	0.0015671578
0.72862035	0.0014979711
0.7498962	0.001431021
0.7717934	0.0013662585
0.79433	0.0013036362
0.8175246	0.0012431087
0.8413966	0.0011846316
0.86596555	0.0011281621
0.8912519	0.0010736588
0.9172767	0.0010210808
0.9440614	9.703884E-4
0.97162825	9.2154276E-4
1.0	8.7450526E-4
1.029201	8.29237E-4
1.0592546	7.857016E-4
1.090186	7.438619E-4
1.1220205	7.036808E-4
1.1547846	6.6512136E-4
1.1885055	6.2814675E-4
1.223211	5.9272005E-4
1.25893	5.588043E-4
1.2956905	5.2636384E-4
1.3335243	4.9536006E-4
1.3724631	4.6575576E-4
1.4125386	4.3751352E-4
1.4537846	4.1059576E-4
1.4962348	3.8496486E-4
1.5399245	3.6058307E-4
1.58489	3.3741255E-4
1.6311698	3.1541477E-4
1.678801	2.9455253E-4
1.727823	2.74788E-4
1.7782766	2.5608335E-4
1.8302034	2.3840096E-4
1.8836465	2.2170332E-4
1.9386501	2.059532E-4
1.99526	1.9111368E-4
2.0535233	1.7714803E-4
2.113488	1.6402018E-4
2.1752036	1.5169442E-4
2.2387214	1.401355E-4
2.304094	1.2930881E-4
2.3713756	1.1918031E-4
2.4406219	1.0971665E-4
2.51189	1.0088521E-4
2.5852382	9.2654234E-5
2.6607285	8.499252E-5
2.7384229	7.7869845E-5
2.818386	7.125684E-5
2.900684	6.5125074E-5
2.9853854	5.9446986E-5
3.0725598	5.4196003E-5
3.16228	4.934649E-5
3.2546198	4.48738E-5
3.3496559	4.0754247E-5
3.447467	3.6965146E-5
3.5481343	3.3484786E-5
3.6517413	3.0292447E-5
3.7583735	2.7368385E-5
3.8681195	2.469382E-5
3.98107	2.2250922E-5
4.097319	2.002279E-5
4.2169633	1.7993461E-5
4.340101	1.6147858E-5
4.466834	1.4471778E-5
4.5972676	1.2951864E-5
4.7315106	1.1575581E-5
4.869673	1.0331189E-5
5.01187	9.207711E-6
5.1582193	8.194903E-6
5.3088417	7.283225E-6
5.463863	6.463809E-6
5.62341	5.728425E-6
5.7876167	5.0694534E-6
5.9566183	4.47985E-6
6.1305547	3.953115E-6
6.30957	3.4832656E-6
6.493813	3.0647998E-6
6.683436	2.6926734E-6
6.878596	2.362266E-6
7.079455	2.0693558E-6
7.286179	1.8100909E-6
7.4989395	1.580965E-6
7.7179127	1.3787914E-6
7.94328	1.2006798E-6
8.175228	1.0440134E-6
8.41395	9.0642794E-7
8.659641	7.857907E-7
8.912508	6.8018176E-7
9.172758	5.878762E-7
9.440608	5.073267E-7
9.716279	4.371486E-7
10.0	3.7610428E-7



DATASET #3

Name: 1000yr
Num Points: 2
Info: 

X, Y Data:
0.001	0.001
10.0	0.001



DATASET #4

Name: 2500yr
Num Points: 2
Info: 

X, Y Data:
0.001	4.0E-4
10.0	4.0E-4



DATASET #5

Name: 10000yr
Num Points: 2
Info: 

X, Y Data:
0.001	1.0E-4
10.0	1.0E-4


