
X-Axis: 2.0s SA (g)
Y-Axis: Annual Probabilitiy
Number of Data Sets: 5


DATASET #1

Name: UCERF3
Num Points: 401
Info: 

X, Y Data:
1.0E-4	0.17420115
1.0333392E-4	0.17413092
1.06779E-4	0.17405508
1.1033893E-4	0.17397329
1.14017545E-4	0.17388521
1.178188E-4	0.17379044
1.2174679E-4	0.1736886
1.2580573E-4	0.17357932
1.3E-4	0.1734622
1.334183E-4	0.17336366
1.369265E-4	0.17325972
1.4052694E-4	0.1731502
1.4422205E-4	0.17303485
1.4801433E-4	0.17291346
1.5190631E-4	0.17278582
1.5590065E-4	0.17265168
1.6E-4	0.17251083
1.645257E-4	0.1723517
1.691794E-4	0.17218427
1.7396474E-4	0.17200823
1.7888544E-4	0.17182328
1.8394532E-4	0.17162913
1.8914833E-4	0.17142548
1.944985E-4	0.17121205
2.0E-4	0.1709885
2.0565712E-4	0.17075458
2.1147425E-4	0.17050996
2.1745593E-4	0.17025436
2.236068E-4	0.16998748
2.2993165E-4	0.16970903
2.364354E-4	0.16941872
2.4312311E-4	0.16911626
2.5E-4	0.16880138
2.5783465E-4	0.16843823
2.659148E-4	0.16805917
2.742482E-4	0.16766383
2.8284272E-4	0.16725188
2.917066E-4	0.16682298
3.0084825E-4	0.1663768
3.102764E-4	0.16591305
3.2E-4	0.1654314
3.290514E-4	0.16498038
3.383588E-4	0.16451433
3.4792948E-4	0.16403304
3.5777088E-4	0.16353634
3.6789064E-4	0.16302405
3.7829665E-4	0.16249603
3.88997E-4	0.16195214
4.0E-4	0.16139224
4.1131425E-4	0.16081622
4.229485E-4	0.16022399
4.3491187E-4	0.15961544
4.472136E-4	0.1589905
4.598633E-4	0.15834911
4.728708E-4	0.15769123
4.8624622E-4	0.15701683
5.0E-4	0.15632586
5.1465514E-4	0.1555928
5.2973983E-4	0.15484197
5.4526667E-4	0.15407345
5.612486E-4	0.15328726
5.77699E-4	0.15248346
5.946315E-4	0.15166213
6.120603E-4	0.15082335
6.3E-4	0.14996727
6.4807665E-4	0.14911227
6.6667196E-4	0.14824091
6.858008E-4	0.14735332
7.0547854E-4	0.14644966
7.257209E-4	0.1455301
7.465441E-4	0.14459483
7.6796475E-4	0.14364402
7.9E-4	0.1426779
8.136239E-4	0.14165555
8.379543E-4	0.14061706
8.630122E-4	0.1395627
8.8881946E-4	0.13849275
9.153984E-4	0.1374075
9.427722E-4	0.13630725
9.7096455E-4	0.1351923
0.001	0.13406298
0.0010293103	0.1329421
0.0010594797	0.13180803
0.0010905333	0.1306611
0.0011224973	0.12950164
0.001155398	0.12832998
0.001189263	0.12714648
0.0012241206	0.12595148
0.00126	0.124745354
0.0012961533	0.123553835
0.0013333439	0.12235234
0.0013716016	0.12114123
0.0014109571	0.11992087
0.0014514418	0.11869163
0.0014930882	0.11745388
0.0015359295	0.11620802
0.00158	0.11495441
0.0016272478	0.1136409
0.0016759086	0.11231989
0.0017260244	0.110991836
0.0017776389	0.10965721
0.0018307968	0.10831651
0.0018855444	0.106970206
0.0019419291	0.10561881
0.002	0.104262814
0.0020575977	0.102952346
0.002116854	0.101638556
0.002177817	0.10032191
0.0022405356	0.0990029
0.0023050604	0.097682
0.0023714434	0.0963597
0.0024397383	0.0950365
0.00251	0.0937129
0.0025833033	0.09237103
0.0026587474	0.0910298
0.0027363948	0.08968974
0.0028163097	0.088351384
0.0028985585	0.087015264
0.0029832094	0.08568193
0.0030703326	0.084351905
0.00316	0.08302573
0.0032524571	0.08170153
0.0033476194	0.08038226
0.003445566	0.07906845
0.0035463783	0.07776063
0.0036501405	0.076459296
0.0037569385	0.07516498
0.003866861	0.07387816
0.00398	0.072599344
0.004096165	0.071332045
0.0042157196	0.07007365
0.0043387646	0.068824604
0.0044654002	0.06758534
0.0045957323	0.06635629
0.0047298684	0.06513785
0.0048679197	0.063930415
0.00501	0.062734365
0.005156579	0.06154727
0.0053074467	0.060372308
0.005462728	0.059209812
0.0056225527	0.058060087
0.0057870536	0.056923416
0.005956367	0.055800065
0.0061306343	0.054690283
0.00631	0.0535943
0.006493865	0.05251662
0.0066830874	0.05145302
0.0068778237	0.050403666
0.007078234	0.04936871
0.0072844843	0.04834828
0.0074967444	0.04734249
0.00771519	0.04635143
0.00794	0.04537518
0.008172275	0.04441008
0.008411343	0.043460008
0.008657407	0.042524986
0.008910668	0.041605026
0.009171338	0.04070012
0.009439633	0.03981025
0.009715778	0.03893539
0.01	0.03807548
0.010292081	0.037231755
0.010592694	0.036402807
0.010902087	0.035588555
0.011220517	0.034788907
0.011548247	0.034003753
0.011885551	0.033232987
0.012232705	0.032476477
0.01259	0.031734105
0.012957647	0.03100588
0.013336032	0.0302915
0.013725464	0.029590806
0.01412627	0.028903645
0.014538779	0.02822985
0.014963334	0.027569255
0.015400288	0.026921686
0.01585	0.026286969
0.016312422	0.025665473
0.016788337	0.025056444
0.017278135	0.024459694
0.017782224	0.023875037
0.01830102	0.023302281
0.01883495	0.022741241
0.019384459	0.02219172
0.01995	0.021653531
0.020533005	0.021125626
0.021133045	0.020608703
0.021750621	0.020102566
0.022386245	0.019607024
0.023040446	0.019121885
0.023713762	0.018646961
0.024406755	0.01818206
0.02512	0.017726995
0.025853088	0.017282173
0.02660757	0.016846793
0.027384069	0.016420675
0.02818323	0.01600364
0.029005712	0.015595511
0.029852198	0.015196115
0.030723387	0.0148052825
0.03162	0.014422844
0.032543603	0.01404831
0.033494186	0.013681857
0.034472536	0.013323327
0.03547946	0.012972562
0.0365158	0.012629409
0.03758241	0.012293719
0.03868017	0.011965343
0.03981	0.011644138
0.040972695	0.011329997
0.042169347	0.011022746
0.04340095	0.010722247
0.044668525	0.01042837
0.04597312	0.010140984
0.047315817	0.009859961
0.04869773	0.009585178
0.05012	0.009316511
0.0515838	0.009053842
0.053090356	0.008797051
0.05464091	0.008546025
0.05623675	0.008300647
0.0578792	0.008060808
0.059569612	0.007826399
0.0613094	0.0075973105
0.0631	0.0073734378
0.06494172	0.007154813
0.066837184	0.0069411914
0.06878798	0.0067324718
0.070795715	0.006528556
0.072862044	0.006329346
0.074988686	0.006134747
0.077177405	0.0059446646
0.07943	0.005759006
0.08174976	0.0055775726
0.08413727	0.0054003885
0.08659451	0.0052273665
0.08912351	0.0050584204
0.09172637	0.0048934664
0.09440525	0.004732423
0.097162366	0.0045752097
0.1	0.004421749
0.102919795	0.0042720004
0.10592484	0.0041258526
0.109017625	0.0039832345
0.112200715	0.0038440768
0.11547674	0.0037083118
0.11884842	0.0035758757
0.12231855	0.0034467059
0.12589	0.0033207422
0.12956645	0.0031979037
0.13335027	0.0030781596
0.13724458	0.0029614572
0.14125264	0.0028477455
0.14537773	0.0027369761
0.14962329	0.0026291024
0.15399285	0.0025240802
0.15849	0.002421867
0.16311829	0.0023224268
0.16788174	0.002225716
0.17278428	0.0021316973
0.17783	0.002040335
0.18302307	0.0019515944
0.18836778	0.0018654424
0.19386858	0.0017818464
0.19953	0.0017007747
0.20535603	0.0016222056
0.21135218	0.0015460985
0.21752341	0.001472423
0.22387484	0.0014011489
0.23041171	0.0013322457
0.23713945	0.0012656827
0.24406363	0.0012014292
0.25119	0.0011394534
0.25852492	0.0010797193
0.26607406	0.0010221982
0.27384362	9.668562E-4
0.28184006	9.136584E-4
0.29007	8.62569E-4
0.29854023	8.13551E-4
0.30725783	7.6656626E-4
0.31623	7.2157546E-4
0.32546407	6.785384E-4
0.33496782	6.3741306E-4
0.34474903	5.9815653E-4
0.3548159	5.6072493E-4
0.3651767	5.250731E-4
0.37584007	4.9115496E-4
0.3868148	4.5892343E-4
0.39811	4.2833062E-4
0.40973493	3.9932798E-4
0.42169935	3.7186593E-4
0.4340131	3.4589457E-4
0.44668642	3.2136348E-4
0.4597298	2.9822194E-4
0.47315407	2.7641913E-4
0.4869703	2.5590401E-4
0.50119	2.3662571E-4
0.5158249	2.1853347E-4
0.5308872	2.0157691E-4
0.5463893	1.8570604E-4
0.5623441	1.7087144E-4
0.57876474	1.5702436E-4
0.59566486	1.4411684E-4
0.61305845	1.3210178E-4
0.63096	1.2093307E-4
0.6493842	1.1056571E-4
0.6683464	1.00955745E-4
0.6878623	9.206052E-5
0.7079481	8.3838655E-5
0.72862035	7.6250086E-5
0.7498962	6.925616E-5
0.7717934	6.2819636E-5
0.79433	5.6904737E-5
0.8175246	5.1477153E-5
0.8413966	4.650406E-5
0.86596555	4.1954136E-5
0.8912519	3.7797545E-5
0.9172767	3.4005934E-5
0.9440614	3.0552426E-5
0.97162825	2.7411585E-5
1.0	2.4559396E-5
1.029201	2.1973176E-5
1.0592546	1.9631732E-5
1.090186	1.7515113E-5
1.1220205	1.560464E-5
1.1547846	1.3882867E-5
1.1885055	1.2333524E-5
1.223211	1.0941478E-5
1.25893	9.692679E-6
1.2956905	8.574151E-6
1.3335243	7.5738085E-6
1.3724631	6.680543E-6
1.4125386	5.884126E-6
1.4537846	5.175157E-6
1.4962348	4.5450133E-6
1.5399245	3.9858005E-6
1.58489	3.4903057E-6
1.6311698	3.0519418E-6
1.678801	2.6647372E-6
1.727823	2.323255E-6
1.7782766	2.022567E-6
1.8302034	1.7582137E-6
1.8836465	1.5261676E-6
1.9386501	1.3227998E-6
1.99526	1.1448451E-6
2.0535233	9.893707E-7
2.113488	8.5375086E-7
2.1752036	7.356355E-7
2.2387214	6.329267E-7
2.304094	5.4375494E-7
2.3713756	4.6645735E-7
2.4406219	3.9955788E-7
2.51189	3.417485E-7
2.5852382	2.918729E-7
2.6607285	2.4890903E-7
2.7384229	2.1195697E-7
2.818386	1.802251E-7
2.900684	1.5301858E-7
2.9853854	1.2972836E-7
3.0725598	1.0982178E-7
3.16228	9.2833744E-8
3.2546198	7.835888E-8
3.3496559	6.6044485E-8
3.447467	5.558426E-8
3.5481343	4.6712774E-8
3.6517413	3.920031E-8
3.7583735	3.2848476E-8
3.8681195	2.7486182E-8
3.98107	2.2966162E-8
4.097319	1.9161945E-8
4.2169633	1.5965052E-8
4.340101	1.3282581E-8
4.466834	1.103516E-8
4.5972676	9.155059E-9
4.7315106	7.5846E-9
4.869673	6.2747456E-9
5.01187	5.183859E-9
5.1582193	4.2767123E-9
5.3088417	3.5234304E-9
5.463863	2.8988456E-9
5.62341	2.3817328E-9
5.7876167	1.9541986E-9
5.9566183	1.6012592E-9
6.1305547	1.3102983E-9
6.30957	1.070787E-9
6.493813	8.738913E-10
6.683436	7.1226325E-10
6.878596	5.7976957E-10
7.079455	4.7131665E-10
7.286179	3.8265446E-10
7.4989395	3.1027547E-10
7.7179127	2.5127278E-10
7.94328	2.0323154E-10
8.175228	1.6417545E-10
8.41395	1.324636E-10
8.659641	1.0674539E-10
8.912508	8.591705E-11
9.172758	6.9070305E-11
9.440608	5.5459748E-11
9.716279	4.4482973E-11
10.0	3.5638603E-11



DATASET #2

Name: RSQSim
Num Points: 401
Info: 

X, Y Data:
1.0E-4	0.24375924
1.0333392E-4	0.2437005
1.06779E-4	0.24363676
1.1033893E-4	0.24356763
1.14017545E-4	0.24349275
1.178188E-4	0.24341173
1.2174679E-4	0.24332418
1.2580573E-4	0.24322964
1.3E-4	0.24312769
1.334183E-4	0.24304143
1.369265E-4	0.24294999
1.4052694E-4	0.24285312
1.4422205E-4	0.24275057
1.4801433E-4	0.24264207
1.5190631E-4	0.24252735
1.5590065E-4	0.24240614
1.6E-4	0.24227813
1.645257E-4	0.24213268
1.691794E-4	0.24197866
1.7396474E-4	0.24181572
1.7888544E-4	0.24164344
1.8394532E-4	0.24146143
1.8914833E-4	0.24126928
1.944985E-4	0.24106658
2.0E-4	0.24085286
2.0565712E-4	0.24062774
2.1147425E-4	0.24039075
2.1745593E-4	0.24014144
2.236068E-4	0.23987937
2.2993165E-4	0.23960406
2.364354E-4	0.23931506
2.4312311E-4	0.2390119
2.5E-4	0.23869412
2.5783465E-4	0.23832494
2.659148E-4	0.23793665
2.742482E-4	0.23752859
2.8284272E-4	0.23710014
2.917066E-4	0.23665066
3.0084825E-4	0.23617952
3.102764E-4	0.23568608
3.2E-4	0.23516975
3.290514E-4	0.23468283
3.383588E-4	0.23417628
3.4792948E-4	0.23364967
3.5777088E-4	0.23310257
3.6789064E-4	0.23253462
3.7829665E-4	0.2319454
3.88997E-4	0.23133454
4.0E-4	0.2307017
4.1131425E-4	0.23004653
4.229485E-4	0.2293687
4.3491187E-4	0.22866793
4.472136E-4	0.22794393
4.598633E-4	0.22719644
4.728708E-4	0.22642522
4.8624622E-4	0.22563007
5.0E-4	0.2248108
5.1465514E-4	0.22393666
5.2973983E-4	0.22303633
5.4526667E-4	0.22210969
5.612486E-4	0.22115664
5.77699E-4	0.22017714
5.946315E-4	0.21917115
6.120603E-4	0.2181387
6.3E-4	0.2170798
6.4807665E-4	0.21601738
6.6667196E-4	0.21492979
6.858008E-4	0.21381716
7.0547854E-4	0.21267968
7.257209E-4	0.21151753
7.465441E-4	0.21033093
7.6796475E-4	0.20912014
7.9E-4	0.20788541
8.136239E-4	0.20657426
8.379543E-4	0.20523787
8.630122E-4	0.20387664
8.8881946E-4	0.202491
9.153984E-4	0.2010814
9.427722E-4	0.19964834
9.7096455E-4	0.19819231
0.001	0.19671384
0.0010293103	0.195243
0.0010594797	0.19375165
0.0010905333	0.19224031
0.0011224973	0.19070953
0.001155398	0.18915989
0.001189263	0.18759193
0.0012241206	0.18600623
0.00126	0.18440339
0.0012961533	0.18281776
0.0013333439	0.18121678
0.0013716016	0.179601
0.0014109571	0.17797098
0.0014514418	0.17632721
0.0014930882	0.17467028
0.0015359295	0.1730007
0.00158	0.17131896
0.0016272478	0.16955496
0.0016759086	0.16777894
0.0017260244	0.16599144
0.0017776389	0.16419302
0.0018307968	0.1623842
0.0018855444	0.16056553
0.0019419291	0.1587375
0.002	0.15690063
0.0020575977	0.15512277
0.002116854	0.15333757
0.002177817	0.15154548
0.0022405356	0.14974688
0.0023050604	0.14794222
0.0023714434	0.14613186
0.0024397383	0.14431621
0.00251	0.14249568
0.0025833033	0.14064527
0.0026587474	0.13879062
0.0027363948	0.13693216
0.0028163097	0.1350703
0.0028985585	0.13320541
0.0029832094	0.13133796
0.0030703326	0.1294683
0.00316	0.12759693
0.0032524571	0.12572083
0.0033476194	0.12384387
0.003445566	0.12196652
0.0035463783	0.12008924
0.0036501405	0.118212536
0.0037569385	0.116336904
0.003866861	0.11446287
0.00398	0.11259096
0.004096165	0.11072624
0.0042157196	0.10886475
0.0043387646	0.10700708
0.0044654002	0.10515384
0.0045957323	0.10330563
0.0047298684	0.10146309
0.0048679197	0.09962688
0.00501	0.09779764
0.005156579	0.09597176
0.0053074467	0.09415427
0.005462728	0.09234588
0.0056225527	0.0905473
0.0057870536	0.08875926
0.005956367	0.086982474
0.0061306343	0.085217685
0.00631	0.08346563
0.006493865	0.08173395
0.0066830874	0.08001634
0.0068778237	0.078313515
0.007078234	0.07662619
0.0072844843	0.074955046
0.0074967444	0.07330078
0.00771519	0.07166405
0.00794	0.07004551
0.008172275	0.068439595
0.008411343	0.06685326
0.008657407	0.0652871
0.008910668	0.06374166
0.009171338	0.062217485
0.009439633	0.060715076
0.009715778	0.059234895
0.01	0.057777382
0.010292081	0.05634512
0.010592694	0.054936215
0.010902087	0.053550992
0.011220517	0.052189734
0.011548247	0.050852694
0.011885551	0.049540073
0.012232705	0.048252046
0.01259	0.04698874
0.012957647	0.045750525
0.013336032	0.044537168
0.013725464	0.04334869
0.01412627	0.042185064
0.014538779	0.041046243
0.014963334	0.03993213
0.015400288	0.038842615
0.01585	0.037777536
0.016312422	0.036737632
0.016788337	0.03572173
0.017278135	0.03472959
0.017782224	0.033760943
0.01830102	0.032815512
0.01883495	0.031892985
0.019384459	0.030993037
0.01995	0.030115323
0.020533005	0.029258108
0.021133045	0.028422467
0.021750621	0.027608013
0.022386245	0.02681435
0.023040446	0.026041074
0.023713762	0.025287773
0.024406755	0.024554033
0.02512	0.023839433
0.025853088	0.023144474
0.02660757	0.022467762
0.027384069	0.021808878
0.02818323	0.021167403
0.029005712	0.020542921
0.029852198	0.019935025
0.030723387	0.019343302
0.03162	0.018767355
0.032543603	0.0182063
0.033494186	0.01766026
0.034472536	0.017128857
0.03547946	0.016611714
0.0365158	0.016108463
0.03758241	0.015618746
0.03868017	0.015142214
0.03981	0.014678524
0.040972695	0.014227394
0.042169347	0.013788446
0.04340095	0.013361363
0.044668525	0.012945836
0.04597312	0.012541567
0.047315817	0.012148264
0.04869773	0.011765642
0.05012	0.011393424
0.0515838	0.0110313445
0.053090356	0.010679138
0.05464091	0.01033655
0.05623675	0.01000333
0.0578792	0.009679238
0.059569612	0.009364037
0.0613094	0.009057495
0.0631	0.00875939
0.06494172	0.008469681
0.066837184	0.008187966
0.06878798	0.007914036
0.070795715	0.007647686
0.072862044	0.00738872
0.074988686	0.0071369424
0.077177405	0.0068921656
0.07943	0.0066542053
0.08174976	0.006422744
0.08413727	0.0061977515
0.08659451	0.0059790574
0.08912351	0.005766495
0.09172637	0.0055599026
0.09440525	0.005359123
0.097162366	0.0051640035
0.1	0.004974396
0.102919795	0.0047902004
0.10592484	0.0046112314
0.109017625	0.004437355
0.112200715	0.0042684413
0.11547674	0.004104365
0.11884842	0.003945006
0.12231855	0.0037902473
0.12589	0.0036399774
0.12956645	0.0034940615
0.13335027	0.0033524255
0.13724458	0.003214971
0.14125264	0.0030816025
0.14537773	0.0029522292
0.14962329	0.0028267645
0.15399285	0.002705124
0.15849	0.0025872278
0.16311829	0.002473004
0.16788174	0.002362373
0.17278428	0.0022552642
0.17783	0.0021516087
0.18302307	0.0020513404
0.18836778	0.001954395
0.19386858	0.0018607107
0.19953	0.0017702265
0.20535603	0.0016828938
0.21135218	0.0015986434
0.21752341	0.001517418
0.22387484	0.0014391614
0.23041171	0.0013638175
0.23713945	0.001291331
0.24406363	0.0012216463
0.25119	0.0011547082
0.25852492	0.0010904568
0.26607406	0.0010288409
0.27384362	9.6980407E-4
0.28184006	9.132895E-4
0.29007	8.5923984E-4
0.29854023	8.075972E-4
0.30725783	7.5830286E-4
0.31623	7.1129756E-4
0.32546407	6.6652155E-4
0.33496782	6.239139E-4
0.34474903	5.8341335E-4
0.3548159	5.449581E-4
0.3651767	5.084858E-4
0.37584007	4.739338E-4
0.3868148	4.4123892E-4
0.39811	4.1033796E-4
0.40973493	3.8116766E-4
0.42169935	3.536644E-4
0.4340131	3.2776486E-4
0.44668642	3.03406E-4
0.4597298	2.8052516E-4
0.47315407	2.590601E-4
0.4869703	2.3894924E-4
0.50119	2.201318E-4
0.5158249	2.0254774E-4
0.5308872	1.8613815E-4
0.5463893	1.708451E-4
0.5623441	1.5661196E-4
0.57876474	1.4338332E-4
0.59566486	1.311052E-4
0.61305845	1.19725075E-4
0.63096	1.0919195E-4
0.6493842	9.945649E-5
0.6683464	9.047097E-5
0.6878623	8.218936E-5
0.7079481	7.4567426E-5
0.72862035	6.7562665E-5
0.7498962	6.1134386E-5
0.7717934	5.524368E-5
0.79433	4.985344E-5
0.8175246	4.4928347E-5
0.8413966	4.043486E-5
0.86596555	3.6341185E-5
0.8912519	3.2617252E-5
0.9172767	2.9234685E-5
0.9440614	2.6166761E-5
0.97162825	2.338836E-5
1.0	2.0875921E-5
1.029201	1.8607338E-5
1.0592546	1.6562077E-5
1.090186	1.4720935E-5
1.1220205	1.3066045E-5
1.1547846	1.1580817E-5
1.1885055	1.02498825E-5
1.223211	9.0590265E-6
1.25893	7.99513E-6
1.2956905	7.046145E-6
1.3335243	6.2009185E-6
1.3724631	5.44926E-6
1.4125386	4.7818357E-6
1.4537846	4.1901185E-6
1.4962348	3.666327E-6
1.5399245	3.2033786E-6
1.58489	2.7948367E-6
1.6311698	2.4348549E-6
1.678801	2.1181609E-6
1.727823	1.8399807E-6
1.7782766	1.5960087E-6
1.8302034	1.3823699E-6
1.8836465	1.1955829E-6
1.9386501	1.0325263E-6
1.99526	8.9040583E-7
2.0535233	7.66725E-7
2.113488	6.592592E-7
2.1752036	5.6602744E-7
2.2387214	4.852701E-7
2.304094	4.1542657E-7
2.3713756	3.5511567E-7
2.4406219	3.0311713E-7
2.51189	2.5835473E-7
2.5852382	2.1988174E-7
2.6607285	1.8686508E-7
2.7384229	1.5857474E-7
2.818386	1.3437156E-7
2.900684	1.1369705E-7
2.9853854	9.606392E-8
3.0725598	8.10479E-8
3.16228	6.8280194E-8
3.2546198	5.744081E-8
3.3496559	4.8252573E-8
3.447467	4.0475847E-8
3.5481343	3.3903824E-8
3.6517413	2.8358311E-8
3.7583735	2.3686056E-8
3.8681195	1.975549E-8
3.98107	1.6453855E-8
4.097319	1.3684668E-8
4.2169633	1.136554E-8
4.340101	9.426217E-9
4.466834	7.806914E-9
4.5972676	6.456814E-9
4.7315106	5.3328226E-9
4.869673	4.3984425E-9
5.01187	3.6228243E-9
5.1582193	2.979915E-9
5.3088417	2.4477869E-9
5.463863	2.0079791E-9
5.62341	1.6449963E-9
5.7876167	1.3458412E-9
5.9566183	1.0996365E-9
6.1305547	8.972926E-10
6.30957	7.312311E-10
6.493813	5.951363E-10
6.683436	4.8375126E-10
6.878596	3.9271109E-10
7.079455	3.184042E-10
7.286179	2.5783398E-10
7.4989395	2.0852875E-10
7.7179127	1.6844692E-10
7.94328	1.3590651E-10
8.175228	1.0951895E-10
8.41395	8.8141605E-11
8.659641	7.084666E-11
8.912508	5.6876615E-11
9.172758	4.5615622E-11
9.440608	3.6543102E-11
9.716279	2.9243163E-11
10.0	2.3375968E-11



DATASET #3

Name: 1000yr
Num Points: 2
Info: 

X, Y Data:
0.001	0.001
10.0	0.001



DATASET #4

Name: 2500yr
Num Points: 2
Info: 

X, Y Data:
0.001	4.0E-4
10.0	4.0E-4



DATASET #5

Name: 10000yr
Num Points: 2
Info: 

X, Y Data:
0.001	1.0E-4
10.0	1.0E-4


