
X-Axis: Normalized Interevent Time
Y-Axis: Probability
Number of Data Sets: 3


DATASET #1

     Name: JG Tune Base 1M Histogram
   Points: 41
     Info: 

Data[x,y]:
0.05	  0.023441575
0.15	  0.007477654
0.25	  0.011002006
0.35	  0.017088467
0.45	  0.025319684
0.55	  0.033029202
0.65	  0.04865692
0.75	  0.074046165
0.85	  0.113057494
0.95	  0.1555468
1.05	  0.1582828
1.15	  0.12684187
1.25	  0.07201734
1.35	  0.041353166
1.45	  0.023650255
1.55	  0.016508805
1.65	  0.012949673
1.75	  0.008880438
1.85	  0.007083483
1.95	  0.004880763
2.05	  0.003895336
2.15	  0.0027823828
2.25	  0.0022027197
2.35	  0.0016230567
2.45	  0.0016694297
2.55	  0.0010665801
2.65	  0.0010318003
2.75	  8.4630813E-4
2.85	  5.1010353E-4
2.95	  5.796631E-4
3.05	  4.9851026E-4
3.15	  2.8983154E-4
3.25	  2.5505177E-4
3.35	  3.2461135E-4
3.45	  2.0867871E-4
3.55	  2.2027198E-4
3.65	  1.7389892E-4
3.75	  2.0867871E-4
3.85	  6.955957E-5
3.95	  3.4779787E-5
4.05	  3.941709E-4



DATASET #2

     Name: Log-Normal Fit
   Points: 401
     Info: 

Data[x,y]:
0.005	  0.0
0.015	  9.149568E-22
0.025	  1.17540405E-17
0.035	  5.2252103E-15
0.045	  4.1331088E-13
0.055	  1.1548725E-11
0.065	  1.6196403E-10
0.075	  1.3978104E-9
0.085	  8.439631E-9
0.095	  3.8827878E-8
0.105	  1.4444602E-7
0.115	  4.534947E-7
0.125	  1.2401779E-6
0.135	  3.0259107E-6
0.145	  6.7103515E-6
0.155	  1.3724416E-5
0.165	  2.6192201E-5
0.175	  4.7085538E-5
0.185	  8.035423E-5
0.195	  1.3101684E-4
0.205	  2.0520051E-4
0.215	  3.1012294E-4
0.225	  4.54015E-4
0.235	  6.4598717E-4
0.245	  8.958464E-4
0.255	  0.0012138741
0.265	  0.0016105765
0.275	  0.0020964202
0.285	  0.0026815643
0.295	  0.003375603
0.305	  0.0041873227
0.315	  0.0051244893
0.325	  0.006193665
0.335	  0.00740006
0.345	  0.008747425
0.355	  0.010237978
0.365	  0.011872372
0.375	  0.013649692
0.385	  0.015567494
0.395	  0.017621858
0.405	  0.01980748
0.415	  0.022117767
0.425	  0.02454497
0.435	  0.027080301
0.445	  0.029714089
0.455	  0.03243591
0.465	  0.03523473
0.475	  0.038099073
0.485	  0.041017126
0.495	  0.043976896
0.505	  0.046966318
0.515	  0.049973395
0.525	  0.052986275
0.535	  0.05599338
0.545	  0.058983453
0.555	  0.061945677
0.565	  0.0648697
0.575	  0.067745715
0.585	  0.07056449
0.595	  0.07331742
0.605	  0.075996526
0.615	  0.07859449
0.625	  0.08110467
0.635	  0.083521105
0.645	  0.08583847
0.655	  0.08805214
0.665	  0.090158105
0.675	  0.09215301
0.685	  0.094034106
0.695	  0.09579921
0.705	  0.097446725
0.715	  0.09897558
0.725	  0.10038519
0.735	  0.10167546
0.745	  0.102846734
0.755	  0.10389976
0.765	  0.10483568
0.775	  0.10565597
0.785	  0.10636241
0.795	  0.10695709
0.805	  0.107442364
0.815	  0.107820794
0.825	  0.10809515
0.835	  0.10826839
0.845	  0.1083436
0.855	  0.10832403
0.865	  0.10821301
0.875	  0.108013965
0.885	  0.10773039
0.895	  0.10736581
0.905	  0.1069238
0.915	  0.10640796
0.925	  0.10582187
0.935	  0.105169095
0.945	  0.1044532
0.955	  0.10367769
0.965	  0.102846056
0.975	  0.10196171
0.985	  0.10102802
0.995	  0.10004827
1.005	  0.099025674
1.015	  0.09796339
1.025	  0.09686448
1.035	  0.09573189
1.045	  0.09456853
1.055	  0.09337718
1.065	  0.09216052
1.075	  0.09092118
1.085	  0.08966164
1.095	  0.08838432
1.105	  0.08709153
1.115	  0.08578547
1.125	  0.08446827
1.135	  0.083141945
1.145	  0.08180843
1.155	  0.080469556
1.165	  0.07912707
1.175	  0.07778263
1.185	  0.0764378
1.195	  0.07509407
1.205	  0.07375282
1.215	  0.07241539
1.225	  0.07108301
1.235	  0.06975684
1.245	  0.06843798
1.255	  0.067127444
1.265	  0.06582618
1.275	  0.064535074
1.285	  0.063254945
1.295	  0.061986543
1.305	  0.060730577
1.315	  0.059487686
1.325	  0.058258455
1.335	  0.057043422
1.345	  0.055843074
1.355	  0.05465785
1.365	  0.053488143
1.375	  0.052334305
1.385	  0.051196646
1.395	  0.050075434
1.405	  0.04897091
1.415	  0.047883276
1.425	  0.04681269
1.435	  0.04575929
1.445	  0.04472319
1.455	  0.04370446
1.465	  0.04270316
1.475	  0.041719314
1.485	  0.040752925
1.495	  0.03980398
1.505	  0.038872447
1.515	  0.037958264
1.525	  0.037061363
1.535	  0.03618165
1.545	  0.035319027
1.555	  0.03447337
1.565	  0.033644553
1.575	  0.03283243
1.585	  0.03203685
1.595	  0.031257644
1.605	  0.030494642
1.615	  0.029747663
1.625	  0.029016519
1.635	  0.02830101
1.645	  0.027600938
1.655	  0.026916096
1.665	  0.026246268
1.675	  0.02559124
1.685	  0.024950793
1.695	  0.0243247
1.705	  0.023712741
1.715	  0.023114683
1.725	  0.022530299
1.735	  0.021959359
1.745	  0.021401629
1.755	  0.020856876
1.765	  0.020324871
1.775	  0.01980538
1.785	  0.019298168
1.795	  0.018803008
1.805	  0.018319666
1.815	  0.017847918
1.825	  0.01738753
1.835	  0.01693828
1.845	  0.01649994
1.855	  0.016072292
1.865	  0.015655112
1.875	  0.01524818
1.885	  0.014851285
1.895	  0.014464211
1.905	  0.014086746
1.915	  0.013718683
1.925	  0.013359818
1.935	  0.013009946
1.945	  0.012668868
1.955	  0.012336387
1.965	  0.01201231
1.975	  0.011696445
1.985	  0.011388605
1.995	  0.011088606
2.005	  0.010796266
2.015	  0.010511405
2.025	  0.010233849
2.035	  0.009963428
2.045	  0.00969997
2.055	  0.00944331
2.065	  0.009193285
2.075	  0.008949738
2.085	  0.00871251
2.095	  0.008481448
2.105	  0.008256402
2.115	  0.008037224
2.125	  0.007823773
2.135	  0.007615904
2.145	  0.0074134804
2.155	  0.0072163674
2.165	  0.0070244316
2.175	  0.006837544
2.185	  0.006655578
2.195	  0.0064784093
2.205	  0.006305917
2.215	  0.006137983
2.225	  0.0059744907
2.235	  0.0058153276
2.245	  0.005660383
2.255	  0.005509549
2.265	  0.0053627193
2.275	  0.005219792
2.285	  0.0050806664
2.295	  0.0049452432
2.305	  0.0048134276
2.315	  0.004685126
2.325	  0.004560246
2.335	  0.004438699
2.345	  0.0043203984
2.355	  0.004205259
2.365	  0.004093198
2.375	  0.0039841346
2.385	  0.00387799
2.395	  0.0037746874
2.405	  0.0036741518
2.415	  0.0035763104
2.425	  0.003481092
2.435	  0.0033884267
2.445	  0.0032982472
2.455	  0.0032104875
2.465	  0.0031250834
2.475	  0.003041972
2.485	  0.0029610924
2.495	  0.0028823852
2.505	  0.0028057923
2.515	  0.0027312571
2.525	  0.002658725
2.535	  0.002588142
2.545	  0.002519456
2.555	  0.0024526163
2.565	  0.0023875732
2.575	  0.0023242787
2.585	  0.0022626857
2.595	  0.0022027483
2.605	  0.0021444224
2.615	  0.002087664
2.625	  0.0020324315
2.635	  0.0019786835
2.645	  0.0019263799
2.655	  0.0018754819
2.665	  0.0018259515
2.675	  0.0017777518
2.685	  0.0017308469
2.695	  0.0016852018
2.705	  0.0016407823
2.715	  0.0015975556
2.725	  0.0015554891
2.735	  0.0015145516
2.745	  0.0014747125
2.755	  0.001435942
2.765	  0.0013982113
2.775	  0.0013614923
2.785	  0.0013257574
2.795	  0.00129098
2.805	  0.0012571344
2.815	  0.001224195
2.825	  0.0011921374
2.835	  0.0011609377
2.845	  0.0011305728
2.855	  0.0011010198
2.865	  0.001072257
2.875	  0.0010442627
2.885	  0.0010170162
2.895	  9.904973E-4
2.905	  9.646863E-4
2.915	  9.395638E-4
2.925	  9.151114E-4
2.935	  8.9131074E-4
2.945	  8.681443E-4
2.955	  8.455949E-4
2.965	  8.2364585E-4
2.975	  8.022808E-4
2.985	  7.8148395E-4
2.995	  7.6123996E-4
3.005	  7.415339E-4
3.015	  7.2235113E-4
3.025	  7.036776E-4
3.035	  6.8549946E-4
3.045	  6.6780334E-4
3.055	  6.5057626E-4
3.065	  6.338054E-4
3.075	  6.174786E-4
3.085	  6.015838E-4
3.095	  5.8610935E-4
3.105	  5.7104387E-4
3.115	  5.563763E-4
3.125	  5.4209604E-4
3.135	  5.281925E-4
3.145	  5.146556E-4
3.155	  5.014754E-4
3.165	  4.886424E-4
3.175	  4.761472E-4
3.185	  4.6398066E-4
3.195	  4.5213397E-4
3.205	  4.4059858E-4
3.215	  4.2936605E-4
3.225	  4.1842827E-4
3.235	  4.0777732E-4
3.245	  3.974055E-4
3.255	  3.8730534E-4
3.265	  3.7746952E-4
3.275	  3.6789099E-4
3.285	  3.585628E-4
3.295	  3.494783E-4
3.305	  3.4063097E-4
3.315	  3.320144E-4
3.325	  3.236225E-4
3.335	  3.1544917E-4
3.345	  3.0748866E-4
3.355	  2.9973526E-4
3.365	  2.921834E-4
3.375	  2.8482775E-4
3.385	  2.776631E-4
3.395	  2.7068428E-4
3.405	  2.6388638E-4
3.415	  2.5726462E-4
3.425	  2.5081428E-4
3.435	  2.4453082E-4
3.445	  2.3840979E-4
3.455	  2.3244688E-4
3.465	  2.266379E-4
3.475	  2.2097875E-4
3.485	  2.1546548E-4
3.495	  2.1009422E-4
3.505	  2.048612E-4
3.515	  1.9976277E-4
3.525	  1.9479536E-4
3.535	  1.8995554E-4
3.545	  1.8523989E-4
3.555	  1.8064518E-4
3.565	  1.7616818E-4
3.575	  1.7180582E-4
3.585	  1.6755506E-4
3.595	  1.6341297E-4
3.605	  1.593767E-4
3.615	  1.5544344E-4
3.625	  1.5161051E-4
3.635	  1.4787527E-4
3.645	  1.4423515E-4
3.655	  1.4068765E-4
3.665	  1.3723035E-4
3.675	  1.338609E-4
3.685	  1.3057698E-4
3.695	  1.2737638E-4
3.705	  1.2425688E-4
3.715	  1.21216406E-4
3.725	  1.1825287E-4
3.735	  1.1536428E-4
3.745	  1.12548674E-4
3.755	  1.0980415E-4
3.765	  1.0712886E-4
3.775	  1.04521E-4
3.785	  1.0197883E-4
3.795	  9.9500634E-5
3.805	  9.7084754E-5
3.815	  9.472957E-5
3.825	  9.243352E-5
3.835	  9.019506E-5
3.845	  8.801271E-5
3.855	  8.588502E-5
3.865	  8.381056E-5
3.875	  8.1787985E-5
3.885	  7.981593E-5
3.895	  7.78931E-5
3.905	  7.601824E-5
3.915	  7.4190095E-5
3.925	  7.240748E-5
3.935	  7.066921E-5
3.945	  6.897416E-5
3.955	  6.732121E-5
3.965	  6.570929E-5
3.975	  6.413734E-5
3.985	  6.260434E-5
3.995	  6.11093E-5
4.005	  5.9651233E-5



DATASET #3

     Name: BPT Fit
   Points: 401
     Info: Mean = 100.0, Aperiodicity = 0.5, Duration = 30.0, Delta T = 1.0, Num Points = 500, Historic Open Interval = 0.0
Computed mean = 0.9954821

Data[x,y]:
0.0	  0.0
0.01	  0.0
0.02	  0.0
0.03	  1.1831E-41
0.04	  1.2303183E-30
0.05	  4.5903927E-24
0.06	  1.0391601E-19
0.07	  1.2817808E-16
0.08	  2.5768799E-14
0.09	  1.5504042E-12
0.1	  4.017502E-11
0.11	  5.6502003E-10
0.12	  5.030542E-9
0.13	  3.1536302E-8
0.14	  1.5017534E-7
0.15	  5.7424757E-7
0.16	  1.8381169E-6
0.17	  5.0840376E-6
0.18	  1.2454101E-5
0.19	  2.755005E-5
0.2	  5.5895667E-5
0.21	  1.0532375E-4
0.22	  1.8621547E-4
0.23	  3.1154125E-4
0.24	  4.966816E-4
0.25	  7.5903727E-4
0.26	  0.0011174621
0.27	  0.0015915714
0.28	  0.0022009818
0.29	  0.0029645455
0.3	  0.003899623
0.31	  0.0050214455
0.32	  0.0063425857
0.33	  0.007872562
0.34	  0.009617578
0.35	  0.011580391
0.36	  0.013760307
0.37	  0.016153287
0.38	  0.01875213
0.39	  0.021546744
0.4	  0.02452446
0.41	  0.027670383
0.42	  0.030967763
0.43	  0.034398373
0.44	  0.037942883
0.45	  0.041581206
0.46	  0.045292847
0.47	  0.049057204
0.48	  0.05285385
0.49	  0.056662757
0.5	  0.060464546
0.51	  0.064240634
0.52	  0.06797339
0.53	  0.071646266
0.54	  0.07524385
0.55	  0.078752
0.56	  0.082157806
0.57	  0.085449636
0.58	  0.08861718
0.59	  0.09165138
0.6	  0.09454445
0.61	  0.09728978
0.62	  0.099881954
0.63	  0.10231666
0.64	  0.104590654
0.65	  0.106701665
0.66	  0.10864834
0.67	  0.1104302
0.68	  0.11204757
0.69	  0.11350147
0.7	  0.114793584
0.71	  0.115926206
0.72	  0.11690216
0.73	  0.1177247
0.74	  0.11839756
0.75	  0.118924774
0.76	  0.11931072
0.77	  0.11956002
0.78	  0.11967751
0.79	  0.11966819
0.8	  0.11953723
0.81	  0.119289845
0.82	  0.11893137
0.83	  0.11846712
0.84	  0.11790248
0.85	  0.11724277
0.86	  0.116493285
0.87	  0.115659274
0.88	  0.11474591
0.89	  0.11375826
0.9	  0.11270131
0.91	  0.111579925
0.92	  0.110398844
0.93	  0.10916267
0.94	  0.10787589
0.95	  0.10654281
0.96	  0.10516762
0.97	  0.10375434
0.98	  0.10230685
0.99	  0.10082888
1.0	  0.09932398
1.01	  0.09779557
1.02	  0.096246906
1.03	  0.09468109
1.04	  0.093101084
1.05	  0.091509685
1.06	  0.08990957
1.07	  0.088303246
1.08	  0.0866931
1.09	  0.085081376
1.1	  0.08347019
1.11	  0.081861526
1.12	  0.08025725
1.13	  0.0786591
1.14	  0.07706872
1.15	  0.075487606
1.16	  0.07391718
1.17	  0.07235876
1.18	  0.07081353
1.19	  0.06928261
1.2	  0.06776705
1.21	  0.06626776
1.22	  0.0647856
1.23	  0.06332136
1.24	  0.061875723
1.25	  0.060449336
1.26	  0.059042756
1.27	  0.057656478
1.28	  0.05629095
1.29	  0.054946546
1.3	  0.053623598
1.31	  0.052322384
1.32	  0.051043127
1.33	  0.04978601
1.34	  0.04855118
1.35	  0.04733873
1.36	  0.046148732
1.37	  0.044981204
1.38	  0.04383615
1.39	  0.042713534
1.4	  0.041613292
1.41	  0.04053533
1.42	  0.039479543
1.43	  0.03844579
1.44	  0.03743391
1.45	  0.036443736
1.46	  0.03547507
1.47	  0.034527704
1.48	  0.033601407
1.49	  0.03269595
1.5	  0.031811077
1.51	  0.030946534
1.52	  0.030102044
1.53	  0.029277332
1.54	  0.02847211
1.55	  0.027686087
1.56	  0.026918963
1.57	  0.026170433
1.58	  0.025440188
1.59	  0.02472792
1.6	  0.024033314
1.61	  0.023356052
1.62	  0.022695817
1.63	  0.02205229
1.64	  0.021425152
1.65	  0.020814085
1.66	  0.020218771
1.67	  0.01963889
1.68	  0.019074127
1.69	  0.018524168
1.7	  0.0179887
1.71	  0.017467413
1.72	  0.016959999
1.73	  0.016466154
1.74	  0.015985576
1.75	  0.015517967
1.76	  0.015063032
1.77	  0.014620478
1.78	  0.014190021
1.79	  0.013771375
1.8	  0.013364261
1.81	  0.012968404
1.82	  0.012583533
1.83	  0.012209383
1.84	  0.011845688
1.85	  0.011492194
1.86	  0.011148645
1.87	  0.0108147925
1.88	  0.010490393
1.89	  0.010175207
1.9	  0.009868999
1.91	  0.009571538
1.92	  0.009282599
1.93	  0.00900196
1.94	  0.008729405
1.95	  0.00846472
1.96	  0.008207698
1.97	  0.0079581365
1.98	  0.007715835
1.99	  0.0074805995
2.0	  0.00725224
2.01	  0.007030571
2.02	  0.0068154098
2.03	  0.0066065793
2.04	  0.006403906
2.05	  0.0062072207
2.06	  0.006016358
2.07	  0.005831157
2.08	  0.005651459
2.09	  0.0054771123
2.1	  0.0053079654
2.11	  0.005143873
2.12	  0.004984692
2.13	  0.0048302845
2.14	  0.0046805143
2.15	  0.0045352494
2.16	  0.0043943617
2.17	  0.0042577256
2.18	  0.004125219
2.19	  0.0039967233
2.2	  0.0038721226
2.21	  0.0037513042
2.22	  0.0036341585
2.23	  0.0035205788
2.24	  0.003410461
2.25	  0.003303704
2.26	  0.0032002095
2.27	  0.0030998816
2.28	  0.0030026275
2.29	  0.0029083563
2.3	  0.00281698
2.31	  0.0027284129
2.32	  0.0026425717
2.33	  0.0025593757
2.34	  0.0024787458
2.35	  0.0024006057
2.36	  0.002324881
2.37	  0.0022514996
2.38	  0.0021803908
2.39	  0.0021114866
2.4	  0.0020447208
2.41	  0.001980029
2.42	  0.0019173486
2.43	  0.0018566187
2.44	  0.0017977803
2.45	  0.0017407762
2.46	  0.0016855506
2.47	  0.0016320496
2.48	  0.0015802205
2.49	  0.0015300125
2.5	  0.0014813761
2.51	  0.0014342633
2.52	  0.0013886275
2.53	  0.0013444234
2.54	  0.0013016071
2.55	  0.001260136
2.56	  0.0012199688
2.57	  0.0011810653
2.58	  0.0011433866
2.59	  0.0011068949
2.6	  0.0010715537
2.61	  0.0010373272
2.62	  0.0010041811
2.63	  9.720818E-4
2.64	  9.409969E-4
2.65	  9.10895E-4
2.66	  8.817455E-4
2.67	  8.535187E-4
2.68	  8.261861E-4
2.69	  7.9971965E-4
2.7	  7.7409245E-4
2.71	  7.4927835E-4
2.72	  7.2525186E-4
2.73	  7.019884E-4
2.74	  6.7946414E-4
2.75	  6.5765594E-4
2.76	  6.365413E-4
2.77	  6.160986E-4
2.78	  5.9630664E-4
2.79	  5.77145E-4
2.8	  5.58594E-4
2.81	  5.406343E-4
2.82	  5.2324735E-4
2.83	  5.0641515E-4
2.84	  4.901202E-4
2.85	  4.7434555E-4
2.86	  4.590748E-4
2.87	  4.4429203E-4
2.88	  4.2998182E-4
2.89	  4.1612927E-4
2.9	  4.0271992E-4
2.91	  3.8973967E-4
2.92	  3.7717502E-4
2.93	  3.6501276E-4
2.94	  3.5324015E-4
2.95	  3.418448E-4
2.96	  3.308148E-4
2.97	  3.2013853E-4
2.98	  3.0980472E-4
2.99	  2.9980254E-4
3.0	  2.9012142E-4
3.01	  2.8075115E-4
3.02	  2.7168184E-4
3.03	  2.629039E-4
3.04	  2.5440808E-4
3.05	  2.4618534E-4
3.06	  2.3822703E-4
3.07	  2.3052469E-4
3.08	  2.2307014E-4
3.09	  2.1585549E-4
3.1	  2.0887307E-4
3.11	  2.0211547E-4
3.12	  1.9557549E-4
3.13	  1.8924617E-4
3.14	  1.831208E-4
3.15	  1.7719284E-4
3.16	  1.7145596E-4
3.17	  1.6590407E-4
3.18	  1.6053121E-4
3.19	  1.5533167E-4
3.2	  1.502999E-4
3.21	  1.4543047E-4
3.22	  1.4071824E-4
3.23	  1.3615812E-4
3.24	  1.3174527E-4
3.25	  1.2747492E-4
3.26	  1.2334251E-4
3.27	  1.1934362E-4
3.28	  1.15473944E-4
3.29	  1.1172934E-4
3.3	  1.0810578E-4
3.31	  1.0459938E-4
3.32	  1.0120636E-4
3.33	  9.7923075E-5
3.34	  9.4746E-5
3.35	  9.167171E-5
3.36	  8.869689E-5
3.37	  8.5818356E-5
3.38	  8.303298E-5
3.39	  8.0337784E-5
3.4	  7.772984E-5
3.41	  7.520636E-5
3.42	  7.276459E-5
3.43	  7.040192E-5
3.44	  6.811578E-5
3.45	  6.590371E-5
3.46	  6.376332E-5
3.47	  6.16923E-5
3.48	  5.96884E-5
3.49	  5.7749454E-5
3.5	  5.587337E-5
3.51	  5.4058113E-5
3.52	  5.230172E-5
3.53	  5.0602284E-5
3.54	  4.895797E-5
3.55	  4.736699E-5
3.56	  4.5827623E-5
3.57	  4.43382E-5
3.58	  4.2897103E-5
3.59	  4.150277E-5
3.6	  4.0153693E-5
3.61	  3.8848397E-5
3.62	  3.7585472E-5
3.63	  3.6363544E-5
3.64	  3.5181285E-5
3.65	  3.4037414E-5
3.66	  3.2930682E-5
3.67	  3.1859894E-5
3.68	  3.0823878E-5
3.69	  2.982151E-5
3.7	  2.8851702E-5
3.71	  2.7913395E-5
3.72	  2.7005572E-5
3.73	  2.612724E-5
3.74	  2.5277446E-5
3.75	  2.4455267E-5
3.76	  2.36598E-5
3.77	  2.2890188E-5
3.78	  2.2145585E-5
3.79	  2.1425183E-5
3.8	  2.0728196E-5
3.81	  2.0053865E-5
3.82	  1.9401454E-5
3.83	  1.8770252E-5
3.84	  1.8159571E-5
3.85	  1.7568746E-5
3.86	  1.6997128E-5
3.87	  1.6444099E-5
3.88	  1.5909052E-5
3.89	  1.5391404E-5
3.9	  1.4890589E-5
3.91	  1.4406062E-5
3.92	  1.3937294E-5
3.93	  1.3483772E-5
3.94	  1.3045001E-5
3.95	  1.2620502E-5
3.96	  1.2209811E-5
3.97	  1.181248E-5
3.98	  1.1428075E-5
3.99	  1.1056174E-5
4.0	  1.0696373E-5


