
X-Axis: 5.0s SA (g)
Y-Axis: Annual Probabilitiy
Number of Data Sets: 5


DATASET #1

Name: UCERF3
Num Points: 401
Info: 

X, Y Data:
1.0E-4	0.05043615
1.0333392E-4	0.05043573
1.06779E-4	0.050435234
1.1033893E-4	0.050434656
1.14017545E-4	0.05043399
1.178188E-4	0.05043321
1.2174679E-4	0.05043231
1.2580573E-4	0.050431266
1.3E-4	0.050430063
1.334183E-4	0.05042898
1.369265E-4	0.05042777
1.4052694E-4	0.05042642
1.4422205E-4	0.050424915
1.4801433E-4	0.05042324
1.5190631E-4	0.050421372
1.5590065E-4	0.0504193
1.6E-4	0.050417
1.645257E-4	0.050414246
1.691794E-4	0.050411176
1.7396474E-4	0.050407756
1.7888544E-4	0.050403953
1.8394532E-4	0.05039972
1.8914833E-4	0.050395027
1.944985E-4	0.050389826
2.0E-4	0.050384067
2.0565712E-4	0.050377704
2.1147425E-4	0.05037068
2.1745593E-4	0.050362933
2.236068E-4	0.050354406
2.2993165E-4	0.05034503
2.364354E-4	0.050334733
2.4312311E-4	0.05032344
2.5E-4	0.050311074
2.5783465E-4	0.050296035
2.659148E-4	0.050279453
2.742482E-4	0.050261196
2.8284272E-4	0.05024113
2.917066E-4	0.05021911
3.0084825E-4	0.050194986
3.102764E-4	0.05016859
3.2E-4	0.050139755
3.290514E-4	0.050111447
3.383588E-4	0.05008087
3.4792948E-4	0.050047874
3.5777088E-4	0.050012324
3.6789064E-4	0.049974058
3.7829665E-4	0.04993293
3.88997E-4	0.04988877
4.0E-4	0.04984142
4.1131425E-4	0.049790706
4.229485E-4	0.04973646
4.3491187E-4	0.049678497
4.472136E-4	0.049616642
4.598633E-4	0.04955071
4.728708E-4	0.049480516
4.8624622E-4	0.04940587
5.0E-4	0.049326584
5.1465514E-4	0.049239375
5.2973983E-4	0.049146768
5.4526667E-4	0.04904855
5.612486E-4	0.04894451
5.77699E-4	0.048834436
5.946315E-4	0.048718117
6.120603E-4	0.048595347
6.3E-4	0.04846592
6.4807665E-4	0.048332535
6.6667196E-4	0.048192386
6.858008E-4	0.0480453
7.0547854E-4	0.0478911
7.257209E-4	0.047729615
7.465441E-4	0.047560688
7.6796475E-4	0.047384165
7.9E-4	0.047199897
8.136239E-4	0.046999596
8.379543E-4	0.046790604
8.630122E-4	0.04657279
8.8881946E-4	0.046346035
9.153984E-4	0.046110235
9.427722E-4	0.045865297
9.7096455E-4	0.045611147
0.001	0.045347717
0.0010293103	0.045080382
0.0010594797	0.04480406
0.0010905333	0.044518724
0.0011224973	0.044224378
0.001155398	0.04392104
0.001189263	0.043608733
0.0012241206	0.043287512
0.00126	0.04295744
0.0012961533	0.042625714
0.0013333439	0.042285662
0.0013716016	0.041937385
0.0014109571	0.041581005
0.0014514418	0.041216645
0.0014930882	0.040844455
0.0015359295	0.040464595
0.00158	0.040077236
0.0016272478	0.039666
0.0016759086	0.03924705
0.0017260244	0.038820628
0.0017776389	0.038386986
0.0018307968	0.037946388
0.0018855444	0.03749911
0.0019419291	0.03704544
0.002	0.036585685
0.0020575977	0.0361372
0.002116854	0.035683632
0.002177817	0.035225272
0.0022405356	0.034762423
0.0023050604	0.034295384
0.0023714434	0.033824462
0.0024397383	0.033349976
0.00251	0.03287224
0.0025833033	0.032384884
0.0026587474	0.031894844
0.0027363948	0.03140246
0.0028163097	0.030908072
0.0028985585	0.030412007
0.0029832094	0.029914604
0.0030703326	0.02941619
0.00316	0.028917097
0.0032524571	0.028416734
0.0033476194	0.027916335
0.003445566	0.027416214
0.0035463783	0.026916686
0.0036501405	0.026418053
0.0037569385	0.025920615
0.003866861	0.025424657
0.00398	0.024930468
0.004096165	0.024439503
0.0042157196	0.02395083
0.0043387646	0.023464708
0.0044654002	0.022981381
0.0045957323	0.022501087
0.0047298684	0.022024052
0.0048679197	0.021550495
0.00501	0.021080622
0.005156579	0.020613534
0.0053074467	0.020150537
0.005462728	0.019691814
0.0056225527	0.019237533
0.0057870536	0.018787857
0.005956367	0.018342936
0.0061306343	0.017902916
0.00631	0.017467927
0.006493865	0.017039806
0.0066830874	0.016616913
0.0068778237	0.01619936
0.007078234	0.015787242
0.0072844843	0.0153806545
0.0074967444	0.014979679
0.00771519	0.014584394
0.00794	0.014194868
0.008172275	0.013809684
0.008411343	0.013430427
0.008657407	0.013057149
0.008910668	0.012689897
0.009171338	0.01232871
0.009439633	0.011973626
0.009715778	0.011624673
0.01	0.011281879
0.010292081	0.010945775
0.010592694	0.010615846
0.010902087	0.010292104
0.011220517	0.009974559
0.011548247	0.009663211
0.011885551	0.009358062
0.012232705	0.009059109
0.01259	0.008766341
0.012957647	0.008479812
0.013336032	0.00819944
0.013725464	0.007925208
0.01412627	0.0076570916
0.014538779	0.007395067
0.014963334	0.007139105
0.015400288	0.0068891733
0.01585	0.006645237
0.016312422	0.006407468
0.016788337	0.0061756033
0.017278135	0.0059495973
0.017782224	0.0057294024
0.01830102	0.0055149673
0.01883495	0.0053062374
0.019384459	0.0051031564
0.01995	0.0049056644
0.020533005	0.004713389
0.021133045	0.004526592
0.021750621	0.004345204
0.022386245	0.004169156
0.023040446	0.0039983722
0.023713762	0.0038327777
0.024406755	0.0036722946
0.02512	0.0035168426
0.025853088	0.0033665386
0.02660757	0.0032210862
0.027384069	0.0030804006
0.02818323	0.0029443947
0.029005712	0.00281298
0.029852198	0.0026860668
0.030723387	0.0025635648
0.03162	0.002445382
0.032543603	0.0023313272
0.033494186	0.0022214132
0.034472536	0.002115546
0.03547946	0.0020136312
0.0365158	0.0019155741
0.03758241	0.0018212801
0.03868017	0.0017306544
0.03981	0.0016436024
0.040972695	0.0015600392
0.042169347	0.0014798609
0.04340095	0.001402974
0.044668525	0.0013292857
0.04597312	0.0012587039
0.047315817	0.0011911374
0.04869773	0.0011264958
0.05012	0.0010646896
0.0515838	0.0010056309
0.053090356	9.4923214E-4
0.05464091	8.95407E-4
0.05623675	8.440707E-4
0.0578792	7.951397E-4
0.059569612	7.485317E-4
0.0613094	7.041659E-4
0.0631	6.619628E-4
0.06494172	6.21869E-4
0.066837184	5.83781E-4
0.06878798	5.476238E-4
0.070795715	5.1332405E-4
0.072862044	4.8081006E-4
0.074988686	4.5001155E-4
0.077177405	4.2085987E-4
0.07943	3.9328798E-4
0.08174976	3.672152E-4
0.08413727	3.425947E-4
0.08659451	3.1936413E-4
0.08912351	2.974628E-4
0.09172637	2.768317E-4
0.09440525	2.5741343E-4
0.097162366	2.3915214E-4
0.1	2.2199375E-4
0.102919795	2.0588946E-4
0.10592484	1.9078417E-4
0.109017625	1.7662862E-4
0.112200715	1.6337515E-4
0.11547674	1.5097774E-4
0.11884842	1.3939191E-4
0.12231855	1.285748E-4
0.12589	1.1848507E-4
0.12956645	1.0908117E-4
0.13335027	1.0032684E-4
0.13724458	9.218531E-5
0.14125264	8.462128E-5
0.14537773	7.760092E-5
0.14962329	7.1091825E-5
0.15399285	6.5063025E-5
0.15849	5.9484926E-5
0.16311829	5.4329492E-5
0.16788174	4.956957E-5
0.17278428	4.517955E-5
0.17783	4.113508E-5
0.18302307	3.7413047E-5
0.18836778	3.3991524E-5
0.19386858	3.084975E-5
0.19953	2.7968095E-5
0.20535603	2.5328318E-5
0.21135218	2.2912564E-5
0.21752341	2.0704356E-5
0.22387484	1.8688199E-5
0.23041171	1.6849528E-5
0.23713945	1.51746835E-5
0.24406363	1.3650867E-5
0.25119	1.2266102E-5
0.25852492	1.1009124E-5
0.26607406	9.869588E-6
0.27384362	8.837769E-6
0.28184006	7.904618E-6
0.29007	7.0617293E-6
0.29854023	6.3013063E-6
0.30725783	5.616127E-6
0.31623	4.9995106E-6
0.32546407	4.445291E-6
0.33496782	3.9477736E-6
0.34474903	3.5017188E-6
0.3548159	3.1023073E-6
0.3651767	2.7451158E-6
0.37584007	2.4260878E-6
0.3868148	2.14151E-6
0.39811	1.8879883E-6
0.40973493	1.6624259E-6
0.42169935	1.4619975E-6
0.4340131	1.2841336E-6
0.44668642	1.1264995E-6
0.4597298	9.86977E-7
0.47315407	8.636472E-7
0.4869703	7.5477425E-7
0.50119	6.587905E-7
0.5158249	5.7428196E-7
0.5308872	4.9997584E-7
0.5463893	4.3472744E-7
0.5623441	3.7750928E-7
0.57876474	3.274003E-7
0.59566486	2.8357627E-7
0.61305845	2.4530047E-7
0.63096	2.1191575E-7
0.6493842	1.8283659E-7
0.6683464	1.5754203E-7
0.6878623	1.3556951E-7
0.7079481	1.165087E-7
0.72862035	9.99964E-8
0.7498962	8.571148E-8
0.7717934	7.33704E-8
0.79433	6.272335E-8
0.8175246	5.355041E-8
0.8413966	4.5658457E-8
0.86596555	3.8877925E-8
0.8912519	3.3060363E-8
0.9172767	2.8075956E-8
0.9440614	2.3811303E-8
0.97162825	2.0167525E-8
1.0	1.7058586E-8
1.029201	1.4409549E-8
1.0592546	1.2155659E-8
1.090186	1.0240622E-8
1.1220205	8.615737E-9
1.1547846	7.2389987E-9
1.1885055	6.0741083E-9
1.223211	5.0898827E-9
1.25893	4.259403E-9
1.2956905	3.5597143E-9
1.3335243	2.9709821E-9
1.3724631	2.4763218E-9
1.4125386	2.061271E-9
1.4537846	1.713491E-9
1.4962348	1.4224985E-9
1.5399245	1.179359E-9
1.58489	9.76481E-10
1.6311698	8.0742524E-10
1.678801	6.667691E-10
1.727823	5.498876E-10
1.7782766	4.5290616E-10
1.8302034	3.7253833E-10
1.8836465	3.060313E-10
1.9386501	2.5108027E-10
1.99526	2.0572499E-10
2.0535233	1.6834756E-10
2.113488	1.3758372E-10
2.1752036	1.1230039E-10
2.2387214	9.154821E-11
2.304094	7.453416E-11
2.3713756	6.0608074E-11
2.4406219	4.9225513E-11
2.51189	3.9923287E-11
2.5852382	3.2345904E-11
2.6607285	2.617162E-11
2.7384229	2.1150304E-11
2.818386	1.7070345E-11
2.900684	1.37619915E-11
2.9853854	1.1081136E-11
3.0725598	8.91176E-12
3.16228	7.1568307E-12
3.2546198	5.7414073E-12
3.3496559	4.598988E-12
3.447467	3.6813885E-12
3.5481343	2.9408698E-12
3.6517413	2.3470115E-12
3.7583735	1.871836E-12
3.8681195	1.4906965E-12
3.98107	1.1851631E-12
4.097319	9.413581E-13
4.2169633	7.461809E-13
4.340101	5.9119376E-13
4.466834	4.6562754E-13
4.5972676	3.6859404E-13
4.7315106	2.9143354E-13
4.869673	2.2859492E-13
5.01187	1.7807977E-13
5.1582193	1.3977708E-13
5.3088417	1.0846879E-13
5.463863	8.3710816E-14
5.62341	6.4837025E-14
5.7876167	5.0848215E-14
5.9566183	3.863576E-14
6.1305547	2.942091E-14
6.30957	2.1649349E-14
6.493813	1.6209256E-14
6.683436	1.2212453E-14
6.878596	9.436896E-15
7.079455	6.994405E-15
7.286179	5.107026E-15
7.4989395	3.5527137E-15
7.7179127	2.1094237E-15
7.94328	1.6653345E-15
8.175228	1.2212453E-15
8.41395	6.661338E-16
8.659641	5.551115E-16
8.912508	2.220446E-16
9.172758	1.110223E-16
9.440608	0.0
9.716279	0.0
10.0	0.0



DATASET #2

Name: RSQSim
Num Points: 401
Info: 

X, Y Data:
1.0E-4	0.10604342
1.0333392E-4	0.10604235
1.06779E-4	0.1060411
1.1033893E-4	0.10603964
1.14017545E-4	0.106037945
1.178188E-4	0.10603597
1.2174679E-4	0.10603368
1.2580573E-4	0.10603103
1.3E-4	0.10602797
1.334183E-4	0.106025204
1.369265E-4	0.10602212
1.4052694E-4	0.10601868
1.4422205E-4	0.10601483
1.4801433E-4	0.10601054
1.5190631E-4	0.106005765
1.5590065E-4	0.10600045
1.6E-4	0.10599455
1.645257E-4	0.10598749
1.691794E-4	0.1059796
1.7396474E-4	0.1059708
1.7888544E-4	0.105960995
1.8394532E-4	0.10595009
1.8914833E-4	0.105937965
1.944985E-4	0.10592452
2.0E-4	0.10590962
2.0565712E-4	0.10589313
2.1147425E-4	0.1058749
2.1745593E-4	0.10585479
2.236068E-4	0.105832614
2.2993165E-4	0.1058082
2.364354E-4	0.105781354
2.4312311E-4	0.10575188
2.5E-4	0.10571955
2.5783465E-4	0.1056802
2.659148E-4	0.10563674
2.742482E-4	0.10558883
2.8284272E-4	0.1055361
2.917066E-4	0.10547815
3.0084825E-4	0.10541456
3.102764E-4	0.1053449
3.2E-4	0.1052687
3.290514E-4	0.10519379
3.383588E-4	0.105112754
3.4792948E-4	0.105025224
3.5777088E-4	0.10493078
3.6789064E-4	0.10482901
3.7829665E-4	0.10471949
3.88997E-4	0.104601756
4.0E-4	0.10447536
4.1131425E-4	0.104339816
4.229485E-4	0.104194656
4.3491187E-4	0.104039386
4.472136E-4	0.1038735
4.598633E-4	0.10369647
4.728708E-4	0.1035078
4.8624622E-4	0.10330695
5.0E-4	0.103093386
5.1465514E-4	0.10285823
5.2973983E-4	0.10260826
5.4526667E-4	0.102342896
5.612486E-4	0.102061525
5.77699E-4	0.10176356
5.946315E-4	0.10144841
6.120603E-4	0.1011155
6.3E-4	0.10076426
6.4807665E-4	0.10040201
6.6667196E-4	0.10002114
6.858008E-4	0.09962114
7.0547854E-4	0.09920155
7.257209E-4	0.098761916
7.465441E-4	0.09830179
7.6796475E-4	0.09782077
7.9E-4	0.09731848
8.136239E-4	0.09677228
8.379543E-4	0.09620226
8.630122E-4	0.09560808
8.8881946E-4	0.094989434
9.153984E-4	0.094346106
9.427722E-4	0.09367788
9.7096455E-4	0.09298461
0.001	0.092266195
0.0010293103	0.09153736
0.0010594797	0.0907843
0.0010905333	0.09000705
0.0011224973	0.08920572
0.001155398	0.08838045
0.001189263	0.08753144
0.0012241206	0.08665894
0.00126	0.08576324
0.0012961533	0.08486401
0.0013333439	0.083943255
0.0013716016	0.083001405
0.0014109571	0.08203893
0.0014514418	0.08105635
0.0014930882	0.08005422
0.0015359295	0.07903316
0.00158	0.0779938
0.0016272478	0.076892525
0.0016759086	0.07577297
0.0017260244	0.07463602
0.0017776389	0.073482566
0.0018307968	0.07231356
0.0018855444	0.07113
0.0019419291	0.06993289
0.002	0.0687233
0.0020575977	0.067546956
0.002116854	0.066361
0.002177817	0.06516644
0.0022405356	0.06396431
0.0023050604	0.06275562
0.0023714434	0.061541438
0.0024397383	0.060322814
0.00251	0.059100803
0.0025833033	0.05785946
0.0026587474	0.056616835
0.0027363948	0.055374034
0.0028163097	0.05413215
0.0028985585	0.05289227
0.0029832094	0.051655475
0.0030703326	0.05042282
0.00316	0.049195353
0.0032524571	0.04797187
0.0033476194	0.046755627
0.003445566	0.04554761
0.0035463783	0.04434877
0.0036501405	0.043160036
0.0037569385	0.041982308
0.003866861	0.04081645
0.00398	0.039663285
0.004096165	0.038526345
0.0042157196	0.037403587
0.0043387646	0.036295727
0.0044654002	0.03520344
0.0045957323	0.034127362
0.0047298684	0.03306809
0.0048679197	0.032026187
0.00501	0.031002164
0.005156579	0.029994132
0.0053074467	0.029004978
0.005462728	0.028035095
0.0056225527	0.027084835
0.0057870536	0.026154507
0.005956367	0.025244385
0.0061306343	0.024354694
0.00631	0.023485625
0.006493865	0.022640679
0.0066830874	0.02181645
0.0068778237	0.021013008
0.007078234	0.020230398
0.0072844843	0.019468615
0.0074967444	0.018727634
0.00771519	0.018007388
0.00794	0.017307784
0.008172275	0.016626094
0.008411343	0.015964925
0.008657407	0.015324094
0.008910668	0.014703392
0.009171338	0.014102585
0.009439633	0.013521415
0.009715778	0.012959604
0.01	0.012416851
0.010292081	0.011893628
0.010592694	0.0113887545
0.010902087	0.0109018795
0.011220517	0.01043264
0.011548247	0.00998066
0.011885551	0.009545551
0.012232705	0.009126915
0.01259	0.008724346
0.012957647	0.008337515
0.013336032	0.007965915
0.013725464	0.0076091196
0.01412627	0.007266705
0.014538779	0.0069382424
0.014963334	0.006623304
0.015400288	0.00632146
0.01585	0.006032285
0.016312422	0.005755597
0.016788337	0.00549071
0.017278135	0.005237209
0.017782224	0.004994683
0.01830102	0.004762727
0.01883495	0.0045409417
0.019384459	0.004328937
0.01995	0.004126329
0.020533005	0.0039324337
0.021133045	0.0037472213
0.021750621	0.0035703334
0.022386245	0.0034014203
0.023040446	0.0032401432
0.023713762	0.0030861732
0.024406755	0.0029391919
0.02512	0.002798891
0.025853088	0.0026651495
0.02660757	0.0025374892
0.027384069	0.0024156352
0.02818323	0.002299324
0.029005712	0.0021883016
0.029852198	0.0020823258
0.030723387	0.0019811639
0.03162	0.0018845935
0.032543603	0.0017923231
0.033494186	0.0017042365
0.034472536	0.0016201402
0.03547946	0.0015398499
0.0365158	0.0014631901
0.03758241	0.0013899943
0.03868017	0.001320104
0.03981	0.001253369
0.040972695	0.0011896536
0.042169347	0.001128815
0.04340095	0.0010707247
0.044668525	0.0010152612
0.04597312	9.6230925E-4
0.047315817	9.117596E-4
0.04869773	8.635087E-4
0.05012	8.174582E-4
0.0515838	7.735151E-4
0.053090356	7.315906E-4
0.05464091	6.9160067E-4
0.05623675	6.534653E-4
0.0578792	6.171083E-4
0.059569612	5.824573E-4
0.0613094	5.4944307E-4
0.0631	5.1799975E-4
0.06494172	4.8808253E-4
0.066837184	4.5961095E-4
0.06878798	4.3252725E-4
0.070795715	4.06776E-4
0.072862044	3.8230402E-4
0.074988686	3.5906013E-4
0.077177405	3.3699503E-4
0.07943	3.1606123E-4
0.08174976	2.962012E-4
0.08413727	2.7738354E-4
0.08659451	2.5956536E-4
0.08912351	2.4270514E-4
0.09172637	2.2676267E-4
0.09440525	2.1169905E-4
0.097162366	1.9747653E-4
0.1	1.8405853E-4
0.102919795	1.7141257E-4
0.10592484	1.5950094E-4
0.109017625	1.4829029E-4
0.112200715	1.3774833E-4
0.11547674	1.2784376E-4
0.11884842	1.1854621E-4
0.12231855	1.09826324E-4
0.12589	1.0165566E-4
0.12956645	9.4005285E-5
0.13335027	8.685021E-5
0.13724458	8.016476E-5
0.14125264	7.392413E-5
0.14537773	6.810442E-5
0.14962329	6.268261E-5
0.15399285	5.7636527E-5
0.15849	5.2944888E-5
0.16311829	4.858743E-5
0.16788174	4.4544333E-5
0.17278428	4.0796822E-5
0.17783	3.7326925E-5
0.18302307	3.411748E-5
0.18836778	3.1152096E-5
0.19386858	2.8415161E-5
0.19953	2.5891808E-5
0.20535603	2.3568178E-5
0.21135218	2.143054E-5
0.21752341	1.9466179E-5
0.22387484	1.7663058E-5
0.23041171	1.6009792E-5
0.23713945	1.4495637E-5
0.24406363	1.3110455E-5
0.25119	1.1844707E-5
0.25852492	1.0689348E-5
0.26607406	9.636038E-6
0.27384362	8.676878E-6
0.28184006	7.804468E-6
0.29007	7.0118936E-6
0.29854023	6.2926965E-6
0.30725783	5.6408558E-6
0.31623	5.0507665E-6
0.32546407	4.517221E-6
0.33496782	4.0353775E-6
0.34474903	3.6007516E-6
0.3548159	3.2091916E-6
0.3651767	2.8568609E-6
0.37584007	2.5402173E-6
0.3868148	2.2559968E-6
0.39811	2.0011944E-6
0.40973493	1.773051E-6
0.42169935	1.5690306E-6
0.4340131	1.3868112E-6
0.44668642	1.2242681E-6
0.4597298	1.0794602E-6
0.47315407	9.506161E-7
0.4869703	8.3612224E-7
0.50119	7.3451065E-7
0.5158249	6.444478E-7
0.5308872	5.6472436E-7
0.5463893	4.9424483E-7
0.5623441	4.320185E-7
0.57876474	3.771508E-7
0.59566486	3.2883497E-7
0.61305845	2.863447E-7
0.63096	2.4902695E-7
0.6493842	2.162957E-7
0.6683464	1.8762536E-7
0.6878623	1.6254567E-7
0.7079481	1.4063636E-7
0.72862035	1.215224E-7
0.7498962	1.0486964E-7
0.7717934	9.038082E-8
0.79433	7.779187E-8
0.8175246	6.6868566E-8
0.8413966	5.7403472E-8
0.86596555	4.921315E-8
0.8912519	4.2135643E-8
0.9172767	3.602817E-8
0.9440614	3.076506E-8
0.97162825	2.623585E-8
1.0	2.2343608E-8
1.029201	1.9003307E-8
1.0592546	1.614076E-8
1.090186	1.3691048E-8
1.1220205	1.15975585E-8
1.1547846	9.810994E-9
1.1885055	8.288491E-9
1.223211	6.9928374E-9
1.25893	5.891781E-9
1.2956905	4.957441E-9
1.3335243	4.1656545E-9
1.3724631	3.495619E-9
1.4125386	2.9294074E-9
1.4537846	2.4516038E-9
1.4962348	2.0489699E-9
1.5399245	1.7101597E-9
1.58489	1.4254568E-9
1.6311698	1.1865485E-9
1.678801	9.863583E-10
1.727823	8.1884366E-10
1.7782766	6.788723E-10
1.8302034	5.6207305E-10
1.8836465	4.6474868E-10
1.9386501	3.837699E-10
1.99526	3.1647862E-10
2.0535233	2.6063895E-10
2.113488	2.143703E-10
2.1752036	1.7608581E-10
2.2387214	1.4444623E-10
2.304094	1.1833723E-10
2.3713756	9.6822994E-11
2.4406219	7.911438E-11
2.51189	6.4564465E-11
2.5852382	5.2620464E-11
2.6607285	4.2833626E-11
2.7384229	3.4820702E-11
2.818386	2.8272606E-11
2.900684	2.2927105E-11
2.9853854	1.8566815E-11
3.0725598	1.5018875E-11
3.16228	1.2131962E-11
3.2546198	9.7893915E-12
3.3496559	7.888912E-12
3.447467	6.351586E-12
3.5481343	5.1046944E-12
3.6517413	4.0993875E-12
3.7583735	3.2878145E-12
3.8681195	2.633227E-12
3.98107	2.1072033E-12
4.097319	1.6836532E-12
4.2169633	1.344258E-12
4.340101	1.0714762E-12
4.466834	8.5353946E-13
4.5972676	6.779022E-13
4.7315106	5.386802E-13
4.869673	4.28102E-13
5.01187	3.3839598E-13
5.1582193	2.6756375E-13
5.3088417	2.1116442E-13
5.463863	1.667555E-13
5.62341	1.318945E-13
5.7876167	1.040279E-13
5.9566183	8.149037E-14
6.1305547	6.37268E-14
6.30957	4.9849014E-14
6.493813	3.9634962E-14
6.683436	3.0531133E-14
6.878596	2.3758773E-14
7.079455	1.9095836E-14
7.286179	1.44329E-14
7.4989395	1.110223E-14
7.7179127	8.65974E-15
7.94328	6.7723605E-15
8.175228	5.6621374E-15
8.41395	4.107825E-15
8.659641	2.9976022E-15
8.912508	2.553513E-15
9.172758	1.7763568E-15
9.440608	1.110223E-15
9.716279	6.661338E-16
10.0	5.551115E-16



DATASET #3

Name: 1000yr
Num Points: 2
Info: 

X, Y Data:
0.001	0.001
10.0	0.001



DATASET #4

Name: 2500yr
Num Points: 2
Info: 

X, Y Data:
0.001	4.0E-4
10.0	4.0E-4



DATASET #5

Name: 10000yr
Num Points: 2
Info: 

X, Y Data:
0.001	1.0E-4
10.0	1.0E-4


