
X-Axis: 5.0s SA (g)
Y-Axis: Annual Probabilitiy
Number of Data Sets: 5


DATASET #1

Name: UCERF3
Num Points: 401
Info: 

X, Y Data:
1.0E-4	0.06601676
1.0333392E-4	0.06601569
1.06779E-4	0.06601444
1.1033893E-4	0.066012986
1.14017545E-4	0.066011295
1.178188E-4	0.066009335
1.2174679E-4	0.06600706
1.2580573E-4	0.06600444
1.3E-4	0.066001415
1.334183E-4	0.065998696
1.369265E-4	0.06599566
1.4052694E-4	0.06599228
1.4422205E-4	0.06598851
1.4801433E-4	0.065984316
1.5190631E-4	0.06597965
1.5590065E-4	0.06597448
1.6E-4	0.065968744
1.645257E-4	0.06596189
1.691794E-4	0.065954246
1.7396474E-4	0.065945745
1.7888544E-4	0.06593629
1.8394532E-4	0.06592579
1.8914833E-4	0.06591416
1.944985E-4	0.06590128
2.0E-4	0.065887034
2.0565712E-4	0.06587131
2.1147425E-4	0.065853976
2.1745593E-4	0.06583488
2.236068E-4	0.065813884
2.2993165E-4	0.06579082
2.364354E-4	0.06576552
2.4312311E-4	0.06573781
2.5E-4	0.065707505
2.5783465E-4	0.0656707
2.659148E-4	0.065630175
2.742482E-4	0.065585636
2.8284272E-4	0.06553675
2.917066E-4	0.06548319
3.0084825E-4	0.0654246
3.102764E-4	0.065360606
3.2E-4	0.06529082
3.290514E-4	0.065222435
3.383588E-4	0.06514868
3.4792948E-4	0.06506924
3.5777088E-4	0.0649838
3.6789064E-4	0.06489202
3.7829665E-4	0.06479354
3.88997E-4	0.064688034
4.0E-4	0.06457513
4.1131425E-4	0.06445446
4.229485E-4	0.06432566
4.3491187E-4	0.06418836
4.472136E-4	0.06404219
4.598633E-4	0.06388677
4.728708E-4	0.06372171
4.8624622E-4	0.06354665
5.0E-4	0.06336121
5.1465514E-4	0.06315781
5.2973983E-4	0.06294248
5.4526667E-4	0.062714815
5.612486E-4	0.062474437
5.77699E-4	0.06222097
5.946315E-4	0.061954048
6.120603E-4	0.06167333
6.3E-4	0.06137849
6.4807665E-4	0.061075788
6.6667196E-4	0.060758986
6.858008E-4	0.06042783
7.0547854E-4	0.0600821
7.257209E-4	0.059721604
7.465441E-4	0.05934616
7.6796475E-4	0.05895564
7.9E-4	0.05854992
8.136239E-4	0.058111083
8.379543E-4	0.057655614
8.630122E-4	0.057183497
8.8881946E-4	0.056694757
9.153984E-4	0.05618945
9.427722E-4	0.055667695
9.7096455E-4	0.05512963
0.001	0.054575447
0.0010293103	0.054016687
0.0010594797	0.053442918
0.0010905333	0.05285445
0.0011224973	0.052251607
0.001155398	0.05163478
0.001189263	0.051004384
0.0012241206	0.05036086
0.00126	0.0497047
0.0012961533	0.04905042
0.0013333439	0.04838504
0.0013716016	0.047709107
0.0014109571	0.047023192
0.0014514418	0.046327893
0.0014930882	0.04562383
0.0015359295	0.04491165
0.00158	0.044192
0.0016272478	0.043435223
0.0016759086	0.04267186
0.0017260244	0.041902702
0.0017776389	0.041128557
0.0018307968	0.04035023
0.0018855444	0.039568532
0.0019419291	0.03878429
0.002	0.03799832
0.0020575977	0.0372401
0.002116854	0.03648174
0.002177817	0.035723966
0.0022405356	0.03496747
0.0023050604	0.034212943
0.0023714434	0.033461064
0.0024397383	0.032712486
0.00251	0.031967852
0.0025833033	0.031217545
0.0026587474	0.030472554
0.0027363948	0.029733479
0.0028163097	0.029000897
0.0028985585	0.028275358
0.0029832094	0.027557379
0.0030703326	0.026847452
0.00316	0.026146045
0.0032524571	0.025452333
0.0033476194	0.02476801
0.003445566	0.024093451
0.0035463783	0.023429
0.0036501405	0.022774974
0.0037569385	0.022131654
0.003866861	0.021499295
0.00398	0.02087812
0.004096165	0.02026978
0.0042157196	0.01967293
0.0043387646	0.01908771
0.0044654002	0.01851423
0.0045957323	0.01795258
0.0047298684	0.01740282
0.0048679197	0.016864989
0.00501	0.016339105
0.005156579	0.015823957
0.0053074467	0.015320782
0.005462728	0.014829536
0.0056225527	0.014350159
0.0057870536	0.013882574
0.005956367	0.013426685
0.0061306343	0.012982386
0.00631	0.012549558
0.006493865	0.012129731
0.0066830874	0.011721011
0.0068778237	0.011323249
0.007078234	0.010936287
0.0072844843	0.010559958
0.0074967444	0.010194092
0.00771519	0.00983851
0.00794	0.009493031
0.008172275	0.009156182
0.008411343	0.008829138
0.008657407	0.008511703
0.008910668	0.008203684
0.009171338	0.007904884
0.009439633	0.007615107
0.009715778	0.007334155
0.01	0.007061832
0.010292081	0.0067983414
0.010592694	0.006543065
0.010902087	0.0062958095
0.011220517	0.0060563856
0.011548247	0.005824604
0.011885551	0.0056002783
0.012232705	0.0053832247
0.01259	0.005173261
0.012957647	0.004970252
0.013336032	0.0047739744
0.013725464	0.0045842547
0.01412627	0.0044009206
0.014538779	0.004223805
0.014963334	0.0040527415
0.015400288	0.0038875672
0.01585	0.003728123
0.016312422	0.003574387
0.016788337	0.0034260594
0.017278135	0.0032829887
0.017782224	0.0031450263
0.01830102	0.0030120267
0.01883495	0.0028838462
0.019384459	0.0027603442
0.01995	0.0026413829
0.020533005	0.0025266435
0.021133045	0.0024161902
0.021750621	0.0023098923
0.022386245	0.0022076217
0.023040446	0.0021092526
0.023713762	0.002014662
0.024406755	0.0019237291
0.02512	0.0018363365
0.025853088	0.0017524791
0.02660757	0.0016719252
0.027384069	0.0015945648
0.02818323	0.001520291
0.029005712	0.001448999
0.029852198	0.0013805872
0.030723387	0.0013149562
0.03162	0.0012520091
0.032543603	0.0011915998
0.033494186	0.001133693
0.034472536	0.0010781997
0.03547946	0.0010250332
0.0365158	9.741092E-4
0.03758241	9.253464E-4
0.03868017	8.7866554E-4
0.03981	8.3399017E-4
0.040972695	7.9125084E-4
0.042169347	7.5037073E-4
0.04340095	7.1128045E-4
0.044668525	6.73913E-4
0.04597312	6.3820364E-4
0.047315817	6.040898E-4
0.04869773	5.715111E-4
0.05012	5.4040935E-4
0.0515838	5.107284E-4
0.053090356	4.8241386E-4
0.05464091	4.5541336E-4
0.05623675	4.296764E-4
0.0578792	4.0515428E-4
0.059569612	3.8179997E-4
0.0613094	3.595681E-4
0.0631	3.384149E-4
0.06494172	3.1831046E-4
0.066837184	2.9920036E-4
0.06878798	2.8104527E-4
0.070795715	2.6380716E-4
0.072862044	2.4744926E-4
0.074988686	2.3193604E-4
0.077177405	2.1723312E-4
0.07943	2.0330724E-4
0.08174976	1.901185E-4
0.08413727	1.7764428E-4
0.08659451	1.6585435E-4
0.08912351	1.5471944E-4
0.09172637	1.4421115E-4
0.09440525	1.3430201E-4
0.097162366	1.2496537E-4
0.1	1.1617546E-4
0.102919795	1.0790919E-4
0.10592484	1.00140176E-4
0.109017625	9.284499E-5
0.112200715	8.6000946E-5
0.11547674	7.958608E-5
0.11884842	7.357917E-5
0.12231855	6.795967E-5
0.12589	6.270775E-5
0.12956645	5.7803347E-5
0.13335027	5.322901E-5
0.13724458	4.8966926E-5
0.14125264	4.499992E-5
0.14537773	4.131148E-5
0.14962329	3.788572E-5
0.15399285	3.4707387E-5
0.15849	3.1761858E-5
0.16311829	2.903523E-5
0.16788174	2.651396E-5
0.17278428	2.418523E-5
0.17783	2.20368E-5
0.18302307	2.0057008E-5
0.18836778	1.8234747E-5
0.19386858	1.6559456E-5
0.19953	1.5021108E-5
0.20535603	1.3610364E-5
0.21135218	1.2318032E-5
0.21752341	1.1135606E-5
0.22387484	1.0055059E-5
0.23041171	9.0688245E-6
0.23713945	8.169782E-6
0.24406363	7.351237E-6
0.25119	6.606913E-6
0.25852492	5.9308845E-6
0.26607406	5.317701E-6
0.27384362	4.762223E-6
0.28184006	4.2596585E-6
0.29007	3.8055466E-6
0.29854023	3.395741E-6
0.30725783	3.0263936E-6
0.31623	2.6939388E-6
0.32546407	2.3950802E-6
0.33496782	2.126769E-6
0.34474903	1.8861961E-6
0.3548159	1.6707747E-6
0.3651767	1.4781278E-6
0.37584007	1.3060732E-6
0.3868148	1.1526116E-6
0.39811	1.015914E-6
0.40973493	8.943105E-7
0.42169935	7.8627676E-7
0.4340131	6.9042557E-7
0.44668642	6.0549615E-7
0.4597298	5.3034404E-7
0.47315407	4.6393225E-7
0.4869703	4.0532262E-7
0.50119	3.5366767E-7
0.5158249	3.0820306E-7
0.5308872	2.6824063E-7
0.5463893	2.331617E-7
0.5623441	2.0241087E-7
0.57876474	1.7549046E-7
0.59566486	1.5195509E-7
0.61305845	1.3140692E-7
0.63096	1.1349103E-7
0.6493842	9.78914E-8
0.6683464	8.432693E-8
0.6878623	7.254808E-8
0.7079481	6.2333704E-8
0.72862035	5.3488016E-8
0.7498962	4.5838036E-8
0.7717934	3.9231143E-8
0.79433	3.3532867E-8
0.8175246	2.8624962E-8
0.8413966	2.4403555E-8
0.86596555	2.0777561E-8
0.8912519	1.7667263E-8
0.9172767	1.5002948E-8
0.9440614	1.2723803E-8
0.97162825	1.0776796E-8
1.0	9.115793E-9
1.029201	7.70068E-9
1.0592546	6.496741E-9
1.090186	5.4738805E-9
1.1220205	4.6060387E-9
1.1547846	3.8707233E-9
1.1885055	3.2485445E-9
1.223211	2.722811E-9
1.25893	2.2791964E-9
1.2956905	1.9053896E-9
1.3335243	1.5908078E-9
1.3724631	1.3264435E-9
1.4125386	1.1045727E-9
1.4537846	9.186254E-10
1.4962348	7.629941E-10
1.5399245	6.3290817E-10
1.58489	5.243246E-10
1.6311698	4.3381154E-10
1.678801	3.5846037E-10
1.727823	2.958198E-10
1.7782766	2.4381552E-10
1.8302034	2.0069402E-10
1.8836465	1.6499346E-10
1.9386501	1.3547141E-10
1.99526	1.11088916E-10
2.0535233	9.0980445E-11
2.113488	7.442036E-11
2.1752036	6.079792E-11
2.2387214	4.9607762E-11
2.304094	4.0428216E-11
2.3713756	3.2906344E-11
2.4406219	2.6751379E-11
2.51189	2.172118E-11
2.5852382	1.7613577E-11
2.6607285	1.4268031E-11
2.7384229	1.1544432E-11
2.818386	9.3264285E-12
2.900684	7.528755E-12
2.9853854	6.068146E-12
3.0725598	4.8870907E-12
3.16228	3.9305226E-12
3.2546198	3.1573633E-12
3.3496559	2.533529E-12
3.447467	2.031486E-12
3.5481343	1.6255886E-12
3.6517413	1.3008483E-12
3.7583735	1.0389467E-12
3.8681195	8.2800433E-13
3.98107	6.6024963E-13
4.097319	5.252465E-13
4.2169633	4.1799897E-13
4.340101	3.3073544E-13
4.466834	2.6267877E-13
4.5972676	2.0849988E-13
4.7315106	1.6486812E-13
4.869673	1.3056223E-13
5.01187	1.0225154E-13
5.1582193	8.060219E-14
5.3088417	6.283862E-14
5.463863	4.862777E-14
5.62341	3.7969627E-14
5.7876167	2.9753977E-14
5.9566183	2.2537527E-14
6.1305547	1.6986412E-14
6.30957	1.3322676E-14
6.493813	9.769963E-15
6.683436	7.438494E-15
6.878596	5.551115E-15
7.079455	4.107825E-15
7.286179	3.2196468E-15
7.4989395	2.4424907E-15
7.7179127	1.5543122E-15
7.94328	1.110223E-15
8.175228	7.771561E-16
8.41395	6.661338E-16
8.659641	5.551115E-16
8.912508	2.220446E-16
9.172758	1.110223E-16
9.440608	1.110223E-16
9.716279	0.0
10.0	0.0



DATASET #2

Name: RSQSim
Num Points: 401
Info: 

X, Y Data:
1.0E-4	0.09942314
1.0333392E-4	0.09942158
1.06779E-4	0.09941977
1.1033893E-4	0.09941766
1.14017545E-4	0.0994152
1.178188E-4	0.09941235
1.2174679E-4	0.09940905
1.2580573E-4	0.09940524
1.3E-4	0.09940083
1.334183E-4	0.09939688
1.369265E-4	0.099392466
1.4052694E-4	0.09938754
1.4422205E-4	0.09938205
1.4801433E-4	0.09937594
1.5190631E-4	0.09936915
1.5590065E-4	0.09936161
1.6E-4	0.099353254
1.645257E-4	0.099343255
1.691794E-4	0.09933212
1.7396474E-4	0.09931971
1.7888544E-4	0.09930592
1.8394532E-4	0.0992906
1.8914833E-4	0.09927362
1.944985E-4	0.099254824
2.0E-4	0.09923403
2.0565712E-4	0.09921107
2.1147425E-4	0.09918574
2.1745593E-4	0.09915785
2.236068E-4	0.099127166
2.2993165E-4	0.09909347
2.364354E-4	0.09905649
2.4312311E-4	0.09901599
2.5E-4	0.098971665
2.5783465E-4	0.098917834
2.659148E-4	0.09885856
2.742482E-4	0.09879338
2.8284272E-4	0.09872184
2.917066E-4	0.09864343
3.0084825E-4	0.09855763
3.102764E-4	0.0984639
3.2E-4	0.09836167
3.290514E-4	0.098261446
3.383588E-4	0.09815333
3.4792948E-4	0.09803685
3.5777088E-4	0.09791152
3.6789064E-4	0.097776845
3.7829665E-4	0.09763231
3.88997E-4	0.097477384
4.0E-4	0.09731153
4.1131425E-4	0.0971342
4.229485E-4	0.09694485
4.3491187E-4	0.096742906
4.472136E-4	0.0965278
4.598633E-4	0.09629896
4.728708E-4	0.09605581
4.8624622E-4	0.09579777
5.0E-4	0.09552427
5.1465514E-4	0.095224075
5.2973983E-4	0.09490604
5.4526667E-4	0.09456955
5.612486E-4	0.09421398
5.77699E-4	0.09383873
5.946315E-4	0.09344322
6.120603E-4	0.093026884
6.3E-4	0.09258917
6.4807665E-4	0.09213934
6.6667196E-4	0.09166805
6.858008E-4	0.09117487
7.0547854E-4	0.09065939
7.257209E-4	0.09012124
7.465441E-4	0.08956008
7.6796475E-4	0.0889756
7.9E-4	0.088367544
8.136239E-4	0.0877089
8.379543E-4	0.087024234
8.630122E-4	0.08631339
8.8881946E-4	0.08557628
9.153984E-4	0.08481286
9.427722E-4	0.084023155
9.7096455E-4	0.083207235
0.001	0.08236525
0.0010293103	0.08151463
0.0010594797	0.08063939
0.0010905333	0.07973984
0.0011224973	0.078816354
0.001155398	0.07786935
0.001189263	0.07689931
0.0012241206	0.07590678
0.00126	0.07489236
0.0012961533	0.07387841
0.0013333439	0.072844744
0.0013716016	0.071792096
0.0014109571	0.07072122
0.0014514418	0.06963291
0.0014930882	0.068528034
0.0015359295	0.06740748
0.00158	0.06627218
0.0016272478	0.06507504
0.0016759086	0.0638641
0.0017260244	0.06264052
0.0017776389	0.061405513
0.0018307968	0.060160324
0.0018855444	0.058906216
0.0019419291	0.05764448
0.002	0.056376424
0.0020575977	0.05514982
0.002116854	0.053919777
0.002177817	0.052687496
0.0022405356	0.051454183
0.0023050604	0.05022104
0.0023714434	0.048989274
0.0024397383	0.047760077
0.00251	0.046534628
0.0025833033	0.045297198
0.0026587474	0.044066027
0.0027363948	0.0428423
0.0028163097	0.041627172
0.0028985585	0.040421773
0.0029832094	0.039227203
0.0030703326	0.038044523
0.00316	0.036874764
0.0032524571	0.035716817
0.0033476194	0.03457379
0.003445566	0.03344659
0.0035463783	0.032336082
0.0036501405	0.03124309
0.0037569385	0.030168379
0.003866861	0.029112669
0.00398	0.028076626
0.004096165	0.027063293
0.0042157196	0.026070705
0.0043387646	0.025099367
0.0044654002	0.02414973
0.0045957323	0.023222197
0.0047298684	0.022317108
0.0048679197	0.021434756
0.00501	0.02057538
0.005156579	0.019737214
0.0053074467	0.018922457
0.005462728	0.018131196
0.0056225527	0.01736347
0.0057870536	0.016619267
0.005956367	0.01589853
0.0061306343	0.015201156
0.00631	0.014527003
0.006493865	0.013878442
0.0066830874	0.013252511
0.0068778237	0.01264895
0.007078234	0.01206747
0.0072844843	0.011507744
0.0074967444	0.010969421
0.00771519	0.010452117
0.00794	0.009955428
0.008172275	0.009477107
0.008411343	0.009018672
0.008657407	0.008579649
0.008910668	0.008159548
0.009171338	0.007757863
0.009439633	0.0073740776
0.009715778	0.0070076645
0.01	0.00665809
0.010292081	0.006325312
0.010592694	0.0060082404
0.010902087	0.005706331
0.011220517	0.005419041
0.011548247	0.0051458264
0.011885551	0.004886148
0.012232705	0.0046394714
0.01259	0.0044052666
0.012957647	0.0041830596
0.013336032	0.0039722836
0.013725464	0.0037724338
0.01412627	0.0035830166
0.014538779	0.0034035486
0.014963334	0.0032335585
0.015400288	0.003072588
0.01585	0.0029201915
0.016312422	0.002776063
0.016788337	0.0026396452
0.017278135	0.0025105353
0.017782224	0.0023883455
0.01830102	0.0022727025
0.01883495	0.0021632474
0.019384459	0.0020596369
0.01995	0.0019615414
0.020533005	0.0018684991
0.021133045	0.0017803736
0.021750621	0.0016968779
0.022386245	0.0016177393
0.023040446	0.0015426992
0.023713762	0.0014715125
0.024406755	0.0014039474
0.02512	0.001339785
0.025853088	0.001278899
0.02660757	0.0012210073
0.027384069	0.0011659282
0.02818323	0.001113491
0.029005712	0.0010635359
0.029852198	0.0010159133
0.030723387	9.7048335E-4
0.03162	9.271158E-4
0.032543603	8.856534E-4
0.033494186	8.4602204E-4
0.034472536	8.081164E-4
0.03547946	7.7183876E-4
0.0365158	7.370986E-4
0.03758241	7.038121E-4
0.03868017	6.7190174E-4
0.03981	6.4129574E-4
0.040972695	6.1193126E-4
0.042169347	5.837436E-4
0.04340095	5.566765E-4
0.044668525	5.3067785E-4
0.04597312	5.0569966E-4
0.047315817	4.816978E-4
0.04869773	4.5863126E-4
0.05012	4.364623E-4
0.0515838	4.15156E-4
0.053090356	3.9467993E-4
0.05464091	3.7500382E-4
0.05623675	3.560997E-4
0.0578792	3.379414E-4
0.059569612	3.205043E-4
0.0613094	3.0376544E-4
0.0631	2.8770298E-4
0.06494172	2.7230586E-4
0.066837184	2.5754413E-4
0.06878798	2.4339907E-4
0.070795715	2.2985274E-4
0.072862044	2.1688781E-4
0.074988686	2.044875E-4
0.077177405	1.926355E-4
0.07943	1.8131593E-4
0.08174976	1.7050684E-4
0.08413727	1.6019991E-4
0.08659451	1.5038004E-4
0.08912351	1.4103237E-4
0.09172637	1.3214219E-4
0.09440525	1.2369495E-4
0.097162366	1.1567621E-4
0.1	1.080717E-4
0.102919795	1.0086892E-4
0.10592484	9.405194E-5
0.109017625	8.7606815E-5
0.112200715	8.1519735E-5
0.11547674	7.577704E-5
0.11884842	7.036518E-5
0.12231855	6.52708E-5
0.12589	6.0480674E-5
0.12956645	5.598096E-5
0.13335027	5.1759787E-5
0.13724458	4.7804555E-5
0.14125264	4.4102897E-5
0.14537773	4.0642695E-5
0.14962329	3.74121E-5
0.15399285	3.4399545E-5
0.15849	3.1593754E-5
0.16311829	2.8983872E-5
0.16788174	2.6559124E-5
0.17278428	2.4309198E-5
0.17783	2.222411E-5
0.18302307	2.029423E-5
0.18836778	1.8510273E-5
0.19386858	1.6863307E-5
0.19953	1.5344765E-5
0.20535603	1.3946599E-5
0.21135218	1.2660766E-5
0.21752341	1.1479771E-5
0.22387484	1.039648E-5
0.23041171	9.404106E-6
0.23713945	8.496206E-6
0.24406363	7.666679E-6
0.25119	6.9097578E-6
0.25852492	6.2199524E-6
0.26607406	5.5921855E-6
0.27384362	5.0216336E-6
0.28184006	4.503769E-6
0.29007	4.0343502E-6
0.29854023	3.6094114E-6
0.30725783	3.225249E-6
0.31623	2.8784136E-6
0.32546407	2.5656982E-6
0.33496782	2.2841205E-6
0.34474903	2.030919E-6
0.3548159	1.8035388E-6
0.3651767	1.59962E-6
0.37584007	1.4169867E-6
0.3868148	1.2536365E-6
0.39811	1.1077293E-6
0.40973493	9.775782E-7
0.42169935	8.6163675E-7
0.4340131	7.584922E-7
0.44668642	6.668554E-7
0.4597298	5.855517E-7
0.47315407	5.135129E-7
0.4869703	4.4976895E-7
0.50119	3.9344056E-7
0.5158249	3.4373187E-7
0.5308872	2.9992398E-7
0.5463893	2.6136823E-7
0.5623441	2.2748058E-7
0.57876474	1.9773583E-7
0.59566486	1.7166258E-7
0.61305845	1.4883831E-7
0.63096	1.2888502E-7
0.6493842	1.1146503E-7
0.6683464	9.6277084E-8
0.6878623	8.3052946E-8
0.7079481	7.155414E-8
0.72862035	6.1568976E-8
0.7498962	5.290983E-8
0.7717934	4.5410665E-8
0.79433	3.8924792E-8
0.8175246	3.3322817E-8
0.8413966	2.849075E-8
0.86596555	2.4328354E-8
0.8912519	2.0747619E-8
0.9172767	1.7671375E-8
0.9440614	1.503208E-8
0.97162825	1.2770694E-8
1.0	1.0835689E-8
1.029201	9.182131E-9
1.0592546	7.771005E-9
1.090186	6.5683747E-9
1.1220205	5.5448006E-9
1.1547846	4.674782E-9
1.1885055	3.936262E-9
1.223211	3.3102046E-9
1.25893	2.7801832E-9
1.2956905	2.332082E-9
1.3335243	1.953725E-9
1.3724631	1.6346764E-9
1.4125386	1.3659999E-9
1.4537846	1.1400386E-9
1.4962348	9.502539E-10
1.5399245	7.910613E-10
1.58489	6.5771E-10
1.6311698	5.461448E-10
1.678801	4.5293536E-10
1.727823	3.7516124E-10
1.7782766	3.1035385E-10
1.8302034	2.564201E-10
1.8836465	2.1159474E-10
1.9386501	1.7438695E-10
1.99526	1.4354506E-10
2.0535233	1.1801038E-10
2.113488	9.689749E-11
2.1752036	7.94641E-11
2.2387214	6.50876E-11
2.304094	5.3245963E-11
2.3713756	4.350631E-11
2.4406219	3.5504044E-11
2.51189	2.8938074E-11
2.5852382	2.3559377E-11
2.6607285	1.915601E-11
2.7384229	1.5558888E-11
2.818386	1.2621126E-11
2.900684	1.0225265E-11
2.9853854	8.273937E-12
3.0725598	6.6884276E-12
3.16228	5.3993476E-12
3.2546198	4.355294E-12
3.3496559	3.5070835E-12
3.447467	2.822298E-12
3.5481343	2.2671864E-12
3.6517413	1.8200996E-12
3.7583735	1.4599433E-12
3.8681195	1.1692869E-12
3.98107	9.355849E-13
4.097319	7.4751316E-13
4.2169633	5.964118E-13
4.340101	4.7561954E-13
4.466834	3.788081E-13
4.5972676	3.0042635E-13
4.7315106	2.394751E-13
4.869673	1.8962609E-13
5.01187	1.5076829E-13
5.1582193	1.1912693E-13
5.3088417	9.414691E-14
5.463863	7.382983E-14
5.62341	5.895284E-14
5.7876167	4.585221E-14
5.9566183	3.5971226E-14
6.1305547	2.842171E-14
6.30957	2.220446E-14
6.493813	1.7652546E-14
6.683436	1.3544721E-14
6.878596	1.0658141E-14
7.079455	7.8825835E-15
7.286179	5.6621374E-15
7.4989395	4.107825E-15
7.7179127	3.330669E-15
7.94328	2.4424907E-15
8.175228	1.6653345E-15
8.41395	1.3322676E-15
8.659641	1.110223E-15
8.912508	7.771561E-16
9.172758	6.661338E-16
9.440608	4.440892E-16
9.716279	3.330669E-16
10.0	3.330669E-16



DATASET #3

Name: 1000yr
Num Points: 2
Info: 

X, Y Data:
0.001	0.001
10.0	0.001



DATASET #4

Name: 2500yr
Num Points: 2
Info: 

X, Y Data:
0.001	4.0E-4
10.0	4.0E-4



DATASET #5

Name: 10000yr
Num Points: 2
Info: 

X, Y Data:
0.001	1.0E-4
10.0	1.0E-4


