
X-Axis: 5.0s SA (g)
Y-Axis: Annual Probabilitiy
Number of Data Sets: 5


DATASET #1

Name: UCERF3
Num Points: 401
Info: 

X, Y Data:
1.0E-4	0.050985433
1.0333392E-4	0.050985035
1.06779E-4	0.050984565
1.1033893E-4	0.05098402
1.14017545E-4	0.050983384
1.178188E-4	0.050982643
1.2174679E-4	0.050981786
1.2580573E-4	0.050980795
1.3E-4	0.050979648
1.334183E-4	0.050978612
1.369265E-4	0.05097746
1.4052694E-4	0.05097617
1.4422205E-4	0.05097473
1.4801433E-4	0.050973125
1.5190631E-4	0.050971337
1.5590065E-4	0.05096935
1.6E-4	0.050967146
1.645257E-4	0.050964504
1.691794E-4	0.050961554
1.7396474E-4	0.050958265
1.7888544E-4	0.0509546
1.8394532E-4	0.050950527
1.8914833E-4	0.050946
1.944985E-4	0.05094098
2.0E-4	0.050935417
2.0565712E-4	0.050929267
2.1147425E-4	0.05092247
2.1745593E-4	0.05091497
2.236068E-4	0.050906703
2.2993165E-4	0.05089761
2.364354E-4	0.05088761
2.4312311E-4	0.05087664
2.5E-4	0.05086461
2.5783465E-4	0.05084997
2.659148E-4	0.050833814
2.742482E-4	0.05081601
2.8284272E-4	0.050796423
2.917066E-4	0.050774906
3.0084825E-4	0.05075131
3.102764E-4	0.05072547
3.2E-4	0.050697222
3.290514E-4	0.05066946
3.383588E-4	0.05063945
3.4792948E-4	0.050607044
3.5777088E-4	0.050572097
3.6789064E-4	0.050534453
3.7829665E-4	0.05049396
3.88997E-4	0.050450448
4.0E-4	0.05040376
4.1131425E-4	0.050353713
4.229485E-4	0.05030014
4.3491187E-4	0.050242856
4.472136E-4	0.050181683
4.598633E-4	0.05011643
4.728708E-4	0.05004691
4.8624622E-4	0.049972933
5.0E-4	0.0498943
5.1465514E-4	0.04980775
5.2973983E-4	0.049715787
5.4526667E-4	0.04961819
5.612486E-4	0.049514737
5.77699E-4	0.049405225
5.946315E-4	0.049289428
6.120603E-4	0.049167138
6.3E-4	0.049038146
6.4807665E-4	0.048905145
6.6667196E-4	0.04876533
6.858008E-4	0.04861853
7.0547854E-4	0.04846456
7.257209E-4	0.04830325
7.465441E-4	0.048134442
7.6796475E-4	0.04795798
7.9E-4	0.04777372
8.136239E-4	0.04757336
8.379543E-4	0.047364257
8.630122E-4	0.047146272
8.8881946E-4	0.046919297
9.153984E-4	0.046683226
9.427722E-4	0.04643798
9.7096455E-4	0.04618348
0.001	0.045919683
0.0010293103	0.045651976
0.0010594797	0.04537527
0.0010905333	0.045089565
0.0011224973	0.044794872
0.001155398	0.044491224
0.001189263	0.04417867
0.0012241206	0.04385727
0.00126	0.043527104
0.0012961533	0.0431954
0.0013333439	0.042855497
0.0013716016	0.04250752
0.0014109571	0.04215161
0.0014514418	0.04178792
0.0014930882	0.041416615
0.0015359295	0.041037884
0.00158	0.040651925
0.0016272478	0.040242463
0.0016759086	0.03982564
0.0017260244	0.039401725
0.0017776389	0.038971003
0.0018307968	0.038533762
0.0018855444	0.03809032
0.0019419291	0.037640985
0.002	0.03718609
0.0020575977	0.03674282
0.002116854	0.03629501
0.002177817	0.035842974
0.0022405356	0.035387028
0.0023050604	0.034927502
0.0023714434	0.034464717
0.0024397383	0.033999007
0.00251	0.0335307
0.0025833033	0.03305358
0.0026587474	0.032574475
0.0027363948	0.032093726
0.0028163097	0.031611674
0.0028985585	0.031128649
0.0029832094	0.030644989
0.0030703326	0.030161016
0.00316	0.02967705
0.0032524571	0.029192518
0.0033476194	0.028708613
0.003445566	0.028225627
0.0035463783	0.027743848
0.0036501405	0.027263554
0.0037569385	0.02678501
0.003866861	0.026308473
0.00398	0.025834184
0.004096165	0.02536351
0.0042157196	0.024895523
0.0043387646	0.024430426
0.0044654002	0.023968415
0.0045957323	0.02350967
0.0047298684	0.02305436
0.0048679197	0.022602636
0.00501	0.022154646
0.005156579	0.02170947
0.0053074467	0.021268295
0.005462728	0.02083123
0.0056225527	0.020398367
0.0057870536	0.019969799
0.005956367	0.019545598
0.0061306343	0.019125827
0.00631	0.018710544
0.006493865	0.01830143
0.0066830874	0.017896852
0.0068778237	0.01749684
0.007078234	0.01710142
0.0072844843	0.016710607
0.0074967444	0.016324418
0.00771519	0.015942853
0.00794	0.01556592
0.008172275	0.015192175
0.008411343	0.014823093
0.008657407	0.014458666
0.008910668	0.0140988855
0.009171338	0.013743743
0.009439633	0.013393229
0.009715778	0.013047333
0.01	0.012706044
0.010292081	0.012369868
0.010592694	0.012038269
0.010902087	0.011711242
0.011220517	0.0113887815
0.011548247	0.011070887
0.011885551	0.010757555
0.012232705	0.010448793
0.01259	0.0101446025
0.012957647	0.009845059
0.013336032	0.009550106
0.013725464	0.009259754
0.01412627	0.00897402
0.014538779	0.008692923
0.014963334	0.008416483
0.015400288	0.008144722
0.01585	0.007877665
0.016312422	0.0076155714
0.016788337	0.0073582255
0.017278135	0.0071056564
0.017782224	0.0068578925
0.01830102	0.0066149626
0.01883495	0.0063768956
0.019384459	0.00614372
0.01995	0.0059154625
0.020533005	0.005691789
0.021133045	0.005473101
0.021750621	0.0052594207
0.022386245	0.0050507677
0.023040446	0.004847159
0.023713762	0.0046486096
0.024406755	0.004455128
0.02512	0.0042667226
0.025853088	0.0040836376
0.02660757	0.0039056146
0.027384069	0.0037326468
0.02818323	0.0035647233
0.029005712	0.003401827
0.029852198	0.0032439372
0.030723387	0.0030910266
0.03162	0.0029430634
0.032543603	0.0027998865
0.033494186	0.0026615856
0.034472536	0.0025281128
0.03547946	0.002399415
0.0365158	0.0022754336
0.03758241	0.0021561054
0.03868017	0.0020413618
0.03981	0.0019311302
0.040972695	0.0018253449
0.042169347	0.0017239111
0.04340095	0.0016267436
0.044668525	0.0015337528
0.04597312	0.0014448457
0.047315817	0.0013599264
0.04869773	0.0012788961
0.05012	0.0012016534
0.0515838	0.0011280949
0.053090356	0.0010581146
0.05464091	9.916055E-4
0.05623675	9.2845917E-4
0.0578792	8.6856633E-4
0.059569612	8.118171E-4
0.0613094	7.581013E-4
0.0631	7.0730865E-4
0.06494172	6.5935863E-4
0.066837184	6.141093E-4
0.06878798	5.714522E-4
0.070795715	5.3128024E-4
0.072862044	4.934875E-4
0.074988686	4.5796967E-4
0.077177405	4.2462422E-4
0.07943	3.9335046E-4
0.08174976	3.640329E-4
0.08413727	3.3659453E-4
0.08659451	3.109414E-4
0.08912351	2.8698207E-4
0.09172637	2.646278E-4
0.09440525	2.4379247E-4
0.097162366	2.2439288E-4
0.1	2.0634863E-4
0.102919795	1.8958618E-4
0.10592484	1.740265E-4
0.109017625	1.5959807E-4
0.112200715	1.4623231E-4
0.11547674	1.3386356E-4
0.11884842	1.2242913E-4
0.12231855	1.11869165E-4
0.12589	1.0212668E-4
0.12956645	9.314583E-5
0.13335027	8.48771E-5
0.13724458	7.727171E-5
0.14125264	7.0283495E-5
0.14537773	6.3868814E-5
0.14962329	5.798652E-5
0.15399285	5.259781E-5
0.15849	4.7666214E-5
0.16311829	4.3157634E-5
0.16788174	3.903971E-5
0.17278428	3.528233E-5
0.17783	3.1857326E-5
0.18302307	2.8738392E-5
0.18836778	2.5900985E-5
0.19386858	2.3322244E-5
0.19953	2.0980899E-5
0.20535603	1.885744E-5
0.21135218	1.693324E-5
0.21752341	1.5191314E-5
0.22387484	1.3615947E-5
0.23041171	1.2192613E-5
0.23713945	1.0907904E-5
0.24406363	9.749456E-6
0.25119	8.705886E-6
0.25852492	7.766668E-6
0.26607406	6.9222574E-6
0.27384362	6.1638298E-6
0.28184006	5.4833013E-6
0.29007	4.873273E-6
0.29854023	4.3269815E-6
0.30725783	3.838251E-6
0.31623	3.4014497E-6
0.32546407	3.0114506E-6
0.33496782	2.663583E-6
0.34474903	2.3536052E-6
0.3548159	2.0776663E-6
0.3651767	1.8322756E-6
0.37584007	1.6142709E-6
0.3868148	1.4207919E-6
0.39811	1.2492538E-6
0.40973493	1.0973245E-6
0.42169935	9.628989E-7
0.4340131	8.440828E-7
0.44668642	7.3917255E-7
0.4597298	6.4663624E-7
0.47315407	5.650999E-7
0.4869703	4.9333136E-7
0.50119	4.302269E-7
0.5158249	3.7479947E-7
0.5308872	3.2616703E-7
0.5463893	2.8354236E-7
0.5623441	2.462236E-7
0.57876474	2.1358579E-7
0.59566486	1.8507295E-7
0.61305845	1.601911E-7
0.63096	1.3850189E-7
0.6493842	1.1961677E-7
0.6683464	1.0319157E-7
0.6878623	8.8921986E-8
0.7079481	7.6539195E-8
0.72862035	6.580594E-8
0.7498962	5.651324E-8
0.7717934	4.847701E-8
0.79433	4.1535507E-8
0.8175246	3.5546606E-8
0.8413966	3.0385625E-8
0.86596555	2.5943434E-8
0.8912519	2.2124468E-8
0.9172767	1.8845249E-8
0.9440614	1.6032882E-8
0.97162825	1.3623818E-8
1.0	1.1562771E-8
1.029201	9.801586E-9
1.0592546	8.298505E-9
1.090186	7.017336E-9
1.1220205	5.926673E-9
1.1547846	4.99932E-9
1.1885055	4.211868E-9
1.223211	3.544003E-9
1.25893	2.9783238E-9
1.2956905	2.4998E-9
1.3335243	2.0955193E-9
1.3724631	1.7544048E-9
1.4125386	1.4669401E-9
1.4537846	1.225031E-9
1.4962348	1.0216967E-9
1.5399245	8.510259E-10
1.58489	7.0794726E-10
1.6311698	5.8816807E-10
1.678801	4.880233E-10
1.727823	4.0440395E-10
1.7782766	3.346694E-10
1.8302034	2.766024E-10
1.8836465	2.2831292E-10
1.9386501	1.8820423E-10
1.99526	1.5494428E-10
2.0535233	1.273962E-10
2.113488	1.0461354E-10
2.1752036	8.578793E-11
2.2387214	7.025991E-11
2.304094	5.7471916E-11
2.3713756	4.6948E-11
2.4406219	3.8305026E-11
2.51189	3.12117E-11
2.5852382	2.5393243E-11
2.6607285	2.0641822E-11
2.7384229	1.6750046E-11
2.818386	1.35775835E-11
2.900684	1.0987211E-11
2.9853854	8.883783E-12
3.0725598	7.172929E-12
3.16228	5.783596E-12
3.2546198	4.6574966E-12
3.3496559	3.7446712E-12
3.447467	3.00715E-12
3.5481343	2.4124036E-12
3.6517413	1.931122E-12
3.7583735	1.5460966E-12
3.8681195	1.2331247E-12
3.98107	9.836576E-13
4.097319	7.819301E-13
4.2169633	6.2150285E-13
4.340101	4.9504845E-13
4.466834	3.9301895E-13
4.5972676	3.1119551E-13
4.7315106	2.453593E-13
4.869673	1.9251267E-13
5.01187	1.5165647E-13
5.1582193	1.1968204E-13
5.3088417	9.392487E-14
5.463863	7.3052675E-14
5.62341	5.750955E-14
5.7876167	4.440892E-14
5.9566183	3.4527936E-14
6.1305547	2.6756375E-14
6.30957	2.1094237E-14
6.493813	1.587619E-14
6.683436	1.2101431E-14
6.878596	9.547918E-15
7.079455	7.21645E-15
7.286179	5.3290705E-15
7.4989395	3.996803E-15
7.7179127	3.330669E-15
7.94328	1.9984014E-15
8.175228	1.4432899E-15
8.41395	7.771561E-16
8.659641	5.551115E-16
8.912508	3.330669E-16
9.172758	2.220446E-16
9.440608	1.110223E-16
9.716279	1.110223E-16
10.0	0.0



DATASET #2

Name: RSQSim
Num Points: 401
Info: 

X, Y Data:
1.0E-4	0.084648915
1.0333392E-4	0.08464835
1.06779E-4	0.08464769
1.1033893E-4	0.084646925
1.14017545E-4	0.08464603
1.178188E-4	0.08464499
1.2174679E-4	0.08464379
1.2580573E-4	0.08464239
1.3E-4	0.08464078
1.334183E-4	0.084639326
1.369265E-4	0.08463771
1.4052694E-4	0.08463589
1.4422205E-4	0.08463387
1.4801433E-4	0.084631614
1.5190631E-4	0.0846291
1.5590065E-4	0.08462631
1.6E-4	0.08462321
1.645257E-4	0.08461949
1.691794E-4	0.08461534
1.7396474E-4	0.08461071
1.7888544E-4	0.084605545
1.8394532E-4	0.0845998
1.8914833E-4	0.084593415
1.944985E-4	0.08458633
2.0E-4	0.08457848
2.0565712E-4	0.084569775
2.1147425E-4	0.08456016
2.1745593E-4	0.08454954
2.236068E-4	0.08453782
2.2993165E-4	0.084524915
2.364354E-4	0.084510714
2.4312311E-4	0.084495105
2.5E-4	0.084477976
2.5783465E-4	0.0844571
2.659148E-4	0.084434025
2.742482E-4	0.08440856
2.8284272E-4	0.08438049
2.917066E-4	0.08434962
3.0084825E-4	0.08431569
3.102764E-4	0.084278464
3.2E-4	0.084237695
3.290514E-4	0.08419755
3.383588E-4	0.08415406
3.4792948E-4	0.08410702
3.5777088E-4	0.084056176
3.6789064E-4	0.0840013
3.7829665E-4	0.08394214
3.88997E-4	0.08387843
4.0E-4	0.083809905
4.1131425E-4	0.08373628
4.229485E-4	0.08365727
4.3491187E-4	0.08357258
4.472136E-4	0.0834819
4.598633E-4	0.08338492
4.728708E-4	0.08328132
4.8624622E-4	0.08317077
5.0E-4	0.08305293
5.1465514E-4	0.08292284
5.2973983E-4	0.08278418
5.4526667E-4	0.082636565
5.612486E-4	0.08247959
5.77699E-4	0.08231287
5.946315E-4	0.08213598
6.120603E-4	0.08194854
6.3E-4	0.08175014
6.4807665E-4	0.08154484
6.6667196E-4	0.08132826
6.858008E-4	0.081100024
7.0547854E-4	0.080859765
7.257209E-4	0.08060711
7.465441E-4	0.08034171
7.6796475E-4	0.0800632
7.9E-4	0.07977125
8.136239E-4	0.0794525
8.379543E-4	0.07911843
8.630122E-4	0.0787687
8.8881946E-4	0.07840297
9.153984E-4	0.07802093
9.427722E-4	0.07762228
9.7096455E-4	0.077206746
0.001	0.07677407
0.0010293103	0.07633301
0.0010594797	0.07587506
0.0010905333	0.075400054
0.0011224973	0.07490786
0.001155398	0.07439837
0.001189263	0.07387147
0.0012241206	0.073327124
0.00126	0.07276529
0.0012961533	0.07219819
0.0013333439	0.071614355
0.0013716016	0.071013846
0.0014109571	0.07039675
0.0014514418	0.0697632
0.0014930882	0.06911333
0.0015359295	0.06844732
0.00158	0.06776539
0.0016272478	0.06703844
0.0016759086	0.066294774
0.0017260244	0.06553475
0.0017776389	0.064758725
0.0018307968	0.06396713
0.0018855444	0.063160405
0.0019419291	0.062339026
0.002	0.061503503
0.0020575977	0.06068555
0.002116854	0.059855476
0.002177817	0.05901382
0.0022405356	0.05816115
0.0023050604	0.057298042
0.0023714434	0.056425095
0.0024397383	0.05554294
0.00251	0.054652214
0.0025833033	0.05374104
0.0026587474	0.05282244
0.0027363948	0.051897123
0.0028163097	0.05096582
0.0028985585	0.050029267
0.0029832094	0.04908821
0.0030703326	0.04814341
0.00316	0.047195625
0.0032524571	0.04624388
0.0033476194	0.045290675
0.003445566	0.044336777
0.0035463783	0.043382946
0.0036501405	0.042429954
0.0037569385	0.04147855
0.003866861	0.040529475
0.00398	0.039583478
0.004096165	0.038643543
0.0042157196	0.0377081
0.0043387646	0.036777835
0.0044654002	0.035853434
0.0045957323	0.034935553
0.0047298684	0.034024835
0.0048679197	0.033121902
0.00501	0.03222736
0.005156579	0.031339694
0.0053074467	0.030461602
0.005462728	0.029593619
0.0056225527	0.028736256
0.0057870536	0.027890002
0.005956367	0.02705532
0.0061306343	0.026232643
0.00631	0.025422383
0.006493865	0.02462808
0.0066830874	0.023846826
0.0068778237	0.023078939
0.007078234	0.022324719
0.0072844843	0.021584436
0.0074967444	0.020858334
0.00771519	0.02014663
0.00794	0.019449515
0.008172275	0.018764531
0.008411343	0.018094558
0.008657407	0.017439714
0.008910668	0.016800089
0.009171338	0.016175753
0.009439633	0.015566747
0.009715778	0.014973095
0.01	0.014394795
0.010292081	0.013832675
0.010592694	0.013285795
0.010902087	0.012754091
0.011220517	0.01223748
0.011548247	0.011735862
0.011885551	0.01124912
0.012232705	0.0107771205
0.01259	0.010319712
0.012957647	0.009876827
0.013336032	0.009448184
0.013725464	0.009033591
0.01412627	0.008632844
0.014538779	0.008245729
0.014963334	0.007872019
0.015400288	0.00751148
0.01585	0.007163866
0.016312422	0.0068292217
0.016788337	0.0065069697
0.017278135	0.006196845
0.017782224	0.0058985767
0.01830102	0.00561189
0.01883495	0.005336505
0.019384459	0.0050721387
0.01995	0.0048185056
0.020533005	0.0045749303
0.021133045	0.004341544
0.021750621	0.004118057
0.022386245	0.0039041778
0.023040446	0.0036996156
0.023713762	0.0035040814
0.024406755	0.003317287
0.02512	0.0031389466
0.025853088	0.0029690005
0.02660757	0.0028069243
0.027384069	0.002652442
0.02818323	0.002505282
0.029005712	0.002365176
0.029852198	0.0022318612
0.030723387	0.002105079
0.03162	0.0019845753
0.032543603	0.0018700041
0.033494186	0.0017612308
0.034472536	0.0016580174
0.03547946	0.0015601324
0.0365158	0.0014673496
0.03758241	0.0013794494
0.03868017	0.0012962183
0.03981	0.0012174489
0.040972695	0.0011429484
0.042169347	0.0010725132
0.04340095	0.0010059549
0.044668525	9.430917E-4
0.04597312	8.8374794E-4
0.047315817	8.2775415E-4
0.04869773	7.749472E-4
0.05012	7.2517013E-4
0.0515838	6.7827204E-4
0.053090356	6.3410756E-4
0.05464091	5.925374E-4
0.05623675	5.5342796E-4
0.0578792	5.166512E-4
0.059569612	4.8208464E-4
0.0613094	4.4961093E-4
0.0631	4.1911803E-4
0.06494172	3.9051633E-4
0.066837184	3.6368397E-4
0.06878798	3.3852362E-4
0.070795715	3.149425E-4
0.072862044	2.9285226E-4
0.074988686	2.7216878E-4
0.077177405	2.5281202E-4
0.07943	2.3470589E-4
0.08174976	2.177682E-4
0.08413727	2.0194147E-4
0.08659451	1.8716037E-4
0.08912351	1.73363E-4
0.09172637	1.6049063E-4
0.09440525	1.4848761E-4
0.097162366	1.3730123E-4
0.1	1.2688163E-4
0.102919795	1.1718387E-4
0.10592484	1.08160726E-4
0.109017625	9.9770055E-5
0.112200715	9.1972026E-5
0.11547674	8.472902E-5
0.11884842	7.800555E-5
0.12231855	7.1768125E-5
0.12589	6.5985165E-5
0.12956645	6.062591E-5
0.13335027	5.566347E-5
0.13724458	5.1071434E-5
0.14125264	4.6824942E-5
0.14537773	4.2900618E-5
0.14962329	3.927648E-5
0.15399285	3.5931873E-5
0.15849	3.28474E-5
0.16311829	3.0004974E-5
0.16788174	2.738738E-5
0.17278428	2.4978606E-5
0.17783	2.276365E-5
0.18302307	2.0728463E-5
0.18836778	1.8859893E-5
0.19386858	1.7145647E-5
0.19953	1.5574225E-5
0.20535603	1.4135059E-5
0.21135218	1.2817928E-5
0.21752341	1.1613483E-5
0.22387484	1.0513013E-5
0.23041171	9.508399E-6
0.23713945	8.5920865E-6
0.24406363	7.757047E-6
0.25119	6.9967487E-6
0.25852492	6.305083E-6
0.26607406	5.676472E-6
0.27384362	5.1056963E-6
0.28184006	4.5879196E-6
0.29007	4.1186663E-6
0.29854023	3.6937975E-6
0.30725783	3.3094886E-6
0.31623	2.9622092E-6
0.32546407	2.6487053E-6
0.33496782	2.3659748E-6
0.34474903	2.1112558E-6
0.3548159	1.8820093E-6
0.3651767	1.6759021E-6
0.37584007	1.4907931E-6
0.3868148	1.3247195E-6
0.39811	1.1758832E-6
0.40973493	1.0426405E-6
0.42169935	9.2348694E-7
0.4340131	8.170503E-7
0.44668642	7.2207916E-7
0.4597298	6.3743363E-7
0.47315407	5.6207654E-7
0.4869703	4.950654E-7
0.50119	4.3554456E-7
0.5158249	3.8273822E-7
0.5308872	3.3594387E-7
0.5463893	2.9452607E-7
0.5623441	2.5791073E-7
0.57876474	2.2557983E-7
0.59566486	1.9706657E-7
0.61305845	1.7195079E-7
0.63096	1.498548E-7
0.6493842	1.3043957E-7
0.6683464	1.1340105E-7
0.6878623	9.846699E-8
0.7079481	8.5393964E-8
0.72862035	7.396456E-8
0.7498962	6.398487E-8
0.7717934	5.5282193E-8
0.79433	4.7702912E-8
0.8175246	4.111058E-8
0.8413966	3.5384158E-8
0.86596555	3.0416423E-8
0.8912519	2.6112538E-8
0.9172767	2.2388726E-8
0.9440614	1.9171093E-8
0.97162825	1.6394548E-8
1.0	1.4001835E-8
1.029201	1.1942625E-8
1.0592546	1.0172879E-8
1.090186	8.653971E-9
1.1220205	7.3521265E-9
1.1547846	6.237846E-9
1.1885055	5.2854183E-9
1.223211	4.472451E-9
1.25893	3.7794816E-9
1.2956905	3.1896348E-9
1.3335243	2.688238E-9
1.3724631	2.2626225E-9
1.4125386	1.9018365E-9
1.4537846	1.5964318E-9
1.4962348	1.3382674E-9
1.5399245	1.1203402E-9
1.58489	9.366389E-10
1.6311698	7.8199935E-10
1.678801	6.52011E-10
1.727823	5.4289895E-10
1.7782766	4.5143767E-10
1.8302034	3.7487757E-10
1.8836465	3.1088576E-10
1.9386501	2.5746816E-10
1.99526	2.1294366E-10
2.0535233	1.7588153E-10
2.113488	1.4507773E-10
2.1752036	1.1950829E-10
2.2387214	9.831369E-11
2.304094	8.0771945E-11
2.3713756	6.6271544E-11
2.4406219	5.4302673E-11
2.51189	4.44359E-11
2.5852382	3.6315395E-11
2.6607285	2.9638958E-11
2.7384229	2.416034E-11
2.818386	1.9667379E-11
2.900684	1.5989099E-11
2.9853854	1.2982726E-11
3.0725598	1.0527246E-11
3.16228	8.525514E-12
3.2546198	6.8960393E-12
3.3496559	5.57121E-12
3.447467	4.495293E-12
3.5481343	3.6227688E-12
3.6517413	2.9150016E-12
3.7583735	2.3429036E-12
3.8681195	1.881384E-12
3.98107	1.5087931E-12
4.097319	1.2083667E-12
4.2169633	9.66005E-13
4.340101	7.721601E-13
4.466834	6.1650685E-13
4.5972676	4.912737E-13
4.7315106	3.907985E-13
4.869673	3.1086245E-13
5.01187	2.4702462E-13
5.1582193	1.9551027E-13
5.3088417	1.553202E-13
5.463863	1.2279067E-13
5.62341	9.736656E-14
5.7876167	7.6494366E-14
5.9566183	6.039613E-14
6.1305547	4.7406523E-14
6.30957	3.7303494E-14
6.493813	2.9531932E-14
6.683436	2.3203661E-14
6.878596	1.8096635E-14
7.079455	1.4099832E-14
7.286179	1.12132525E-14
7.4989395	8.65974E-15
7.7179127	6.7723605E-15
7.94328	5.2180482E-15
8.175228	4.2188475E-15
8.41395	3.330669E-15
8.659641	2.4424907E-15
8.912508	1.7763568E-15
9.172758	1.4432899E-15
9.440608	9.992007E-16
9.716279	7.771561E-16
10.0	6.661338E-16



DATASET #3

Name: 1000yr
Num Points: 2
Info: 

X, Y Data:
0.001	0.001
10.0	0.001



DATASET #4

Name: 2500yr
Num Points: 2
Info: 

X, Y Data:
0.001	4.0E-4
10.0	4.0E-4



DATASET #5

Name: 10000yr
Num Points: 2
Info: 

X, Y Data:
0.001	1.0E-4
10.0	1.0E-4


