
X-Axis: Normalized Interevent Time
Y-Axis: Probability
Number of Data Sets: 3


DATASET #1

     Name: Bruce 2349 Histogram
   Points: 41
     Info: 

Data[x,y]:
0.05	  0.012471512
0.15	  0.01111586
0.25	  0.013118111
0.35	  0.015449784
0.45	  0.018633792
0.55	  0.022712994
0.65	  0.032009073
0.75	  0.04408626
0.85	  0.08208249
0.95	  0.19481717
1.05	  0.2537262
1.15	  0.14121196
1.25	  0.06278128
1.35	  0.033287574
1.45	  0.019633079
1.55	  0.012532744
1.65	  0.008211065
1.75	  0.006037368
1.85	  0.0045114937
1.95	  0.0031448198
2.05	  0.0021149158
2.15	  0.0014266802
2.25	  0.0010494979
2.35	  8.388635E-4
2.45	  5.927152E-4
2.55	  4.5188415E-4
2.65	  3.6738548E-4
2.75	  3.086038E-4
2.85	  2.1308358E-4
2.95	  1.8124351E-4
3.05	  1.4695419E-4
3.15	  1.3225878E-4
3.25	  9.552023E-5
3.35	  8.8172514E-5
3.45	  5.633244E-5
3.55	  4.286164E-5
3.65	  3.428931E-5
3.75	  4.286164E-5
3.85	  2.4492365E-5
3.95	  3.7963167E-5
4.05	  1.7879426E-4



DATASET #2

     Name: Log-Normal Fit
   Points: 401
     Info: 

Data[x,y]:
0.005	  0.0
0.015	  4.0785088E-33
0.025	  8.4868314E-27
0.035	  9.97868E-23
0.045	  8.3244956E-20
0.055	  1.4227103E-17
0.065	  8.5323164E-16
0.075	  2.4452383E-14
0.085	  4.0622976E-13
0.095	  4.449108E-12
0.105	  3.5137664E-11
0.115	  2.1350881E-10
0.125	  1.0474354E-9
0.135	  4.30364E-9
0.145	  1.5237378E-8
0.155	  4.754657E-8
0.165	  1.3313577E-7
0.175	  3.3946765E-7
0.185	  7.9773304E-7
0.195	  1.74507E-6
0.205	  3.5834557E-6
0.215	  6.9566454E-6
0.225	  1.2844733E-5
0.235	  2.2673772E-5
0.245	  3.8435697E-5
0.255	  6.281183E-5
0.265	  9.9291814E-5
0.275	  1.5227907E-4
0.285	  2.2717389E-4
0.295	  3.3042606E-4
0.305	  4.6955043E-4
0.315	  6.5310096E-4
0.325	  8.9060096E-4
0.335	  0.0011924292
0.345	  0.0015696656
0.355	  0.0020339002
0.365	  0.0025970119
0.375	  0.0032709248
0.385	  0.0040673516
0.395	  0.004997531
0.405	  0.00607197
0.415	  0.007300197
0.425	  0.008690535
0.435	  0.0102499
0.445	  0.011983627
0.455	  0.013895342
0.465	  0.015986849
0.475	  0.018258078
0.485	  0.020707048
0.495	  0.023329895
0.505	  0.026120897
0.515	  0.02907256
0.525	  0.032175723
0.535	  0.035419684
0.545	  0.03879234
0.555	  0.042280354
0.565	  0.045869343
0.575	  0.04954404
0.585	  0.05328849
0.595	  0.05708623
0.605	  0.060920484
0.615	  0.06477433
0.625	  0.06863087
0.635	  0.07247339
0.645	  0.07628553
0.655	  0.08005137
0.665	  0.083755605
0.675	  0.08738361
0.685	  0.090921566
0.695	  0.0943565
0.705	  0.0976764
0.715	  0.1008702
0.725	  0.10392789
0.735	  0.10684047
0.745	  0.109600015
0.755	  0.11219964
0.765	  0.11463352
0.775	  0.11689687
0.785	  0.11898588
0.795	  0.120897725
0.805	  0.122630544
0.815	  0.124183334
0.825	  0.12555596
0.835	  0.1267491
0.845	  0.12776412
0.855	  0.12860315
0.865	  0.1292689
0.875	  0.1297647
0.885	  0.13009442
0.895	  0.13026235
0.905	  0.13027321
0.915	  0.13013214
0.925	  0.12984456
0.935	  0.12941614
0.945	  0.12885281
0.955	  0.12816067
0.965	  0.12734595
0.975	  0.12641497
0.985	  0.12537412
0.995	  0.12422983
1.005	  0.12298852
1.015	  0.121656574
1.025	  0.120240316
1.035	  0.118746
1.045	  0.11717977
1.055	  0.11554764
1.065	  0.113855526
1.075	  0.11210914
1.085	  0.11031406
1.095	  0.10847568
1.105	  0.10659921
1.115	  0.10468968
1.125	  0.102751896
1.135	  0.1007905
1.145	  0.09880989
1.155	  0.09681429
1.165	  0.09480771
1.175	  0.09279393
1.185	  0.090776555
1.195	  0.08875898
1.205	  0.0867444
1.215	  0.084735796
1.225	  0.082735986
1.235	  0.080747575
1.245	  0.07877301
1.255	  0.076814525
1.265	  0.07487422
1.275	  0.07295402
1.285	  0.071055666
1.295	  0.069180764
1.305	  0.06733077
1.315	  0.065507
1.325	  0.06371064
1.335	  0.061942723
1.345	  0.060204193
1.355	  0.05849585
1.365	  0.056818396
1.375	  0.05517243
1.385	  0.053558446
1.395	  0.051976852
1.405	  0.05042796
1.415	  0.048912004
1.425	  0.047429148
1.435	  0.045979477
1.445	  0.04456301
1.455	  0.04317971
1.465	  0.041829467
1.475	  0.04051214
1.485	  0.039227523
1.495	  0.037975367
1.505	  0.036755394
1.515	  0.03556727
1.525	  0.03441064
1.535	  0.03328512
1.545	  0.032190282
1.555	  0.031125695
1.565	  0.030090889
1.575	  0.029085381
1.585	  0.028108671
1.595	  0.027160246
1.605	  0.026239576
1.615	  0.025346125
1.625	  0.024479344
1.635	  0.023638682
1.645	  0.022823578
1.655	  0.02203347
1.665	  0.021267794
1.675	  0.020525984
1.685	  0.019807475
1.695	  0.0191117
1.705	  0.018438099
1.715	  0.017786114
1.725	  0.017155189
1.735	  0.016544774
1.745	  0.015954327
1.755	  0.015383308
1.765	  0.014831186
1.775	  0.014297439
1.785	  0.0137815485
1.795	  0.013283008
1.805	  0.012801317
1.815	  0.012335986
1.825	  0.0118865315
1.835	  0.011452483
1.845	  0.011033377
1.855	  0.010628759
1.865	  0.010238187
1.875	  0.009861226
1.885	  0.009497452
1.895	  0.009146451
1.905	  0.008807818
1.915	  0.00848116
1.925	  0.0081660915
1.935	  0.007862237
1.945	  0.007569232
1.955	  0.007286721
1.965	  0.0070143575
1.975	  0.006751805
1.985	  0.0064987363
1.995	  0.006254833
2.005	  0.006019787
2.015	  0.0057932963
2.025	  0.0055750706
2.035	  0.005364827
2.045	  0.00516229
2.055	  0.004967194
2.065	  0.004779281
2.075	  0.004598301
2.085	  0.0044240104
2.095	  0.004256175
2.105	  0.0040945676
2.115	  0.003938967
2.125	  0.0037891606
2.135	  0.0036449418
2.145	  0.003506111
2.155	  0.003372475
2.165	  0.0032438468
2.175	  0.003120046
2.185	  0.003000898
2.195	  0.0028862339
2.205	  0.0027758905
2.215	  0.0026697107
2.225	  0.0025675418
2.235	  0.0024692372
2.245	  0.0023746546
2.255	  0.0022836574
2.265	  0.002196113
2.275	  0.0021118938
2.285	  0.002030877
2.295	  0.001952943
2.305	  0.0018779777
2.315	  0.0018058703
2.325	  0.001736514
2.335	  0.0016698063
2.345	  0.0016056476
2.355	  0.0015439425
2.365	  0.0014845986
2.375	  0.0014275273
2.385	  0.0013726428
2.395	  0.0013198627
2.405	  0.0012691073
2.415	  0.0012203001
2.425	  0.0011733673
2.435	  0.0011282378
2.445	  0.001084843
2.455	  0.0010431171
2.465	  0.0010029965
2.475	  9.644201E-4
2.485	  9.273289E-4
2.495	  8.9166634E-4
2.505	  8.573777E-4
2.515	  8.244105E-4
2.525	  7.9271424E-4
2.535	  7.622401E-4
2.545	  7.3294126E-4
2.555	  7.0477265E-4
2.565	  6.776909E-4
2.575	  6.516542E-4
2.585	  6.2662247E-4
2.595	  6.025569E-4
2.605	  5.794204E-4
2.615	  5.571772E-4
2.625	  5.357928E-4
2.635	  5.1523413E-4
2.645	  4.954694E-4
2.655	  4.7646786E-4
2.665	  4.582001E-4
2.675	  4.406378E-4
2.685	  4.2375366E-4
2.695	  4.075215E-4
2.705	  3.919161E-4
2.715	  3.769132E-4
2.725	  3.6248952E-4
2.735	  3.4862262E-4
2.745	  3.3529097E-4
2.755	  3.2247382E-4
2.765	  3.1015128E-4
2.775	  2.9830416E-4
2.785	  2.8691406E-4
2.795	  2.7596328E-4
2.805	  2.6543476E-4
2.815	  2.5531216E-4
2.825	  2.4557978E-4
2.835	  2.3622243E-4
2.845	  2.2722561E-4
2.855	  2.1857535E-4
2.865	  2.102582E-4
2.875	  2.0226125E-4
2.885	  1.9457209E-4
2.895	  1.8717877E-4
2.905	  1.8006985E-4
2.915	  1.732343E-4
2.925	  1.666615E-4
2.935	  1.603413E-4
2.945	  1.5426388E-4
2.955	  1.4841986E-4
2.965	  1.4280017E-4
2.975	  1.3739614E-4
2.985	  1.3219942E-4
2.995	  1.2720197E-4
3.005	  1.2239607E-4
3.015	  1.1777431E-4
3.025	  1.13329574E-4
3.035	  1.0905499E-4
3.045	  1.0494399E-4
3.055	  1.0099024E-4
3.065	  9.718766E-5
3.075	  9.3530405E-5
3.085	  9.0012865E-5
3.095	  8.662963E-5
3.105	  8.337552E-5
3.115	  8.024554E-5
3.125	  7.723491E-5
3.135	  7.4339005E-5
3.145	  7.155342E-5
3.155	  6.887388E-5
3.165	  6.6296314E-5
3.175	  6.381678E-5
3.185	  6.14315E-5
3.195	  5.9136848E-5
3.205	  5.6929337E-5
3.215	  5.480561E-5
3.225	  5.276244E-5
3.235	  5.079673E-5
3.245	  4.890551E-5
3.255	  4.708591E-5
3.265	  4.5335182E-5
3.275	  4.3650678E-5
3.285	  4.202986E-5
3.295	  4.0470284E-5
3.305	  3.8969603E-5
3.315	  3.752556E-5
3.325	  3.613598E-5
3.335	  3.4798784E-5
3.345	  3.3511966E-5
3.355	  3.2273598E-5
3.365	  3.108182E-5
3.375	  2.9934867E-5
3.385	  2.8831013E-5
3.395	  2.776862E-5
3.405	  2.6746102E-5
3.415	  2.576194E-5
3.425	  2.4814672E-5
3.435	  2.3902892E-5
3.445	  2.3025248E-5
3.455	  2.2180442E-5
3.465	  2.1367225E-5
3.475	  2.0584393E-5
3.485	  1.9830795E-5
3.495	  1.910532E-5
3.505	  1.8406901E-5
3.515	  1.773451E-5
3.525	  1.708716E-5
3.535	  1.6463906E-5
3.545	  1.5863832E-5
3.555	  1.5286063E-5
3.565	  1.4729752E-5
3.575	  1.4194091E-5
3.585	  1.3678298E-5
3.595	  1.3181625E-5
3.605	  1.2703348E-5
3.615	  1.22427755E-5
3.625	  1.17992395E-5
3.635	  1.1372098E-5
3.645	  1.0960734E-5
3.655	  1.0564554E-5
3.665	  1.0182988E-5
3.675	  9.815486E-6
3.685	  9.46152E-6
3.695	  9.120583E-6
3.705	  8.792185E-6
3.715	  8.475858E-6
3.725	  8.171149E-6
3.735	  7.877622E-6
3.745	  7.594861E-6
3.755	  7.322462E-6
3.765	  7.060039E-6
3.775	  6.807219E-6
3.785	  6.5636436E-6
3.795	  6.3289694E-6
3.805	  6.1028636E-6
3.815	  5.8850073E-6
3.825	  5.6750946E-6
3.835	  5.4728293E-6
3.845	  5.2779274E-6
3.855	  5.090116E-6
3.865	  4.9091313E-6
3.875	  4.734721E-6
3.885	  4.566641E-6
3.895	  4.4046574E-6
3.905	  4.2485444E-6
3.915	  4.098085E-6
3.925	  3.95307E-6
3.935	  3.8132987E-6
3.945	  3.6785777E-6
3.955	  3.5487208E-6
3.965	  3.4235486E-6
3.975	  3.302889E-6
3.985	  3.1865757E-6
3.995	  3.074449E-6
4.005	  2.9663552E-6



DATASET #3

     Name: BPT Fit
   Points: 401
     Info: Mean = 100.0, Aperiodicity = 0.5, Duration = 30.0, Delta T = 1.0, Num Points = 500, Historic Open Interval = 0.0
Computed mean = 0.99952674

Data[x,y]:
0.0	  0.0
0.01	  0.0
0.02	  0.0
0.03	  0.0
0.04	  0.0
0.05	  2.6632189E-37
0.06	  1.7105798E-30
0.07	  1.1865023E-25
0.08	  4.8778034E-22
0.09	  3.0575338E-19
0.1	  5.1482934E-17
0.11	  3.3377191E-15
0.12	  1.05889506E-13
0.13	  1.9403528E-12
0.14	  2.3116006E-11
0.15	  1.9524847E-10
0.16	  1.2476824E-9
0.17	  6.3387398E-9
0.18	  2.6608506E-8
0.19	  9.5138326E-8
0.2	  2.9686277E-7
0.21	  8.244242E-7
0.22	  2.0706743E-6
0.23	  4.7664134E-6
0.24	  1.0166684E-5
0.25	  2.0281164E-5
0.26	  3.813546E-5
0.27	  6.80421E-5
0.28	  1.15854746E-4
0.29	  1.8917701E-4
0.3	  2.9749947E-4
0.31	  4.5224364E-4
0.32	  6.666996E-4
0.33	  9.558526E-4
0.34	  0.001336104
0.35	  0.001824898
0.36	  0.0024402747
0.37	  0.0032003715
0.38	  0.0041228994
0.39	  0.005224617
0.4	  0.0065208306
0.41	  0.008024933
0.42	  0.009748006
0.43	  0.011698497
0.44	  0.013881971
0.45	  0.016300945
0.46	  0.018954815
0.47	  0.021839855
0.48	  0.024949288
0.49	  0.028273432
0.5	  0.031799898
0.51	  0.035513826
0.52	  0.039398175
0.53	  0.04343402
0.54	  0.047600884
0.55	  0.05187705
0.56	  0.05623992
0.57	  0.060666304
0.58	  0.06513274
0.59	  0.06961579
0.6	  0.07409231
0.61	  0.078539684
0.62	  0.08293604
0.63	  0.087260455
0.64	  0.09149309
0.65	  0.095615365
0.66	  0.09961003
0.67	  0.10346126
0.68	  0.10715473
0.69	  0.11067762
0.7	  0.11401868
0.71	  0.11716816
0.72	  0.12011786
0.73	  0.12286104
0.74	  0.12539244
0.75	  0.12770815
0.76	  0.12980561
0.77	  0.1316835
0.78	  0.13334167
0.79	  0.1347811
0.8	  0.13600376
0.81	  0.13701256
0.82	  0.13781123
0.83	  0.13840431
0.84	  0.138797
0.85	  0.1389951
0.86	  0.13900493
0.87	  0.13883328
0.88	  0.1384873
0.89	  0.13797444
0.9	  0.13730243
0.91	  0.13647917
0.92	  0.1355127
0.93	  0.13441111
0.94	  0.13318257
0.95	  0.1318352
0.96	  0.13037713
0.97	  0.1288163
0.98	  0.12716067
0.99	  0.12541793
1.0	  0.12359568
1.01	  0.1217013
1.02	  0.11974196
1.03	  0.11772463
1.04	  0.115655996
1.05	  0.11354255
1.06	  0.11139048
1.07	  0.109205745
1.08	  0.10699402
1.09	  0.104760714
1.1	  0.10251096
1.11	  0.10024963
1.12	  0.097981334
1.13	  0.0957104
1.14	  0.09344089
1.15	  0.091176644
1.16	  0.08892121
1.17	  0.086677924
1.18	  0.08444986
1.19	  0.08223987
1.2	  0.08005059
1.21	  0.077884436
1.22	  0.0757436
1.23	  0.07363011
1.24	  0.07154577
1.25	  0.06949223
1.26	  0.06747094
1.27	  0.065483205
1.28	  0.06353016
1.29	  0.061612807
1.3	  0.059731986
1.31	  0.057888426
1.32	  0.056082718
1.33	  0.05431534
1.34	  0.052586664
1.35	  0.050896946
1.36	  0.049246363
1.37	  0.047634993
1.38	  0.04606283
1.39	  0.0445298
1.4	  0.043035746
1.41	  0.041580457
1.42	  0.04016366
1.43	  0.038785014
1.44	  0.03744415
1.45	  0.036140636
1.46	  0.034874007
1.47	  0.03364376
1.48	  0.03244936
1.49	  0.03129024
1.5	  0.030165808
1.51	  0.029075451
1.52	  0.028018538
1.53	  0.026994418
1.54	  0.02600243
1.55	  0.025041895
1.56	  0.024112133
1.57	  0.023212453
1.58	  0.02234216
1.59	  0.021500558
1.6	  0.020686943
1.61	  0.019900618
1.62	  0.019140888
1.63	  0.018407058
1.64	  0.017698439
1.65	  0.017014343
1.66	  0.016354099
1.67	  0.015717031
1.68	  0.015102481
1.69	  0.014509793
1.7	  0.013938325
1.71	  0.013387444
1.72	  0.012856527
1.73	  0.012344962
1.74	  0.011852149
1.75	  0.011377499
1.76	  0.010920438
1.77	  0.010480399
1.78	  0.010056834
1.79	  0.0096492
1.8	  0.009256974
1.81	  0.00887964
1.82	  0.008516698
1.83	  0.008167661
1.84	  0.007832052
1.85	  0.0075094094
1.86	  0.0071992823
1.87	  0.006901232
1.88	  0.0066148345
1.89	  0.0063396753
1.9	  0.006075353
1.91	  0.0058214786
1.92	  0.005577674
1.93	  0.0053435727
1.94	  0.00511882
1.95	  0.0049030706
1.96	  0.0046959925
1.97	  0.0044972626
1.98	  0.0043065683
1.99	  0.0041236077
2.0	  0.0039480887
2.01	  0.003779729
2.02	  0.003618255
2.03	  0.0034634036
2.04	  0.0033149198
2.05	  0.003172557
2.06	  0.0030360788
2.07	  0.0029052552
2.08	  0.0027798652
2.09	  0.0026596955
2.1	  0.0025445402
2.11	  0.0024342015
2.12	  0.0023284878
2.13	  0.002227215
2.14	  0.002130206
2.15	  0.0020372893
2.16	  0.0019483006
2.17	  0.0018630814
2.18	  0.001781479
2.19	  0.0017033468
2.2	  0.0016285435
2.21	  0.001556933
2.22	  0.0014883848
2.23	  0.0014227731
2.24	  0.0013599771
2.25	  0.0012998803
2.26	  0.0012423715
2.27	  0.001187343
2.28	  0.0011346919
2.29	  0.001084319
2.3	  0.0010361291
2.31	  9.900308E-4
2.32	  9.4593654E-4
2.33	  9.037618E-4
2.34	  8.634257E-4
2.35	  8.2485075E-4
2.36	  7.8796234E-4
2.37	  7.5268885E-4
2.38	  7.189618E-4
2.39	  6.867153E-4
2.4	  6.5588625E-4
2.41	  6.26414E-4
2.42	  5.982405E-4
2.43	  5.713101E-4
2.44	  5.4556935E-4
2.45	  5.209671E-4
2.46	  4.974542E-4
2.47	  4.7498368E-4
2.48	  4.5351044E-4
2.49	  4.3299128E-4
2.5	  4.133848E-4
2.51	  3.946514E-4
2.52	  3.76753E-4
2.53	  3.596533E-4
2.54	  3.4331737E-4
2.55	  3.2771187E-4
2.56	  3.1280483E-4
2.57	  2.9856563E-4
2.58	  2.84965E-4
2.59	  2.7197483E-4
2.6	  2.5956827E-4
2.61	  2.4771964E-4
2.62	  2.3640432E-4
2.63	  2.2559873E-4
2.64	  2.1528036E-4
2.65	  2.0542764E-4
2.66	  1.9601992E-4
2.67	  1.8703747E-4
2.68	  1.7846137E-4
2.69	  1.7027359E-4
2.7	  1.6245681E-4
2.71	  1.549945E-4
2.72	  1.4787087E-4
2.73	  1.4107076E-4
2.74	  1.3457974E-4
2.75	  1.2838397E-4
2.76	  1.224702E-4
2.77	  1.168258E-4
2.78	  1.114387E-4
2.79	  1.0629732E-4
2.8	  1.01390615E-4
2.81	  9.670803E-5
2.82	  9.223946E-5
2.83	  8.797527E-5
2.84	  8.390622E-5
2.85	  8.0023514E-5
2.86	  7.631873E-5
2.87	  7.27838E-5
2.88	  6.941105E-5
2.89	  6.6193126E-5
2.9	  6.3123014E-5
2.91	  6.0194E-5
2.92	  5.739968E-5
2.93	  5.473393E-5
2.94	  5.2190902E-5
2.95	  4.976501E-5
2.96	  4.745092E-5
2.97	  4.524354E-5
2.98	  4.3137996E-5
2.99	  4.1129642E-5
3.0	  3.9214043E-5
3.01	  3.738695E-5
3.02	  3.564433E-5
3.03	  3.3982305E-5
3.04	  3.2397187E-5
3.05	  3.0885454E-5
3.06	  2.9443743E-5
3.07	  2.8068838E-5
3.08	  2.6757676E-5
3.09	  2.5507325E-5
3.1	  2.4314992E-5
3.11	  2.3178009E-5
3.12	  2.2093831E-5
3.13	  2.1060025E-5
3.14	  2.007427E-5
3.15	  1.9134355E-5
3.16	  1.8238165E-5
3.17	  1.738368E-5
3.18	  1.6568978E-5
3.19	  1.5792219E-5
3.2	  1.50516535E-5
3.21	  1.4345605E-5
3.22	  1.3672479E-5
3.23	  1.3030751E-5
3.24	  1.2418968E-5
3.25	  1.1835743E-5
3.26	  1.12797525E-5
3.27	  1.07497335E-5
3.28	  1.0244482E-5
3.29	  9.762849E-6
3.3	  9.303737E-6
3.31	  8.866101E-6
3.32	  8.448943E-6
3.33	  8.05131E-6
3.34	  7.672296E-6
3.35	  7.3110346E-6
3.36	  6.966698E-6
3.37	  6.6384996E-6
3.38	  6.3256875E-6
3.39	  6.0275447E-6
3.4	  5.7433876E-6
3.41	  5.4725638E-6
3.42	  5.214451E-6
3.43	  4.9684572E-6
3.44	  4.734016E-6
3.45	  4.5105876E-6
3.46	  4.297658E-6
3.47	  4.0947366E-6
3.48	  3.9013553E-6
3.49	  3.7170682E-6
3.5	  3.54145E-6
3.51	  3.3740948E-6
3.52	  3.214616E-6
3.53	  3.0626447E-6
3.54	  2.9178293E-6
3.55	  2.7798346E-6
3.56	  2.648341E-6
3.57	  2.5230433E-6
3.58	  2.4036515E-6
3.59	  2.2898882E-6
3.6	  2.1814894E-6
3.61	  2.0782031E-6
3.62	  1.9797897E-6
3.63	  1.88602E-6
3.64	  1.796676E-6
3.65	  1.7115497E-6
3.66	  1.6304427E-6
3.67	  1.5531663E-6
3.68	  1.4795403E-6
3.69	  1.4093928E-6
3.7	  1.3425603E-6
3.71	  1.2788868E-6
3.72	  1.2182234E-6
3.73	  1.1604285E-6
3.74	  1.105367E-6
3.75	  1.0529102E-6
3.76	  1.0029352E-6
3.77	  9.553249E-7
3.78	  9.099682E-7
3.79	  8.667586E-7
3.8	  8.255949E-7
3.81	  7.863805E-7
3.82	  7.4902346E-7
3.83	  7.1343607E-7
3.84	  6.795349E-7
3.85	  6.4724026E-7
3.86	  6.1647626E-7
3.87	  5.8717063E-7
3.88	  5.5925443E-7
3.89	  5.3266206E-7
3.9	  5.0733087E-7
3.91	  4.832013E-7
3.92	  4.6021646E-7
3.93	  4.3832227E-7
3.94	  4.1746713E-7
3.95	  3.9760187E-7
3.96	  3.7867966E-7
3.97	  3.6065583E-7
3.98	  3.4348787E-7
3.99	  3.2713527E-7
4.0	  3.115594E-7


