
X-Axis: Average Normalized Interevent Time
Y-Axis: Probability
Number of Data Sets: 3


DATASET #1

     Name: Bruce 2349 Histogram
   Points: 41
     Info: 

Data[x,y]:
0.05	  0.0024046372
0.15	  0.0069607915
0.25	  0.01336472
0.35	  0.038980436
0.45	  0.07092414
0.55	  0.10947427
0.65	  0.14460729
0.75	  0.18756169
0.85	  0.19290252
0.95	  0.15278305
1.05	  0.06920293
1.15	  0.009972916
1.25	  8.35295E-4
1.35	  2.531197E-5
1.45	  0.0
1.55	  0.0
1.65	  0.0
1.75	  0.0
1.85	  0.0
1.95	  0.0
2.05	  0.0
2.15	  0.0
2.25	  0.0
2.35	  0.0
2.45	  0.0
2.55	  0.0
2.65	  0.0
2.75	  0.0
2.85	  0.0
2.95	  0.0
3.05	  0.0
3.15	  0.0
3.25	  0.0
3.35	  0.0
3.45	  0.0
3.55	  0.0
3.65	  0.0
3.75	  0.0
3.85	  0.0
3.95	  0.0
4.05	  0.0



DATASET #2

     Name: Log-Normal Fit
   Points: 401
     Info: 

Data[x,y]:
0.005	  0.0
0.015	  2.833285E-39
0.025	  3.6816568E-31
0.035	  5.557532E-26
0.045	  2.703362E-22
0.055	  1.699128E-19
0.065	  2.786281E-17
0.075	  1.779931E-15
0.085	  5.682043E-14
0.095	  1.0688448E-12
0.105	  1.3285173E-11
0.115	  1.1850297E-10
0.125	  8.0657075E-10
0.135	  4.3891206E-9
0.145	  1.9800195E-8
0.155	  7.619791E-8
0.165	  2.5594997E-7
0.175	  7.6452017E-7
0.185	  2.0619723E-6
0.195	  5.085625E-6
0.205	  1.1592724E-5
0.215	  2.4643401E-5
0.225	  4.922699E-5
0.235	  9.3010545E-5
0.245	  1.6716102E-4
0.255	  2.8716694E-4
0.265	  4.7356694E-4
0.275	  7.524847E-4
0.285	  0.0011558759
0.295	  0.0017214103
0.305	  0.0024919421
0.315	  0.0035145555
0.325	  0.004839213
0.335	  0.0065170643
0.345	  0.008598508
0.355	  0.011131116
0.365	  0.014157538
0.375	  0.017713508
0.385	  0.021826057
0.395	  0.026512036
0.405	  0.031777013
0.415	  0.03761457
0.425	  0.044006057
0.435	  0.05092079
0.445	  0.058316603
0.455	  0.06614083
0.465	  0.07433152
0.475	  0.08281899
0.485	  0.091527395
0.495	  0.10037657
0.505	  0.10928375
0.515	  0.118165396
0.525	  0.1269388
0.535	  0.13552369
0.545	  0.1438436
0.555	  0.15182707
0.565	  0.15940863
0.575	  0.16652964
0.585	  0.17313886
0.595	  0.17919281
0.605	  0.18465598
0.615	  0.18950087
0.625	  0.19370788
0.635	  0.19726497
0.645	  0.20016734
0.655	  0.20241699
0.665	  0.2040221
0.675	  0.20499648
0.685	  0.20535898
0.695	  0.2051328
0.705	  0.20434485
0.715	  0.20302516
0.725	  0.20120622
0.735	  0.1989224
0.745	  0.19620943
0.755	  0.19310388
0.765	  0.1896427
0.775	  0.18586276
0.785	  0.18180054
0.795	  0.1774918
0.805	  0.17297123
0.815	  0.1682723
0.825	  0.16342703
0.835	  0.1584658
0.845	  0.15341735
0.855	  0.14830853
0.865	  0.14316438
0.875	  0.13800806
0.885	  0.13286081
0.895	  0.127742
0.905	  0.1226692
0.915	  0.11765812
0.925	  0.112722814
0.935	  0.107875615
0.945	  0.10312731
0.955	  0.09848717
0.965	  0.09396308
0.975	  0.08956158
0.985	  0.08528801
0.995	  0.08114656
1.005	  0.07714038
1.015	  0.07327167
1.025	  0.06954176
1.035	  0.06595119
1.045	  0.06249981
1.055	  0.059186835
1.065	  0.05601092
1.075	  0.052970238
1.085	  0.05006253
1.095	  0.047285184
1.105	  0.044635262
1.115	  0.04210957
1.125	  0.03970471
1.135	  0.037417095
1.145	  0.035243016
1.155	  0.033178657
1.165	  0.031220142
1.175	  0.029363548
1.185	  0.027604941
1.195	  0.025940396
1.205	  0.024366008
1.215	  0.022877922
1.225	  0.021472337
1.235	  0.02014552
1.245	  0.018893829
1.255	  0.017713696
1.265	  0.016601663
1.275	  0.0155543685
1.285	  0.014568558
1.295	  0.01364109
1.305	  0.012768934
1.315	  0.01194917
1.325	  0.011178999
1.335	  0.010455731
1.345	  0.0097767925
1.355	  0.00913972
1.365	  0.008542162
1.375	  0.007981875
1.385	  0.0074567217
1.395	  0.0069646672
1.405	  0.006503778
1.415	  0.006072217
1.425	  0.0056682415
1.435	  0.0052901995
1.445	  0.0049365265
1.455	  0.0046057412
1.465	  0.0042964434
1.475	  0.004007311
1.485	  0.003737094
1.495	  0.0034846142
1.505	  0.0032487598
1.515	  0.0030284834
1.525	  0.002822799
1.535	  0.002630778
1.545	  0.0024515467
1.555	  0.002284284
1.565	  0.0021282183
1.575	  0.0019826242
1.585	  0.0018468213
1.595	  0.0017201707
1.605	  0.0016020731
1.615	  0.0014919665
1.625	  0.0013893243
1.635	  0.0012936527
1.645	  0.0012044896
1.655	  0.0011214019
1.665	  0.0010439846
1.675	  9.718584E-4
1.685	  9.0466865E-4
1.695	  8.420836E-4
1.705	  7.8379316E-4
1.715	  7.2950736E-4
1.725	  6.7895546E-4
1.735	  6.318843E-4
1.745	  5.8805756E-4
1.755	  5.472545E-4
1.765	  5.092691E-4
1.775	  4.7390902E-4
1.785	  4.409948E-4
1.795	  4.1035897E-4
1.805	  3.818453E-4
1.815	  3.5530812E-4
1.825	  3.306115E-4
1.835	  3.076288E-4
1.845	  2.862419E-4
1.855	  2.6634074E-4
1.865	  2.478227E-4
1.875	  2.3059215E-4
1.885	  2.1456004E-4
1.895	  1.996434E-4
1.905	  1.8576489E-4
1.915	  1.7285252E-4
1.925	  1.6083925E-4
1.935	  1.4966262E-4
1.945	  1.3926448E-4
1.955	  1.2959071E-4
1.965	  1.20590914E-4
1.975	  1.1221818E-4
1.985	  1.0442882E-4
1.995	  9.7182216E-5
2.005	  9.044053E-5
2.015	  8.416856E-5
2.025	  7.833355E-5
2.035	  7.290502E-5
2.045	  6.785461E-5
2.055	  6.315594E-5
2.065	  5.878444E-5
2.075	  5.4717286E-5
2.085	  5.093322E-5
2.095	  4.7412486E-5
2.105	  4.413669E-5
2.115	  4.1088733E-5
2.125	  3.8252707E-5
2.135	  3.561381E-5
2.145	  3.315828E-5
2.155	  3.087332E-5
2.165	  2.8747023E-5
2.175	  2.6768308E-5
2.185	  2.4926883E-5
2.195	  2.3213166E-5
2.205	  2.161825E-5
2.215	  2.0133848E-5
2.225	  1.8752255E-5
2.235	  1.7466304E-5
2.245	  1.626933E-5
2.255	  1.5155136E-5
2.265	  1.41179535E-5
2.275	  1.3152424E-5
2.285	  1.2253559E-5
2.295	  1.1416722E-5
2.305	  1.0637598E-5
2.315	  9.912176E-6
2.325	  9.2367245E-6
2.335	  8.6077725E-6
2.345	  8.022092E-6
2.355	  7.4766795E-6
2.365	  6.968743E-6
2.375	  6.495685E-6
2.385	  6.055088E-6
2.395	  5.6447043E-6
2.405	  5.2624428E-6
2.415	  4.906358E-6
2.425	  4.57464E-6
2.435	  4.265606E-6
2.445	  3.9776883E-6
2.455	  3.7094305E-6
2.465	  3.4594761E-6
2.475	  3.2265636E-6
2.485	  3.0095189E-6
2.495	  2.80725E-6
2.505	  2.6187397E-6
2.515	  2.4430428E-6
2.525	  2.2792783E-6
2.535	  2.1266276E-6
2.545	  1.9843276E-6
2.555	  1.8516688E-6
2.565	  1.7279907E-6
2.575	  1.6126784E-6
2.585	  1.5051595E-6
2.595	  1.4049012E-6
2.605	  1.3114077E-6
2.615	  1.2242169E-6
2.625	  1.1428991E-6
2.635	  1.0670539E-6
2.645	  9.963086E-7
2.655	  9.303161E-7
2.665	  8.687533E-7
2.675	  8.113192E-7
2.685	  7.5773335E-7
2.695	  7.077349E-7
2.705	  6.6108055E-7
2.715	  6.1754383E-7
2.725	  5.7691386E-7
2.735	  5.38994E-7
2.745	  5.0360126E-7
2.755	  4.70565E-7
2.765	  4.3972628E-7
2.775	  4.1093702E-7
2.785	  3.840593E-7
2.795	  3.5896446E-7
2.805	  3.355327E-7
2.815	  3.1365232E-7
2.825	  2.9321927E-7
2.835	  2.741365E-7
2.845	  2.5631363E-7
2.855	  2.3966626E-7
2.865	  2.241159E-7
2.875	  2.095892E-7
2.885	  1.9601791E-7
2.895	  1.8333829E-7
2.905	  1.7149095E-7
2.915	  1.6042051E-7
2.925	  1.5007532E-7
2.935	  1.404072E-7
2.945	  1.3137121E-7
2.955	  1.2292543E-7
2.965	  1.1503078E-7
2.975	  1.0765078E-7
2.985	  1.0075139E-7
2.995	  9.430089E-8
3.005	  8.826963E-8
3.015	  8.262999E-8
3.025	  7.735616E-8
3.035	  7.242408E-8
3.045	  6.781127E-8
3.055	  6.349678E-8
3.065	  5.946102E-8
3.075	  5.568572E-8
3.085	  5.2153833E-8
3.095	  4.884943E-8
3.105	  4.575764E-8
3.115	  4.2864585E-8
3.125	  4.0157296E-8
3.135	  3.7623668E-8
3.145	  3.52524E-8
3.155	  3.3032926E-8
3.165	  3.0955388E-8
3.175	  2.9010572E-8
3.185	  2.718987E-8
3.195	  2.548524E-8
3.205	  2.3889175E-8
3.215	  2.2394653E-8
3.225	  2.0995115E-8
3.235	  1.9684434E-8
3.245	  1.845688E-8
3.255	  1.7307103E-8
3.265	  1.62301E-8
3.275	  1.522119E-8
3.285	  1.4276004E-8
3.295	  1.3390457E-8
3.305	  1.2560724E-8
3.315	  1.1783235E-8
3.325	  1.105465E-8
3.335	  1.0371843E-8
3.345	  9.731894E-9
3.355	  9.132071E-9
3.365	  8.5698195E-9
3.375	  8.042749E-9
3.385	  7.548622E-9
3.395	  7.0853488E-9
3.405	  6.650972E-9
3.415	  6.2436616E-9
3.425	  5.861703E-9
3.435	  5.503495E-9
3.445	  5.1675357E-9
3.455	  4.852423E-9
3.465	  4.556841E-9
3.475	  4.2795616E-9
3.485	  4.019433E-9
3.495	  3.7753765E-9
3.505	  3.5463843E-9
3.515	  3.3315115E-9
3.525	  3.1298735E-9
3.535	  2.9406417E-9
3.545	  2.7630411E-9
3.555	  2.596345E-9
3.565	  2.4398732E-9
3.575	  2.2929885E-9
3.585	  2.1550939E-9
3.595	  2.0256303E-9
3.605	  1.904074E-9
3.615	  1.7899343E-9
3.625	  1.6827512E-9
3.635	  1.5820938E-9
3.645	  1.4875584E-9
3.655	  1.3987667E-9
3.665	  1.3153639E-9
3.675	  1.2370177E-9
3.685	  1.1634166E-9
3.695	  1.0942683E-9
3.705	  1.0292993E-9
3.715	  9.682526E-10
3.725	  9.108877E-10
3.735	  8.569788E-10
3.745	  8.063144E-10
3.755	  7.5869594E-10
3.765	  7.1393724E-10
3.775	  6.7186384E-10
3.785	  6.323119E-10
3.795	  5.9512795E-10
3.805	  5.6016775E-10
3.815	  5.272961E-10
3.825	  4.9638627E-10
3.835	  4.673192E-10
3.845	  4.3998316E-10
3.855	  4.1427345E-10
3.865	  3.9009163E-10
3.875	  3.6734543E-10
3.885	  3.4594821E-10
3.895	  3.2581865E-10
3.905	  3.0688035E-10
3.915	  2.890617E-10
3.925	  2.7229535E-10
3.935	  2.5651817E-10
3.945	  2.4167077E-10
3.955	  2.276975E-10
3.965	  2.14546E-10
3.975	  2.0216716E-10
3.985	  1.9051481E-10
3.995	  1.7954561E-10
4.005	  1.6921883E-10



DATASET #3

     Name: BPT Fit
   Points: 401
     Info: Mean = 100.0, Aperiodicity = 0.5, Duration = 30.0, Delta T = 1.0, Num Points = 500, Historic Open Interval = 0.0
Computed mean = 0.73906696

Data[x,y]:
0.0	  0.0
0.01	  0.0
0.02	  0.0
0.03	  0.0
0.04	  0.0
0.05	  3.5775854E-37
0.06	  3.843825E-30
0.07	  3.8033432E-25
0.08	  2.0191685E-21
0.09	  1.5295157E-18
0.1	  2.9710403E-16
0.11	  2.1482619E-14
0.12	  7.41105E-13
0.13	  1.4482155E-11
0.14	  1.8119278E-10
0.15	  1.5877104E-9
0.16	  1.0421273E-8
0.17	  5.3937764E-8
0.18	  2.2909592E-7
0.19	  8.2406444E-7
0.2	  2.574227E-6
0.21	  7.1270088E-6
0.22	  1.7781238E-5
0.23	  4.0529263E-5
0.24	  8.536643E-5
0.25	  1.677564E-4
0.26	  3.10072E-4
0.27	  5.427892E-4
0.28	  9.0520765E-4
0.29	  0.0014455104
0.3	  0.0022200425
0.31	  0.003291784
0.32	  0.00472808
0.33	  0.006597777
0.34	  0.008967977
0.35	  0.011900646
0.36	  0.015449318
0.37	  0.019656137
0.38	  0.024549391
0.39	  0.030141704
0.4	  0.036428943
0.41	  0.043389864
0.42	  0.05098649
0.43	  0.05916511
0.44	  0.06785787
0.45	  0.07698476
0.46	  0.08645598
0.47	  0.096174374
0.48	  0.10603811
0.49	  0.11594317
0.5	  0.12578583
0.51	  0.13546482
0.52	  0.14488344
0.53	  0.15395114
0.54	  0.16258502
0.55	  0.17071088
0.56	  0.178264
0.57	  0.18518968
0.58	  0.19144343
0.59	  0.19699097
0.6	  0.201808
0.61	  0.20587984
0.62	  0.20920081
0.63	  0.2117737
0.64	  0.21360883
0.65	  0.21472347
0.66	  0.21514088
0.67	  0.21488948
0.68	  0.21400206
0.69	  0.21251494
0.7	  0.2104672
0.71	  0.20789999
0.72	  0.20485581
0.73	  0.20137791
0.74	  0.19750978
0.75	  0.19329455
0.76	  0.18877469
0.77	  0.18399155
0.78	  0.17898509
0.79	  0.1737936
0.8	  0.16845348
0.81	  0.16299917
0.82	  0.15746291
0.83	  0.15187475
0.84	  0.14626248
0.85	  0.14065161
0.86	  0.1350654
0.87	  0.12952493
0.88	  0.12404908
0.89	  0.11865465
0.9	  0.113356456
0.91	  0.108167395
0.92	  0.10309858
0.93	  0.09815941
0.94	  0.0933577
0.95	  0.08869981
0.96	  0.08419072
0.97	  0.07983418
0.98	  0.075632766
0.99	  0.07158807
1.0	  0.06770069
1.01	  0.06397044
1.02	  0.06039635
1.03	  0.056976814
1.04	  0.05370964
1.05	  0.050592136
1.06	  0.04762119
1.07	  0.044793315
1.08	  0.042104736
1.09	  0.03955142
1.1	  0.037129138
1.11	  0.034833524
1.12	  0.032660093
1.13	  0.030604286
1.14	  0.028661516
1.15	  0.026827179
1.16	  0.02509669
1.17	  0.023465507
1.18	  0.021929143
1.19	  0.020483192
1.2	  0.019123333
1.21	  0.017845353
1.22	  0.016645148
1.23	  0.015518738
1.24	  0.014462266
1.25	  0.013472011
1.26	  0.012544383
1.27	  0.011675933
1.28	  0.010863347
1.29	  0.010103452
1.3	  0.009393211
1.31	  0.008729726
1.32	  0.00811023
1.33	  0.0075320913
1.34	  0.0069928053
1.35	  0.006489994
1.36	  0.006021401
1.37	  0.005584889
1.38	  0.0051784343
1.39	  0.004800124
1.4	  0.004448151
1.41	  0.004120811
1.42	  0.0038164945
1.43	  0.0035336886
1.44	  0.0032709676
1.45	  0.0030269912
1.46	  0.0028005
1.47	  0.002590311
1.48	  0.0023953149
1.49	  0.0022144709
1.5	  0.002046804
1.51	  0.0018914014
1.52	  0.0017474083
1.53	  0.0016140258
1.54	  0.0014905066
1.55	  0.001376153
1.56	  0.0012703132
1.57	  0.0011723789
1.58	  0.0010817831
1.59	  9.979967E-4
1.6	  9.205268E-4
1.61	  8.4891444E-4
1.62	  7.8273215E-4
1.63	  7.2158215E-4
1.64	  6.650944E-4
1.65	  6.1292486E-4
1.66	  5.6475366E-4
1.67	  5.202837E-4
1.68	  4.7923898E-4
1.69	  4.4136323E-4
1.7	  4.064186E-4
1.71	  3.7418448E-4
1.72	  3.4445617E-4
1.73	  3.1704392E-4
1.74	  2.9177178E-4
1.75	  2.6847684E-4
1.76	  2.4700805E-4
1.77	  2.2722564E-4
1.78	  2.0900012E-4
1.79	  1.922117E-4
1.8	  1.7674951E-4
1.81	  1.62511E-4
1.82	  1.4940131E-4
1.83	  1.3733278E-4
1.84	  1.2622432E-4
1.85	  1.1600104E-4
1.86	  1.06593725E-4
1.87	  9.7938435E-5
1.88	  8.997614E-5
1.89	  8.2652325E-5
1.9	  7.5916665E-5
1.91	  6.972272E-5
1.92	  6.402764E-5
1.93	  5.879188E-5
1.94	  5.3978987E-5
1.95	  4.955532E-5
1.96	  4.5489887E-5
1.97	  4.1754094E-5
1.98	  3.83216E-5
1.99	  3.5168126E-5
2.0	  3.227131E-5
2.01	  2.9610535E-5
2.02	  2.716683E-5
2.03	  2.492271E-5
2.04	  2.2862087E-5
2.05	  2.0970137E-5
2.06	  1.9233225E-5
2.07	  1.7638797E-5
2.08	  1.61753E-5
2.09	  1.4832108E-5
2.1	  1.3599441E-5
2.11	  1.24683065E-5
2.12	  1.143043E-5
2.13	  1.0478205E-5
2.14	  9.604636E-6
2.15	  8.803293E-6
2.16	  8.068264E-6
2.17	  7.394115E-6
2.18	  6.775852E-6
2.19	  6.208886E-6
2.2	  5.689001E-6
2.21	  5.212322E-6
2.22	  4.775291E-6
2.23	  4.3746395E-6
2.24	  4.0073646E-6
2.25	  3.67071E-6
2.26	  3.3621438E-6
2.27	  3.0793417E-6
2.28	  2.8201696E-6
2.29	  2.582669E-6
2.3	  2.3650412E-6
2.31	  2.1656365E-6
2.32	  1.9829401E-6
2.33	  1.8155627E-6
2.34	  1.6622287E-6
2.35	  1.5217682E-6
2.36	  1.3931082E-6
2.37	  1.2752638E-6
2.38	  1.167332E-6
2.39	  1.0684846E-6
2.4	  9.779619E-7
2.41	  8.9506744E-7
2.42	  8.1916227E-7
2.43	  7.4966084E-7
2.44	  6.8602617E-7
2.45	  6.27766E-7
2.46	  5.7442907E-7
2.47	  5.2560176E-7
2.48	  4.8090493E-7
2.49	  4.3999123E-7
2.5	  4.0254213E-7
2.51	  3.682659E-7
2.52	  3.368951E-7
2.53	  3.0818478E-7
2.54	  2.819105E-7
2.55	  2.578666E-7
2.56	  2.3586468E-7
2.57	  2.157322E-7
2.58	  1.9731108E-7
2.59	  1.8045654E-7
2.6	  1.65036E-7
2.61	  1.50928E-7
2.62	  1.3802136E-7
2.63	  1.262142E-7
2.64	  1.15413314E-7
2.65	  1.0553329E-7
2.66	  9.649596E-8
2.67	  8.8229754E-8
2.68	  8.066915E-8
2.69	  7.375417E-8
2.7	  6.7429895E-8
2.71	  6.164608E-8
2.72	  5.6356704E-8
2.73	  5.1519674E-8
2.74	  4.7096446E-8
2.75	  4.305176E-8
2.76	  3.9353335E-8
2.77	  3.5971635E-8
2.78	  3.287964E-8
2.79	  3.0052615E-8
2.8	  2.7467932E-8
2.81	  2.510489E-8
2.82	  2.2944548E-8
2.83	  2.0969576E-8
2.84	  1.9164121E-8
2.85	  1.7513678E-8
2.86	  1.6004984E-8
2.87	  1.4625901E-8
2.88	  1.336533E-8
2.89	  1.2213118E-8
2.9	  1.1159978E-8
2.91	  1.0197416E-8
2.92	  9.317667E-9
2.93	  8.513625E-9
2.94	  7.7787945E-9
2.95	  7.1072344E-9
2.96	  6.4935124E-9
2.97	  5.9326606E-9
2.98	  5.420137E-9
2.99	  4.9517874E-9
3.0	  4.523816E-9
3.01	  4.13275E-9
3.02	  3.775415E-9
3.03	  3.448909E-9
3.04	  3.150579E-9
3.05	  2.8779994E-9
3.06	  2.628953E-9
3.07	  2.401413E-9
3.08	  2.1935265E-9
3.09	  2.0036E-9
3.1	  1.8300854E-9
3.11	  1.6715678E-9
3.12	  1.5267538E-9
3.13	  1.3944615E-9
3.14	  1.2736106E-9
3.15	  1.1632135E-9
3.16	  1.062368E-9
3.17	  9.702493E-10
3.18	  8.86104E-10
3.19	  8.0924323E-10
3.2	  7.390376E-10
3.21	  6.7491207E-10
3.22	  6.1634114E-10
3.23	  5.6284455E-10
3.24	  5.139836E-10
3.25	  4.693572E-10
3.26	  4.2859924E-10
3.27	  3.913749E-10
3.28	  3.5737838E-10
3.29	  3.2633032E-10
3.3	  2.9797545E-10
3.31	  2.7208055E-10
3.32	  2.484326E-10
3.33	  2.2683695E-10
3.34	  2.0711578E-10
3.35	  1.8910667E-10
3.36	  1.7266123E-10
3.37	  1.5764393E-10
3.38	  1.4393092E-10
3.39	  1.314091E-10
3.4	  1.199752E-10
3.41	  1.095348E-10
3.42	  1.0000172E-10
3.43	  9.1297234E-11
3.44	  8.3349425E-11
3.45	  7.609262E-11
3.46	  6.9466814E-11
3.47	  6.341724E-11
3.48	  5.7893832E-11
3.49	  5.2850904E-11
3.5	  4.8246716E-11
3.51	  4.4043148E-11
3.52	  4.0205388E-11
3.53	  3.6701645E-11
3.54	  3.3502884E-11
3.55	  3.05826E-11
3.56	  2.791657E-11
3.57	  2.5482694E-11
3.58	  2.3260779E-11
3.59	  2.1232387E-11
3.6	  1.9380685E-11
3.61	  1.76903E-11
3.62	  1.6147196E-11
3.63	  1.4738556E-11
3.64	  1.3452676E-11
3.65	  1.227887E-11
3.66	  1.12073805E-11
3.67	  1.0229299E-11
3.68	  9.336493E-12
3.69	  8.521535E-12
3.7	  7.777644E-12
3.71	  7.0986303E-12
3.72	  6.4788413E-12
3.73	  5.913117E-12
3.74	  5.396745E-12
3.75	  4.925426E-12
3.76	  4.4952323E-12
3.77	  4.102579E-12
3.78	  3.7441938E-12
3.79	  3.4170889E-12
3.8	  3.1185365E-12
3.81	  2.8460465E-12
3.82	  2.5973466E-12
3.83	  2.370361E-12
3.84	  2.163196E-12
3.85	  1.9741223E-12
3.86	  1.8015614E-12
3.87	  1.6440725E-12
3.88	  1.5003401E-12
3.89	  1.369164E-12
3.9	  1.2494479E-12
3.91	  1.1401918E-12
3.92	  1.0404822E-12
3.93	  9.494858E-13
3.94	  8.664419E-13
3.95	  7.9065595E-13
3.96	  7.2149415E-13
3.97	  6.58378E-13
3.98	  6.0077935E-13
3.99	  5.4821637E-13
4.0	  5.002491E-13


