
X-Axis: 5.0s SA (g)
Y-Axis: Annual Probabilitiy
Number of Data Sets: 5


DATASET #1

Name: UCERF3
Num Points: 401
Info: 

X, Y Data:
1.0E-4	0.05043615
1.0333392E-4	0.05043573
1.06779E-4	0.050435234
1.1033893E-4	0.050434656
1.14017545E-4	0.05043399
1.178188E-4	0.05043321
1.2174679E-4	0.05043231
1.2580573E-4	0.050431266
1.3E-4	0.050430063
1.334183E-4	0.05042898
1.369265E-4	0.05042777
1.4052694E-4	0.05042642
1.4422205E-4	0.050424915
1.4801433E-4	0.05042324
1.5190631E-4	0.050421372
1.5590065E-4	0.0504193
1.6E-4	0.050417
1.645257E-4	0.050414246
1.691794E-4	0.050411176
1.7396474E-4	0.050407756
1.7888544E-4	0.050403953
1.8394532E-4	0.05039972
1.8914833E-4	0.050395027
1.944985E-4	0.050389826
2.0E-4	0.050384067
2.0565712E-4	0.050377704
2.1147425E-4	0.05037068
2.1745593E-4	0.050362933
2.236068E-4	0.050354406
2.2993165E-4	0.05034503
2.364354E-4	0.050334733
2.4312311E-4	0.05032344
2.5E-4	0.050311074
2.5783465E-4	0.050296035
2.659148E-4	0.050279453
2.742482E-4	0.050261196
2.8284272E-4	0.05024113
2.917066E-4	0.05021911
3.0084825E-4	0.050194986
3.102764E-4	0.05016859
3.2E-4	0.050139755
3.290514E-4	0.050111447
3.383588E-4	0.05008087
3.4792948E-4	0.050047874
3.5777088E-4	0.050012324
3.6789064E-4	0.049974058
3.7829665E-4	0.04993293
3.88997E-4	0.04988877
4.0E-4	0.04984142
4.1131425E-4	0.049790706
4.229485E-4	0.04973646
4.3491187E-4	0.049678497
4.472136E-4	0.049616642
4.598633E-4	0.04955071
4.728708E-4	0.049480516
4.8624622E-4	0.04940587
5.0E-4	0.049326584
5.1465514E-4	0.049239375
5.2973983E-4	0.049146768
5.4526667E-4	0.04904855
5.612486E-4	0.04894451
5.77699E-4	0.048834436
5.946315E-4	0.048718117
6.120603E-4	0.048595347
6.3E-4	0.04846592
6.4807665E-4	0.048332535
6.6667196E-4	0.048192386
6.858008E-4	0.0480453
7.0547854E-4	0.0478911
7.257209E-4	0.047729615
7.465441E-4	0.047560688
7.6796475E-4	0.047384165
7.9E-4	0.047199897
8.136239E-4	0.046999596
8.379543E-4	0.046790604
8.630122E-4	0.04657279
8.8881946E-4	0.046346035
9.153984E-4	0.046110235
9.427722E-4	0.045865297
9.7096455E-4	0.045611147
0.001	0.045347717
0.0010293103	0.045080382
0.0010594797	0.04480406
0.0010905333	0.044518724
0.0011224973	0.044224378
0.001155398	0.04392104
0.001189263	0.043608733
0.0012241206	0.043287512
0.00126	0.04295744
0.0012961533	0.042625714
0.0013333439	0.042285662
0.0013716016	0.041937385
0.0014109571	0.041581005
0.0014514418	0.041216645
0.0014930882	0.040844455
0.0015359295	0.040464595
0.00158	0.040077236
0.0016272478	0.039666
0.0016759086	0.03924705
0.0017260244	0.038820628
0.0017776389	0.038386986
0.0018307968	0.037946388
0.0018855444	0.03749911
0.0019419291	0.03704544
0.002	0.036585685
0.0020575977	0.0361372
0.002116854	0.035683632
0.002177817	0.035225272
0.0022405356	0.034762423
0.0023050604	0.034295384
0.0023714434	0.033824462
0.0024397383	0.033349976
0.00251	0.03287224
0.0025833033	0.032384884
0.0026587474	0.031894844
0.0027363948	0.03140246
0.0028163097	0.030908072
0.0028985585	0.030412007
0.0029832094	0.029914604
0.0030703326	0.02941619
0.00316	0.028917097
0.0032524571	0.028416734
0.0033476194	0.027916335
0.003445566	0.027416214
0.0035463783	0.026916686
0.0036501405	0.026418053
0.0037569385	0.025920615
0.003866861	0.025424657
0.00398	0.024930468
0.004096165	0.024439503
0.0042157196	0.02395083
0.0043387646	0.023464708
0.0044654002	0.022981381
0.0045957323	0.022501087
0.0047298684	0.022024052
0.0048679197	0.021550495
0.00501	0.021080622
0.005156579	0.020613534
0.0053074467	0.020150537
0.005462728	0.019691814
0.0056225527	0.019237533
0.0057870536	0.018787857
0.005956367	0.018342936
0.0061306343	0.017902916
0.00631	0.017467927
0.006493865	0.017039806
0.0066830874	0.016616913
0.0068778237	0.01619936
0.007078234	0.015787242
0.0072844843	0.0153806545
0.0074967444	0.014979679
0.00771519	0.014584394
0.00794	0.014194868
0.008172275	0.013809684
0.008411343	0.013430427
0.008657407	0.013057149
0.008910668	0.012689897
0.009171338	0.01232871
0.009439633	0.011973626
0.009715778	0.011624673
0.01	0.011281879
0.010292081	0.010945775
0.010592694	0.010615846
0.010902087	0.010292104
0.011220517	0.009974559
0.011548247	0.009663211
0.011885551	0.009358062
0.012232705	0.009059109
0.01259	0.008766341
0.012957647	0.008479812
0.013336032	0.00819944
0.013725464	0.007925208
0.01412627	0.0076570916
0.014538779	0.007395067
0.014963334	0.007139105
0.015400288	0.0068891733
0.01585	0.006645237
0.016312422	0.006407468
0.016788337	0.0061756033
0.017278135	0.0059495973
0.017782224	0.0057294024
0.01830102	0.0055149673
0.01883495	0.0053062374
0.019384459	0.0051031564
0.01995	0.0049056644
0.020533005	0.004713389
0.021133045	0.004526592
0.021750621	0.004345204
0.022386245	0.004169156
0.023040446	0.0039983722
0.023713762	0.0038327777
0.024406755	0.0036722946
0.02512	0.0035168426
0.025853088	0.0033665386
0.02660757	0.0032210862
0.027384069	0.0030804006
0.02818323	0.0029443947
0.029005712	0.00281298
0.029852198	0.0026860668
0.030723387	0.0025635648
0.03162	0.002445382
0.032543603	0.0023313272
0.033494186	0.0022214132
0.034472536	0.002115546
0.03547946	0.0020136312
0.0365158	0.0019155741
0.03758241	0.0018212801
0.03868017	0.0017306544
0.03981	0.0016436024
0.040972695	0.0015600392
0.042169347	0.0014798609
0.04340095	0.001402974
0.044668525	0.0013292857
0.04597312	0.0012587039
0.047315817	0.0011911374
0.04869773	0.0011264958
0.05012	0.0010646896
0.0515838	0.0010056309
0.053090356	9.4923214E-4
0.05464091	8.95407E-4
0.05623675	8.440707E-4
0.0578792	7.951397E-4
0.059569612	7.485317E-4
0.0613094	7.041659E-4
0.0631	6.619628E-4
0.06494172	6.21869E-4
0.066837184	5.83781E-4
0.06878798	5.476238E-4
0.070795715	5.1332405E-4
0.072862044	4.8081006E-4
0.074988686	4.5001155E-4
0.077177405	4.2085987E-4
0.07943	3.9328798E-4
0.08174976	3.672152E-4
0.08413727	3.425947E-4
0.08659451	3.1936413E-4
0.08912351	2.974628E-4
0.09172637	2.768317E-4
0.09440525	2.5741343E-4
0.097162366	2.3915214E-4
0.1	2.2199375E-4
0.102919795	2.0588946E-4
0.10592484	1.9078417E-4
0.109017625	1.7662862E-4
0.112200715	1.6337515E-4
0.11547674	1.5097774E-4
0.11884842	1.3939191E-4
0.12231855	1.285748E-4
0.12589	1.1848507E-4
0.12956645	1.0908117E-4
0.13335027	1.0032684E-4
0.13724458	9.218531E-5
0.14125264	8.462128E-5
0.14537773	7.760092E-5
0.14962329	7.1091825E-5
0.15399285	6.5063025E-5
0.15849	5.9484926E-5
0.16311829	5.4329492E-5
0.16788174	4.956957E-5
0.17278428	4.517955E-5
0.17783	4.113508E-5
0.18302307	3.7413047E-5
0.18836778	3.3991524E-5
0.19386858	3.084975E-5
0.19953	2.7968095E-5
0.20535603	2.5328318E-5
0.21135218	2.2912564E-5
0.21752341	2.0704356E-5
0.22387484	1.8688199E-5
0.23041171	1.6849528E-5
0.23713945	1.51746835E-5
0.24406363	1.3650867E-5
0.25119	1.2266102E-5
0.25852492	1.1009124E-5
0.26607406	9.869588E-6
0.27384362	8.837769E-6
0.28184006	7.904618E-6
0.29007	7.0617293E-6
0.29854023	6.3013063E-6
0.30725783	5.616127E-6
0.31623	4.9995106E-6
0.32546407	4.445291E-6
0.33496782	3.9477736E-6
0.34474903	3.5017188E-6
0.3548159	3.1023073E-6
0.3651767	2.7451158E-6
0.37584007	2.4260878E-6
0.3868148	2.14151E-6
0.39811	1.8879883E-6
0.40973493	1.6624259E-6
0.42169935	1.4619975E-6
0.4340131	1.2841336E-6
0.44668642	1.1264995E-6
0.4597298	9.86977E-7
0.47315407	8.636472E-7
0.4869703	7.5477425E-7
0.50119	6.587905E-7
0.5158249	5.7428196E-7
0.5308872	4.9997584E-7
0.5463893	4.3472744E-7
0.5623441	3.7750928E-7
0.57876474	3.274003E-7
0.59566486	2.8357627E-7
0.61305845	2.4530047E-7
0.63096	2.1191575E-7
0.6493842	1.8283659E-7
0.6683464	1.5754203E-7
0.6878623	1.3556951E-7
0.7079481	1.165087E-7
0.72862035	9.99964E-8
0.7498962	8.571148E-8
0.7717934	7.33704E-8
0.79433	6.272335E-8
0.8175246	5.355041E-8
0.8413966	4.5658457E-8
0.86596555	3.8877925E-8
0.8912519	3.3060363E-8
0.9172767	2.8075956E-8
0.9440614	2.3811303E-8
0.97162825	2.0167525E-8
1.0	1.7058586E-8
1.029201	1.4409549E-8
1.0592546	1.2155659E-8
1.090186	1.0240622E-8
1.1220205	8.615737E-9
1.1547846	7.2389987E-9
1.1885055	6.0741083E-9
1.223211	5.0898827E-9
1.25893	4.259403E-9
1.2956905	3.5597143E-9
1.3335243	2.9709821E-9
1.3724631	2.4763218E-9
1.4125386	2.061271E-9
1.4537846	1.713491E-9
1.4962348	1.4224985E-9
1.5399245	1.179359E-9
1.58489	9.76481E-10
1.6311698	8.0742524E-10
1.678801	6.667691E-10
1.727823	5.498876E-10
1.7782766	4.5290616E-10
1.8302034	3.7253833E-10
1.8836465	3.060313E-10
1.9386501	2.5108027E-10
1.99526	2.0572499E-10
2.0535233	1.6834756E-10
2.113488	1.3758372E-10
2.1752036	1.1230039E-10
2.2387214	9.154821E-11
2.304094	7.453416E-11
2.3713756	6.0608074E-11
2.4406219	4.9225513E-11
2.51189	3.9923287E-11
2.5852382	3.2345904E-11
2.6607285	2.617162E-11
2.7384229	2.1150304E-11
2.818386	1.7070345E-11
2.900684	1.37619915E-11
2.9853854	1.1081136E-11
3.0725598	8.91176E-12
3.16228	7.1568307E-12
3.2546198	5.7414073E-12
3.3496559	4.598988E-12
3.447467	3.6813885E-12
3.5481343	2.9408698E-12
3.6517413	2.3470115E-12
3.7583735	1.871836E-12
3.8681195	1.4906965E-12
3.98107	1.1851631E-12
4.097319	9.413581E-13
4.2169633	7.461809E-13
4.340101	5.9119376E-13
4.466834	4.6562754E-13
4.5972676	3.6859404E-13
4.7315106	2.9143354E-13
4.869673	2.2859492E-13
5.01187	1.7807977E-13
5.1582193	1.3977708E-13
5.3088417	1.0846879E-13
5.463863	8.3710816E-14
5.62341	6.4837025E-14
5.7876167	5.0848215E-14
5.9566183	3.863576E-14
6.1305547	2.942091E-14
6.30957	2.1649349E-14
6.493813	1.6209256E-14
6.683436	1.2212453E-14
6.878596	9.436896E-15
7.079455	6.994405E-15
7.286179	5.107026E-15
7.4989395	3.5527137E-15
7.7179127	2.1094237E-15
7.94328	1.6653345E-15
8.175228	1.2212453E-15
8.41395	6.661338E-16
8.659641	5.551115E-16
8.912508	2.220446E-16
9.172758	1.110223E-16
9.440608	0.0
9.716279	0.0
10.0	0.0



DATASET #2

Name: RSQSim
Num Points: 401
Info: 

X, Y Data:
1.0E-4	0.059151687
1.0333392E-4	0.059151243
1.06779E-4	0.059150722
1.1033893E-4	0.059150115
1.14017545E-4	0.05914941
1.178188E-4	0.05914859
1.2174679E-4	0.059147645
1.2580573E-4	0.059146546
1.3E-4	0.059145283
1.334183E-4	0.059144143
1.369265E-4	0.059142873
1.4052694E-4	0.059141453
1.4422205E-4	0.05913987
1.4801433E-4	0.059138108
1.5190631E-4	0.05913615
1.5590065E-4	0.05913397
1.6E-4	0.05913155
1.645257E-4	0.05912866
1.691794E-4	0.05912543
1.7396474E-4	0.059121836
1.7888544E-4	0.05911783
1.8394532E-4	0.05911338
1.8914833E-4	0.05910844
1.944985E-4	0.059102964
2.0E-4	0.059096895
2.0565712E-4	0.05909019
2.1147425E-4	0.05908278
2.1745593E-4	0.059074607
2.236068E-4	0.0590656
2.2993165E-4	0.05905569
2.364354E-4	0.0590448
2.4312311E-4	0.05903285
2.5E-4	0.059019748
2.5783465E-4	0.059003804
2.659148E-4	0.058986202
2.742482E-4	0.0589668
2.8284272E-4	0.058945455
2.917066E-4	0.058921997
3.0084825E-4	0.05889626
3.102764E-4	0.05886806
3.2E-4	0.058837216
3.290514E-4	0.05880689
3.383588E-4	0.05877408
3.4792948E-4	0.058738627
3.5777088E-4	0.058700364
3.6789064E-4	0.058659118
3.7829665E-4	0.05861471
3.88997E-4	0.058566947
4.0E-4	0.058515638
4.1131425E-4	0.058460582
4.229485E-4	0.058401577
4.3491187E-4	0.05833841
4.472136E-4	0.058270864
4.598633E-4	0.05819872
4.728708E-4	0.058121745
4.8624622E-4	0.058039706
5.0E-4	0.057952378
5.1465514E-4	0.05785609
5.2973983E-4	0.057753596
5.4526667E-4	0.057644624
5.612486E-4	0.057528894
5.77699E-4	0.05740614
5.946315E-4	0.05727607
6.120603E-4	0.057138413
6.3E-4	0.056992892
6.4807665E-4	0.056842506
6.6667196E-4	0.056684054
6.858008E-4	0.05651728
7.0547854E-4	0.05634194
7.257209E-4	0.05615778
7.465441E-4	0.05596456
7.6796475E-4	0.05576205
7.9E-4	0.055550016
8.136239E-4	0.055318803
8.379543E-4	0.055076785
8.630122E-4	0.054823734
8.8881946E-4	0.054559432
9.153984E-4	0.05428368
9.427722E-4	0.05399629
9.7096455E-4	0.053697098
0.001	0.053385943
0.0010293103	0.05306913
0.0010594797	0.05274058
0.0010905333	0.0524002
0.0011224973	0.052047916
0.001155398	0.05168367
0.001189263	0.051307432
0.0012241206	0.05091919
0.00126	0.05051895
0.0012961533	0.050115418
0.0013333439	0.049700458
0.0013716016	0.049274143
0.0014109571	0.048836563
0.0014514418	0.048387825
0.0014930882	0.047928073
0.0015359295	0.04745745
0.00158	0.046976138
0.0016272478	0.046463665
0.0016759086	0.045940053
0.0017260244	0.045405585
0.0017776389	0.044860546
0.0018307968	0.044305265
0.0018855444	0.04374008
0.0019419291	0.043165356
0.002	0.04258148
0.0020575977	0.042010594
0.002116854	0.041431967
0.002177817	0.040846
0.0022405356	0.040253103
0.0023050604	0.039653704
0.0023714434	0.039048232
0.0024397383	0.038437147
0.00251	0.037820905
0.0025833033	0.037191328
0.0026587474	0.03655743
0.0027363948	0.03591972
0.0028163097	0.035278704
0.0028985585	0.034634907
0.0029832094	0.033988837
0.0030703326	0.03334102
0.00316	0.032691974
0.0032524571	0.032041032
0.0033476194	0.0313899
0.003445566	0.03073909
0.0035463783	0.030089112
0.0036501405	0.02944047
0.0037569385	0.02879366
0.003866861	0.02814917
0.00398	0.027507478
0.004096165	0.026870579
0.0042157196	0.026237378
0.0043387646	0.025608312
0.0044654002	0.024983805
0.0045957323	0.024364267
0.0047298684	0.023750093
0.0048679197	0.023141662
0.00501	0.022539338
0.005156579	0.021942064
0.0053074467	0.021351606
0.005462728	0.020768277
0.0056225527	0.020192377
0.0057870536	0.019624185
0.005956367	0.019063963
0.0061306343	0.018511951
0.00631	0.01796838
0.006493865	0.017435577
0.0066830874	0.016911538
0.0068778237	0.016396439
0.007078234	0.015890433
0.0072844843	0.015393655
0.0074967444	0.01490623
0.00771519	0.014428264
0.00794	0.013959847
0.008172275	0.013499287
0.008411343	0.013048488
0.008657407	0.012607495
0.008910668	0.012176342
0.009171338	0.011755049
0.009439633	0.011343622
0.009715778	0.010942054
0.01	0.010550326
0.010292081	0.010168988
0.010592694	0.00979739
0.010902087	0.009435479
0.011220517	0.009083195
0.011548247	0.008740465
0.011885551	0.008407211
0.012232705	0.008083343
0.01259	0.0077687628
0.012957647	0.007463433
0.013336032	0.0071671703
0.013725464	0.006879856
0.01412627	0.0066013644
0.014538779	0.006331564
0.014963334	0.006070318
0.015400288	0.0058174846
0.01585	0.005572917
0.016312422	0.005336673
0.016788337	0.005108375
0.017278135	0.004887866
0.017782224	0.0046749837
0.01830102	0.004469565
0.01883495	0.0042714453
0.019384459	0.004080456
0.01995	0.003896429
0.020533005	0.003718909
0.021133045	0.0035480314
0.021750621	0.0033836232
0.022386245	0.003225512
0.023040446	0.003073526
0.023713762	0.0029274938
0.024406755	0.0027872438
0.02512	0.0026526067
0.025853088	0.002523584
0.02660757	0.0023998255
0.027384069	0.0022811664
0.02818323	0.0021674451
0.029005712	0.0020585016
0.029852198	0.0019541783
0.030723387	0.0018543212
0.03162	0.0017587781
0.032543603	0.0016673214
0.033494186	0.0015798911
0.034472536	0.001496344
0.03547946	0.0014165407
0.0365158	0.0013403447
0.03758241	0.0012676229
0.03868017	0.0011982461
0.03981	0.0011320882
0.040972695	0.0010690338
0.042169347	0.0010089559
0.04340095	9.517393E-4
0.044668525	8.9727185E-4
0.04597312	8.45445E-4
0.047315817	7.9615356E-4
0.04869773	7.492955E-4
0.05012	7.047724E-4
0.0515838	6.62489E-4
0.053090356	6.223528E-4
0.05464091	5.842747E-4
0.05623675	5.4816843E-4
0.0578792	5.1395077E-4
0.059569612	4.815413E-4
0.0613094	4.5086237E-4
0.0631	4.2183895E-4
0.06494172	3.9441546E-4
0.066837184	3.6850333E-4
0.06878798	3.4403522E-4
0.070795715	3.2094613E-4
0.072862044	2.9917335E-4
0.074988686	2.7865637E-4
0.077177405	2.593368E-4
0.07943	2.4115837E-4
0.08174976	2.2405676E-4
0.08413727	2.0799079E-4
0.08659451	1.929099E-4
0.08912351	1.7876535E-4
0.09172637	1.6551018E-4
0.09440525	1.5309919E-4
0.097162366	1.4148884E-4
0.1	1.3063723E-4
0.102919795	1.2050646E-4
0.10592484	1.110551E-4
0.109017625	1.0224598E-4
0.112200715	9.4043404E-5
0.11547674	8.6413136E-5
0.11884842	7.932235E-5
0.12231855	7.2739604E-5
0.12589	6.663481E-5
0.12956645	6.0978135E-5
0.13335027	5.574331E-5
0.13724458	5.0904084E-5
0.14125264	4.643544E-5
0.14537773	4.2313553E-5
0.14962329	3.851575E-5
0.15399285	3.50205E-5
0.15849	3.180737E-5
0.16311829	2.8857101E-5
0.16788174	2.615122E-5
0.17278428	2.3672388E-5
0.17783	2.1404243E-5
0.18302307	1.9331346E-5
0.18836778	1.7439168E-5
0.19386858	1.5714042E-5
0.19953	1.4143136E-5
0.20535603	1.2714581E-5
0.21135218	1.1416918E-5
0.21752341	1.0239613E-5
0.22387484	9.172838E-6
0.23041171	8.2074275E-6
0.23713945	7.334851E-6
0.24406363	6.547181E-6
0.25119	5.8370592E-6
0.25852492	5.1976294E-6
0.26607406	4.622633E-6
0.27384362	4.106242E-6
0.28184006	3.643083E-6
0.29007	3.2282064E-6
0.29854023	2.8570628E-6
0.30725783	2.5254744E-6
0.31623	2.2296133E-6
0.32546407	1.9659776E-6
0.33496782	1.731364E-6
0.34474903	1.5228526E-6
0.3548159	1.3377836E-6
0.3651767	1.1737386E-6
0.37584007	1.0285218E-6
0.3868148	9.0014237E-7
0.39811	7.8679886E-7
0.40973493	6.868639E-7
0.42169935	5.988678E-7
0.4340131	5.214875E-7
0.44668642	4.53533E-7
0.4597298	3.9393575E-7
0.47315407	3.4173772E-7
0.4869703	2.9608128E-7
0.50119	2.5620005E-7
0.5158249	2.2141E-7
0.5308872	1.9110182E-7
0.5463893	1.6473341E-7
0.5623441	1.4182334E-7
0.57876474	1.2194464E-7
0.59566486	1.0471929E-7
0.61305845	8.981305E-8
0.63096	7.693096E-8
0.6493842	6.5813026E-8
0.6683464	5.6230455E-8
0.6878623	4.798224E-8
0.7079481	4.089203E-8
0.72862035	3.4805378E-8
0.7498962	2.9587206E-8
0.7717934	2.511953E-8
0.79433	2.1299508E-8
0.8175246	1.803759E-8
0.8413966	1.5255935E-8
0.86596555	1.2886959E-8
0.8912519	1.087213E-8
0.9172767	9.160762E-9
0.9440614	7.709078E-9
0.97162825	6.4792847E-9
1.0	5.4388316E-9
1.029201	4.5597126E-9
1.0592546	3.8179113E-9
1.090186	3.1927951E-9
1.1220205	2.6666958E-9
1.1547846	2.2245086E-9
1.1885055	1.8533426E-9
1.223211	1.542185E-9
1.25893	1.2816941E-9
1.2956905	1.0638882E-9
1.3335243	8.8200536E-10
1.3724631	7.302977E-10
1.4125386	6.03942E-10
1.4537846	4.9885573E-10
1.4962348	4.1155168E-10
1.5399245	3.3910785E-10
1.58489	2.7905733E-10
1.6311698	2.2937074E-10
1.678801	1.8830937E-10
1.727823	1.5440749E-10
1.7782766	1.2646195E-10
1.8302034	1.0344814E-10
1.8836465	8.452061E-11
1.9386501	6.89766E-11
1.99526	5.6225025E-11
2.0535233	4.577383E-11
2.113488	3.7225334E-11
2.1752036	3.0235148E-11
2.2387214	2.4529268E-11
2.304094	1.9875102E-11
2.3713756	1.6088464E-11
2.4406219	1.3006818E-11
2.51189	1.0503043E-11
2.5852382	8.473444E-12
2.6607285	6.825429E-12
2.7384229	5.4933835E-12
2.818386	4.414691E-12
2.900684	3.544498E-12
2.9853854	2.842615E-12
3.0725598	2.2788438E-12
3.16228	1.8229862E-12
3.2546198	1.458611E-12
3.3496559	1.1641799E-12
3.447467	9.282575E-13
3.5481343	7.3951956E-13
3.6517413	5.87308E-13
3.7583735	4.6873616E-13
3.8681195	3.6970427E-13
3.98107	2.912115E-13
4.097319	2.2981617E-13
4.2169633	1.8385293E-13
4.340101	1.4410695E-13
4.466834	1.13575815E-13
4.5972676	8.815171E-14
4.7315106	6.716849E-14
4.869673	5.306866E-14
5.01187	4.0634163E-14
5.1582193	3.0975222E-14
5.3088417	2.3758773E-14
5.463863	1.787459E-14
5.62341	1.3433699E-14
5.7876167	1.0547119E-14
5.9566183	8.104628E-15
6.1305547	6.217249E-15
6.30957	4.6629367E-15
6.493813	3.4416914E-15
6.683436	2.4424907E-15
6.878596	1.9984014E-15
7.079455	1.2212453E-15
7.286179	8.881784E-16
7.4989395	6.661338E-16
7.7179127	4.440892E-16
7.94328	4.440892E-16
8.175228	2.220446E-16
8.41395	2.220446E-16
8.659641	1.110223E-16
8.912508	1.110223E-16
9.172758	0.0
9.440608	0.0
9.716279	0.0
10.0	0.0



DATASET #3

Name: 1000yr
Num Points: 2
Info: 

X, Y Data:
0.001	0.001
10.0	0.001



DATASET #4

Name: 2500yr
Num Points: 2
Info: 

X, Y Data:
0.001	4.0E-4
10.0	4.0E-4



DATASET #5

Name: 10000yr
Num Points: 2
Info: 

X, Y Data:
0.001	1.0E-4
10.0	1.0E-4


