
X-Axis: 5.0s SA (g)
Y-Axis: Annual Probabilitiy
Number of Data Sets: 5


DATASET #1

Name: UCERF3
Num Points: 401
Info: 

X, Y Data:
1.0E-4	0.038789913
1.0333392E-4	0.038789432
1.06779E-4	0.038788874
1.1033893E-4	0.038788218
1.14017545E-4	0.038787458
1.178188E-4	0.03878657
1.2174679E-4	0.038785543
1.2580573E-4	0.038784355
1.3E-4	0.038782977
1.334183E-4	0.03878174
1.369265E-4	0.038780354
1.4052694E-4	0.038778808
1.4422205E-4	0.038777083
1.4801433E-4	0.038775157
1.5190631E-4	0.038773015
1.5590065E-4	0.038770635
1.6E-4	0.03876799
1.645257E-4	0.038764823
1.691794E-4	0.038761288
1.7396474E-4	0.038757347
1.7888544E-4	0.038752962
1.8394532E-4	0.03874808
1.8914833E-4	0.03874267
1.944985E-4	0.038736667
2.0E-4	0.03873002
2.0565712E-4	0.03872267
2.1147425E-4	0.038714558
2.1745593E-4	0.038705613
2.236068E-4	0.038695764
2.2993165E-4	0.038684934
2.364354E-4	0.038673043
2.4312311E-4	0.038660005
2.5E-4	0.038645726
2.5783465E-4	0.03862837
2.659148E-4	0.03860924
2.742482E-4	0.038588196
2.8284272E-4	0.038565077
2.917066E-4	0.038539726
3.0084825E-4	0.038511977
3.102764E-4	0.03848164
3.2E-4	0.038448546
3.290514E-4	0.038416088
3.383588E-4	0.03838107
3.4792948E-4	0.038343336
3.5777088E-4	0.038302734
3.6789064E-4	0.0382591
3.7829665E-4	0.038212277
3.88997E-4	0.03816209
4.0E-4	0.038108375
4.1131425E-4	0.03805096
4.229485E-4	0.03798967
4.3491187E-4	0.037924327
4.472136E-4	0.03785476
4.598633E-4	0.03778079
4.728708E-4	0.03770224
4.8624622E-4	0.037618935
5.0E-4	0.037530705
5.1465514E-4	0.037433945
5.2973983E-4	0.037331533
5.4526667E-4	0.03722328
5.612486E-4	0.03710901
5.77699E-4	0.036988556
5.946315E-4	0.036861755
6.120603E-4	0.03672845
6.3E-4	0.036588494
6.4807665E-4	0.03644486
6.6667196E-4	0.036294606
6.858008E-4	0.03613761
7.0547854E-4	0.035973784
7.257209E-4	0.035803035
7.465441E-4	0.035625294
7.6796475E-4	0.0354405
7.9E-4	0.035248604
8.136239E-4	0.035041142
8.379543E-4	0.03482592
8.630122E-4	0.034602936
8.8881946E-4	0.0343722
9.153984E-4	0.03413374
9.427722E-4	0.03388761
9.7096455E-4	0.033633873
0.001	0.033372615
0.0010293103	0.03310926
0.0010594797	0.032838885
0.0010905333	0.03256161
0.0011224973	0.03227759
0.001155398	0.031986974
0.001189263	0.031689934
0.0012241206	0.03138665
0.00126	0.031077333
0.0012961533	0.030768782
0.0013333439	0.030454846
0.0013716016	0.030135745
0.0014109571	0.029811703
0.0014514418	0.029482953
0.0014930882	0.02914974
0.0015359295	0.028812308
0.00158	0.028470913
0.0016272478	0.028111385
0.0016759086	0.027748132
0.0017260244	0.027381454
0.0017776389	0.02701165
0.0018307968	0.026639022
0.0018855444	0.026263874
0.0019419291	0.025886508
0.002	0.025507223
0.0020575977	0.025140218
0.002116854	0.024771973
0.002177817	0.024402747
0.0022405356	0.024032794
0.0023050604	0.023662364
0.0023714434	0.023291707
0.0024397383	0.022921057
0.00251	0.022550652
0.0025833033	0.022175584
0.0026587474	0.021801226
0.0027363948	0.021427803
0.0028163097	0.021055525
0.0028985585	0.020684598
0.0029832094	0.02031522
0.0030703326	0.01994758
0.00316	0.019581854
0.0032524571	0.019217554
0.0033476194	0.018855514
0.003445566	0.018495886
0.0035463783	0.018138818
0.0036501405	0.017784448
0.0037569385	0.017432904
0.003866861	0.017084308
0.00398	0.016738772
0.004096165	0.016397223
0.0042157196	0.01605892
0.0043387646	0.015723955
0.0044654002	0.015392406
0.0045957323	0.015064349
0.0047298684	0.014739854
0.0048679197	0.01441898
0.00501	0.014101785
0.005156579	0.013787577
0.0053074467	0.013477158
0.005462728	0.0131705655
0.0056225527	0.0128678335
0.0057870536	0.01256899
0.005956367	0.012274059
0.0061306343	0.011983058
0.00631	0.011696004
0.006493865	0.0114140315
0.0066830874	0.011135992
0.0068778237	0.010861891
0.007078234	0.01059173
0.0072844843	0.010325505
0.0074967444	0.010063216
0.00771519	0.009804855
0.00794	0.009550414
0.008172275	0.009298916
0.008411343	0.009051347
0.008657407	0.008807695
0.008910668	0.008567944
0.009171338	0.008332081
0.009439633	0.00810009
0.009715778	0.007871953
0.01	0.007647655
0.010292081	0.0074275136
0.010592694	0.0072111646
0.010902087	0.0069985907
0.011220517	0.0067897746
0.011548247	0.0065846993
0.011885551	0.006383348
0.012232705	0.0061857044
0.01259	0.0059917523
0.012957647	0.005801517
0.013336032	0.005614941
0.013725464	0.0054320083
0.01412627	0.005252704
0.014538779	0.0050770147
0.014963334	0.004904926
0.015400288	0.0047364235
0.01585	0.0045714946
0.016312422	0.0044102683
0.016788337	0.004252582
0.017278135	0.0040984214
0.017782224	0.0039477735
0.01830102	0.003800624
0.01883495	0.0036569582
0.019384459	0.0035167618
0.01995	0.0033800188
0.020533005	0.0032464978
0.021133045	0.003116408
0.021750621	0.0029897308
0.022386245	0.002866447
0.023040446	0.0027465357
0.023713762	0.0026299749
0.024406755	0.0025167407
0.02512	0.0024068088
0.025853088	0.0023002927
0.02660757	0.0021970149
0.027384069	0.0020969447
0.02818323	0.0020000504
0.029005712	0.0019062978
0.029852198	0.0018156512
0.030723387	0.0017280728
0.03162	0.0016435228
0.032543603	0.0015618888
0.033494186	0.0014832028
0.034472536	0.001407419
0.03547946	0.0013344896
0.0365158	0.001264365
0.03758241	0.0011969937
0.03868017	0.0011323228
0.03981	0.0010702973
0.040972695	0.0010108674
0.042169347	9.5396827E-4
0.04340095	8.995406E-4
0.044668525	8.47524E-4
0.04597312	7.978569E-4
0.047315817	7.504769E-4
0.04869773	7.053206E-4
0.05012	6.6232396E-4
0.0515838	6.2142254E-4
0.053090356	5.8255106E-4
0.05464091	5.4564414E-4
0.05623675	5.106363E-4
0.0578792	4.7746205E-4
0.059569612	4.4605602E-4
0.0613094	4.1635317E-4
0.0631	3.8828878E-4
0.06494172	3.61815E-4
0.066837184	3.3685027E-4
0.06878798	3.1333204E-4
0.070795715	2.911986E-4
0.072862044	2.7038937E-4
0.074988686	2.5084475E-4
0.077177405	2.325064E-4
0.07943	2.153172E-4
0.08174976	1.9921204E-4
0.08413727	1.8414723E-4
0.08659451	1.7006982E-4
0.08912351	1.5692845E-4
0.09172637	1.446733E-4
0.09440525	1.3325618E-4
0.097162366	1.2263058E-4
0.1	1.127516E-4
0.102919795	1.03578226E-4
0.10592484	9.50665E-5
0.109017625	8.717666E-5
0.112200715	7.987062E-5
0.11547674	7.311196E-5
0.11884842	6.6865934E-5
0.12231855	6.109941E-5
0.12589	5.5780885E-5
0.12956645	5.08795E-5
0.13335027	4.6367917E-5
0.13724458	4.2219235E-5
0.14125264	3.840801E-5
0.14537773	3.491022E-5
0.14962329	3.1703214E-5
0.15399285	2.876568E-5
0.15849	2.6077578E-5
0.16311829	2.36202E-5
0.16788174	2.1375798E-5
0.17278428	1.9327874E-5
0.17783	1.7461007E-5
0.18302307	1.5760805E-5
0.18836778	1.4213849E-5
0.19386858	1.2807654E-5
0.19953	1.1530608E-5
0.20535603	1.03720695E-5
0.21135218	9.321884E-6
0.21752341	8.3708E-6
0.22387484	7.510264E-6
0.23041171	6.732372E-6
0.23713945	6.029834E-6
0.24406363	5.3959325E-6
0.25119	4.8244856E-6
0.25852492	4.309778E-6
0.26607406	3.846632E-6
0.27384362	3.430262E-6
0.28184006	3.0562842E-6
0.29007	2.720689E-6
0.29854023	2.4198105E-6
0.30725783	2.1503038E-6
0.31623	1.9091176E-6
0.32546407	1.6934735E-6
0.33496782	1.5008425E-6
0.34474903	1.3289261E-6
0.3548159	1.1756375E-6
0.3651767	1.039084E-6
0.37584007	9.175511E-7
0.3868148	8.0948666E-7
0.39811	7.134874E-7
0.40973493	6.282874E-7
0.42169935	5.527422E-7
0.4340131	4.858208E-7
0.44668642	4.2659494E-7
0.4597298	3.7423007E-7
0.47315407	3.2797584E-7
0.4869703	2.871586E-7
0.50119	2.511746E-7
0.5158249	2.1948273E-7
0.5308872	1.9159846E-7
0.5463893	1.6708883E-7
0.5623441	1.4556703E-7
0.57876474	1.2668795E-7
0.59566486	1.1014408E-7
0.61305845	9.566144E-8
0.63096	8.299634E-8
0.6493842	7.193228E-8
0.6683464	6.227702E-8
0.6878623	5.3860187E-8
0.7079481	4.6530698E-8
0.72862035	4.0155054E-8
0.7498962	3.4615155E-8
0.7717934	2.980666E-8
0.79433	2.563769E-8
0.8175246	2.2027232E-8
0.8413966	1.8903904E-8
0.86596555	1.6205137E-8
0.8912519	1.38757965E-8
0.9172767	1.1867666E-8
0.9440614	1.0138448E-8
0.97162825	8.651147E-9
1.0	7.3733704E-9
1.029201	6.2769088E-9
1.0592546	5.3372102E-9
1.090186	4.5328177E-9
1.1220205	3.8450603E-9
1.1547846	3.25774E-9
1.1885055	2.7568006E-9
1.223211	2.330062E-9
1.25893	1.9669928E-9
1.2956905	1.658467E-9
1.3335243	1.3966145E-9
1.3724631	1.1746779E-9
1.4125386	9.867758E-10
1.4537846	8.2789464E-10
1.4962348	6.93715E-10
1.5399245	5.8057414E-10
1.58489	4.8525817E-10
1.6311698	4.050933E-10
1.678801	3.3772363E-10
1.727823	2.8122404E-10
1.7782766	2.3386448E-10
1.8302034	1.9422919E-10
1.8836465	1.6110391E-10
1.9386501	1.3346169E-10
1.99526	1.10412235E-10
2.0535233	9.1232355E-11
2.113488	7.527645E-11
2.1752036	6.202716E-11
2.2387214	5.1047166E-11
2.304094	4.1960213E-11
2.3713756	3.4445224E-11
2.4406219	2.8237412E-11
2.51189	2.3114732E-11
2.5852382	1.8900659E-11
2.6607285	1.5435764E-11
2.7384229	1.258782E-11
2.818386	1.0255574E-11
2.900684	8.339107E-12
2.9853854	6.7775785E-12
3.0725598	5.4942717E-12
3.16228	4.450884E-12
3.2546198	3.604339E-12
3.3496559	2.912115E-12
3.447467	2.3463453E-12
3.5481343	1.8900437E-12
3.6517413	1.5173418E-12
3.7583735	1.2135848E-12
3.8681195	9.734435E-13
3.98107	7.7493567E-13
4.097319	6.1350924E-13
4.2169633	4.853895E-13
4.340101	3.8291592E-13
4.466834	3.0297986E-13
4.5972676	2.349232E-13
4.7315106	1.8196555E-13
4.869673	1.4144241E-13
5.01187	1.08801856E-13
5.1582193	8.382184E-14
5.3088417	6.261658E-14
5.463863	4.7628568E-14
5.62341	3.563816E-14
5.7876167	2.5979219E-14
5.9566183	1.976197E-14
6.1305547	1.3211654E-14
6.30957	9.769963E-15
6.493813	6.7723605E-15
6.683436	5.3290705E-15
6.878596	4.107825E-15
7.079455	2.7755576E-15
7.286179	1.6653345E-15
7.4989395	1.2212453E-15
7.7179127	7.771561E-16
7.94328	3.330669E-16
8.175228	1.110223E-16
8.41395	0.0
8.659641	0.0
8.912508	0.0
9.172758	0.0
9.440608	0.0
9.716279	0.0
10.0	0.0



DATASET #2

Name: RSQSim
Num Points: 401
Info: 

X, Y Data:
1.0E-4	0.043191303
1.0333392E-4	0.043190733
1.06779E-4	0.043190066
1.1033893E-4	0.043189295
1.14017545E-4	0.0431884
1.178188E-4	0.043187365
1.2174679E-4	0.04318617
1.2580573E-4	0.043184794
1.3E-4	0.04318321
1.334183E-4	0.043181792
1.369265E-4	0.043180212
1.4052694E-4	0.043178454
1.4422205E-4	0.043176502
1.4801433E-4	0.043174334
1.5190631E-4	0.043171927
1.5590065E-4	0.043169264
1.6E-4	0.043166317
1.645257E-4	0.043162804
1.691794E-4	0.043158896
1.7396474E-4	0.04315456
1.7888544E-4	0.04314975
1.8394532E-4	0.043144427
1.8914833E-4	0.043138538
1.944985E-4	0.043132037
2.0E-4	0.043124866
2.0565712E-4	0.043116964
2.1147425E-4	0.043108277
2.1745593E-4	0.043098733
2.236068E-4	0.043088265
2.2993165E-4	0.043076795
2.364354E-4	0.043064244
2.4312311E-4	0.04305053
2.5E-4	0.043035563
2.5783465E-4	0.04301744
2.659148E-4	0.042997535
2.742482E-4	0.042975713
2.8284272E-4	0.042951826
2.917066E-4	0.04292572
3.0084825E-4	0.042897236
3.102764E-4	0.042866204
3.2E-4	0.04283245
3.290514E-4	0.042799443
3.383588E-4	0.042763922
3.4792948E-4	0.04272575
3.5777088E-4	0.042684775
3.6789064E-4	0.042640846
3.7829665E-4	0.042593807
3.88997E-4	0.042543508
4.0E-4	0.042489782
4.1131425E-4	0.04243247
4.229485E-4	0.042371403
4.3491187E-4	0.04230642
4.472136E-4	0.042237345
4.598633E-4	0.04216402
4.728708E-4	0.042086266
4.8624622E-4	0.042003915
5.0E-4	0.041916806
5.1465514E-4	0.041821383
5.2973983E-4	0.041720487
5.4526667E-4	0.041613936
5.612486E-4	0.041501552
5.77699E-4	0.041383162
5.946315E-4	0.041258592
6.120603E-4	0.04112768
6.3E-4	0.040990274
6.4807665E-4	0.040849272
6.6667196E-4	0.040701758
6.858008E-4	0.040547602
7.0547854E-4	0.040386688
7.257209E-4	0.040218897
7.465441E-4	0.040044133
7.6796475E-4	0.0398623
7.9E-4	0.039673317
8.136239E-4	0.03946879
8.379543E-4	0.03925636
8.630122E-4	0.03903597
8.8881946E-4	0.038807567
9.153984E-4	0.03857113
9.427722E-4	0.038326647
9.7096455E-4	0.03807411
0.001	0.037813533
0.0010293103	0.03755028
0.0010594797	0.03727937
0.0010905333	0.037000857
0.0011224973	0.036714807
0.001155398	0.036421303
0.001189263	0.036120437
0.0012241206	0.035812315
0.00126	0.03549706
0.0012961533	0.03518156
0.0013333439	0.034859482
0.0013716016	0.034530964
0.0014109571	0.03419617
0.0014514418	0.033855256
0.0014930882	0.0335084
0.0015359295	0.033155788
0.00158	0.03279761
0.0016272478	0.032418832
0.0016759086	0.032034464
0.0017260244	0.031644747
0.0017776389	0.031249922
0.0018307968	0.03085025
0.0018855444	0.030445987
0.0019419291	0.030037396
0.002	0.029624747
0.0020575977	0.029223543
0.002116854	0.028819067
0.002177817	0.028411565
0.0022405356	0.028001286
0.0023050604	0.027588475
0.0023714434	0.027173385
0.0024397383	0.02675626
0.00251	0.02633735
0.0025833033	0.02591105
0.0026587474	0.025483418
0.0027363948	0.025054708
0.0028163097	0.024625165
0.0028985585	0.02419504
0.0029832094	0.023764571
0.0030703326	0.023333997
0.00316	0.022903552
0.0032524571	0.022472683
0.0033476194	0.022042403
0.003445566	0.021612933
0.0035463783	0.02118449
0.0036501405	0.020757288
0.0037569385	0.020331534
0.003866861	0.019907432
0.00398	0.019485177
0.004096165	0.019065974
0.0042157196	0.01864899
0.0043387646	0.018234404
0.0044654002	0.017822392
0.0045957323	0.017413128
0.0047298684	0.017006777
0.0048679197	0.016603503
0.00501	0.016203461
0.005156579	0.01580587
0.0053074467	0.0154118305
0.005462728	0.015021489
0.0056225527	0.0146349855
0.0057870536	0.014252457
0.005956367	0.013874036
0.0061306343	0.013499852
0.00631	0.013130029
0.006493865	0.012766138
0.0066830874	0.012406808
0.0068778237	0.012052151
0.007078234	0.011702274
0.0072844843	0.0113572795
0.0074967444	0.0110172685
0.00771519	0.010682336
0.00794	0.010352573
0.008172275	0.010026817
0.008411343	0.009706445
0.008657407	0.009391537
0.008910668	0.009082167
0.009171338	0.008778409
0.009439633	0.008480329
0.009715778	0.008187987
0.01	0.007901441
0.010292081	0.00762117
0.010592694	0.0073467754
0.010902087	0.007078298
0.011220517	0.0068157734
0.011548247	0.0065592327
0.011885551	0.0063087004
0.012232705	0.0060641947
0.01259	0.005825729
0.012957647	0.0055933613
0.013336032	0.005367039
0.013725464	0.0051467572
0.01412627	0.0049325046
0.014538779	0.0047242646
0.014963334	0.004522013
0.015400288	0.0043257214
0.01585	0.0041353535
0.016312422	0.0039510317
0.016788337	0.0037725344
0.017278135	0.0035998092
0.017782224	0.003432797
0.01830102	0.0032714335
0.01883495	0.0031156489
0.019384459	0.0029653683
0.01995	0.002820512
0.020533005	0.002680772
0.021133045	0.002546299
0.021750621	0.0024169993
0.022386245	0.0022927744
0.023040446	0.0021735227
0.023713762	0.0020591388
0.024406755	0.0019495136
0.02512	0.0018445355
0.025853088	0.0017442225
0.02660757	0.0016483141
0.027384069	0.0015566923
0.02818323	0.0014692374
0.029005712	0.0013858282
0.029852198	0.0013063428
0.030723387	0.0012306583
0.03162	0.0011586514
0.032543603	0.0010901403
0.033494186	0.0010250662
0.034472536	9.6330646E-4
0.03547946	9.0473867E-4
0.0365158	8.492417E-4
0.03758241	7.966954E-4
0.03868017	7.469814E-4
0.03981	6.99983E-4
0.040972695	6.5559015E-4
0.042169347	6.136846E-4
0.04340095	5.7415606E-4
0.044668525	5.368964E-4
0.04597312	5.018003E-4
0.047315817	4.6876512E-4
0.04869773	4.3769093E-4
0.05012	4.084808E-4
0.0515838	3.8104094E-4
0.053090356	3.5528027E-4
0.05464091	3.3111108E-4
0.05623675	3.0844868E-4
0.0578792	2.8721162E-4
0.059569612	2.6732156E-4
0.0613094	2.4870344E-4
0.0631	2.3128522E-4
0.06494172	2.1500795E-4
0.066837184	1.9979464E-4
0.06878798	1.8558261E-4
0.070795715	1.7231221E-4
0.072862044	1.5992665E-4
0.074988686	1.4837204E-4
0.077177405	1.3759718E-4
0.07943	1.2755358E-4
0.08174976	1.18189906E-4
0.08413727	1.0946896E-4
0.08659451	1.0134969E-4
0.08912351	9.379338E-5
0.09172637	8.6763546E-5
0.09440525	8.022583E-5
0.097162366	7.414792E-5
0.1	6.849946E-5
0.102919795	6.325317E-5
0.10592484	5.8380876E-5
0.109017625	5.3857533E-5
0.112200715	4.9659648E-5
0.11547674	4.5765224E-5
0.11884842	4.215367E-5
0.12231855	3.880573E-5
0.12589	3.5703386E-5
0.12956645	3.2829263E-5
0.13335027	3.0168241E-5
0.13724458	2.7705608E-5
0.14125264	2.542762E-5
0.14537773	2.3321449E-5
0.14962329	2.1375106E-5
0.15399285	1.9577408E-5
0.15849	1.7917908E-5
0.16311829	1.638692E-5
0.16788174	1.4975271E-5
0.17278428	1.3674465E-5
0.17783	1.2476574E-5
0.18302307	1.1374198E-5
0.18836778	1.03604325E-5
0.19386858	9.428831E-6
0.19953	8.57338E-6
0.20535603	7.788559E-6
0.21135218	7.0690267E-6
0.21752341	6.4099017E-6
0.22387484	5.8066316E-6
0.23041171	5.2549726E-6
0.23713945	4.7509684E-6
0.24406363	4.290934E-6
0.25119	3.871437E-6
0.25852492	3.4892576E-6
0.26607406	3.1414513E-6
0.27384362	2.825253E-6
0.28184006	2.5380928E-6
0.29007	2.2775841E-6
0.29854023	2.0415123E-6
0.30725783	1.8278234E-6
0.31623	1.6346147E-6
0.32546407	1.4601259E-6
0.33496782	1.3027264E-6
0.34474903	1.1609112E-6
0.3548159	1.0332911E-6
0.3651767	9.185854E-7
0.37584007	8.1561444E-7
0.3868148	7.232932E-7
0.39811	6.4062493E-7
0.40973493	5.666951E-7
0.42169935	5.006649E-7
0.4340131	4.4176682E-7
0.44668642	3.8929946E-7
0.4597298	3.4262249E-7
0.47315407	3.0115223E-7
0.4869703	2.6435737E-7
0.50119	2.3175488E-7
0.5158249	2.0290639E-7
0.5308872	1.7741459E-7
0.5463893	1.5491993E-7
0.5623441	1.3509747E-7
0.57876474	1.17654054E-7
0.59566486	1.0232559E-7
0.61305845	8.887455E-8
0.63096	7.708761E-8
0.6493842	6.677351E-8
0.6683464	5.7760978E-8
0.6878623	4.989697E-8
0.7079481	4.3044913E-8
0.72862035	3.7083126E-8
0.7498962	3.1903358E-8
0.7717934	2.7409513E-8
0.79433	2.3516362E-8
0.8175246	2.0148478E-8
0.8413966	1.7239193E-8
0.86596555	1.472969E-8
0.8912519	1.2568166E-8
0.9172767	1.0709067E-8
0.9440614	9.1123935E-9
0.97162825	7.7430915E-9
1.0	6.570489E-9
1.029201	5.5677574E-9
1.0592546	4.711559E-9
1.090186	3.981544E-9
1.1220205	3.3600065E-9
1.1547846	2.8315887E-9
1.1885055	2.3829791E-9
1.223211	2.0027087E-9
1.25893	1.6808316E-9
1.2956905	1.4087523E-9
1.3335243	1.1790975E-9
1.3724631	9.855307E-10
1.4125386	8.2263407E-10
1.4537846	6.8573114E-10
1.4962348	5.708436E-10
1.5399245	4.7455795E-10
1.58489	3.9398884E-10
1.6311698	3.2665692E-10
1.678801	2.704733E-10
1.727823	2.2364832E-10
1.7782766	1.8468149E-10
1.8302034	1.5231738E-10
1.8836465	1.2546242E-10
1.9386501	1.0319823E-10
1.99526	8.4747764E-11
2.0535233	6.951251E-11
2.113488	5.695089E-11
2.1752036	4.66005E-11
2.2387214	3.808287E-11
2.304094	3.108347E-11
2.3713756	2.5336955E-11
2.4406219	2.062861E-11
2.51189	1.6771584E-11
2.5852382	1.3620438E-11
2.6607285	1.1046608E-11
2.7384229	8.94973E-12
2.818386	7.2407635E-12
2.900684	5.8506533E-12
2.9853854	4.7218895E-12
3.0725598	3.8066217E-12
3.16228	3.0647707E-12
3.2546198	2.464473E-12
3.3496559	1.9799717E-12
3.447467	1.5885071E-12
3.5481343	1.2729817E-12
3.6517413	1.0194068E-12
3.7583735	8.154588E-13
3.8681195	6.501466E-13
3.98107	5.191403E-13
4.097319	4.1389114E-13
4.2169633	3.2929215E-13
4.340101	2.6201263E-13
4.466834	2.076117E-13
4.5972676	1.6553425E-13
4.7315106	1.3056223E-13
4.869673	1.03361764E-13
5.01187	8.193446E-14
5.1582193	6.5281114E-14
5.3088417	5.107026E-14
5.463863	4.0190073E-14
5.62341	3.1530334E-14
5.7876167	2.4980018E-14
5.9566183	1.9650948E-14
6.1305547	1.5654145E-14
6.30957	1.1990409E-14
6.493813	9.769963E-15
6.683436	7.21645E-15
6.878596	5.551115E-15
7.079455	3.5527137E-15
7.286179	2.3314684E-15
7.4989395	1.4432899E-15
7.7179127	1.2212453E-15
7.94328	9.992007E-16
8.175228	5.551115E-16
8.41395	4.440892E-16
8.659641	2.220446E-16
8.912508	1.110223E-16
9.172758	1.110223E-16
9.440608	1.110223E-16
9.716279	1.110223E-16
10.0	1.110223E-16



DATASET #3

Name: 1000yr
Num Points: 2
Info: 

X, Y Data:
0.001	0.001
10.0	0.001



DATASET #4

Name: 2500yr
Num Points: 2
Info: 

X, Y Data:
0.001	4.0E-4
10.0	4.0E-4



DATASET #5

Name: 10000yr
Num Points: 2
Info: 

X, Y Data:
0.001	1.0E-4
10.0	1.0E-4


