
X-Axis: 5.0s SA (g)
Y-Axis: Annual Probabilitiy
Number of Data Sets: 5


DATASET #1

Name: UCERF3
Num Points: 401
Info: 

X, Y Data:
1.0E-4	0.060983635
1.0333392E-4	0.060982753
1.06779E-4	0.060981728
1.1033893E-4	0.06098054
1.14017545E-4	0.06097916
1.178188E-4	0.060977567
1.2174679E-4	0.06097573
1.2580573E-4	0.060973614
1.3E-4	0.06097118
1.334183E-4	0.060969003
1.369265E-4	0.060966577
1.4052694E-4	0.06096388
1.4422205E-4	0.06096088
1.4801433E-4	0.060957555
1.5190631E-4	0.06095387
1.5590065E-4	0.060949787
1.6E-4	0.060945272
1.645257E-4	0.060939897
1.691794E-4	0.060933918
1.7396474E-4	0.060927287
1.7888544E-4	0.060919937
1.8394532E-4	0.060911804
1.8914833E-4	0.060902815
1.944985E-4	0.06089289
2.0E-4	0.060881957
2.0565712E-4	0.060869917
2.1147425E-4	0.06085668
2.1745593E-4	0.060842153
2.236068E-4	0.060826223
2.2993165E-4	0.06080878
2.364354E-4	0.06078971
2.4312311E-4	0.060768887
2.5E-4	0.060746174
2.5783465E-4	0.06071869
2.659148E-4	0.060688525
2.742482E-4	0.060655486
2.8284272E-4	0.06061935
2.917066E-4	0.06057989
3.0084825E-4	0.06053687
3.102764E-4	0.060490042
3.2E-4	0.06043915
3.290514E-4	0.060389433
3.383588E-4	0.06033598
3.4792948E-4	0.06027858
3.5777088E-4	0.060217023
3.6789064E-4	0.06015109
3.7829665E-4	0.06008056
3.88997E-4	0.060005214
4.0E-4	0.059924815
4.1131425E-4	0.059839137
4.229485E-4	0.059747946
4.3491187E-4	0.05965101
4.472136E-4	0.059548095
4.598633E-4	0.05943896
4.728708E-4	0.059323378
4.8624622E-4	0.059201114
5.0E-4	0.059071943
5.1465514E-4	0.058930628
5.2973983E-4	0.058781415
5.4526667E-4	0.058624063
5.612486E-4	0.058458336
5.77699E-4	0.058284007
5.946315E-4	0.05810086
6.120603E-4	0.0579087
6.3E-4	0.057707317
6.4807665E-4	0.05750101
6.6667196E-4	0.057285532
6.858008E-4	0.057060737
7.0547854E-4	0.056826495
7.257209E-4	0.05658268
7.465441E-4	0.0563292
7.6796475E-4	0.05606596
7.9E-4	0.055792894
8.136239E-4	0.05549797
8.379543E-4	0.055192288
8.630122E-4	0.054875832
8.8881946E-4	0.0545486
9.153984E-4	0.054210614
9.427722E-4	0.053861924
9.7096455E-4	0.053502597
0.001	0.053132724
0.0010293103	0.052759957
0.0010594797	0.05237728
0.0010905333	0.051984843
0.0011224973	0.05158281
0.001155398	0.051171362
0.001189263	0.0507507
0.0012241206	0.050321043
0.00126	0.049882628
0.0012961533	0.049445067
0.0013333439	0.048999596
0.0013716016	0.048546482
0.0014109571	0.048085995
0.0014514418	0.04761843
0.0014930882	0.047144078
0.0015359295	0.046663247
0.00158	0.04617626
0.0016272478	0.04566282
0.0016759086	0.04514342
0.0017260244	0.044618446
0.0017776389	0.04408828
0.0018307968	0.043553315
0.0018855444	0.043013945
0.0019419291	0.042470563
0.002	0.041923575
0.0020575977	0.041393463
0.002116854	0.040860727
0.002177817	0.04032572
0.0022405356	0.039788786
0.0023050604	0.039250284
0.0023714434	0.038710553
0.0024397383	0.03816993
0.00251	0.037628762
0.0025833033	0.03707986
0.0026587474	0.036531065
0.0027363948	0.035982713
0.0028163097	0.035435133
0.0028985585	0.034888636
0.0029832094	0.034343537
0.0030703326	0.03380013
0.00316	0.033258714
0.0032524571	0.032718584
0.0033476194	0.032181013
0.003445566	0.031646267
0.0035463783	0.031114599
0.0036501405	0.030586261
0.0037569385	0.03006149
0.003866861	0.029540516
0.00398	0.029023558
0.004096165	0.028512053
0.0042157196	0.028004952
0.0043387646	0.02750244
0.0044654002	0.027004695
0.0045957323	0.026511887
0.0047298684	0.026024174
0.0048679197	0.025541702
0.00501	0.025064614
0.005156579	0.024591925
0.0053074467	0.02412489
0.005462728	0.023663623
0.0056225527	0.023208223
0.0057870536	0.02275878
0.005956367	0.022315374
0.0061306343	0.021878077
0.00631	0.021446953
0.006493865	0.021023735
0.0066830874	0.020606738
0.0068778237	0.02019599
0.007078234	0.019791521
0.0072844843	0.019393343
0.0074967444	0.01900147
0.00771519	0.018615901
0.00794	0.018236628
0.008172275	0.017862197
0.008411343	0.017494075
0.008657407	0.017132236
0.008910668	0.01677664
0.009171338	0.016427247
0.009439633	0.016084008
0.009715778	0.015746871
0.01	0.015415778
0.010292081	0.0150911575
0.010592694	0.01477243
0.010902087	0.014459523
0.011220517	0.014152361
0.011548247	0.013850866
0.011885551	0.013554955
0.012232705	0.013264543
0.01259	0.012979545
0.012957647	0.012699933
0.013336032	0.012425553
0.013725464	0.012156314
0.01412627	0.011892124
0.014538779	0.01163289
0.014963334	0.01137852
0.015400288	0.011128921
0.01585	0.010883998
0.016312422	0.010643875
0.016788337	0.010408238
0.017278135	0.010176993
0.017782224	0.009950053
0.01830102	0.009727329
0.01883495	0.009508731
0.019384459	0.009294174
0.01995	0.009083572
0.020533005	0.008876506
0.021133045	0.008673242
0.021750621	0.008473697
0.022386245	0.008277791
0.023040446	0.0080854455
0.023713762	0.007896584
0.024406755	0.007711132
0.02512	0.007529014
0.025853088	0.0073503964
0.02660757	0.0071749617
0.027384069	0.0070026414
0.02818323	0.0068333675
0.029005712	0.0066670747
0.029852198	0.006503699
0.030723387	0.006343177
0.03162	0.0061854483
0.032543603	0.006030318
0.033494186	0.0058778683
0.034472536	0.005728043
0.03547946	0.005580788
0.0365158	0.0054360507
0.03758241	0.0052937805
0.03868017	0.005153928
0.03981	0.005016447
0.040972695	0.0048813075
0.042169347	0.004748451
0.04340095	0.0046178373
0.044668525	0.004489427
0.04597312	0.004363184
0.047315817	0.0042390744
0.04869773	0.004117067
0.05012	0.003997131
0.0515838	0.0038792402
0.053090356	0.0037633693
0.05464091	0.0036494953
0.05623675	0.0035375976
0.0578792	0.0034276582
0.059569612	0.0033196611
0.0613094	0.003213592
0.0631	0.0031094393
0.06494172	0.0030072564
0.066837184	0.0029069695
0.06878798	0.002808572
0.070795715	0.0027120588
0.072862044	0.0026174271
0.074988686	0.0025246744
0.077177405	0.0024338
0.07943	0.0023448041
0.08174976	0.0022576356
0.08413727	0.0021723504
0.08659451	0.0020889505
0.08912351	0.0020074386
0.09172637	0.0019278167
0.09440525	0.0018500873
0.097162366	0.0017742529
0.1	0.0017003147
0.102919795	0.0016282912
0.10592484	0.0015581646
0.109017625	0.0014899342
0.112200715	0.001423598
0.11547674	0.0013591533
0.11884842	0.0012965956
0.12231855	0.0012359191
0.12589	0.0011771163
0.12956645	0.0011201672
0.13335027	0.0010650728
0.13724458	0.0010118203
0.14125264	9.6039503E-4
0.14537773	9.107808E-4
0.14962329	8.6295925E-4
0.15399285	8.169101E-4
0.15849	7.726113E-4
0.16311829	7.300406E-4
0.16788174	6.8917027E-4
0.17278428	6.499727E-4
0.17783	6.1241863E-4
0.18302307	5.7647703E-4
0.18836778	5.4211536E-4
0.19386858	5.092997E-4
0.19953	4.7799468E-4
0.20535603	4.481672E-4
0.21135218	4.1977564E-4
0.21752341	3.9278125E-4
0.22387484	3.6714436E-4
0.23041171	3.4282455E-4
0.23713945	3.1978072E-4
0.24406363	2.9797133E-4
0.25119	2.7735438E-4
0.25852492	2.5788642E-4
0.26607406	2.3952645E-4
0.27384362	2.2223209E-4
0.28184006	2.0596109E-4
0.29007	1.9067137E-4
0.29854023	1.7632126E-4
0.30725783	1.6286947E-4
0.31623	1.5027527E-4
0.32546407	1.3849862E-4
0.33496782	1.2750007E-4
0.34474903	1.17241E-4
0.3548159	1.076837E-4
0.3651767	9.879137E-5
0.37584007	9.052822E-5
0.3868148	8.285948E-5
0.39811	7.575146E-5
0.40973493	6.917164E-5
0.42169935	6.308856E-5
0.4340131	5.7471978E-5
0.44668642	5.229283E-5
0.4597298	4.7523255E-5
0.47315407	4.313659E-5
0.4869703	3.910738E-5
0.50119	3.5411354E-5
0.5158249	3.2025426E-5
0.5308872	2.8927676E-5
0.5463893	2.6097341E-5
0.5623441	2.3514773E-5
0.57876474	2.1161428E-5
0.59566486	1.901983E-5
0.61305845	1.7073542E-5
0.63096	1.5307134E-5
0.6493842	1.3706147E-5
0.6683464	1.2257052E-5
0.6878623	1.0947218E-5
0.7079481	9.764872E-6
0.72862035	8.699063E-6
0.7498962	7.739619E-6
0.7717934	6.877109E-6
0.79433	6.1028077E-6
0.8175246	5.4086513E-6
0.8413966	4.787205E-6
0.86596555	4.2316233E-6
0.8912519	3.7356149E-6
0.9172767	3.2934086E-6
0.9440614	2.8997183E-6
0.97162825	2.5497118E-6
1.0	2.2389777E-6
1.029201	1.9634904E-6
1.0592546	1.7196022E-6
1.090186	1.5039932E-6
1.1220205	1.3136539E-6
1.1547846	1.1458606E-6
1.1885055	9.981524E-7
1.223211	8.683102E-7
1.25893	7.543356E-7
1.2956905	6.5443584E-7
1.3335243	5.6699423E-7
1.3724631	4.905669E-7
1.4125386	4.2386202E-7
1.4537846	3.6572644E-7
1.4962348	3.1513244E-7
1.5399245	2.7116482E-7
1.58489	2.3301088E-7
1.6311698	1.9994889E-7
1.678801	1.7134165E-7
1.727823	1.4662467E-7
1.7782766	1.252998E-7
1.8302034	1.069284E-7
1.8836465	9.112419E-8
1.9386501	7.754827E-8
1.99526	6.590344E-8
2.0535233	5.592946E-8
2.113488	4.7399052E-8
2.1752036	4.011391E-8
2.2387214	3.390139E-8
2.304094	2.8611174E-8
2.3713756	2.4112907E-8
2.4406219	2.0293696E-8
2.51189	1.7055699E-8
2.5852382	1.4314488E-8
2.6607285	1.1997191E-8
2.7384229	1.0041116E-8
2.818386	8.392317E-9
2.900684	7.0045783E-9
2.9853854	5.83824E-9
3.0725598	4.859411E-9
3.16228	4.0391157E-9
3.2546198	3.352679E-9
3.3496559	2.779069E-9
3.447467	2.3004523E-9
3.5481343	1.9016557E-9
3.6517413	1.5698639E-9
3.7583735	1.2941881E-9
3.8681195	1.0654805E-9
3.98107	8.760067E-10
4.097319	7.1926165E-10
4.2169633	5.897579E-10
4.340101	4.829127E-10
4.466834	3.9490855E-10
4.5972676	3.224928E-10
4.7315106	2.6300928E-10
4.869673	2.1421209E-10
5.01187	1.7422874E-10
5.1582193	1.415349E-10
5.3088417	1.14791954E-10
5.463863	9.299095E-11
5.62341	7.520906E-11
5.7876167	6.074752E-11
5.9566183	4.8992033E-11
6.1305547	3.9458437E-11
6.30957	3.1734948E-11
6.493813	2.5472735E-11
6.683436	2.0406787E-11
6.878596	1.6331936E-11
7.079455	1.3029244E-11
7.286179	1.0388468E-11
7.4989395	8.261614E-12
7.7179127	6.556089E-12
7.94328	5.193068E-12
8.175228	4.106493E-12
8.41395	3.2325254E-12
8.659641	2.5317526E-12
8.912508	1.981304E-12
9.172758	1.5495383E-12
9.440608	1.2039258E-12
9.716279	9.294787E-13
10.0	7.1309625E-13



DATASET #2

Name: RSQSim
Num Points: 401
Info: 

X, Y Data:
1.0E-4	0.060317386
1.0333392E-4	0.06031697
1.06779E-4	0.06031648
1.1033893E-4	0.060315914
1.14017545E-4	0.060315255
1.178188E-4	0.060314484
1.2174679E-4	0.06031359
1.2580573E-4	0.060312554
1.3E-4	0.06031136
1.334183E-4	0.060310278
1.369265E-4	0.060309075
1.4052694E-4	0.060307723
1.4422205E-4	0.060306218
1.4801433E-4	0.060304537
1.5190631E-4	0.060302664
1.5590065E-4	0.06030058
1.6E-4	0.06029826
1.645257E-4	0.060295485
1.691794E-4	0.06029238
1.7396474E-4	0.060288917
1.7888544E-4	0.06028505
1.8394532E-4	0.06028075
1.8914833E-4	0.060275964
1.944985E-4	0.060270652
2.0E-4	0.06026476
2.0565712E-4	0.060258232
2.1147425E-4	0.06025101
2.1745593E-4	0.060243025
2.236068E-4	0.06023422
2.2993165E-4	0.06022451
2.364354E-4	0.060213827
2.4312311E-4	0.060202084
2.5E-4	0.060189188
2.5783465E-4	0.060173467
2.659148E-4	0.060156085
2.742482E-4	0.0601369
2.8284272E-4	0.06011575
2.917066E-4	0.060092475
3.0084825E-4	0.060066897
3.102764E-4	0.06003884
3.2E-4	0.060008094
3.290514E-4	0.059977826
3.383588E-4	0.059945043
3.4792948E-4	0.05990958
3.5777088E-4	0.059871256
3.6789064E-4	0.0598299
3.7829665E-4	0.05978532
3.88997E-4	0.05973733
4.0E-4	0.059685722
4.1131425E-4	0.059630297
4.229485E-4	0.05957084
4.3491187E-4	0.059507135
4.472136E-4	0.05943896
4.598633E-4	0.059366085
4.728708E-4	0.05928828
4.8624622E-4	0.059205305
5.0E-4	0.059116922
5.1465514E-4	0.05901942
5.2973983E-4	0.05891558
5.4526667E-4	0.058805127
5.612486E-4	0.05868778
5.77699E-4	0.058563262
5.946315E-4	0.058431298
6.120603E-4	0.058291603
6.3E-4	0.058143906
6.4807665E-4	0.057991255
6.6667196E-4	0.057830416
6.858008E-4	0.057661135
7.0547854E-4	0.057483174
7.257209E-4	0.057296295
7.465441E-4	0.057100262
7.6796475E-4	0.056894857
7.9E-4	0.056679867
8.136239E-4	0.056445524
8.379543E-4	0.056200344
8.630122E-4	0.055944126
8.8881946E-4	0.055676676
9.153984E-4	0.055397827
9.427722E-4	0.05510742
9.7096455E-4	0.054805316
0.001	0.0544914
0.0010293103	0.054172065
0.0010594797	0.05384121
0.0010905333	0.05349878
0.0011224973	0.053144746
0.001155398	0.052779093
0.001189263	0.052401837
0.0012241206	0.052013014
0.00126	0.05161267
0.0012961533	0.05120956
0.0013333439	0.050795585
0.0013716016	0.050370857
0.0014109571	0.04993552
0.0014514418	0.04948973
0.0014930882	0.049033675
0.0015359295	0.04856756
0.00158	0.04809161
0.0016272478	0.04758568
0.0016759086	0.047069654
0.0017260244	0.046543855
0.0017776389	0.046008635
0.0018307968	0.045464367
0.0018855444	0.044911444
0.0019419291	0.04435028
0.002	0.043781314
0.0020575977	0.043226115
0.002116854	0.042664513
0.002177817	0.042096943
0.0022405356	0.041523855
0.0023050604	0.040945712
0.0023714434	0.040362984
0.0024397383	0.03977615
0.00251	0.039185703
0.0025833033	0.038583875
0.0026587474	0.03797937
0.0027363948	0.037372712
0.0028163097	0.036764435
0.0028985585	0.036155075
0.0029832094	0.035545163
0.0030703326	0.03493523
0.00316	0.034325805
0.0032524571	0.03371631
0.0033476194	0.03310838
0.003445566	0.03250253
0.0035463783	0.03189926
0.0036501405	0.031299077
0.0037569385	0.030702464
0.003866861	0.030109892
0.00398	0.029521823
0.004096165	0.028940096
0.0042157196	0.028363718
0.0043387646	0.027793093
0.0044654002	0.027228612
0.0045957323	0.026670648
0.0047298684	0.026119549
0.0048679197	0.025575647
0.00501	0.025039252
0.005156579	0.024509408
0.0053074467	0.023987662
0.005462728	0.02347426
0.0056225527	0.022969423
0.0057870536	0.02247335
0.005956367	0.021986216
0.0061306343	0.021508176
0.00631	0.021039356
0.006493865	0.020581681
0.0066830874	0.02013334
0.0068778237	0.019694395
0.007078234	0.019264884
0.0072844843	0.018844822
0.0074967444	0.01843421
0.00771519	0.01803302
0.00794	0.017641213
0.008172275	0.017257256
0.008411343	0.016882611
0.008657407	0.016517181
0.008910668	0.016160851
0.009171338	0.015813494
0.009439633	0.015474963
0.009715778	0.0151451
0.01	0.014823735
0.010292081	0.014511159
0.010592694	0.014206679
0.010902087	0.013910094
0.011220517	0.013621193
0.011548247	0.013339757
0.011885551	0.01306556
0.012232705	0.01279837
0.01259	0.0125379525
0.012957647	0.012284122
0.013336032	0.012036579
0.013725464	0.011795076
0.01412627	0.011559368
0.014538779	0.01132921
0.014963334	0.011104356
0.015400288	0.01088456
0.01585	0.010669581
0.016312422	0.010459367
0.016788337	0.010253487
0.017278135	0.0100517105
0.017782224	0.009853812
0.01830102	0.009659571
0.01883495	0.009468772
0.019384459	0.00928121
0.01995	0.009096681
0.020533005	0.008914702
0.021133045	0.0087353885
0.021750621	0.008558564
0.022386245	0.008384062
0.023040446	0.008211722
0.023713762	0.008041395
0.024406755	0.007872942
0.02512	0.0077062338
0.025853088	0.007541372
0.02660757	0.0073780236
0.027384069	0.00721609
0.02818323	0.0070554838
0.029005712	0.0068961275
0.029852198	0.0067379554
0.030723387	0.006580911
0.03162	0.0064249476
0.032543603	0.006269894
0.033494186	0.0061158612
0.034472536	0.0059628338
0.03547946	0.0058108037
0.0365158	0.0056597735
0.03758241	0.0055097546
0.03868017	0.0053607654
0.03981	0.005212834
0.040972695	0.0050660116
0.042169347	0.0049203234
0.04340095	0.004775817
0.044668525	0.004632548
0.04597312	0.0044905753
0.047315817	0.0043499647
0.04869773	0.004210784
0.05012	0.0040731067
0.0515838	0.0039370093
0.053090356	0.0038025694
0.05464091	0.0036698666
0.05623675	0.0035389827
0.0578792	0.003409999
0.059569612	0.0032829975
0.0613094	0.0031580594
0.0631	0.0030352646
0.06494172	0.0029147663
0.066837184	0.0027965624
0.06878798	0.0026807252
0.070795715	0.0025673243
0.072862044	0.0024564252
0.074988686	0.0023480896
0.077177405	0.0022423738
0.07943	0.00213933
0.08174976	0.002038945
0.08413727	0.0019413228
0.08659451	0.0018464987
0.08912351	0.0017545021
0.09172637	0.0016653561
0.09440525	0.0015790778
0.097162366	0.0014956782
0.1	0.0014151616
0.102919795	0.0013375449
0.10592484	0.0012628003
0.109017625	0.0011909142
0.112200715	0.0011218664
0.11547674	0.0010556318
0.11884842	9.92179E-4
0.12231855	9.314721E-4
0.12589	8.7346946E-4
0.12956645	8.181147E-4
0.13335027	7.653688E-4
0.13724458	7.151771E-4
0.14125264	6.674813E-4
0.14537773	6.222195E-4
0.14962329	5.7932694E-4
0.15399285	5.387359E-4
0.15849	5.003765E-4
0.16311829	4.641783E-4
0.16788174	4.300661E-4
0.17278428	3.9796508E-4
0.17783	3.6779942E-4
0.18302307	3.3949275E-4
0.18836778	3.1296842E-4
0.19386858	2.8814978E-4
0.19953	2.6496046E-4
0.20535603	2.4332726E-4
0.21135218	2.2317236E-4
0.21752341	2.0442193E-4
0.22387484	1.8700339E-4
0.23041171	1.708457E-4
0.23713945	1.5587943E-4
0.24406363	1.4203701E-4
0.25119	1.292528E-4
0.25852492	1.1746249E-4
0.26607406	1.0660554E-4
0.27384362	9.662281E-5
0.28184006	8.745746E-5
0.29007	7.9055004E-5
0.29854023	7.136336E-5
0.30725783	6.4332846E-5
0.31623	5.7916197E-5
0.32546407	5.206856E-5
0.33496782	4.6747395E-5
0.34474903	4.1912524E-5
0.3548159	3.7526082E-5
0.3651767	3.3552435E-5
0.37584007	2.9958128E-5
0.3868148	2.671183E-5
0.39811	2.3784254E-5
0.40973493	2.1148098E-5
0.42169935	1.8777908E-5
0.4340131	1.6650065E-5
0.44668642	1.4742673E-5
0.4597298	1.3035474E-5
0.47315407	1.1509768E-5
0.4869703	1.0148324E-5
0.50119	8.935296E-6
0.5158249	7.8561425E-6
0.5308872	6.8975464E-6
0.5463893	6.047332E-6
0.5623441	5.2943906E-6
0.57876474	4.6286073E-6
0.59566486	4.040787E-6
0.61305845	3.522591E-6
0.63096	3.0664673E-6
0.6493842	2.6655932E-6
0.6683464	2.313812E-6
0.6878623	2.0055818E-6
0.7079481	1.7359226E-6
0.72862035	1.500367E-6
0.7498962	1.2949159E-6
0.7717934	1.1159948E-6
0.79433	9.604154E-7
0.8175246	8.253388E-7
0.8413966	7.082417E-7
0.86596555	6.0688546E-7
0.8912519	5.192877E-7
0.9172767	4.4369602E-7
0.9440614	3.7856407E-7
0.97162825	3.2252976E-7
1.0	2.743956E-7
1.029201	2.3310952E-7
1.0592546	1.9775187E-7
1.090186	1.6751727E-7
1.1220205	1.417025E-7
1.1547846	1.1969477E-7
1.1885055	1.0096094E-7
1.223211	8.5037996E-8
1.25893	7.152453E-8
1.2956905	6.00736E-8
1.3335243	5.0384507E-8
1.3724631	4.2198426E-8
1.4125386	3.5292544E-8
1.4537846	2.9475308E-8
1.4962348	2.4582386E-8
1.5399245	2.0473005E-8
1.58489	1.7026798E-8
1.6311698	1.414092E-8
1.678801	1.1727886E-8
1.727823	9.713174E-9
1.7782766	8.033494E-9
1.8302034	6.63516E-9
1.8836465	5.4727383E-9
1.9386501	4.507819E-9
1.99526	3.707997E-9
2.0535233	3.045971E-9
2.113488	2.498783E-9
2.1752036	2.0471569E-9
2.2387214	1.6749244E-9
2.304094	1.3685653E-9
2.3713756	1.1167721E-9
2.4406219	9.10116E-10
2.51189	7.4073525E-10
2.5852382	6.021029E-10
2.6607285	4.887831E-10
2.7384229	3.9628545E-10
2.818386	3.2088832E-10
2.900684	2.5950087E-10
2.9853854	2.0960922E-10
3.0725598	1.6909518E-10
3.16228	1.3624124E-10
3.2546198	1.096343E-10
3.3496559	8.812029E-11
3.447467	7.074219E-11
3.5481343	5.672829E-11
3.6517413	4.5430215E-11
3.7583735	3.6348147E-11
3.8681195	2.9049874E-11
3.98107	2.317846E-11
4.097319	1.8462454E-11
4.2169633	1.4697243E-11
4.340101	1.1697532E-11
4.466834	9.2965635E-12
4.5972676	7.36744E-12
4.7315106	5.8366645E-12
4.869673	4.6218585E-12
5.01187	3.659406E-12
5.1582193	2.887024E-12
5.3088417	2.2805091E-12
5.463863	1.7958968E-12
5.62341	1.4167556E-12
5.7876167	1.1182166E-12
5.9566183	8.76188E-13
6.1305547	6.8878236E-13
6.30957	5.258016E-13
6.493813	4.1400217E-13
6.683436	3.215206E-13
6.878596	2.523537E-13
7.079455	1.986189E-13
7.286179	1.563194E-13
7.4989395	1.0957901E-13
7.7179127	6.3837824E-14
7.94328	3.563816E-14
8.175228	2.4980018E-14
8.41395	1.8873791E-14
8.659641	1.2434498E-14
8.912508	6.217249E-15
9.172758	3.996803E-15
9.440608	1.8873791E-15
9.716279	6.661338E-16
10.0	5.551115E-16



DATASET #3

Name: 1000yr
Num Points: 2
Info: 

X, Y Data:
0.001	0.001
10.0	0.001



DATASET #4

Name: 2500yr
Num Points: 2
Info: 

X, Y Data:
0.001	4.0E-4
10.0	4.0E-4



DATASET #5

Name: 10000yr
Num Points: 2
Info: 

X, Y Data:
0.001	1.0E-4
10.0	1.0E-4


