
X-Axis: 5.0s SA (g)
Y-Axis: Annual Probabilitiy
Number of Data Sets: 5


DATASET #1

Name: UCERF3
Num Points: 401
Info: 

X, Y Data:
1.0E-4	0.053881746
1.0333392E-4	0.05388165
1.06779E-4	0.053881537
1.1033893E-4	0.053881403
1.14017545E-4	0.053881243
1.178188E-4	0.053881057
1.2174679E-4	0.05388084
1.2580573E-4	0.053880587
1.3E-4	0.05388029
1.334183E-4	0.053880017
1.369265E-4	0.05387971
1.4052694E-4	0.05387937
1.4422205E-4	0.05387898
1.4801433E-4	0.05387855
1.5190631E-4	0.053878058
1.5590065E-4	0.05387751
1.6E-4	0.053876895
1.645257E-4	0.05387615
1.691794E-4	0.05387531
1.7396474E-4	0.053874362
1.7888544E-4	0.053873297
1.8394532E-4	0.0538721
1.8914833E-4	0.053870756
1.944985E-4	0.053869247
2.0E-4	0.05386756
2.0565712E-4	0.05386567
2.1147425E-4	0.053863563
2.1745593E-4	0.053861205
2.236068E-4	0.053858582
2.2993165E-4	0.053855658
2.364354E-4	0.05385241
2.4312311E-4	0.0538488
2.5E-4	0.053844795
2.5783465E-4	0.053839862
2.659148E-4	0.053834345
2.742482E-4	0.053828187
2.8284272E-4	0.053821318
2.917066E-4	0.053813674
3.0084825E-4	0.053805172
3.102764E-4	0.05379574
3.2E-4	0.053785283
3.290514E-4	0.05377487
3.383588E-4	0.053763475
3.4792948E-4	0.053751018
3.5777088E-4	0.053737413
3.6789064E-4	0.05372257
3.7829665E-4	0.053706408
3.88997E-4	0.053688817
4.0E-4	0.053669702
4.1131425E-4	0.053648952
4.229485E-4	0.05362646
4.3491187E-4	0.0536021
4.472136E-4	0.053575758
4.598633E-4	0.053547297
4.728708E-4	0.05351659
4.8624622E-4	0.053483497
5.0E-4	0.05344788
5.1465514E-4	0.053408165
5.2973983E-4	0.05336541
5.4526667E-4	0.053319443
5.612486E-4	0.05327008
5.77699E-4	0.053217147
5.946315E-4	0.053160444
6.120603E-4	0.053099792
6.3E-4	0.05303499
6.4807665E-4	0.05296732
6.6667196E-4	0.0528953
6.858008E-4	0.052818738
7.0547854E-4	0.05273744
7.257209E-4	0.052651223
7.465441E-4	0.052559894
7.6796475E-4	0.052463263
7.9E-4	0.052361146
8.136239E-4	0.052248746
8.379543E-4	0.052129988
8.630122E-4	0.052004665
8.8881946E-4	0.051872585
9.153984E-4	0.051733553
9.427722E-4	0.05158739
9.7096455E-4	0.05143392
0.001	0.051272977
0.0010293103	0.051107775
0.0010594797	0.050935097
0.0010905333	0.05075482
0.0011224973	0.050566826
0.001155398	0.050371014
0.001189263	0.050167285
0.0012241206	0.04995557
0.00126	0.049735796
0.0012961533	0.049512733
0.0013333439	0.049281865
0.0013716016	0.04904317
0.0014109571	0.04879665
0.0014514418	0.048542306
0.0014930882	0.048280165
0.0015359295	0.048010264
0.00158	0.04773266
0.0016272478	0.047435388
0.0016759086	0.047129925
0.0017260244	0.04681638
0.0017776389	0.046494875
0.0018307968	0.046165552
0.0018855444	0.04582857
0.0019419291	0.0454841
0.002	0.045132324
0.0020575977	0.044786647
0.002116854	0.044434562
0.002177817	0.044076275
0.0022405356	0.043711986
0.0023050604	0.04334192
0.0023714434	0.0429663
0.0024397383	0.042585354
0.00251	0.042199325
0.0025833033	0.041802984
0.0026587474	0.041401923
0.0027363948	0.04099639
0.0028163097	0.040586654
0.0028985585	0.04017297
0.0029832094	0.0397556
0.0030703326	0.03933481
0.00316	0.03891085
0.0032524571	0.0384832
0.0033476194	0.03805288
0.003445566	0.03762013
0.0035463783	0.037185207
0.0036501405	0.036748335
0.0037569385	0.036309745
0.003866861	0.035869658
0.00398	0.03542829
0.004096165	0.034986906
0.0042157196	0.034544643
0.0043387646	0.034101684
0.0044654002	0.0336582
0.0045957323	0.033214357
0.0047298684	0.032770317
0.0048679197	0.032326218
0.00501	0.031882197
0.005156579	0.03143733
0.0053074467	0.03099279
0.005462728	0.030548679
0.0056225527	0.030105101
0.0057870536	0.029662143
0.005956367	0.029219892
0.0061306343	0.028778419
0.00631	0.028337795
0.006493865	0.027899833
0.0066830874	0.027462829
0.0068778237	0.027026828
0.007078234	0.026591877
0.0072844843	0.026158014
0.0074967444	0.02572528
0.00771519	0.025293708
0.00794	0.024863329
0.008172275	0.024432508
0.008411343	0.024002953
0.008657407	0.023574693
0.008910668	0.023147764
0.009171338	0.022722194
0.009439633	0.022298021
0.009715778	0.02187528
0.01	0.021454014
0.010292081	0.021034908
0.010592694	0.020617362
0.010902087	0.020201428
0.011220517	0.019787163
0.011548247	0.019374626
0.011885551	0.018963888
0.012232705	0.018555019
0.01259	0.0181481
0.012957647	0.017743303
0.013336032	0.017340625
0.013725464	0.016940165
0.01412627	0.016542025
0.014538779	0.016146313
0.014963334	0.015753139
0.015400288	0.015362625
0.01585	0.014974894
0.016312422	0.014590419
0.016788337	0.014208984
0.017278135	0.013830725
0.017782224	0.013455784
0.01830102	0.013084305
0.01883495	0.012716435
0.019384459	0.012352323
0.01995	0.01199212
0.020533005	0.0116354
0.021133045	0.01128291
0.021750621	0.0109348
0.022386245	0.010591224
0.023040446	0.010252332
0.023713762	0.009918276
0.024406755	0.009589201
0.02512	0.0092652505
0.025853088	0.008946988
0.02660757	0.00863411
0.027384069	0.008326745
0.02818323	0.008025016
0.029005712	0.007729042
0.029852198	0.007438933
0.030723387	0.007154792
0.03162	0.006876715
0.032543603	0.006604553
0.033494186	0.006338633
0.034472536	0.0060790256
0.03547946	0.005825792
0.0365158	0.005578985
0.03758241	0.005338647
0.03868017	0.005104811
0.03981	0.0048774993
0.040972695	0.0046567507
0.042169347	0.0044425423
0.04340095	0.0042348667
0.044668525	0.004033709
0.04597312	0.0038390418
0.047315817	0.0036508308
0.04869773	0.003469031
0.05012	0.003293589
0.0515838	0.003124443
0.053090356	0.002961522
0.05464091	0.0028047464
0.05623675	0.00265403
0.0578792	0.0025092792
0.059569612	0.0023703931
0.0613094	0.0022372648
0.0631	0.0021097814
0.06494172	0.0019878997
0.066837184	0.0018714139
0.06878798	0.0017601966
0.070795715	0.001654116
0.072862044	0.0015530365
0.074988686	0.00145682
0.077177405	0.0013653256
0.07943	0.0012784103
0.08174976	0.001195881
0.08413727	0.0011176455
0.08659451	0.0010435571
0.08912351	9.734686E-4
0.09172637	9.072333E-4
0.09440525	8.447046E-4
0.097162366	7.8573724E-4
0.1	7.301868E-4
0.102919795	6.779229E-4
0.10592484	6.28791E-4
0.109017625	5.826526E-4
0.112200715	5.393715E-4
0.11547674	4.988144E-4
0.11884842	4.6085066E-4
0.12231855	4.253529E-4
0.12589	3.9219687E-4
0.12956645	3.6125604E-4
0.13335027	3.3241976E-4
0.13724458	3.055743E-4
0.14125264	2.806098E-4
0.14537773	2.5742003E-4
0.14962329	2.3590283E-4
0.15399285	2.1595975E-4
0.15849	1.9749628E-4
0.16311829	1.8042258E-4
0.16788174	1.6465108E-4
0.17278428	1.5009897E-4
0.17783	1.3668722E-4
0.18302307	1.2434054E-4
0.18836778	1.1298737E-4
0.19386858	1.0255977E-4
0.19953	9.2993316E-5
0.20535603	8.4228086E-5
0.21135218	7.6205295E-5
0.21752341	6.887063E-5
0.22387484	6.217292E-5
0.23041171	5.6064055E-5
0.23713945	5.0498846E-5
0.24406363	4.543492E-5
0.25119	4.083262E-5
0.25852492	3.6654597E-5
0.26607406	3.2866552E-5
0.27384362	2.9436225E-5
0.28184006	2.6333591E-5
0.29007	2.3530758E-5
0.29854023	2.1001839E-5
0.30725783	1.872286E-5
0.31623	1.667164E-5
0.32546407	1.4827706E-5
0.33496782	1.3172149E-5
0.34474903	1.1687572E-5
0.3548159	1.0357974E-5
0.3651767	9.168668E-6
0.37584007	8.106184E-6
0.3868148	7.158196E-6
0.39811	6.3134335E-6
0.40973493	5.5616165E-6
0.42169935	4.893365E-6
0.4340131	4.3001482E-6
0.44668642	3.7742157E-6
0.4597298	3.3085346E-6
0.47315407	2.8967338E-6
0.4869703	2.5330496E-6
0.50119	2.2122763E-6
0.5158249	1.9297183E-6
0.5308872	1.6811473E-6
0.5463893	1.4627614E-6
0.5623441	1.2711462E-6
0.57876474	1.103241E-6
0.59566486	9.563057E-7
0.61305845	8.278911E-7
0.63096	7.158111E-7
0.6493842	6.181186E-7
0.6683464	5.3307843E-7
0.6878623	4.591507E-7
0.7079481	3.949699E-7
0.72862035	3.393253E-7
0.7498962	2.911459E-7
0.7717934	2.494859E-7
0.79433	2.135116E-7
0.8175246	1.8248832E-7
0.8413966	1.5577136E-7
0.86596555	1.3279434E-7
0.8912519	1.1306025E-7
0.9172767	9.613394E-8
0.9440614	8.163566E-8
0.97162825	6.9234055E-8
1.0	5.8640065E-8
1.029201	4.9602342E-8
1.0592546	4.190311E-8
1.090186	3.5352976E-8
1.1220205	2.9787975E-8
1.1547846	2.5066365E-8
1.1885055	2.1065706E-8
1.223211	1.7680586E-8
1.25893	1.482019E-8
1.2956905	1.2406517E-8
1.3335243	1.0372509E-8
1.3724631	8.660716E-9
1.4125386	7.222095E-9
1.4537846	6.0146474E-9
1.4962348	5.0026174E-9
1.5399245	4.1555026E-9
1.58489	3.4474033E-9
1.6311698	2.856273E-9
1.678801	2.3634485E-9
1.727823	1.9531683E-9
1.7782766	1.6120637E-9
1.8302034	1.3288024E-9
1.8836465	1.0939369E-9
1.9386501	8.994474E-10
1.99526	7.3860784E-10
2.0535233	6.0575067E-10
2.113488	4.961428E-10
2.1752036	4.0583892E-10
2.2387214	3.3159875E-10
2.304094	2.7058056E-10
2.3713756	2.2049573E-10
2.4406219	1.7946356E-10
2.51189	1.458963E-10
2.5852382	1.1844459E-10
2.6607285	9.603307E-11
2.7384229	7.776069E-11
2.818386	6.286527E-11
2.900684	5.076306E-11
2.9853854	4.0937143E-11
3.0725598	3.295819E-11
3.16228	2.6510905E-11
3.2546198	2.12792E-11
3.3496559	1.7058466E-11
3.447467	1.3650969E-11
3.5481343	1.0902945E-11
3.6517413	8.69127E-12
3.7583735	6.9180217E-12
3.8681195	5.4921623E-12
3.98107	4.3587356E-12
4.097319	3.4403591E-12
4.2169633	2.7065017E-12
4.340101	2.1262991E-12
4.466834	1.6604496E-12
4.5972676	1.2987389E-12
4.7315106	1.0047518E-12
4.869673	7.704948E-13
5.01187	5.9008354E-13
5.1582193	4.5308202E-13
5.3088417	3.455014E-13
5.463863	2.599032E-13
5.62341	1.9095836E-13
5.7876167	1.4399593E-13
5.9566183	1.0669243E-13
6.1305547	7.849277E-14
6.30957	5.4845017E-14
6.493813	3.952394E-14
6.683436	2.7200464E-14
6.878596	1.8873791E-14
7.079455	1.2878587E-14
7.286179	9.103829E-15
7.4989395	5.551115E-15
7.7179127	3.663736E-15
7.94328	1.9984014E-15
8.175228	1.3322676E-15
8.41395	7.771561E-16
8.659641	4.440892E-16
8.912508	1.110223E-16
9.172758	0.0
9.440608	0.0
9.716279	0.0
10.0	0.0



DATASET #2

Name: RSQSim
Num Points: 401
Info: 

X, Y Data:
1.0E-4	0.055268105
1.0333392E-4	0.055267908
1.06779E-4	0.05526768
1.1033893E-4	0.055267416
1.14017545E-4	0.055267103
1.178188E-4	0.055266745
1.2174679E-4	0.05526633
1.2580573E-4	0.055265844
1.3E-4	0.055265285
1.334183E-4	0.055264782
1.369265E-4	0.05526422
1.4052694E-4	0.05526359
1.4422205E-4	0.05526289
1.4801433E-4	0.055262104
1.5190631E-4	0.055261232
1.5590065E-4	0.055260263
1.6E-4	0.055259183
1.645257E-4	0.05525789
1.691794E-4	0.055256445
1.7396474E-4	0.055254832
1.7888544E-4	0.05525303
1.8394532E-4	0.05525103
1.8914833E-4	0.055248797
1.944985E-4	0.05524632
2.0E-4	0.055243574
2.0565712E-4	0.055240527
2.1147425E-4	0.055237155
2.1745593E-4	0.05523343
2.236068E-4	0.055229314
2.2993165E-4	0.055224776
2.364354E-4	0.055219777
2.4312311E-4	0.05521428
2.5E-4	0.055208236
2.5783465E-4	0.05520086
2.659148E-4	0.055192698
2.742482E-4	0.05518367
2.8284272E-4	0.055173714
2.917066E-4	0.05516274
3.0084825E-4	0.05515066
3.102764E-4	0.055137392
3.2E-4	0.055122826
3.290514E-4	0.05510846
3.383588E-4	0.05509288
3.4792948E-4	0.055075992
3.5777088E-4	0.055057712
3.6789064E-4	0.055037946
3.7829665E-4	0.055016596
3.88997E-4	0.054993566
4.0E-4	0.054968745
4.1131425E-4	0.05494203
4.229485E-4	0.05491331
4.3491187E-4	0.054882456
4.472136E-4	0.05484936
4.598633E-4	0.05481389
4.728708E-4	0.05477592
4.8624622E-4	0.054735318
5.0E-4	0.054691944
5.1465514E-4	0.054643955
5.2973983E-4	0.054592688
5.4526667E-4	0.054537978
5.612486E-4	0.054479666
5.77699E-4	0.054417577
5.946315E-4	0.054351542
6.120603E-4	0.05428139
6.3E-4	0.05420694
6.4807665E-4	0.05412971
6.6667196E-4	0.054048024
6.858008E-4	0.053961713
7.0547854E-4	0.053870607
7.257209E-4	0.053774547
7.465441E-4	0.053673353
7.6796475E-4	0.053566862
7.9E-4	0.053454906
8.136239E-4	0.05333231
8.379543E-4	0.053203423
8.630122E-4	0.05306806
8.8881946E-4	0.05292605
9.153984E-4	0.052777212
9.427722E-4	0.05262138
9.7096455E-4	0.05245839
0.001	0.052288085
0.0010293103	0.052113857
0.0010594797	0.05193231
0.0010905333	0.05174331
0.0011224973	0.051546734
0.001155398	0.05134247
0.001189263	0.0511304
0.0012241206	0.050910424
0.00126	0.05068245
0.0012961533	0.05045138
0.0013333439	0.050212488
0.0013716016	0.04996571
0.0014109571	0.049710996
0.0014514418	0.049448296
0.0014930882	0.049177576
0.0015359295	0.04889881
0.00158	0.048611976
0.0016272478	0.04830463
0.0016759086	0.047988527
0.0017260244	0.04766367
0.0017776389	0.04733009
0.0018307968	0.046987817
0.0018855444	0.04663689
0.0019419291	0.046277367
0.002	0.045909308
0.0020575977	0.04554666
0.002116854	0.045176227
0.002177817	0.0447981
0.0022405356	0.044412367
0.0023050604	0.044019133
0.0023714434	0.0436185
0.0024397383	0.04321058
0.00251	0.042795505
0.0025833033	0.042367484
0.0026587474	0.041932374
0.0027363948	0.041490324
0.0028163097	0.041041486
0.0028985585	0.040586017
0.0029832094	0.040124092
0.0030703326	0.03965588
0.00316	0.039181553
0.0032524571	0.038700413
0.0033476194	0.038213514
0.003445566	0.03772105
0.0035463783	0.037223212
0.0036501405	0.036720213
0.0037569385	0.036212258
0.003866861	0.035699554
0.00398	0.035182323
0.004096165	0.034662046
0.0042157196	0.034137707
0.0043387646	0.033609536
0.0044654002	0.03307776
0.0045957323	0.03254262
0.0047298684	0.032004356
0.0048679197	0.031463217
0.00501	0.030919446
0.005156579	0.030372001
0.0053074467	0.029822433
0.005462728	0.029271003
0.0056225527	0.02871798
0.0057870536	0.02816364
0.005956367	0.027608259
0.0061306343	0.027052121
0.00631	0.02649551
0.006493865	0.025940947
0.0066830874	0.025386496
0.0068778237	0.024832452
0.007078234	0.024279118
0.0072844843	0.023726791
0.0074967444	0.02317578
0.00771519	0.022626393
0.00794	0.022078939
0.008172275	0.021531614
0.008411343	0.020986872
0.008657407	0.02044503
0.008910668	0.019906411
0.009171338	0.01937133
0.009439633	0.01884011
0.009715778	0.018313065
0.01	0.017790513
0.010292081	0.017273556
0.010592694	0.016761698
0.010902087	0.01625524
0.011220517	0.015754486
0.011548247	0.015259723
0.011885551	0.01477124
0.012232705	0.014289315
0.01259	0.013814219
0.012957647	0.013346318
0.013336032	0.012885757
0.013725464	0.012432776
0.01412627	0.011987609
0.014538779	0.01155047
0.014963334	0.011121569
0.015400288	0.010701097
0.01585	0.010289233
0.016312422	0.009886502
0.016788337	0.0094926795
0.017278135	0.009107901
0.017782224	0.008732284
0.01830102	0.008365937
0.01883495	0.008008945
0.019384459	0.0076613813
0.01995	0.0073233037
0.020533005	0.006994223
0.021133045	0.006674724
0.021750621	0.006364816
0.022386245	0.0060644904
0.023040446	0.005773725
0.023713762	0.005492482
0.024406755	0.0052207084
0.02512	0.0049583367
0.025853088	0.0047056195
0.02660757	0.0044621034
0.027384069	0.004227681
0.02818323	0.0040022326
0.029005712	0.0037856265
0.029852198	0.003577721
0.030723387	0.0033783636
0.03162	0.0031873921
0.032543603	0.0030044783
0.033494186	0.0028296148
0.034472536	0.0026626147
0.03547946	0.0025032852
0.0365158	0.0023514272
0.03758241	0.002206837
0.03868017	0.002069306
0.03981	0.0019386228
0.040972695	0.0018145867
0.042169347	0.0016969661
0.04340095	0.0015855434
0.044668525	0.0014801
0.04597312	0.0013804176
0.047315817	0.0012862784
0.04869773	0.0011974658
0.05012	0.0011137648
0.0515838	0.0010349633
0.053090356	9.6085086E-4
0.05464091	8.912205E-4
0.05623675	8.258693E-4
0.0578792	7.6459785E-4
0.059569612	7.0721126E-4
0.0613094	6.535192E-4
0.0631	6.033362E-4
0.06494172	5.565104E-4
0.066837184	5.1283435E-4
0.06878798	4.7213866E-4
0.070795715	4.3425965E-4
0.072862044	3.990393E-4
0.074988686	3.6632532E-4
0.077177405	3.3597116E-4
0.07943	3.0783622E-4
0.08174976	2.8177057E-4
0.08413727	2.576625E-4
0.08659451	2.3538855E-4
0.08912351	2.148309E-4
0.09172637	1.9587735E-4
0.09440525	1.7842122E-4
0.097162366	1.6236126E-4
0.1	1.4760147E-4
0.102919795	1.3405413E-4
0.10592484	1.2162974E-4
0.109017625	1.1024734E-4
0.112200715	9.983066E-5
0.11547674	9.0307934E-5
0.11884842	8.161176E-5
0.12231855	7.367891E-5
0.12589	6.645012E-5
0.12956645	5.9868784E-5
0.13335027	5.3884567E-5
0.13724458	4.844917E-5
0.14125264	4.3517586E-5
0.14537773	3.904797E-5
0.14962329	3.5001434E-5
0.15399285	3.1341915E-5
0.15849	2.8036004E-5
0.16311829	2.5052912E-5
0.16788174	2.2363938E-5
0.17278428	1.9942741E-5
0.17783	1.776505E-5
0.18302307	1.5808533E-5
0.18836778	1.4052665E-5
0.19386858	1.2478613E-5
0.19953	1.1069114E-5
0.20535603	9.808515E-6
0.21135218	8.682197E-6
0.21752341	7.676981E-6
0.22387484	6.78085E-6
0.23041171	5.9828644E-6
0.23713945	5.2730747E-6
0.24406363	4.642446E-6
0.25119	4.0827845E-6
0.25852492	3.5866365E-6
0.26607406	3.147326E-6
0.27384362	2.7587853E-6
0.28184006	2.415541E-6
0.29007	2.1126605E-6
0.29854023	1.8457044E-6
0.30725783	1.6106839E-6
0.31623	1.4040177E-6
0.32546407	1.2224973E-6
0.33496782	1.0632475E-6
0.34474903	9.236989E-7
0.3548159	8.015575E-7
0.3651767	6.9477727E-7
0.37584007	6.0153627E-7
0.3868148	5.202138E-7
0.39811	4.4937033E-7
0.40973493	3.8772916E-7
0.42169935	3.341583E-7
0.4340131	2.876567E-7
0.44668642	2.473397E-7
0.4597298	2.124267E-7
0.47315407	1.8222963E-7
0.4869703	1.5614296E-7
0.50119	1.3363436E-7
0.5158249	1.14236514E-7
0.5308872	9.753982E-8
0.5463893	8.318558E-8
0.5623441	7.086019E-8
0.57876474	6.028979E-8
0.59566486	5.123556E-8
0.61305845	4.3489532E-8
0.63096	3.6870794E-8
0.6493842	3.1222285E-8
0.6683464	2.640767E-8
0.6878623	2.23089E-8
0.7079481	1.8823837E-8
0.72862035	1.5864261E-8
0.7498962	1.3354042E-8
0.7717934	1.1227584E-8
0.79433	9.428453E-9
0.8175246	7.90816E-9
0.8413966	6.6250543E-9
0.86596555	5.543497E-9
0.8912519	4.632957E-9
0.9172767	3.8673478E-9
0.9440614	3.2243905E-9
0.97162825	2.6851161E-9
1.0	2.233351E-9
1.029201	1.8553628E-9
1.0592546	1.5395166E-9
1.090186	1.2759155E-9
1.1220205	1.0561848E-9
1.1547846	8.732629E-10
1.1885055	7.2115036E-10
1.223211	5.9483285E-10
1.25893	4.9007887E-10
1.2956905	4.0329884E-10
1.3335243	3.314743E-10
1.3724631	2.7210245E-10
1.4125386	2.2310631E-10
1.4537846	1.8271995E-10
1.4962348	1.4946777E-10
1.5399245	1.2212398E-10
1.58489	9.966816E-11
1.6311698	8.12459E-11
1.678801	6.614942E-11
1.727823	5.3803295E-11
1.7782766	4.3710813E-11
1.8302034	3.546785E-11
1.8836465	2.874323E-11
1.9386501	2.3273716E-11
1.99526	1.8816393E-11
2.0535233	1.5195623E-11
2.113488	1.2255419E-11
2.1752036	9.8738795E-12
2.2387214	7.947976E-12
2.304094	6.381562E-12
2.3713756	5.121903E-12
2.4406219	4.10616E-12
2.51189	3.2895908E-12
2.5852382	2.6326719E-12
2.6607285	2.1037616E-12
2.7384229	1.6795454E-12
2.818386	1.3402612E-12
2.900684	1.0672574E-12
2.9853854	8.4909857E-13
3.0725598	6.7235106E-13
3.16228	5.332401E-13
3.2546198	4.23106E-13
3.3496559	3.3584246E-13
3.447467	2.6523228E-13
3.5481343	2.09055E-13
3.6517413	1.6464607E-13
3.7583735	1.3067325E-13
3.8681195	1.01918474E-13
3.98107	7.8825835E-14
4.097319	6.0063066E-14
4.2169633	4.685141E-14
4.340101	3.708145E-14
4.466834	2.797762E-14
4.5972676	2.1316282E-14
4.7315106	1.5987212E-14
4.869673	1.26565425E-14
5.01187	9.436896E-15
5.1582193	6.550316E-15
5.3088417	5.107026E-15
5.463863	3.663736E-15
5.62341	2.8865799E-15
5.7876167	2.220446E-15
5.9566183	1.7763568E-15
6.1305547	1.6653345E-15
6.30957	9.992007E-16
6.493813	3.330669E-16
6.683436	0.0
6.878596	0.0
7.079455	0.0
7.286179	0.0
7.4989395	0.0
7.7179127	0.0
7.94328	0.0
8.175228	0.0
8.41395	0.0
8.659641	0.0
8.912508	0.0
9.172758	0.0
9.440608	0.0
9.716279	0.0
10.0	0.0



DATASET #3

Name: 1000yr
Num Points: 2
Info: 

X, Y Data:
0.001	0.001
10.0	0.001



DATASET #4

Name: 2500yr
Num Points: 2
Info: 

X, Y Data:
0.001	4.0E-4
10.0	4.0E-4



DATASET #5

Name: 10000yr
Num Points: 2
Info: 

X, Y Data:
0.001	1.0E-4
10.0	1.0E-4


