
X-Axis: 10.0s SA (g)
Y-Axis: Annual Probabilitiy
Number of Data Sets: 5


DATASET #1

Name: UCERF3
Num Points: 401
Info: 

X, Y Data:
1.0E-4	0.03336181
1.0333392E-4	0.033334143
1.06779E-4	0.033304155
1.1033893E-4	0.033271708
1.14017545E-4	0.03323666
1.178188E-4	0.033198863
1.2174679E-4	0.03315818
1.2580573E-4	0.033114452
1.3E-4	0.03306754
1.334183E-4	0.03302805
1.369265E-4	0.0329864
1.4052694E-4	0.032942507
1.4422205E-4	0.032896303
1.4801433E-4	0.03284771
1.5190631E-4	0.03279666
1.5590065E-4	0.032743078
1.6E-4	0.032686897
1.645257E-4	0.032623537
1.691794E-4	0.03255701
1.7396474E-4	0.032487236
1.7888544E-4	0.032414127
1.8394532E-4	0.03233761
1.8914833E-4	0.032257613
1.944985E-4	0.032174066
2.0E-4	0.0320869
2.0565712E-4	0.031996056
2.1147425E-4	0.031901468
2.1745593E-4	0.031803086
2.236068E-4	0.031700864
2.2993165E-4	0.03159475
2.364354E-4	0.031484704
2.4312311E-4	0.031370692
2.5E-4	0.031252686
2.5783465E-4	0.031117449
2.659148E-4	0.030977266
2.742482E-4	0.030832117
2.8284272E-4	0.030681994
2.917066E-4	0.030526893
3.0084825E-4	0.030366823
3.102764E-4	0.030201802
3.2E-4	0.030031852
3.290514E-4	0.029874017
3.383588E-4	0.029712211
3.4792948E-4	0.029546471
3.5777088E-4	0.029376838
3.6789064E-4	0.029203359
3.7829665E-4	0.029026086
3.88997E-4	0.028845074
4.0E-4	0.028660387
4.1131425E-4	0.028472088
4.229485E-4	0.02828025
4.3491187E-4	0.028084949
4.472136E-4	0.02788626
4.598633E-4	0.027684273
4.728708E-4	0.02747907
4.8624622E-4	0.027270742
5.0E-4	0.027059384
5.1465514E-4	0.026837386
5.2973983E-4	0.02661235
5.4526667E-4	0.02638439
5.612486E-4	0.026153622
5.77699E-4	0.025920164
5.946315E-4	0.025684135
6.120603E-4	0.025445655
6.3E-4	0.025204848
6.4807665E-4	0.024966905
6.6667196E-4	0.024726963
6.858008E-4	0.024485143
7.0547854E-4	0.02424156
7.257209E-4	0.023996329
7.465441E-4	0.02374957
7.6796475E-4	0.023501396
7.9E-4	0.023251923
8.136239E-4	0.022990819
8.379543E-4	0.022728555
8.630122E-4	0.022465259
8.8881946E-4	0.022201052
9.153984E-4	0.021936057
9.427722E-4	0.021670394
9.7096455E-4	0.021404175
0.001	0.021137519
0.0010293103	0.02087576
0.0010594797	0.020613786
0.0010905333	0.0203517
0.0011224973	0.020089598
0.001155398	0.019827573
0.001189263	0.019565715
0.0012241206	0.019304113
0.00126	0.019042855
0.0012961533	0.01878743
0.0013333439	0.018532487
0.0013716016	0.018278096
0.0014109571	0.018024327
0.0014514418	0.017771246
0.0014930882	0.017518919
0.0015359295	0.017267406
0.00158	0.017016767
0.0016272478	0.016756697
0.0016759086	0.016497698
0.0017260244	0.016239827
0.0017776389	0.015983144
0.0018307968	0.015727699
0.0018855444	0.015473546
0.0019419291	0.015220733
0.002	0.014969307
0.0020575977	0.014728394
0.002116854	0.014488849
0.002177817	0.014250708
0.0022405356	0.014014006
0.0023050604	0.013778777
0.0023714434	0.013545053
0.0024397383	0.013312865
0.00251	0.013082242
0.0025833033	0.012850042
0.0026587474	0.012619508
0.0027363948	0.012390666
0.0028163097	0.012163541
0.0028985585	0.011938158
0.0029832094	0.01171454
0.0030703326	0.011492711
0.00316	0.011272688
0.0032524571	0.0110541
0.0033476194	0.010837365
0.003445566	0.010622505
0.0035463783	0.010409537
0.0036501405	0.010198477
0.0037569385	0.009989342
0.003866861	0.0097821485
0.00398	0.00957691
0.004096165	0.009374129
0.0042157196	0.009173321
0.0043387646	0.0089745
0.0044654002	0.008777679
0.0045957323	0.00858287
0.0047298684	0.008390083
0.0048679197	0.0081993295
0.00501	0.008010622
0.005156579	0.007823531
0.0053074467	0.0076385145
0.005462728	0.0074555846
0.0056225527	0.0072747506
0.0057870536	0.007096023
0.005956367	0.0069194115
0.0061306343	0.006744926
0.00631	0.0065725762
0.006493865	0.006403049
0.0066830874	0.006235661
0.0068778237	0.0060704225
0.007078234	0.005907344
0.0072844843	0.005746437
0.0074967444	0.005587711
0.00771519	0.0054311785
0.00794	0.0052768514
0.008172275	0.005124153
0.008411343	0.0049737017
0.008657407	0.00482551
0.008910668	0.0046795914
0.009171338	0.0045359586
0.009439633	0.004394626
0.009715778	0.004255607
0.01	0.0041189156
0.010292081	0.003984771
0.010592694	0.0038529756
0.010902087	0.0037235434
0.011220517	0.0035964889
0.011548247	0.0034718255
0.011885551	0.003349567
0.012232705	0.0032297268
0.01259	0.0031123173
0.012957647	0.002997376
0.013336032	0.0028848879
0.013725464	0.0027748633
0.01412627	0.0026673118
0.014538779	0.0025622419
0.014963334	0.0024596604
0.015400288	0.0023595733
0.01585	0.0022619849
0.016312422	0.002166982
0.016788337	0.002074477
0.017278135	0.001984469
0.017782224	0.0018969547
0.01830102	0.0018119299
0.01883495	0.0017293874
0.019384459	0.0016493183
0.01995	0.0015717112
0.020533005	0.0014964319
0.021133045	0.001423593
0.021750621	0.0013531762
0.022386245	0.0012851607
0.023040446	0.0012195234
0.023713762	0.0011562386
0.024406755	0.0010952788
0.02512	0.0010366135
0.025853088	9.802845E-4
0.02660757	9.261771E-4
0.027384069	8.7425445E-4
0.02818323	8.244779E-4
0.029005712	7.7680685E-4
0.029852198	7.311987E-4
0.030723387	6.876093E-4
0.03162	6.4599275E-4
0.032543603	6.0626765E-4
0.033494186	5.6842266E-4
0.034472536	5.3240784E-4
0.03547946	4.9817207E-4
0.0365158	4.656634E-4
0.03758241	4.3482904E-4
0.03868017	4.0561563E-4
0.03981	3.7796935E-4
0.040972695	3.518389E-4
0.042169347	3.271668E-4
0.04340095	3.0389868E-4
0.044668525	2.8198032E-4
0.04597312	2.6135784E-4
0.047315817	2.4197761E-4
0.04869773	2.2378666E-4
0.05012	2.0673255E-4
0.0515838	1.9076373E-4
0.053090356	1.7582932E-4
0.05464091	1.6187946E-4
0.05623675	1.488654E-4
0.0578792	1.3673943E-4
0.059569612	1.2545512E-4
0.0613094	1.1496726E-4
0.0631	1.0523199E-4
0.06494172	9.621231E-5
0.066837184	8.7860826E-5
0.06878798	8.013799E-5
0.070795715	7.300572E-5
0.072862044	6.642742E-5
0.074988686	6.0367987E-5
0.077177405	5.4793833E-5
0.07943	4.967286E-5
0.08174976	4.497176E-5
0.08413727	4.0664574E-5
0.08659451	3.672359E-5
0.08912351	3.3122535E-5
0.09172637	2.9836543E-5
0.09440525	2.6842128E-5
0.097162366	2.4117146E-5
0.1	2.164076E-5
0.102919795	1.939391E-5
0.10592484	1.735763E-5
0.109017625	1.5514748E-5
0.112200715	1.3849227E-5
0.11547674	1.2346107E-5
0.11884842	1.09914645E-5
0.12231855	9.772358E-6
0.12589	8.676784E-6
0.12956645	7.693449E-6
0.13335027	6.8122977E-6
0.13724458	6.0238453E-6
0.14125264	5.3193585E-6
0.14537773	4.690806E-6
0.14962329	4.1308176E-6
0.15399285	3.6326426E-6
0.15849	3.1901052E-6
0.16311829	2.7975855E-6
0.16788174	2.449927E-6
0.17278428	2.142457E-6
0.17783	1.8709335E-6
0.18302307	1.6315105E-6
0.18836778	1.4207075E-6
0.19386858	1.2353812E-6
0.19953	1.0726966E-6
0.20535603	9.3011835E-7
0.21135218	8.053339E-7
0.21752341	6.962876E-7
0.22387484	6.0113894E-7
0.23041171	5.182427E-7
0.23713945	4.4613083E-7
0.24406363	3.8349592E-7
0.25119	3.2917572E-7
0.25852492	2.8213552E-7
0.26607406	2.4146493E-7
0.27384362	2.0635551E-7
0.28184006	1.7609348E-7
0.29007	1.5004954E-7
0.29854023	1.2767028E-7
0.30725783	1.0846968E-7
0.31623	9.2021736E-8
0.32546407	7.795359E-8
0.33496782	6.5939396E-8
0.34474903	5.5695118E-8
0.3548159	4.697349E-8
0.3651767	3.9559662E-8
0.37584007	3.3267273E-8
0.3868148	2.793488E-8
0.39811	2.3422988E-8
0.40973493	1.961126E-8
0.42169935	1.6395962E-8
0.4340131	1.3687932E-8
0.44668642	1.1410618E-8
0.4597298	9.498477E-9
0.47315407	7.8953635E-9
0.4869703	6.553388E-9
0.50119	5.431724E-9
0.5158249	4.495617E-9
0.5308872	3.7155492E-9
0.5463893	3.0664793E-9
0.5623441	2.5272222E-9
0.57876474	2.0798905E-9
0.59566486	1.7093374E-9
0.61305845	1.4028242E-9
0.63096	1.1496883E-9
0.6493842	9.409374E-10
0.6683464	7.690192E-10
0.6878623	6.276575E-10
0.7079481	5.1158955E-10
0.72862035	4.163967E-10
0.7498962	3.3847047E-10
0.7717934	2.7475522E-10
0.79433	2.2273416E-10
0.8175246	1.8029467E-10
0.8413966	1.4574952E-10
0.86596555	1.1766443E-10
0.8912519	9.4872776E-11
0.9172767	7.6380235E-11
0.9440614	6.1405325E-11
0.97162825	4.9299564E-11
1.0	3.9511172E-11
1.029201	3.1629477E-11
1.0592546	2.528433E-11
1.090186	2.0178192E-11
1.1220205	1.608047E-11
1.1547846	1.2783552E-11
1.1885055	1.01677555E-11
1.223211	8.065326E-12
1.25893	6.3850036E-12
1.2956905	5.048739E-12
1.3335243	3.9800385E-12
1.3724631	3.141376E-12
1.4125386	2.4733549E-12
1.4537846	1.9401147E-12
1.4962348	1.5230039E-12
1.5399245	1.1856072E-12
1.58489	9.218182E-13
1.6311698	7.1209705E-13
1.678801	5.484502E-13
1.727823	4.2188475E-13
1.7782766	3.1685765E-13
1.8302034	2.3925306E-13
1.8836465	1.7941204E-13
1.9386501	1.3711254E-13
1.99526	9.992007E-14
2.0535233	7.283063E-14
2.113488	5.162537E-14
2.1752036	3.6970427E-14
2.2387214	2.553513E-14
2.304094	1.787459E-14
2.3713756	1.23234756E-14
2.4406219	8.437695E-15
2.51189	5.9952043E-15
2.5852382	4.2188475E-15
2.6607285	3.1086245E-15
2.7384229	1.6653345E-15
2.818386	1.2212453E-15
2.900684	7.771561E-16
2.9853854	5.551115E-16
3.0725598	3.330669E-16
3.16228	1.110223E-16
3.2546198	0.0
3.3496559	0.0
3.447467	0.0
3.5481343	0.0
3.6517413	0.0
3.7583735	0.0
3.8681195	0.0
3.98107	0.0
4.097319	0.0
4.2169633	0.0
4.340101	0.0
4.466834	0.0
4.5972676	0.0
4.7315106	0.0
4.869673	0.0
5.01187	0.0
5.1582193	0.0
5.3088417	0.0
5.463863	0.0
5.62341	0.0
5.7876167	0.0
5.9566183	0.0
6.1305547	0.0
6.30957	0.0
6.493813	0.0
6.683436	0.0
6.878596	0.0
7.079455	0.0
7.286179	0.0
7.4989395	0.0
7.7179127	0.0
7.94328	0.0
8.175228	0.0
8.41395	0.0
8.659641	0.0
8.912508	0.0
9.172758	0.0
9.440608	0.0
9.716279	0.0
10.0	0.0



DATASET #2

Name: RSQSim
Num Points: 401
Info: 

X, Y Data:
1.0E-4	0.03359127
1.0333392E-4	0.033571165
1.06779E-4	0.033549286
1.1033893E-4	0.03352553
1.14017545E-4	0.033499766
1.178188E-4	0.033471882
1.2174679E-4	0.03344174
1.2580573E-4	0.033409223
1.3E-4	0.033374194
1.334183E-4	0.0333446
1.369265E-4	0.03331328
1.4052694E-4	0.03328017
1.4422205E-4	0.0332452
1.4801433E-4	0.033208296
1.5190631E-4	0.033169392
1.5590065E-4	0.033128418
1.6E-4	0.03308531
1.645257E-4	0.03303652
1.691794E-4	0.03298509
1.7396474E-4	0.032930944
1.7888544E-4	0.032873992
1.8394532E-4	0.032814156
1.8914833E-4	0.03275135
1.944985E-4	0.0326855
2.0E-4	0.032616522
2.0565712E-4	0.03254434
2.1147425E-4	0.03246889
2.1745593E-4	0.032390084
2.236068E-4	0.03230787
2.2993165E-4	0.03222217
2.364354E-4	0.03213293
2.4312311E-4	0.03204009
2.5E-4	0.031943586
2.5783465E-4	0.0318325
2.659148E-4	0.031716812
2.742482E-4	0.03159646
2.8284272E-4	0.031471387
2.917066E-4	0.031341545
3.0084825E-4	0.031206902
3.102764E-4	0.03106742
3.2E-4	0.03092307
3.290514E-4	0.030788386
3.383588E-4	0.0306497
3.4792948E-4	0.030507006
3.5777088E-4	0.030360304
3.6789064E-4	0.030209597
3.7829665E-4	0.030054895
3.88997E-4	0.029896213
4.0E-4	0.029733563
4.1131425E-4	0.029566972
4.229485E-4	0.029396461
4.3491187E-4	0.029222066
4.472136E-4	0.029043816
4.598633E-4	0.028861754
4.728708E-4	0.02867592
4.8624622E-4	0.028486358
5.0E-4	0.02829312
5.1465514E-4	0.02808916
5.2973983E-4	0.027881376
5.4526667E-4	0.02766983
5.612486E-4	0.027454592
5.77699E-4	0.027235735
5.946315E-4	0.027013332
6.120603E-4	0.02678746
6.3E-4	0.026558198
6.4807665E-4	0.026330492
6.6667196E-4	0.026099693
6.858008E-4	0.02586588
7.0547854E-4	0.025629139
7.257209E-4	0.025389547
7.465441E-4	0.025147192
7.6796475E-4	0.02490216
7.9E-4	0.024654536
8.136239E-4	0.024393952
8.379543E-4	0.024130749
8.630122E-4	0.023865027
8.8881946E-4	0.023596887
9.153984E-4	0.023326427
9.427722E-4	0.02305375
9.7096455E-4	0.022778956
0.001	0.022502149
0.0010293103	0.022228897
0.0010594797	0.021953903
0.0010905333	0.021677265
0.0011224973	0.021399075
0.001155398	0.021119434
0.001189263	0.020838438
0.0012241206	0.020556184
0.00126	0.020272769
0.0012961533	0.019994209
0.0013333439	0.01971472
0.0013716016	0.0194344
0.0014109571	0.019153338
0.0014514418	0.018871628
0.0014930882	0.018589364
0.0015359295	0.018306639
0.00158	0.01802355
0.0016272478	0.017728405
0.0016759086	0.017433075
0.0017260244	0.017137669
0.0017776389	0.016842293
0.0018307968	0.01654706
0.0018855444	0.016252078
0.0019419291	0.015957458
0.002	0.015663309
0.0020575977	0.015380425
0.002116854	0.015098182
0.002177817	0.014816677
0.0022405356	0.01453601
0.0023050604	0.014256281
0.0023714434	0.013977585
0.0024397383	0.013700024
0.00251	0.013423693
0.0025833033	0.013144881
0.0026587474	0.0128675345
0.0027363948	0.012591751
0.0028163097	0.01231763
0.0028985585	0.012045268
0.0029832094	0.01177476
0.0030703326	0.0115062
0.00316	0.0112396795
0.0032524571	0.010974809
0.0033476194	0.010712165
0.003445566	0.010451837
0.0035463783	0.010193909
0.0036501405	0.009938462
0.0037569385	0.009685578
0.003866861	0.009435334
0.00398	0.009187808
0.004096165	0.008943658
0.0042157196	0.008702356
0.0043387646	0.0084639685
0.0044654002	0.008228562
0.0045957323	0.007996199
0.0047298684	0.00776694
0.0048679197	0.0075408434
0.00501	0.007317964
0.005156579	0.007097838
0.0053074467	0.006881049
0.005462728	0.0066676443
0.0056225527	0.0064576706
0.0057870536	0.0062511703
0.005956367	0.006048185
0.0061306343	0.0058487523
0.00631	0.0056529087
0.006493865	0.0054614483
0.0066830874	0.005273612
0.0068778237	0.005089428
0.007078234	0.0049089217
0.0072844843	0.0047321166
0.0074967444	0.0045590336
0.00771519	0.0043896902
0.00794	0.004224103
0.008172275	0.004061662
0.008411343	0.0039030295
0.008657407	0.0037482132
0.008910668	0.003597218
0.009171338	0.003450046
0.009439633	0.0033066962
0.009715778	0.0031671643
0.01	0.0030314436
0.010292081	0.0028997231
0.010592694	0.0027717785
0.010902087	0.0026475934
0.011220517	0.0025271478
0.011548247	0.0024104186
0.011885551	0.0022973798
0.012232705	0.0021880015
0.01259	0.002082251
0.012957647	0.001980114
0.013336032	0.0018815276
0.013725464	0.0017864489
0.01412627	0.0016948321
0.014538779	0.0016066283
0.014963334	0.0015217855
0.015400288	0.0014402489
0.01585	0.0013619608
0.016312422	0.0012869268
0.016788337	0.0012150126
0.017278135	0.0011461531
0.017782224	0.0010802809
0.01830102	0.0010173265
0.01883495	9.5721876E-4
0.019384459	8.9988485E-4
0.01995	8.452502E-4
0.020533005	7.9315645E-4
0.021133045	7.4361765E-4
0.021750621	6.9655577E-4
0.022386245	6.5189204E-4
0.023040446	6.0954725E-4
0.023713762	5.694418E-4
0.024406755	5.3149625E-4
0.02512	4.956311E-4
0.025853088	4.618113E-4
0.02660757	4.299091E-4
0.027384069	3.9984685E-4
0.02818323	3.7154777E-4
0.029005712	3.449361E-4
0.029852198	3.1993724E-4
0.030723387	2.9647793E-4
0.03162	2.744863E-4
0.032543603	2.5387443E-4
0.033494186	2.3459355E-4
0.034472536	2.165766E-4
0.03547946	1.9975832E-4
0.0365158	1.8407541E-4
0.03758241	1.694665E-4
0.03868017	1.558723E-4
0.03981	1.4323552E-4
0.040972695	1.3150233E-4
0.042169347	1.2061817E-4
0.04340095	1.1053213E-4
0.044668525	1.0119542E-4
0.04597312	9.256137E-5
0.047315817	8.458538E-5
0.04869773	7.722494E-5
0.05012	7.043958E-5
0.0515838	6.419086E-5
0.053090356	5.8442267E-5
0.05464091	5.3159205E-5
0.05623675	4.830897E-5
0.0578792	4.3860677E-5
0.059569612	3.978519E-5
0.0613094	3.605509E-5
0.0631	3.2644588E-5
0.06494172	2.9531346E-5
0.066837184	2.6690466E-5
0.06878798	2.4100746E-5
0.070795715	2.174236E-5
0.072862044	1.9596808E-5
0.074988686	1.7646844E-5
0.077177405	1.5876409E-5
0.07943	1.4270582E-5
0.08174976	1.2814675E-5
0.08413727	1.1496835E-5
0.08659451	1.03051525E-5
0.08912351	9.2286145E-6
0.09172637	8.257053E-6
0.09440525	7.381093E-6
0.097162366	6.592099E-6
0.1	5.88213E-6
0.102919795	5.244039E-6
0.10592484	4.6709583E-6
0.109017625	4.156761E-6
0.112200715	3.695841E-6
0.11547674	3.2830749E-6
0.11884842	2.9137848E-6
0.12231855	2.5837069E-6
0.12589	2.2889578E-6
0.12956645	2.0259583E-6
0.13335027	1.7915585E-6
0.13724458	1.5828456E-6
0.14125264	1.39718E-6
0.14537773	1.2321723E-6
0.14962329	1.0856619E-6
0.15399285	9.556975E-7
0.15849	8.405188E-7
0.16311829	7.385438E-7
0.16788174	6.4833955E-7
0.17278428	5.686225E-7
0.17783	4.9823984E-7
0.18302307	4.3615728E-7
0.18836778	3.8144788E-7
0.19386858	3.3328183E-7
0.19953	2.90917E-7
0.20535603	2.5369468E-7
0.21135218	2.2101793E-7
0.21752341	1.9235948E-7
0.22387484	1.6724974E-7
0.23041171	1.4527092E-7
0.23713945	1.2605169E-7
0.24406363	1.0926237E-7
0.25119	9.461056E-8
0.25852492	8.183637E-8
0.26607406	7.071142E-8
0.27384362	6.103287E-8
0.28184006	5.2621527E-8
0.29007	4.5319254E-8
0.29854023	3.898665E-8
0.30725783	3.3500925E-8
0.31623	2.8754078E-8
0.32546407	2.465121E-8
0.33496782	2.1108947E-8
0.34474903	1.8054195E-8
0.3548159	1.542292E-8
0.3651767	1.3159093E-8
0.37584007	1.1213722E-8
0.3868148	9.5440305E-9
0.39811	8.112705E-9
0.40973493	6.8872525E-9
0.42169935	5.8393734E-9
0.4340131	4.9444737E-9
0.44668642	4.1812105E-9
0.4597298	3.5310672E-9
0.47315407	2.9780125E-9
0.4869703	2.5081694E-9
0.50119	2.1095654E-9
0.5158249	1.7718629E-9
0.5308872	1.4861441E-9
0.5463893	1.2447489E-9
0.5623441	1.041093E-9
0.57876474	8.695167E-10
0.59566486	7.2517425E-10
0.61305845	6.039179E-10
0.63096	5.022046E-10
0.6493842	4.1701442E-10
0.6683464	3.457653E-10
0.6878623	2.8626856E-10
0.7079481	2.3665436E-10
0.72862035	1.9535118E-10
0.7498962	1.6101176E-10
0.7717934	1.3251433E-10
0.79433	1.08896225E-10
0.8175246	8.93462E-11
0.8413966	7.319534E-11
0.86596555	5.986989E-11
0.8912519	4.8897775E-11
0.9172767	3.9878323E-11
0.9440614	3.247247E-11
0.97162825	2.6404434E-11
1.0	2.143552E-11
1.029201	1.7376545E-11
1.0592546	1.40604195E-11
1.090186	1.13671295E-11
1.1220205	9.172441E-12
1.1547846	7.388867E-12
1.1885055	5.9322547E-12
1.223211	4.763301E-12
1.25893	3.823164E-12
1.2956905	3.0641045E-12
1.3335243	2.4464875E-12
1.3724631	1.946332E-12
1.4125386	1.5509816E-12
1.4537846	1.2350121E-12
1.4962348	9.821033E-13
1.5399245	7.7871043E-13
1.58489	6.1795014E-13
1.6311698	4.8916426E-13
1.678801	3.858025E-13
1.727823	3.0442315E-13
1.7782766	2.4025226E-13
1.8302034	1.8884894E-13
1.8836465	1.483258E-13
1.9386501	1.1568524E-13
1.99526	9.1371355E-14
2.0535233	7.127632E-14
2.113488	5.5067062E-14
2.1752036	4.296563E-14
2.2387214	3.3528735E-14
2.304094	2.5868196E-14
2.3713756	1.9650948E-14
2.4406219	1.4876989E-14
2.51189	1.1657342E-14
2.5852382	8.881784E-15
2.6607285	6.7723605E-15
2.7384229	5.107026E-15
2.818386	3.8857806E-15
2.900684	3.1086245E-15
2.9853854	2.4424907E-15
3.0725598	1.7763568E-15
3.16228	1.4432899E-15
3.2546198	9.992007E-16
3.3496559	7.771561E-16
3.447467	6.661338E-16
3.5481343	4.440892E-16
3.6517413	4.440892E-16
3.7583735	2.220446E-16
3.8681195	2.220446E-16
3.98107	2.220446E-16
4.097319	2.220446E-16
4.2169633	0.0
4.340101	0.0
4.466834	0.0
4.5972676	0.0
4.7315106	0.0
4.869673	0.0
5.01187	0.0
5.1582193	0.0
5.3088417	0.0
5.463863	0.0
5.62341	0.0
5.7876167	0.0
5.9566183	0.0
6.1305547	0.0
6.30957	0.0
6.493813	0.0
6.683436	0.0
6.878596	0.0
7.079455	0.0
7.286179	0.0
7.4989395	0.0
7.7179127	0.0
7.94328	0.0
8.175228	0.0
8.41395	0.0
8.659641	0.0
8.912508	0.0
9.172758	0.0
9.440608	0.0
9.716279	0.0
10.0	0.0



DATASET #3

Name: 1000yr
Num Points: 2
Info: 

X, Y Data:
0.001	0.001
10.0	0.001



DATASET #4

Name: 2500yr
Num Points: 2
Info: 

X, Y Data:
0.001	4.0E-4
10.0	4.0E-4



DATASET #5

Name: 10000yr
Num Points: 2
Info: 

X, Y Data:
0.001	1.0E-4
10.0	1.0E-4


