
X-Axis: 10.0s SA (g)
Y-Axis: Annual Probabilitiy
Number of Data Sets: 5


DATASET #1

Name: UCERF3
Num Points: 401
Info: 

X, Y Data:
1.0E-4	0.053500883
1.0333392E-4	0.053469665
1.06779E-4	0.053435612
1.1033893E-4	0.053398527
1.14017545E-4	0.053358205
1.178188E-4	0.05331443
1.2174679E-4	0.053266983
1.2580573E-4	0.053215645
1.3E-4	0.053160172
1.334183E-4	0.053113185
1.369265E-4	0.053063344
1.4052694E-4	0.05301052
1.4422205E-4	0.052954588
1.4801433E-4	0.05289543
1.5190631E-4	0.05283291
1.5590065E-4	0.052766904
1.6E-4	0.05269728
1.645257E-4	0.05261827
1.691794E-4	0.052534774
1.7396474E-4	0.05244662
1.7888544E-4	0.05235365
1.8394532E-4	0.052255705
1.8914833E-4	0.052152622
1.944985E-4	0.052044243
2.0E-4	0.051930413
2.0565712E-4	0.051810972
2.1147425E-4	0.051685777
2.1745593E-4	0.051554676
2.236068E-4	0.051417526
2.2993165E-4	0.05127419
2.364354E-4	0.051124536
2.4312311E-4	0.05096843
2.5E-4	0.050805755
2.5783465E-4	0.050617997
2.659148E-4	0.05042191
2.742482E-4	0.050217353
2.8284272E-4	0.05000421
2.917066E-4	0.049782366
3.0084825E-4	0.049551725
3.102764E-4	0.049312197
3.2E-4	0.04906372
3.290514E-4	0.04883136
3.383588E-4	0.048591606
3.4792948E-4	0.04834444
3.5777088E-4	0.04808986
3.6789064E-4	0.04782785
3.7829665E-4	0.047558434
3.88997E-4	0.047281638
4.0E-4	0.046997488
4.1131425E-4	0.046706032
4.229485E-4	0.04640733
4.3491187E-4	0.046101447
4.472136E-4	0.045788463
4.598633E-4	0.045468464
4.728708E-4	0.04514156
4.8624622E-4	0.04480785
5.0E-4	0.044467464
5.1465514E-4	0.044108022
5.2973983E-4	0.043741718
5.4526667E-4	0.043368716
5.612486E-4	0.042989194
5.77699E-4	0.04260335
5.946315E-4	0.042211376
6.120603E-4	0.04181348
6.3E-4	0.041409884
6.4807665E-4	0.04100936
6.6667196E-4	0.040603798
6.858008E-4	0.040193435
7.0547854E-4	0.039778493
7.257209E-4	0.039359212
7.465441E-4	0.038935836
7.6796475E-4	0.03850861
7.9E-4	0.038077783
8.136239E-4	0.03762549
8.379543E-4	0.037169855
8.630122E-4	0.03671117
8.8881946E-4	0.03624973
9.153984E-4	0.035785828
9.427722E-4	0.035319757
9.7096455E-4	0.03485182
0.001	0.034382302
0.0010293103	0.033920716
0.0010594797	0.033458173
0.0010905333	0.03299494
0.0011224973	0.032531284
0.001155398	0.03206747
0.001189263	0.031603765
0.0012241206	0.031140415
0.00126	0.03067768
0.0012961533	0.030225383
0.0013333439	0.029774135
0.0013716016	0.029324157
0.0014109571	0.028875664
0.0014514418	0.028428864
0.0014930882	0.027983962
0.0015359295	0.027541151
0.00158	0.02710062
0.0016272478	0.026644398
0.0016759086	0.026191046
0.0017260244	0.025740752
0.0017776389	0.025293699
0.0018307968	0.024850057
0.0018855444	0.024409989
0.0019419291	0.023973648
0.002	0.02354118
0.0020575977	0.023128254
0.002116854	0.022719165
0.002177817	0.022314014
0.0022405356	0.0219129
0.0023050604	0.021515913
0.0023714434	0.021123137
0.0024397383	0.020734645
0.00251	0.020350503
0.0025833033	0.019965531
0.0026587474	0.019585148
0.0027363948	0.019209398
0.0028163097	0.018838326
0.0028985585	0.01847196
0.0029832094	0.018110326
0.0030703326	0.017753443
0.00316	0.017401323
0.0032524571	0.017053341
0.0033476194	0.016710144
0.003445566	0.016371723
0.0035463783	0.016038066
0.0036501405	0.015709154
0.0037569385	0.015384965
0.003866861	0.015065466
0.00398	0.014750626
0.004096165	0.014441147
0.0042157196	0.014136223
0.0043387646	0.013835808
0.0044654002	0.013539851
0.0045957323	0.013248299
0.0047298684	0.012961095
0.0048679197	0.01267818
0.00501	0.012399492
0.005156579	0.012124321
0.0053074467	0.011853268
0.005462728	0.011586264
0.0056225527	0.011323241
0.0057870536	0.011064127
0.005956367	0.010808855
0.0061306343	0.010557354
0.00631	0.010309554
0.006493865	0.010066354
0.0066830874	0.009826688
0.0068778237	0.009590491
0.007078234	0.009357696
0.0072844843	0.009128242
0.0074967444	0.008902066
0.00771519	0.00867911
0.00794	0.0084593175
0.008172275	0.008241798
0.008411343	0.008027362
0.008657407	0.007815963
0.008910668	0.0076075564
0.009171338	0.0074021025
0.009439633	0.0071995654
0.009715778	0.006999912
0.01	0.006803115
0.010292081	0.0066094454
0.010592694	0.0064185793
0.010902087	0.0062305015
0.011220517	0.0060452
0.011548247	0.0058626677
0.011885551	0.0056829005
0.012232705	0.0055058985
0.01259	0.005331666
0.012957647	0.0051602484
0.013336032	0.0049916166
0.013725464	0.0048257834
0.01412627	0.004662766
0.014538779	0.004502583
0.014963334	0.004345254
0.015400288	0.0041908026
0.01585	0.0040392517
0.016312422	0.0038907593
0.016788337	0.0037452132
0.017278135	0.003602639
0.017782224	0.0034630632
0.01830102	0.003326511
0.01883495	0.0031930073
0.019384459	0.0030625756
0.01995	0.0029352384
0.020533005	0.0028108158
0.021133045	0.0026895364
0.021750621	0.0025714166
0.022386245	0.002456469
0.023040446	0.002344704
0.023713762	0.0022361288
0.024406755	0.0021307468
0.02512	0.0020285582
0.025853088	0.0019296898
0.02660757	0.0018339945
0.027384069	0.0017414604
0.02818323	0.001652072
0.029005712	0.001565809
0.029852198	0.0014826477
0.030723387	0.00140256
0.03162	0.0013255137
0.032543603	0.0012514085
0.033494186	0.0011802738
0.034472536	0.0011120655
0.03547946	0.0010467363
0.0365158	9.842349E-4
0.03758241	9.2450704E-4
0.03868017	8.674955E-4
0.03981	8.131399E-4
0.040972695	7.613832E-4
0.042169347	7.1215373E-4
0.04340095	6.6538405E-4
0.044668525	6.210048E-4
0.04597312	5.789449E-4
0.047315817	5.3913216E-4
0.04869773	5.014929E-4
0.05012	4.6595273E-4
0.0515838	4.3243685E-4
0.053090356	4.0086964E-4
0.05464091	3.7117553E-4
0.05623675	3.432791E-4
0.0578792	3.1710524E-4
0.059569612	2.925794E-4
0.0613094	2.6962775E-4
0.0631	2.4817744E-4
0.06494172	2.2816885E-4
0.066837184	2.0951766E-4
0.06878798	1.9215494E-4
0.070795715	1.7601335E-4
0.072862044	1.610272E-4
0.074988686	1.4713264E-4
0.077177405	1.3426771E-4
0.07943	1.223724E-4
0.08174976	1.1138242E-4
0.08413727	1.01249265E-4
0.08659451	9.191914E-5
0.08912351	8.334041E-5
0.09172637	7.546364E-5
0.09440525	6.824161E-5
0.097162366	6.162927E-5
0.1	5.558378E-5
0.102919795	5.0065726E-5
0.10592484	4.503505E-5
0.109017625	4.0455318E-5
0.112200715	3.6292146E-5
0.11547674	3.2513148E-5
0.11884842	2.9087876E-5
0.12231855	2.5987772E-5
0.12589	2.3186094E-5
0.12956645	2.0657384E-5
0.13335027	1.8378898E-5
0.13724458	1.6328924E-5
0.14125264	1.44873E-5
0.14537773	1.2835325E-5
0.14962329	1.1355694E-5
0.15399285	1.0032424E-5
0.15849	8.850779E-6
0.16311829	7.797241E-6
0.16788174	6.8593063E-6
0.17278428	6.025561E-6
0.17783	5.2855626E-6
0.18302307	4.6297746E-6
0.18836778	4.049505E-6
0.19386858	3.5368462E-6
0.19953	3.0846168E-6
0.20535603	2.6863552E-6
0.21135218	2.336116E-6
0.21752341	2.0285856E-6
0.22387484	1.758974E-6
0.23041171	1.5229715E-6
0.23713945	1.3167091E-6
0.24406363	1.1367193E-6
0.25119	9.798998E-7
0.25852492	8.434713E-7
0.26607406	7.2497573E-7
0.27384362	6.222155E-7
0.28184006	5.3323953E-7
0.29007	4.5631947E-7
0.29854023	3.8992482E-7
0.30725783	3.3270427E-7
0.31623	2.834668E-7
0.32546407	2.4116463E-7
0.33496782	2.0487678E-7
0.34474903	1.7379641E-7
0.3548159	1.4721739E-7
0.3651767	1.2452271E-7
0.37584007	1.05174564E-7
0.3868148	8.870489E-8
0.39811	7.47067E-8
0.40973493	6.2827546E-8
0.42169935	5.2761973E-8
0.4340131	4.4245997E-8
0.44668642	3.7051922E-8
0.4597298	3.0983784E-8
0.47315407	2.5873007E-8
0.4869703	2.1575008E-8
0.50119	1.7965913E-8
0.5158249	1.4939786E-8
0.5308872	1.24062165E-8
0.5463893	1.02881295E-8
0.5623441	8.520019E-9
0.57876474	7.0461925E-9
0.59566486	5.8194343E-9
0.61305845	4.799801E-9
0.63096	3.9535117E-9
0.6493842	3.2521346E-9
0.6683464	2.6716633E-9
0.6878623	2.1919262E-9
0.7079481	1.7959483E-9
0.72862035	1.4696039E-9
0.7498962	1.2010095E-9
0.7717934	9.802712E-10
0.79433	7.9908036E-10
0.8175246	6.505362E-10
0.8413966	5.289693E-10
0.86596555	4.2956583E-10
0.8912519	3.4841652E-10
0.9172767	2.8224656E-10
0.9440614	2.2835456E-10
0.97162825	1.845285E-10
1.0	1.4892887E-10
1.029201	1.200624E-10
1.0592546	9.665624E-11
1.090186	7.772827E-11
1.1220205	6.243506E-11
1.1547846	5.0089377E-11
1.1885055	4.0132786E-11
1.223211	3.2116088E-11
1.25893	2.5670577E-11
1.2956905	2.049605E-11
1.3335243	1.6344148E-11
1.3724631	1.3014034E-11
1.4125386	1.03517195E-11
1.4537846	8.222423E-12
1.4962348	6.520562E-12
1.5399245	5.1648685E-12
1.58489	4.087175E-12
1.6311698	3.2268632E-12
1.678801	2.5414115E-12
1.727823	1.996514E-12
1.7782766	1.5725199E-12
1.8302034	1.2385648E-12
1.8836465	9.693357E-13
1.9386501	7.600587E-13
1.99526	5.9319216E-13
2.0535233	4.6573856E-13
2.113488	3.629319E-13
2.1752036	2.8355096E-13
2.2387214	2.2082336E-13
2.304094	1.7330581E-13
2.3713756	1.3422596E-13
2.4406219	1.0369483E-13
2.51189	7.949197E-14
2.5852382	6.084022E-14
2.6607285	4.6962434E-14
2.7384229	3.5416114E-14
2.818386	2.6423308E-14
2.900684	1.9650948E-14
2.9853854	1.4210855E-14
3.0725598	9.992007E-15
3.16228	6.661338E-15
3.2546198	4.2188475E-15
3.3496559	1.6653345E-15
3.447467	1.2212453E-15
3.5481343	2.220446E-16
3.6517413	2.220446E-16
3.7583735	0.0
3.8681195	0.0
3.98107	0.0
4.097319	0.0
4.2169633	0.0
4.340101	0.0
4.466834	0.0
4.5972676	0.0
4.7315106	0.0
4.869673	0.0
5.01187	0.0
5.1582193	0.0
5.3088417	0.0
5.463863	0.0
5.62341	0.0
5.7876167	0.0
5.9566183	0.0
6.1305547	0.0
6.30957	0.0
6.493813	0.0
6.683436	0.0
6.878596	0.0
7.079455	0.0
7.286179	0.0
7.4989395	0.0
7.7179127	0.0
7.94328	0.0
8.175228	0.0
8.41395	0.0
8.659641	0.0
8.912508	0.0
9.172758	0.0
9.440608	0.0
9.716279	0.0
10.0	0.0



DATASET #2

Name: RSQSim
Num Points: 401
Info: 

X, Y Data:
1.0E-4	0.04536226
1.0333392E-4	0.04532887
1.06779E-4	0.045292497
1.1033893E-4	0.045252953
1.14017545E-4	0.045210026
1.178188E-4	0.04516351
1.2174679E-4	0.045113184
1.2580573E-4	0.045058835
1.3E-4	0.04500023
1.334183E-4	0.044950683
1.369265E-4	0.044898216
1.4052694E-4	0.044842705
1.4422205E-4	0.04478404
1.4801433E-4	0.044722103
1.5190631E-4	0.044656772
1.5590065E-4	0.044587933
1.6E-4	0.044515464
1.645257E-4	0.044433407
1.691794E-4	0.04434688
1.7396474E-4	0.04425574
1.7888544E-4	0.044159852
1.8394532E-4	0.04405907
1.8914833E-4	0.043953266
1.944985E-4	0.043842304
2.0E-4	0.043726057
2.0565712E-4	0.0436044
2.1147425E-4	0.043477215
2.1745593E-4	0.043344393
2.236068E-4	0.04320582
2.2993165E-4	0.043061398
2.364354E-4	0.042911034
2.4312311E-4	0.042754635
2.5E-4	0.042592123
2.5783465E-4	0.04240513
2.659148E-4	0.042210475
2.742482E-4	0.042008094
2.8284272E-4	0.041797917
2.917066E-4	0.041579902
3.0084825E-4	0.04135401
3.102764E-4	0.04112023
3.2E-4	0.040878553
3.290514E-4	0.040653307
3.383588E-4	0.040421635
3.4792948E-4	0.04018357
3.5777088E-4	0.039939146
3.6789064E-4	0.039688412
3.7829665E-4	0.03943143
3.88997E-4	0.03916827
4.0E-4	0.038899004
4.1131425E-4	0.038623728
4.229485E-4	0.03834254
4.3491187E-4	0.038055547
4.472136E-4	0.037762865
4.598633E-4	0.03746462
4.728708E-4	0.037160948
4.8624622E-4	0.03685199
5.0E-4	0.0365379
5.1465514E-4	0.036207348
5.2973983E-4	0.035871644
5.4526667E-4	0.035530977
5.612486E-4	0.03518555
5.77699E-4	0.03483556
5.946315E-4	0.034481224
6.120603E-4	0.034122758
6.3E-4	0.033760376
6.4807665E-4	0.03340195
6.6667196E-4	0.033040203
6.858008E-4	0.032675356
7.0547854E-4	0.032307625
7.257209E-4	0.03193723
7.465441E-4	0.0315644
7.6796475E-4	0.031189349
7.9E-4	0.0308123
8.136239E-4	0.030417696
8.379543E-4	0.030021414
8.630122E-4	0.029623704
8.8881946E-4	0.029224811
9.153984E-4	0.028824974
9.427722E-4	0.02842443
9.7096455E-4	0.028023416
0.001	0.027622158
0.0010293103	0.02722873
0.0010594797	0.026835492
0.0010905333	0.026442641
0.0011224973	0.026050378
0.001155398	0.025658887
0.001189263	0.025268355
0.0012241206	0.02487896
0.00126	0.02449087
0.0012961533	0.024112264
0.0013333439	0.023735216
0.0013716016	0.023359869
0.0014109571	0.02298636
0.0014514418	0.022614818
0.0014930882	0.022245368
0.0015359295	0.021878125
0.00158	0.021513203
0.0016272478	0.02113569
0.0016759086	0.02076092
0.0017260244	0.020389
0.0017776389	0.020020029
0.0018307968	0.019654097
0.0018855444	0.019291291
0.0019419291	0.018931692
0.002	0.018575374
0.0020575977	0.018235203
0.002116854	0.017898196
0.002177817	0.017564407
0.0022405356	0.01723388
0.0023050604	0.016906662
0.0023714434	0.016582787
0.0024397383	0.016262293
0.00251	0.01594521
0.0025833033	0.015627235
0.0026587474	0.015312823
0.0027363948	0.015001993
0.0028163097	0.014694764
0.0028985585	0.014391153
0.0029832094	0.014091173
0.0030703326	0.013794834
0.00316	0.013502143
0.0032524571	0.013212581
0.0033476194	0.012926689
0.003445566	0.012644468
0.0035463783	0.012365915
0.0036501405	0.012091027
0.0037569385	0.0118197985
0.003866861	0.011552221
0.00398	0.011288287
0.004096165	0.011028606
0.0042157196	0.010772526
0.0043387646	0.010520034
0.0044654002	0.010271112
0.0045957323	0.010025744
0.0047298684	0.0097839115
0.0048679197	0.009545594
0.00501	0.00931077
0.005156579	0.009078873
0.0053074467	0.008850441
0.005462728	0.00862545
0.0056225527	0.008403871
0.0057870536	0.008185682
0.005956367	0.007970855
0.0061306343	0.0077593606
0.00631	0.007551173
0.006493865	0.007347077
0.0066830874	0.0071462058
0.0068778237	0.006948531
0.007078234	0.0067540263
0.0072844843	0.006562664
0.0074967444	0.006374418
0.00771519	0.0061892616
0.00794	0.006007171
0.008172275	0.0058274306
0.008411343	0.0056507317
0.008657407	0.005477053
0.008910668	0.0053063743
0.009171338	0.005138676
0.009439633	0.004973941
0.009715778	0.004812154
0.01	0.004653301
0.010292081	0.0044976072
0.010592694	0.0043448163
0.010902087	0.0041949204
0.011220517	0.004047912
0.011548247	0.0039037878
0.011885551	0.0037625437
0.012232705	0.003624178
0.01259	0.003488691
0.012957647	0.0033561126
0.013336032	0.0032264148
0.013725464	0.0030996003
0.01412627	0.0029756734
0.014538779	0.0028546378
0.014963334	0.0027364984
0.015400288	0.0026212595
0.01585	0.002508925
0.016312422	0.0023995957
0.016788337	0.002293172
0.017278135	0.0021896556
0.017782224	0.0020890466
0.01830102	0.001991344
0.01883495	0.0018965439
0.019384459	0.0018046414
0.01995	0.0017156289
0.020533005	0.0016293575
0.021133045	0.0015459621
0.021750621	0.0014654265
0.022386245	0.001387732
0.023040446	0.0013128562
0.023713762	0.0012407739
0.024406755	0.0011714563
0.02512	0.0011048713
0.025853088	0.0010410678
0.02660757	9.799157E-4
0.027384069	9.2137355E-4
0.02818323	8.653963E-4
0.029005712	8.11936E-4
0.029852198	7.6094177E-4
0.030723387	7.1236E-4
0.03162	6.661345E-4
0.032543603	6.2216877E-4
0.033494186	5.8044365E-4
0.034472536	5.408961E-4
0.03547946	5.0346134E-4
0.0365158	4.6807303E-4
0.03758241	4.346636E-4
0.03868017	4.031645E-4
0.03981	3.7350628E-4
0.040972695	3.456221E-4
0.042169347	3.1943832E-4
0.04340095	2.9488475E-4
0.044668525	2.7189136E-4
0.04597312	2.5038852E-4
0.047315817	2.3030734E-4
0.04869773	2.115797E-4
0.05012	1.941385E-4
0.0515838	1.77918E-4
0.053090356	1.628536E-4
0.05464091	1.4888235E-4
0.05623675	1.3594294E-4
0.0578792	1.2397583E-4
0.059569612	1.1292337E-4
0.0613094	1.0272986E-4
0.0631	9.33416E-5
0.06494172	8.471223E-5
0.066837184	7.6786186E-5
0.06878798	6.951622E-5
0.070795715	6.285727E-5
0.072862044	5.676638E-5
0.074988686	5.1202776E-5
0.077177405	4.6127803E-5
0.07943	4.1504893E-5
0.08174976	3.729713E-5
0.08413727	3.3474884E-5
0.08659451	3.0007566E-5
0.08912351	2.6866497E-5
0.09172637	2.402484E-5
0.09440525	2.1457525E-5
0.097162366	1.9141195E-5
0.1	1.7054124E-5
0.102919795	1.5176569E-5
0.10592484	1.3489322E-5
0.109017625	1.197511E-5
0.112200715	1.0617992E-5
0.11547674	9.403278E-6
0.11884842	8.317458E-6
0.12231855	7.3481297E-6
0.12589	6.48393E-6
0.12956645	5.714323E-6
0.13335027	5.029988E-6
0.13724458	4.4222684E-6
0.14125264	3.8832854E-6
0.14537773	3.405883E-6
0.14962329	2.9835708E-6
0.15399285	2.6104724E-6
0.15849	2.281276E-6
0.16311829	1.9911997E-6
0.16788174	1.7359106E-6
0.17278428	1.5115236E-6
0.17783	1.3145499E-6
0.18302307	1.1418609E-6
0.18836778	9.906556E-7
0.19386858	8.584297E-7
0.19953	7.429481E-7
0.20535603	6.422303E-7
0.21135218	5.544891E-7
0.21752341	4.7814984E-7
0.22387484	4.1181548E-7
0.23041171	3.5424824E-7
0.23713945	3.043532E-7
0.24406363	2.6116305E-7
0.25119	2.2382464E-7
0.25852492	1.915845E-7
0.26607406	1.6378424E-7
0.27384362	1.3984324E-7
0.28184006	1.1925232E-7
0.29007	1.015656E-7
0.29854023	8.639313E-8
0.30725783	7.339439E-8
0.31623	6.2272456E-8
0.32546407	5.2768836E-8
0.33496782	4.4658613E-8
0.34474903	3.7746567E-8
0.3548159	3.1863447E-8
0.3651767	2.6862693E-8
0.37584007	2.2617591E-8
0.3868148	1.901874E-8
0.39811	1.5971818E-8
0.40973493	1.3395642E-8
0.42169935	1.12203775E-8
0.4340131	9.386099E-9
0.44668642	7.841437E-9
0.4597298	6.5424084E-9
0.47315407	5.451439E-9
0.4869703	4.536433E-9
0.50119	3.770059E-9
0.5158249	3.129042E-9
0.5308872	2.593604E-9
0.5463893	2.1469662E-9
0.5623441	1.7749082E-9
0.57876474	1.4654017E-9
0.59566486	1.2082804E-9
0.61305845	9.949657E-10
0.63096	8.1823937E-10
0.6493842	6.7202666E-10
0.6683464	5.512193E-10
0.6878623	4.5153792E-10
0.7079481	3.6940595E-10
0.72862035	3.018248E-10
0.7498962	2.462841E-10
0.7717934	2.0070756E-10
0.79433	1.63357E-10
0.8175246	1.3278612E-10
0.8413966	1.0779988E-10
0.86596555	8.7405416E-11
0.8912519	7.077938E-11
0.9172767	5.7247318E-11
0.9440614	4.6242676E-11
0.97162825	3.7310377E-11
1.0	3.0065173E-11
1.029201	2.4196645E-11
1.0592546	1.9446889E-11
1.090186	1.5614732E-11
1.1220205	1.2523205E-11
1.1547846	1.0030199E-11
1.1885055	8.026024E-12
1.223211	6.411094E-12
1.25893	5.117462E-12
1.2956905	4.0796255E-12
1.3335243	3.250955E-12
1.3724631	2.588485E-12
1.4125386	2.055689E-12
1.4537846	1.6300294E-12
1.4962348	1.2982948E-12
1.5399245	1.0338397E-12
1.58489	8.11462E-13
1.6311698	6.2738703E-13
1.678801	4.912737E-13
1.727823	3.858025E-13
1.7782766	3.0286884E-13
1.8302034	2.3636648E-13
1.8836465	1.861844E-13
1.9386501	1.4610535E-13
1.99526	1.1479706E-13
2.0535233	8.9039887E-14
2.113488	6.805667E-14
2.1752036	5.2846616E-14
2.2387214	4.141132E-14
2.304094	3.130829E-14
2.3713756	2.3758773E-14
2.4406219	1.787459E-14
2.51189	1.4210855E-14
2.5852382	9.103829E-15
2.6607285	6.1062266E-15
2.7384229	4.32987E-15
2.818386	3.330669E-15
2.900684	2.4424907E-15
2.9853854	1.5543122E-15
3.0725598	1.110223E-15
3.16228	9.992007E-16
3.2546198	7.771561E-16
3.3496559	4.440892E-16
3.447467	3.330669E-16
3.5481343	2.220446E-16
3.6517413	1.110223E-16
3.7583735	0.0
3.8681195	0.0
3.98107	0.0
4.097319	0.0
4.2169633	0.0
4.340101	0.0
4.466834	0.0
4.5972676	0.0
4.7315106	0.0
4.869673	0.0
5.01187	0.0
5.1582193	0.0
5.3088417	0.0
5.463863	0.0
5.62341	0.0
5.7876167	0.0
5.9566183	0.0
6.1305547	0.0
6.30957	0.0
6.493813	0.0
6.683436	0.0
6.878596	0.0
7.079455	0.0
7.286179	0.0
7.4989395	0.0
7.7179127	0.0
7.94328	0.0
8.175228	0.0
8.41395	0.0
8.659641	0.0
8.912508	0.0
9.172758	0.0
9.440608	0.0
9.716279	0.0
10.0	0.0



DATASET #3

Name: 1000yr
Num Points: 2
Info: 

X, Y Data:
0.001	0.001
10.0	0.001



DATASET #4

Name: 2500yr
Num Points: 2
Info: 

X, Y Data:
0.001	4.0E-4
10.0	4.0E-4



DATASET #5

Name: 10000yr
Num Points: 2
Info: 

X, Y Data:
0.001	1.0E-4
10.0	1.0E-4


