
X-Axis: Period (s)
Y-Axis: PSA (g)
Number of Data Sets: 16


DATASET #1

Name: ASK2014 ±σ
Num Points: 22
Info: 

X, Y Data:
0.01	0.12382972	[0.066818416	0.22948463]
0.02	0.12655842	[0.06829082	0.23454154]
0.03	0.13388924	[0.07224653	0.24812722]
0.05	0.15783212	[0.08458358	0.29451314]
0.075	0.20323597	[0.108320154	0.38132203]
0.1	0.2388258	[0.12651157	0.45085013]
0.15	0.27335456	[0.14534877	0.51409256]
0.2	0.27961424	[0.1492883	0.5237124]
0.25	0.25982895	[0.13883841	0.48625657]
0.3	0.23254803	[0.12365101	0.4373485]
0.4	0.19272363	[0.102054685	0.36394602]
0.5	0.16764939	[0.08819203	0.3186945]
0.75	0.12310218	[0.06390158	0.23714824]
1.0	0.09393102	[0.048068	0.18355323]
1.5	0.06109007	[0.030972593	0.120493524]
2.0	0.045616534	[0.022912232	0.0908191]
3.0	0.031352196	[0.015895525	0.061838794]
4.0	0.02319455	[0.011869514	0.04532512]
5.0	0.018569853	[0.009478855	0.036379866]
6.0	0.015860196	[0.008075224	0.031150317]
7.5	0.013089011	[0.0066417414	0.025794774]
10.0	0.0098303	[0.0049459757	0.019538065]



DATASET #2

Name: 
Num Points: 22
Info: 

X, Y Data:
0.01	0.22948463
0.02	0.23454154
0.03	0.24812722
0.05	0.29451314
0.075	0.38132203
0.1	0.45085013
0.15	0.51409256
0.2	0.5237124
0.25	0.48625657
0.3	0.4373485
0.4	0.36394602
0.5	0.3186945
0.75	0.23714824
1.0	0.18355323
1.5	0.120493524
2.0	0.0908191
3.0	0.061838794
4.0	0.04532512
5.0	0.036379866
6.0	0.031150317
7.5	0.025794774
10.0	0.019538065



DATASET #3

Name: 
Num Points: 22
Info: 

X, Y Data:
0.01	0.066818416
0.02	0.06829082
0.03	0.07224653
0.05	0.08458358
0.075	0.108320154
0.1	0.12651157
0.15	0.14534877
0.2	0.1492883
0.25	0.13883841
0.3	0.12365101
0.4	0.102054685
0.5	0.08819203
0.75	0.06390158
1.0	0.048068
1.5	0.030972593
2.0	0.022912232
3.0	0.015895525
4.0	0.011869514
5.0	0.009478855
6.0	0.008075224
7.5	0.0066417414
10.0	0.0049459757



DATASET #4

Name: BSSA2014 ±σ
Num Points: 21
Info: 

X, Y Data:
0.01	0.12454455	[0.06789837	0.22844945]
0.02	0.12423984	[0.06752686	0.22858368]
0.03	0.13169998	[0.070153914	0.24724047]
0.05	0.16147944	[0.081682146	0.31923267]
0.075	0.2009352	[0.098316886	0.41066143]
0.1	0.2276362	[0.11204664	0.46247026]
0.15	0.25865453	[0.13335148	0.5016981]
0.2	0.25474805	[0.13686356	0.47416988]
0.25	0.23458897	[0.1276877	0.4309889]
0.3	0.21313639	[0.1162791	0.39067313]
0.4	0.17789558	[0.096000165	0.32965398]
0.5	0.15000449	[0.079134755	0.28434217]
0.75	0.103925176	[0.052835334	0.20441702]
1.0	0.076809116	[0.038432952	0.15350473]
1.5	0.050757136	[0.025343241	0.10165578]
2.0	0.03715359	[0.018447753	0.07482696]
3.0	0.026226671	[0.012917879	0.053246997]
4.0	0.02195501	[0.010815716	0.044566855]
5.0	0.019826446	[0.009781963	0.040184975]
7.5	0.01472456	[0.0073921517	0.029330116]
10.0	0.010217189	[0.005336152	0.019562965]



DATASET #5

Name: 
Num Points: 21
Info: 

X, Y Data:
0.01	0.22844945
0.02	0.22858368
0.03	0.24724047
0.05	0.31923267
0.075	0.41066143
0.1	0.46247026
0.15	0.5016981
0.2	0.47416988
0.25	0.4309889
0.3	0.39067313
0.4	0.32965398
0.5	0.28434217
0.75	0.20441702
1.0	0.15350473
1.5	0.10165578
2.0	0.07482696
3.0	0.053246997
4.0	0.044566855
5.0	0.040184975
7.5	0.029330116
10.0	0.019562965



DATASET #6

Name: 
Num Points: 21
Info: 

X, Y Data:
0.01	0.06789837
0.02	0.06752686
0.03	0.070153914
0.05	0.081682146
0.075	0.098316886
0.1	0.11204664
0.15	0.13335148
0.2	0.13686356
0.25	0.1276877
0.3	0.1162791
0.4	0.096000165
0.5	0.079134755
0.75	0.052835334
1.0	0.038432952
1.5	0.025343241
2.0	0.018447753
3.0	0.012917879
4.0	0.010815716
5.0	0.009781963
7.5	0.0073921517
10.0	0.005336152



DATASET #7

Name: CB2014 ±σ
Num Points: 21
Info: 

X, Y Data:
0.01	0.13259025	[0.07352993	0.23908868]
0.02	0.1369588	[0.07565784	0.24792819]
0.03	0.15983315	[0.0870681	0.29340982]
0.05	0.21250917	[0.11274272	0.40055934]
0.075	0.24676785	[0.12644131	0.48160183]
0.1	0.25038823	[0.12663475	0.49507955]
0.15	0.24464029	[0.12569852	0.4761303]
0.2	0.22065613	[0.11550844	0.42152008]
0.25	0.20391195	[0.10860347	0.38286147]
0.3	0.19021192	[0.10006107	0.36158496]
0.4	0.1686995	[0.0881472	0.3228636]
0.5	0.14376253	[0.07391853	0.27960056]
0.75	0.099113986	[0.04863074	0.20200357]
1.0	0.07317928	[0.03560552	0.15040384]
1.5	0.05133278	[0.024910105	0.105782546]
2.0	0.039309584	[0.019303985	0.0800479]
3.0	0.026493454	[0.012989944	0.054034352]
4.0	0.02050456	[0.010353499	0.0406082]
5.0	0.015840687	[0.007918122	0.031690266]
7.5	0.007809241	[0.0038780652	0.01572543]
10.0	0.004342468	[0.0021615142	0.00872399]



DATASET #8

Name: 
Num Points: 21
Info: 

X, Y Data:
0.01	0.23908868
0.02	0.24792819
0.03	0.29340982
0.05	0.40055934
0.075	0.48160183
0.1	0.49507955
0.15	0.4761303
0.2	0.42152008
0.25	0.38286147
0.3	0.36158496
0.4	0.3228636
0.5	0.27960056
0.75	0.20200357
1.0	0.15040384
1.5	0.105782546
2.0	0.0800479
3.0	0.054034352
4.0	0.0406082
5.0	0.031690266
7.5	0.01572543
10.0	0.00872399



DATASET #9

Name: 
Num Points: 21
Info: 

X, Y Data:
0.01	0.07352993
0.02	0.07565784
0.03	0.0870681
0.05	0.11274272
0.075	0.12644131
0.1	0.12663475
0.15	0.12569852
0.2	0.11550844
0.25	0.10860347
0.3	0.10006107
0.4	0.0881472
0.5	0.07391853
0.75	0.04863074
1.0	0.03560552
1.5	0.024910105
2.0	0.019303985
3.0	0.012989944
4.0	0.010353499
5.0	0.007918122
7.5	0.0038780652
10.0	0.0021615142



DATASET #10

Name: CY2014 ±σ
Num Points: 24
Info: 

X, Y Data:
0.01	0.12649144	[0.07265418	0.22022249]
0.02	0.12814187	[0.07346588	0.22350974]
0.03	0.14385474	[0.08145506	0.25405645]
0.04	0.16631658	[0.093330964	0.2963776]
0.05	0.19211197	[0.107065074	0.34471563]
0.075	0.24723874	[0.13609086	0.44916314]
0.1	0.27619606	[0.15062483	0.50645214]
0.12	0.2886264	[0.1564263	0.5325525]
0.15	0.29437777	[0.15830691	0.5474067]
0.17	0.29161456	[0.15614758	0.54460686]
0.2	0.28053457	[0.14935392	0.52693385]
0.25	0.2551325	[0.13478097	0.48295087]
0.3	0.23034266	[0.12091554	0.43880004]
0.4	0.18885666	[0.09818779	0.36325127]
0.5	0.1583055	[0.081707746	0.3067106]
0.75	0.10827639	[0.055163283	0.21252863]
1.0	0.07814646	[0.039462622	0.1547507]
1.5	0.048442457	[0.024171716	0.097083375]
2.0	0.034812707	[0.017351225	0.06984664]
3.0	0.02149995	[0.010776567	0.04289379]
4.0	0.01459645	[0.0073431376	0.029014347]
5.0	0.010437097	[0.005267419	0.020680528]
7.5	0.0055130436	[0.0027990264	0.01085865]
10.0	0.003433011	[0.0017504263	0.006732968]



DATASET #11

Name: 
Num Points: 24
Info: 

X, Y Data:
0.01	0.22022249
0.02	0.22350974
0.03	0.25405645
0.04	0.2963776
0.05	0.34471563
0.075	0.44916314
0.1	0.50645214
0.12	0.5325525
0.15	0.5474067
0.17	0.54460686
0.2	0.52693385
0.25	0.48295087
0.3	0.43880004
0.4	0.36325127
0.5	0.3067106
0.75	0.21252863
1.0	0.1547507
1.5	0.097083375
2.0	0.06984664
3.0	0.04289379
4.0	0.029014347
5.0	0.020680528
7.5	0.01085865
10.0	0.006732968



DATASET #12

Name: 
Num Points: 24
Info: 

X, Y Data:
0.01	0.07265418
0.02	0.07346588
0.03	0.08145506
0.04	0.093330964
0.05	0.107065074
0.075	0.13609086
0.1	0.15062483
0.12	0.1564263
0.15	0.15830691
0.17	0.15614758
0.2	0.14935392
0.25	0.13478097
0.3	0.12091554
0.4	0.09818779
0.5	0.081707746
0.75	0.055163283
1.0	0.039462622
1.5	0.024171716
2.0	0.017351225
3.0	0.010776567
4.0	0.0073431376
5.0	0.005267419
7.5	0.0027990264
10.0	0.0017504263



DATASET #13

Name: Psa5_N
Num Points: 63
Info: 

X, Y Data:
0.01	0.059493
0.011	0.0595
0.012	0.059508
0.013	0.059517
0.015	0.059537
0.017	0.059559
0.02	0.059599
0.022	0.059628
0.025	0.059679
0.029	0.059756
0.032	0.059822
0.035	0.059895
0.04	0.060031
0.045	0.060186
0.05	0.060361
0.055	0.060555
0.06	0.060771
0.065	0.061009
0.075	0.061553
0.085	0.062192
0.1	0.063356
0.11	0.064284
0.12	0.065356
0.13	0.066591
0.15	0.069672
0.17	0.073882
0.2	0.083988
0.22	0.096097
0.24	0.12248
0.26	0.1508
0.28	0.1546
0.3	0.16189
0.35	0.16241
0.4	0.19983
0.45	0.18863
0.5	0.18946
0.55	0.20162
0.6	0.18879
0.65	0.15444
0.75	0.1451
0.85	0.1832
1.0	0.15042
1.1	0.11015
1.2	0.1065
1.3	0.0841
1.5	0.073917
1.7	0.07647
2.0	0.070151
2.2	0.059037
2.4	0.045783
2.6	0.031043
2.8	0.034196
3.0	0.028685
3.5	0.025535
4.0	0.023124
4.4	0.015652
5.0	0.015788
5.5	0.011513
6.0	0.011584
6.5	0.008711
7.5	0.0056163
8.5	0.0046711
10.0	0.0035824



DATASET #14

Name: Psa5_E
Num Points: 63
Info: 

X, Y Data:
0.01	0.079271
0.011	0.07928
0.012	0.079289
0.013	0.079299
0.015	0.079321
0.017	0.079346
0.02	0.07939
0.022	0.079424
0.025	0.07948
0.029	0.079566
0.032	0.079639
0.035	0.079719
0.04	0.079871
0.045	0.080045
0.05	0.08024
0.055	0.080458
0.06	0.080699
0.065	0.080964
0.075	0.081572
0.085	0.082288
0.1	0.083592
0.11	0.084635
0.12	0.085842
0.13	0.087234
0.15	0.090729
0.17	0.09555
0.2	0.10739
0.22	0.12234
0.24	0.1554
0.26	0.21557
0.28	0.22092
0.3	0.19617
0.35	0.19082
0.4	0.28301
0.45	0.28711
0.5	0.17502
0.55	0.18537
0.6	0.16041
0.65	0.18807
0.75	0.18606
0.85	0.18264
1.0	0.17513
1.1	0.11525
1.2	0.090769
1.3	0.078745
1.5	0.074231
1.7	0.093891
2.0	0.063806
2.2	0.049238
2.4	0.035849
2.6	0.041149
2.8	0.039894
3.0	0.032731
3.5	0.027375
4.0	0.022824
4.4	0.018178
5.0	0.013743
5.5	0.011628
6.0	0.0098275
6.5	0.0083467
7.5	0.0059383
8.5	0.0052456
10.0	0.0041269



DATASET #15

Name: RotD50
Num Points: 63
Info: 

X, Y Data:
0.01	0.072731
0.011	0.072739
0.012	0.072749
0.013	0.072759
0.015	0.072782
0.017	0.072808
0.02	0.072853
0.022	0.072887
0.025	0.072945
0.029	0.073033
0.032	0.073108
0.035	0.07319
0.04	0.073346
0.045	0.073523
0.05	0.073723
0.055	0.073946
0.06	0.074193
0.065	0.074465
0.075	0.075086
0.085	0.075784
0.1	0.07699
0.11	0.07803
0.12	0.079253
0.13	0.080662
0.15	0.084186
0.17	0.088787
0.2	0.10038
0.22	0.11434
0.24	0.14245
0.26	0.18568
0.28	0.184
0.3	0.1811
0.35	0.17837
0.4	0.24527
0.45	0.24901
0.5	0.17874
0.55	0.19401
0.6	0.17777
0.65	0.162
0.75	0.1606
0.85	0.18292
1.0	0.16271
1.1	0.11245
1.2	0.098795
1.3	0.081625
1.5	0.074074
1.7	0.085663
2.0	0.0664
2.2	0.054359
2.4	0.041117
2.6	0.036655
2.8	0.037153
3.0	0.030774
3.5	0.026555
4.0	0.022939
4.4	0.016985
5.0	0.014583
5.5	0.01157
6.0	0.010691
6.5	0.0085216
7.5	0.0058074
8.5	0.0050168
10.0	0.0038688



DATASET #16

Name: RotD100
Num Points: 63
Info: 

X, Y Data:
0.01	0.092155
0.011	0.092168
0.012	0.092181
0.013	0.092196
0.015	0.09223
0.017	0.092268
0.02	0.092333
0.022	0.092383
0.025	0.092467
0.029	0.092596
0.032	0.092705
0.035	0.092826
0.04	0.093052
0.045	0.09331
0.05	0.093601
0.055	0.093928
0.06	0.094288
0.065	0.094685
0.075	0.095591
0.085	0.09666
0.1	0.098605
0.11	0.10016
0.12	0.10195
0.13	0.10402
0.15	0.10918
0.17	0.11622
0.2	0.13306
0.22	0.15321
0.24	0.19778
0.26	0.26048
0.28	0.25591
0.3	0.2323
0.35	0.22608
0.4	0.33342
0.45	0.33721
0.5	0.22122
0.55	0.25265
0.6	0.22582
0.65	0.19612
0.75	0.21752
0.85	0.25858
1.0	0.20888
1.1	0.15079
1.2	0.134
1.3	0.11171
1.5	0.09422
1.7	0.11566
2.0	0.089507
2.2	0.076873
2.4	0.058143
2.6	0.051458
2.8	0.0525
3.0	0.043516
3.5	0.035991
4.0	0.029677
4.4	0.022676
5.0	0.020611
5.5	0.016335
6.0	0.014603
6.5	0.011301
7.5	0.0077196
8.5	0.0061426
10.0	0.0049711


