
X-Axis: 0.2s SA (g)
Y-Axis: Annual Probabilitiy
Number of Data Sets: 5


DATASET #1

Name: UCERF3
Num Points: 401
Info: 

X, Y Data:
1.0E-4	0.14224866
1.0333392E-4	0.14190081
1.06779E-4	0.14155063
1.1033893E-4	0.14119798
1.14017545E-4	0.14084275
1.178188E-4	0.14048481
1.2174679E-4	0.14012404
1.2580573E-4	0.13976035
1.3E-4	0.13939363
1.334183E-4	0.13910118
1.369265E-4	0.13880673
1.4052694E-4	0.13851024
1.4422205E-4	0.13821167
1.4801433E-4	0.13791096
1.5190631E-4	0.13760811
1.5590065E-4	0.13730307
1.6E-4	0.13699582
1.645257E-4	0.13666312
1.691794E-4	0.13632782
1.7396474E-4	0.13598987
1.7888544E-4	0.13564926
1.8394532E-4	0.13530597
1.8914833E-4	0.13496001
1.944985E-4	0.13461134
2.0E-4	0.13425995
2.0565712E-4	0.13390587
2.1147425E-4	0.13354908
2.1745593E-4	0.13318957
2.236068E-4	0.13282739
2.2993165E-4	0.1324625
2.364354E-4	0.13209493
2.4312311E-4	0.13172472
2.5E-4	0.13135183
2.5783465E-4	0.13093626
2.659148E-4	0.13051748
2.742482E-4	0.13009553
2.8284272E-4	0.12967043
2.917066E-4	0.12924221
3.0084825E-4	0.1288109
3.102764E-4	0.12837651
3.2E-4	0.12793909
3.290514E-4	0.1275411
3.383588E-4	0.12714064
3.4792948E-4	0.12673777
3.5777088E-4	0.12633248
3.6789064E-4	0.12592477
3.7829665E-4	0.12551466
3.88997E-4	0.12510218
4.0E-4	0.12468729
4.1131425E-4	0.12427004
4.229485E-4	0.1238504
4.3491187E-4	0.12342838
4.472136E-4	0.123003975
4.598633E-4	0.122577175
4.728708E-4	0.12214797
4.8624622E-4	0.12171635
5.0E-4	0.12128231
5.1465514E-4	0.120830186
5.2973983E-4	0.120375425
5.4526667E-4	0.11991799
5.612486E-4	0.11945788
5.77699E-4	0.11899504
5.946315E-4	0.11852947
6.120603E-4	0.118061125
6.3E-4	0.11758999
6.4807665E-4	0.11712588
6.6667196E-4	0.11665905
6.858008E-4	0.11618945
7.0547854E-4	0.11571705
7.257209E-4	0.11524184
7.465441E-4	0.11476378
7.6796475E-4	0.11428286
7.9E-4	0.11379905
8.136239E-4	0.11329202
8.379543E-4	0.11278183
8.630122E-4	0.11226843
8.8881946E-4	0.11175182
9.153984E-4	0.11123198
9.427722E-4	0.1107089
9.7096455E-4	0.11018257
0.001	0.10965298
0.0010293103	0.10913058
0.0010594797	0.10860505
0.0010905333	0.10807637
0.0011224973	0.107544556
0.001155398	0.107009605
0.001189263	0.10647151
0.0012241206	0.10593028
0.00126	0.10538593
0.0012961533	0.104849845
0.0013333439	0.10431076
0.0013716016	0.103768684
0.0014109571	0.10322361
0.0014514418	0.10267554
0.0014930882	0.102124475
0.0015359295	0.101570405
0.00158	0.10101333
0.0016272478	0.10042989
0.0016759086	0.09984317
0.0017260244	0.09925315
0.0017776389	0.09865981
0.0018307968	0.09806314
0.0018855444	0.097463116
0.0019419291	0.0968597
0.002	0.09625288
0.0020575977	0.09566491
0.002116854	0.09507372
0.002177817	0.09447928
0.0022405356	0.093881555
0.0023050604	0.093280524
0.0023714434	0.09267615
0.0024397383	0.09206842
0.00251	0.091457285
0.0025833033	0.09083419
0.0026587474	0.09020757
0.0027363948	0.0895774
0.0028163097	0.08894367
0.0028985585	0.08830639
0.0029832094	0.08766555
0.0030703326	0.087021165
0.00316	0.08637325
0.0032524571	0.08572065
0.0033476194	0.085064575
0.003445566	0.08440508
0.0035463783	0.08374223
0.0036501405	0.08307609
0.0037569385	0.08240675
0.003866861	0.08173432
0.00398	0.0810589
0.004096165	0.08038226
0.0042157196	0.079702914
0.0043387646	0.07902102
0.0044654002	0.078336746
0.0045957323	0.077650264
0.0047298684	0.07696177
0.0048679197	0.076271474
0.00501	0.0755796
0.005156579	0.07488471
0.0053074467	0.0741887
0.005462728	0.07349183
0.0056225527	0.07279433
0.0057870536	0.0720965
0.005956367	0.07139859
0.0061306343	0.07070089
0.00631	0.07000367
0.006493865	0.06931002
0.0066830874	0.06861741
0.0068778237	0.06792613
0.007078234	0.06723647
0.0072844843	0.06654869
0.0074967444	0.06586307
0.00771519	0.06517989
0.00794	0.06449939
0.008172275	0.0638192
0.008411343	0.06314221
0.008657407	0.062468655
0.008910668	0.061798763
0.009171338	0.061132733
0.009439633	0.06047076
0.009715778	0.05981302
0.01	0.059159674
0.010292081	0.05851186
0.010592694	0.057868704
0.010902087	0.057230312
0.011220517	0.05659678
0.011548247	0.055968177
0.011885551	0.055344567
0.012232705	0.054725986
0.01259	0.05411246
0.012957647	0.053504128
0.013336032	0.052900847
0.013725464	0.05230258
0.01412627	0.051709298
0.014538779	0.051120933
0.014963334	0.050537422
0.015400288	0.04995868
0.01585	0.04938461
0.016312422	0.048815615
0.016788337	0.04825106
0.017278135	0.04769082
0.017782224	0.047134764
0.01830102	0.046582747
0.01883495	0.046034627
0.019384459	0.04549025
0.01995	0.04494946
0.020533005	0.044411235
0.021133045	0.04387629
0.021750621	0.043344475
0.022386245	0.042815626
0.023040446	0.042289585
0.023713762	0.041766204
0.024406755	0.041245326
0.02512	0.040726803
0.025853088	0.04021119
0.02660757	0.03969765
0.027384069	0.039186053
0.02818323	0.038676277
0.029005712	0.038168207
0.029852198	0.03766173
0.030723387	0.037156753
0.03162	0.036653183
0.032543603	0.03615049
0.033494186	0.035649046
0.034472536	0.03514879
0.03547946	0.03464966
0.0365158	0.03415161
0.03758241	0.0336546
0.03868017	0.0331586
0.03981	0.03266359
0.040972695	0.032169618
0.042169347	0.031676617
0.04340095	0.03118459
0.044668525	0.030693552
0.04597312	0.03020352
0.047315817	0.029714523
0.04869773	0.029226596
0.05012	0.028739776
0.0515838	0.028254116
0.053090356	0.027769666
0.05464091	0.027286485
0.05623675	0.02680464
0.0578792	0.026324203
0.059569612	0.02584525
0.0613094	0.025367863
0.0631	0.024892129
0.06494172	0.024418438
0.066837184	0.023946585
0.06878798	0.023476675
0.070795715	0.023008808
0.072862044	0.0225431
0.074988686	0.022079661
0.077177405	0.021618612
0.07943	0.021160074
0.08174976	0.020703899
0.08413727	0.020250497
0.08659451	0.019800002
0.08912351	0.019352552
0.09172637	0.018908288
0.09440525	0.018467356
0.097162366	0.018029904
0.1	0.017596085
0.102919795	0.017166154
0.10592484	0.016740164
0.109017625	0.016318271
0.112200715	0.01590064
0.11547674	0.015487427
0.11884842	0.015078797
0.12231855	0.014674913
0.12589	0.014275937
0.12956645	0.013881955
0.13335027	0.013493206
0.13724458	0.013109848
0.14125264	0.012732037
0.14537773	0.0123599265
0.14962329	0.011993664
0.15399285	0.011633396
0.15849	0.011279259
0.16311829	0.0109314015
0.16788174	0.010589933
0.17278428	0.010254974
0.17783	0.009926631
0.18302307	0.009605008
0.18836778	0.009290197
0.19386858	0.008982278
0.19953	0.008681324
0.20535603	0.0083874315
0.21135218	0.00810061
0.21752341	0.007820898
0.22387484	0.0075483215
0.23041171	0.0072828936
0.23713945	0.007024615
0.24406363	0.0067734746
0.25119	0.006529449
0.25852492	0.006292487
0.26607406	0.0060625575
0.27384362	0.0058396007
0.28184006	0.005623546
0.29007	0.0054143113
0.29854023	0.0052118045
0.30725783	0.0050159227
0.31623	0.004826555
0.32546407	0.004643581
0.33496782	0.004466871
0.34474903	0.0042962884
0.3548159	0.004131691
0.3651767	0.0039729294
0.37584007	0.0038198505
0.3868148	0.0036722955
0.39811	0.0035301028
0.40973493	0.003393109
0.42169935	0.0032611468
0.4340131	0.0031340488
0.44668642	0.003011647
0.4597298	0.0028937738
0.47315407	0.0027802633
0.4869703	0.0026709505
0.50119	0.0025656729
0.5158249	0.002464271
0.5308872	0.0023665887
0.5463893	0.0022724739
0.5623441	0.002181779
0.57876474	0.0020943608
0.59566486	0.002010081
0.61305845	0.0019288072
0.63096	0.001850412
0.6493842	0.0017747739
0.6683464	0.0017017772
0.6878623	0.0016313117
0.7079481	0.0015632736
0.72862035	0.0014975644
0.7498962	0.0014340917
0.7717934	0.0013727688
0.79433	0.0013135143
0.8175246	0.0012562524
0.8413966	0.0012009122
0.86596555	0.0011474275
0.8912519	0.0010957372
0.9172767	0.0010457842
0.9440614	9.975159E-4
0.97162825	9.508829E-4
1.0	9.0583984E-4
1.029201	8.6234324E-4
1.0592546	8.2035473E-4
1.090186	7.798374E-4
1.1220205	7.407567E-4
1.1547846	7.0308E-4
1.1885055	6.6677644E-4
1.223211	6.318166E-4
1.25893	5.981724E-4
1.2956905	5.65818E-4
1.3335243	5.347255E-4
1.3724631	5.048692E-4
1.4125386	4.7622368E-4
1.4537846	4.4876378E-4
1.4962348	4.2246442E-4
1.5399245	3.9730055E-4
1.58489	3.7324693E-4
1.6311698	3.5027752E-4
1.678801	3.2836728E-4
1.727823	3.0749018E-4
1.7782766	2.8761986E-4
1.8302034	2.687295E-4
1.8836465	2.5079193E-4
1.9386501	2.3377963E-4
1.99526	2.1766474E-4
2.0535233	2.024189E-4
2.113488	1.8801379E-4
2.1752036	1.7442065E-4
2.2387214	1.6161062E-4
2.304094	1.495547E-4
2.3713756	1.3822383E-4
2.4406219	1.27589E-4
2.51189	1.1762127E-4
2.5852382	1.08292006E-4
2.6607285	9.957253E-5
2.7384229	9.1434624E-5
2.818386	8.385043E-5
2.900684	7.679254E-5
2.9853854	7.023405E-5
3.0725598	6.41486E-5
3.16228	5.851045E-5
3.2546198	5.3294545E-5
3.3496559	4.847651E-5
3.447467	4.403272E-5
3.5481343	3.994034E-5
3.6517413	3.617734E-5
3.7583735	3.2722517E-5
3.8681195	2.9555538E-5
3.98107	2.6656917E-5
4.097319	2.400803E-5
4.2169633	2.1591159E-5
4.340101	1.938944E-5
4.466834	1.7386878E-5
4.5972676	1.5568337E-5
4.7315106	1.3919528E-5
4.869673	1.2426984E-5
5.01187	1.1078052E-5
5.1582193	9.860864E-6
5.3088417	8.7643175E-6
5.463863	7.778043E-6
5.62341	6.8923846E-6
5.7876167	6.0983625E-6
5.9566183	5.38765E-6
6.1305547	4.7525405E-6
6.30957	4.185916E-6
6.493813	3.6812166E-6
6.683436	3.2324103E-6
6.878596	2.8339616E-6
7.079455	2.4808012E-6
7.286179	2.1682968E-6
7.4989395	1.8922237E-6
7.7179127	1.6487377E-6
7.94328	1.4343476E-6
8.175228	1.2458892E-6
8.41395	1.0805007E-6
8.659641	9.3559936E-7
8.912508	8.0885866E-7
9.172758	6.9818725E-7
9.440608	6.017089E-7
9.716279	5.17744E-7
10.0	4.4479168E-7



DATASET #2

Name: RSQSim
Num Points: 401
Info: 

X, Y Data:
1.0E-4	0.24436393
1.0333392E-4	0.24390878
1.06779E-4	0.24344788
1.1033893E-4	0.24298105
1.14017545E-4	0.24250805
1.178188E-4	0.24202867
1.2174679E-4	0.24154267
1.2580573E-4	0.24104981
1.3E-4	0.24054986
1.334183E-4	0.240149
1.369265E-4	0.23974343
1.4052694E-4	0.239333
1.4422205E-4	0.23891762
1.4801433E-4	0.23849714
1.5190631E-4	0.23807144
1.5590065E-4	0.23764041
1.6E-4	0.23720391
1.645257E-4	0.2367286
1.691794E-4	0.23624666
1.7396474E-4	0.23575796
1.7888544E-4	0.23526236
1.8394532E-4	0.2347597
1.8914833E-4	0.23424986
1.944985E-4	0.23373266
2.0E-4	0.23320797
2.0565712E-4	0.23267567
2.1147425E-4	0.23213562
2.1745593E-4	0.23158771
2.236068E-4	0.2310318
2.2993165E-4	0.2304678
2.364354E-4	0.22989558
2.4312311E-4	0.22931504
2.5E-4	0.2287261
2.5783465E-4	0.22806469
2.659148E-4	0.22739278
2.742482E-4	0.22671029
2.8284272E-4	0.22601716
2.917066E-4	0.22531332
3.0084825E-4	0.22459875
3.102764E-4	0.2238734
3.2E-4	0.2231373
3.290514E-4	0.22246268
3.383588E-4	0.22177929
3.4792948E-4	0.22108719
3.5777088E-4	0.22038642
3.6789064E-4	0.21967706
3.7829665E-4	0.2189592
3.88997E-4	0.21823293
4.0E-4	0.21749836
4.1131425E-4	0.21675564
4.229485E-4	0.2160049
4.3491187E-4	0.21524629
4.472136E-4	0.21448
4.598633E-4	0.21370623
4.728708E-4	0.21292515
4.8624622E-4	0.21213703
5.0E-4	0.21134205
5.1465514E-4	0.21051176
5.2973983E-4	0.2096747
5.4526667E-4	0.20883116
5.612486E-4	0.20798147
5.77699E-4	0.20712593
5.946315E-4	0.20626493
6.120603E-4	0.20539877
6.3E-4	0.20452783
6.4807665E-4	0.2036707
6.6667196E-4	0.20280968
6.858008E-4	0.20194511
7.0547854E-4	0.20107737
7.257209E-4	0.2002068
7.465441E-4	0.19933377
7.6796475E-4	0.19845861
7.9E-4	0.1975817
8.136239E-4	0.1966668
8.379543E-4	0.19575077
8.630122E-4	0.19483393
8.8881946E-4	0.1939167
9.153984E-4	0.19299938
9.427722E-4	0.19208232
9.7096455E-4	0.19116583
0.001	0.19025025
0.0010293103	0.18935369
0.0010594797	0.18845849
0.0010905333	0.18756488
0.0011224973	0.18667306
0.001155398	0.1857832
0.001189263	0.18489549
0.0012241206	0.18401001
0.00126	0.18312691
0.0012961533	0.1822645
0.0013333439	0.1814045
0.0013716016	0.18054692
0.0014109571	0.17969176
0.0014514418	0.17883901
0.0014930882	0.17798863
0.0015359295	0.17714055
0.00158	0.17629467
0.0016272478	0.17541584
0.0016759086	0.17453915
0.0017260244	0.17366439
0.0017776389	0.17279136
0.0018307968	0.17191985
0.0018855444	0.17104962
0.0019419291	0.1701804
0.002	0.16931191
0.0020575977	0.16847546
0.002116854	0.16763912
0.002177817	0.16680263
0.0022405356	0.16596565
0.0023050604	0.16512789
0.0023714434	0.16428904
0.0024397383	0.16344878
0.00251	0.16260678
0.0025833033	0.16175097
0.0026587474	0.16089271
0.0027363948	0.16003166
0.0028163097	0.15916748
0.0028985585	0.15829983
0.0029832094	0.15742843
0.0030703326	0.15655291
0.00316	0.15567301
0.0032524571	0.1547868
0.0033476194	0.15389559
0.003445566	0.15299913
0.0035463783	0.15209715
0.0036501405	0.15118942
0.0037569385	0.15027569
0.003866861	0.1493558
0.00398	0.14842953
0.004096165	0.14749897
0.0042157196	0.14656176
0.0043387646	0.14561775
0.0044654002	0.14466685
0.0045957323	0.14370896
0.0047298684	0.14274402
0.0048679197	0.14177197
0.00501	0.14079279
0.005156579	0.13980411
0.0053074467	0.13880827
0.005462728	0.1378053
0.0056225527	0.13679524
0.0057870536	0.13577816
0.005956367	0.13475415
0.0061306343	0.1337233
0.00631	0.13268577
0.006493865	0.13164584
0.0066830874	0.13059954
0.0068778237	0.12954706
0.007078234	0.12848854
0.0072844843	0.12742418
0.0074967444	0.12635419
0.00771519	0.12527879
0.00794	0.12419817
0.008172275	0.12310835
0.008411343	0.122013755
0.008657407	0.12091464
0.008910668	0.119811244
0.009171338	0.118703835
0.009439633	0.11759266
0.009715778	0.116477996
0.01	0.11536009
0.010292081	0.114240944
0.010592694	0.113119096
0.010902087	0.11199481
0.011220517	0.11086834
0.011548247	0.10973996
0.011885551	0.10860991
0.012232705	0.10747843
0.01259	0.10634579
0.012957647	0.10521245
0.013336032	0.10407842
0.013725464	0.102943905
0.01412627	0.10180914
0.014538779	0.100674324
0.014963334	0.09953967
0.015400288	0.09840537
0.01585	0.097271614
0.016312422	0.0961396
0.016788337	0.09500848
0.017278135	0.09387841
0.017782224	0.09274956
0.01830102	0.09162205
0.01883495	0.09049603
0.019384459	0.08937162
0.01995	0.088248946
0.020533005	0.087126285
0.021133045	0.08600556
0.021750621	0.08488688
0.022386245	0.08377032
0.023040446	0.08265595
0.023713762	0.08154385
0.024406755	0.08043408
0.02512	0.079326674
0.025853088	0.078223184
0.02660757	0.07712215
0.027384069	0.076023616
0.02818323	0.074927606
0.029005712	0.07383414
0.029852198	0.07274325
0.030723387	0.07165495
0.03162	0.070569254
0.032543603	0.06948523
0.033494186	0.06840384
0.034472536	0.06732511
0.03547946	0.06624905
0.0365158	0.06517567
0.03758241	0.064105
0.03868017	0.06303706
0.03981	0.061971877
0.040972695	0.06090961
0.042169347	0.05985018
0.04340095	0.058793634
0.044668525	0.057740036
0.04597312	0.05668945
0.047315817	0.05564196
0.04869773	0.05459766
0.05012	0.05355666
0.0515838	0.052519076
0.053090356	0.051485047
0.05464091	0.05045472
0.05623675	0.04942827
0.0578792	0.04840587
0.059569612	0.047387734
0.0613094	0.04637408
0.0631	0.04536514
0.06494172	0.044361807
0.066837184	0.04336372
0.06878798	0.042371165
0.070795715	0.04138446
0.072862044	0.040403925
0.074988686	0.03942991
0.077177405	0.03846277
0.07943	0.03750288
0.08174976	0.03655006
0.08413727	0.035605285
0.08659451	0.03466897
0.08912351	0.03374154
0.09172637	0.03282342
0.09440525	0.031915046
0.097162366	0.031016855
0.1	0.03012929
0.102919795	0.029253
0.10592484	0.02838821
0.109017625	0.027535351
0.112200715	0.026694853
0.11547674	0.02586713
0.11884842	0.025052596
0.12231855	0.024251638
0.12589	0.023464637
0.12956645	0.022691807
0.13335027	0.021933643
0.13724458	0.021190466
0.14125264	0.020462576
0.14537773	0.019750243
0.14962329	0.019053716
0.15399285	0.018373216
0.15849	0.017708933
0.16311829	0.017061058
0.16788174	0.016429694
0.17278428	0.015814941
0.17783	0.015216872
0.18302307	0.014635524
0.18836778	0.014070906
0.19386858	0.013522995
0.19953	0.012991736
0.20535603	0.012477106
0.21135218	0.011978929
0.21752341	0.011497061
0.22387484	0.011031332
0.23041171	0.010581549
0.23713945	0.01014749
0.24406363	0.0097289095
0.25119	0.009325543
0.25852492	0.0089370785
0.26607406	0.008563237
0.27384362	0.0082036955
0.28184006	0.007858117
0.29007	0.007526148
0.29854023	0.0072074267
0.30725783	0.0069015776
0.31623	0.0066082203
0.32546407	0.006326967
0.33496782	0.0060574226
0.34474903	0.00579919
0.3548159	0.0055518723
0.3651767	0.0053150696
0.37584007	0.0050883857
0.3868148	0.0048714257
0.39811	0.0046638004
0.40973493	0.004465125
0.42169935	0.0042750207
0.4340131	0.0040931148
0.44668642	0.0039190454
0.4597298	0.0037524581
0.47315407	0.003593009
0.4869703	0.0034403647
0.50119	0.0032942027
0.5158249	0.003154212
0.5308872	0.0030200933
0.5463893	0.0028915599
0.5623441	0.0027683368
0.57876474	0.0026501622
0.59566486	0.0025367865
0.61305845	0.002427972
0.63096	0.002323494
0.6493842	0.00222314
0.6683464	0.0021267098
0.6878623	0.0020340136
0.7079481	0.0019448743
0.72862035	0.0018591254
0.7498962	0.0017766114
0.7717934	0.0016971868
0.79433	0.0016207161
0.8175246	0.001547073
0.8413966	0.0014761402
0.86596555	0.0014078086
0.8912519	0.0013419774
0.9172767	0.0012785525
0.9440614	0.0012174471
0.97162825	0.0011585806
1.0	0.0011018784
1.029201	0.0010472693
1.0592546	9.946905E-4
1.090186	9.440813E-4
1.1220205	8.9538546E-4
1.1547846	8.4855E-4
1.1885055	8.0352504E-4
1.223211	7.602633E-4
1.25893	7.1871973E-4
1.2956905	6.7885284E-4
1.3335243	6.406196E-4
1.3724631	6.039799E-4
1.4125386	5.688947E-4
1.4537846	5.353259E-4
1.4962348	5.032359E-4
1.5399245	4.725876E-4
1.58489	4.4334415E-4
1.6311698	4.154682E-4
1.678801	3.88924E-4
1.727823	3.6367486E-4
1.7782766	3.396841E-4
1.8302034	3.169148E-4
1.8836465	2.9532998E-4
1.9386501	2.7489246E-4
1.99526	2.5556484E-4
2.0535233	2.3730956E-4
2.113488	2.2008918E-4
2.1752036	2.0386608E-4
2.2387214	1.8860264E-4
2.304094	1.7426134E-4
2.3713756	1.6080479E-4
2.4406219	1.4819579E-4
2.51189	1.3639744E-4
2.5852382	1.2537338E-4
2.6607285	1.1508735E-4
2.7384229	1.05503794E-4
2.818386	9.658775E-5
2.900684	8.830492E-5
2.9853854	8.062175E-5
3.0725598	7.3505485E-5
3.16228	6.692422E-5
3.2546198	6.084698E-5
3.3496559	5.5243727E-5
3.447467	5.008543E-5
3.5481343	4.5344095E-5
3.6517413	4.0992792E-5
3.7583735	3.7005677E-5
3.8681195	3.3358E-5
3.98107	3.002613E-5
4.097319	2.698753E-5
4.2169633	2.422081E-5
4.340101	2.1705666E-5
4.466834	1.9422883E-5
4.5972676	1.7354329E-5
4.7315106	1.5482921E-5
4.869673	1.3792612E-5
5.01187	1.2268352E-5
5.1582193	1.08960685E-5
5.3088417	9.662622E-6
5.463863	8.55578E-6
5.62341	7.5641765E-6
5.7876167	6.6772723E-6
5.9566183	5.8853184E-6
6.1305547	5.1793168E-6
6.30957	4.550979E-6
6.493813	3.9926867E-6
6.683436	3.4974548E-6
6.878596	3.0588903E-6
7.079455	2.6711548E-6
7.286179	2.3289285E-6
7.4989395	2.027374E-6
7.7179127	1.7621009E-6
7.94328	1.5291345E-6
8.175228	1.3248826E-6
8.41395	1.1461061E-6
8.659641	9.8989E-7
8.912508	8.536163E-7
9.172758	7.349389E-7
9.440608	6.317594E-7
9.716279	5.4220476E-7
10.0	4.646066E-7



DATASET #3

Name: 1000yr
Num Points: 2
Info: 

X, Y Data:
0.001	0.001
10.0	0.001



DATASET #4

Name: 2500yr
Num Points: 2
Info: 

X, Y Data:
0.001	4.0E-4
10.0	4.0E-4



DATASET #5

Name: 10000yr
Num Points: 2
Info: 

X, Y Data:
0.001	1.0E-4
10.0	1.0E-4


