
X-Axis: 0.2s SA (g)
Y-Axis: Annual Probabilitiy
Number of Data Sets: 5


DATASET #1

Name: UCERF3
Num Points: 401
Info: 

X, Y Data:
1.0E-4	0.14723498
1.0333392E-4	0.14691353
1.06779E-4	0.1465919
1.1033893E-4	0.14626996
1.14017545E-4	0.14594756
1.178188E-4	0.14562456
1.2174679E-4	0.14530084
1.2580573E-4	0.1449762
1.3E-4	0.14465053
1.334183E-4	0.14439194
1.369265E-4	0.14413252
1.4052694E-4	0.14387219
1.4422205E-4	0.14361088
1.4801433E-4	0.1433485
1.5190631E-4	0.14308497
1.5590065E-4	0.14282021
1.6E-4	0.14255416
1.645257E-4	0.14226669
1.691794E-4	0.14197755
1.7396474E-4	0.1416866
1.7888544E-4	0.14139378
1.8394532E-4	0.14109898
1.8914833E-4	0.1408021
1.944985E-4	0.14050308
2.0E-4	0.1402018
2.0565712E-4	0.1398982
2.1147425E-4	0.13959217
2.1745593E-4	0.13928364
2.236068E-4	0.13897252
2.2993165E-4	0.13865875
2.364354E-4	0.13834222
2.4312311E-4	0.13802285
2.5E-4	0.13770062
2.5783465E-4	0.13734065
2.659148E-4	0.13697696
2.742482E-4	0.13660945
2.8284272E-4	0.13623802
2.917066E-4	0.13586259
3.0084825E-4	0.13548306
3.102764E-4	0.13509935
3.2E-4	0.13471138
3.290514E-4	0.13435695
3.383588E-4	0.1339989
3.4792948E-4	0.13363717
3.5777088E-4	0.13327171
3.6789064E-4	0.13290246
3.7829665E-4	0.13252933
3.88997E-4	0.13215229
4.0E-4	0.13177125
4.1131425E-4	0.13138615
4.229485E-4	0.13099693
4.3491187E-4	0.1306035
4.472136E-4	0.13020581
4.598633E-4	0.12980378
4.728708E-4	0.1293973
4.8624622E-4	0.12898631
5.0E-4	0.12857074
5.1465514E-4	0.12813537
5.2973983E-4	0.12769488
5.4526667E-4	0.12724914
5.612486E-4	0.12679803
5.77699E-4	0.12634145
5.946315E-4	0.12587926
6.120603E-4	0.12541133
6.3E-4	0.12493753
6.4807665E-4	0.12446773
6.6667196E-4	0.12399203
6.858008E-4	0.12351029
7.0547854E-4	0.123022355
7.257209E-4	0.122528076
7.465441E-4	0.12202731
7.6796475E-4	0.121519886
7.9E-4	0.12100566
8.136239E-4	0.12046265
8.379543E-4	0.1199119
8.630122E-4	0.119353235
8.8881946E-4	0.11878648
9.153984E-4	0.11821145
9.427722E-4	0.11762796
9.7096455E-4	0.11703587
0.001	0.116435
0.0010293103	0.11583721
0.0010594797	0.11523069
0.0010905333	0.114615306
0.0011224973	0.113990955
0.001155398	0.113357514
0.001189263	0.1127149
0.0012241206	0.11206303
0.00126	0.11140183
0.0012961533	0.110745296
0.0013333439	0.11007974
0.0013716016	0.109405175
0.0014109571	0.10872161
0.0014514418	0.10802906
0.0014930882	0.10732759
0.0015359295	0.10661727
0.00158	0.105898194
0.0016272478	0.105140045
0.0016759086	0.10437269
0.0017260244	0.103596315
0.0017776389	0.10281114
0.0018307968	0.10201742
0.0018855444	0.10121541
0.0019419291	0.100405425
0.002	0.09958779
0.0020575977	0.09879304
0.002116854	0.09799186
0.002177817	0.09718462
0.0022405356	0.0963717
0.0023050604	0.09555352
0.0023714434	0.09473048
0.0024397383	0.093903035
0.00251	0.09307165
0.0025833033	0.092225164
0.0026587474	0.091375604
0.0027363948	0.09052349
0.0028163097	0.08966934
0.0028985585	0.08881369
0.0029832094	0.08795708
0.0030703326	0.08710004
0.00316	0.08624311
0.0032524571	0.08538526
0.0033476194	0.08452861
0.003445566	0.08367368
0.0035463783	0.08282098
0.0036501405	0.081971034
0.0037569385	0.08112433
0.003866861	0.08028135
0.00398	0.07944256
0.004096165	0.07861041
0.0042157196	0.0777833
0.0043387646	0.07696162
0.0044654002	0.07614575
0.0045957323	0.07533604
0.0047298684	0.074532814
0.0048679197	0.07373637
0.00501	0.07294698
0.005156579	0.07216303
0.0053074467	0.07138663
0.005462728	0.070617944
0.0056225527	0.06985715
0.0057870536	0.06910435
0.005956367	0.06835966
0.0061306343	0.06762314
0.00631	0.06689482
0.006493865	0.066177584
0.0066830874	0.0654685
0.0068778237	0.06476751
0.007078234	0.06407456
0.0072844843	0.06338957
0.0074967444	0.06271243
0.00771519	0.06204301
0.00794	0.061381176
0.008172275	0.060724236
0.008411343	0.060074594
0.008657407	0.059432074
0.008910668	0.058796465
0.009171338	0.058167562
0.009439633	0.057545144
0.009715778	0.056928992
0.01	0.05631887
0.010292081	0.05571548
0.010592694	0.055117637
0.010902087	0.05452512
0.011220517	0.053937696
0.011548247	0.05335514
0.011885551	0.052777227
0.012232705	0.05220375
0.01259	0.05163449
0.012957647	0.05106938
0.013336032	0.050508097
0.013725464	0.04995046
0.01412627	0.049396303
0.014538779	0.04884546
0.014963334	0.048297778
0.015400288	0.047753125
0.01585	0.04721138
0.016312422	0.046672903
0.016788337	0.046137113
0.017278135	0.045603916
0.017782224	0.045073245
0.01830102	0.04454503
0.01883495	0.044019222
0.019384459	0.043495778
0.01995	0.042974673
0.020533005	0.042455044
0.021133045	0.041937735
0.021750621	0.041422747
0.022386245	0.040910095
0.023040446	0.040399797
0.023713762	0.03989188
0.024406755	0.039386384
0.02512	0.038883355
0.025853088	0.038383503
0.02660757	0.037886214
0.027384069	0.03739154
0.02818323	0.036899548
0.029005712	0.036410306
0.029852198	0.03592388
0.030723387	0.035440344
0.03162	0.034959767
0.032543603	0.03448181
0.033494186	0.034006957
0.034472536	0.033535294
0.03547946	0.033066884
0.0365158	0.0326018
0.03758241	0.03214011
0.03868017	0.031681873
0.03981	0.031227153
0.040972695	0.030776056
0.042169347	0.030328581
0.04340095	0.029884776
0.044668525	0.02944468
0.04597312	0.029008329
0.047315817	0.028575752
0.04869773	0.028146971
0.05012	0.027722003
0.0515838	0.027300859
0.053090356	0.026883539
0.05464091	0.026470037
0.05623675	0.02606034
0.0578792	0.025654431
0.059569612	0.02525228
0.0613094	0.02485386
0.0631	0.024459122
0.06494172	0.024068268
0.066837184	0.023680998
0.06878798	0.023297248
0.070795715	0.022916956
0.072862044	0.022540053
0.074988686	0.022166464
0.077177405	0.021796111
0.07943	0.021428915
0.08174976	0.02106457
0.08413727	0.020703217
0.08659451	0.020344766
0.08912351	0.01998913
0.09172637	0.019636225
0.09440525	0.019285962
0.097162366	0.018938262
0.1	0.018593041
0.102919795	0.018250309
0.10592484	0.017909907
0.109017625	0.01757177
0.112200715	0.017235838
0.11547674	0.016902057
0.11884842	0.01657038
0.12231855	0.01624077
0.12589	0.015913198
0.12956645	0.015587579
0.13335027	0.015263966
0.13724458	0.014942358
0.14125264	0.014622762
0.14537773	0.014305196
0.14962329	0.013989689
0.15399285	0.013676278
0.15849	0.013365012
0.16311829	0.01305596
0.16788174	0.012749175
0.17278428	0.012444732
0.17783	0.012142713
0.18302307	0.011843209
0.18836778	0.011546317
0.19386858	0.011252139
0.19953	0.010960784
0.20535603	0.0106724
0.21135218	0.010387065
0.21752341	0.010104898
0.22387484	0.00982602
0.23041171	0.009550551
0.23713945	0.009278609
0.24406363	0.009010315
0.25119	0.008745784
0.25852492	0.008485111
0.26607406	0.008228425
0.27384362	0.007975827
0.28184006	0.0077274186
0.29007	0.0074832905
0.29854023	0.007243528
0.30725783	0.0070082103
0.31623	0.006777406
0.32546407	0.00655118
0.33496782	0.006329583
0.34474903	0.0061126603
0.3548159	0.0059004477
0.3651767	0.005692972
0.37584007	0.005490251
0.3868148	0.005292294
0.39811	0.0050991033
0.40973493	0.0049106716
0.42169935	0.004726983
0.4340131	0.004548015
0.44668642	0.0043737376
0.4597298	0.004204115
0.47315407	0.0040391036
0.4869703	0.0038786572
0.50119	0.0037227217
0.5158249	0.0035712398
0.5308872	0.0034241502
0.5463893	0.0032813882
0.5623441	0.0031428868
0.57876474	0.0030085754
0.59566486	0.002878383
0.61305845	0.002752236
0.63096	0.002630061
0.6493842	0.0025117833
0.6683464	0.0023973281
0.6878623	0.0022866207
0.7079481	0.0021795868
0.72862035	0.002076153
0.7498962	0.001976246
0.7717934	0.0018797944
0.79433	0.0017867271
0.8175246	0.0016969743
0.8413966	0.0016104672
0.86596555	0.0015271382
0.8912519	0.0014469206
0.9172767	0.0013697488
0.9440614	0.0012955583
0.97162825	0.0012242851
1.0	0.001155866
1.029201	0.0010902367
1.0592546	0.001027337
1.090186	9.6710515E-4
1.1220205	9.094793E-4
1.1547846	8.543981E-4
1.1885055	8.018E-4
1.223211	7.516233E-4
1.25893	7.038061E-4
1.2956905	6.582882E-4
1.3335243	6.15005E-4
1.3724631	5.738937E-4
1.4125386	5.3489115E-4
1.4537846	4.979337E-4
1.4962348	4.6295743E-4
1.5399245	4.2989798E-4
1.58489	3.986908E-4
1.6311698	3.6927033E-4
1.678801	3.4157257E-4
1.727823	3.1553255E-4
1.7782766	2.9108545E-4
1.8302034	2.681666E-4
1.8836465	2.4671166E-4
1.9386501	2.2665669E-4
1.99526	2.0793841E-4
2.0535233	1.9049409E-4
2.113488	1.7426208E-4
2.1752036	1.5918163E-4
2.2387214	1.4519306E-4
2.304094	1.3223791E-4
2.3713756	1.20259116E-4
2.4406219	1.0920101E-4
2.51189	9.900953E-5
2.5852382	8.963234E-5
2.6607285	8.1018596E-5
2.7384229	7.3119365E-5
2.818386	6.588759E-5
2.900684	5.9278078E-5
2.9853854	5.3247597E-5
3.0725598	4.7754856E-5
3.16228	4.2760526E-5
3.2546198	3.8227263E-5
3.3496559	3.4119646E-5
3.447467	3.0404222E-5
3.5481343	2.704944E-5
3.6517413	2.4025629E-5
3.7583735	2.1304955E-5
3.8681195	1.886137E-5
3.98107	1.667056E-5
4.097319	1.4709868E-5
4.2169633	1.2958272E-5
4.340101	1.1396279E-5
4.466834	1.0005867E-5
4.5972676	8.770417E-6
4.7315106	7.674637E-6
4.869673	6.704495E-6
5.01187	5.847138E-6
5.1582193	5.0908266E-6
5.3088417	4.4248627E-6
5.463863	3.839518E-6
5.62341	3.3259673E-6
5.7876167	2.8762245E-6
5.9566183	2.4830779E-6
6.1305547	2.140031E-6
6.30957	1.8412442E-6
6.493813	1.5814807E-6
6.683436	1.356055E-6
6.878596	1.1607843E-6
7.079455	9.919427E-7
7.286179	8.462183E-7
7.4989395	7.2067485E-7
7.7179127	6.127139E-7
7.94328	5.2004145E-7
8.175228	4.406367E-7
8.41395	3.727233E-7
8.659641	3.1474326E-7
8.912508	2.6533306E-7
9.172758	2.2330187E-7
9.440608	1.8761199E-7
9.716279	1.5736114E-7
10.0	1.3176638E-7



DATASET #2

Name: RSQSim
Num Points: 401
Info: 

X, Y Data:
1.0E-4	0.25067803
1.0333392E-4	0.25029606
1.06779E-4	0.24991097
1.1033893E-4	0.24952267
1.14017545E-4	0.24913111
1.178188E-4	0.24873619
1.2174679E-4	0.24833778
1.2580573E-4	0.24793576
1.3E-4	0.24753
1.334183E-4	0.24720614
1.369265E-4	0.24687977
1.4052694E-4	0.24655081
1.4422205E-4	0.24621919
1.4801433E-4	0.24588479
1.5190631E-4	0.24554753
1.5590065E-4	0.24520731
1.6E-4	0.24486403
1.645257E-4	0.24449156
1.691794E-4	0.24411531
1.7396474E-4	0.24373509
1.7888544E-4	0.24335077
1.8394532E-4	0.24296221
1.8914833E-4	0.24256922
1.944985E-4	0.24217167
2.0E-4	0.24176936
2.0565712E-4	0.24136214
2.1147425E-4	0.24094981
2.1745593E-4	0.2405322
2.236068E-4	0.24010915
2.2993165E-4	0.23968042
2.364354E-4	0.23924586
2.4312311E-4	0.23880525
2.5E-4	0.23835842
2.5783465E-4	0.23785658
2.659148E-4	0.23734657
2.742482E-4	0.23682815
2.8284272E-4	0.23630102
2.917066E-4	0.23576488
3.0084825E-4	0.23521946
3.102764E-4	0.23466448
3.2E-4	0.23409964
3.290514E-4	0.23358035
3.383588E-4	0.23305258
3.4792948E-4	0.2325161
3.5777088E-4	0.23197068
3.6789064E-4	0.23141617
3.7829665E-4	0.23085232
3.88997E-4	0.23027895
4.0E-4	0.22969587
4.1131425E-4	0.22910286
4.229485E-4	0.22849974
4.3491187E-4	0.22788635
4.472136E-4	0.22726247
4.598633E-4	0.22662795
4.728708E-4	0.22598262
4.8624622E-4	0.22532633
5.0E-4	0.22465892
5.1465514E-4	0.22395581
5.2973983E-4	0.22324048
5.4526667E-4	0.22251278
5.612486E-4	0.2217726
5.77699E-4	0.22101982
5.946315E-4	0.22025435
6.120603E-4	0.21947609
6.3E-4	0.21868499
6.4807665E-4	0.21789779
6.6667196E-4	0.21709818
6.858008E-4	0.21628612
7.0547854E-4	0.21546161
7.257209E-4	0.21462466
7.465441E-4	0.21377528
7.6796475E-4	0.21291348
7.9E-4	0.21203935
8.136239E-4	0.21111582
8.379543E-4	0.21017905
8.630122E-4	0.20922916
8.8881946E-4	0.20826626
9.153984E-4	0.2072905
9.427722E-4	0.20630205
9.7096455E-4	0.20530108
0.001	0.20428778
0.0010293103	0.20328254
0.0010594797	0.20226584
0.0010905333	0.20123796
0.0011224973	0.20019908
0.001155398	0.19914947
0.001189263	0.19808942
0.0012241206	0.19701914
0.00126	0.19593897
0.0012961533	0.19487189
0.0013333439	0.19379586
0.0013716016	0.19271116
0.0014109571	0.19161807
0.0014514418	0.19051692
0.0014930882	0.18940797
0.0015359295	0.18829156
0.00158	0.18716797
0.0016272478	0.18599036
0.0016759086	0.18480565
0.0017260244	0.18361418
0.0017776389	0.1824163
0.0018307968	0.18121235
0.0018855444	0.18000267
0.0019419291	0.17878759
0.002	0.17756745
0.0020575977	0.17638728
0.002116854	0.175203
0.002177817	0.17401488
0.0022405356	0.17282322
0.0023050604	0.17162827
0.0023714434	0.1704303
0.0024397383	0.16922957
0.00251	0.16802631
0.0025833033	0.16680403
0.0026587474	0.16557965
0.0027363948	0.16435342
0.0028163097	0.16312554
0.0028985585	0.16189626
0.0029832094	0.16066578
0.0030703326	0.15943432
0.00316	0.15820205
0.0032524571	0.15696694
0.0033476194	0.15573141
0.003445566	0.15449563
0.0035463783	0.1532598
0.0036501405	0.15202406
0.0037569385	0.15078858
0.003866861	0.14955352
0.00398	0.14831905
0.004096165	0.14708826
0.0042157196	0.14585833
0.0043387646	0.14462942
0.0044654002	0.14340164
0.0045957323	0.14217512
0.0047298684	0.14095002
0.0048679197	0.13972646
0.00501	0.13850455
0.005156579	0.13728157
0.0053074467	0.13606049
0.005462728	0.13484149
0.0056225527	0.13362466
0.0057870536	0.13241012
0.005956367	0.13119803
0.0061306343	0.12998849
0.00631	0.12878162
0.006493865	0.12758236
0.0066830874	0.126386
0.0068778237	0.12519266
0.007078234	0.12400246
0.0072844843	0.12281552
0.0074967444	0.12163196
0.00771519	0.12045189
0.00794	0.11927544
0.008172275	0.11809816
0.008411343	0.116924755
0.008657407	0.115755334
0.008910668	0.11459001
0.009171338	0.1134289
0.009439633	0.11227209
0.009715778	0.1111197
0.01	0.10997182
0.010292081	0.108830296
0.010592694	0.107693456
0.010902087	0.106561385
0.011220517	0.105434164
0.011548247	0.104311876
0.011885551	0.10319457
0.012232705	0.10208233
0.01259	0.10097521
0.012957647	0.0998735
0.013336032	0.098776996
0.013725464	0.09768575
0.01412627	0.09659978
0.014538779	0.09551912
0.014963334	0.09444378
0.015400288	0.09337378
0.01585	0.09230912
0.016312422	0.09125074
0.016788337	0.090197675
0.017278135	0.0891499
0.017782224	0.08810741
0.01830102	0.08707015
0.01883495	0.0860381
0.019384459	0.085011214
0.01995	0.08398946
0.020533005	0.0829711
0.021133045	0.08195779
0.021750621	0.08094944
0.022386245	0.079946004
0.023040446	0.07894742
0.023713762	0.07795362
0.024406755	0.07696455
0.02512	0.07598013
0.025853088	0.07500162
0.02660757	0.074027635
0.027384069	0.07305811
0.02818323	0.072093
0.029005712	0.07113225
0.029852198	0.07017581
0.030723387	0.06922365
0.03162	0.06827573
0.032543603	0.067331195
0.033494186	0.06639086
0.034472536	0.06545472
0.03547946	0.064522766
0.0365158	0.063595004
0.03758241	0.06267146
0.03868017	0.06175214
0.03981	0.06083709
0.040972695	0.059926447
0.042169347	0.05902016
0.04340095	0.058118287
0.044668525	0.0572209
0.04597312	0.056328066
0.047315817	0.055439875
0.04869773	0.05455641
0.05012	0.05367778
0.0515838	0.052804075
0.053090356	0.05193541
0.05464091	0.051071882
0.05623675	0.05021362
0.0578792	0.049360733
0.059569612	0.048513338
0.0613094	0.047671556
0.0631	0.046835504
0.06494172	0.046005823
0.066837184	0.045182098
0.06878798	0.044364445
0.070795715	0.043552972
0.072862044	0.042747788
0.074988686	0.041948993
0.077177405	0.041156683
0.07943	0.04037095
0.08174976	0.039591417
0.08413727	0.038818635
0.08659451	0.038052686
0.08912351	0.03729363
0.09172637	0.036541536
0.09440525	0.035796463
0.097162366	0.035058457
0.1	0.03432757
0.102919795	0.03360402
0.10592484	0.032887656
0.109017625	0.032178517
0.112200715	0.03147664
0.11547674	0.03078204
0.11884842	0.030094752
0.12231855	0.029414793
0.12589	0.02874219
0.12956645	0.028076835
0.13335027	0.027418882
0.13724458	0.026768353
0.14125264	0.026125275
0.14537773	0.025489673
0.14962329	0.024861576
0.15399285	0.024241017
0.15849	0.02362803
0.16311829	0.023022678
0.16788174	0.022424975
0.17278428	0.02183497
0.17783	0.021252707
0.18302307	0.020678237
0.18836778	0.020111619
0.19386858	0.019552905
0.19953	0.01900216
0.20535603	0.01845951
0.21135218	0.017924953
0.21752341	0.017398555
0.22387484	0.01688038
0.23041171	0.0163705
0.23713945	0.015868977
0.24406363	0.015375878
0.25119	0.014891269
0.25852492	0.014415179
0.26607406	0.013947702
0.27384362	0.0134888925
0.28184006	0.013038803
0.29007	0.012597481
0.29854023	0.012164969
0.30725783	0.011741305
0.31623	0.01132652
0.32546407	0.010920642
0.33496782	0.010523686
0.34474903	0.010135665
0.3548159	0.009756582
0.3651767	0.009386435
0.37584007	0.009025214
0.3868148	0.008672903
0.39811	0.008329475
0.40973493	0.007994902
0.42169935	0.0076691424
0.4340131	0.007352149
0.44668642	0.007043869
0.4597298	0.006744242
0.47315407	0.0064532016
0.4869703	0.006170675
0.50119	0.005896584
0.5158249	0.005630843
0.5308872	0.005373362
0.5463893	0.0051240465
0.5623441	0.0048827957
0.57876474	0.0046495055
0.59566486	0.0044240663
0.61305845	0.0042063645
0.63096	0.0039962837
0.6493842	0.0037937034
0.6683464	0.0035984986
0.6878623	0.0034105426
0.7079481	0.0032297047
0.72862035	0.0030558521
0.7498962	0.0028888488
0.7717934	0.0027285572
0.79433	0.0025748366
0.8175246	0.0024275447
0.8413966	0.002286537
0.86596555	0.0021516674
0.8912519	0.0020227875
0.9172767	0.0018997478
0.9440614	0.0017823974
0.97162825	0.001670584
1.0	0.0015641544
1.029201	0.0014629517
1.0592546	0.0013668234
1.090186	0.0012756141
1.1220205	0.0011891677
1.1547846	0.0011073276
1.1885055	0.0010299378
1.223211	9.568418E-4
1.25893	8.8788406E-4
1.2956905	8.2291197E-4
1.3335243	7.6176855E-4
1.3724631	7.043006E-4
1.4125386	6.5035647E-4
1.4537846	5.9978606E-4
1.4962348	5.5244105E-4
1.5399245	5.081753E-4
1.58489	4.668448E-4
1.6311698	4.2830725E-4
1.678801	3.9242525E-4
1.727823	3.590632E-4
1.7782766	3.2808867E-4
1.8302034	2.9937254E-4
1.8836465	2.727893E-4
1.9386501	2.4821705E-4
1.99526	2.2553779E-4
2.0535233	2.0463724E-4
2.113488	1.8540556E-4
2.1752036	1.6773681E-4
2.2387214	1.5152928E-4
2.304094	1.3668551E-4
2.3713756	1.2311226E-4
2.4406219	1.1072062E-4
2.51189	9.94259E-5
2.5852382	8.9147834E-5
2.6607285	7.9810015E-5
2.7384229	7.134034E-5
2.818386	6.36708E-5
2.900684	5.6737328E-5
2.9853854	5.0479754E-5
3.0725598	4.4841665E-5
3.16228	3.9770308E-5
3.2546198	3.521646E-5
3.3496559	3.113427E-5
3.447467	2.7481145E-5
3.5481343	2.4217601E-5
3.6517413	2.130712E-5
3.7583735	1.8716002E-5
3.8681195	1.6413207E-5
3.98107	1.4370222E-5
4.097319	1.2560891E-5
4.2169633	1.0961312E-5
4.340101	9.549654E-6
4.466834	8.306035E-6
4.5972676	7.212389E-6
4.7315106	6.252332E-6
4.869673	5.4110415E-6
5.01187	4.675136E-6
5.1582193	4.0325604E-6
5.3088417	3.4724785E-6
5.463863	2.9851717E-6
5.62341	2.5619413E-6
5.7876167	2.1950198E-6
5.9566183	1.877485E-6
6.1305547	1.6031821E-6
6.30957	1.3666497E-6
6.493813	1.1630525E-6
6.683436	9.881189E-7
6.878596	8.3808305E-7
7.079455	7.096319E-7
7.286179	5.998571E-7
7.4989395	5.062112E-7
7.7179127	4.2646735E-7
7.94328	3.5868294E-7
8.175228	3.011672E-7
8.41395	2.5245149E-7
8.659641	2.1126273E-7
8.912508	1.7649975E-7
9.172758	1.4721206E-7
9.440608	1.2258084E-7
9.716279	1.0190229E-7
10.0	8.4572584E-8



DATASET #3

Name: 1000yr
Num Points: 2
Info: 

X, Y Data:
0.001	0.001
10.0	0.001



DATASET #4

Name: 2500yr
Num Points: 2
Info: 

X, Y Data:
0.001	4.0E-4
10.0	4.0E-4



DATASET #5

Name: 10000yr
Num Points: 2
Info: 

X, Y Data:
0.001	1.0E-4
10.0	1.0E-4


