
X-Axis: Normalized Interevent Time
Y-Axis: Probability
Number of Data Sets: 3


DATASET #1

     Name: Bruce 2412 Histogram
   Points: 41
     Info: 

Data[x,y]:
0.05	  0.021947218
0.15	  0.02946807
0.25	  0.03534801
0.35	  0.051346917
0.45	  0.042390265
0.55	  0.048817176
0.65	  0.06830302
0.75	  0.07657596
0.85	  0.107753314
0.95	  0.13940927
1.05	  0.115957886
1.15	  0.03979215
1.25	  0.030015042
1.35	  0.023793245
1.45	  0.025297416
1.55	  0.028374128
1.65	  0.02105839
1.75	  0.013811021
1.85	  0.010392452
1.95	  0.00786271
2.05	  0.006290168
2.15	  0.00587994
2.25	  0.006221797
2.35	  0.0054697115
2.45	  0.0042390265
2.55	  0.003486941
2.65	  0.003486941
2.75	  0.003145084
2.85	  0.0028715986
2.95	  0.00246137
3.05	  0.002256256
3.15	  0.0019827704
3.25	  0.0017776563
3.35	  9.571995E-4
3.45	  0.0010255709
3.55	  0.0012990565
3.65	  0.0010939423
3.75	  0.0011623137
3.85	  3.4185697E-4
3.95	  8.204567E-4
4.05	  0.006016683



DATASET #2

     Name: Log-Normal Fit
   Points: 401
     Info: 

Data[x,y]:
0.005	  1.6846524E-11
0.015	  1.690568E-8
0.025	  5.691692E-7
0.035	  5.219817E-6
0.045	  2.4499628E-5
0.055	  7.746121E-5
0.065	  1.8979998E-4
0.075	  3.901971E-4
0.085	  7.066161E-4
0.095	  0.0011634578
0.105	  0.001779807
0.115	  0.002568654
0.125	  0.0035368488
0.135	  0.004685542
0.145	  0.0060109063
0.155	  0.0075049843
0.165	  0.00915656
0.175	  0.010951986
0.185	  0.01287593
0.195	  0.014912028
0.205	  0.017043421
0.215	  0.019253207
0.225	  0.021524796
0.235	  0.023842176
0.245	  0.026190128
0.255	  0.028554354
0.265	  0.030921586
0.275	  0.033279628
0.285	  0.035617393
0.295	  0.037924886
0.305	  0.04019318
0.315	  0.04241441
0.325	  0.044581678
0.335	  0.046689037
0.345	  0.04873142
0.355	  0.050704572
0.365	  0.052604996
0.375	  0.054429892
0.385	  0.05617709
0.395	  0.057845004
0.405	  0.05943255
0.415	  0.06093913
0.425	  0.062364556
0.435	  0.06370901
0.445	  0.06497301
0.455	  0.066157356
0.465	  0.06726309
0.475	  0.068291485
0.485	  0.06924401
0.495	  0.070122264
0.505	  0.07092801
0.515	  0.0716631
0.525	  0.072329484
0.535	  0.07292917
0.545	  0.07346426
0.555	  0.07393684
0.565	  0.07434906
0.575	  0.07470307
0.585	  0.075001016
0.595	  0.07524506
0.605	  0.07543734
0.615	  0.075579956
0.625	  0.07567501
0.635	  0.07572455
0.645	  0.07573061
0.655	  0.07569515
0.665	  0.075620115
0.675	  0.0755074
0.685	  0.07535885
0.695	  0.07517625
0.705	  0.07496135
0.715	  0.07471583
0.725	  0.07444134
0.735	  0.074139476
0.745	  0.073811755
0.755	  0.07345966
0.765	  0.07308464
0.775	  0.07268806
0.785	  0.07227125
0.795	  0.07183549
0.805	  0.071382016
0.815	  0.070912
0.825	  0.07042659
0.835	  0.069926865
0.845	  0.06941388
0.855	  0.06888862
0.865	  0.06835205
0.875	  0.0678051
0.885	  0.06724863
0.895	  0.066683486
0.905	  0.06611047
0.915	  0.065530345
0.925	  0.064943835
0.935	  0.06435164
0.945	  0.063754424
0.955	  0.06315282
0.965	  0.062547415
0.975	  0.061938796
0.985	  0.0613275
0.995	  0.06071404
1.005	  0.060098905
1.015	  0.05948256
1.025	  0.05886545
1.035	  0.058247983
1.045	  0.05763056
1.055	  0.057013553
1.065	  0.05639731
1.075	  0.055782173
1.085	  0.05516845
1.095	  0.054556433
1.105	  0.05394641
1.115	  0.053338636
1.125	  0.05273336
1.135	  0.05213082
1.145	  0.051531218
1.155	  0.05093477
1.165	  0.050341662
1.175	  0.049752068
1.185	  0.049166158
1.195	  0.048584085
1.205	  0.04800599
1.215	  0.047432005
1.225	  0.046862252
1.235	  0.046296846
1.245	  0.045735892
1.255	  0.045179483
1.265	  0.044627707
1.275	  0.044080645
1.285	  0.04353836
1.295	  0.04300093
1.305	  0.042468406
1.315	  0.041940838
1.325	  0.041418277
1.335	  0.04090076
1.345	  0.04038832
1.355	  0.039880987
1.365	  0.03937879
1.375	  0.038881745
1.385	  0.038389865
1.395	  0.037903167
1.405	  0.037421655
1.415	  0.036945336
1.425	  0.036474206
1.435	  0.03600826
1.445	  0.0355475
1.455	  0.03509191
1.465	  0.03464148
1.475	  0.034196194
1.485	  0.03375604
1.495	  0.033320993
1.505	  0.032891035
1.515	  0.032466143
1.525	  0.03204629
1.535	  0.031631444
1.545	  0.031221585
1.555	  0.030816678
1.565	  0.030416692
1.575	  0.030021593
1.585	  0.029631348
1.595	  0.029245922
1.605	  0.028865278
1.615	  0.02848938
1.625	  0.028118184
1.635	  0.027751656
1.645	  0.027389755
1.655	  0.02703244
1.665	  0.02667967
1.675	  0.026331404
1.685	  0.025987599
1.695	  0.025648212
1.705	  0.0253132
1.715	  0.02498252
1.725	  0.024656128
1.735	  0.02433398
1.745	  0.024016032
1.755	  0.02370224
1.765	  0.02339256
1.775	  0.023086946
1.785	  0.022785354
1.795	  0.022487741
1.805	  0.022194061
1.815	  0.021904271
1.825	  0.021618323
1.835	  0.021336176
1.845	  0.021057785
1.855	  0.020783106
1.865	  0.020512093
1.875	  0.020244705
1.885	  0.019980896
1.895	  0.019720627
1.905	  0.019463848
1.915	  0.019210523
1.925	  0.018960604
1.935	  0.018714054
1.945	  0.018470826
1.955	  0.01823088
1.965	  0.017994175
1.975	  0.017760668
1.985	  0.017530322
1.995	  0.017303092
2.005	  0.017078942
2.015	  0.016857829
2.025	  0.016639713
2.035	  0.016424559
2.045	  0.016212326
2.055	  0.016002974
2.065	  0.015796466
2.075	  0.015592766
2.085	  0.015391835
2.095	  0.0151936365
2.105	  0.014998134
2.115	  0.014805292
2.125	  0.014615073
2.135	  0.014427444
2.145	  0.014242369
2.155	  0.014059813
2.165	  0.013879742
2.175	  0.0137021225
2.185	  0.013526921
2.195	  0.013354105
2.205	  0.01318364
2.215	  0.013015497
2.225	  0.012849641
2.235	  0.012686042
2.245	  0.012524668
2.255	  0.01236549
2.265	  0.012208477
2.275	  0.012053598
2.285	  0.011900824
2.295	  0.011750126
2.305	  0.011601475
2.315	  0.011454843
2.325	  0.011310201
2.335	  0.0111675225
2.345	  0.011026778
2.355	  0.010887943
2.365	  0.01075099
2.375	  0.010615892
2.385	  0.010482623
2.395	  0.010351158
2.405	  0.010221471
2.415	  0.010093538
2.425	  0.009967334
2.435	  0.009842834
2.445	  0.009720015
2.455	  0.009598854
2.465	  0.009479325
2.475	  0.009361409
2.485	  0.009245079
2.495	  0.009130316
2.505	  0.009017096
2.515	  0.008905398
2.525	  0.0087952
2.535	  0.008686482
2.545	  0.0085792225
2.555	  0.0084734
2.565	  0.008368996
2.575	  0.008265989
2.585	  0.00816436
2.595	  0.00806409
2.605	  0.00796516
2.615	  0.00786755
2.625	  0.0077712405
2.635	  0.0076762154
2.645	  0.0075824554
2.655	  0.0074899434
2.665	  0.0073986608
2.675	  0.007308591
2.685	  0.007219717
2.695	  0.0071320217
2.705	  0.0070454883
2.715	  0.0069601005
2.725	  0.0068758423
2.735	  0.006792698
2.745	  0.006710652
2.755	  0.0066296877
2.765	  0.0065497914
2.775	  0.0064709475
2.785	  0.0063931406
2.795	  0.0063163573
2.805	  0.0062405826
2.815	  0.006165802
2.825	  0.006092002
2.835	  0.006019169
2.845	  0.0059472895
2.855	  0.0058763493
2.865	  0.005806336
2.875	  0.005737237
2.885	  0.0056690387
2.895	  0.005601729
2.905	  0.005535295
2.915	  0.0054697245
2.925	  0.0054050055
2.935	  0.005341127
2.945	  0.0052780765
2.955	  0.0052158423
2.965	  0.0051544136
2.975	  0.005093779
2.985	  0.005033927
2.995	  0.004974847
3.005	  0.004916529
3.015	  0.0048589613
3.025	  0.0048021344
3.035	  0.0047460375
3.045	  0.0046906606
3.055	  0.004635994
3.065	  0.004582027
3.075	  0.004528751
3.085	  0.004476156
3.095	  0.0044242325
3.105	  0.0043729716
3.115	  0.004322364
3.125	  0.004272401
3.135	  0.0042230724
3.145	  0.0041743712
3.155	  0.004126288
3.165	  0.0040788143
3.175	  0.0040319418
3.185	  0.0039856625
3.195	  0.0039399676
3.205	  0.0038948501
3.215	  0.0038503013
3.225	  0.0038063137
3.235	  0.0037628799
3.245	  0.003719992
3.255	  0.0036776424
3.265	  0.0036358244
3.275	  0.0035945303
3.285	  0.003553753
3.295	  0.0035134857
3.305	  0.0034737212
3.315	  0.0034344532
3.325	  0.0033956743
3.335	  0.0033573783
3.345	  0.0033195585
3.355	  0.0032822087
3.365	  0.0032453223
3.375	  0.0032088934
3.385	  0.0031729154
3.395	  0.0031373824
3.405	  0.0031022886
3.415	  0.0030676278
3.425	  0.0030333945
3.435	  0.0029995828
3.445	  0.002966187
3.455	  0.0029332016
3.465	  0.0029006214
3.475	  0.0028684405
3.485	  0.0028366537
3.495	  0.0028052558
3.505	  0.0027742418
3.515	  0.0027436065
3.525	  0.0027133445
3.535	  0.0026834514
3.545	  0.002653922
3.555	  0.0026247515
3.565	  0.0025959352
3.575	  0.0025674684
3.585	  0.0025393467
3.595	  0.002511565
3.605	  0.0024841193
3.615	  0.002457005
3.625	  0.0024302176
3.635	  0.002403753
3.645	  0.0023776072
3.655	  0.0023517755
3.665	  0.002326254
3.675	  0.0023010387
3.685	  0.0022761254
3.695	  0.0022515105
3.705	  0.0022271897
3.715	  0.0022031595
3.725	  0.002179416
3.735	  0.0021559552
3.745	  0.0021327736
3.755	  0.002109868
3.765	  0.0020872343
3.775	  0.002064869
3.785	  0.0020427688
3.795	  0.0020209302
3.805	  0.00199935
3.815	  0.0019780246
3.825	  0.0019569506
3.835	  0.0019361252
3.845	  0.0019155449
3.855	  0.0018952065
3.865	  0.0018751072
3.875	  0.0018552436
3.885	  0.0018356128
3.895	  0.0018162119
3.905	  0.0017970379
3.915	  0.0017780878
3.925	  0.0017593588
3.935	  0.0017408482
3.945	  0.001722553
3.955	  0.0017044707
3.965	  0.0016865984
3.975	  0.0016689335
3.985	  0.0016514735
3.995	  0.0016342156
4.005	  0.0016171572



DATASET #3

     Name: BPT Fit
   Points: 401
     Info: Mean = 100.0, Aperiodicity = 0.5, Duration = 30.0, Delta T = 1.0, Num Points = 500, Historic Open Interval = 0.0
Computed mean = 0.97766316

Data[x,y]:
0.0	  0.0
0.01	  0.0
0.02	  4.1299894E-23
0.03	  3.7963017E-15
0.04	  3.185791E-11
0.05	  6.646657E-9
0.06	  2.2147546E-7
0.07	  2.6059568E-6
0.08	  1.607018E-5
0.09	  6.4613E-5
0.1	  1.929755E-4
0.11	  4.6498925E-4
0.12	  9.54879E-4
0.13	  0.0017354937
0.14	  0.0028676752
0.15	  0.00439321
0.16	  0.006331895
0.17	  0.008682038
0.18	  0.011423253
0.19	  0.01452044
0.2	  0.017928079
0.21	  0.02159427
0.22	  0.025464227
0.23	  0.029483074
0.24	  0.033597946
0.25	  0.037759468
0.26	  0.041922715
0.27	  0.04604773
0.28	  0.05009972
0.29	  0.054049008
0.3	  0.05787084
0.31	  0.061545044
0.32	  0.06505565
0.33	  0.06839048
0.34	  0.071540706
0.35	  0.07450045
0.36	  0.07726637
0.37	  0.07983732
0.38	  0.082213975
0.39	  0.084398545
0.4	  0.086394526
0.41	  0.08820642
0.42	  0.08983955
0.43	  0.09129987
0.44	  0.09259381
0.45	  0.09372814
0.46	  0.09470985
0.47	  0.09554607
0.48	  0.096243955
0.49	  0.09681068
0.5	  0.09725331
0.51	  0.09757881
0.52	  0.097793974
0.53	  0.09790543
0.54	  0.09791959
0.55	  0.09784266
0.56	  0.097680606
0.57	  0.09743915
0.58	  0.097123764
0.59	  0.09673971
0.6	  0.09629196
0.61	  0.09578528
0.62	  0.09522419
0.63	  0.094612956
0.64	  0.09395566
0.65	  0.09325613
0.66	  0.092517994
0.67	  0.09174468
0.68	  0.090939425
0.69	  0.09010525
0.7	  0.08924504
0.71	  0.08836148
0.72	  0.08745708
0.73	  0.08653424
0.74	  0.08559516
0.75	  0.08464193
0.76	  0.08367651
0.77	  0.082700714
0.78	  0.08171624
0.79	  0.080724694
0.8	  0.079727545
0.81	  0.07872619
0.82	  0.0777219
0.83	  0.07671589
0.84	  0.075709246
0.85	  0.07470303
0.86	  0.073698185
0.87	  0.0726956
0.88	  0.07169609
0.89	  0.07070041
0.9	  0.069709264
0.91	  0.06872329
0.92	  0.06774309
0.93	  0.06676919
0.94	  0.0658021
0.95	  0.06484226
0.96	  0.063890085
0.97	  0.062945955
0.98	  0.062010203
0.99	  0.061083138
1.0	  0.060165036
1.01	  0.059256144
1.02	  0.058356676
1.03	  0.057466827
1.04	  0.056586765
1.05	  0.05571664
1.06	  0.054856583
1.07	  0.054006692
1.08	  0.053167064
1.09	  0.052337766
1.1	  0.051518857
1.11	  0.050710384
1.12	  0.049912367
1.13	  0.049124833
1.14	  0.04834778
1.15	  0.047581203
1.16	  0.046825092
1.17	  0.046079412
1.18	  0.04534414
1.19	  0.044619225
1.2	  0.043904625
1.21	  0.043200284
1.22	  0.042506136
1.23	  0.04182212
1.24	  0.04114816
1.25	  0.04048418
1.26	  0.039830096
1.27	  0.03918583
1.28	  0.038551286
1.29	  0.03792638
1.3	  0.03731101
1.31	  0.03670508
1.32	  0.036108494
1.33	  0.03552115
1.34	  0.034942944
1.35	  0.03437377
1.36	  0.03381353
1.37	  0.033262104
1.38	  0.032719392
1.39	  0.032185286
1.4	  0.031659674
1.41	  0.031142447
1.42	  0.030633496
1.43	  0.03013271
1.44	  0.029639978
1.45	  0.029155193
1.46	  0.028678242
1.47	  0.028209018
1.48	  0.027747408
1.49	  0.027293306
1.5	  0.026846604
1.51	  0.026407195
1.52	  0.025974968
1.53	  0.025549822
1.54	  0.025131647
1.55	  0.024720341
1.56	  0.024315799
1.57	  0.023917917
1.58	  0.023526596
1.59	  0.023141732
1.6	  0.022763228
1.61	  0.022390982
1.62	  0.022024898
1.63	  0.021664878
1.64	  0.021310827
1.65	  0.02096265
1.66	  0.020620253
1.67	  0.020283543
1.68	  0.019952431
1.69	  0.019626826
1.7	  0.019306637
1.71	  0.01899178
1.72	  0.018682165
1.73	  0.018377708
1.74	  0.018078325
1.75	  0.017783932
1.76	  0.017494448
1.77	  0.017209789
1.78	  0.01692988
1.79	  0.01665464
1.8	  0.01638399
1.81	  0.01611786
1.82	  0.015856167
1.83	  0.015598842
1.84	  0.01534581
1.85	  0.015097001
1.86	  0.014852343
1.87	  0.014611767
1.88	  0.014375204
1.89	  0.014142587
1.9	  0.01391385
1.91	  0.013688927
1.92	  0.013467754
1.93	  0.013250268
1.94	  0.013036407
1.95	  0.012826108
1.96	  0.012619314
1.97	  0.012415962
1.98	  0.012215997
1.99	  0.0120193595
2.0	  0.011825994
2.01	  0.011635845
2.02	  0.011448857
2.03	  0.011264978
2.04	  0.011084153
2.05	  0.010906333
2.06	  0.010731465
2.07	  0.010559499
2.08	  0.010390386
2.09	  0.010224077
2.1	  0.0100605255
2.11	  0.009899683
2.12	  0.009741505
2.13	  0.009585945
2.14	  0.009432959
2.15	  0.009282503
2.16	  0.009134535
2.17	  0.008989011
2.18	  0.008845891
2.19	  0.008705133
2.2	  0.008566696
2.21	  0.008430542
2.22	  0.008296633
2.23	  0.008164929
2.24	  0.008035394
2.25	  0.00790799
2.26	  0.0077826814
2.27	  0.007659432
2.28	  0.0075382073
2.29	  0.0074189734
2.3	  0.0073016956
2.31	  0.007186341
2.32	  0.007072877
2.33	  0.006961272
2.34	  0.0068514943
2.35	  0.0067435126
2.36	  0.0066372966
2.37	  0.006532816
2.38	  0.006430043
2.39	  0.006328947
2.4	  0.0062295
2.41	  0.0061316746
2.42	  0.0060354434
2.43	  0.005940779
2.44	  0.0058476552
2.45	  0.0057560466
2.46	  0.0056659263
2.47	  0.0055772704
2.48	  0.005490054
2.49	  0.0054042526
2.5	  0.005319842
2.51	  0.0052368
2.52	  0.0051551023
2.53	  0.005074727
2.54	  0.004995652
2.55	  0.004917855
2.56	  0.0048413146
2.57	  0.00476601
2.58	  0.0046919207
2.59	  0.004619026
2.6	  0.004547306
2.61	  0.004476741
2.62	  0.0044073113
2.63	  0.004338999
2.64	  0.004271784
2.65	  0.0042056493
2.66	  0.004140576
2.67	  0.0040765465
2.68	  0.004013544
2.69	  0.003951551
2.7	  0.0038905507
2.71	  0.0038305265
2.72	  0.0037714625
2.73	  0.0037133424
2.74	  0.0036561505
2.75	  0.0035998719
2.76	  0.003544491
2.77	  0.003489993
2.78	  0.0034363633
2.79	  0.0033835876
2.8	  0.0033316517
2.81	  0.0032805419
2.82	  0.0032302442
2.83	  0.0031807455
2.84	  0.0031320327
2.85	  0.0030840924
2.86	  0.0030369123
2.87	  0.0029904796
2.88	  0.0029447821
2.89	  0.0028998079
2.9	  0.0028555447
2.91	  0.0028119814
2.92	  0.0027691058
2.93	  0.0027269071
2.94	  0.0026853743
2.95	  0.0026444963
2.96	  0.0026042622
2.97	  0.0025646617
2.98	  0.0025256844
2.99	  0.00248732
3.0	  0.0024495588
3.01	  0.0024123907
3.02	  0.002375806
3.03	  0.0023397952
3.04	  0.002304349
3.05	  0.0022694585
3.06	  0.0022351143
3.07	  0.0022013076
3.08	  0.0021680298
3.09	  0.0021352721
3.1	  0.0021030263
3.11	  0.0020712838
3.12	  0.0020400367
3.13	  0.0020092768
3.14	  0.0019789964
3.15	  0.0019491877
3.16	  0.001919843
3.17	  0.0018909549
3.18	  0.0018625159
3.19	  0.001834519
3.2	  0.0018069568
3.21	  0.0017798224
3.22	  0.001753109
3.23	  0.0017268098
3.24	  0.001700918
3.25	  0.0016754271
3.26	  0.0016503308
3.27	  0.0016256227
3.28	  0.0016012966
3.29	  0.0015773462
3.3	  0.0015537658
3.31	  0.0015305493
3.32	  0.0015076908
3.33	  0.0014851846
3.34	  0.0014630253
3.35	  0.0014412071
3.36	  0.0014197248
3.37	  0.0013985728
3.38	  0.0013777459
3.39	  0.001357239
3.4	  0.001337047
3.41	  0.0013171649
3.42	  0.0012975876
3.43	  0.0012783107
3.44	  0.0012593289
3.45	  0.0012406377
3.46	  0.0012222327
3.47	  0.0012041092
3.48	  0.0011862627
3.49	  0.001168689
3.5	  0.0011513835
3.51	  0.0011343422
3.52	  0.0011175609
3.53	  0.0011010354
3.54	  0.0010847617
3.55	  0.0010687358
3.56	  0.0010529539
3.57	  0.0010374121
3.58	  0.0010221066
3.59	  0.0010070337
3.6	  9.921897E-4
3.61	  9.775711E-4
3.62	  9.631744E-4
3.63	  9.4899593E-4
3.64	  9.350324E-4
3.65	  9.212804E-4
3.66	  9.0773666E-4
3.67	  8.943979E-4
3.68	  8.8126084E-4
3.69	  8.6832244E-4
3.7	  8.5557956E-4
3.71	  8.430291E-4
3.72	  8.3066814E-4
3.73	  8.1849366E-4
3.74	  8.0650277E-4
3.75	  7.946926E-4
3.76	  7.830604E-4
3.77	  7.7160326E-4
3.78	  7.603186E-4
3.79	  7.492037E-4
3.8	  7.382559E-4
3.81	  7.274726E-4
3.82	  7.1685127E-4
3.83	  7.0638943E-4
3.84	  6.960845E-4
3.85	  6.859342E-4
3.86	  6.75936E-4
3.87	  6.660876E-4
3.88	  6.563868E-4
3.89	  6.4683106E-4
3.9	  6.3741836E-4
3.91	  6.281464E-4
3.92	  6.1901304E-4
3.93	  6.1001617E-4
3.94	  6.011536E-4
3.95	  5.924233E-4
3.96	  5.8382325E-4
3.97	  5.7535147E-4
3.98	  5.6700595E-4
3.99	  5.5878476E-4
4.0	  5.50686E-4


