
X-Axis: Average Normalized Interevent Time
Y-Axis: Probability
Number of Data Sets: 3


DATASET #1

     Name: Bruce 2412 Histogram
   Points: 41
     Info: 

Data[x,y]:
0.05	  0.026407227
0.15	  0.05559416
0.25	  0.08524438
0.35	  0.053741023
0.45	  0.056752373
0.55	  0.11118832
0.65	  0.15149409
0.75	  0.18091267
0.85	  0.16330785
0.95	  0.10377577
1.05	  0.0115821175
1.15	  0.0
1.25	  0.0
1.35	  0.0
1.45	  0.0
1.55	  0.0
1.65	  0.0
1.75	  0.0
1.85	  0.0
1.95	  0.0
2.05	  0.0
2.15	  0.0
2.25	  0.0
2.35	  0.0
2.45	  0.0
2.55	  0.0
2.65	  0.0
2.75	  0.0
2.85	  0.0
2.95	  0.0
3.05	  0.0
3.15	  0.0
3.25	  0.0
3.35	  0.0
3.45	  0.0
3.55	  0.0
3.65	  0.0
3.75	  0.0
3.85	  0.0
3.95	  0.0
4.05	  0.0



DATASET #2

     Name: Log-Normal Fit
   Points: 401
     Info: 

Data[x,y]:
0.005	  0.0
0.015	  1.1519423E-16
0.025	  3.8255027E-13
0.035	  6.591124E-11
0.045	  2.5034372E-9
0.055	  3.8359364E-8
0.065	  3.2341757E-7
0.075	  1.796365E-6
0.085	  7.35776E-6
0.095	  2.3946455E-5
0.105	  6.520492E-5
0.115	  1.5412709E-4
0.125	  3.2495378E-4
0.135	  6.2372244E-4
0.145	  0.0011071954
0.155	  0.0018402454
0.165	  0.0028920593
0.175	  0.0043316795
0.185	  0.006223435
0.195	  0.008622752
0.205	  0.011572699
0.215	  0.015101511
0.225	  0.019221146
0.235	  0.023926878
0.245	  0.029197805
0.255	  0.034998097
0.265	  0.041278828
0.275	  0.047980174
0.285	  0.05503384
0.295	  0.06236552
0.305	  0.0698973
0.315	  0.07754992
0.325	  0.08524475
0.335	  0.09290558
0.345	  0.100460045
0.355	  0.10784082
0.365	  0.11498645
0.375	  0.12184202
0.385	  0.1283595
0.395	  0.13449791
0.405	  0.14022334
0.415	  0.14550872
0.425	  0.15033363
0.435	  0.15468384
0.445	  0.15855093
0.455	  0.16193175
0.465	  0.16482797
0.475	  0.16724546
0.485	  0.16919386
0.495	  0.17068602
0.505	  0.17173746
0.515	  0.17236601
0.525	  0.17259127
0.535	  0.17243427
0.545	  0.17191707
0.555	  0.17106242
0.565	  0.16989352
0.575	  0.16843367
0.585	  0.16670613
0.595	  0.16473383
0.605	  0.16253927
0.615	  0.16014439
0.625	  0.15757038
0.635	  0.15483764
0.645	  0.1519657
0.655	  0.14897314
0.665	  0.1458776
0.675	  0.14269574
0.685	  0.13944316
0.695	  0.13613452
0.705	  0.13278344
0.715	  0.1294026
0.725	  0.12600365
0.735	  0.1225974
0.745	  0.119193695
0.755	  0.11580156
0.765	  0.11242916
0.775	  0.10908388
0.785	  0.10577239
0.795	  0.10250061
0.805	  0.09927383
0.815	  0.096096694
0.825	  0.09297327
0.835	  0.08990709
0.845	  0.08690115
0.855	  0.08395802
0.865	  0.081079796
0.875	  0.0782682
0.885	  0.075524576
0.895	  0.07284993
0.905	  0.07024496
0.915	  0.067710094
0.925	  0.0652455
0.935	  0.06285112
0.945	  0.060526688
0.955	  0.058271755
0.965	  0.056085702
0.975	  0.053967774
0.985	  0.05191708
0.995	  0.049932625
1.005	  0.04801331
1.015	  0.046157952
1.025	  0.0443653
1.035	  0.042634044
1.045	  0.04096281
1.055	  0.03935021
1.065	  0.03779481
1.075	  0.036295142
1.085	  0.034849744
1.095	  0.033457126
1.105	  0.03211581
1.115	  0.030824302
1.125	  0.02958113
1.135	  0.02838482
1.145	  0.02723392
1.155	  0.026126988
1.165	  0.025062606
1.175	  0.024039378
1.185	  0.02305593
1.195	  0.022110913
1.205	  0.021203011
1.215	  0.02033093
1.225	  0.01949341
1.235	  0.01868922
1.245	  0.01791716
1.255	  0.017176062
1.265	  0.016464787
1.275	  0.015782231
1.285	  0.0151273245
1.295	  0.0144990245
1.305	  0.013896321
1.315	  0.013318237
1.325	  0.012763826
1.335	  0.012232172
1.345	  0.011722391
1.355	  0.011233623
1.365	  0.010765045
1.375	  0.010315856
1.385	  0.009885287
1.395	  0.009472595
1.405	  0.009077062
1.415	  0.008697999
1.425	  0.008334741
1.435	  0.007986646
1.445	  0.007653098
1.455	  0.007333504
1.465	  0.0070272917
1.475	  0.006733913
1.485	  0.0064528394
1.495	  0.0061835633
1.505	  0.005925596
1.515	  0.0056784702
1.525	  0.005441735
1.535	  0.0052149575
1.545	  0.0049977233
1.555	  0.004789633
1.565	  0.004590305
1.575	  0.004399372
1.585	  0.004216481
1.595	  0.0040412946
1.605	  0.0038734886
1.615	  0.0037127526
1.625	  0.003558788
1.635	  0.0034113093
1.645	  0.0032700426
1.655	  0.0031347251
1.665	  0.0030051053
1.675	  0.002880942
1.685	  0.0027620043
1.695	  0.0026480702
1.705	  0.0025389278
1.715	  0.0024343738
1.725	  0.0023342138
1.735	  0.002238261
1.745	  0.0021463367
1.755	  0.00205827
1.765	  0.001973897
1.775	  0.0018930609
1.785	  0.0018156113
1.795	  0.0017414044
1.805	  0.0016703025
1.815	  0.0016021737
1.825	  0.0015368917
1.835	  0.0014743357
1.845	  0.0014143898
1.855	  0.0013569434
1.865	  0.0013018904
1.875	  0.0012491292
1.885	  0.0011985627
1.895	  0.0011500978
1.905	  0.0011036455
1.915	  0.0010591205
1.925	  0.0010164413
1.935	  9.7552966E-4
1.945	  9.36311E-4
1.955	  8.9871354E-4
1.965	  8.6266897E-4
1.975	  8.2811166E-4
1.985	  7.9497887E-4
1.995	  7.6321047E-4
2.005	  7.3274906E-4
2.015	  7.035395E-4
2.025	  6.7552924E-4
2.035	  6.4866774E-4
2.045	  6.229068E-4
2.055	  5.982001E-4
2.065	  5.7450344E-4
2.075	  5.517746E-4
2.085	  5.299729E-4
2.095	  5.0905964E-4
2.105	  4.8899755E-4
2.115	  4.697512E-4
2.125	  4.5128644E-4
2.135	  4.335707E-4
2.145	  4.165728E-4
2.155	  4.002628E-4
2.165	  3.8461213E-4
2.175	  3.6959338E-4
2.185	  3.5518032E-4
2.195	  3.4134783E-4
2.205	  3.2807185E-4
2.215	  3.1532938E-4
2.225	  3.0309832E-4
2.235	  2.9135757E-4
2.245	  2.8008688E-4
2.255	  2.692669E-4
2.265	  2.5887907E-4
2.275	  2.489056E-4
2.285	  2.3932944E-4
2.295	  2.3013435E-4
2.305	  2.2130465E-4
2.315	  2.1282541E-4
2.325	  2.0468228E-4
2.335	  1.9686151E-4
2.345	  1.8934997E-4
2.355	  1.8213506E-4
2.365	  1.7520467E-4
2.375	  1.6854724E-4
2.385	  1.6215167E-4
2.395	  1.5600736E-4
2.405	  1.5010411E-4
2.415	  1.4443215E-4
2.425	  1.3898214E-4
2.435	  1.3374512E-4
2.445	  1.2871249E-4
2.455	  1.23876E-4
2.465	  1.19227785E-4
2.475	  1.1476025E-4
2.485	  1.10466164E-4
2.495	  1.0633856E-4
2.505	  1.0237077E-4
2.515	  9.8556404E-5
2.525	  9.488933E-5
2.535	  9.1363676E-5
2.545	  8.79738E-5
2.555	  8.4714295E-5
2.565	  8.1579994E-5
2.575	  7.856591E-5
2.585	  7.566728E-5
2.595	  7.2879535E-5
2.605	  7.0198286E-5
2.615	  6.761933E-5
2.625	  6.513863E-5
2.635	  6.275231E-5
2.645	  6.0456667E-5
2.655	  5.8248123E-5
2.665	  5.6123266E-5
2.675	  5.4078817E-5
2.685	  5.2111624E-5
2.695	  5.021867E-5
2.705	  4.8397054E-5
2.715	  4.6643996E-5
2.725	  4.495682E-5
2.735	  4.3332973E-5
2.745	  4.1769985E-5
2.755	  4.0265502E-5
2.765	  3.8817252E-5
2.775	  3.7423062E-5
2.785	  3.6080844E-5
2.795	  3.478859E-5
2.805	  3.3544373E-5
2.815	  3.234635E-5
2.825	  3.1192736E-5
2.835	  3.0081834E-5
2.845	  2.9012E-5
2.855	  2.7981667E-5
2.865	  2.6989323E-5
2.875	  2.6033515E-5
2.885	  2.5112851E-5
2.895	  2.4225994E-5
2.905	  2.3371655E-5
2.915	  2.25486E-5
2.925	  2.1755643E-5
2.935	  2.0991642E-5
2.945	  2.0255504E-5
2.955	  1.9546173E-5
2.965	  1.8862638E-5
2.975	  1.820393E-5
2.985	  1.7569111E-5
2.995	  1.6957285E-5
3.005	  1.6367589E-5
3.015	  1.579919E-5
3.025	  1.5251296E-5
3.035	  1.4723137E-5
3.045	  1.4213977E-5
3.055	  1.3723107E-5
3.065	  1.3249847E-5
3.075	  1.2793541E-5
3.085	  1.235356E-5
3.095	  1.1929299E-5
3.105	  1.1520175E-5
3.115	  1.1125627E-5
3.125	  1.0745119E-5
3.135	  1.037813E-5
3.145	  1.0024165E-5
3.155	  9.682743E-6
3.165	  9.353404E-6
3.175	  9.035703E-6
3.185	  8.729216E-6
3.195	  8.43353E-6
3.205	  8.148251E-6
3.215	  7.873001E-6
3.225	  7.6074116E-6
3.235	  7.3511324E-6
3.245	  7.1038253E-6
3.255	  6.865164E-6
3.265	  6.634835E-6
3.275	  6.4125365E-6
3.285	  6.197978E-6
3.295	  5.9908807E-6
3.305	  5.7909747E-6
3.315	  5.5980013E-6
3.325	  5.411711E-6
3.335	  5.2318633E-6
3.345	  5.0582275E-6
3.355	  4.8905813E-6
3.365	  4.72871E-6
3.375	  4.5724073E-6
3.385	  4.421474E-6
3.395	  4.275719E-6
3.405	  4.134959E-6
3.415	  3.999015E-6
3.425	  3.8677163E-6
3.435	  3.7408986E-6
3.445	  3.618403E-6
3.455	  3.500077E-6
3.465	  3.3857727E-6
3.475	  3.275349E-6
3.485	  3.1686684E-6
3.495	  3.0656E-6
3.505	  2.9660162E-6
3.515	  2.8697953E-6
3.525	  2.7768192E-6
3.535	  2.6869743E-6
3.545	  2.6001512E-6
3.555	  2.5162446E-6
3.565	  2.4351527E-6
3.575	  2.3567775E-6
3.585	  2.2810245E-6
3.595	  2.207803E-6
3.605	  2.1370247E-6
3.615	  2.0686052E-6
3.625	  2.002463E-6
3.635	  1.9385193E-6
3.645	  1.8766984E-6
3.655	  1.8169271E-6
3.665	  1.7591348E-6
3.675	  1.7032536E-6
3.685	  1.6492178E-6
3.695	  1.5969642E-6
3.705	  1.5464318E-6
3.715	  1.4975618E-6
3.725	  1.4502973E-6
3.735	  1.4045837E-6
3.745	  1.3603682E-6
3.755	  1.3175996E-6
3.765	  1.276229E-6
3.775	  1.2362088E-6
3.785	  1.1974934E-6
3.795	  1.1600386E-6
3.805	  1.1238017E-6
3.815	  1.0887416E-6
3.825	  1.0548188E-6
3.835	  1.0219948E-6
3.845	  9.902327E-7
3.855	  9.59497E-7
3.865	  9.2975307E-7
3.875	  9.009678E-7
3.885	  8.731091E-7
3.895	  8.46146E-7
3.905	  8.2004857E-7
3.915	  7.9478804E-7
3.925	  7.703365E-7
3.935	  7.46667E-7
3.945	  7.237537E-7
3.955	  7.015715E-7
3.965	  6.8009604E-7
3.975	  6.5930413E-7
3.985	  6.3917304E-7
3.995	  6.1968103E-7
4.005	  6.008071E-7



DATASET #3

     Name: BPT Fit
   Points: 401
     Info: Mean = 100.0, Aperiodicity = 0.5, Duration = 30.0, Delta T = 1.0, Num Points = 500, Historic Open Interval = 0.0
Computed mean = 0.6194825

Data[x,y]:
0.0	  0.0
0.01	  0.0
0.02	  1.0800683E-37
0.03	  2.617329E-24
0.04	  1.1067153E-17
0.05	  9.51203E-14
0.06	  3.7334646E-11
0.07	  2.5302558E-9
0.08	  5.7469546E-8
0.09	  6.316784E-7
0.1	  4.186151E-6
0.11	  1.9230252E-5
0.12	  6.718763E-5
0.13	  1.9034414E-4
0.14	  4.5766364E-4
0.15	  9.6560153E-4
0.16	  0.0018328634
0.17	  0.0031901146
0.18	  0.005166969
0.19	  0.007878882
0.2	  0.011416109
0.21	  0.01583602
0.22	  0.02115922
0.23	  0.027369265
0.24	  0.034415286
0.25	  0.042216744
0.26	  0.050669417
0.27	  0.05965193
0.28	  0.069032215
0.29	  0.07867349
0.3	  0.08843947
0.31	  0.09819872
0.32	  0.10782803
0.33	  0.117214955
0.34	  0.12625949
0.35	  0.13487506
0.36	  0.14298883
0.37	  0.1505417
0.38	  0.1574877
0.39	  0.16379336
0.4	  0.16943656
0.41	  0.17440563
0.42	  0.17869815
0.43	  0.18231972
0.44	  0.1852829
0.45	  0.18760607
0.46	  0.18931246
0.47	  0.1904291
0.48	  0.1909861
0.49	  0.19101569
0.5	  0.1905517
0.51	  0.18962884
0.52	  0.18828225
0.53	  0.186547
0.54	  0.18445772
0.55	  0.18204837
0.56	  0.17935182
0.57	  0.17639986
0.58	  0.17322282
0.59	  0.16984966
0.6	  0.16630776
0.61	  0.16262288
0.62	  0.1588192
0.63	  0.15491925
0.64	  0.15094395
0.65	  0.14691265
0.66	  0.14284314
0.67	  0.13875175
0.68	  0.13465334
0.69	  0.13056144
0.7	  0.12648822
0.71	  0.12244467
0.72	  0.11844057
0.73	  0.11448463
0.74	  0.110584535
0.75	  0.106747
0.76	  0.102977864
0.77	  0.099282146
0.78	  0.095664084
0.79	  0.092127234
0.8	  0.08867451
0.81	  0.085308224
0.82	  0.08203016
0.83	  0.078841634
0.84	  0.07574348
0.85	  0.072736174
0.86	  0.06981981
0.87	  0.066994175
0.88	  0.064258754
0.89	  0.061612807
0.9	  0.059055343
0.91	  0.056585193
0.92	  0.054201007
0.93	  0.051901296
0.94	  0.04968444
0.95	  0.04754872
0.96	  0.045492318
0.97	  0.043513354
0.98	  0.041609887
0.99	  0.039779935
1.0	  0.03802148
1.01	  0.036332477
1.02	  0.03471088
1.03	  0.033154637
1.04	  0.0316617
1.05	  0.030230029
1.06	  0.028857604
1.07	  0.027542427
1.08	  0.026282527
1.09	  0.025075966
1.1	  0.023920836
1.11	  0.022815272
1.12	  0.021757443
1.13	  0.020745564
1.14	  0.019777888
1.15	  0.01885272
1.16	  0.017968405
1.17	  0.017123334
1.18	  0.016315946
1.19	  0.01554473
1.2	  0.014808216
1.21	  0.014104985
1.22	  0.01343366
1.23	  0.012792916
1.24	  0.012181468
1.25	  0.0115980785
1.26	  0.011041553
1.27	  0.01051074
1.28	  0.010004531
1.29	  0.009521858
1.3	  0.009061694
1.31	  0.008623052
1.32	  0.008204981
1.33	  0.0078065693
1.34	  0.0074269404
1.35	  0.0070652543
1.36	  0.0067207026
1.37	  0.006392513
1.38	  0.006079942
1.39	  0.0057822787
1.4	  0.0054988423
1.41	  0.00522898
1.42	  0.0049720663
1.43	  0.0047275038
1.44	  0.0044947197
1.45	  0.0042731664
1.46	  0.00406232
1.47	  0.0038616809
1.48	  0.0036707695
1.49	  0.0034891285
1.5	  0.0033163212
1.51	  0.00315193
1.52	  0.002995556
1.53	  0.0028468187
1.54	  0.0027053545
1.55	  0.0025708168
1.56	  0.0024428745
1.57	  0.0023212116
1.58	  0.0022055267
1.59	  0.0020955328
1.6	  0.0019909553
1.61	  0.0018915333
1.62	  0.0017970174
1.63	  0.0017071702
1.64	  0.0016217652
1.65	  0.0015405868
1.66	  0.0014634295
1.67	  0.0013900973
1.68	  0.0013204037
1.69	  0.0012541709
1.7	  0.0011912299
1.71	  0.0011314192
1.72	  0.0010745856
1.73	  0.0010205829
1.74	  9.692718E-4
1.75	  9.205201E-4
1.76	  8.742017E-4
1.77	  8.301966E-4
1.78	  7.8839064E-4
1.79	  7.486752E-4
1.8	  7.109469E-4
1.81	  6.751074E-4
1.82	  6.4106315E-4
1.83	  6.0872507E-4
1.84	  5.7800853E-4
1.85	  5.48833E-4
1.86	  5.211219E-4
1.87	  4.948023E-4
1.88	  4.698051E-4
1.89	  4.4606425E-4
1.9	  4.2351722E-4
1.91	  4.0210443E-4
1.92	  3.8176926E-4
1.93	  3.6245788E-4
1.94	  3.4411915E-4
1.95	  3.2670438E-4
1.96	  3.1016732E-4
1.97	  2.944641E-4
1.98	  2.7955289E-4
1.99	  2.65394E-4
2.0	  2.5194968E-4
2.01	  2.3918411E-4
2.02	  2.270632E-4
2.03	  2.1555458E-4
2.04	  2.0462749E-4
2.05	  1.9425267E-4
2.06	  1.8440236E-4
2.07	  1.7505018E-4
2.08	  1.6617104E-4
2.09	  1.5774115E-4
2.1	  1.4973783E-4
2.11	  1.4213962E-4
2.12	  1.3492609E-4
2.13	  1.2807784E-4
2.14	  1.2157645E-4
2.15	  1.1540441E-4
2.16	  1.0954509E-4
2.17	  1.0398271E-4
2.18	  9.8702265E-5
2.19	  9.3689516E-5
2.2	  8.893093E-5
2.21	  8.441365E-5
2.22	  8.0125494E-5
2.23	  7.6054865E-5
2.24	  7.219075E-5
2.25	  6.85227E-5
2.26	  6.5040804E-5
2.27	  6.173563E-5
2.28	  5.859822E-5
2.29	  5.562009E-5
2.3	  5.2793166E-5
2.31	  5.010979E-5
2.32	  4.756268E-5
2.33	  4.5144938E-5
2.34	  4.285E-5
2.35	  4.067164E-5
2.36	  3.8603943E-5
2.37	  3.66413E-5
2.38	  3.4778383E-5
2.39	  3.301013E-5
2.4	  3.1331736E-5
2.41	  2.973864E-5
2.42	  2.8226515E-5
2.43	  2.679125E-5
2.44	  2.542894E-5
2.45	  2.4135885E-5
2.46	  2.2908565E-5
2.47	  2.1743643E-5
2.48	  2.0637946E-5
2.49	  1.958847E-5
2.5	  1.8592356E-5
2.51	  1.7646893E-5
2.52	  1.6749509E-5
2.53	  1.5897758E-5
2.54	  1.5089323E-5
2.55	  1.4322E-5
2.56	  1.35937025E-5
2.57	  1.2902445E-5
2.58	  1.2246343E-5
2.59	  1.16236115E-5
2.6	  1.1032554E-5
2.61	  1.0471557E-5
2.62	  9.939095E-6
2.63	  9.4337165E-6
2.64	  8.954043E-6
2.65	  8.498767E-6
2.66	  8.06665E-6
2.67	  7.656511E-6
2.68	  7.267234E-6
2.69	  6.897758E-6
2.7	  6.5470754E-6
2.71	  6.21423E-6
2.72	  5.8983146E-6
2.73	  5.598468E-6
2.74	  5.3138724E-6
2.75	  5.0437525E-6
2.76	  4.7873714E-6
2.77	  4.5440306E-6
2.78	  4.3130663E-6
2.79	  4.093849E-6
2.8	  3.8857806E-6
2.81	  3.688295E-6
2.82	  3.5008527E-6
2.83	  3.322943E-6
2.84	  3.1540812E-6
2.85	  2.9938067E-6
2.86	  2.8416825E-6
2.87	  2.6972943E-6
2.88	  2.560248E-6
2.89	  2.4301708E-6
2.9	  2.3067073E-6
2.91	  2.1895216E-6
2.92	  2.0782943E-6
2.93	  1.972722E-6
2.94	  1.872517E-6
2.95	  1.7774065E-6
2.96	  1.6871311E-6
2.97	  1.601445E-6
2.98	  1.5201147E-6
2.99	  1.4429185E-6
3.0	  1.3696462E-6
3.01	  1.3000981E-6
3.02	  1.2340851E-6
3.03	  1.1714269E-6
3.04	  1.1119532E-6
3.05	  1.055502E-6
3.06	  1.0019195E-6
3.07	  9.5105975E-7
3.08	  9.027844E-7
3.09	  8.569619E-7
3.1	  8.134676E-7
3.11	  7.7218306E-7
3.12	  7.3299594E-7
3.13	  6.957996E-7
3.14	  6.6049273E-7
3.15	  6.269794E-7
3.16	  5.951683E-7
3.17	  5.649729E-7
3.18	  5.3631106E-7
3.19	  5.091049E-7
3.2	  4.8328036E-7
3.21	  4.587672E-7
3.22	  4.354988E-7
3.23	  4.1341184E-7
3.24	  3.9244628E-7
3.25	  3.7254517E-7
3.26	  3.5365437E-7
3.27	  3.3572258E-7
3.28	  3.18701E-7
3.29	  3.0254344E-7
3.3	  2.8720595E-7
3.31	  2.726469E-7
3.32	  2.5882673E-7
3.33	  2.457079E-7
3.34	  2.3325477E-7
3.35	  2.2143352E-7
3.36	  2.1021208E-7
3.37	  1.9955995E-7
3.38	  1.8944824E-7
3.39	  1.798495E-7
3.4	  1.7073766E-7
3.41	  1.6208801E-7
3.42	  1.5387707E-7
3.43	  1.4608257E-7
3.44	  1.3868336E-7
3.45	  1.3165938E-7
3.46	  1.2499157E-7
3.47	  1.1866186E-7
3.48	  1.1265307E-7
3.49	  1.0694892E-7
3.5	  1.0153394E-7
3.51	  9.639347E-8
3.52	  9.151356E-8
3.53	  8.6881E-8
3.54	  8.2483226E-8
3.55	  7.830833E-8
3.56	  7.434501E-8
3.57	  7.058252E-8
3.58	  6.701068E-8
3.59	  6.3619815E-8
3.6	  6.0400744E-8
3.61	  5.7344753E-8
3.62	  5.4443568E-8
3.63	  5.168934E-8
3.64	  4.9074615E-8
3.65	  4.659232E-8
3.66	  4.423574E-8
3.67	  4.19985E-8
3.68	  3.9874546E-8
3.69	  3.785814E-8
3.7	  3.5943827E-8
3.71	  3.412643E-8
3.72	  3.2401037E-8
3.73	  3.0762987E-8
3.74	  2.9207852E-8
3.75	  2.773143E-8
3.76	  2.6329731E-8
3.77	  2.4998968E-8
3.78	  2.373555E-8
3.79	  2.2536062E-8
3.8	  2.1397264E-8
3.81	  2.0316085E-8
3.82	  1.9289605E-8
3.83	  1.831505E-8
3.84	  1.7389794E-8
3.85	  1.651134E-8
3.86	  1.5677315E-8
3.87	  1.4885471E-8
3.88	  1.4133671E-8
3.89	  1.3419888E-8
3.9	  1.2742198E-8
3.91	  1.2098773E-8
3.92	  1.1487877E-8
3.93	  1.0907867E-8
3.94	  1.0357175E-8
3.95	  9.83432E-9
3.96	  9.337893E-9
3.97	  8.8665555E-9
3.98	  8.419039E-9
3.99	  7.994137E-9
4.0	  7.590706E-9


