
X-Axis: Normalized Interevent Time
Y-Axis: Probability
Number of Data Sets: 3


DATASET #1

     Name: Bruce 2627 Histogram
   Points: 41
     Info: 

Data[x,y]:
0.05	  0.04378714
0.15	  0.03236376
0.25	  0.035148863
0.35	  0.038365874
0.45	  0.0424914
0.55	  0.045008413
0.65	  0.048836067
0.75	  0.052395634
0.85	  0.06507008
0.95	  0.08140834
1.05	  0.09686788
1.15	  0.08861683
1.25	  0.07494452
1.35	  0.06286582
1.45	  0.048895642
1.55	  0.034165885
1.65	  0.024946755
1.75	  0.019168044
1.85	  0.015191457
1.95	  0.011736145
2.05	  0.009665937
2.15	  0.0067021134
2.25	  0.004929777
2.35	  0.003842545
2.45	  0.0025616966
2.55	  0.0019659533
2.65	  0.0015638265
2.75	  0.0015340393
2.85	  9.234023E-4
2.95	  6.5531774E-4
3.05	  6.5531774E-4
3.15	  5.361691E-4
3.25	  3.8723322E-4
3.35	  2.8297812E-4
3.45	  1.4893585E-4
3.55	  2.6808455E-4
3.65	  1.6382943E-4
3.75	  1.6382943E-4
3.85	  8.9361514E-5
3.95	  1.04255094E-4
4.05	  5.808498E-4



DATASET #2

     Name: Log-Normal Fit
   Points: 401
     Info: 

Data[x,y]:
0.005	  0.0
0.015	  2.6037746E-12
0.025	  4.8378923E-10
0.035	  1.3769133E-8
0.045	  1.4775054E-7
0.055	  8.8212175E-7
0.065	  3.5873436E-6
0.075	  1.1168784E-5
0.085	  2.862645E-5
0.095	  6.335721E-5
0.105	  1.2512688E-4
0.115	  2.2573418E-4
0.125	  3.7844703E-4
0.135	  5.973119E-4
0.145	  8.9643063E-4
0.155	  0.0012892805
0.165	  0.0017881264
0.175	  0.0024035564
0.185	  0.0031441464
0.195	  0.004016255
0.205	  0.005023934
0.215	  0.006168934
0.225	  0.0074507967
0.235	  0.008867002
0.245	  0.010413163
0.255	  0.012083246
0.265	  0.013869805
0.275	  0.015764227
0.285	  0.017756963
0.295	  0.019837754
0.305	  0.021995848
0.315	  0.024220187
0.325	  0.02649958
0.335	  0.028822865
0.345	  0.031179026
0.355	  0.033557322
0.365	  0.035947368
0.375	  0.03833923
0.385	  0.04072347
0.395	  0.04309118
0.405	  0.04543406
0.415	  0.047744397
0.425	  0.05001509
0.435	  0.052239656
0.445	  0.054412235
0.455	  0.05652756
0.465	  0.058580957
0.475	  0.06056832
0.485	  0.062486097
0.495	  0.06433125
0.505	  0.06610123
0.515	  0.06779397
0.525	  0.06940785
0.535	  0.070941634
0.545	  0.07239448
0.555	  0.07376591
0.565	  0.07505576
0.575	  0.076264165
0.585	  0.07739153
0.595	  0.078438506
0.605	  0.07940597
0.615	  0.08029501
0.625	  0.081106864
0.635	  0.08184295
0.645	  0.08250482
0.655	  0.08309413
0.665	  0.08361266
0.675	  0.084062256
0.685	  0.08444486
0.695	  0.08476246
0.705	  0.08501709
0.715	  0.08521082
0.725	  0.08534575
0.735	  0.085424
0.745	  0.08544768
0.755	  0.08541891
0.765	  0.08533981
0.775	  0.08521247
0.785	  0.085038975
0.795	  0.08482138
0.805	  0.084561706
0.815	  0.08426195
0.825	  0.083924055
0.835	  0.08354996
0.845	  0.083141536
0.855	  0.08270061
0.865	  0.08222897
0.875	  0.08172836
0.885	  0.08120048
0.895	  0.08064696
0.905	  0.08006941
0.915	  0.07946936
0.925	  0.078848325
0.935	  0.07820773
0.945	  0.077548996
0.955	  0.07687345
0.965	  0.0761824
0.975	  0.07547709
0.985	  0.07475874
0.995	  0.074028485
1.005	  0.07328744
1.015	  0.07253668
1.025	  0.07177722
1.035	  0.07101002
1.045	  0.07023604
1.055	  0.06945617
1.065	  0.06867124
1.075	  0.06788209
1.085	  0.06708948
1.095	  0.06629416
1.105	  0.06549683
1.115	  0.06469816
1.125	  0.06389879
1.135	  0.0630993
1.145	  0.062300283
1.155	  0.061502274
1.165	  0.06070579
1.175	  0.059911303
1.185	  0.05911928
1.195	  0.05833015
1.205	  0.05754431
1.215	  0.05676215
1.225	  0.055984024
1.235	  0.05521027
1.245	  0.0544412
1.255	  0.05367711
1.265	  0.052918263
1.275	  0.052164927
1.285	  0.051417332
1.295	  0.0506757
1.305	  0.049940232
1.315	  0.04921112
1.325	  0.048488528
1.335	  0.047772616
1.345	  0.04706353
1.355	  0.046361398
1.365	  0.04566634
1.375	  0.044978466
1.385	  0.044297863
1.395	  0.043624617
1.405	  0.042958803
1.415	  0.04230049
1.425	  0.041649725
1.435	  0.041006554
1.445	  0.04037102
1.455	  0.03974315
1.465	  0.03912297
1.475	  0.038510486
1.485	  0.037905715
1.495	  0.037308656
1.505	  0.036719304
1.515	  0.03613765
1.525	  0.03556368
1.535	  0.03499738
1.545	  0.034438718
1.555	  0.033887666
1.565	  0.033344194
1.575	  0.032808263
1.585	  0.032279838
1.595	  0.031758867
1.605	  0.031245308
1.615	  0.03073911
1.625	  0.030240223
1.635	  0.029748589
1.645	  0.029264152
1.655	  0.028786853
1.665	  0.02831663
1.675	  0.027853418
1.685	  0.027397156
1.695	  0.026947774
1.705	  0.026505206
1.715	  0.026069384
1.725	  0.025640234
1.735	  0.02521769
1.745	  0.024801673
1.755	  0.024392119
1.765	  0.023988947
1.775	  0.023592087
1.785	  0.023201462
1.795	  0.022817
1.805	  0.022438623
1.815	  0.022066258
1.825	  0.021699827
1.835	  0.021339256
1.845	  0.020984467
1.855	  0.020635387
1.865	  0.02029194
1.875	  0.019954046
1.885	  0.019621637
1.895	  0.019294633
1.905	  0.01897296
1.915	  0.018656544
1.925	  0.018345311
1.935	  0.018039187
1.945	  0.017738098
1.955	  0.017441973
1.965	  0.01715074
1.975	  0.016864324
1.985	  0.016582657
1.995	  0.016305668
2.005	  0.016033284
2.015	  0.01576544
2.025	  0.015502064
2.035	  0.015243088
2.045	  0.014988446
2.055	  0.014738071
2.065	  0.014491895
2.075	  0.014249856
2.085	  0.014011886
2.095	  0.013777922
2.105	  0.013547902
2.115	  0.013321762
2.125	  0.013099441
2.135	  0.0128808785
2.145	  0.012666012
2.155	  0.0124547845
2.165	  0.012247136
2.175	  0.012043009
2.185	  0.011842345
2.195	  0.011645088
2.205	  0.011451184
2.215	  0.011260575
2.225	  0.011073209
2.235	  0.010889032
2.245	  0.01070799
2.255	  0.010530033
2.265	  0.010355108
2.275	  0.010183166
2.285	  0.010014156
2.295	  0.009848028
2.305	  0.009684736
2.315	  0.009524231
2.325	  0.009366466
2.335	  0.009211395
2.345	  0.009058972
2.355	  0.008909154
2.365	  0.008761894
2.375	  0.008617151
2.385	  0.00847488
2.395	  0.00833504
2.405	  0.00819759
2.415	  0.008062488
2.425	  0.007929696
2.435	  0.0077991723
2.445	  0.0076708784
2.455	  0.0075447764
2.465	  0.0074208286
2.475	  0.007298998
2.485	  0.0071792477
2.495	  0.007061542
2.505	  0.006945846
2.515	  0.006832125
2.525	  0.0067203445
2.535	  0.006610471
2.545	  0.0065024714
2.555	  0.0063963137
2.565	  0.006291966
2.575	  0.006189396
2.585	  0.006088574
2.595	  0.0059894687
2.605	  0.0058920514
2.615	  0.0057962914
2.625	  0.005702161
2.635	  0.0056096315
2.645	  0.005518675
2.655	  0.005429264
2.665	  0.005341372
2.675	  0.005254972
2.685	  0.0051700384
2.695	  0.005086546
2.705	  0.0050044684
2.715	  0.0049237823
2.725	  0.004844463
2.735	  0.0047664866
2.745	  0.0046898294
2.755	  0.004614469
2.765	  0.0045403824
2.775	  0.0044675474
2.785	  0.004395942
2.795	  0.004325546
2.805	  0.0042563365
2.815	  0.0041882936
2.825	  0.004121397
2.835	  0.0040556267
2.845	  0.003990963
2.855	  0.0039273873
2.865	  0.0038648793
2.875	  0.0038034213
2.885	  0.003742995
2.895	  0.003683582
2.905	  0.0036251647
2.915	  0.0035677264
2.925	  0.0035112493
2.935	  0.003455717
2.945	  0.003401113
2.955	  0.0033474213
2.965	  0.0032946258
2.975	  0.0032427108
2.985	  0.0031916616
2.995	  0.0031414626
3.005	  0.0030920992
3.015	  0.003043557
3.025	  0.0029958216
3.035	  0.0029488793
3.045	  0.0029027157
3.055	  0.002857318
3.065	  0.0028126724
3.075	  0.0027687661
3.085	  0.0027255865
3.095	  0.0026831208
3.105	  0.0026413566
3.115	  0.0026002817
3.125	  0.0025598847
3.135	  0.0025201533
3.145	  0.0024810762
3.155	  0.002442642
3.165	  0.0024048402
3.175	  0.0023676592
3.185	  0.0023310885
3.195	  0.0022951178
3.205	  0.0022597364
3.215	  0.0022249348
3.225	  0.0021907021
3.235	  0.0021570295
3.245	  0.0021239067
3.255	  0.0020913247
3.265	  0.0020592737
3.275	  0.0020277451
3.285	  0.0019967298
3.295	  0.001966219
3.305	  0.001936204
3.315	  0.0019066765
3.325	  0.0018776279
3.335	  0.0018490503
3.345	  0.0018209354
3.355	  0.0017932756
3.365	  0.0017660628
3.375	  0.0017392897
3.385	  0.0017129488
3.395	  0.0016870325
3.405	  0.0016615337
3.415	  0.0016364455
3.425	  0.0016117607
3.435	  0.0015874725
3.445	  0.0015635743
3.455	  0.0015400593
3.465	  0.0015169212
3.475	  0.0014941535
3.485	  0.00147175
3.495	  0.0014497045
3.505	  0.0014280111
3.515	  0.0014066637
3.525	  0.0013856565
3.535	  0.001364984
3.545	  0.0013446402
3.555	  0.0013246197
3.565	  0.0013049173
3.575	  0.0012855274
3.585	  0.0012664448
3.595	  0.0012476643
3.605	  0.0012291812
3.615	  0.00121099
3.625	  0.0011930863
3.635	  0.001175465
3.645	  0.0011581214
3.655	  0.0011410508
3.665	  0.0011242491
3.675	  0.0011077112
3.685	  0.0010914332
3.695	  0.0010754105
3.705	  0.001059639
3.715	  0.0010441145
3.725	  0.0010288329
3.735	  0.00101379
3.745	  9.989822E-4
3.755	  9.844054E-4
3.765	  9.700557E-4
3.775	  9.5592946E-4
3.785	  9.42023E-4
3.795	  9.2833274E-4
3.805	  9.14855E-4
3.815	  9.015863E-4
3.825	  8.8852335E-4
3.835	  8.7566255E-4
3.845	  8.6300075E-4
3.855	  8.505346E-4
3.865	  8.382609E-4
3.875	  8.261766E-4
3.885	  8.1427844E-4
3.895	  8.025635E-4
3.905	  7.910287E-4
3.915	  7.796712E-4
3.925	  7.68488E-4
3.935	  7.574763E-4
3.945	  7.4663333E-4
3.955	  7.3595636E-4
3.965	  7.2544266E-4
3.975	  7.150896E-4
3.985	  7.0489454E-4
3.995	  6.9485494E-4
4.005	  6.849683E-4



DATASET #3

     Name: BPT Fit
   Points: 401
     Info: Mean = 100.0, Aperiodicity = 0.5, Duration = 30.0, Delta T = 1.0, Num Points = 500, Historic Open Interval = 0.0
Computed mean = 0.9946938

Data[x,y]:
0.0	  0.0
0.01	  0.0
0.02	  8.58162E-35
0.03	  9.5024784E-23
0.04	  8.728164E-17
0.05	  3.0401002E-13
0.06	  6.604865E-11
0.07	  2.9609462E-9
0.08	  4.9725433E-8
0.09	  4.3526322E-7
0.1	  2.4196593E-6
0.11	  9.683247E-6
0.12	  3.0320196E-5
0.13	  7.867885E-5
0.14	  1.7627099E-4
0.15	  3.5131798E-4
0.16	  6.369958E-4
0.17	  0.0010688076
0.18	  0.001681646
0.19	  0.0025070542
0.2	  0.0035710281
0.21	  0.004892529
0.22	  0.0064827283
0.23	  0.008344903
0.24	  0.010474844
0.25	  0.012861641
0.26	  0.01548869
0.27	  0.018334804
0.28	  0.02137535
0.29	  0.024583329
0.3	  0.027930344
0.31	  0.03138747
0.32	  0.03492597
0.33	  0.0385179
0.34	  0.042136546
0.35	  0.045756795
0.36	  0.049355373
0.37	  0.052911013
0.38	  0.056404516
0.39	  0.05981881
0.4	  0.0631389
0.41	  0.06635182
0.42	  0.06944657
0.43	  0.072413936
0.44	  0.07524647
0.45	  0.07793828
0.46	  0.08048495
0.47	  0.082883365
0.48	  0.08513162
0.49	  0.087228894
0.5	  0.08917527
0.51	  0.090971716
0.52	  0.09261989
0.53	  0.094122104
0.54	  0.09548121
0.55	  0.096700504
0.56	  0.09778368
0.57	  0.09873473
0.58	  0.099557914
0.59	  0.10025767
0.6	  0.1008386
0.61	  0.101305395
0.62	  0.10166282
0.63	  0.10191567
0.64	  0.10206874
0.65	  0.102126785
0.66	  0.10209453
0.67	  0.10197664
0.68	  0.10177769
0.69	  0.10150215
0.7	  0.101154394
0.71	  0.10073868
0.72	  0.10025915
0.73	  0.0997198
0.74	  0.09912451
0.75	  0.09847703
0.76	  0.09778095
0.77	  0.09703974
0.78	  0.09625673
0.79	  0.09543511
0.8	  0.094577946
0.81	  0.093688145
0.82	  0.092768505
0.83	  0.0918217
0.84	  0.09085025
0.85	  0.08985658
0.86	  0.08884298
0.87	  0.087811634
0.88	  0.086764604
0.89	  0.08570386
0.9	  0.08463125
0.91	  0.08354852
0.92	  0.08245734
0.93	  0.081359275
0.94	  0.080255784
0.95	  0.07914827
0.96	  0.07803802
0.97	  0.07692628
0.98	  0.075814195
0.99	  0.07470284
1.0	  0.07359322
1.01	  0.07248629
1.02	  0.07138292
1.03	  0.07028394
1.04	  0.069190115
1.05	  0.06810215
1.06	  0.06702071
1.07	  0.0659464
1.08	  0.06487978
1.09	  0.06382139
1.1	  0.062771685
1.11	  0.06173112
1.12	  0.06070008
1.13	  0.05967895
1.14	  0.058668047
1.15	  0.057667676
1.16	  0.05667811
1.17	  0.05569959
1.18	  0.05473233
1.19	  0.05377652
1.2	  0.05283233
1.21	  0.051899906
1.22	  0.050979365
1.23	  0.05007081
1.24	  0.04917433
1.25	  0.048289996
1.26	  0.047417857
1.27	  0.046557944
1.28	  0.04571028
1.29	  0.04487488
1.3	  0.044051733
1.31	  0.043240823
1.32	  0.042442128
1.33	  0.041655608
1.34	  0.040881213
1.35	  0.040118895
1.36	  0.039368585
1.37	  0.038630214
1.38	  0.037903704
1.39	  0.037188973
1.4	  0.03648593
1.41	  0.03579447
1.42	  0.035114508
1.43	  0.03444593
1.44	  0.033788625
1.45	  0.033142485
1.46	  0.03250739
1.47	  0.031883225
1.48	  0.031269863
1.49	  0.030667182
1.5	  0.030075055
1.51	  0.029493352
1.52	  0.028921947
1.53	  0.028360702
1.54	  0.02780949
1.55	  0.027268175
1.56	  0.026736623
1.57	  0.026214696
1.58	  0.025702264
1.59	  0.025199188
1.6	  0.024705334
1.61	  0.024220563
1.62	  0.023744745
1.63	  0.02327774
1.64	  0.022819417
1.65	  0.022369636
1.66	  0.021928271
1.67	  0.021495184
1.68	  0.021070244
1.69	  0.02065332
1.7	  0.020244282
1.71	  0.019843
1.72	  0.019449348
1.73	  0.019063195
1.74	  0.018684419
1.75	  0.018312892
1.76	  0.017948491
1.77	  0.017591096
1.78	  0.017240586
1.79	  0.01689684
1.8	  0.016559739
1.81	  0.01622917
1.82	  0.015905013
1.83	  0.015587158
1.84	  0.0152754905
1.85	  0.0149699
1.86	  0.014670278
1.87	  0.014376516
1.88	  0.014088508
1.89	  0.0138061475
1.9	  0.013529332
1.91	  0.013257962
1.92	  0.012991932
1.93	  0.012731148
1.94	  0.01247551
1.95	  0.012224922
1.96	  0.01197929
1.97	  0.011738522
1.98	  0.011502526
1.99	  0.011271211
2.0	  0.011044489
2.01	  0.010822274
2.02	  0.010604478
2.03	  0.010391019
2.04	  0.010181813
2.05	  0.009976778
2.06	  0.009775836
2.07	  0.009578906
2.08	  0.009385912
2.09	  0.009196777
2.1	  0.009011427
2.11	  0.008829787
2.12	  0.008651788
2.13	  0.008477357
2.14	  0.008306425
2.15	  0.008138924
2.16	  0.007974786
2.17	  0.007813945
2.18	  0.007656337
2.19	  0.007501899
2.2	  0.0073505673
2.21	  0.0072022816
2.22	  0.007056982
2.23	  0.006914608
2.24	  0.0067751035
2.25	  0.006638411
2.26	  0.0065044747
2.27	  0.00637324
2.28	  0.0062446534
2.29	  0.0061186617
2.3	  0.005995214
2.31	  0.005874259
2.32	  0.005755747
2.33	  0.00563963
2.34	  0.005525859
2.35	  0.0054143877
2.36	  0.00530517
2.37	  0.005198161
2.38	  0.0050933165
2.39	  0.0049905926
2.4	  0.004889947
2.41	  0.004791338
2.42	  0.004694725
2.43	  0.0046000667
2.44	  0.004507325
2.45	  0.004416461
2.46	  0.0043274364
2.47	  0.004240215
2.48	  0.0041547595
2.49	  0.0040710345
2.5	  0.0039890055
2.51	  0.0039086384
2.52	  0.0038298988
2.53	  0.0037527543
2.54	  0.0036771726
2.55	  0.0036031222
2.56	  0.003530572
2.57	  0.0034594915
2.58	  0.0033898512
2.59	  0.0033216218
2.6	  0.0032547745
2.61	  0.0031892818
2.62	  0.0031251158
2.63	  0.0030622499
2.64	  0.0030006573
2.65	  0.0029403127
2.66	  0.0028811903
2.67	  0.0028232657
2.68	  0.0027665144
2.69	  0.0027109124
2.7	  0.0026564365
2.71	  0.002603064
2.72	  0.0025507724
2.73	  0.0024995394
2.74	  0.002449344
2.75	  0.0024001647
2.76	  0.0023519811
2.77	  0.0023047728
2.78	  0.0022585203
2.79	  0.0022132036
2.8	  0.0021688042
2.81	  0.002125303
2.82	  0.0020826822
2.83	  0.0020409233
2.84	  0.0020000094
2.85	  0.001959923
2.86	  0.0019206472
2.87	  0.0018821657
2.88	  0.0018444621
2.89	  0.0018075209
2.9	  0.0017713263
2.91	  0.0017358632
2.92	  0.0017011168
2.93	  0.0016670724
2.94	  0.0016337158
2.95	  0.0016010329
2.96	  0.0015690102
2.97	  0.0015376341
2.98	  0.0015068915
2.99	  0.0014767695
3.0	  0.0014472554
3.01	  0.001418337
3.02	  0.0013900021
3.03	  0.0013622388
3.04	  0.0013350355
3.05	  0.0013083809
3.06	  0.0012822637
3.07	  0.001256673
3.08	  0.0012315983
3.09	  0.0012070289
3.1	  0.0011829544
3.11	  0.0011593652
3.12	  0.0011362509
3.13	  0.0011136023
3.14	  0.0010914097
3.15	  0.0010696638
3.16	  0.0010483557
3.17	  0.0010274764
3.18	  0.0010070172
3.19	  9.869696E-4
3.2	  9.6732524E-4
3.21	  9.4807585E-4
3.22	  9.2921354E-4
3.23	  9.107304E-4
3.24	  8.926187E-4
3.25	  8.748709E-4
3.26	  8.574797E-4
3.27	  8.4043783E-4
3.28	  8.2373817E-4
3.29	  8.0737384E-4
3.3	  7.91338E-4
3.31	  7.7562395E-4
3.32	  7.602253E-4
3.33	  7.451355E-4
3.34	  7.303484E-4
3.35	  7.1585784E-4
3.36	  7.016578E-4
3.37	  6.877424E-4
3.38	  6.741059E-4
3.39	  6.607426E-4
3.4	  6.47647E-4
3.41	  6.3481374E-4
3.42	  6.2223745E-4
3.43	  6.099129E-4
3.44	  5.9783505E-4
3.45	  5.8599893E-4
3.46	  5.7439966E-4
3.47	  5.6303234E-4
3.48	  5.518924E-4
3.49	  5.409752E-4
3.5	  5.302762E-4
3.51	  5.197911E-4
3.52	  5.0951546E-4
3.53	  4.9944513E-4
3.54	  4.8957596E-4
3.55	  4.7990386E-4
3.56	  4.7042486E-4
3.57	  4.6113506E-4
3.58	  4.5203065E-4
3.59	  4.431079E-4
3.6	  4.3436314E-4
3.61	  4.257928E-4
3.62	  4.173933E-4
3.63	  4.0916126E-4
3.64	  4.010933E-4
3.65	  3.931861E-4
3.66	  3.8543643E-4
3.67	  3.7784112E-4
3.68	  3.7039703E-4
3.69	  3.6310116E-4
3.7	  3.559505E-4
3.71	  3.4894215E-4
3.72	  3.4207324E-4
3.73	  3.3534097E-4
3.74	  3.2874255E-4
3.75	  3.2227536E-4
3.76	  3.1593672E-4
3.77	  3.0972404E-4
3.78	  3.0363482E-4
3.79	  2.9766656E-4
3.8	  2.9181683E-4
3.81	  2.8608326E-4
3.82	  2.8046352E-4
3.83	  2.749553E-4
3.84	  2.695564E-4
3.85	  2.642646E-4
3.86	  2.5907776E-4
3.87	  2.5399379E-4
3.88	  2.4901063E-4
3.89	  2.4412622E-4
3.9	  2.3933862E-4
3.91	  2.3464588E-4
3.92	  2.3004609E-4
3.93	  2.2553741E-4
3.94	  2.21118E-4
3.95	  2.1678607E-4
3.96	  2.1253988E-4
3.97	  2.083777E-4
3.98	  2.0429789E-4
3.99	  2.0029876E-4
4.0	  1.963787E-4


