
X-Axis: Normalized Interevent Time
Y-Axis: Probability
Number of Data Sets: 3


DATASET #1

     Name: Bruce 2627 Histogram
   Points: 41
     Info: 

Data[x,y]:
0.05	  0.0041100574
0.15	  0.0076751853
0.25	  0.0126719065
0.35	  0.0206565
0.45	  0.030118868
0.55	  0.04145616
0.65	  0.059743606
0.75	  0.0840068
0.85	  0.12972079
0.95	  0.20022905
1.05	  0.18250501
1.15	  0.090033345
1.25	  0.031227197
1.35	  0.015004017
1.45	  0.012704233
1.55	  0.010519899
1.65	  0.0099241715
1.75	  0.009383861
1.85	  0.007430429
1.95	  0.005615539
2.05	  0.004211654
2.15	  0.0040038424
2.25	  0.0032187751
2.35	  0.0032926637
2.45	  0.0026923183
2.55	  0.001994994
2.65	  0.0020180843
2.75	  0.0014823914
2.85	  0.0017040574
2.95	  0.001450065
3.05	  0.0011498925
3.15	  0.001103712
3.25	  8.9128205E-4
3.35	  8.9128205E-4
3.45	  5.310748E-4
3.55	  5.680191E-4
3.65	  4.43332E-4
3.75	  4.5256809E-4
3.85	  4.1100572E-4
3.95	  2.863186E-4
4.05	  0.0024660344



DATASET #2

     Name: Log-Normal Fit
   Points: 401
     Info: 

Data[x,y]:
0.005	  0.0
0.015	  1.1115229E-15
0.025	  9.3681E-13
0.035	  7.155666E-11
0.045	  1.5782067E-9
0.055	  1.6437198E-8
0.065	  1.0435864E-7
0.075	  4.6853359E-7
0.085	  1.6324908E-6
0.095	  4.6944683E-6
0.105	  1.162569E-5
0.115	  2.5560492E-5
0.125	  5.102483E-5
0.135	  9.406216E-5
0.145	  1.6223524E-4
0.155	  2.6450225E-4
0.165	  4.1098226E-4
0.175	  6.126353E-4
0.185	  8.808877E-4
0.195	  0.0012272337
0.205	  0.0016628413
0.215	  0.0021981841
0.225	  0.0028427187
0.235	  0.0036046158
0.245	  0.0044905525
0.255	  0.005505569
0.265	  0.006652983
0.275	  0.007934363
0.285	  0.009349546
0.295	  0.010896707
0.305	  0.012572448
0.315	  0.014371932
0.325	  0.016289018
0.335	  0.018316425
0.345	  0.020445896
0.355	  0.02266836
0.365	  0.024974098
0.375	  0.027352909
0.385	  0.029794246
0.395	  0.032287378
0.405	  0.034821495
0.415	  0.037385855
0.425	  0.03996986
0.435	  0.042563163
0.445	  0.045155745
0.455	  0.047737982
0.465	  0.0503007
0.475	  0.05283521
0.485	  0.055333376
0.495	  0.057787586
0.505	  0.060190815
0.515	  0.06253662
0.525	  0.064819135
0.535	  0.067033075
0.545	  0.06917373
0.555	  0.07123694
0.565	  0.07321909
0.575	  0.07511711
0.585	  0.07692841
0.595	  0.078650884
0.605	  0.0802829
0.615	  0.081823215
0.625	  0.08327104
0.635	  0.08462594
0.645	  0.08588781
0.655	  0.08705691
0.665	  0.088133775
0.675	  0.08911922
0.685	  0.0900143
0.695	  0.09082032
0.705	  0.09153875
0.715	  0.09217128
0.725	  0.09271973
0.735	  0.09318608
0.745	  0.09357242
0.755	  0.09388095
0.765	  0.09411396
0.775	  0.09427381
0.785	  0.094362915
0.795	  0.09438374
0.805	  0.09433878
0.815	  0.09423056
0.825	  0.094061606
0.835	  0.09383445
0.845	  0.09355162
0.855	  0.09321562
0.865	  0.092828944
0.875	  0.092394054
0.885	  0.09191339
0.895	  0.09138932
0.905	  0.09082421
0.915	  0.090220354
0.925	  0.08958001
0.935	  0.088905364
0.945	  0.08819857
0.955	  0.08746172
0.965	  0.08669683
0.975	  0.08590588
0.985	  0.085090764
0.995	  0.08425333
1.005	  0.083395384
1.015	  0.08251862
1.025	  0.08162472
1.035	  0.08071526
1.045	  0.0797918
1.055	  0.078855805
1.065	  0.07790869
1.075	  0.07695182
1.085	  0.07598649
1.095	  0.07501394
1.105	  0.07403538
1.115	  0.07305191
1.125	  0.072064616
1.135	  0.071074545
1.145	  0.07008265
1.155	  0.069089875
1.165	  0.06809709
1.175	  0.06710514
1.185	  0.06611478
1.195	  0.0651268
1.205	  0.06414186
1.215	  0.06316065
1.225	  0.062183782
1.235	  0.061211836
1.245	  0.06024536
1.255	  0.05928487
1.265	  0.058330845
1.275	  0.057383727
1.285	  0.056443933
1.295	  0.055511847
1.305	  0.054587822
1.315	  0.053672194
1.325	  0.05276526
1.335	  0.051867303
1.345	  0.05097857
1.355	  0.050099295
1.365	  0.049229685
1.375	  0.048369933
1.385	  0.047520198
1.395	  0.04668064
1.405	  0.04585138
1.415	  0.045032542
1.425	  0.044224218
1.435	  0.04342649
1.445	  0.04263943
1.455	  0.041863095
1.465	  0.04109752
1.475	  0.040342744
1.485	  0.039598774
1.495	  0.038865622
1.505	  0.03814329
1.515	  0.037431754
1.525	  0.036730997
1.535	  0.03604099
1.545	  0.0353617
1.555	  0.03469307
1.565	  0.03403505
1.575	  0.033387583
1.585	  0.032750603
1.595	  0.03212404
1.605	  0.031507812
1.615	  0.030901846
1.625	  0.03030605
1.635	  0.029720336
1.645	  0.02914461
1.655	  0.028578775
1.665	  0.02802273
1.675	  0.027476374
1.685	  0.0269396
1.695	  0.0264123
1.705	  0.025894364
1.715	  0.025385678
1.725	  0.024886131
1.735	  0.024395607
1.745	  0.02391399
1.755	  0.023441162
1.765	  0.022977004
1.775	  0.022521399
1.785	  0.022074226
1.795	  0.021635367
1.805	  0.021204699
1.815	  0.020782104
1.825	  0.02036746
1.835	  0.01996065
1.845	  0.019561552
1.855	  0.019170044
1.865	  0.018786011
1.875	  0.018409332
1.885	  0.01803989
1.895	  0.017677566
1.905	  0.017322244
1.915	  0.01697381
1.925	  0.016632147
1.935	  0.016297141
1.945	  0.015968679
1.955	  0.01564665
1.965	  0.01533094
1.975	  0.0150214415
1.985	  0.0147180455
1.995	  0.014420643
2.005	  0.01412913
2.015	  0.013843399
2.025	  0.013563346
2.035	  0.0132888695
2.045	  0.013019867
2.055	  0.012756239
2.065	  0.012497886
2.075	  0.012244711
2.085	  0.011996618
2.095	  0.011753511
2.105	  0.011515297
2.115	  0.011281885
2.125	  0.011053183
2.135	  0.010829102
2.145	  0.010609554
2.155	  0.010394451
2.165	  0.01018371
2.175	  0.009977245
2.185	  0.009774974
2.195	  0.009576815
2.205	  0.009382689
2.215	  0.009192517
2.225	  0.009006222
2.235	  0.008823726
2.245	  0.008644956
2.255	  0.008469838
2.265	  0.008298299
2.275	  0.00813027
2.285	  0.007965679
2.295	  0.007804459
2.305	  0.007646542
2.315	  0.007491862
2.325	  0.0073403534
2.335	  0.0071919537
2.345	  0.0070465994
2.355	  0.00690423
2.365	  0.006764784
2.375	  0.006628203
2.385	  0.006494429
2.395	  0.006363405
2.405	  0.0062350743
2.415	  0.006109383
2.425	  0.0059862765
2.435	  0.005865703
2.445	  0.00574761
2.455	  0.005631947
2.465	  0.0055186637
2.475	  0.005407712
2.485	  0.0052990434
2.495	  0.005192612
2.505	  0.0050883703
2.515	  0.004986274
2.525	  0.004886279
2.535	  0.0047883415
2.545	  0.0046924194
2.555	  0.004598471
2.565	  0.004506455
2.575	  0.0044163316
2.585	  0.0043280623
2.595	  0.0042416076
2.605	  0.004156931
2.615	  0.0040739947
2.625	  0.003992763
2.635	  0.0039132
2.645	  0.0038352716
2.655	  0.0037589436
2.665	  0.0036841827
2.675	  0.0036109562
2.685	  0.0035392325
2.695	  0.0034689798
2.705	  0.003400168
2.715	  0.0033327667
2.725	  0.0032667466
2.735	  0.0032020789
2.745	  0.0031387357
2.755	  0.0030766889
2.765	  0.0030159114
2.775	  0.0029563773
2.785	  0.0028980605
2.795	  0.0028409353
2.805	  0.0027849767
2.815	  0.002730161
2.825	  0.002676464
2.835	  0.0026238624
2.845	  0.0025723332
2.855	  0.0025218541
2.865	  0.0024724032
2.875	  0.002423959
2.885	  0.0023765007
2.895	  0.0023300075
2.905	  0.0022844595
2.915	  0.0022398368
2.925	  0.00219612
2.935	  0.0021532907
2.945	  0.0021113297
2.955	  0.0020702195
2.965	  0.0020299419
2.975	  0.00199048
2.985	  0.0019518166
2.995	  0.001913935
3.005	  0.001876819
3.015	  0.0018404527
3.025	  0.0018048204
3.035	  0.0017699068
3.045	  0.0017356973
3.055	  0.0017021768
3.065	  0.0016693312
3.075	  0.0016371466
3.085	  0.0016056091
3.095	  0.0015747052
3.105	  0.001544422
3.115	  0.0015147465
3.125	  0.001485666
3.135	  0.0014571683
3.145	  0.0014292413
3.155	  0.0014018731
3.165	  0.0013750523
3.175	  0.0013487673
3.185	  0.0013230073
3.195	  0.0012977613
3.205	  0.0012730188
3.215	  0.0012487692
3.225	  0.0012250025
3.235	  0.0012017087
3.245	  0.001178878
3.255	  0.0011565009
3.265	  0.0011345679
3.275	  0.0011130702
3.285	  0.0010919985
3.295	  0.0010713442
3.305	  0.0010510987
3.315	  0.0010312536
3.325	  0.0010118007
3.335	  9.92732E-4
3.345	  9.7403943E-4
3.355	  9.557154E-4
3.365	  9.377524E-4
3.375	  9.20143E-4
3.385	  9.028799E-4
3.395	  8.8595616E-4
3.405	  8.6936477E-4
3.415	  8.5309887E-4
3.425	  8.3715195E-4
3.435	  8.2151743E-4
3.445	  8.061889E-4
3.455	  7.911603E-4
3.465	  7.764253E-4
3.475	  7.6197804E-4
3.485	  7.478127E-4
3.495	  7.3392346E-4
3.505	  7.203048E-4
3.515	  7.069512E-4
3.525	  6.9385726E-4
3.535	  6.8101776E-4
3.545	  6.684275E-4
3.555	  6.560815E-4
3.565	  6.4397475E-4
3.575	  6.321025E-4
3.585	  6.2045996E-4
3.595	  6.090425E-4
3.605	  5.978456E-4
3.615	  5.868648E-4
3.625	  5.7609566E-4
3.635	  5.655341E-4
3.645	  5.551758E-4
3.655	  5.4501684E-4
3.665	  5.35053E-4
3.675	  5.2528054E-4
3.685	  5.1569554E-4
3.695	  5.062943E-4
3.705	  4.9707305E-4
3.715	  4.880283E-4
3.725	  4.7915647E-4
3.735	  4.7045408E-4
3.745	  4.619178E-4
3.755	  4.535443E-4
3.765	  4.453303E-4
3.775	  4.3727268E-4
3.785	  4.293683E-4
3.795	  4.216141E-4
3.805	  4.1400714E-4
3.815	  4.0654445E-4
3.825	  3.992232E-4
3.835	  3.920406E-4
3.845	  3.8499388E-4
3.855	  3.7808032E-4
3.865	  3.7129736E-4
3.875	  3.6464236E-4
3.885	  3.5811283E-4
3.895	  3.517063E-4
3.905	  3.4542027E-4
3.915	  3.3925247E-4
3.925	  3.3320053E-4
3.935	  3.2726215E-4
3.945	  3.2143513E-4
3.955	  3.1571728E-4
3.965	  3.1010646E-4
3.975	  3.0460054E-4
3.985	  2.9919753E-4
3.995	  2.9389537E-4
4.005	  2.8869207E-4



DATASET #3

     Name: BPT Fit
   Points: 401
     Info: Mean = 100.0, Aperiodicity = 0.5, Duration = 30.0, Delta T = 1.0, Num Points = 500, Historic Open Interval = 0.0
Computed mean = 0.9936987

Data[x,y]:
0.0	  0.0
0.01	  0.0
0.02	  4.2E-45
0.03	  2.0113299E-29
0.04	  1.1334847E-21
0.05	  4.6579933E-17
0.06	  5.2357515E-14
0.07	  7.581763E-12
0.08	  3.0639435E-10
0.09	  5.303654E-9
0.1	  5.0819388E-8
0.11	  3.1721416E-7
0.12	  1.4373852E-6
0.13	  5.0953367E-6
0.14	  1.4903843E-5
0.15	  3.7401023E-5
0.16	  8.2908526E-5
0.17	  1.6600138E-4
0.18	  3.0543696E-4
0.19	  5.2352354E-4
0.2	  8.450262E-4
0.21	  0.0012957796
0.22	  0.0019011959
0.23	  0.0026848407
0.24	  0.0036672063
0.25	  0.004864761
0.26	  0.006289313
0.27	  0.007947678
0.28	  0.009841629
0.29	  0.011968084
0.3	  0.014319465
0.31	  0.016884198
0.32	  0.01964729
0.33	  0.022590946
0.34	  0.02569519
0.35	  0.02893847
0.36	  0.032298226
0.37	  0.035751395
0.38	  0.03927487
0.39	  0.042845882
0.4	  0.046442337
0.41	  0.05004307
0.42	  0.05362807
0.43	  0.057178617
0.44	  0.060677413
0.45	  0.06410865
0.46	  0.067458026
0.47	  0.07071278
0.48	  0.07386166
0.49	  0.07689489
0.5	  0.0798041
0.51	  0.082582295
0.52	  0.08522375
0.53	  0.08772395
0.54	  0.090079494
0.55	  0.09228802
0.56	  0.09434811
0.57	  0.096259214
0.58	  0.09802157
0.59	  0.09963609
0.6	  0.10110436
0.61	  0.102428466
0.62	  0.10361102
0.63	  0.10465504
0.64	  0.10556391
0.65	  0.1063413
0.66	  0.10699118
0.67	  0.107517675
0.68	  0.10792512
0.69	  0.108217955
0.7	  0.10840072
0.71	  0.10847801
0.72	  0.10845447
0.73	  0.108334735
0.74	  0.10812343
0.75	  0.107825145
0.76	  0.10744442
0.77	  0.10698573
0.78	  0.106453486
0.79	  0.10585196
0.8	  0.10518539
0.81	  0.10445785
0.82	  0.10367333
0.83	  0.1028357
0.84	  0.1019487
0.85	  0.10101594
0.86	  0.10004091
0.87	  0.09902698
0.88	  0.09797737
0.89	  0.09689519
0.9	  0.09578341
0.91	  0.094644874
0.92	  0.0934823
0.93	  0.0922983
0.94	  0.091095336
0.95	  0.089875765
0.96	  0.08864184
0.97	  0.08739568
0.98	  0.086139314
0.99	  0.08487465
1.0	  0.083603494
1.01	  0.08232756
1.02	  0.08104846
1.03	  0.07976771
1.04	  0.07848675
1.05	  0.07720691
1.06	  0.07592946
1.07	  0.07465558
1.08	  0.07338636
1.09	  0.07212286
1.1	  0.07086601
1.11	  0.06961672
1.12	  0.06837581
1.13	  0.067144066
1.14	  0.06592218
1.15	  0.06471081
1.16	  0.06351056
1.17	  0.06232198
1.18	  0.061145578
1.19	  0.059981804
1.2	  0.058831077
1.21	  0.057693772
1.22	  0.05657022
1.23	  0.05546072
1.24	  0.05436554
1.25	  0.05328491
1.26	  0.052219026
1.27	  0.05116806
1.28	  0.050132163
1.29	  0.049111445
1.3	  0.048106004
1.31	  0.047115907
1.32	  0.046141203
1.33	  0.045181926
1.34	  0.044238083
1.35	  0.04330967
1.36	  0.04239666
1.37	  0.04149902
1.38	  0.040616687
1.39	  0.039749607
1.4	  0.03889769
1.41	  0.038060855
1.42	  0.037238996
1.43	  0.036432005
1.44	  0.035639763
1.45	  0.034862146
1.46	  0.034099013
1.47	  0.03335022
1.48	  0.03261563
1.49	  0.031895082
1.5	  0.031188417
1.51	  0.030495474
1.52	  0.029816084
1.53	  0.029150076
1.54	  0.028497277
1.55	  0.027857507
1.56	  0.027230589
1.57	  0.02661634
1.58	  0.026014578
1.59	  0.025425117
1.6	  0.024847772
1.61	  0.024282357
1.62	  0.023728682
1.63	  0.023186563
1.64	  0.02265581
1.65	  0.022136236
1.66	  0.021627653
1.67	  0.021129878
1.68	  0.020642724
1.69	  0.020166004
1.7	  0.019699534
1.71	  0.019243136
1.72	  0.018796623
1.73	  0.018359816
1.74	  0.017932538
1.75	  0.01751461
1.76	  0.017105859
1.77	  0.01670611
1.78	  0.016315194
1.79	  0.015932936
1.8	  0.015559171
1.81	  0.015193734
1.82	  0.01483646
1.83	  0.014487188
1.84	  0.014145758
1.85	  0.013812013
1.86	  0.013485798
1.87	  0.0131669585
1.88	  0.012855345
1.89	  0.012550811
1.9	  0.012253207
1.91	  0.011962391
1.92	  0.011678223
1.93	  0.01140056
1.94	  0.0111292675
1.95	  0.01086421
1.96	  0.010605255
1.97	  0.0103522735
1.98	  0.010105137
1.99	  0.009863718
2.0	  0.009627896
2.01	  0.009397549
2.02	  0.009172556
2.03	  0.008952802
2.04	  0.008738172
2.05	  0.008528555
2.06	  0.008323838
2.07	  0.008123914
2.08	  0.007928677
2.09	  0.0077380226
2.1	  0.0075518484
2.11	  0.0073700547
2.12	  0.0071925437
2.13	  0.0070192185
2.14	  0.006849985
2.15	  0.0066847517
2.16	  0.006523427
2.17	  0.006365923
2.18	  0.0062121525
2.19	  0.006062031
2.2	  0.0059154746
2.21	  0.0057724025
2.22	  0.0056327344
2.23	  0.005496392
2.24	  0.0053632995
2.25	  0.005233382
2.26	  0.0051065655
2.27	  0.004982779
2.28	  0.004861952
2.29	  0.0047440156
2.3	  0.0046289037
2.31	  0.00451655
2.32	  0.00440689
2.33	  0.004299861
2.34	  0.0041954014
2.35	  0.004093452
2.36	  0.0039939526
2.37	  0.003896847
2.38	  0.0038020783
2.39	  0.0037095915
2.4	  0.0036193333
2.41	  0.0035312506
2.42	  0.0034452928
2.43	  0.003361409
2.44	  0.0032795507
2.45	  0.0031996698
2.46	  0.003121719
2.47	  0.0030456532
2.48	  0.002971427
2.49	  0.0028989974
2.5	  0.002828321
2.51	  0.0027593563
2.52	  0.0026920626
2.53	  0.0026264
2.54	  0.0025623294
2.55	  0.002499813
2.56	  0.0024388137
2.57	  0.002379295
2.58	  0.0023212212
2.59	  0.0022645583
2.6	  0.002209272
2.61	  0.0021553293
2.62	  0.0021026982
2.63	  0.0020513472
2.64	  0.002001245
2.65	  0.0019523621
2.66	  0.0019046689
2.67	  0.0018581368
2.68	  0.0018127379
2.69	  0.0017684447
2.7	  0.0017252306
2.71	  0.0016830696
2.72	  0.0016419363
2.73	  0.0016018057
2.74	  0.0015626537
2.75	  0.0015244565
2.76	  0.0014871911
2.77	  0.0014508349
2.78	  0.001415366
2.79	  0.0013807627
2.8	  0.0013470041
2.81	  0.0013140697
2.82	  0.0012819396
2.83	  0.0012505942
2.84	  0.0012200144
2.85	  0.0011901817
2.86	  0.0011610779
2.87	  0.0011326852
2.88	  0.0011049864
2.89	  0.0010779648
2.9	  0.0010516036
2.91	  0.0010258869
2.92	  0.001000799
2.93	  9.7632455E-4
2.94	  9.5244864E-4
2.95	  9.2915667E-4
2.96	  9.0643443E-4
2.97	  8.84268E-4
2.98	  8.626439E-4
2.99	  8.415488E-4
3.0	  8.209699E-4
3.01	  8.0089446E-4
3.02	  7.813103E-4
3.03	  7.6220545E-4
3.04	  7.435682E-4
3.05	  7.25387E-4
3.06	  7.076509E-4
3.07	  6.9034885E-4
3.08	  6.734704E-4
3.09	  6.570051E-4
3.1	  6.409429E-4
3.11	  6.2527385E-4
3.12	  6.0998846E-4
3.13	  5.9507735E-4
3.14	  5.8053125E-4
3.15	  5.6634133E-4
3.16	  5.524988E-4
3.17	  5.3899526E-4
3.18	  5.258223E-4
3.19	  5.129719E-4
3.2	  5.004362E-4
3.21	  4.8820738E-4
3.22	  4.7627804E-4
3.23	  4.646408E-4
3.24	  4.532885E-4
3.25	  4.4221416E-4
3.26	  4.31411E-4
3.27	  4.2087238E-4
3.28	  4.1059178E-4
3.29	  4.0056292E-4
3.3	  3.9077958E-4
3.31	  3.812358E-4
3.32	  3.7192568E-4
3.33	  3.6284354E-4
3.34	  3.5398372E-4
3.35	  3.453408E-4
3.36	  3.3690952E-4
3.37	  3.286846E-4
3.38	  3.2066106E-4
3.39	  3.1283393E-4
3.4	  3.0519837E-4
3.41	  2.9774974E-4
3.42	  2.904834E-4
3.43	  2.8339494E-4
3.44	  2.7648E-4
3.45	  2.6973424E-4
3.46	  2.6315358E-4
3.47	  2.5673397E-4
3.48	  2.5047146E-4
3.49	  2.443622E-4
3.5	  2.384024E-4
3.51	  2.3258843E-4
3.52	  2.269167E-4
3.53	  2.2138373E-4
3.54	  2.1598612E-4
3.55	  2.1072054E-4
3.56	  2.0558375E-4
3.57	  2.0057263E-4
3.58	  1.9568404E-4
3.59	  1.9091503E-4
3.6	  1.8626264E-4
3.61	  1.8172401E-4
3.62	  1.7729636E-4
3.63	  1.7297697E-4
3.64	  1.6876317E-4
3.65	  1.646524E-4
3.66	  1.6064211E-4
3.67	  1.5672986E-4
3.68	  1.5291321E-4
3.69	  1.4918986E-4
3.7	  1.455575E-4
3.71	  1.4201389E-4
3.72	  1.3855688E-4
3.73	  1.3518432E-4
3.74	  1.3189416E-4
3.75	  1.2868439E-4
3.76	  1.2555302E-4
3.77	  1.2249812E-4
3.78	  1.19517856E-4
3.79	  1.1661037E-4
3.8	  1.1377387E-4
3.81	  1.11006644E-4
3.82	  1.0830698E-4
3.83	  1.0567322E-4
3.84	  1.0310376E-4
3.85	  1.0059702E-4
3.86	  9.815146E-5
3.87	  9.576559E-5
3.88	  9.3437935E-5
3.89	  9.116708E-5
3.9	  8.895164E-5
3.91	  8.679024E-5
3.92	  8.468158E-5
3.93	  8.262435E-5
3.94	  8.06173E-5
3.95	  7.865919E-5
3.96	  7.674884E-5
3.97	  7.488507E-5
3.98	  7.3066745E-5
3.99	  7.129274E-5
4.0	  6.9562E-5


