
X-Axis: Normalized Interevent Time
Y-Axis: Probability
Number of Data Sets: 3


DATASET #1

     Name: Bruce 2627 Histogram
   Points: 41
     Info: 

Data[x,y]:
0.05	  0.022217505
0.15	  0.014881202
0.25	  0.016363734
0.35	  0.020129666
0.45	  0.023895597
0.55	  0.029108673
0.65	  0.03819757
0.75	  0.05072087
0.85	  0.07845876
0.95	  0.13701135
1.05	  0.18157302
1.15	  0.15525247
1.25	  0.09667753
1.35	  0.052039508
1.45	  0.029289335
1.55	  0.01832865
1.65	  0.011863987
1.75	  0.007822409
1.85	  0.0050454536
1.95	  0.0033282489
2.05	  0.0021325378
2.15	  0.0014285209
2.25	  0.0010560252
2.35	  7.394039E-4
2.45	  5.5501855E-4
2.55	  3.7622062E-4
2.65	  3.0358398E-4
2.75	  2.3653475E-4
2.85	  1.806604E-4
2.95	  1.2106109E-4
3.05	  1.3037349E-4
3.15	  8.753648E-5
3.25	  7.2636656E-5
3.35	  8.008657E-5
3.45	  4.656196E-5
3.55	  3.166213E-5
3.65	  3.352461E-5
3.75	  2.0487261E-5
3.85	  2.0487261E-5
3.95	  1.8624783E-5
4.05	  1.2292356E-4



DATASET #2

     Name: Log-Normal Fit
   Points: 401
     Info: 

Data[x,y]:
0.005	  0.0
0.015	  3.0261453E-26
0.025	  2.876861E-21
0.035	  4.6440984E-18
0.045	  9.306889E-16
0.055	  5.3230234E-14
0.065	  1.3273395E-12
0.075	  1.8429192E-11
0.085	  1.6614361E-10
0.095	  1.0775246E-9
0.105	  5.3995564E-9
0.115	  2.2011712E-8
0.125	  7.584325E-8
0.135	  2.2738294E-7
0.145	  6.0666457E-7
0.155	  1.4662012E-6
0.165	  3.2558123E-6
0.175	  6.71967E-6
0.185	  1.3012616E-5
0.195	  2.3829472E-5
0.205	  4.153828E-5
0.215	  6.930661E-5
0.225	  1.1120959E-4
0.235	  1.7230888E-4
0.245	  2.5869394E-4
0.255	  3.7747918E-4
0.265	  5.3675415E-4
0.275	  7.4548647E-4
0.285	  0.0010133809
0.295	  0.0013507006
0.305	  0.0017680563
0.315	  0.002276175
0.325	  0.0028856553
0.335	  0.0036067206
0.345	  0.004448977
0.355	  0.0054211877
0.365	  0.006531067
0.375	  0.007785101
0.385	  0.009188399
0.395	  0.010744579
0.405	  0.01245569
0.415	  0.014322161
0.425	  0.016342796
0.435	  0.018514786
0.445	  0.020833766
0.455	  0.023293883
0.465	  0.02588789
0.475	  0.02860727
0.485	  0.031442355
0.495	  0.03438248
0.505	  0.037416108
0.515	  0.040531002
0.525	  0.04371437
0.535	  0.046953015
0.545	  0.05023348
0.555	  0.053542186
0.565	  0.056865573
0.575	  0.06019022
0.585	  0.06350295
0.595	  0.066790946
0.605	  0.07004182
0.615	  0.07324374
0.625	  0.07638543
0.635	  0.0794563
0.645	  0.08244642
0.655	  0.08534662
0.665	  0.088148475
0.675	  0.09084436
0.685	  0.093427405
0.695	  0.09589156
0.705	  0.098231524
0.715	  0.10044279
0.725	  0.1025216
0.735	  0.10446492
0.745	  0.10627043
0.755	  0.10793648
0.765	  0.10946207
0.775	  0.110846795
0.785	  0.11209085
0.795	  0.11319493
0.805	  0.114160255
0.815	  0.1149885
0.825	  0.11568175
0.835	  0.11624249
0.845	  0.116673544
0.855	  0.11697805
0.865	  0.117159404
0.875	  0.117221266
0.885	  0.11716749
0.895	  0.117002115
0.905	  0.11672931
0.915	  0.1163534
0.925	  0.11587876
0.935	  0.115309864
0.945	  0.11465122
0.955	  0.113907345
0.965	  0.11308279
0.975	  0.11218207
0.985	  0.111209676
0.995	  0.11017006
1.005	  0.1090676
1.015	  0.10790661
1.025	  0.10669133
1.035	  0.1054259
1.045	  0.10411436
1.055	  0.10276065
1.065	  0.101368584
1.075	  0.09994187
1.085	  0.09848409
1.095	  0.0969987
1.105	  0.095489025
1.115	  0.09395826
1.125	  0.092409484
1.135	  0.090845615
1.145	  0.089269474
1.155	  0.08768372
1.165	  0.08609091
1.175	  0.08449345
1.185	  0.08289363
1.195	  0.08129363
1.205	  0.07969548
1.215	  0.0781011
1.225	  0.07651231
1.235	  0.074930795
1.245	  0.073358156
1.255	  0.07179586
1.265	  0.07024528
1.275	  0.06870771
1.285	  0.067184314
1.295	  0.06567619
1.305	  0.06418434
1.315	  0.06270966
1.325	  0.061253008
1.335	  0.059815124
1.345	  0.05839669
1.355	  0.056998316
1.365	  0.05562055
1.375	  0.05426386
1.385	  0.05292867
1.395	  0.051615335
1.405	  0.05032416
1.415	  0.049055398
1.425	  0.04780925
1.435	  0.046585876
1.445	  0.045385387
1.455	  0.04420786
1.465	  0.043053333
1.475	  0.0419218
1.485	  0.04081323
1.495	  0.03972756
1.505	  0.038664702
1.515	  0.037624534
1.525	  0.036606908
1.535	  0.035611663
1.545	  0.03463861
1.555	  0.03368754
1.565	  0.032758232
1.575	  0.031850446
1.585	  0.03096393
1.595	  0.030098408
1.605	  0.02925361
1.615	  0.028429242
1.625	  0.027625004
1.635	  0.02684059
1.645	  0.026075685
1.655	  0.02532997
1.665	  0.02460312
1.675	  0.0238948
1.685	  0.023204682
1.695	  0.022532428
1.705	  0.021877697
1.715	  0.021240154
1.725	  0.020619456
1.735	  0.020015262
1.745	  0.019427232
1.755	  0.01885503
1.765	  0.018298315
1.775	  0.017756753
1.785	  0.017230006
1.795	  0.016717749
1.805	  0.01621965
1.815	  0.015735382
1.825	  0.015264627
1.835	  0.014807064
1.845	  0.01436238
1.855	  0.013930265
1.865	  0.013510413
1.875	  0.013102522
1.885	  0.012706296
1.895	  0.012321441
1.905	  0.011947671
1.915	  0.011584704
1.925	  0.011232262
1.935	  0.01089007
1.945	  0.010557865
1.955	  0.010235381
1.965	  0.009922363
1.975	  0.009618557
1.985	  0.009323717
1.995	  0.009037601
2.005	  0.008759972
2.015	  0.008490598
2.025	  0.008229254
2.035	  0.007975717
2.045	  0.007729771
2.055	  0.0074912044
2.065	  0.0072598103
2.075	  0.007035387
2.085	  0.0068177385
2.095	  0.006606671
2.105	  0.006401998
2.115	  0.006203536
2.125	  0.006011107
2.135	  0.0058245366
2.145	  0.0056436555
2.155	  0.005468299
2.165	  0.005298306
2.175	  0.005133519
2.185	  0.004973786
2.195	  0.004818958
2.205	  0.004668891
2.215	  0.004523444
2.225	  0.004382479
2.235	  0.004245864
2.245	  0.004113469
2.255	  0.003985167
2.265	  0.0038608366
2.275	  0.0037403577
2.285	  0.0036236148
2.295	  0.0035104952
2.305	  0.0034008892
2.315	  0.0032946905
2.325	  0.0031917957
2.335	  0.0030921043
2.345	  0.002995519
2.355	  0.0029019448
2.365	  0.0028112896
2.375	  0.0027234645
2.385	  0.0026383821
2.395	  0.0025559587
2.405	  0.0024761125
2.415	  0.0023987638
2.425	  0.0023238359
2.435	  0.002251254
2.445	  0.0021809454
2.455	  0.0021128398
2.465	  0.0020468691
2.475	  0.001982967
2.485	  0.0019210691
2.495	  0.0018611134
2.505	  0.0018030391
2.515	  0.0017467879
2.525	  0.0016923028
2.535	  0.0016395287
2.545	  0.0015884122
2.555	  0.0015389015
2.565	  0.0014909463
2.575	  0.001444498
2.585	  0.0013995091
2.595	  0.0013559343
2.605	  0.001313729
2.615	  0.0012728502
2.625	  0.0012332563
2.635	  0.0011949069
2.645	  0.0011577628
2.655	  0.0011217862
2.665	  0.0010869403
2.675	  0.0010531895
2.685	  0.0010204994
2.695	  9.888364E-4
2.705	  9.581683E-4
2.715	  9.284636E-4
2.725	  8.9969195E-4
2.735	  8.718239E-4
2.745	  8.44831E-4
2.755	  8.1868557E-4
2.765	  7.933608E-4
2.775	  7.688308E-4
2.785	  7.450706E-4
2.795	  7.220557E-4
2.805	  6.997626E-4
2.815	  6.781685E-4
2.825	  6.5725134E-4
2.835	  6.3698966E-4
2.845	  6.1736273E-4
2.855	  5.983506E-4
2.865	  5.7993375E-4
2.875	  5.6209334E-4
2.885	  5.4481113E-4
2.895	  5.2806956E-4
2.905	  5.118515E-4
2.915	  4.961404E-4
2.925	  4.809202E-4
2.935	  4.6617544E-4
2.945	  4.51891E-4
2.955	  4.3805246E-4
2.965	  4.2464564E-4
2.975	  4.1165692E-4
2.985	  3.9907312E-4
2.995	  3.868814E-4
3.005	  3.7506942E-4
3.015	  3.6362515E-4
3.025	  3.5253703E-4
3.035	  3.4179378E-4
3.045	  3.3138457E-4
3.055	  3.2129878E-4
3.065	  3.115263E-4
3.075	  3.0205716E-4
3.085	  2.9288186E-4
3.095	  2.8399113E-4
3.105	  2.75376E-4
3.115	  2.6702776E-4
3.125	  2.5893806E-4
3.135	  2.510987E-4
3.145	  2.4350188E-4
3.155	  2.3613991E-4
3.165	  2.2900543E-4
3.175	  2.2209126E-4
3.185	  2.1539051E-4
3.195	  2.0889647E-4
3.205	  2.0260263E-4
3.215	  1.9650273E-4
3.225	  1.9059068E-4
3.235	  1.8486059E-4
3.245	  1.7930673E-4
3.255	  1.7392362E-4
3.265	  1.6870587E-4
3.275	  1.6364832E-4
3.285	  1.5874597E-4
3.295	  1.5399395E-4
3.305	  1.4938758E-4
3.315	  1.4492228E-4
3.325	  1.4059365E-4
3.335	  1.3639743E-4
3.345	  1.3232949E-4
3.355	  1.2838581E-4
3.365	  1.2456255E-4
3.375	  1.20855926E-4
3.385	  1.1726232E-4
3.395	  1.13778224E-4
3.405	  1.1040021E-4
3.415	  1.07124986E-4
3.425	  1.03949365E-4
3.435	  1.00870246E-4
3.445	  9.788464E-5
3.455	  9.498963E-5
3.465	  9.2182425E-5
3.475	  8.946029E-5
3.485	  8.68206E-5
3.495	  8.42608E-5
3.505	  8.177842E-5
3.515	  7.937105E-5
3.525	  7.703639E-5
3.535	  7.477219E-5
3.545	  7.257628E-5
3.555	  7.044654E-5
3.565	  6.838094E-5
3.575	  6.6377506E-5
3.585	  6.4434316E-5
3.595	  6.2549516E-5
3.605	  6.0721315E-5
3.615	  5.8947975E-5
3.625	  5.7227804E-5
3.635	  5.5559176E-5
3.645	  5.394051E-5
3.655	  5.237027E-5
3.665	  5.084697E-5
3.675	  4.9369184E-5
3.685	  4.793551E-5
3.695	  4.6544603E-5
3.705	  4.5195156E-5
3.715	  4.38859E-5
3.725	  4.261561E-5
3.735	  4.13831E-5
3.745	  4.018722E-5
3.755	  3.9026847E-5
3.765	  3.7900907E-5
3.775	  3.6808353E-5
3.785	  3.5748162E-5
3.795	  3.4719364E-5
3.805	  3.3720993E-5
3.815	  3.2752137E-5
3.825	  3.18119E-5
3.835	  3.0899406E-5
3.845	  3.0013824E-5
3.855	  2.9154337E-5
3.865	  2.8320157E-5
3.875	  2.7510521E-5
3.885	  2.6724685E-5
3.895	  2.5961936E-5
3.905	  2.5221572E-5
3.915	  2.4502926E-5
3.925	  2.3805338E-5
3.935	  2.312818E-5
3.945	  2.2470833E-5
3.955	  2.1832706E-5
3.965	  2.121322E-5
3.975	  2.0611818E-5
3.985	  2.0027957E-5
3.995	  1.9461113E-5
4.005	  1.8910774E-5



DATASET #3

     Name: BPT Fit
   Points: 401
     Info: Mean = 100.0, Aperiodicity = 0.5, Duration = 30.0, Delta T = 1.0, Num Points = 500, Historic Open Interval = 0.0
Computed mean = 0.99918884

Data[x,y]:
0.0	  0.0
0.01	  0.0
0.02	  0.0
0.03	  0.0
0.04	  2.4452237E-37
0.05	  2.6242005E-29
0.06	  5.5648126E-24
0.07	  3.38679E-20
0.08	  2.2504329E-17
0.09	  3.4261646E-15
0.1	  1.8634021E-13
0.11	  4.801135E-12
0.12	  7.071821E-11
0.13	  6.780972E-10
0.14	  4.6438036E-9
0.15	  2.4308154E-8
0.16	  1.0232991E-7
0.17	  3.6015112E-7
0.18	  1.0921773E-6
0.19	  2.9224802E-6
0.2	  7.0324722E-6
0.21	  1.5453617E-5
0.22	  3.140263E-5
0.23	  5.9622464E-5
0.24	  1.0668468E-4
0.25	  1.8120908E-4
0.26	  2.9396435E-4
0.27	  4.5782712E-4
0.28	  6.875922E-4
0.29	  9.996427E-4
0.3	  0.0014115017
0.31	  0.001941296
0.32	  0.002607168
0.33	  0.003426671
0.34	  0.0044161845
0.35	  0.0055903764
0.36	  0.006961736
0.37	  0.0085401945
0.38	  0.010332841
0.39	  0.012343745
0.4	  0.014573858
0.41	  0.017021034
0.42	  0.019680107
0.43	  0.022543056
0.44	  0.025599215
0.45	  0.028835546
0.46	  0.032236923
0.47	  0.03578645
0.48	  0.0394658
0.49	  0.043255527
0.5	  0.04713539
0.51	  0.051084675
0.52	  0.055082455
0.53	  0.059107896
0.54	  0.06314046
0.55	  0.067160144
0.56	  0.07114765
0.57	  0.075084575
0.58	  0.0789535
0.59	  0.08273812
0.6	  0.08642334
0.61	  0.08999532
0.62	  0.09344149
0.63	  0.09675061
0.64	  0.09991276
0.65	  0.10291932
0.66	  0.10576294
0.67	  0.10843752
0.68	  0.11093818
0.69	  0.11326113
0.7	  0.11540375
0.71	  0.11736438
0.72	  0.119142346
0.73	  0.12073788
0.74	  0.12215202
0.75	  0.12338658
0.76	  0.12444404
0.77	  0.12532751
0.78	  0.12604068
0.79	  0.12658769
0.8	  0.12697314
0.81	  0.12720197
0.82	  0.1272795
0.83	  0.12721126
0.84	  0.127003
0.85	  0.12666067
0.86	  0.12619033
0.87	  0.12559815
0.88	  0.1248903
0.89	  0.12407303
0.9	  0.12315255
0.91	  0.12213504
0.92	  0.12102663
0.93	  0.11983334
0.94	  0.11856112
0.95	  0.11721577
0.96	  0.11580297
0.97	  0.11432828
0.98	  0.11279705
0.99	  0.11121452
1.0	  0.1095857
1.01	  0.107915476
1.02	  0.10620852
1.03	  0.104469314
1.04	  0.10270218
1.05	  0.10091121
1.06	  0.099100344
1.07	  0.09727332
1.08	  0.09543369
1.09	  0.093584806
1.1	  0.091729864
1.11	  0.089871876
1.12	  0.08801366
1.13	  0.08615788
1.14	  0.084307045
1.15	  0.08246347
1.16	  0.08062935
1.17	  0.0788067
1.18	  0.07699741
1.19	  0.07520321
1.2	  0.07342572
1.21	  0.071666405
1.22	  0.06992662
1.23	  0.06820759
1.24	  0.06651045
1.25	  0.0648362
1.26	  0.06318574
1.27	  0.061559882
1.28	  0.059959352
1.29	  0.05838477
1.3	  0.05683668
1.31	  0.055315547
1.32	  0.05382176
1.33	  0.052355643
1.34	  0.050917447
1.35	  0.049507365
1.36	  0.048125535
1.37	  0.046772033
1.38	  0.045446895
1.39	  0.0441501
1.4	  0.042881586
1.41	  0.041641254
1.42	  0.040428963
1.43	  0.039244544
1.44	  0.03808779
1.45	  0.036958463
1.46	  0.035856303
1.47	  0.034781028
1.48	  0.033732325
1.49	  0.032709867
1.5	  0.031713307
1.51	  0.030742288
1.52	  0.029796429
1.53	  0.028875342
1.54	  0.027978625
1.55	  0.02710587
1.56	  0.026256658
1.57	  0.025430564
1.58	  0.024627157
1.59	  0.023846002
1.6	  0.02308666
1.61	  0.02234869
1.62	  0.02163165
1.63	  0.020935098
1.64	  0.020258589
1.65	  0.019601678
1.66	  0.018963931
1.67	  0.018344903
1.68	  0.017744163
1.69	  0.017161276
1.7	  0.016595813
1.71	  0.01604735
1.72	  0.015515467
1.73	  0.014999749
1.74	  0.014499787
1.75	  0.014015176
1.76	  0.013545519
1.77	  0.013090421
1.78	  0.012649499
1.79	  0.012222371
1.8	  0.011808665
1.81	  0.011408013
1.82	  0.011020058
1.83	  0.010644446
1.84	  0.010280831
1.85	  0.009928874
1.86	  0.009588243
1.87	  0.009258615
1.88	  0.00893967
1.89	  0.008631099
1.9	  0.008332598
1.91	  0.0080438685
1.92	  0.0077646226
1.93	  0.0074945767
1.94	  0.007233455
1.95	  0.0069809877
1.96	  0.0067369123
1.97	  0.006500973
1.98	  0.00627292
1.99	  0.0060525103
2.0	  0.005839507
2.01	  0.0056336797
2.02	  0.005434804
2.03	  0.005242662
2.04	  0.0050570406
2.05	  0.0048777335
2.06	  0.00470454
2.07	  0.004537265
2.08	  0.0043757185
2.09	  0.004219716
2.1	  0.0040690787
2.11	  0.003923633
2.12	  0.0037832095
2.13	  0.0036476445
2.14	  0.003516779
2.15	  0.0033904584
2.16	  0.0032685332
2.17	  0.0031508578
2.18	  0.0030372916
2.19	  0.0029276977
2.2	  0.002821944
2.21	  0.0027199017
2.22	  0.0026214465
2.23	  0.002526458
2.24	  0.002434819
2.25	  0.0023464167
2.26	  0.002261141
2.27	  0.0021788864
2.28	  0.0020995494
2.29	  0.002023031
2.3	  0.0019492344
2.31	  0.0018780667
2.32	  0.0018094374
2.33	  0.0017432593
2.34	  0.0016794477
2.35	  0.0016179209
2.36	  0.0015586
2.37	  0.0015014083
2.38	  0.0014462719
2.39	  0.0013931191
2.4	  0.0013418809
2.41	  0.0012924903
2.42	  0.0012448826
2.43	  0.0011989954
2.44	  0.0011547683
2.45	  0.0011121427
2.46	  0.0010710625
2.47	  0.0010314729
2.48	  9.933214E-4
2.49	  9.5655693E-4
2.5	  9.2113053E-4
2.51	  8.869946E-4
2.52	  8.5410324E-4
2.53	  8.2241226E-4
2.54	  7.9187873E-4
2.55	  7.624615E-4
2.56	  7.341206E-4
2.57	  7.068175E-4
2.58	  6.805151E-4
2.59	  6.551774E-4
2.6	  6.307698E-4
2.61	  6.0725893E-4
2.62	  5.846124E-4
2.63	  5.6279916E-4
2.64	  5.4178905E-4
2.65	  5.2155316E-4
2.66	  5.020634E-4
2.67	  4.8329285E-4
2.68	  4.6521542E-4
2.69	  4.4780594E-4
2.7	  4.3104021E-4
2.71	  4.1489484E-4
2.72	  3.993472E-4
2.73	  3.8437557E-4
2.74	  3.69959E-4
2.75	  3.5607716E-4
2.76	  3.4271055E-4
2.77	  3.298404E-4
2.78	  3.174485E-4
2.79	  3.0551734E-4
2.8	  2.9403006E-4
2.81	  2.829704E-4
2.82	  2.7232262E-4
2.83	  2.6207167E-4
2.84	  2.5220288E-4
2.85	  2.4270226E-4
2.86	  2.3355623E-4
2.87	  2.2475173E-4
2.88	  2.1627617E-4
2.89	  2.0811742E-4
2.9	  2.0026379E-4
2.91	  1.92704E-4
2.92	  1.854272E-4
2.93	  1.7842291E-4
2.94	  1.7168104E-4
2.95	  1.6519189E-4
2.96	  1.5894607E-4
2.97	  1.5293459E-4
2.98	  1.4714872E-4
2.99	  1.415801E-4
3.0	  1.3622065E-4
3.01	  1.3106261E-4
3.02	  1.2609847E-4
3.03	  1.21321034E-4
3.04	  1.1672334E-4
3.05	  1.1229869E-4
3.06	  1.0804063E-4
3.07	  1.03942955E-4
3.08	  9.999968E-5
3.09	  9.6205025E-5
3.1	  9.255346E-5
3.11	  8.903963E-5
3.12	  8.565838E-5
3.13	  8.240476E-5
3.14	  7.927398E-5
3.15	  7.626145E-5
3.16	  7.3362746E-5
3.17	  7.057359E-5
3.18	  6.788988E-5
3.19	  6.530766E-5
3.2	  6.2823114E-5
3.21	  6.043259E-5
3.22	  5.8132548E-5
3.23	  5.591959E-5
3.24	  5.3790445E-5
3.25	  5.1741958E-5
3.26	  4.9771093E-5
3.27	  4.7874935E-5
3.28	  4.6050667E-5
3.29	  4.4295582E-5
3.3	  4.2607076E-5
3.31	  4.098264E-5
3.32	  3.941985E-5
3.33	  3.7916394E-5
3.34	  3.6470024E-5
3.35	  3.5078592E-5
3.36	  3.374002E-5
3.37	  3.245231E-5
3.38	  3.1213545E-5
3.39	  3.0021874E-5
3.4	  2.8875516E-5
3.41	  2.7772758E-5
3.42	  2.671195E-5
3.43	  2.5691505E-5
3.44	  2.4709896E-5
3.45	  2.3765653E-5
3.46	  2.285736E-5
3.47	  2.1983658E-5
3.48	  2.1143233E-5
3.49	  2.0334823E-5
3.5	  1.9557217E-5
3.51	  1.8809247E-5
3.52	  1.8089788E-5
3.53	  1.7397757E-5
3.54	  1.6732116E-5
3.55	  1.6091859E-5
3.56	  1.5476026E-5
3.57	  1.4883688E-5
3.58	  1.4313953E-5
3.59	  1.3765962E-5
3.6	  1.3238887E-5
3.61	  1.27319345E-5
3.62	  1.224434E-5
3.63	  1.1775365E-5
3.64	  1.1324304E-5
3.65	  1.0890473E-5
3.66	  1.0473218E-5
3.67	  1.0071908E-5
3.68	  9.685934E-6
3.69	  9.314714E-6
3.7	  8.957685E-6
3.71	  8.614307E-6
3.72	  8.284061E-6
3.73	  7.966443E-6
3.74	  7.660976E-6
3.75	  7.367193E-6
3.76	  7.084651E-6
3.77	  6.81292E-6
3.78	  6.5515887E-6
3.79	  6.3002594E-6
3.8	  6.0585508E-6
3.81	  5.8260957E-6
3.82	  5.602541E-6
3.83	  5.3875465E-6
3.84	  5.180786E-6
3.85	  4.9819446E-6
3.86	  4.79072E-6
3.87	  4.606821E-6
3.88	  4.4299686E-6
3.89	  4.2598926E-6
3.9	  4.096334E-6
3.91	  3.9390443E-6
3.92	  3.787783E-6
3.93	  3.6423205E-6
3.94	  3.5024348E-6
3.95	  3.3679123E-6
3.96	  3.238548E-6
3.97	  3.1141449E-6
3.98	  2.9945127E-6
3.99	  2.879469E-6
4.0	  2.7688384E-6


