
X-Axis: PGA (g)
Y-Axis: Annual Probabilitiy
Number of Data Sets: 6


DATASET #1

Name: UCERF3 Full
Num Points: 51
Info: 

X, Y Data:
1.0E-4	0.7998043
1.3E-4	0.7995148
1.6E-4	0.7990236
2.0E-4	0.7980184
2.5E-4	0.7961855
3.2E-4	0.79260993
4.0E-4	0.7872836
5.0E-4	0.77915907
6.3E-4	0.766833
7.9E-4	0.7498731
0.001	0.72593904
0.00126	0.69523966
0.00158	0.6574992
0.002	0.60981977
0.00251	0.55621696
0.00316	0.49550867
0.00398	0.43052134
0.00501	0.364533
0.00631	0.30054203
0.00794	0.24195282
0.01	0.19045709
0.01259	0.14733014
0.01585	0.11232391
0.01995	0.084495805
0.02512	0.062520646
0.03162	0.045289632
0.03981	0.031857613
0.05012	0.021605898
0.0631	0.014047349
0.07943	0.008733639
0.1	0.005191602
0.12589	0.0029617313
0.15849	0.0016301268
0.19953	8.715013E-4
0.25119	4.5549605E-4
0.31623	2.3375034E-4
0.39811	1.17868614E-4
0.50119	5.815328E-5
0.63096	2.7819118E-5
0.79433	1.2746336E-5
1.0	5.5205396E-6
1.25893	2.2329527E-6
1.58489	8.354123E-7
1.99526	2.8715695E-7
2.51189	9.037384E-8
3.16228	2.603563E-8
3.98107	6.8842594E-9
5.01187	1.6792848E-9
6.30957	3.8041448E-10
7.94328	8.0599194E-11
10.0	1.6074697E-11



DATASET #2

Name: UCERF3
Num Points: 401
Info: 

X, Y Data:
1.0E-4	0.059430905
1.0333392E-4	0.059430905
1.06779E-4	0.059430905
1.1033893E-4	0.059430905
1.14017545E-4	0.059430905
1.178188E-4	0.059430905
1.2174679E-4	0.059430905
1.2580573E-4	0.059430905
1.3E-4	0.059430905
1.334183E-4	0.059430905
1.369265E-4	0.059430905
1.4052694E-4	0.059430905
1.4422205E-4	0.059430905
1.4801433E-4	0.059430905
1.5190631E-4	0.059430905
1.5590065E-4	0.059430905
1.6E-4	0.059430905
1.645257E-4	0.059430905
1.691794E-4	0.059430905
1.7396474E-4	0.059430905
1.7888544E-4	0.059430905
1.8394532E-4	0.059430905
1.8914833E-4	0.059430905
1.944985E-4	0.059430905
2.0E-4	0.059430905
2.0565712E-4	0.059430905
2.1147425E-4	0.0594309
2.1745593E-4	0.0594309
2.236068E-4	0.0594309
2.2993165E-4	0.0594309
2.364354E-4	0.0594309
2.4312311E-4	0.0594309
2.5E-4	0.0594309
2.5783465E-4	0.0594309
2.659148E-4	0.059430897
2.742482E-4	0.059430897
2.8284272E-4	0.059430894
2.917066E-4	0.059430894
3.0084825E-4	0.05943089
3.102764E-4	0.059430886
3.2E-4	0.059430882
3.290514E-4	0.05943088
3.383588E-4	0.05943087
3.4792948E-4	0.059430864
3.5777088E-4	0.059430856
3.6789064E-4	0.059430845
3.7829665E-4	0.059430834
3.88997E-4	0.05943082
4.0E-4	0.059430804
4.1131425E-4	0.05943078
4.229485E-4	0.05943076
4.3491187E-4	0.05943073
4.472136E-4	0.059430696
4.598633E-4	0.05943066
4.728708E-4	0.05943061
4.8624622E-4	0.059430555
5.0E-4	0.05943049
5.1465514E-4	0.059430413
5.2973983E-4	0.059430316
5.4526667E-4	0.059430208
5.612486E-4	0.059430074
5.77699E-4	0.05942992
5.946315E-4	0.059429742
6.120603E-4	0.05942953
6.3E-4	0.059429284
6.4807665E-4	0.059429
6.6667196E-4	0.059428677
6.858008E-4	0.059428297
7.0547854E-4	0.059427854
7.257209E-4	0.059427347
7.465441E-4	0.05942676
7.6796475E-4	0.05942608
7.9E-4	0.059425298
8.136239E-4	0.05942436
8.379543E-4	0.059423275
8.630122E-4	0.059422027
8.8881946E-4	0.05942059
9.153984E-4	0.05941894
9.427722E-4	0.059417047
9.7096455E-4	0.05941488
0.001	0.0594124
0.0010293103	0.059409633
0.0010594797	0.05940649
0.0010905333	0.059402924
0.0011224973	0.059398882
0.001155398	0.05939431
0.001189263	0.05938915
0.0012241206	0.059383336
0.00126	0.05937679
0.0012961533	0.059369598
0.0013333439	0.059361547
0.0013716016	0.05935255
0.0014109571	0.059342515
0.0014514418	0.05933133
0.0014930882	0.059318896
0.0015359295	0.059305087
0.00158	0.059289776
0.0016272478	0.05927208
0.0016759086	0.05925244
0.0017260244	0.059230685
0.0017776389	0.059206616
0.0018307968	0.05918004
0.0018855444	0.059150744
0.0019419291	0.059118506
0.002	0.059083086
0.0020575977	0.059045717
0.002116854	0.059004936
0.002177817	0.058960505
0.0022405356	0.058912165
0.0023050604	0.05885966
0.0023714434	0.058802724
0.0024397383	0.058741078
0.00251	0.05867444
0.0025833033	0.058601476
0.0026587474	0.05852277
0.0027363948	0.058438003
0.0028163097	0.058346864
0.0028985585	0.058249023
0.0029832094	0.05814416
0.0030703326	0.05803195
0.00316	0.057912067
0.0032524571	0.05778395
0.0033476194	0.05764749
0.003445566	0.057502374
0.0035463783	0.057348292
0.0036501405	0.057184946
0.0037569385	0.057012048
0.003866861	0.05682932
0.00398	0.056636494
0.004096165	0.056433823
0.0042157196	0.05622062
0.0043387646	0.055996668
0.0044654002	0.055761766
0.0045957323	0.05551574
0.0047298684	0.055258423
0.0048679197	0.054989677
0.00501	0.054709382
0.005156579	0.054416742
0.0053074467	0.054112326
0.005462728	0.053796083
0.0056225527	0.05346798
0.0057870536	0.05312802
0.005956367	0.052776206
0.0061306343	0.05241258
0.00631	0.0520372
0.006493865	0.051651716
0.0066830874	0.051254746
0.0068778237	0.050846405
0.007078234	0.050426826
0.0072844843	0.049996164
0.0074967444	0.049554575
0.00771519	0.049102243
0.00794	0.048639357
0.008172275	0.048164263
0.008411343	0.04767895
0.008657407	0.04718365
0.008910668	0.04667859
0.009171338	0.046164013
0.009439633	0.04564016
0.009715778	0.045107283
0.01	0.044565633
0.010292081	0.04401632
0.010592694	0.043458767
0.010902087	0.04289324
0.011220517	0.04231999
0.011548247	0.04173928
0.011885551	0.04115137
0.012232705	0.040556516
0.01259	0.03995498
0.012957647	0.039347153
0.013336032	0.03873317
0.013725464	0.038113285
0.01412627	0.037487764
0.014538779	0.036856875
0.014963334	0.036220882
0.015400288	0.03558007
0.01585	0.034934703
0.016312422	0.03428566
0.016788337	0.03363265
0.017278135	0.032975975
0.017782224	0.032315936
0.01830102	0.031652853
0.01883495	0.030987056
0.019384459	0.03031888
0.01995	0.029648678
0.020533005	0.028975721
0.021133045	0.028301477
0.021750621	0.027626343
0.022386245	0.02695073
0.023040446	0.026275061
0.023713762	0.025599778
0.024406755	0.02492533
0.02512	0.024252191
0.025853088	0.023581741
0.02660757	0.022913571
0.027384069	0.022248186
0.02818323	0.021586102
0.029005712	0.020927845
0.029852198	0.02027395
0.030723387	0.01962496
0.03162	0.01898142
0.032543603	0.018343318
0.033494186	0.017711775
0.034472536	0.01708734
0.03547946	0.016470557
0.0365158	0.015861966
0.03758241	0.01526209
0.03868017	0.0146714505
0.03981	0.014090548
0.040972695	0.013519934
0.042169347	0.012960007
0.04340095	0.0124112135
0.044668525	0.0118739735
0.04597312	0.011348681
0.047315817	0.010835703
0.04869773	0.0103353765
0.05012	0.009848008
0.0515838	0.009373871
0.053090356	0.008913199
0.05464091	0.008466199
0.05623675	0.008033035
0.0578792	0.0076138377
0.059569612	0.0072087017
0.0613094	0.006817683
0.0631	0.006440804
0.06494172	0.006078273
0.066837184	0.0057297978
0.06878798	0.0053952946
0.070795715	0.0050746463
0.072862044	0.0047677048
0.074988686	0.004474291
0.077177405	0.004194199
0.07943	0.003927195
0.08174976	0.0036728722
0.08413727	0.0034311141
0.08659451	0.0032016202
0.08912351	0.0029840705
0.09172637	0.002778129
0.09440525	0.0025834464
0.097162366	0.002399661
0.1	0.0022264018
0.102919795	0.002063328
0.10592484	0.0019100123
0.109017625	0.0017660675
0.112200715	0.0016311037
0.11547674	0.0015047316
0.11884842	0.0013865635
0.12231855	0.0012762147
0.12589	0.0011733053
0.12956645	0.0010774431
0.13335027	9.882817E-4
0.13724458	9.0546155E-4
0.14125264	8.2863274E-4
0.14537773	7.5745466E-4
0.14962329	6.915976E-4
0.15399285	6.3074246E-4
0.15849	5.7458197E-4
0.16311829	5.2282267E-4
0.16788174	4.7517865E-4
0.17278428	4.3137866E-4
0.17783	3.9116386E-4
0.18302307	3.5428768E-4
0.18836778	3.2051586E-4
0.19386858	2.896262E-4
0.19953	2.614084E-4
0.20535603	2.3566696E-4
0.21135218	2.1221118E-4
0.21752341	1.9086507E-4
0.22387484	1.7146341E-4
0.23041171	1.5385136E-4
0.23713945	1.3788402E-4
0.24406363	1.2342616E-4
0.25119	1.1035166E-4
0.25852492	9.854245E-5
0.26607406	8.7890396E-5
0.27384362	7.8294375E-5
0.28184006	6.966078E-5
0.29007	6.190306E-5
0.29854023	5.494135E-5
0.30725783	4.8702044E-5
0.31623	4.311745E-5
0.32546407	3.8125418E-5
0.33496782	3.366888E-5
0.34474903	2.9695628E-5
0.3548159	2.615793E-5
0.3651767	2.3012217E-5
0.37584007	2.0218784E-5
0.3868148	1.7741499E-5
0.39811	1.5547535E-5
0.40973493	1.3607128E-5
0.42169935	1.1893287E-5
0.4340131	1.0381621E-5
0.44668642	9.050106E-6
0.4597298	7.8788835E-6
0.47315407	6.8500804E-6
0.4869703	5.9476297E-6
0.50119	5.157118E-6
0.5158249	4.465626E-6
0.5308872	3.861601E-6
0.5463893	3.3347221E-6
0.5623441	2.8757868E-6
0.57876474	2.4766007E-6
0.59566486	2.129881E-6
0.61305845	1.8291626E-6
0.63096	1.568716E-6
0.6493842	1.3434744E-6
0.6683464	1.1489597E-6
0.6878623	9.81224E-7
0.7079481	8.367916E-7
0.72862035	7.1260644E-7
0.7498962	6.0598677E-7
0.7717934	5.1458255E-7
0.79433	4.3633807E-7
0.8175246	3.6945818E-7
0.8413966	3.1237693E-7
0.86596555	2.6373132E-7
0.8912519	2.2233674E-7
0.9172767	1.8716524E-7
0.9440614	1.573262E-7
0.97162825	1.3204942E-7
1.0	1.1066979E-7
1.029201	9.2613526E-8
1.0592546	7.738777E-8
1.090186	6.456844E-8
1.1220205	5.37918E-8
1.1547846	4.474627E-8
1.1885055	3.7165588E-8
1.223211	3.0822367E-8
1.25893	2.5522898E-8
1.2956905	2.1102453E-8
1.3335243	1.7420865E-8
1.3724631	1.4359504E-8
1.4125386	1.1817868E-8
1.4537846	9.711061E-9
1.4962348	7.967487E-9
1.5399245	6.526821E-9
1.58489	5.3382774E-9
1.6311698	4.359346E-9
1.678801	3.5543648E-9
1.727823	2.8934801E-9
1.7782766	2.3517808E-9
1.8302034	1.9084778E-9
1.8836465	1.54631E-9
1.9386501	1.250886E-9
1.99526	1.0103118E-9
2.0535233	8.147083E-10
2.113488	6.559421E-10
2.1752036	5.2727445E-10
2.2387214	4.231857E-10
2.304094	3.3909953E-10
2.3713756	2.7128877E-10
2.4406219	2.1669966E-10
2.51189	1.7282786E-10
2.5852382	1.3762036E-10
2.6607285	1.09399934E-10
2.7384229	8.68321E-11
2.818386	6.881895E-11
2.900684	5.445544E-11
2.9853854	4.3025472E-11
3.0725598	3.393985E-11
3.16228	2.6733615E-11
3.2546198	2.1022073E-11
3.3496559	1.650835E-11
3.447467	1.2944534E-11
3.5481343	1.013134E-11
3.6517413	7.9176665E-12
3.7583735	6.1801675E-12
3.8681195	4.8160365E-12
3.98107	3.7468917E-12
4.097319	2.9085623E-12
4.2169633	2.2573055E-12
4.340101	1.7482682E-12
4.466834	1.3524737E-12
4.5972676	1.0434986E-12
4.7315106	8.050227E-13
4.869673	6.188383E-13
5.01187	4.7661874E-13
5.1582193	3.6604053E-13
5.3088417	2.8055336E-13
5.463863	2.1438407E-13
5.62341	1.6442403E-13
5.7876167	1.2578827E-13
5.9566183	9.592327E-14
6.1305547	7.294165E-14
6.30957	5.551115E-14
6.493813	4.2188475E-14
6.683436	3.1974423E-14
6.878596	2.4424907E-14
7.079455	1.831868E-14
7.286179	1.3322676E-14
7.4989395	1.0547119E-14
7.7179127	7.660539E-15
7.94328	5.440093E-15
8.175228	4.107825E-15
8.41395	3.330669E-15
8.659641	2.553513E-15
8.912508	1.2212453E-15
9.172758	8.881784E-16
9.440608	6.661338E-16
9.716279	5.551115E-16
10.0	1.110223E-16



DATASET #3

Name: RSQSim
Num Points: 401
Info: 

X, Y Data:
1.0E-4	0.056484398
1.0333392E-4	0.056484398
1.06779E-4	0.056484398
1.1033893E-4	0.056484398
1.14017545E-4	0.056484398
1.178188E-4	0.056484398
1.2174679E-4	0.056484398
1.2580573E-4	0.056484398
1.3E-4	0.056484398
1.334183E-4	0.056484398
1.369265E-4	0.056484398
1.4052694E-4	0.056484398
1.4422205E-4	0.056484398
1.4801433E-4	0.056484398
1.5190631E-4	0.056484398
1.5590065E-4	0.056484398
1.6E-4	0.056484398
1.645257E-4	0.056484398
1.691794E-4	0.056484398
1.7396474E-4	0.056484398
1.7888544E-4	0.056484398
1.8394532E-4	0.056484398
1.8914833E-4	0.056484398
1.944985E-4	0.056484398
2.0E-4	0.056484398
2.0565712E-4	0.056484398
2.1147425E-4	0.056484398
2.1745593E-4	0.056484398
2.236068E-4	0.056484398
2.2993165E-4	0.056484398
2.364354E-4	0.056484398
2.4312311E-4	0.056484398
2.5E-4	0.056484398
2.5783465E-4	0.056484394
2.659148E-4	0.056484394
2.742482E-4	0.056484394
2.8284272E-4	0.056484394
2.917066E-4	0.056484394
3.0084825E-4	0.05648439
3.102764E-4	0.05648439
3.2E-4	0.05648439
3.290514E-4	0.056484386
3.383588E-4	0.056484383
3.4792948E-4	0.056484383
3.5777088E-4	0.05648438
3.6789064E-4	0.056484375
3.7829665E-4	0.056484368
3.88997E-4	0.056484364
4.0E-4	0.056484357
4.1131425E-4	0.056484345
4.229485E-4	0.056484338
4.3491187E-4	0.056484323
4.472136E-4	0.056484308
4.598633E-4	0.056484293
4.728708E-4	0.05648427
4.8624622E-4	0.05648425
5.0E-4	0.05648422
5.1465514E-4	0.056484185
5.2973983E-4	0.05648414
5.4526667E-4	0.056484092
5.612486E-4	0.056484032
5.77699E-4	0.05648396
5.946315E-4	0.05648388
6.120603E-4	0.056483783
6.3E-4	0.05648367
6.4807665E-4	0.056483537
6.6667196E-4	0.056483384
6.858008E-4	0.056483205
7.0547854E-4	0.056483
7.257209E-4	0.05648276
7.465441E-4	0.056482475
7.6796475E-4	0.05648215
7.9E-4	0.056481775
8.136239E-4	0.056481317
8.379543E-4	0.056480788
8.630122E-4	0.056480173
8.8881946E-4	0.056479465
9.153984E-4	0.056478642
9.427722E-4	0.056477696
9.7096455E-4	0.0564766
0.001	0.056475345
0.0010293103	0.056473933
0.0010594797	0.056472316
0.0010905333	0.056470472
0.0011224973	0.056468368
0.001155398	0.056465972
0.001189263	0.05646325
0.0012241206	0.05646016
0.00126	0.05645666
0.0012961533	0.056452785
0.0013333439	0.05644842
0.0013716016	0.056443505
0.0014109571	0.056437984
0.0014514418	0.056431793
0.0014930882	0.056424852
0.0015359295	0.05641709
0.00158	0.05640842
0.0016272478	0.05639832
0.0016759086	0.056387022
0.0017260244	0.056374405
0.0017776389	0.056360334
0.0018307968	0.056344666
0.0018855444	0.056327246
0.0019419291	0.056307912
0.002	0.056286484
0.0020575977	0.056263685
0.002116854	0.056238588
0.002177817	0.056211
0.0022405356	0.05618072
0.0023050604	0.056147538
0.0023714434	0.05611122
0.0024397383	0.05607154
0.00251	0.056028232
0.0025833033	0.055980366
0.0026587474	0.055928223
0.0027363948	0.05587151
0.0028163097	0.05580991
0.0028985585	0.055743113
0.0029832094	0.05567078
0.0030703326	0.055592563
0.00316	0.055508114
0.0032524571	0.055416897
0.0033476194	0.05531868
0.003445566	0.055213083
0.0035463783	0.055099715
0.0036501405	0.054978177
0.0037569385	0.054848075
0.003866861	0.054708995
0.00398	0.05456054
0.004096165	0.054402683
0.0042157196	0.054234684
0.0043387646	0.05405613
0.0044654002	0.05386663
0.0045957323	0.053665787
0.0047298684	0.05345321
0.0048679197	0.05322853
0.00501	0.052991375
0.005156579	0.05274078
0.0053074467	0.05247695
0.005462728	0.052199557
0.0056225527	0.051908296
0.0057870536	0.05160287
0.005956367	0.051283013
0.0061306343	0.050948482
0.00631	0.050599054
0.006493865	0.05023602
0.0066830874	0.04985785
0.0068778237	0.04946441
0.007078234	0.049055588
0.0072844843	0.048631314
0.0074967444	0.04819154
0.00771519	0.04773626
0.00794	0.047265496
0.008172275	0.046777382
0.008411343	0.04627382
0.008657407	0.045754936
0.008910668	0.045220897
0.009171338	0.04467191
0.009439633	0.04410822
0.009715778	0.043530095
0.01	0.042937856
0.010292081	0.042332787
0.010592694	0.041714378
0.010902087	0.04108305
0.011220517	0.040439244
0.011548247	0.03978345
0.011885551	0.03911619
0.012232705	0.038438
0.01259	0.03774946
0.012957647	0.03705134
0.013336032	0.036344104
0.013725464	0.035628412
0.01412627	0.034904946
0.014538779	0.034174405
0.014963334	0.033437505
0.015400288	0.03269499
0.01585	0.031947613
0.016312422	0.031196818
0.016788337	0.030442715
0.017278135	0.029686091
0.017782224	0.028927743
0.01830102	0.028168475
0.01883495	0.027409093
0.019384459	0.026650406
0.01995	0.025893219
0.020533005	0.02513711
0.021133045	0.024384119
0.021750621	0.023635041
0.022386245	0.022890666
0.023040446	0.022151772
0.023713762	0.021419117
0.024406755	0.020693453
0.02512	0.019975506
0.025853088	0.019266935
0.02660757	0.018567454
0.027384069	0.017877726
0.02818323	0.017198384
0.029005712	0.016530039
0.029852198	0.01587327
0.030723387	0.015228626
0.03162	0.014596625
0.032543603	0.013977211
0.033494186	0.013371396
0.034472536	0.012779595
0.03547946	0.012202184
0.0365158	0.011639502
0.03758241	0.011091849
0.03868017	0.010559487
0.03981	0.010042637
0.040972695	0.009541536
0.042169347	0.009056266
0.04340095	0.00858693
0.044668525	0.00813359
0.04597312	0.0076962686
0.047315817	0.007274952
0.04869773	0.006869587
0.05012	0.0064800866
0.0515838	0.0061063278
0.053090356	0.005748152
0.05464091	0.0054053683
0.05623675	0.0050777565
0.0578792	0.004765067
0.059569612	0.004467023
0.0613094	0.004183323
0.0631	0.003913642
0.06494172	0.0036577908
0.066837184	0.0034152314
0.06878798	0.003185583
0.070795715	0.0029684505
0.072862044	0.0027634264
0.074988686	0.0025700931
0.077177405	0.0023880259
0.07943	0.0022167931
0.08174976	0.002055866
0.08413727	0.0019049136
0.08659451	0.0017634984
0.08912351	0.001631185
0.09172637	0.0015075413
0.09440525	0.0013921405
0.097162366	0.0012845625
0.1	0.001184395
0.102919795	0.0010912566
0.10592484	0.0010047295
0.109017625	9.244324E-4
0.112200715	8.4999565E-4
0.11547674	7.8106247E-4
0.11884842	7.172893E-4
0.12231855	6.5834617E-4
0.12589	6.039172E-4
0.12956645	5.5369124E-4
0.13335027	5.0739176E-4
0.13724458	4.6474556E-4
0.14125264	4.254937E-4
0.14537773	3.893914E-4
0.14962329	3.5620775E-4
0.15399285	3.257255E-4
0.15849	2.9774065E-4
0.16311829	2.7206307E-4
0.16788174	2.4851284E-4
0.17278428	2.2692322E-4
0.17783	2.0713892E-4
0.18302307	1.8901555E-4
0.18836778	1.724192E-4
0.19386858	1.572257E-4
0.19953	1.4332031E-4
0.20535603	1.3059845E-4
0.21135218	1.189606E-4
0.21752341	1.0831669E-4
0.22387484	9.858387E-5
0.23041171	8.968596E-5
0.23713945	8.1553E-5
0.24406363	7.41208E-5
0.25119	6.73305E-5
0.25852492	6.1127736E-5
0.26607406	5.5463555E-5
0.27384362	5.029267E-5
0.28184006	4.557361E-5
0.29007	4.1268413E-5
0.29854023	3.7342314E-5
0.30725783	3.376347E-5
0.31623	3.050272E-5
0.32546407	2.753336E-5
0.33496782	2.483087E-5
0.34474903	2.2372793E-5
0.3548159	2.0138521E-5
0.3651767	1.810915E-5
0.37584007	1.6267315E-5
0.3868148	1.4597068E-5
0.39811	1.3083755E-5
0.40973493	1.1713917E-5
0.42169935	1.0475155E-5
0.4340131	9.35608E-6
0.44668642	8.346216E-6
0.4597298	7.4359286E-6
0.47315407	6.616355E-6
0.4869703	5.879349E-6
0.50119	5.21742E-6
0.5158249	4.623685E-6
0.5308872	4.091826E-6
0.5463893	3.6160422E-6
0.5623441	3.1910145E-6
0.57876474	2.8118689E-6
0.59566486	2.474144E-6
0.61305845	2.1737599E-6
0.63096	1.90699E-6
0.6493842	1.6704357E-6
0.6683464	1.4609993E-6
0.6878623	1.275863E-6
0.7079481	1.1124677E-6
0.72862035	9.684913E-7
0.7498962	8.4183205E-7
0.7717934	7.305888E-7
0.79433	6.330463E-7
0.8175246	5.4765894E-7
0.8413966	4.7303664E-7
0.86596555	4.079315E-7
0.8912519	3.5122537E-7
0.9172767	3.019182E-7
0.9440614	2.5911726E-7
0.97162825	2.2202721E-7
1.0	1.8994078E-7
1.029201	1.6222967E-7
1.0592546	1.3833879E-7
1.090186	1.1777671E-7
1.1220205	1.00109844E-7
1.1547846	8.4956525E-8
1.1885055	7.1981304E-8
1.223211	6.0890066E-8
1.25893	5.1425456E-8
1.2956905	4.3362945E-8
1.3335243	3.6506197E-8
1.3724631	3.068478E-8
1.4125386	2.5750728E-8
1.4537846	2.1575827E-8
1.4962348	1.8049237E-8
1.5399245	1.507527E-8
1.58489	1.2571522E-8
1.6311698	1.0467125E-8
1.678801	8.701361E-9
1.727823	7.2222033E-9
1.7782766	5.985173E-9
1.8302034	4.9523425E-9
1.8836465	4.091405E-9
1.9386501	3.3749297E-9
1.99526	2.7796323E-9
2.0535233	2.2858617E-9
2.113488	1.876947E-9
2.1752036	1.5387918E-9
2.2387214	1.2596187E-9
2.304094	1.0295604E-9
2.3713756	8.402593E-10
2.4406219	6.847394E-10
2.51189	5.5717153E-10
2.5852382	4.52697E-10
2.6607285	3.672641E-10
2.7384229	2.9750913E-10
2.818386	2.406496E-10
2.900684	1.9436586E-10
2.9853854	1.5675805E-10
3.0725598	1.262408E-10
3.16228	1.0151824E-10
3.2546198	8.151557E-11
3.3496559	6.535339E-11
3.447467	5.2315152E-11
3.5481343	4.1822434E-11
3.6517413	3.3388403E-11
3.7583735	2.6617153E-11
3.8681195	2.1189828E-11
3.98107	1.6846524E-11
4.097319	1.3371526E-11
4.2169633	1.0599854E-11
4.340101	8.3907326E-12
4.466834	6.6333605E-12
4.5972676	5.236367E-12
4.7315106	4.127254E-12
4.869673	3.2489567E-12
5.01187	2.553624E-12
5.1582193	2.0046187E-12
5.3088417	1.5706325E-12
5.463863	1.2303492E-12
5.62341	9.60898E-13
5.7876167	7.5095485E-13
5.9566183	5.859757E-13
6.1305547	4.565237E-13
6.30957	3.543832E-13
6.493813	2.747802E-13
6.683436	2.1271873E-13
6.878596	1.6509016E-13
7.079455	1.2811974E-13
7.286179	9.781065E-14
7.4989395	7.538414E-14
7.7179127	5.8064664E-14
7.94328	4.3742787E-14
8.175228	3.375078E-14
8.41395	2.6090241E-14
8.659641	1.9984014E-14
8.912508	1.5654145E-14
9.172758	1.15463195E-14
9.440608	8.548717E-15
9.716279	5.3290705E-15
10.0	4.2188475E-15



DATASET #4

Name: 1000yr
Num Points: 2
Info: 

X, Y Data:
0.001	0.001
10.0	0.001



DATASET #5

Name: 2500yr
Num Points: 2
Info: 

X, Y Data:
0.001	4.0E-4
10.0	4.0E-4



DATASET #6

Name: 10000yr
Num Points: 2
Info: 

X, Y Data:
0.001	1.0E-4
10.0	1.0E-4


