
X-Axis: Normalized Interevent Time
Y-Axis: Probability
Number of Data Sets: 3


DATASET #1

     Name: mu0_7 Histogram
   Points: 41
     Info: 

Data[x,y]:
0.05	  0.111959085
0.15	  0.059554074
0.25	  0.056172628
0.35	  0.05240749
0.45	  0.049424585
0.55	  0.047015984
0.65	  0.044726204
0.75	  0.04246613
0.85	  0.04204283
0.95	  0.043674145
1.05	  0.047015984
1.15	  0.046191663
1.25	  0.042166602
1.35	  0.038265314
1.45	  0.034334317
1.55	  0.031933144
1.65	  0.029504739
1.75	  0.02757885
1.85	  0.023902824
1.95	  0.020608017
2.05	  0.017407276
2.15	  0.014971446
2.25	  0.012201431
2.35	  0.010084933
2.45	  0.008465996
2.55	  0.0070129144
2.65	  0.006146511
2.75	  0.004978105
2.85	  0.0040324875
2.95	  0.0036933527
3.05	  0.0031561828
3.15	  0.002737834
3.25	  0.0022080902
3.35	  0.0020397606
3.45	  0.001703101
3.55	  0.001346638
3.65	  0.0011461276
3.75	  8.7630487E-4
3.85	  7.4510666E-4
3.95	  5.842032E-4
4.05	  0.0035175967



DATASET #2

     Name: Log-Normal Fit
   Points: 401
     Info: 

Data[x,y]:
0.005	  3.7103803E-8
0.015	  4.4967896E-6
0.025	  4.9145867E-5
0.035	  2.1288676E-4
0.045	  5.814849E-4
0.055	  0.0012176868
0.065	  0.0021534204
0.075	  0.003393567
0.085	  0.004923163
0.095	  0.0067144106
0.105	  0.008732316
0.115	  0.010938818
0.125	  0.013295614
0.135	  0.015765985
0.145	  0.018315885
0.155	  0.02091452
0.165	  0.02353458
0.175	  0.02615224
0.185	  0.028747028
0.195	  0.031301588
0.205	  0.033801425
0.215	  0.03623462
0.225	  0.03859155
0.235	  0.040864594
0.245	  0.043047916
0.255	  0.0451372
0.265	  0.047129452
0.275	  0.0490228
0.285	  0.050816346
0.295	  0.05250999
0.305	  0.054104317
0.315	  0.05560047
0.325	  0.05700007
0.335	  0.0583051
0.345	  0.05951785
0.355	  0.060640853
0.365	  0.061676826
0.375	  0.06262861
0.385	  0.06349915
0.395	  0.064291455
0.405	  0.06500856
0.415	  0.0656535
0.425	  0.06622932
0.435	  0.066739015
0.445	  0.06718554
0.455	  0.06757181
0.465	  0.06790066
0.475	  0.068174854
0.485	  0.0683971
0.495	  0.068569995
0.505	  0.06869608
0.515	  0.06877781
0.525	  0.068817526
0.535	  0.06881751
0.545	  0.06877995
0.555	  0.068706945
0.565	  0.06860051
0.575	  0.06846258
0.585	  0.068295
0.595	  0.06809955
0.605	  0.06787792
0.615	  0.06763173
0.625	  0.06736252
0.635	  0.067071766
0.645	  0.06676088
0.655	  0.0664312
0.665	  0.066084005
0.675	  0.0657205
0.685	  0.06534185
0.695	  0.06494916
0.705	  0.06454347
0.715	  0.06412578
0.725	  0.06369702
0.735	  0.0632581
0.745	  0.06280986
0.755	  0.06235312
0.765	  0.06188864
0.775	  0.061417148
0.785	  0.060939323
0.795	  0.06045583
0.805	  0.059967276
0.815	  0.05947425
0.825	  0.0589773
0.835	  0.05847695
0.845	  0.057973698
0.855	  0.057468005
0.865	  0.05696031
0.875	  0.056451038
0.885	  0.055940572
0.895	  0.055429287
0.905	  0.05491753
0.915	  0.054405626
0.925	  0.053893887
0.935	  0.053382605
0.945	  0.05287205
0.955	  0.052362483
0.965	  0.05185414
0.975	  0.05134725
0.985	  0.05084202
0.995	  0.050338656
1.005	  0.049837332
1.015	  0.049338233
1.025	  0.048841514
1.035	  0.048347324
1.045	  0.047855806
1.055	  0.047367092
1.065	  0.046881296
1.075	  0.04639854
1.085	  0.045918915
1.095	  0.045442525
1.105	  0.044969454
1.115	  0.04449979
1.125	  0.044033594
1.135	  0.04357094
1.145	  0.04311189
1.155	  0.0426565
1.165	  0.04220482
1.175	  0.041756887
1.185	  0.04131275
1.195	  0.04087244
1.205	  0.04043599
1.215	  0.040003423
1.225	  0.039574765
1.235	  0.039150033
1.245	  0.038729243
1.255	  0.038312405
1.265	  0.037899535
1.275	  0.03749063
1.285	  0.037085697
1.295	  0.03668474
1.305	  0.036287755
1.315	  0.035894733
1.325	  0.03550568
1.335	  0.035120573
1.345	  0.034739412
1.355	  0.03436218
1.365	  0.033988867
1.375	  0.033619456
1.385	  0.03325393
1.395	  0.032892276
1.405	  0.032534465
1.415	  0.032180484
1.425	  0.03183031
1.435	  0.031483922
1.445	  0.03114129
1.455	  0.030802395
1.465	  0.030467212
1.475	  0.030135714
1.485	  0.029807871
1.495	  0.029483661
1.505	  0.029163053
1.515	  0.028846018
1.525	  0.02853253
1.535	  0.028222555
1.545	  0.027916068
1.555	  0.027613038
1.565	  0.027313432
1.575	  0.02701722
1.585	  0.026724374
1.595	  0.02643486
1.605	  0.026148647
1.615	  0.025865704
1.625	  0.025586
1.635	  0.025309501
1.645	  0.025036179
1.655	  0.024765998
1.665	  0.024498928
1.675	  0.02423494
1.685	  0.023973998
1.695	  0.023716073
1.705	  0.023461131
1.715	  0.023209143
1.725	  0.022960074
1.735	  0.022713898
1.745	  0.022470577
1.755	  0.022230085
1.765	  0.02199239
1.775	  0.021757457
1.785	  0.02152526
1.795	  0.021295767
1.805	  0.021068947
1.815	  0.020844772
1.825	  0.020623209
1.835	  0.020404229
1.845	  0.020187804
1.855	  0.019973902
1.865	  0.019762497
1.875	  0.019553557
1.885	  0.019347055
1.895	  0.019142963
1.905	  0.018941252
1.915	  0.018741893
1.925	  0.018544858
1.935	  0.018350122
1.945	  0.018157657
1.955	  0.017967436
1.965	  0.01777943
1.975	  0.017593615
1.985	  0.017409964
1.995	  0.01722845
2.005	  0.01704905
2.015	  0.016871737
2.025	  0.016696485
2.035	  0.016523268
2.045	  0.016352065
2.055	  0.01618285
2.065	  0.016015597
2.075	  0.015850283
2.085	  0.015686886
2.095	  0.015525382
2.105	  0.015365747
2.115	  0.015207958
2.125	  0.015051994
2.135	  0.014897831
2.145	  0.014745448
2.155	  0.014594822
2.165	  0.014445933
2.175	  0.0142987585
2.185	  0.0141532775
2.195	  0.014009469
2.205	  0.013867314
2.215	  0.0137267895
2.225	  0.013587878
2.235	  0.013450557
2.245	  0.01331481
2.255	  0.013180615
2.265	  0.013047954
2.275	  0.012916808
2.285	  0.012787158
2.295	  0.012658985
2.305	  0.012532271
2.315	  0.012407
2.325	  0.012283152
2.335	  0.01216071
2.345	  0.012039657
2.355	  0.011919974
2.365	  0.011801647
2.375	  0.011684658
2.385	  0.01156899
2.395	  0.011454626
2.405	  0.011341552
2.415	  0.011229751
2.425	  0.011119207
2.435	  0.0110099055
2.445	  0.01090183
2.455	  0.0107949665
2.465	  0.0106893
2.475	  0.010584814
2.485	  0.010481495
2.495	  0.01037933
2.505	  0.010278304
2.515	  0.010178403
2.525	  0.010079612
2.535	  0.009981919
2.545	  0.009885309
2.555	  0.0097897705
2.565	  0.00969529
2.575	  0.009601853
2.585	  0.009509448
2.595	  0.009418062
2.605	  0.009327683
2.615	  0.009238299
2.625	  0.009149896
2.635	  0.009062464
2.645	  0.008975991
2.655	  0.008890464
2.665	  0.008805873
2.675	  0.008722206
2.685	  0.008639451
2.695	  0.008557598
2.705	  0.008476636
2.715	  0.008396554
2.725	  0.008317341
2.735	  0.008238987
2.745	  0.0081614815
2.755	  0.008084814
2.765	  0.008008974
2.775	  0.007933953
2.785	  0.0078597395
2.795	  0.0077863247
2.805	  0.007713699
2.815	  0.0076418524
2.825	  0.007570776
2.835	  0.007500461
2.845	  0.007430897
2.855	  0.007362076
2.865	  0.007293989
2.875	  0.007226627
2.885	  0.0071599814
2.895	  0.007094044
2.905	  0.0070288056
2.915	  0.0069642584
2.925	  0.0069003943
2.935	  0.0068372055
2.945	  0.006774683
2.955	  0.00671282
2.965	  0.006651608
2.975	  0.0065910392
2.985	  0.006531107
2.995	  0.0064718025
3.005	  0.006413119
3.015	  0.006355049
3.025	  0.006297586
3.035	  0.0062407223
3.045	  0.006184451
3.055	  0.0061287647
3.065	  0.006073657
3.075	  0.006019121
3.085	  0.0059651504
3.095	  0.005911738
3.105	  0.0058588777
3.115	  0.005806563
3.125	  0.0057547875
3.135	  0.0057035447
3.145	  0.005652829
3.155	  0.005602634
3.165	  0.0055529536
3.175	  0.005503782
3.185	  0.005455113
3.195	  0.0054069413
3.205	  0.0053592604
3.215	  0.0053120656
3.225	  0.005265351
3.235	  0.0052191108
3.245	  0.0051733395
3.255	  0.005128032
3.265	  0.0050831833
3.275	  0.005038787
3.285	  0.0049948394
3.295	  0.004951335
3.305	  0.004908268
3.315	  0.004865634
3.325	  0.004823428
3.335	  0.0047816453
3.345	  0.0047402806
3.355	  0.0046993294
3.365	  0.0046587875
3.375	  0.00461865
3.385	  0.004578912
3.395	  0.0045395694
3.405	  0.0045006173
3.415	  0.0044620517
3.425	  0.0044238684
3.435	  0.0043860627
3.445	  0.004348631
3.455	  0.004311568
3.465	  0.0042748707
3.475	  0.0042385347
3.485	  0.0042025554
3.495	  0.00416693
3.505	  0.0041316533
3.515	  0.0040967218
3.525	  0.0040621324
3.535	  0.0040278803
3.545	  0.0039939624
3.555	  0.003960375
3.565	  0.0039271144
3.575	  0.0038941766
3.585	  0.0038615586
3.595	  0.0038292564
3.605	  0.0037972669
3.615	  0.0037655865
3.625	  0.003734212
3.635	  0.0037031397
3.645	  0.0036723665
3.655	  0.0036418892
3.665	  0.0036117046
3.675	  0.003581809
3.685	  0.0035522003
3.695	  0.0035228743
3.705	  0.0034938287
3.715	  0.0034650601
3.725	  0.0034365654
3.735	  0.003408342
3.745	  0.0033803866
3.755	  0.0033526968
3.765	  0.003325269
3.775	  0.0032981012
3.785	  0.00327119
3.795	  0.003244533
3.805	  0.0032181274
3.815	  0.0031919703
3.825	  0.0031660593
3.835	  0.0031403915
3.845	  0.0031149646
3.855	  0.003089776
3.865	  0.003064823
3.875	  0.0030401032
3.885	  0.003015614
3.895	  0.0029913532
3.905	  0.0029673183
3.915	  0.0029435067
3.925	  0.0029199163
3.935	  0.0028965445
3.945	  0.0028733895
3.955	  0.0028504485
3.965	  0.0028277193
3.975	  0.0028052
3.985	  0.0027828882
3.995	  0.0027607817
4.005	  0.0027388784



DATASET #3

     Name: BPT Fit
   Points: 401
     Info: Mean = 100.0, Aperiodicity = 0.5, Duration = 30.0, Delta T = 1.0, Num Points = 500, Historic Open Interval = 0.0
Computed mean = 0.9595866

Data[x,y]:
0.0	  0.0
0.01	  1.4843146E-32
0.02	  6.6248183E-16
0.03	  1.7994985E-10
0.04	  8.224095E-8
0.05	  2.9975056E-6
0.06	  3.1251515E-5
0.07	  1.6052091E-4
0.08	  5.3210586E-4
0.09	  0.0013212123
0.1	  0.0026854316
0.11	  0.0047259945
0.12	  0.007473884
0.13	  0.01089603
0.14	  0.01491177
0.15	  0.019411566
0.16	  0.024273425
0.17	  0.02937528
0.18	  0.03460323
0.19	  0.03985631
0.2	  0.045048665
0.21	  0.05010991
0.22	  0.054984417
0.23	  0.059629913
0.24	  0.064015836
0.25	  0.06812159
0.26	  0.071934864
0.27	  0.07545014
0.28	  0.07866726
0.29	  0.08159035
0.3	  0.084226735
0.31	  0.08658617
0.32	  0.08868013
0.33	  0.09052126
0.34	  0.092122935
0.35	  0.09349888
0.36	  0.09466295
0.37	  0.09562884
0.38	  0.09641
0.39	  0.09701946
0.4	  0.09746975
0.41	  0.09777289
0.42	  0.09794029
0.43	  0.09798277
0.44	  0.09791055
0.45	  0.09773322
0.46	  0.09745981
0.47	  0.09709874
0.48	  0.09665788
0.49	  0.096144594
0.5	  0.0955657
0.51	  0.09492755
0.52	  0.09423604
0.53	  0.093496636
0.54	  0.09271439
0.55	  0.09189399
0.56	  0.09103976
0.57	  0.09015569
0.58	  0.08924547
0.59	  0.088312484
0.6	  0.08735987
0.61	  0.086390495
0.62	  0.08540702
0.63	  0.08441187
0.64	  0.08340727
0.65	  0.08239528
0.66	  0.08137776
0.67	  0.080356434
0.68	  0.07933288
0.69	  0.07830852
0.7	  0.07728467
0.71	  0.07626252
0.72	  0.07524315
0.73	  0.07422755
0.74	  0.07321662
0.75	  0.07221115
0.76	  0.07121188
0.77	  0.07021948
0.78	  0.06923453
0.79	  0.06825756
0.8	  0.06728905
0.81	  0.06632941
0.82	  0.06537902
0.83	  0.06443822
0.84	  0.063507274
0.85	  0.06258645
0.86	  0.061675962
0.87	  0.060775988
0.88	  0.059886687
0.89	  0.05900819
0.9	  0.05814059
0.91	  0.05728398
0.92	  0.05643841
0.93	  0.055603925
0.94	  0.05478055
0.95	  0.053968295
0.96	  0.05316715
0.97	  0.052377094
0.98	  0.051598098
0.99	  0.05083012
1.0	  0.0500731
1.01	  0.049326986
1.02	  0.048591703
1.03	  0.047867175
1.04	  0.04715332
1.05	  0.046450045
1.06	  0.04575726
1.07	  0.04507486
1.08	  0.04440275
1.09	  0.04374081
1.1	  0.043088935
1.11	  0.042447016
1.12	  0.041814934
1.13	  0.04119257
1.14	  0.040579807
1.15	  0.03997652
1.16	  0.03938259
1.17	  0.038797893
1.18	  0.038222305
1.19	  0.037655704
1.2	  0.03709796
1.21	  0.036548954
1.22	  0.03600856
1.23	  0.035476655
1.24	  0.03495311
1.25	  0.034437805
1.26	  0.03393062
1.27	  0.03343143
1.28	  0.032940112
1.29	  0.03245655
1.3	  0.031980623
1.31	  0.03151221
1.32	  0.031051194
1.33	  0.030597465
1.34	  0.030150902
1.35	  0.029711392
1.36	  0.029278824
1.37	  0.028853089
1.38	  0.028434072
1.39	  0.028021669
1.4	  0.02761577
1.41	  0.027216272
1.42	  0.02682307
1.43	  0.02643606
1.44	  0.026055142
1.45	  0.025680214
1.46	  0.025311181
1.47	  0.024947941
1.48	  0.024590405
1.49	  0.024238471
1.5	  0.023892052
1.51	  0.023551056
1.52	  0.02321539
1.53	  0.022884969
1.54	  0.022559702
1.55	  0.022239506
1.56	  0.021924296
1.57	  0.021613989
1.58	  0.021308504
1.59	  0.02100776
1.6	  0.020711675
1.61	  0.020420177
1.62	  0.020133186
1.63	  0.019850627
1.64	  0.019572427
1.65	  0.019298512
1.66	  0.019028813
1.67	  0.018763257
1.68	  0.018501777
1.69	  0.018244304
1.7	  0.017990772
1.71	  0.017741114
1.72	  0.017495267
1.73	  0.017253168
1.74	  0.017014755
1.75	  0.016779965
1.76	  0.01654874
1.77	  0.016321018
1.78	  0.016096745
1.79	  0.015875861
1.8	  0.015658312
1.81	  0.01544404
1.82	  0.015232994
1.83	  0.015025119
1.84	  0.014820365
1.85	  0.014618678
1.86	  0.01442001
1.87	  0.0142243095
1.88	  0.014031529
1.89	  0.013841621
1.9	  0.0136545375
1.91	  0.0134702325
1.92	  0.013288662
1.93	  0.01310978
1.94	  0.012933544
1.95	  0.01275991
1.96	  0.012588836
1.97	  0.012420281
1.98	  0.012254204
1.99	  0.012090565
2.0	  0.011929324
2.01	  0.011770444
2.02	  0.011613885
2.03	  0.01145961
2.04	  0.011307584
2.05	  0.011157771
2.06	  0.011010133
2.07	  0.010864637
2.08	  0.010721249
2.09	  0.010579933
2.1	  0.010440661
2.11	  0.010303396
2.12	  0.010168107
2.13	  0.010034765
2.14	  0.009903337
2.15	  0.009773793
2.16	  0.009646104
2.17	  0.00952024
2.18	  0.009396173
2.19	  0.009273875
2.2	  0.009153317
2.21	  0.0090344725
2.22	  0.008917316
2.23	  0.008801819
2.24	  0.008687956
2.25	  0.008575703
2.26	  0.008465034
2.27	  0.008355924
2.28	  0.008248351
2.29	  0.008142288
2.3	  0.008037713
2.31	  0.007934604
2.32	  0.007832938
2.33	  0.0077326926
2.34	  0.007633846
2.35	  0.0075363764
2.36	  0.007440263
2.37	  0.0073454855
2.38	  0.0072520226
2.39	  0.0071598557
2.4	  0.0070689637
2.41	  0.0069793276
2.42	  0.006890929
2.43	  0.006803748
2.44	  0.0067177676
2.45	  0.0066329683
2.46	  0.0065493337
2.47	  0.006466845
2.48	  0.006385485
2.49	  0.006305238
2.5	  0.0062260865
2.51	  0.006148014
2.52	  0.0060710046
2.53	  0.0059950426
2.54	  0.0059201117
2.55	  0.0058461973
2.56	  0.0057732845
2.57	  0.0057013575
2.58	  0.0056304024
2.59	  0.0055604046
2.6	  0.00549135
2.61	  0.0054232245
2.62	  0.005356015
2.63	  0.005289708
2.64	  0.005224289
2.65	  0.0051597464
2.66	  0.005096067
2.67	  0.005033238
2.68	  0.004971247
2.69	  0.004910082
2.7	  0.0048497305
2.71	  0.0047901813
2.72	  0.0047314228
2.73	  0.004673443
2.74	  0.0046162303
2.75	  0.004559775
2.76	  0.0045040646
2.77	  0.0044490895
2.78	  0.004394839
2.79	  0.004341302
2.8	  0.004288469
2.81	  0.0042363293
2.82	  0.004184874
2.83	  0.004134092
2.84	  0.0040839743
2.85	  0.0040345117
2.86	  0.0039856946
2.87	  0.0039375136
2.88	  0.0038899602
2.89	  0.0038430253
2.9	  0.0037967002
2.91	  0.003750976
2.92	  0.0037058445
2.93	  0.0036612973
2.94	  0.003617326
2.95	  0.0035739227
2.96	  0.0035310793
2.97	  0.0034887881
2.98	  0.0034470414
2.99	  0.0034058315
3.0	  0.003365151
3.01	  0.003324992
3.02	  0.003285348
3.03	  0.0032462114
3.04	  0.0032075753
3.05	  0.0031694325
3.06	  0.0031317766
3.07	  0.0030946007
3.08	  0.003057898
3.09	  0.0030216621
3.1	  0.0029858865
3.11	  0.002950565
3.12	  0.0029156914
3.13	  0.0028812592
3.14	  0.0028472627
3.15	  0.0028136957
3.16	  0.0027805527
3.17	  0.0027478274
3.18	  0.0027155145
3.19	  0.0026836083
3.2	  0.002652103
3.21	  0.0026209936
3.22	  0.0025902744
3.23	  0.00255994
3.24	  0.0025299857
3.25	  0.002500406
3.26	  0.0024711958
3.27	  0.0024423501
3.28	  0.0024138642
3.29	  0.0023857332
3.3	  0.002357952
3.31	  0.0023305165
3.32	  0.0023034217
3.33	  0.0022766632
3.34	  0.0022502362
3.35	  0.0022241364
3.36	  0.0021983597
3.37	  0.0021729015
3.38	  0.0021477574
3.39	  0.002122924
3.4	  0.0020983962
3.41	  0.0020741706
3.42	  0.0020502429
3.43	  0.0020266091
3.44	  0.0020032658
3.45	  0.0019802086
3.46	  0.001957434
3.47	  0.0019349381
3.48	  0.0019127175
3.49	  0.0018907683
3.5	  0.0018690871
3.51	  0.0018476704
3.52	  0.0018265147
3.53	  0.0018056165
3.54	  0.0017849725
3.55	  0.0017645794
3.56	  0.001744434
3.57	  0.0017245329
3.58	  0.001704873
3.59	  0.0016854511
3.6	  0.0016662644
3.61	  0.0016473094
3.62	  0.0016285834
3.63	  0.0016100833
3.64	  0.0015918063
3.65	  0.0015737495
3.66	  0.0015559099
3.67	  0.0015382848
3.68	  0.0015208714
3.69	  0.0015036672
3.7	  0.0014866692
3.71	  0.0014698749
3.72	  0.0014532817
3.73	  0.001436887
3.74	  0.0014206882
3.75	  0.0014046829
3.76	  0.0013888685
3.77	  0.0013732428
3.78	  0.0013578031
3.79	  0.0013425472
3.8	  0.0013274729
3.81	  0.0013125775
3.82	  0.001297859
3.83	  0.0012833151
3.84	  0.0012689438
3.85	  0.0012547425
3.86	  0.0012407093
3.87	  0.001226842
3.88	  0.0012131386
3.89	  0.001199597
3.9	  0.0011862151
3.91	  0.001172991
3.92	  0.0011599226
3.93	  0.0011470079
3.94	  0.0011342452
3.95	  0.0011216324
3.96	  0.0011091677
3.97	  0.0010968492
3.98	  0.0010846752
3.99	  0.0010726437
4.0	  0.0010607531


