
X-Axis: Normalized Interevent Time
Y-Axis: Probability
Number of Data Sets: 3


DATASET #1

     Name: mu0_7 Histogram
   Points: 41
     Info: 

Data[x,y]:
0.05	  0.008405423
0.15	  0.008389268
0.25	  0.011843317
0.35	  0.016039466
0.45	  0.0220318
0.55	  0.02952348
0.65	  0.042504683
0.75	  0.06983215
0.85	  0.11271647
0.95	  0.16904543
1.05	  0.19800147
1.15	  0.13630415
1.25	  0.068142995
1.35	  0.033821605
1.45	  0.020332541
1.55	  0.0138787925
1.65	  0.009967368
1.75	  0.0071665696
1.85	  0.0051735
1.95	  0.0037771396
2.05	  0.002551412
2.15	  0.0018507076
2.25	  0.0014751139
2.35	  0.00118938
2.45	  0.0010096604
2.55	  8.077283E-4
2.65	  6.6233723E-4
2.75	  5.583422E-4
2.85	  4.543472E-4
2.95	  3.7660333E-4
3.05	  3.039078E-4
3.15	  2.7462764E-4
3.25	  2.0597073E-4
3.35	  1.7669058E-4
3.45	  1.7669058E-4
3.55	  1.4337178E-4
3.65	  1.2418823E-4
3.75	  9.793706E-5
3.85	  1.01975704E-4
3.95	  7.370521E-5
4.05	  4.87666E-4



DATASET #2

     Name: Log-Normal Fit
   Points: 401
     Info: 

Data[x,y]:
0.005	  0.0
0.015	  9.056554E-28
0.025	  1.709901E-22
0.035	  4.2920414E-19
0.045	  1.1813309E-16
0.055	  8.622388E-15
0.065	  2.614653E-13
0.075	  4.266802E-12
0.085	  4.407972E-11
0.095	  3.2126338E-10
0.105	  1.7814068E-9
0.115	  7.9362295E-9
0.125	  2.9579198E-8
0.135	  9.511173E-8
0.145	  2.7021605E-7
0.155	  6.911691E-7
0.165	  1.6158199E-6
0.175	  3.4949658E-6
0.185	  7.0646447E-6
0.195	  1.3457026E-5
0.205	  2.4324616E-5
0.215	  4.1969866E-5
0.225	  6.947045E-5
0.235	  1.1078965E-4
0.245	  1.7086162E-4
0.255	  2.5564252E-4
0.265	  3.721209E-4
0.275	  5.282833E-4
0.285	  7.330335E-4
0.295	  9.960678E-4
0.305	  0.0013277099
0.315	  0.0017387128
0.325	  0.002240034
0.335	  0.0028425956
0.345	  0.0035570345
0.355	  0.0043934565
0.365	  0.0053612003
0.375	  0.006468615
0.385	  0.0077228695
0.395	  0.00912978
0.405	  0.010693681
0.415	  0.012417319
0.425	  0.014301792
0.435	  0.016346514
0.445	  0.018549226
0.455	  0.020906016
0.465	  0.023411395
0.475	  0.026058378
0.485	  0.028838586
0.495	  0.031742387
0.505	  0.034759015
0.515	  0.03787674
0.525	  0.041083008
0.535	  0.04436461
0.545	  0.04770783
0.555	  0.051098615
0.565	  0.054522704
0.575	  0.057965804
0.585	  0.061413694
0.595	  0.064852364
0.605	  0.068268135
0.615	  0.071647756
0.625	  0.074978486
0.635	  0.078248195
0.645	  0.08144542
0.655	  0.0845594
0.665	  0.087580174
0.675	  0.09049855
0.685	  0.09330618
0.695	  0.09599554
0.705	  0.09855996
0.715	  0.10099362
0.725	  0.103291504
0.735	  0.10544944
0.745	  0.10746404
0.755	  0.109332666
0.765	  0.11105346
0.775	  0.11262523
0.785	  0.114047475
0.795	  0.11532031
0.805	  0.116444446
0.815	  0.11742115
0.825	  0.11825219
0.835	  0.11893979
0.845	  0.11948662
0.855	  0.11989572
0.865	  0.120170474
0.875	  0.120314576
0.885	  0.12033199
0.895	  0.12022688
0.905	  0.12000366
0.915	  0.11966687
0.925	  0.11922117
0.935	  0.118671365
0.945	  0.11802231
0.955	  0.117278896
0.965	  0.11644606
0.975	  0.11552875
0.985	  0.11453187
0.995	  0.113460295
1.005	  0.112318866
1.015	  0.11111235
1.025	  0.109845415
1.035	  0.10852265
1.045	  0.10714856
1.055	  0.105727494
1.065	  0.10426372
1.075	  0.10276136
1.085	  0.1012244
1.095	  0.09965669
1.105	  0.09806197
1.115	  0.09644379
1.125	  0.094805576
1.135	  0.093150616
1.145	  0.091482036
1.155	  0.08980283
1.165	  0.08811583
1.175	  0.08642374
1.185	  0.08472912
1.195	  0.08303437
1.205	  0.08134177
1.215	  0.07965348
1.225	  0.077971496
1.235	  0.07629771
1.245	  0.07463387
1.255	  0.07298162
1.265	  0.07134249
1.275	  0.06971788
1.285	  0.068109095
1.295	  0.06651732
1.305	  0.06494367
1.315	  0.06338913
1.325	  0.061854612
1.335	  0.06034093
1.345	  0.058848824
1.355	  0.05737894
1.365	  0.055931862
1.375	  0.054508097
1.385	  0.053108077
1.395	  0.051732175
1.405	  0.050380707
1.415	  0.049053915
1.425	  0.047752008
1.435	  0.046475127
1.445	  0.04522337
1.455	  0.043996796
1.465	  0.042795412
1.475	  0.041619193
1.485	  0.04046807
1.495	  0.039341953
1.505	  0.03824071
1.515	  0.03716418
1.525	  0.036112178
1.535	  0.035084497
1.545	  0.034080904
1.555	  0.033101145
1.565	  0.03214495
1.575	  0.031212028
1.585	  0.030302076
1.595	  0.029414779
1.605	  0.028549805
1.615	  0.027706817
1.625	  0.026885461
1.635	  0.026085382
1.645	  0.025306216
1.655	  0.02454759
1.665	  0.023809131
1.675	  0.02309046
1.685	  0.02239119
1.695	  0.021710943
1.705	  0.021049332
1.715	  0.020405969
1.725	  0.019780468
1.735	  0.019172447
1.745	  0.018581517
1.755	  0.0180073
1.765	  0.017449418
1.775	  0.016907489
1.785	  0.01638114
1.795	  0.015870005
1.805	  0.015373714
1.815	  0.014891907
1.825	  0.014424225
1.835	  0.013970317
1.845	  0.013529834
1.855	  0.013102434
1.865	  0.01268778
1.875	  0.012285539
1.885	  0.0118953865
1.895	  0.011517001
1.905	  0.01115007
1.915	  0.010794281
1.925	  0.010449335
1.935	  0.010114933
1.945	  0.009790786
1.955	  0.009476608
1.965	  0.00917212
1.975	  0.008877051
1.985	  0.008591134
1.995	  0.008314108
2.005	  0.008045718
2.015	  0.0077857156
2.025	  0.007533858
2.035	  0.0072899084
2.045	  0.007053635
2.055	  0.006824813
2.065	  0.0066032214
2.075	  0.0063886466
2.085	  0.0061808787
2.095	  0.005979715
2.105	  0.0057849563
2.115	  0.00559641
2.125	  0.0054138885
2.135	  0.0052372077
2.145	  0.005066191
2.155	  0.0049006636
2.165	  0.004740458
2.175	  0.0045854105
2.185	  0.0044353614
2.195	  0.004290156
2.205	  0.0041496437
2.215	  0.004013679
2.225	  0.0038821194
2.235	  0.003754827
2.245	  0.003631668
2.255	  0.0035125124
2.265	  0.0033972338
2.275	  0.0032857098
2.285	  0.0031778214
2.295	  0.0030734532
2.305	  0.0029724934
2.315	  0.0028748333
2.325	  0.0027803674
2.335	  0.0026889937
2.345	  0.002600613
2.355	  0.0025151295
2.365	  0.0024324497
2.375	  0.0023524833
2.385	  0.0022751433
2.395	  0.0022003443
2.405	  0.0021280043
2.415	  0.0020580438
2.425	  0.0019903854
2.435	  0.0019249546
2.445	  0.0018616787
2.455	  0.0018004876
2.465	  0.0017413135
2.475	  0.0016840905
2.485	  0.0016287549
2.495	  0.0015752449
2.505	  0.0015235009
2.515	  0.001473465
2.525	  0.001425081
2.535	  0.0013782951
2.545	  0.0013330544
2.555	  0.0012893084
2.565	  0.0012470077
2.575	  0.001206105
2.585	  0.001166554
2.595	  0.0011283103
2.605	  0.0010913308
2.615	  0.0010555736
2.625	  0.0010209983
2.635	  9.875662E-4
2.645	  9.552393E-4
2.655	  9.2398096E-4
2.665	  8.93756E-4
2.675	  8.6453004E-4
2.685	  8.3627016E-4
2.695	  8.089442E-4
2.705	  7.825214E-4
2.715	  7.5697165E-4
2.725	  7.3226605E-4
2.735	  7.0837664E-4
2.745	  6.8527635E-4
2.755	  6.6293887E-4
2.765	  6.41339E-4
2.775	  6.204522E-4
2.785	  6.0025486E-4
2.795	  5.80724E-4
2.805	  5.6183746E-4
2.815	  5.435739E-4
2.825	  5.2591256E-4
2.835	  5.088335E-4
2.845	  4.9231737E-4
2.855	  4.7634542E-4
2.865	  4.6089958E-4
2.875	  4.4596236E-4
2.885	  4.3151685E-4
2.895	  4.1754672E-4
2.905	  4.040362E-4
2.915	  3.9096997E-4
2.925	  3.7833326E-4
2.935	  3.6611187E-4
2.945	  3.5429193E-4
2.955	  3.4286015E-4
2.965	  3.318036E-4
2.975	  3.2110984E-4
2.985	  3.1076683E-4
2.995	  3.007629E-4
3.005	  2.9108682E-4
3.015	  2.817277E-4
3.025	  2.72675E-4
3.035	  2.639186E-4
3.045	  2.5544863E-4
3.055	  2.472556E-4
3.065	  2.3933037E-4
3.075	  2.31664E-4
3.085	  2.2424797E-4
3.095	  2.1707393E-4
3.105	  2.1013392E-4
3.115	  2.0342016E-4
3.125	  1.9692518E-4
3.135	  1.9064172E-4
3.145	  1.845628E-4
3.155	  1.7868166E-4
3.165	  1.7299174E-4
3.175	  1.6748675E-4
3.185	  1.6216056E-4
3.195	  1.5700728E-4
3.205	  1.520212E-4
3.215	  1.471968E-4
3.225	  1.4252875E-4
3.235	  1.380119E-4
3.245	  1.3364127E-4
3.255	  1.2941203E-4
3.265	  1.2531952E-4
3.275	  1.2135927E-4
3.285	  1.17526906E-4
3.295	  1.13818234E-4
3.305	  1.1022918E-4
3.315	  1.0675582E-4
3.325	  1.03394355E-4
3.335	  1.0014111E-4
3.345	  9.699253E-5
3.355	  9.39452E-5
3.365	  9.099579E-5
3.375	  8.814109E-5
3.385	  8.537801E-5
3.395	  8.270354E-5
3.405	  8.011479E-5
3.415	  7.760896E-5
3.425	  7.518333E-5
3.435	  7.28353E-5
3.445	  7.056232E-5
3.455	  6.8361944E-5
3.465	  6.623181E-5
3.475	  6.416964E-5
3.485	  6.21732E-5
3.495	  6.0240367E-5
3.505	  5.8369067E-5
3.515	  5.65573E-5
3.525	  5.480313E-5
3.535	  5.310469E-5
3.545	  5.1460167E-5
3.555	  4.986782E-5
3.565	  4.8325954E-5
3.575	  4.683293E-5
3.585	  4.5387176E-5
3.595	  4.3987155E-5
3.605	  4.2631393E-5
3.615	  4.1318457E-5
3.625	  4.0046965E-5
3.635	  3.8815582E-5
3.645	  3.7623013E-5
3.655	  3.6468005E-5
3.665	  3.5349352E-5
3.675	  3.4265882E-5
3.685	  3.3216464E-5
3.695	  3.22E-5
3.705	  3.1215437E-5
3.715	  3.0261748E-5
3.725	  2.9337942E-5
3.735	  2.8443063E-5
3.745	  2.7576181E-5
3.755	  2.6736403E-5
3.765	  2.592286E-5
3.775	  2.5134714E-5
3.785	  2.4371153E-5
3.795	  2.3631392E-5
3.805	  2.2914672E-5
3.815	  2.2220256E-5
3.825	  2.154744E-5
3.835	  2.0895528E-5
3.845	  2.0263858E-5
3.855	  1.965179E-5
3.865	  1.9058696E-5
3.875	  1.8483976E-5
3.885	  1.7927046E-5
3.895	  1.7387345E-5
3.905	  1.6864322E-5
3.915	  1.6357453E-5
3.925	  1.5866224E-5
3.935	  1.5390144E-5
3.945	  1.4928731E-5
3.955	  1.4481523E-5
3.965	  1.4048072E-5
3.975	  1.3627946E-5
3.985	  1.3220722E-5
3.995	  1.2825997E-5
4.005	  1.2443376E-5



DATASET #3

     Name: BPT Fit
   Points: 401
     Info: Mean = 100.0, Aperiodicity = 0.5, Duration = 30.0, Delta T = 1.0, Num Points = 500, Historic Open Interval = 0.0
Computed mean = 0.99857074

Data[x,y]:
0.0	  0.0
0.01	  0.0
0.02	  0.0
0.03	  0.0
0.04	  1.383309E-39
0.05	  4.587111E-31
0.06	  2.0619847E-25
0.07	  2.1448755E-21
0.08	  2.1291821E-18
0.09	  4.4271455E-16
0.1	  3.0882767E-14
0.11	  9.75015E-13
0.12	  1.70051E-11
0.13	  1.8805137E-10
0.14	  1.4548E-9
0.15	  8.461219E-9
0.16	  3.9047258E-8
0.17	  1.4899318E-7
0.18	  4.8535276E-7
0.19	  1.3842706E-6
0.2	  3.5270484E-6
0.21	  8.16031E-6
0.22	  1.7373619E-5
0.23	  3.44139E-5
0.24	  6.400423E-5
0.25	  1.1262794E-4
0.26	  1.8873898E-4
0.27	  3.0286578E-4
0.28	  4.6758688E-4
0.29	  6.9736986E-4
0.3	  0.0010082787
0.31	  0.0014175671
0.32	  0.0019431829
0.33	  0.0026032147
0.34	  0.003415315
0.35	  0.00439613
0.36	  0.005560764
0.37	  0.0069223084
0.38	  0.008491438
0.39	  0.010276105
0.4	  0.012281319
0.41	  0.014509026
0.42	  0.016958073
0.43	  0.019624263
0.44	  0.022500472
0.45	  0.025576841
0.46	  0.028841008
0.47	  0.032278385
0.48	  0.035872456
0.49	  0.039605107
0.5	  0.043456938
0.51	  0.04740759
0.52	  0.05143606
0.53	  0.055521008
0.54	  0.05964102
0.55	  0.06377488
0.56	  0.06790179
0.57	  0.072001606
0.58	  0.07605496
0.59	  0.08004346
0.6	  0.0839498
0.61	  0.08775785
0.62	  0.09145273
0.63	  0.095020905
0.64	  0.09845015
0.65	  0.101729594
0.66	  0.10484975
0.67	  0.10780245
0.68	  0.11058085
0.69	  0.11317935
0.7	  0.1155936
0.71	  0.11782039
0.72	  0.119857654
0.73	  0.12170432
0.74	  0.123360306
0.75	  0.12482643
0.76	  0.12610434
0.77	  0.12719643
0.78	  0.12810579
0.79	  0.12883613
0.8	  0.12939167
0.81	  0.12977716
0.82	  0.12999776
0.83	  0.13005897
0.84	  0.1299666
0.85	  0.12972674
0.86	  0.12934561
0.87	  0.12882964
0.88	  0.12818539
0.89	  0.1274194
0.9	  0.12653834
0.91	  0.12554881
0.92	  0.124457404
0.93	  0.12327067
0.94	  0.12199506
0.95	  0.12063691
0.96	  0.11920246
0.97	  0.11769778
0.98	  0.11612881
0.99	  0.114501305
1.0	  0.11282084
1.01	  0.111092836
1.02	  0.10932247
1.03	  0.10751477
1.04	  0.10567453
1.05	  0.10380636
1.06	  0.101914644
1.07	  0.100003585
1.08	  0.09807716
1.09	  0.096139155
1.1	  0.09419315
1.11	  0.09224253
1.12	  0.09029049
1.13	  0.088340014
1.14	  0.08639392
1.15	  0.08445485
1.16	  0.08252525
1.17	  0.080607414
1.18	  0.07870346
1.19	  0.07681536
1.2	  0.07494491
1.21	  0.073093794
1.22	  0.071263514
1.23	  0.06945547
1.24	  0.06767092
1.25	  0.065910995
1.26	  0.064176716
1.27	  0.062468998
1.28	  0.060788635
1.29	  0.059136327
1.3	  0.05751269
1.31	  0.05591823
1.32	  0.05435339
1.33	  0.052818514
1.34	  0.051313892
1.35	  0.049839724
1.36	  0.048396155
1.37	  0.046983268
1.38	  0.04560109
1.39	  0.044249587
1.4	  0.04292869
1.41	  0.04163827
1.42	  0.04037817
1.43	  0.039148174
1.44	  0.037948053
1.45	  0.03677753
1.46	  0.035636306
1.47	  0.03452405
1.48	  0.03344041
1.49	  0.03238501
1.5	  0.03135746
1.51	  0.030357338
1.52	  0.029384222
1.53	  0.028437668
1.54	  0.027517226
1.55	  0.026622428
1.56	  0.025752803
1.57	  0.024907872
1.58	  0.02408715
1.59	  0.023290148
1.6	  0.022516374
1.61	  0.02176533
1.62	  0.021036524
1.63	  0.02032946
1.64	  0.019643642
1.65	  0.018978577
1.66	  0.018333776
1.67	  0.017708749
1.68	  0.017103013
1.69	  0.016516088
1.7	  0.015947498
1.71	  0.015396777
1.72	  0.014863458
1.73	  0.014347086
1.74	  0.013847208
1.75	  0.013363379
1.76	  0.012895162
1.77	  0.012442129
1.78	  0.012003854
1.79	  0.011579923
1.8	  0.01116993
1.81	  0.010773473
1.82	  0.010390163
1.83	  0.010019614
1.84	  0.009661454
1.85	  0.009315312
1.86	  0.00898083
1.87	  0.0086576585
1.88	  0.008345452
1.89	  0.008043879
1.9	  0.00775261
1.91	  0.0074713267
1.92	  0.007199719
1.93	  0.0069374833
1.94	  0.006684325
1.95	  0.006439956
1.96	  0.0062040957
1.97	  0.0059764725
1.98	  0.005756821
1.99	  0.005544883
2.0	  0.005340408
2.01	  0.0051431516
2.02	  0.0049528778
2.03	  0.0047693555
2.04	  0.0045923614
2.05	  0.0044216784
2.06	  0.004257096
2.07	  0.00409841
2.08	  0.0039454205
2.09	  0.0037979367
2.1	  0.0036557713
2.11	  0.003518743
2.12	  0.0033866768
2.13	  0.0032594025
2.14	  0.0031367554
2.15	  0.003018576
2.16	  0.0029047094
2.17	  0.0027950061
2.18	  0.0026893213
2.19	  0.0025875145
2.2	  0.00248945
2.21	  0.0023949964
2.22	  0.0023040266
2.23	  0.0022164176
2.24	  0.0021320502
2.25	  0.0020508098
2.26	  0.0019725848
2.27	  0.001897268
2.28	  0.0018247552
2.29	  0.0017549461
2.3	  0.0016877434
2.31	  0.0016230535
2.32	  0.0015607857
2.33	  0.0015008525
2.34	  0.0014431694
2.35	  0.0013876546
2.36	  0.0013342293
2.37	  0.0012828175
2.38	  0.0012333454
2.39	  0.0011857423
2.4	  0.0011399398
2.41	  0.0010958716
2.42	  0.001053474
2.43	  0.0010126855
2.44	  9.7344676E-4
2.45	  9.3570043E-4
2.46	  8.993913E-4
2.47	  8.644661E-4
2.48	  8.308735E-4
2.49	  7.985639E-4
2.5	  7.6748943E-4
2.51	  7.3760416E-4
2.52	  7.088636E-4
2.53	  6.81225E-4
2.54	  6.54647E-4
2.55	  6.2908983E-4
2.56	  6.0451525E-4
2.57	  5.808862E-4
2.58	  5.581672E-4
2.59	  5.363238E-4
2.6	  5.15323E-4
2.61	  4.9513305E-4
2.62	  4.757232E-4
2.63	  4.570639E-4
2.64	  4.3912666E-4
2.65	  4.2188412E-4
2.66	  4.0530984E-4
2.67	  3.8937843E-4
2.68	  3.740654E-4
2.69	  3.5934712E-4
2.7	  3.4520094E-4
2.71	  3.31605E-4
2.72	  3.1853825E-4
2.73	  3.0598041E-4
2.74	  2.9391205E-4
2.75	  2.8231431E-4
2.76	  2.7116918E-4
2.77	  2.6045926E-4
2.78	  2.501678E-4
2.79	  2.402787E-4
2.8	  2.3077647E-4
2.81	  2.2164619E-4
2.82	  2.1287349E-4
2.83	  2.044446E-4
2.84	  1.9634618E-4
2.85	  1.885655E-4
2.86	  1.8109023E-4
2.87	  1.7390854E-4
2.88	  1.6700906E-4
2.89	  1.6038082E-4
2.9	  1.5401331E-4
2.91	  1.478964E-4
2.92	  1.4202033E-4
2.93	  1.3637575E-4
2.94	  1.3095363E-4
2.95	  1.2574531E-4
2.96	  1.20742465E-4
2.97	  1.15937066E-4
2.98	  1.1132141E-4
2.99	  1.0688809E-4
3.0	  1.0262997E-4
3.01	  9.854021E-5
3.02	  9.4612216E-5
3.03	  9.0839654E-5
3.04	  8.721644E-5
3.05	  8.373671E-5
3.06	  8.039484E-5
3.07	  7.718543E-5
3.08	  7.410328E-5
3.09	  7.1143375E-5
3.1	  6.830091E-5
3.11	  6.5571294E-5
3.12	  6.295006E-5
3.13	  6.0432947E-5
3.14	  5.8015863E-5
3.15	  5.5694858E-5
3.16	  5.3466152E-5
3.17	  5.1326097E-5
3.18	  4.9271202E-5
3.19	  4.72981E-5
3.2	  4.5403565E-5
3.21	  4.358449E-5
3.22	  4.183789E-5
3.23	  4.0160907E-5
3.24	  3.855078E-5
3.25	  3.7004862E-5
3.26	  3.5520618E-5
3.27	  3.4095596E-5
3.28	  3.2727457E-5
3.29	  3.141394E-5
3.3	  3.0152883E-5
3.31	  2.8942204E-5
3.32	  2.7779903E-5
3.33	  2.6664058E-5
3.34	  2.5592826E-5
3.35	  2.4564435E-5
3.36	  2.357718E-5
3.37	  2.2629427E-5
3.38	  2.1719605E-5
3.39	  2.0846204E-5
3.4	  2.0007776E-5
3.41	  1.9202927E-5
3.42	  1.843032E-5
3.43	  1.7688673E-5
3.44	  1.6976748E-5
3.45	  1.6293365E-5
3.46	  1.563738E-5
3.47	  1.5007708E-5
3.48	  1.4403292E-5
3.49	  1.3823128E-5
3.5	  1.3266246E-5
3.51	  1.2731718E-5
3.52	  1.221865E-5
3.53	  1.1726184E-5
3.54	  1.1253498E-5
3.55	  1.0799801E-5
3.56	  1.0364333E-5
3.57	  9.946365E-6
3.58	  9.545198E-6
3.59	  9.160158E-6
3.6	  8.790601E-6
3.61	  8.435906E-6
3.62	  8.095478E-6
3.63	  7.768746E-6
3.64	  7.4551613E-6
3.65	  7.1541967E-6
3.66	  6.865346E-6
3.67	  6.5881245E-6
3.68	  6.3220655E-6
3.69	  6.0667203E-6
3.7	  5.82166E-6
3.71	  5.586472E-6
3.72	  5.3607596E-6
3.73	  5.144143E-6
3.74	  4.936256E-6
3.75	  4.736749E-6
3.76	  4.5452844E-6
3.77	  4.36154E-6
3.78	  4.1852054E-6
3.79	  4.015982E-6
3.8	  3.853585E-6
3.81	  3.6977397E-6
3.82	  3.5481821E-6
3.83	  3.4046595E-6
3.84	  3.2669295E-6
3.85	  3.1347586E-6
3.86	  3.0079234E-6
3.87	  2.8862087E-6
3.88	  2.7694089E-6
3.89	  2.657326E-6
3.9	  2.5497695E-6
3.91	  2.4465578E-6
3.92	  2.3475156E-6
3.93	  2.252475E-6
3.94	  2.1612746E-6
3.95	  2.0737598E-6
3.96	  1.9897818E-6
3.97	  1.9091983E-6
3.98	  1.8318725E-6
3.99	  1.7576727E-6
4.0	  1.6864731E-6


