
X-Axis: PGA (g)
Y-Axis: Annual Probabilitiy
Number of Data Sets: 6


DATASET #1

Name: UCERF3 Full
Num Points: 51
Info: 

X, Y Data:
1.0E-4	0.8190585
1.3E-4	0.81882036
1.6E-4	0.81842047
2.0E-4	0.8176099
2.5E-4	0.81614685
3.2E-4	0.8133239
4.0E-4	0.80916435
5.0E-4	0.80288744
6.3E-4	0.7934713
7.9E-4	0.78066415
0.001	0.762799
0.00126	0.7401303
0.00158	0.7124997
0.002	0.6777661
0.00251	0.6386923
0.00316	0.59405637
0.00398	0.54533285
0.00501	0.49415696
0.00631	0.44187635
0.00794	0.39032352
0.01	0.34030354
0.01259	0.29292923
0.01585	0.24864992
0.01995	0.20783672
0.02512	0.17069896
0.03162	0.13765761
0.03981	0.10888055
0.05012	0.084475935
0.0631	0.06428548
0.07943	0.04795985
0.1	0.035004742
0.12589	0.024935532
0.15849	0.017281674
0.19953	0.011623675
0.25119	0.0075750337
0.31623	0.0047777593
0.39811	0.0029115784
0.50119	0.0017068951
0.63096	9.5455424E-4
0.79433	5.0302024E-4
1.0	2.4625394E-4
1.25893	1.1045738E-4
1.58489	4.487523E-5
1.99526	1.6369679E-5
2.51189	5.331616E-6
3.16228	1.5461112E-6
3.98107	3.9906075E-7
5.01187	9.185125E-8
6.30957	1.8925926E-8
7.94328	3.5097711E-9
10.0	5.895041E-10



DATASET #2

Name: UCERF3
Num Points: 401
Info: 

X, Y Data:
1.0E-4	0.05005162
1.0333392E-4	0.05005162
1.06779E-4	0.05005162
1.1033893E-4	0.05005162
1.14017545E-4	0.05005162
1.178188E-4	0.05005162
1.2174679E-4	0.05005162
1.2580573E-4	0.05005162
1.3E-4	0.05005162
1.334183E-4	0.05005162
1.369265E-4	0.05005162
1.4052694E-4	0.05005162
1.4422205E-4	0.05005162
1.4801433E-4	0.05005162
1.5190631E-4	0.05005162
1.5590065E-4	0.05005162
1.6E-4	0.05005162
1.645257E-4	0.05005162
1.691794E-4	0.05005162
1.7396474E-4	0.05005162
1.7888544E-4	0.05005162
1.8394532E-4	0.05005162
1.8914833E-4	0.05005162
1.944985E-4	0.05005162
2.0E-4	0.05005162
2.0565712E-4	0.05005162
2.1147425E-4	0.05005162
2.1745593E-4	0.05005162
2.236068E-4	0.05005162
2.2993165E-4	0.05005162
2.364354E-4	0.05005162
2.4312311E-4	0.05005162
2.5E-4	0.05005162
2.5783465E-4	0.05005162
2.659148E-4	0.05005162
2.742482E-4	0.050051615
2.8284272E-4	0.050051615
2.917066E-4	0.050051615
3.0084825E-4	0.050051615
3.102764E-4	0.050051615
3.2E-4	0.050051615
3.290514E-4	0.05005161
3.383588E-4	0.05005161
3.4792948E-4	0.05005161
3.5777088E-4	0.050051607
3.6789064E-4	0.050051607
3.7829665E-4	0.050051603
3.88997E-4	0.0500516
4.0E-4	0.050051596
4.1131425E-4	0.050051592
4.229485E-4	0.050051585
4.3491187E-4	0.05005158
4.472136E-4	0.050051574
4.598633E-4	0.050051562
4.728708E-4	0.05005155
4.8624622E-4	0.05005154
5.0E-4	0.050051525
5.1465514E-4	0.050051507
5.2973983E-4	0.050051484
5.4526667E-4	0.05005146
5.612486E-4	0.05005143
5.77699E-4	0.05005139
5.946315E-4	0.050051346
6.120603E-4	0.050051294
6.3E-4	0.050051235
6.4807665E-4	0.050051164
6.6667196E-4	0.050051082
6.858008E-4	0.05005099
7.0547854E-4	0.050050877
7.257209E-4	0.050050747
7.465441E-4	0.050050598
7.6796475E-4	0.050050423
7.9E-4	0.050050218
8.136239E-4	0.05004997
8.379543E-4	0.050049685
8.630122E-4	0.050049353
8.8881946E-4	0.050048966
9.153984E-4	0.05004852
9.427722E-4	0.050048005
9.7096455E-4	0.05004741
0.001	0.050046723
0.0010293103	0.05004595
0.0010594797	0.050045066
0.0010905333	0.050044052
0.0011224973	0.050042894
0.001155398	0.05004158
0.001189263	0.050040077
0.0012241206	0.05003837
0.00126	0.050036438
0.0012961533	0.050034292
0.0013333439	0.050031874
0.0013716016	0.050029147
0.0014109571	0.05002608
0.0014514418	0.050022636
0.0014930882	0.050018772
0.0015359295	0.050014447
0.00158	0.050009605
0.0016272478	0.050003964
0.0016759086	0.049997643
0.0017260244	0.049990576
0.0017776389	0.04998269
0.0018307968	0.049973894
0.0018855444	0.049964108
0.0019419291	0.049953237
0.002	0.04994118
0.0020575977	0.049928334
0.002116854	0.049914185
0.002177817	0.049898617
0.0022405356	0.04988152
0.0023050604	0.04986277
0.0023714434	0.049842235
0.0024397383	0.04981978
0.00251	0.04979526
0.0025833033	0.04976814
0.0026587474	0.049738582
0.0027363948	0.049706418
0.0028163097	0.049671467
0.0028985585	0.04963355
0.0029832094	0.049592473
0.0030703326	0.049548037
0.00316	0.04950005
0.0032524571	0.049448192
0.0033476194	0.049392346
0.003445566	0.04933229
0.0035463783	0.049267806
0.0036501405	0.049198665
0.0037569385	0.049124636
0.003866861	0.0490455
0.00398	0.04896102
0.004096165	0.048871193
0.0042157196	0.04877559
0.0043387646	0.048673987
0.0044654002	0.048566163
0.0045957323	0.048451893
0.0047298684	0.048330966
0.0048679197	0.048203163
0.00501	0.048068285
0.005156579	0.04792579
0.0053074467	0.04777579
0.005462728	0.04761811
0.0056225527	0.047452573
0.0057870536	0.047279023
0.005956367	0.047097307
0.0061306343	0.04690729
0.00631	0.04670885
0.006493865	0.046502713
0.0066830874	0.046288017
0.0068778237	0.046064686
0.007078234	0.04583265
0.0072844843	0.04559186
0.0074967444	0.045342296
0.00771519	0.045083936
0.00794	0.04481679
0.008172275	0.044539783
0.008411343	0.044253983
0.008657407	0.043959446
0.008910668	0.043656245
0.009171338	0.043344475
0.009439633	0.04302425
0.009715778	0.042695697
0.01	0.042358965
0.010292081	0.042014748
0.010592694	0.04166272
0.010902087	0.04130307
0.011220517	0.040936016
0.011548247	0.040561777
0.011885551	0.040180597
0.012232705	0.039792728
0.01259	0.039398436
0.012957647	0.038998086
0.013336032	0.03859188
0.013725464	0.03818012
0.01412627	0.03776311
0.014538779	0.03734117
0.014963334	0.036914613
0.015400288	0.036483776
0.01585	0.036048986
0.016312422	0.035610978
0.016788337	0.035169702
0.017278135	0.03472549
0.017782224	0.034278695
0.01830102	0.03382964
0.01883495	0.033378676
0.019384459	0.03292613
0.01995	0.03247233
0.020533005	0.03201686
0.021133045	0.03156078
0.021750621	0.031104395
0.022386245	0.030648015
0.023040446	0.030191934
0.023713762	0.029736431
0.024406755	0.029281784
0.02512	0.028828252
0.025853088	0.028376691
0.02660757	0.027926723
0.027384069	0.027478574
0.02818323	0.027032446
0.029005712	0.026588537
0.029852198	0.026147023
0.030723387	0.02570807
0.03162	0.025271825
0.032543603	0.024838045
0.033494186	0.024407236
0.034472536	0.0239795
0.03547946	0.023554934
0.0365158	0.023133613
0.03758241	0.022715602
0.03868017	0.022300955
0.03981	0.021889709
0.040972695	0.021481942
0.042169347	0.021077624
0.04340095	0.02067676
0.044668525	0.020279355
0.04597312	0.019885397
0.047315817	0.01949487
0.04869773	0.019107757
0.05012	0.018724026
0.0515838	0.018343654
0.053090356	0.017966602
0.05464091	0.01759284
0.05623675	0.01722233
0.0578792	0.016855039
0.059569612	0.016490933
0.0613094	0.016129982
0.0631	0.015772156
0.06494172	0.015417656
0.066837184	0.015066236
0.06878798	0.014717883
0.070795715	0.014372589
0.072862044	0.014030353
0.074988686	0.013691181
0.077177405	0.0133550875
0.07943	0.013022091
0.08174976	0.012692025
0.08413727	0.012365125
0.08659451	0.0120414365
0.08912351	0.011721011
0.09172637	0.011403907
0.09440525	0.01109019
0.097162366	0.010779933
0.1	0.010473214
0.102919795	0.0101701915
0.10592484	0.009870878
0.109017625	0.009575369
0.112200715	0.009283759
0.11547674	0.00899615
0.11884842	0.008712645
0.12231855	0.008433345
0.12589	0.008158355
0.12956645	0.0078877285
0.13335027	0.0076216203
0.13724458	0.007360133
0.14125264	0.007103364
0.14537773	0.006851409
0.14962329	0.0066043595
0.15399285	0.0063623013
0.15849	0.0061253165
0.16311829	0.005893489
0.16788174	0.0056668776
0.17278428	0.005445544
0.17783	0.0052295425
0.18302307	0.0050189183
0.18836778	0.00481371
0.19386858	0.004613947
0.19953	0.0044196504
0.20535603	0.004230854
0.21135218	0.0040475377
0.21752341	0.0038696944
0.22387484	0.0036973094
0.23041171	0.0035303591
0.23713945	0.0033688108
0.24406363	0.003212623
0.25119	0.0030617465
0.25852492	0.002916114
0.26607406	0.0027756705
0.27384362	0.0026403435
0.28184006	0.0025100536
0.29007	0.0023847145
0.29854023	0.002264235
0.30725783	0.0021485172
0.31623	0.002037459
0.32546407	0.0019309544
0.33496782	0.0018288922
0.34474903	0.0017311581
0.3548159	0.0016376359
0.3651767	0.0015482064
0.37584007	0.0014627492
0.3868148	0.0013811426
0.39811	0.0013032642
0.40973493	0.0012289918
0.42169935	0.0011582026
0.4340131	0.001090775
0.44668642	0.0010265886
0.4597298	9.655241E-4
0.47315407	9.0746436E-4
0.4869703	8.5229403E-4
0.50119	7.999002E-4
0.5158249	7.501725E-4
0.5308872	7.030032E-4
0.5463893	6.582875E-4
0.5623441	6.159236E-4
0.57876474	5.758127E-4
0.59566486	5.3785904E-4
0.61305845	5.0197006E-4
0.63096	4.680563E-4
0.6493842	4.3603143E-4
0.6683464	4.0581202E-4
0.6878623	3.773177E-4
0.7079481	3.5047097E-4
0.72862035	3.2519724E-4
0.7498962	3.0142456E-4
0.7717934	2.7908364E-4
0.79433	2.5810767E-4
0.8175246	2.3843229E-4
0.8413966	2.1999543E-4
0.86596555	2.0273724E-4
0.8912519	1.866E-4
0.9172767	1.7152798E-4
0.9440614	1.5746744E-4
0.97162825	1.4436648E-4
1.0	1.32175E-4
1.029201	1.208444E-4
1.0592546	1.1032831E-4
1.090186	1.005817E-4
1.1220205	9.1561145E-5
1.1547846	8.3224775E-5
1.1885055	7.553226E-5
1.223211	6.8444795E-5
1.25893	6.192506E-5
1.2956905	5.5937442E-5
1.3335243	5.0447292E-5
1.3724631	4.5421686E-5
1.4125386	4.0829138E-5
1.4537846	3.663958E-5
1.4962348	3.282436E-5
1.5399245	2.9356208E-5
1.58489	2.6209245E-5
1.6311698	2.3358862E-5
1.678801	2.0781958E-5
1.727823	1.8456643E-5
1.7782766	1.6362317E-5
1.8302034	1.4479623E-5
1.8836465	1.2790428E-5
1.9386501	1.1277777E-5
1.99526	9.9258605E-6
2.0535233	8.719961E-6
2.113488	7.646441E-6
2.1752036	6.6926636E-6
2.2387214	5.846964E-6
2.304094	5.0985973E-6
2.3713756	4.437694E-6
2.4406219	3.8552093E-6
2.51189	3.3428792E-6
2.5852382	2.8931738E-6
2.6607285	2.499236E-6
2.7384229	2.1548533E-6
2.818386	1.8544062E-6
2.900684	1.5928252E-6
2.9853854	1.3655483E-6
3.0725598	1.1684807E-6
3.16228	9.979566E-7
3.2546198	8.5070275E-7
3.3496559	7.238033E-7
3.447467	6.14668E-7
3.5481343	5.210016E-7
3.6517413	4.4077518E-7
3.7583735	3.7220002E-7
3.8681195	3.1370288E-7
3.98107	2.6390364E-7
4.097319	2.2159446E-7
4.2169633	1.8572125E-7
4.340101	1.553661E-7
4.466834	1.2973149E-7
4.5972676	1.0812649E-7
4.7315106	8.99538E-8
4.869673	7.469831E-8
5.01187	6.1916936E-8
5.1582193	5.122939E-8
5.3088417	4.2310084E-8
5.463863	3.488088E-8
5.62341	2.8704775E-8
5.7876167	2.3580217E-8
5.9566183	1.9336309E-8
6.1305547	1.5828332E-8
6.30957	1.29341355E-8
6.493813	1.055079E-8
6.683436	8.59177E-9
6.878596	6.9845036E-9
7.079455	5.6682414E-9
7.286179	4.5922657E-9
7.4989395	3.7142809E-9
7.7179127	2.9991427E-9
7.94328	2.4176874E-9
8.175228	1.9457556E-9
8.41395	1.5633803E-9
8.659641	1.2541321E-9
8.912508	1.00442E-9
9.172758	8.031521E-10
9.440608	6.411959E-10
9.716279	5.1110016E-10
10.0	4.0675763E-10



DATASET #3

Name: RSQSim
Num Points: 401
Info: 

X, Y Data:
1.0E-4	0.10417348
1.0333392E-4	0.10417348
1.06779E-4	0.10417348
1.1033893E-4	0.10417348
1.14017545E-4	0.10417348
1.178188E-4	0.10417348
1.2174679E-4	0.10417348
1.2580573E-4	0.10417348
1.3E-4	0.10417348
1.334183E-4	0.10417348
1.369265E-4	0.10417348
1.4052694E-4	0.10417348
1.4422205E-4	0.10417348
1.4801433E-4	0.10417348
1.5190631E-4	0.10417348
1.5590065E-4	0.10417348
1.6E-4	0.10417348
1.645257E-4	0.10417348
1.691794E-4	0.10417348
1.7396474E-4	0.10417348
1.7888544E-4	0.10417348
1.8394532E-4	0.10417348
1.8914833E-4	0.10417348
1.944985E-4	0.10417348
2.0E-4	0.10417348
2.0565712E-4	0.10417348
2.1147425E-4	0.10417348
2.1745593E-4	0.10417348
2.236068E-4	0.10417348
2.2993165E-4	0.10417348
2.364354E-4	0.10417348
2.4312311E-4	0.10417348
2.5E-4	0.10417348
2.5783465E-4	0.10417348
2.659148E-4	0.10417348
2.742482E-4	0.10417348
2.8284272E-4	0.10417348
2.917066E-4	0.104173474
3.0084825E-4	0.104173474
3.102764E-4	0.104173474
3.2E-4	0.104173474
3.290514E-4	0.10417347
3.383588E-4	0.10417347
3.4792948E-4	0.10417346
3.5777088E-4	0.10417346
3.6789064E-4	0.10417345
3.7829665E-4	0.104173444
3.88997E-4	0.10417344
4.0E-4	0.10417342
4.1131425E-4	0.104173414
4.229485E-4	0.1041734
4.3491187E-4	0.104173385
4.472136E-4	0.10417336
4.598633E-4	0.10417334
4.728708E-4	0.10417331
4.8624622E-4	0.10417327
5.0E-4	0.104173236
5.1465514E-4	0.10417318
5.2973983E-4	0.104173124
5.4526667E-4	0.10417306
5.612486E-4	0.104172975
5.77699E-4	0.10417288
5.946315E-4	0.10417276
6.120603E-4	0.104172625
6.3E-4	0.10417246
6.4807665E-4	0.10417228
6.6667196E-4	0.104172066
6.858008E-4	0.10417181
7.0547854E-4	0.10417152
7.257209E-4	0.10417119
7.465441E-4	0.10417079
7.6796475E-4	0.10417033
7.9E-4	0.1041698
8.136239E-4	0.10416916
8.379543E-4	0.104168415
8.630122E-4	0.10416755
8.8881946E-4	0.10416655
9.153984E-4	0.1041654
9.427722E-4	0.104164064
9.7096455E-4	0.10416252
0.001	0.104160756
0.0010293103	0.10415876
0.0010594797	0.10415649
0.0010905333	0.10415388
0.0011224973	0.10415091
0.001155398	0.10414753
0.001189263	0.104143694
0.0012241206	0.10413933
0.00126	0.10413438
0.0012961533	0.104128905
0.0013333439	0.10412273
0.0013716016	0.10411578
0.0014109571	0.10410796
0.0014514418	0.10409919
0.0014930882	0.10408936
0.0015359295	0.10407835
0.00158	0.10406605
0.0016272478	0.104051724
0.0016759086	0.104035676
0.0017260244	0.10401775
0.0017776389	0.103997745
0.0018307968	0.10397545
0.0018855444	0.10395065
0.0019419291	0.10392311
0.002	0.10389257
0.0020575977	0.10386004
0.002116854	0.10382422
0.002177817	0.10378482
0.0022405356	0.10374154
0.0023050604	0.10369408
0.0023714434	0.103642106
0.0024397383	0.10358527
0.00251	0.10352321
0.0025833033	0.10345455
0.0026587474	0.10337971
0.0027363948	0.103298254
0.0028163097	0.10320972
0.0028985585	0.10311363
0.0029832094	0.10300951
0.0030703326	0.10289683
0.00316	0.10277509
0.0032524571	0.10264349
0.0033476194	0.10250169
0.003445566	0.102349125
0.0035463783	0.10218522
0.0036501405	0.10200937
0.0037569385	0.101821
0.003866861	0.10161948
0.00398	0.101404235
0.004096165	0.101175204
0.0042157196	0.10093129
0.0043387646	0.10067188
0.0044654002	0.10039639
0.0045957323	0.10010423
0.0047298684	0.099794805
0.0048679197	0.09946757
0.00501	0.09912196
0.005156579	0.09875656
0.0053074467	0.09837165
0.005462728	0.09796673
0.0056225527	0.097541355
0.0057870536	0.09709507
0.005956367	0.09662748
0.0061306343	0.09613822
0.00631	0.09562694
0.006493865	0.095095545
0.0066830874	0.09454177
0.0068778237	0.093965426
0.007078234	0.09336634
0.0072844843	0.092744395
0.0074967444	0.092099525
0.00771519	0.09143172
0.00794	0.09074101
0.008172275	0.09002464
0.008411343	0.08928541
0.008657407	0.0885235
0.008910668	0.08773915
0.009171338	0.08693265
0.009439633	0.08610435
0.009715778	0.08525464
0.01	0.08438397
0.010292081	0.08349422
0.010592694	0.082584605
0.010902087	0.08165572
0.011220517	0.08070818
0.011548247	0.07974267
0.011885551	0.078759894
0.012232705	0.0777606
0.01259	0.07674556
0.012957647	0.07571583
0.013336032	0.07467202
0.013725464	0.073615
0.01412627	0.07254564
0.014538779	0.07146486
0.014963334	0.07037358
0.015400288	0.06927273
0.01585	0.06816324
0.016312422	0.06704708
0.016788337	0.065924205
0.017278135	0.06479555
0.017782224	0.06366207
0.01830102	0.062524684
0.01883495	0.06138433
0.019384459	0.06024192
0.01995	0.05909835
0.020533005	0.057952642
0.021133045	0.05680752
0.021750621	0.055663835
0.022386245	0.054522414
0.023040446	0.053384047
0.023713762	0.052249517
0.024406755	0.051119562
0.02512	0.049994905
0.025853088	0.048877735
0.02660757	0.0477672
0.027384069	0.046663925
0.02818323	0.04556852
0.029005712	0.04448155
0.029852198	0.043403573
0.030723387	0.042335104
0.03162	0.041276634
0.032543603	0.040227715
0.033494186	0.03918973
0.034472536	0.038163096
0.03547946	0.037148207
0.0365158	0.036145445
0.03758241	0.03515516
0.03868017	0.034177687
0.03981	0.033213343
0.040972695	0.032262538
0.042169347	0.031325437
0.04340095	0.030402316
0.044668525	0.02949342
0.04597312	0.028598988
0.047315817	0.027719246
0.04869773	0.026854403
0.05012	0.02600466
0.0515838	0.025170209
0.053090356	0.024351217
0.05464091	0.023547845
0.05623675	0.022760246
0.0578792	0.021988554
0.059569612	0.021232896
0.0613094	0.02049338
0.0631	0.019770108
0.06494172	0.019063601
0.066837184	0.018373469
0.06878798	0.017699765
0.070795715	0.017042525
0.072862044	0.016401775
0.074988686	0.015777519
0.077177405	0.015169744
0.07943	0.0145784225
0.08174976	0.014003166
0.08413727	0.013444269
0.08659451	0.01290165
0.08912351	0.012375205
0.09172637	0.011864815
0.09440525	0.01137034
0.097162366	0.010891625
0.1	0.010428493
0.102919795	0.00998086
0.10592484	0.009548403
0.109017625	0.009130899
0.112200715	0.0087281065
0.11547674	0.008339773
0.11884842	0.00796563
0.12231855	0.007605398
0.12589	0.007258786
0.12956645	0.0069254283
0.13335027	0.0066050827
0.13724458	0.00629743
0.14125264	0.006002144
0.14537773	0.0057188924
0.14962329	0.00544734
0.15399285	0.0051871464
0.15849	0.0049379687
0.16311829	0.0046994747
0.16788174	0.004471309
0.17278428	0.0042531295
0.17783	0.004044594
0.18302307	0.0038453643
0.18836778	0.0036551051
0.19386858	0.0034734847
0.19953	0.003300177
0.20535603	0.0031348802
0.21135218	0.0029772574
0.21752341	0.0028270003
0.22387484	0.0026838065
0.23041171	0.0025473814
0.23713945	0.0024174382
0.24406363	0.002293697
0.25119	0.0021758866
0.25852492	0.0020637368
0.26607406	0.0019570005
0.27384362	0.0018554309
0.28184006	0.0017587906
0.29007	0.0016668497
0.29854023	0.0015793876
0.30725783	0.0014961916
0.31623	0.0014170579
0.32546407	0.0013417914
0.33496782	0.0012702041
0.34474903	0.001202117
0.3548159	0.0011373588
0.3651767	0.0010757665
0.37584007	0.0010171846
0.3868148	9.614651E-4
0.39811	9.0846745E-4
0.40973493	8.5805857E-4
0.42169935	8.1011147E-4
0.4340131	7.6450646E-4
0.44668642	7.211301E-4
0.4597298	6.798753E-4
0.47315407	6.4064085E-4
0.4869703	6.0333114E-4
0.50119	5.678561E-4
0.5158249	5.341308E-4
0.5308872	5.0207495E-4
0.5463893	4.7161314E-4
0.5623441	4.4267403E-4
0.57876474	4.1519038E-4
0.59566486	3.890987E-4
0.61305845	3.6433895E-4
0.63096	3.408543E-4
0.6493842	3.18591E-4
0.6683464	2.9749775E-4
0.6878623	2.7752595E-4
0.7079481	2.5862924E-4
0.72862035	2.4076327E-4
0.7498962	2.2388561E-4
0.7717934	2.079555E-4
0.79433	1.9293374E-4
0.8175246	1.7878252E-4
0.8413966	1.6546524E-4
0.86596555	1.5294652E-4
0.8912519	1.4119198E-4
0.9172767	1.3016819E-4
0.9440614	1.1984267E-4
0.97162825	1.1018372E-4
1.0	1.01160455E-4
1.029201	9.2742535E-5
1.0592546	8.49008E-5
1.090186	7.7606564E-5
1.1220205	7.083185E-5
1.1547846	6.454939E-5
1.1885055	5.8732658E-5
1.223211	5.335583E-5
1.25893	4.8393827E-5
1.2956905	4.3822518E-5
1.3335243	3.9618142E-5
1.3724631	3.575796E-5
1.4125386	3.222002E-5
1.4537846	2.8983202E-5
1.4962348	2.6027219E-5
1.5399245	2.3332634E-5
1.58489	2.0880856E-5
1.6311698	1.8654106E-5
1.678801	1.6635586E-5
1.727823	1.4809291E-5
1.7782766	1.3160071E-5
1.8302034	1.1673618E-5
1.8836465	1.0336462E-5
1.9386501	9.135946E-6
1.99526	8.060217E-6
2.0535233	7.0981914E-6
2.113488	6.2395566E-6
2.1752036	5.4747197E-6
2.2387214	4.79479E-6
2.304094	4.1915473E-6
2.3713756	3.6574133E-6
2.4406219	3.1854197E-6
2.51189	2.7691754E-6
2.5852382	2.4028398E-6
2.6607285	2.081074E-6
2.7384229	1.7990261E-6
2.818386	1.5522933E-6
2.900684	1.33689E-6
2.9853854	1.1492189E-6
3.0725598	9.860402E-7
3.16228	8.444446E-7
3.2546198	7.2182615E-7
3.3496559	6.1585587E-7
3.447467	5.244583E-7
3.5481343	4.4578854E-7
3.6517413	3.7821061E-7
3.7583735	3.2027745E-7
3.8681195	2.7071232E-7
3.98107	2.2839151E-7
4.097319	1.9232839E-7
4.2169633	1.6165913E-7
4.340101	1.3562895E-7
4.466834	1.1358001E-7
4.5972676	9.494035E-8
4.7315106	7.9213926E-8
4.869673	6.597152E-8
5.01187	5.4842637E-8
5.1582193	4.550822E-8
5.3088417	3.7694146E-8
5.463863	3.1165467E-8
5.62341	2.5721258E-8
5.7876167	2.1190097E-8
5.9566183	1.7426066E-8
6.1305547	1.4305235E-8
6.30957	1.1722591E-8
6.493813	9.589344E-9
6.683436	7.830598E-9
6.878596	6.3833085E-9
7.079455	5.194523E-9
7.286179	4.219865E-9
7.4989395	3.4222305E-9
7.7179127	2.7706526E-9
7.94328	2.2393478E-9
8.175228	1.8068929E-9
8.41395	1.4555227E-9
8.659641	1.1705414E-9
8.912508	9.398093E-10
9.172758	7.533275E-10
9.440608	6.0286753E-10
9.716279	4.8168436E-10
10.0	3.8424575E-10



DATASET #4

Name: 1000yr
Num Points: 2
Info: 

X, Y Data:
0.001	0.001
10.0	0.001



DATASET #5

Name: 2500yr
Num Points: 2
Info: 

X, Y Data:
0.001	4.0E-4
10.0	4.0E-4



DATASET #6

Name: 10000yr
Num Points: 2
Info: 

X, Y Data:
0.001	1.0E-4
10.0	1.0E-4


