
X-Axis: PGA (g)
Y-Axis: Annual Probabilitiy
Number of Data Sets: 6


DATASET #1

Name: UCERF3 Full
Num Points: 51
Info: 

X, Y Data:
1.0E-4	0.84355146
1.3E-4	0.84336513
1.6E-4	0.8430527
2.0E-4	0.8424188
2.5E-4	0.8412719
3.2E-4	0.8390482
4.0E-4	0.83574873
5.0E-4	0.83072454
6.3E-4	0.8230979
7.9E-4	0.8125678
0.001	0.7975952
0.00126	0.7781343
0.00158	0.75371355
0.002	0.7218987
0.00251	0.6845681
0.00316	0.6398498
0.00398	0.5884403
0.00501	0.531535
0.00631	0.47053143
0.00794	0.40806475
0.01	0.34617835
0.01259	0.28762835
0.01585	0.23425023
0.01995	0.18727231
0.02512	0.14705251
0.03162	0.11358191
0.03981	0.08623777
0.05012	0.06428697
0.0631	0.046900176
0.07943	0.03332573
0.1	0.022915293
0.12589	0.0151631255
0.15849	0.009610783
0.19953	0.0058222148
0.25119	0.003371171
0.31623	0.0018687041
0.39811	9.943849E-4
0.50119	5.0925923E-4
0.63096	2.5121664E-4
0.79433	1.1901672E-4
1.0	5.3715718E-5
1.25893	2.280143E-5
1.58489	8.96678E-6
1.99526	3.219171E-6
2.51189	1.0424741E-6
3.16228	3.0194207E-7
3.98107	7.7849634E-8
5.01187	1.7848343E-8
6.30957	3.647691E-9
7.94328	6.683305E-10
10.0	1.10710885E-10



DATASET #2

Name: UCERF3
Num Points: 401
Info: 

X, Y Data:
1.0E-4	0.057880756
1.0333392E-4	0.057880756
1.06779E-4	0.057880756
1.1033893E-4	0.057880756
1.14017545E-4	0.057880756
1.178188E-4	0.057880756
1.2174679E-4	0.057880756
1.2580573E-4	0.057880756
1.3E-4	0.057880756
1.334183E-4	0.057880756
1.369265E-4	0.057880756
1.4052694E-4	0.057880756
1.4422205E-4	0.057880756
1.4801433E-4	0.057880756
1.5190631E-4	0.057880756
1.5590065E-4	0.057880756
1.6E-4	0.057880756
1.645257E-4	0.057880756
1.691794E-4	0.057880756
1.7396474E-4	0.057880756
1.7888544E-4	0.057880756
1.8394532E-4	0.057880756
1.8914833E-4	0.057880756
1.944985E-4	0.057880756
2.0E-4	0.057880756
2.0565712E-4	0.057880756
2.1147425E-4	0.057880756
2.1745593E-4	0.057880756
2.236068E-4	0.057880756
2.2993165E-4	0.057880756
2.364354E-4	0.057880756
2.4312311E-4	0.057880756
2.5E-4	0.057880756
2.5783465E-4	0.057880756
2.659148E-4	0.05788075
2.742482E-4	0.05788075
2.8284272E-4	0.05788075
2.917066E-4	0.05788075
3.0084825E-4	0.057880748
3.102764E-4	0.057880748
3.2E-4	0.057880744
3.290514E-4	0.05788074
3.383588E-4	0.057880737
3.4792948E-4	0.057880733
3.5777088E-4	0.05788073
3.6789064E-4	0.057880722
3.7829665E-4	0.057880715
3.88997E-4	0.057880707
4.0E-4	0.057880696
4.1131425E-4	0.05788068
4.229485E-4	0.057880666
4.3491187E-4	0.057880647
4.472136E-4	0.05788063
4.598633E-4	0.057880603
4.728708E-4	0.057880573
4.8624622E-4	0.057880536
5.0E-4	0.05788049
5.1465514E-4	0.05788044
5.2973983E-4	0.05788038
5.4526667E-4	0.057880305
5.612486E-4	0.057880215
5.77699E-4	0.057880115
5.946315E-4	0.05787999
6.120603E-4	0.05787985
6.3E-4	0.05787968
6.4807665E-4	0.05787949
6.6667196E-4	0.05787926
6.858008E-4	0.057879
7.0547854E-4	0.057878695
7.257209E-4	0.057878338
7.465441E-4	0.057877928
7.6796475E-4	0.05787745
7.9E-4	0.0578769
8.136239E-4	0.057876233
8.379543E-4	0.057875462
8.630122E-4	0.05787457
8.8881946E-4	0.05787354
9.153984E-4	0.05787235
9.427722E-4	0.05787098
9.7096455E-4	0.057869405
0.001	0.057867598
0.0010293103	0.057865575
0.0010594797	0.05786326
0.0010905333	0.05786063
0.0011224973	0.05785764
0.001155398	0.057854246
0.001189263	0.0578504
0.0012241206	0.05784605
0.00126	0.057841137
0.0012961533	0.057835724
0.0013333439	0.05782964
0.0013716016	0.057822827
0.0014109571	0.0578152
0.0014514418	0.057806678
0.0014930882	0.05779717
0.0015359295	0.057786584
0.00158	0.05777481
0.0016272478	0.057761166
0.0016759086	0.057745982
0.0017260244	0.057729114
0.0017776389	0.0577104
0.0018307968	0.057689685
0.0018855444	0.057666793
0.0019419291	0.057641536
0.002	0.057613723
0.0020575977	0.05758431
0.002116854	0.05755214
0.002177817	0.05751702
0.0022405356	0.057478726
0.0023050604	0.057437055
0.0023714434	0.057391774
0.0024397383	0.05734266
0.00251	0.057289474
0.0025833033	0.057231143
0.0026587474	0.057168115
0.0027363948	0.057100132
0.0028163097	0.05702693
0.0028985585	0.056948237
0.0029832094	0.056863785
0.0030703326	0.05677331
0.00316	0.05667654
0.0032524571	0.056573022
0.0033476194	0.056462664
0.003445566	0.05634521
0.0035463783	0.056220416
0.0036501405	0.056088045
0.0037569385	0.055947866
0.003866861	0.055799663
0.00398	0.055643238
0.004096165	0.05547881
0.0042157196	0.055305842
0.0043387646	0.055124182
0.0044654002	0.054933697
0.0045957323	0.05473427
0.0047298684	0.05452581
0.0048679197	0.054308243
0.00501	0.05408152
0.005156579	0.053845037
0.0053074467	0.053599313
0.005462728	0.05334437
0.0056225527	0.05308024
0.0057870536	0.052806985
0.005956367	0.052524682
0.0061306343	0.05223344
0.00631	0.05193337
0.006493865	0.051625874
0.0066830874	0.051309913
0.0068778237	0.050985664
0.007078234	0.050653312
0.0072844843	0.050313048
0.0074967444	0.04996508
0.00771519	0.049609624
0.00794	0.0492469
0.008172275	0.048875686
0.008411343	0.048497602
0.008657407	0.04811289
0.008910668	0.047721773
0.009171338	0.047324482
0.009439633	0.046921242
0.009715778	0.046512265
0.01	0.04609776
0.010292081	0.045678575
0.010592694	0.045254264
0.010902087	0.044825006
0.011220517	0.044390965
0.011548247	0.043952286
0.011885551	0.043509115
0.012232705	0.043061573
0.01259	0.04260977
0.012957647	0.042153914
0.013336032	0.041693985
0.013725464	0.041230068
0.01412627	0.040762223
0.014538779	0.040290512
0.014963334	0.039814983
0.015400288	0.03933568
0.01585	0.03885264
0.016312422	0.03836634
0.016788337	0.037876382
0.017278135	0.037382804
0.017782224	0.03688564
0.01830102	0.036384933
0.01883495	0.035880733
0.019384459	0.035373095
0.01995	0.03486208
0.020533005	0.034346923
0.021133045	0.033828538
0.021750621	0.03330703
0.022386245	0.032782514
0.023040446	0.032255113
0.023713762	0.03172498
0.024406755	0.031192262
0.02512	0.030657146
0.025853088	0.030120544
0.02660757	0.029581947
0.027384069	0.029041579
0.02818323	0.028499676
0.029005712	0.027956491
0.029852198	0.027412293
0.030723387	0.02686736
0.03162	0.02632198
0.032543603	0.02577597
0.033494186	0.025230128
0.034472536	0.024684766
0.03547946	0.024140209
0.0365158	0.023596786
0.03758241	0.023054825
0.03868017	0.022514664
0.03981	0.021976631
0.040972695	0.021441124
0.042169347	0.02090841
0.04340095	0.020378815
0.044668525	0.01985266
0.04597312	0.019330267
0.047315817	0.01881194
0.04869773	0.018297983
0.05012	0.017788691
0.0515838	0.017284356
0.053090356	0.01678525
0.05464091	0.016291639
0.05623675	0.015803782
0.0578792	0.015321928
0.059569612	0.014846314
0.0613094	0.014377167
0.0631	0.013914706
0.06494172	0.013459423
0.066837184	0.013011219
0.06878798	0.012570283
0.070795715	0.012136792
0.072862044	0.011710911
0.074988686	0.011292798
0.077177405	0.010882602
0.07943	0.010480459
0.08174976	0.010086263
0.08413727	0.009700377
0.08659451	0.009322909
0.08912351	0.008953959
0.09172637	0.008593614
0.09440525	0.008241955
0.097162366	0.00789905
0.1	0.0075649545
0.102919795	0.0072397953
0.10592484	0.0069235256
0.109017625	0.006616171
0.112200715	0.006317744
0.11547674	0.006028247
0.11884842	0.005747671
0.12231855	0.0054759923
0.12589	0.005213179
0.12956645	0.004959136
0.13335027	0.0047138575
0.13724458	0.004477274
0.14125264	0.004249304
0.14537773	0.0040298537
0.14962329	0.0038188184
0.15399285	0.003616082
0.15849	0.003421518
0.16311829	0.003234997
0.16788174	0.0030563632
0.17278428	0.0028854606
0.17783	0.0027221236
0.18302307	0.0025661795
0.18836778	0.0024174475
0.19386858	0.00227574
0.19953	0.002140864
0.20535603	0.002012636
0.21135218	0.0018908367
0.21752341	0.0017752596
0.22387484	0.0016656952
0.23041171	0.0015619325
0.23713945	0.0014637589
0.24406363	0.0013709613
0.25119	0.0012833269
0.25852492	0.0012006385
0.26607406	0.0011226916
0.27384362	0.0010492781
0.28184006	9.801926E-4
0.29007	9.15233E-4
0.29854023	8.542012E-4
0.30725783	7.9690345E-4
0.31623	7.431505E-4
0.32546407	6.9275853E-4
0.33496782	6.4554863E-4
0.34474903	6.013477E-4
0.3548159	5.5998855E-4
0.3651767	5.213102E-4
0.37584007	4.8515768E-4
0.3868148	4.5138237E-4
0.39811	4.19842E-4
0.40973493	3.9040085E-4
0.42169935	3.6292913E-4
0.4340131	3.373036E-4
0.44668642	3.134071E-4
0.4597298	2.9112882E-4
0.47315407	2.7036376E-4
0.4869703	2.5101285E-4
0.50119	2.3298273E-4
0.5158249	2.1618548E-4
0.5308872	2.0053859E-4
0.5463893	1.8596463E-4
0.5623441	1.7239107E-4
0.57876474	1.5975007E-4
0.59566486	1.4797828E-4
0.61305845	1.3701657E-4
0.63096	1.2680984E-4
0.6493842	1.1730682E-4
0.6683464	1.0845974E-4
0.6878623	1.002242E-4
0.7079481	9.255897E-5
0.72862035	8.542572E-5
0.7498962	7.8788886E-5
0.7717934	7.2615396E-5
0.79433	6.687456E-5
0.8175246	6.153786E-5
0.8413966	5.657877E-5
0.86596555	5.197263E-5
0.8912519	4.7696478E-5
0.9172767	4.3728916E-5
0.9440614	4.0049996E-5
0.97162825	3.6641082E-5
1.0	3.348475E-5
1.029201	3.056462E-5
1.0592546	2.7865495E-5
1.090186	2.5373029E-5
1.1220205	2.307374E-5
1.1547846	2.0954958E-5
1.1885055	1.9004741E-5
1.223211	1.7211847E-5
1.25893	1.5565663E-5
1.2956905	1.4056244E-5
1.3335243	1.267407E-5
1.3724631	1.1410224E-5
1.4125386	1.0256284E-5
1.4537846	9.204303E-6
1.4962348	8.246782E-6
1.5399245	7.376648E-6
1.58489	6.5872387E-6
1.6311698	5.872262E-6
1.678801	5.2258433E-6
1.727823	4.642444E-6
1.7782766	4.1168696E-6
1.8302034	3.6442577E-6
1.8836465	3.2200637E-6
1.9386501	2.8400473E-6
1.99526	2.5002598E-6
2.0535233	2.19703E-6
2.113488	1.9269573E-6
2.1752036	1.6868934E-6
2.2387214	1.4739305E-6
2.304094	1.2853906E-6
2.3713756	1.1188122E-6
2.4406219	9.719386E-7
2.51189	8.42706E-7
2.5852382	7.292328E-7
2.6607285	6.298034E-7
2.7384229	5.428622E-7
2.818386	4.670005E-7
2.900684	4.0094605E-7
2.9853854	3.435528E-7
3.0725598	2.9379092E-7
3.16228	2.5073746E-7
3.2546198	2.1356753E-7
3.3496559	1.8154552E-7
3.447467	1.5401739E-7
3.5481343	1.3040305E-7
3.6517413	1.1018939E-7
3.7583735	9.292366E-8
3.8681195	7.8207464E-8
3.98107	6.569109E-8
4.097319	5.5068345E-8
4.2169633	4.607199E-8
4.340101	3.84692E-8
4.466834	3.205774E-8
4.5972676	2.6662367E-8
4.7315106	2.2131616E-8
4.869673	1.8334925E-8
5.01187	1.5160039E-8
5.1582193	1.2510657E-8
5.3088417	1.0304394E-8
5.463863	8.470922E-9
5.62341	6.950402E-9
5.7876167	5.691997E-9
5.9566183	4.6526396E-9
6.1305547	3.7959325E-9
6.30957	3.0912082E-9
6.493813	2.5126563E-9
6.683436	2.0386306E-9
6.878596	1.6510141E-9
7.079455	1.3346773E-9
7.286179	1.0770126E-9
7.4989395	8.675427E-10
7.7179127	6.9757444E-10
7.94328	5.5992433E-10
8.175228	4.4865267E-10
8.41395	3.5887837E-10
8.659641	2.8657676E-10
8.912508	2.2845281E-10
9.172758	1.8180968E-10
9.440608	1.4445412E-10
9.716279	1.1458268E-10
10.0	9.0742414E-11



DATASET #3

Name: RSQSim
Num Points: 401
Info: 

X, Y Data:
1.0E-4	0.106985725
1.0333392E-4	0.106985725
1.06779E-4	0.106985725
1.1033893E-4	0.106985725
1.14017545E-4	0.106985725
1.178188E-4	0.106985725
1.2174679E-4	0.106985725
1.2580573E-4	0.106985725
1.3E-4	0.106985725
1.334183E-4	0.106985725
1.369265E-4	0.106985725
1.4052694E-4	0.106985725
1.4422205E-4	0.106985725
1.4801433E-4	0.106985725
1.5190631E-4	0.106985725
1.5590065E-4	0.106985725
1.6E-4	0.106985725
1.645257E-4	0.106985725
1.691794E-4	0.106985725
1.7396474E-4	0.106985725
1.7888544E-4	0.106985725
1.8394532E-4	0.106985725
1.8914833E-4	0.106985725
1.944985E-4	0.106985725
2.0E-4	0.106985725
2.0565712E-4	0.106985725
2.1147425E-4	0.106985725
2.1745593E-4	0.106985725
2.236068E-4	0.106985725
2.2993165E-4	0.106985725
2.364354E-4	0.106985725
2.4312311E-4	0.106985725
2.5E-4	0.106985725
2.5783465E-4	0.106985725
2.659148E-4	0.106985725
2.742482E-4	0.106985725
2.8284272E-4	0.10698572
2.917066E-4	0.10698572
3.0084825E-4	0.10698572
3.102764E-4	0.10698572
3.2E-4	0.10698571
3.290514E-4	0.10698571
3.383588E-4	0.10698571
3.4792948E-4	0.1069857
3.5777088E-4	0.1069857
3.6789064E-4	0.106985696
3.7829665E-4	0.10698569
3.88997E-4	0.10698568
4.0E-4	0.10698567
4.1131425E-4	0.10698566
4.229485E-4	0.10698564
4.3491187E-4	0.10698563
4.472136E-4	0.10698561
4.598633E-4	0.10698559
4.728708E-4	0.10698556
4.8624622E-4	0.10698553
5.0E-4	0.106985494
5.1465514E-4	0.10698544
5.2973983E-4	0.10698539
5.4526667E-4	0.10698532
5.612486E-4	0.10698525
5.77699E-4	0.10698515
5.946315E-4	0.10698505
6.120603E-4	0.10698491
6.3E-4	0.106984764
6.4807665E-4	0.10698459
6.6667196E-4	0.10698439
6.858008E-4	0.10698415
7.0547854E-4	0.10698388
7.257209E-4	0.10698355
7.465441E-4	0.10698318
7.6796475E-4	0.106982745
7.9E-4	0.10698224
8.136239E-4	0.10698163
8.379543E-4	0.10698092
8.630122E-4	0.1069801
8.8881946E-4	0.10697915
9.153984E-4	0.106978044
9.427722E-4	0.10697677
9.7096455E-4	0.106975295
0.001	0.1069736
0.0010293103	0.10697169
0.0010594797	0.106969506
0.0010905333	0.10696701
0.0011224973	0.10696415
0.001155398	0.1069609
0.001189263	0.10695719
0.0012241206	0.10695298
0.00126	0.1069482
0.0012961533	0.1069429
0.0013333439	0.10693692
0.0013716016	0.10693017
0.0014109571	0.106922574
0.0014514418	0.10691404
0.0014930882	0.10690446
0.0015359295	0.10689372
0.00158	0.1068817
0.0016272478	0.10686767
0.0016759086	0.10685194
0.0017260244	0.10683433
0.0017776389	0.10681465
0.0018307968	0.10679268
0.0018855444	0.1067682
0.0019419291	0.10674096
0.002	0.1067107
0.0020575977	0.10667842
0.002116854	0.1066428
0.002177817	0.10660354
0.0022405356	0.10656035
0.0023050604	0.10651289
0.0023714434	0.10646081
0.0024397383	0.10640375
0.00251	0.106341325
0.0025833033	0.10627213
0.0026587474	0.10619655
0.0027363948	0.10611412
0.0028163097	0.10602434
0.0028985585	0.1059267
0.0029832094	0.10582068
0.0030703326	0.10570571
0.00316	0.105581224
0.0032524571	0.10544638
0.0033476194	0.105300784
0.003445566	0.1051438
0.0035463783	0.10497479
0.0036501405	0.104793094
0.0037569385	0.104598045
0.003866861	0.10438896
0.00398	0.10416517
0.004096165	0.103926554
0.0042157196	0.10367192
0.0043387646	0.10340058
0.0044654002	0.10311185
0.0045957323	0.10280504
0.0047298684	0.102479495
0.0048679197	0.10213455
0.00501	0.10176957
0.005156579	0.10138298
0.0053074467	0.10097503
0.005462728	0.10054513
0.0056225527	0.10009274
0.0057870536	0.09961733
0.005956367	0.09911844
0.0061306343	0.098595604
0.00631	0.09804844
0.006493865	0.097478926
0.0066830874	0.09688461
0.0068778237	0.09626525
0.007078234	0.09562063
0.0072844843	0.094950624
0.0074967444	0.094255134
0.00771519	0.09353412
0.00794	0.09278762
0.008172275	0.092012666
0.008411343	0.09121225
0.008657407	0.09038661
0.008910668	0.089536
0.009171338	0.08866076
0.009439633	0.08776129
0.009715778	0.08683806
0.01	0.085891575
0.010292081	0.084923916
0.010592694	0.08393428
0.010902087	0.082923345
0.011220517	0.08189184
0.011548247	0.08084056
0.011885551	0.0797703
0.012232705	0.07868194
0.01259	0.07757638
0.012957647	0.076454796
0.013336032	0.07531793
0.013725464	0.074166745
0.01412627	0.07300228
0.014538779	0.07182556
0.014963334	0.07063763
0.015400288	0.06943954
0.01585	0.06823237
0.016312422	0.06701828
0.016788337	0.065797254
0.017278135	0.06457035
0.017782224	0.063338645
0.01830102	0.06210316
0.01883495	0.060864948
0.019384459	0.059625026
0.01995	0.0583844
0.020533005	0.057142027
0.021133045	0.055900913
0.021750621	0.054661997
0.022386245	0.053426206
0.023040446	0.052194446
0.023713762	0.05096759
0.024406755	0.049746487
0.02512	0.048531964
0.025853088	0.04732644
0.02660757	0.046129044
0.027384069	0.044940524
0.02818323	0.043761592
0.029005712	0.042592946
0.029852198	0.041435257
0.030723387	0.04028916
0.03162	0.039155282
0.032543603	0.038033236
0.033494186	0.036924597
0.034472536	0.03582992
0.03547946	0.03474973
0.0365158	0.03368454
0.03758241	0.03263483
0.03868017	0.031601056
0.03981	0.030583661
0.040972695	0.029583177
0.042169347	0.028599875
0.04340095	0.027634129
0.044668525	0.026686285
0.04597312	0.025756666
0.047315817	0.02484557
0.04869773	0.02395327
0.05012	0.023080014
0.0515838	0.022226028
0.053090356	0.021391505
0.05464091	0.02057661
0.05623675	0.019781483
0.0578792	0.019006237
0.059569612	0.018250955
0.0613094	0.017515691
0.0631	0.016800469
0.06494172	0.016105719
0.066837184	0.015430949
0.06878798	0.014776099
0.070795715	0.014141077
0.072862044	0.013525765
0.074988686	0.012930019
0.077177405	0.012353665
0.07943	0.011796504
0.08174976	0.011257996
0.08413727	0.010738234
0.08659451	0.010236948
0.08912351	0.0097538475
0.09172637	0.009288621
0.09440525	0.008840939
0.097162366	0.008410456
0.1	0.007996811
0.102919795	0.007599722
0.10592484	0.0072187027
0.109017625	0.0068533546
0.112200715	0.0065032733
0.11547674	0.006168046
0.11884842	0.0058472552
0.12231855	0.005540479
0.12589	0.0052472926
0.12956645	0.0049672183
0.13335027	0.004699888
0.13724458	0.004444878
0.14125264	0.004201766
0.14537773	0.003970135
0.14962329	0.0037495699
0.15399285	0.0035396637
0.15849	0.0033400143
0.16311829	0.0031502342
0.16788174	0.0029699274
0.17278428	0.0027987144
0.17783	0.0026362243
0.18302307	0.0024820946
0.18836778	0.0023359726
0.19386858	0.002197515
0.19953	0.002066387
0.20535603	0.0019422799
0.21135218	0.0018248622
0.21752341	0.0017138297
0.22387484	0.0016088873
0.23041171	0.0015097504
0.23713945	0.0014161434
0.24406363	0.0013278008
0.25119	0.0012444665
0.25852492	0.001165889
0.26607406	0.001091836
0.27384362	0.0010220796
0.28184006	9.564001E-4
0.29007	8.945869E-4
0.29854023	8.3643803E-4
0.30725783	7.817598E-4
0.31623	7.303667E-4
0.32546407	6.820817E-4
0.33496782	6.367349E-4
0.34474903	5.9416424E-4
0.3548159	5.542153E-4
0.3651767	5.1674066E-4
0.37584007	4.8160012E-4
0.3868148	4.486601E-4
0.39811	4.1779372E-4
0.40973493	3.888806E-4
0.42169935	3.6180616E-4
0.4340131	3.3646193E-4
0.44668642	3.1274522E-4
0.4597298	2.9055876E-4
0.47315407	2.6981073E-4
0.4869703	2.504142E-4
0.50119	2.3228719E-4
0.5158249	2.1535235E-4
0.5308872	1.9953681E-4
0.5463893	1.8477184E-4
0.5623441	1.7099276E-4
0.57876474	1.581387E-4
0.59566486	1.4615242E-4
0.61305845	1.3498004E-4
0.63096	1.2457097E-4
0.6493842	1.1487765E-4
0.6683464	1.0585535E-4
0.6878623	9.746207E-5
0.7079481	8.9658344E-5
0.72862035	8.240708E-5
0.7498962	7.567343E-5
0.7717934	6.942463E-5
0.79433	6.362988E-5
0.8175246	5.8260222E-5
0.8413966	5.3288404E-5
0.86596555	4.8688788E-5
0.8912519	4.443723E-5
0.9172767	4.0511022E-5
0.9440614	3.6888752E-5
0.97162825	3.3550263E-5
1.0	3.0476554E-5
1.029201	2.764966E-5
1.0592546	2.5052785E-5
1.090186	2.267003E-5
1.1220205	2.0486414E-5
1.1547846	1.8487819E-5
1.1885055	1.6660953E-5
1.223211	1.49932985E-5
1.25893	1.3473081E-5
1.2956905	1.2089279E-5
1.3335243	1.0831429E-5
1.3724631	9.689763E-6
1.4125386	8.655121E-6
1.4537846	7.718924E-6
1.4962348	6.873143E-6
1.5399245	6.110273E-6
1.58489	5.4233114E-6
1.6311698	4.805716E-6
1.678801	4.2514353E-6
1.727823	3.7548277E-6
1.7782766	3.3106633E-6
1.8302034	2.914099E-6
1.8836465	2.5606614E-6
1.9386501	2.2462239E-6
1.99526	1.9669883E-6
2.0535233	1.7194642E-6
2.113488	1.5004551E-6
2.1752036	1.307035E-6
2.2387214	1.1365324E-6
2.304094	9.86514E-7
2.3713756	8.5476796E-7
2.4406219	7.392881E-7
2.51189	6.3825905E-7
2.5852382	5.5004284E-7
2.6607285	4.7316132E-7
2.7384229	4.062873E-7
2.818386	3.4823057E-7
2.900684	2.9792625E-7
2.9853854	2.5442384E-7
3.0725598	2.1687676E-7
3.16228	1.8453291E-7
3.2546198	1.5672559E-7
3.3496559	1.3286514E-7
3.447467	1.12431294E-7
3.5481343	9.496611E-8
3.6517413	8.006744E-8
3.7583735	6.73829E-8
3.8681195	5.6604495E-8
3.98107	4.7463597E-8
4.097319	3.9726455E-8
4.2169633	3.319024E-8
4.340101	2.7679228E-8
4.466834	2.3041594E-8
4.5972676	1.9146443E-8
4.7315106	1.5881183E-8
4.869673	1.3149198E-8
5.01187	1.08677565E-8
5.1582193	8.966178E-9
5.3088417	7.3842203E-9
5.463863	6.070643E-9
5.62341	4.9819677E-9
5.7876167	4.0813686E-9
5.9566183	3.3377507E-9
6.1305547	2.7248852E-9
6.30957	2.2207116E-9
6.493813	1.8067162E-9
6.683436	1.467388E-9
6.878596	1.1897658E-9
7.079455	9.630385E-10
7.286179	7.782075E-10
7.4989395	6.2779715E-10
7.7179127	5.056203E-10
7.94328	4.0654835E-10
8.175228	3.2635095E-10
8.41395	2.61549E-10
8.659641	2.0927471E-10
8.912508	1.6717772E-10
9.172758	1.333359E-10
9.440608	1.06175846E-10
9.716279	8.441592E-11
10.0	6.701106E-11



DATASET #4

Name: 1000yr
Num Points: 2
Info: 

X, Y Data:
0.001	0.001
10.0	0.001



DATASET #5

Name: 2500yr
Num Points: 2
Info: 

X, Y Data:
0.001	4.0E-4
10.0	4.0E-4



DATASET #6

Name: 10000yr
Num Points: 2
Info: 

X, Y Data:
0.001	1.0E-4
10.0	1.0E-4


