
X-Axis: Annual Probability
Y-Axis: Ln(RSQSim/UCERF3)
Number of Data Sets: 5


DATASET #1

Name: NEHRP City Mean
Num Points: 26
Info: 

X, Y Data:
1.0E-6	-0.22093491
1.5848932E-6	-0.22111373
2.5118864E-6	-0.22087283
3.9810716E-6	-0.22015
6.3095736E-6	-0.21881768
1.0E-5	-0.21675377
1.5848931E-5	-0.21379101
2.5118865E-5	-0.20975262
3.981072E-5	-0.20438892
6.309574E-5	-0.19743547
1.0E-4	-0.18854107
1.5848932E-4	-0.17726171
2.5118864E-4	-0.16302589
3.9810716E-4	-0.14510576
6.3095737E-4	-0.12250236
0.001	-0.09381008
0.0015848932	-0.05716496
0.0025118864	-0.0100479955
0.0039810715	0.050474275
0.0063095735	0.12669106
0.01	0.21891628
0.015848933	0.32598898
0.025118865	0.4468595
0.039810717	0.58068234
0.06309573	0.7248959
0.1	0.88944393



DATASET #2

Name: Mean
Num Points: 26
Info: 

X, Y Data:
1.0E-6	-0.17077485
1.5848932E-6	-0.16836174
2.5118864E-6	-0.16555683
3.9810716E-6	-0.16228198
6.3095736E-6	-0.15843794
1.0E-5	-0.15389977
1.5848931E-5	-0.14850757
2.5118865E-5	-0.14205849
3.981072E-5	-0.13429618
6.309574E-5	-0.124901734
1.0E-4	-0.113485314
1.5848932E-4	-0.099580616
2.5118864E-4	-0.0826412
3.9810716E-4	-0.062037528
6.3095737E-4	-0.03706711
0.001	-0.0069771735
0.0015848932	0.029014787
0.0025118864	0.07168722
0.0039810715	0.12178241
0.0063095735	0.17989472
0.01	0.24501988
0.015848933	0.3153592
0.025118865	0.39163885
0.039810717	0.47790337
0.06309573	0.587145
0.1	0.77375364



DATASET #3

Name: StdDev
Num Points: 26
Info: 

X, Y Data:
1.0E-6	0.17298555
1.5848932E-6	0.16843322
2.5118864E-6	0.1635076
3.9810716E-6	0.15818925
6.3095736E-6	0.15246353
1.0E-5	0.14632212
1.5848931E-5	0.13976507
2.5118865E-5	0.13279939
3.981072E-5	0.12543437
6.309574E-5	0.11767479
1.0E-4	0.10952227
1.5848932E-4	0.10099503
2.5118864E-4	0.092180036
3.9810716E-4	0.0832873
6.3095737E-4	0.07468486
0.001	0.06696439
0.0015848932	0.061126377
0.0025118864	0.058703348
0.0039810715	0.06117554
0.0063095735	0.06906031
0.01	0.08170832
0.015848933	0.096013784
0.025118865	0.107780054
0.039810717	0.11397977
0.06309573	0.111646675
0.1	0.09897691



DATASET #4

Name: Median
Num Points: 26
Info: 

X, Y Data:
1.0E-6	-0.17734632
1.5848932E-6	-0.1722382
2.5118864E-6	-0.16677536
3.9810716E-6	-0.16071339
6.3095736E-6	-0.1539703
1.0E-5	-0.14625989
1.5848931E-5	-0.13787076
2.5118865E-5	-0.1284099
3.981072E-5	-0.11833701
6.309574E-5	-0.10714693
1.0E-4	-0.09445781
1.5848932E-4	-0.08015465
2.5118864E-4	-0.06372814
3.9810716E-4	-0.04493457
6.3095737E-4	-0.023033867
0.001	0.0028923664
0.0015848932	0.03927146
0.0025118864	0.085769705
0.0039810715	0.13772461
0.0063095735	0.19311522
0.01	0.26051793
0.015848933	0.33205155
0.025118865	0.41236153
0.039810717	0.5080469
0.06309573	0.62183243
0.1	0.78223544



DATASET #5

Name: MeanAbsDiff
Num Points: 26
Info: 

X, Y Data:
1.0E-6	0.20255592
1.5848932E-6	0.19781743
2.5118864E-6	0.19254969
3.9810716E-6	0.18668123
6.3095736E-6	0.18014766
1.0E-5	0.17288424
1.5848931E-5	0.16478042
2.5118865E-5	0.15572128
3.981072E-5	0.14553794
6.309574E-5	0.13398087
1.0E-4	0.120813
1.5848932E-4	0.10586313
2.5118864E-4	0.08924599
3.9810716E-4	0.07238589
6.3095737E-4	0.057929978
0.001	0.048161887
0.0015848932	0.054895945
0.0025118864	0.0839341
0.0039810715	0.12679487
0.0063095735	0.18191615
0.01	0.24630228
0.015848933	0.31638825
0.025118865	0.3919759
0.039810717	0.47790337
0.06309573	0.587145
0.1	0.77375364


