
X-Axis: 2.0s SA (g)
Y-Axis: Annual Probabilitiy
Number of Data Sets: 5


DATASET #1

Name: UCERF3
Num Points: 401
Info: 

X, Y Data:
1.0E-4	0.033630792
1.0333392E-4	0.03363079
1.06779E-4	0.03363079
1.1033893E-4	0.03363079
1.14017545E-4	0.03363079
1.178188E-4	0.033630785
1.2174679E-4	0.033630785
1.2580573E-4	0.03363078
1.3E-4	0.03363078
1.334183E-4	0.033630777
1.369265E-4	0.033630773
1.4052694E-4	0.03363077
1.4422205E-4	0.033630766
1.4801433E-4	0.033630762
1.5190631E-4	0.03363076
1.5590065E-4	0.03363075
1.6E-4	0.033630744
1.645257E-4	0.033630736
1.691794E-4	0.033630725
1.7396474E-4	0.033630714
1.7888544E-4	0.0336307
1.8394532E-4	0.033630684
1.8914833E-4	0.033630665
1.944985E-4	0.033630643
2.0E-4	0.033630617
2.0565712E-4	0.033630587
2.1147425E-4	0.033630554
2.1745593E-4	0.033630516
2.236068E-4	0.03363047
2.2993165E-4	0.03363042
2.364354E-4	0.03363036
2.4312311E-4	0.03363029
2.5E-4	0.03363021
2.5783465E-4	0.03363011
2.659148E-4	0.03362999
2.742482E-4	0.033629857
2.8284272E-4	0.033629697
2.917066E-4	0.033629514
3.0084825E-4	0.033629306
3.102764E-4	0.03362906
3.2E-4	0.03362878
3.290514E-4	0.03362849
3.383588E-4	0.033628162
3.4792948E-4	0.033627793
3.5777088E-4	0.033627372
3.6789064E-4	0.033626895
3.7829665E-4	0.033626363
3.88997E-4	0.03362576
4.0E-4	0.033625077
4.1131425E-4	0.033624317
4.229485E-4	0.03362346
4.3491187E-4	0.0336225
4.472136E-4	0.033621423
4.598633E-4	0.03362022
4.728708E-4	0.033618875
4.8624622E-4	0.033617374
5.0E-4	0.0336157
5.1465514E-4	0.03361377
5.2973983E-4	0.033611614
5.4526667E-4	0.033609215
5.612486E-4	0.03360654
5.77699E-4	0.033603568
5.946315E-4	0.033600267
6.120603E-4	0.03359661
6.3E-4	0.03359256
6.4807665E-4	0.03358818
6.6667196E-4	0.033583347
6.858008E-4	0.03357803
7.0547854E-4	0.03357219
7.257209E-4	0.03356577
7.465441E-4	0.033558734
7.6796475E-4	0.033551022
7.9E-4	0.033542592
8.136239E-4	0.033532977
8.379543E-4	0.033522446
8.630122E-4	0.03351093
8.8881946E-4	0.033498354
9.153984E-4	0.033484634
9.427722E-4	0.03346969
9.7096455E-4	0.03345343
0.001	0.03343577
0.0010293103	0.033416998
0.0010594797	0.033396687
0.0010905333	0.03337474
0.0011224973	0.03335106
0.001155398	0.033325538
0.001189263	0.033298068
0.0012241206	0.033268534
0.00126	0.033236824
0.0012961533	0.033203546
0.0013333439	0.03316796
0.0013716016	0.03312994
0.0014109571	0.033089377
0.0014514418	0.033046145
0.0014930882	0.033000126
0.0015359295	0.032951195
0.00158	0.032899234
0.0016272478	0.032841753
0.0016759086	0.032780707
0.0017260244	0.03271595
0.0017776389	0.032647353
0.0018307968	0.03257477
0.0018855444	0.03249806
0.0019419291	0.0324171
0.002	0.032331746
0.0020575977	0.03224523
0.002116854	0.032154407
0.002177817	0.032059163
0.0022405356	0.0319594
0.0023050604	0.03185501
0.0023714434	0.031745903
0.0024397383	0.031631988
0.00251	0.031513173
0.0025833033	0.031387635
0.0026587474	0.031256907
0.0027363948	0.031120924
0.0028163097	0.030979624
0.0028985585	0.030832952
0.0029832094	0.030680865
0.0030703326	0.030523328
0.00316	0.03036031
0.0032524571	0.030191481
0.0033476194	0.030017123
0.003445566	0.029837236
0.0035463783	0.029651828
0.0036501405	0.029460916
0.0037569385	0.02926453
0.003866861	0.029062703
0.00398	0.028855484
0.004096165	0.028643446
0.0042157196	0.02842616
0.0043387646	0.028203696
0.0044654002	0.02797614
0.0045957323	0.027743582
0.0047298684	0.027506115
0.0048679197	0.027263852
0.00501	0.0270169
0.005156579	0.026764784
0.0053074467	0.026508208
0.005462728	0.026247311
0.0056225527	0.025982235
0.0057870536	0.025713122
0.005956367	0.025440129
0.0061306343	0.025163412
0.00631	0.024883132
0.006493865	0.024600597
0.0066830874	0.024314856
0.0068778237	0.024026083
0.007078234	0.023734448
0.0072844843	0.023440124
0.0074967444	0.02314329
0.00771519	0.022844117
0.00794	0.022542786
0.008172275	0.022238288
0.008411343	0.02193197
0.008657407	0.021624014
0.008910668	0.021314593
0.009171338	0.021003885
0.009439633	0.020692062
0.009715778	0.0203793
0.01	0.020065764
0.010292081	0.019752108
0.010592694	0.019438013
0.010902087	0.019123642
0.011220517	0.018809149
0.011548247	0.018494694
0.011885551	0.018180422
0.012232705	0.017866489
0.01259	0.017553033
0.012957647	0.01724027
0.013336032	0.016928261
0.013725464	0.01661715
0.01412627	0.01630706
0.014538779	0.015998123
0.014963334	0.015690465
0.015400288	0.015384203
0.01585	0.015079459
0.016312422	0.014776621
0.016788337	0.014475525
0.017278135	0.014176284
0.017782224	0.013879004
0.01830102	0.01358379
0.01883495	0.013290746
0.019384459	0.012999974
0.01995	0.012711572
0.020533005	0.012425174
0.021133045	0.012141346
0.021750621	0.011860184
0.022386245	0.01158178
0.023040446	0.011306224
0.023713762	0.011033605
0.024406755	0.01076401
0.02512	0.0104975235
0.025853088	0.010234581
0.02660757	0.009974903
0.027384069	0.009718569
0.02818323	0.009465655
0.029005712	0.009216235
0.029852198	0.008970381
0.030723387	0.0087281605
0.03162	0.008489642
0.032543603	0.008254683
0.033494186	0.008023553
0.034472536	0.00779631
0.03547946	0.0075730057
0.0365158	0.0073536895
0.03758241	0.007138405
0.03868017	0.0069271917
0.03981	0.0067200856
0.040972695	0.0065171393
0.042169347	0.006318355
0.04340095	0.006123753
0.044668525	0.005933347
0.04597312	0.0057471488
0.047315817	0.005565161
0.04869773	0.005387383
0.05012	0.005213808
0.0515838	0.0050444244
0.053090356	0.004879214
0.05464091	0.004718153
0.05623675	0.0045612124
0.0578792	0.0044083595
0.059569612	0.004259555
0.0613094	0.004114755
0.0631	0.0039739115
0.06494172	0.003837057
0.066837184	0.003704044
0.06878798	0.0035748123
0.070795715	0.0034492977
0.072862044	0.0033274328
0.074988686	0.003209147
0.077177405	0.0030943672
0.07943	0.0029830183
0.08174976	0.0028749595
0.08413727	0.0027701799
0.08659451	0.0026685996
0.08912351	0.0025701378
0.09172637	0.0024747138
0.09440525	0.0023822456
0.097162366	0.0022926526
0.1	0.0022058538
0.102919795	0.0021217894
0.10592484	0.0020403592
0.109017625	0.001961486
0.112200715	0.0018850934
0.11547674	0.0018111074
0.11884842	0.0017394554
0.12231855	0.0016700672
0.12589	0.0016028746
0.12956645	0.0015377995
0.13335027	0.0014747912
0.13724458	0.001413789
0.14125264	0.0013547338
0.14537773	0.0012975698
0.14962329	0.001242243
0.15399285	0.0011887021
0.15849	0.001136898
0.16311829	0.0010867862
0.16788174	0.00103832
0.17278428	9.91457E-4
0.17783	9.46157E-4
0.18302307	9.023812E-4
0.18836778	8.6009316E-4
0.19386858	8.192577E-4
0.19953	7.798412E-4
0.20535603	7.4181607E-4
0.21135218	7.051464E-4
0.21752341	6.698022E-4
0.22387484	6.3575455E-4
0.23041171	6.029753E-4
0.23713945	5.714369E-4
0.24406363	5.411125E-4
0.25119	5.1197567E-4
0.25852492	4.8399842E-4
0.26607406	4.5715694E-4
0.27384362	4.3142558E-4
0.28184006	4.067787E-4
0.29007	3.8319087E-4
0.29854023	3.6063648E-4
0.30725783	3.3908995E-4
0.31623	3.1852556E-4
0.32546407	2.9891764E-4
0.33496782	2.8024008E-4
0.34474903	2.6246678E-4
0.3548159	2.455715E-4
0.3651767	2.2952784E-4
0.37584007	2.1430936E-4
0.3868148	1.9988947E-4
0.39811	1.8624154E-4
0.40973493	1.7333902E-4
0.42169935	1.6115517E-4
0.4340131	1.496634E-4
0.44668642	1.3883728E-4
0.4597298	1.2865041E-4
0.47315407	1.1907673E-4
0.4869703	1.1009032E-4
0.50119	1.0166561E-4
0.5158249	9.3777344E-5
0.5308872	8.640067E-5
0.5463893	7.951119E-5
0.5623441	7.308495E-5
0.57876474	6.709853E-5
0.59566486	6.152907E-5
0.61305845	5.6354293E-5
0.63096	5.155254E-5
0.6493842	4.7102814E-5
0.6683464	4.298477E-5
0.6878623	3.9178773E-5
0.7079481	3.566588E-5
0.72862035	3.242788E-5
0.7498962	2.94473E-5
0.7717934	2.6707385E-5
0.79433	2.4192132E-5
0.8175246	2.1886268E-5
0.8413966	1.9775258E-5
0.86596555	1.7845283E-5
0.8912519	1.608325E-5
0.9172767	1.4476759E-5
0.9440614	1.3014109E-5
0.97162825	1.1684264E-5
1.0	1.0476846E-5
1.029201	9.382082E-6
1.0592546	8.390871E-6
1.090186	7.4946706E-6
1.1220205	6.6855087E-6
1.1547846	5.955954E-6
1.1885055	5.299097E-6
1.223211	4.708526E-6
1.25893	4.1782964E-6
1.2956905	3.7029326E-6
1.3335243	3.2773394E-6
1.3724631	2.896843E-6
1.4125386	2.5571458E-6
1.4537846	2.2543015E-6
1.4962348	1.9846939E-6
1.5399245	1.7450153E-6
1.58489	1.532245E-6
1.6311698	1.343625E-6
1.678801	1.1766562E-6
1.727823	1.0290631E-6
1.7782766	8.987827E-7
1.8302034	7.839474E-7
1.8836465	6.828703E-7
1.9386501	5.940293E-7
1.99526	5.160543E-7
2.0535233	4.4771315E-7
2.113488	3.8790134E-7
2.1752036	3.3562876E-7
2.2387214	2.900102E-7
2.304094	2.5025528E-7
2.3713756	2.1565964E-7
2.4406219	1.855965E-7
2.51189	1.5950928E-7
2.5852382	1.3690462E-7
2.6607285	1.1734517E-7
2.7384229	1.0044478E-7
2.818386	8.586269E-8
2.900684	7.329878E-8
2.9853854	6.248907E-8
3.0725598	5.3201834E-8
3.16228	4.5233993E-8
3.2546198	3.8407777E-8
3.3496559	3.25679E-8
3.447467	2.757889E-8
3.5481343	2.3322809E-8
3.6517413	1.96971E-8
3.7583735	1.6612779E-8
3.8681195	1.3992663E-8
3.98107	1.1770064E-8
4.097319	9.887277E-9
4.2169633	8.2945935E-9
4.340101	6.949226E-9
4.466834	5.814339E-9
4.5972676	4.85835E-9
4.7315106	4.0541623E-9
4.869673	3.3786214E-9
5.01187	2.81194E-9
5.1582193	2.3372446E-9
5.3088417	1.940124E-9
5.463863	1.6083875E-9
5.62341	1.3316228E-9
5.7876167	1.1010591E-9
5.9566183	9.0924657E-10
6.1305547	7.498804E-10
6.30957	6.1764827E-10
6.493813	5.080848E-10
6.683436	4.1742354E-10
6.878596	3.425049E-10
7.079455	2.8067315E-10
7.286179	2.2971713E-10
7.4989395	1.877738E-10
7.7179127	1.5329982E-10
7.94328	1.2499846E-10
8.175228	1.0179679E-10
8.41395	8.279766E-11
8.659641	6.726353E-11
8.912508	5.4571125E-11
9.172758	4.421996E-11
9.440608	3.579581E-11
9.716279	2.894096E-11
10.0	2.3363311E-11



DATASET #2

Name: RSQSim
Num Points: 401
Info: 

X, Y Data:
1.0E-4	0.059672266
1.0333392E-4	0.059672263
1.06779E-4	0.059672263
1.1033893E-4	0.059672263
1.14017545E-4	0.059672263
1.178188E-4	0.059672263
1.2174679E-4	0.05967226
1.2580573E-4	0.05967226
1.3E-4	0.059672255
1.334183E-4	0.059672255
1.369265E-4	0.059672255
1.4052694E-4	0.05967225
1.4422205E-4	0.059672248
1.4801433E-4	0.059672244
1.5190631E-4	0.059672244
1.5590065E-4	0.059672236
1.6E-4	0.059672233
1.645257E-4	0.05967223
1.691794E-4	0.05967222
1.7396474E-4	0.05967221
1.7888544E-4	0.059672203
1.8394532E-4	0.05967219
1.8914833E-4	0.059672177
1.944985E-4	0.059672162
2.0E-4	0.059672147
2.0565712E-4	0.059672125
2.1147425E-4	0.059672102
2.1745593E-4	0.059672073
2.236068E-4	0.05967204
2.2993165E-4	0.059672
2.364354E-4	0.05967196
2.4312311E-4	0.059671912
2.5E-4	0.059671853
2.5783465E-4	0.05967178
2.659148E-4	0.059671693
2.742482E-4	0.059671592
2.8284272E-4	0.059671476
2.917066E-4	0.05967134
3.0084825E-4	0.059671182
3.102764E-4	0.059671
3.2E-4	0.059670787
3.290514E-4	0.059670568
3.383588E-4	0.059670318
3.4792948E-4	0.05967003
3.5777088E-4	0.059669707
3.6789064E-4	0.05966934
3.7829665E-4	0.05966892
3.88997E-4	0.05966845
4.0E-4	0.059667915
4.1131425E-4	0.05966731
4.229485E-4	0.059666634
4.3491187E-4	0.059665866
4.472136E-4	0.059665002
4.598633E-4	0.05966403
4.728708E-4	0.059662938
4.8624622E-4	0.059661716
5.0E-4	0.059660345
5.1465514E-4	0.05965875
5.2973983E-4	0.059656963
5.4526667E-4	0.059654962
5.612486E-4	0.059652716
5.77699E-4	0.05965021
5.946315E-4	0.059647407
6.120603E-4	0.059644282
6.3E-4	0.0596408
6.4807665E-4	0.059637006
6.6667196E-4	0.059632804
6.858008E-4	0.059628148
7.0547854E-4	0.059623
7.257209E-4	0.059617307
7.465441E-4	0.059611022
7.6796475E-4	0.059604097
7.9E-4	0.059596468
8.136239E-4	0.05958771
8.379543E-4	0.05957805
8.630122E-4	0.05956741
8.8881946E-4	0.059555706
9.153984E-4	0.059542842
9.427722E-4	0.059528723
9.7096455E-4	0.059513252
0.001	0.05949631
0.0010293103	0.059478167
0.0010594797	0.059458386
0.0010905333	0.059436847
0.0011224973	0.05941342
0.001155398	0.059387963
0.001189263	0.059360344
0.0012241206	0.059330408
0.00126	0.059297998
0.0012961533	0.059263706
0.0013333439	0.05922672
0.0013716016	0.059186883
0.0014109571	0.059144013
0.0014514418	0.059097927
0.0014930882	0.059048448
0.0015359295	0.05899537
0.00158	0.058938503
0.0016272478	0.05887502
0.0016759086	0.058806956
0.0017260244	0.058734067
0.0017776389	0.058656104
0.0018307968	0.058572803
0.0018855444	0.058483902
0.0019419291	0.05838913
0.002	0.058288213
0.0020575977	0.0581849
0.002116854	0.05807536
0.002177817	0.05795935
0.0022405356	0.05783661
0.0023050604	0.057706874
0.0023714434	0.057569887
0.0024397383	0.057425383
0.00251	0.0572731
0.0025833033	0.057110496
0.0026587474	0.05693936
0.0027363948	0.056759425
0.0028163097	0.056570422
0.0028985585	0.056372095
0.0029832094	0.056164183
0.0030703326	0.055946436
0.00316	0.055718612
0.0032524571	0.055480026
0.0033476194	0.055230856
0.003445566	0.054970875
0.0035463783	0.05469988
0.0036501405	0.054417662
0.0037569385	0.054124035
0.003866861	0.053818814
0.00398	0.053501844
0.004096165	0.053173773
0.0042157196	0.05283372
0.0043387646	0.05248157
0.0044654002	0.052117206
0.0045957323	0.051740553
0.0047298684	0.051351536
0.0048679197	0.050950106
0.00501	0.05053623
0.005156579	0.050108872
0.0053074467	0.049669
0.005462728	0.04921665
0.0056225527	0.04875187
0.0057870536	0.048274726
0.005956367	0.047785316
0.0061306343	0.047283754
0.00631	0.04677018
0.006493865	0.046246883
0.0066830874	0.045712013
0.0068778237	0.045165777
0.007078234	0.04460841
0.0072844843	0.044040162
0.0074967444	0.043461308
0.00771519	0.042872146
0.00794	0.042273007
0.008172275	0.04166184
0.008411343	0.041041337
0.008657407	0.040411886
0.008910668	0.039773908
0.009171338	0.039127838
0.009439633	0.03847414
0.009715778	0.037813284
0.01	0.037145775
0.010292081	0.036473166
0.010592694	0.03579497
0.010902087	0.03511173
0.011220517	0.03442401
0.011548247	0.03373239
0.011885551	0.033037454
0.012232705	0.032339804
0.01259	0.03164005
0.012957647	0.030938964
0.013336032	0.030237019
0.013725464	0.029534845
0.01412627	0.02883307
0.014538779	0.028132336
0.014963334	0.027433274
0.015400288	0.026736518
0.01585	0.0260427
0.016312422	0.025353063
0.016788337	0.024667596
0.017278135	0.02398691
0.017782224	0.0233116
0.01830102	0.022642251
0.01883495	0.021979434
0.019384459	0.021323703
0.01995	0.020675596
0.020533005	0.020034596
0.021133045	0.019402266
0.021750621	0.018779086
0.022386245	0.018165512
0.023040446	0.017561976
0.023713762	0.016968882
0.024406755	0.016386611
0.02512	0.015815517
0.025853088	0.015256663
0.02660757	0.01470957
0.027384069	0.014174504
0.02818323	0.013651697
0.029005712	0.0131413555
0.029852198	0.012643654
0.030723387	0.012158737
0.03162	0.011686719
0.032543603	0.011227288
0.033494186	0.010780922
0.034472536	0.010347648
0.03547946	0.009927464
0.0365158	0.009520344
0.03758241	0.009126234
0.03868017	0.008745052
0.03981	0.008376695
0.040972695	0.008021074
0.042169347	0.007677998
0.04340095	0.0073472937
0.044668525	0.0070287716
0.04597312	0.006722223
0.047315817	0.006427422
0.04869773	0.006144128
0.05012	0.0058720857
0.0515838	0.00561103
0.053090356	0.00536068
0.05464091	0.0051207487
0.05623675	0.0048909397
0.0578792	0.0046709506
0.059569612	0.0044604735
0.0613094	0.0042591966
0.0631	0.0040668054
0.06494172	0.0038830973
0.066837184	0.003707633
0.06878798	0.0035400977
0.070795715	0.0033801794
0.072862044	0.0032275687
0.074988686	0.00308196
0.077177405	0.0029430527
0.07943	0.002810552
0.08174976	0.002684095
0.08413727	0.002563481
0.08659451	0.002448436
0.08912351	0.0023386935
0.09172637	0.0022339951
0.09440525	0.0021340924
0.097162366	0.002038745
0.1	0.0019477227
0.102919795	0.001860825
0.10592484	0.0017778181
0.109017625	0.0016985006
0.112200715	0.0016226807
0.11547674	0.001550176
0.11884842	0.0014808137
0.12231855	0.0014144306
0.12589	0.0013508722
0.12956645	0.0012899818
0.13335027	0.001231635
0.13724458	0.0011757035
0.14125264	0.001122067
0.14537773	0.0010706128
0.14962329	0.0010212361
0.15399285	9.7383844E-4
0.15849	9.2832855E-4
0.16311829	8.846232E-4
0.16788174	8.4264117E-4
0.17278428	8.023089E-4
0.17783	7.6355797E-4
0.18302307	7.263248E-4
0.18836778	6.9055025E-4
0.19386858	6.561793E-4
0.19953	6.231607E-4
0.20535603	5.9145037E-4
0.21135218	5.6099944E-4
0.21752341	5.31766E-4
0.22387484	5.037107E-4
0.23041171	4.7679633E-4
0.23713945	4.5098772E-4
0.24406363	4.262515E-4
0.25119	4.025558E-4
0.25852492	3.798686E-4
0.26607406	3.5816213E-4
0.27384362	3.37408E-4
0.28184006	3.1757867E-4
0.29007	2.9864733E-4
0.29854023	2.8058773E-4
0.30725783	2.6337415E-4
0.31623	2.4698125E-4
0.32546407	2.3138421E-4
0.33496782	2.1655823E-4
0.34474903	2.0247886E-4
0.3548159	1.8912186E-4
0.3651767	1.7646323E-4
0.37584007	1.644791E-4
0.3868148	1.5314577E-4
0.39811	1.4243973E-4
0.40973493	1.3233771E-4
0.42169935	1.2281649E-4
0.4340131	1.1385314E-4
0.44668642	1.05424966E-4
0.4597298	9.750955E-5
0.47315407	9.0084766E-5
0.4869703	8.312879E-5
0.50119	7.6620156E-5
0.5158249	7.05378E-5
0.5308872	6.486104E-5
0.5463893	5.9569662E-5
0.5623441	5.464392E-5
0.57876474	5.006455E-5
0.59566486	4.5812827E-5
0.61305845	4.1870553E-5
0.63096	3.8220107E-5
0.6493842	3.484445E-5
0.6683464	3.1727122E-5
0.6878623	2.8852279E-5
0.7079481	2.6204694E-5
0.72862035	2.3769762E-5
0.7498962	2.1533504E-5
0.7717934	1.9482562E-5
0.79433	1.7604207E-5
0.8175246	1.588633E-5
0.8413966	1.4317425E-5
0.86596555	1.2886599E-5
0.8912519	1.15835455E-5
0.9172767	1.0398543E-5
0.9440614	9.32243E-6
0.97162825	8.3465975E-6
1.0	7.4629684E-6
1.029201	6.6639604E-6
1.0592546	5.9425297E-6
1.090186	5.292083E-6
1.1220205	4.706485E-6
1.1547846	4.1800336E-6
1.1885055	3.7074421E-6
1.223211	3.2838177E-6
1.25893	2.9046396E-6
1.2956905	2.5657528E-6
1.3335243	2.263306E-6
1.3724631	1.9937756E-6
1.4125386	1.7539315E-6
1.4537846	1.5408173E-6
1.4962348	1.3517322E-6
1.5399245	1.1842138E-6
1.58489	1.0360208E-6
1.6311698	9.051136E-7
1.678801	7.896501E-7
1.727823	6.879587E-7
1.7782766	5.985292E-7
1.8302034	5.1999945E-7
1.8836465	4.5114302E-7
1.9386501	3.9085782E-7
1.99526	3.3815513E-7
2.0535233	2.9214922E-7
2.113488	2.520491E-7
2.1752036	2.1714845E-7
2.2387214	1.8681821E-7
2.304094	1.6049897E-7
2.3713756	1.3769422E-7
2.4406219	1.1796398E-7
2.51189	1.0091908E-7
2.5852382	8.621608E-8
2.6607285	7.3551846E-8
2.7384229	6.265983E-8
2.818386	5.330593E-8
2.900684	4.5284825E-8
2.9853854	3.84168E-8
3.0725598	3.2544783E-8
3.16228	2.7531751E-8
3.2546198	2.3258373E-8
3.3496559	1.9620877E-8
3.447467	1.6529196E-8
3.5481343	1.3905303E-8
3.6517413	1.1681681E-8
3.7583735	9.800033E-9
3.8681195	8.210094E-9
3.98107	6.8686012E-9
4.097319	5.7383773E-9
4.2169633	4.7875397E-9
4.340101	3.9887733E-9
4.466834	3.3187315E-9
4.5972676	2.757477E-9
4.7315106	2.2880275E-9
4.869673	1.8959283E-9
5.01187	1.5689001E-9
5.1582193	1.2965315E-9
5.3088417	1.0700137E-9
5.463863	8.8189234E-10
5.62341	7.2587836E-10
5.7876167	5.966734E-10
5.9566183	4.8982285E-10
6.1305547	4.015802E-10
6.30957	3.288042E-10
6.493813	2.688677E-10
6.683436	2.1957414E-10
6.878596	1.7908819E-10
7.079455	1.4588164E-10
7.286179	1.1868029E-10
7.4989395	9.6431085E-11
7.7179127	7.8253515E-11
7.94328	6.34256E-11
8.175228	5.134282E-11
8.41395	4.1511017E-11
8.659641	3.3521963E-11
8.912508	2.7037372E-11
9.172758	2.1781132E-11
9.440608	1.7525759E-11
9.716279	1.4086066E-11
10.0	1.13072884E-11



DATASET #3

Name: 1000yr
Num Points: 2
Info: 

X, Y Data:
0.001	0.001
10.0	0.001



DATASET #4

Name: 2500yr
Num Points: 2
Info: 

X, Y Data:
0.001	4.0E-4
10.0	4.0E-4



DATASET #5

Name: 10000yr
Num Points: 2
Info: 

X, Y Data:
0.001	1.0E-4
10.0	1.0E-4


