
X-Axis: 2.0s SA (g)
Y-Axis: Annual Probabilitiy
Number of Data Sets: 5


DATASET #1

Name: UCERF3
Num Points: 401
Info: 

X, Y Data:
1.0E-4	0.066022724
1.0333392E-4	0.066022724
1.06779E-4	0.06602272
1.1033893E-4	0.06602272
1.14017545E-4	0.06602272
1.178188E-4	0.06602271
1.2174679E-4	0.06602271
1.2580573E-4	0.0660227
1.3E-4	0.066022694
1.334183E-4	0.06602269
1.369265E-4	0.06602268
1.4052694E-4	0.06602267
1.4422205E-4	0.066022664
1.4801433E-4	0.06602265
1.5190631E-4	0.066022635
1.5590065E-4	0.06602262
1.6E-4	0.066022605
1.645257E-4	0.06602258
1.691794E-4	0.06602255
1.7396474E-4	0.06602252
1.7888544E-4	0.066022485
1.8394532E-4	0.06602245
1.8914833E-4	0.066022396
1.944985E-4	0.06602234
2.0E-4	0.06602228
2.0565712E-4	0.066022195
2.1147425E-4	0.066022106
2.1745593E-4	0.066022
2.236068E-4	0.06602188
2.2993165E-4	0.06602175
2.364354E-4	0.066021584
2.4312311E-4	0.0660214
2.5E-4	0.06602119
2.5783465E-4	0.06602091
2.659148E-4	0.06602059
2.742482E-4	0.06602023
2.8284272E-4	0.066019796
2.917066E-4	0.0660193
3.0084825E-4	0.066018716
3.102764E-4	0.066018045
3.2E-4	0.06601727
3.290514E-4	0.066016465
3.383588E-4	0.06601555
3.4792948E-4	0.06601451
3.5777088E-4	0.06601333
3.6789064E-4	0.066011995
3.7829665E-4	0.06601048
3.88997E-4	0.06600878
4.0E-4	0.06600685
4.1131425E-4	0.06600467
4.229485E-4	0.06600222
4.3491187E-4	0.065999456
4.472136E-4	0.06599636
4.598633E-4	0.065992884
4.728708E-4	0.06598898
4.8624622E-4	0.065984614
5.0E-4	0.065979734
5.1465514E-4	0.06597408
5.2973983E-4	0.06596774
5.4526667E-4	0.06596065
5.612486E-4	0.06595274
5.77699E-4	0.06594391
5.946315E-4	0.06593408
6.120603E-4	0.06592314
6.3E-4	0.06591098
6.4807665E-4	0.065897785
6.6667196E-4	0.0658832
6.858008E-4	0.06586708
7.0547854E-4	0.065849304
7.257209E-4	0.065829724
7.465441E-4	0.065808184
7.6796475E-4	0.06578451
7.9E-4	0.06575853
8.136239E-4	0.06572881
8.379543E-4	0.06569616
8.630122E-4	0.065660335
8.8881946E-4	0.06562108
9.153984E-4	0.065578125
9.427722E-4	0.065531194
9.7096455E-4	0.06547998
0.001	0.065424174
0.0010293103	0.06536468
0.0010594797	0.06530013
0.0010905333	0.0652302
0.0011224973	0.065154515
0.001155398	0.06507273
0.001189263	0.06498447
0.0012241206	0.06488934
0.00126	0.06478695
0.0012961533	0.06467924
0.0013333439	0.06456379
0.0013716016	0.06444018
0.0014109571	0.06430801
0.0014514418	0.06416686
0.0014930882	0.06401632
0.0015359295	0.06385595
0.00158	0.06368534
0.0016272478	0.06349629
0.0016759086	0.06329518
0.0017260244	0.06308153
0.0017776389	0.062854886
0.0018307968	0.06261476
0.0018855444	0.06236071
0.0019419291	0.06209229
0.002	0.061809067
0.0020575977	0.061521776
0.002116854	0.061220005
0.002177817	0.060903426
0.0022405356	0.06057172
0.0023050604	0.0602246
0.0023714434	0.059861798
0.0024397383	0.05948308
0.00251	0.059088234
0.0025833033	0.05867125
0.0026587474	0.058237355
0.0027363948	0.057786424
0.0028163097	0.05731838
0.0028985585	0.056833178
0.0029832094	0.056330822
0.0030703326	0.055811357
0.00316	0.055274863
0.0032524571	0.054720446
0.0033476194	0.05414924
0.003445566	0.053561464
0.0035463783	0.052957386
0.0036501405	0.052337307
0.0037569385	0.051701587
0.003866861	0.05105062
0.00398	0.05038485
0.004096165	0.049706418
0.0042157196	0.04901426
0.0043387646	0.048308935
0.0044654002	0.047591045
0.0045957323	0.046861228
0.0047298684	0.046120156
0.0048679197	0.04536853
0.00501	0.044607084
0.005156579	0.043834746
0.0053074467	0.043054093
0.005462728	0.042265944
0.0056225527	0.04147113
0.0057870536	0.0406705
0.005956367	0.039864913
0.0061306343	0.039055243
0.00631	0.038242366
0.006493865	0.03743042
0.0066830874	0.03661704
0.0068778237	0.035803095
0.007078234	0.03498944
0.0072844843	0.03417693
0.0074967444	0.03336641
0.00771519	0.0325587
0.00794	0.031754617
0.008172275	0.030951845
0.008411343	0.030154295
0.008657407	0.029362725
0.008910668	0.028577855
0.009171338	0.027800381
0.009439633	0.027030973
0.009715778	0.026270261
0.01	0.025518848
0.010292081	0.024778428
0.010592694	0.024048371
0.010902087	0.02332917
0.011220517	0.02262128
0.011548247	0.021925122
0.011885551	0.021241076
0.012232705	0.020569492
0.01259	0.01991068
0.012957647	0.019265054
0.013336032	0.018632706
0.013725464	0.018013839
0.01412627	0.017408622
0.014538779	0.016817193
0.014963334	0.016239656
0.015400288	0.015676085
0.01585	0.015126525
0.016312422	0.014591467
0.016788337	0.014070398
0.017278135	0.013563285
0.017782224	0.013070065
0.01830102	0.012590656
0.01883495	0.012124954
0.019384459	0.011672835
0.01995	0.011234158
0.020533005	0.010808079
0.021133045	0.010395152
0.021750621	0.009995186
0.022386245	0.009607981
0.023040446	0.009233323
0.023713762	0.008870988
0.024406755	0.008520745
0.02512	0.008182352
0.025853088	0.0078559965
0.02660757	0.0075409617
0.027384069	0.007236993
0.02818323	0.0069438303
0.029005712	0.006661211
0.029852198	0.0063888705
0.030723387	0.0061265426
0.03162	0.0058739604
0.032543603	0.005630648
0.033494186	0.005396565
0.034472536	0.005171445
0.03547946	0.0049550254
0.0365158	0.0047470434
0.03758241	0.004547239
0.03868017	0.004355356
0.03981	0.0041711405
0.040972695	0.0039943615
0.042169347	0.0038247514
0.04340095	0.0036620672
0.044668525	0.0035060705
0.04597312	0.0033565264
0.047315817	0.003213205
0.04869773	0.0030758805
0.05012	0.002944332
0.0515838	0.0028183442
0.053090356	0.0026977048
0.05464091	0.002582207
0.05623675	0.0024716498
0.0578792	0.0023658362
0.059569612	0.002264575
0.0613094	0.0021676798
0.0631	0.0020749695
0.06494172	0.0019863225
0.066837184	0.0019015087
0.06878798	0.0018203626
0.070795715	0.0017427242
0.072862044	0.0016684383
0.074988686	0.0015973555
0.077177405	0.0015293307
0.07943	0.0014642248
0.08174976	0.0014018666
0.08413727	0.0013421667
0.08659451	0.0012850007
0.08912351	0.0012302495
0.09172637	0.0011777986
0.09440525	0.0011275387
0.097162366	0.0010793651
0.1	0.0010331782
0.102919795	9.888932E-4
0.10592484	9.464086E-4
0.109017625	9.056384E-4
0.112200715	8.665011E-4
0.11547674	8.289197E-4
0.11884842	7.9282117E-4
0.12231855	7.581367E-4
0.12589	7.248011E-4
0.12956645	6.9274724E-4
0.13335027	6.619241E-4
0.13724458	6.322775E-4
0.14125264	6.037568E-4
0.14537773	5.7631434E-4
0.14962329	5.499056E-4
0.15399285	5.244889E-4
0.15849	5.0002534E-4
0.16311829	4.7647936E-4
0.16788174	4.5381594E-4
0.17278428	4.3200317E-4
0.17783	4.1101137E-4
0.18302307	3.9081255E-4
0.18836778	3.7138065E-4
0.19386858	3.5269113E-4
0.19953	3.347209E-4
0.20535603	3.174503E-4
0.21135218	3.0085645E-4
0.21752341	2.849199E-4
0.22387484	2.6962205E-4
0.23041171	2.5494516E-4
0.23713945	2.4087216E-4
0.24406363	2.2738667E-4
0.25119	2.1447278E-4
0.25852492	2.0211426E-4
0.26607406	1.9029694E-4
0.27384362	1.7900605E-4
0.28184006	1.6822714E-4
0.29007	1.5794589E-4
0.29854023	1.4814819E-4
0.30725783	1.3882006E-4
0.31623	1.2994761E-4
0.32546407	1.2151707E-4
0.33496782	1.1351464E-4
0.34474903	1.05926614E-4
0.3548159	9.873935E-5
0.3651767	9.193925E-5
0.37584007	8.5512744E-5
0.3868148	7.944636E-5
0.39811	7.372667E-5
0.40973493	6.834036E-5
0.42169935	6.3274165E-5
0.4340131	5.851495E-5
0.44668642	5.404973E-5
0.4597298	4.9865674E-5
0.47315407	4.5950124E-5
0.4869703	4.2290616E-5
0.50119	3.8874914E-5
0.5158249	3.5691E-5
0.5308872	3.272713E-5
0.5463893	2.9971825E-5
0.5623441	2.7413904E-5
0.57876474	2.5042486E-5
0.59566486	2.2847009E-5
0.61305845	2.0817253E-5
0.63096	1.8943336E-5
0.6493842	1.7215732E-5
0.6683464	1.5625268E-5
0.6878623	1.4163142E-5
0.7079481	1.2820918E-5
0.72862035	1.1590533E-5
0.7498962	1.0464294E-5
0.7717934	9.434879E-6
0.79433	8.495328E-6
0.8175246	7.639049E-6
0.8413966	6.8598006E-6
0.86596555	6.1516935E-6
0.8912519	5.5091787E-6
0.9172767	4.92704E-6
0.9440614	4.400384E-6
0.97162825	3.924629E-6
1.0	3.495492E-6
1.029201	3.1089724E-6
1.0592546	2.7613662E-6
1.090186	2.4492224E-6
1.1220205	2.1693425E-6
1.1547846	1.9187673E-6
1.1885055	1.6947654E-6
1.223211	1.4948193E-6
1.25893	1.316614E-6
1.2956905	1.1580308E-6
1.3335243	1.0171158E-6
1.3724631	8.9208936E-7
1.4125386	7.813275E-7
1.4537846	6.8335106E-7
1.4962348	5.9681514E-7
1.5399245	5.2049955E-7
1.58489	4.53299E-7
1.6311698	3.942129E-7
1.678801	3.4234165E-7
1.727823	2.9687325E-7
1.7782766	2.5707774E-7
1.8302034	2.2230012E-7
1.8836465	1.919537E-7
1.9386501	1.6551401E-7
1.99526	1.4251297E-7
2.0535233	1.2253356E-7
2.113488	1.0520519E-7
2.1752036	9.0198846E-8
2.2387214	7.7223E-8
2.304094	6.601986E-8
2.3713756	5.636185E-8
2.4406219	4.80484E-8
2.51189	4.090312E-8
2.5852382	3.4771183E-8
2.6607285	2.9516679E-8
2.7384229	2.502081E-8
2.818386	2.1179822E-8
2.900684	1.7903213E-8
2.9853854	1.5112244E-8
3.0725598	1.27384645E-8
3.16228	1.072252E-8
3.2546198	9.0129975E-9
3.3496559	7.565484E-9
3.447467	6.3416197E-9
3.5481343	5.30836E-9
3.6517413	4.4373203E-9
3.7583735	3.7041006E-9
3.8681195	3.087798E-9
3.98107	2.5705087E-9
4.097319	2.1369633E-9
4.2169633	1.7741273E-9
4.340101	1.4709077E-9
4.466834	1.2178719E-9
4.5972676	1.0070138E-9
4.7315106	8.3155294E-10
4.869673	6.857521E-10
5.01187	5.64769E-10
5.1582193	4.6451798E-10
5.3088417	3.8156323E-10
5.463863	3.130134E-10
5.62341	2.5645142E-10
5.7876167	2.0983804E-10
5.9566183	1.714795E-10
6.1305547	1.3995749E-10
6.30957	1.1408441E-10
6.493813	9.287904E-11
6.683436	7.552092E-11
6.878596	6.133227E-11
7.079455	4.9747317E-11
7.286179	4.0303427E-11
7.4989395	3.2612246E-11
7.7179127	2.635725E-11
7.94328	2.1278312E-11
8.175228	1.715772E-11
8.41395	1.3817503E-11
8.659641	1.1116108E-11
8.912508	8.932299E-12
9.172758	7.169154E-12
9.440608	5.7481797E-12
9.716279	4.6035398E-12
10.0	3.6820547E-12



DATASET #2

Name: RSQSim
Num Points: 401
Info: 

X, Y Data:
1.0E-4	0.08137137
1.0333392E-4	0.08137137
1.06779E-4	0.08137136
1.1033893E-4	0.08137136
1.14017545E-4	0.08137136
1.178188E-4	0.08137135
1.2174679E-4	0.081371345
1.2580573E-4	0.081371345
1.3E-4	0.08137134
1.334183E-4	0.08137133
1.369265E-4	0.08137132
1.4052694E-4	0.08137131
1.4422205E-4	0.0813713
1.4801433E-4	0.081371285
1.5190631E-4	0.08137127
1.5590065E-4	0.081371255
1.6E-4	0.08137123
1.645257E-4	0.08137121
1.691794E-4	0.08137118
1.7396474E-4	0.08137115
1.7888544E-4	0.08137111
1.8394532E-4	0.08137106
1.8914833E-4	0.08137101
1.944985E-4	0.08137095
2.0E-4	0.081370875
2.0565712E-4	0.08137079
2.1147425E-4	0.0813707
2.1745593E-4	0.081370585
2.236068E-4	0.08137045
2.2993165E-4	0.0813703
2.364354E-4	0.08137013
2.4312311E-4	0.08136993
2.5E-4	0.0813697
2.5783465E-4	0.0813694
2.659148E-4	0.08136906
2.742482E-4	0.081368655
2.8284272E-4	0.081368186
2.917066E-4	0.08136764
3.0084825E-4	0.081367016
3.102764E-4	0.081366286
3.2E-4	0.081365444
3.290514E-4	0.08136457
3.383588E-4	0.08136358
3.4792948E-4	0.08136245
3.5777088E-4	0.081361175
3.6789064E-4	0.08135973
3.7829665E-4	0.08135809
3.88997E-4	0.081356235
4.0E-4	0.08135415
4.1131425E-4	0.081351794
4.229485E-4	0.081349134
4.3491187E-4	0.081346154
4.472136E-4	0.0813428
4.598633E-4	0.08133904
4.728708E-4	0.08133482
4.8624622E-4	0.0813301
5.0E-4	0.08132482
5.1465514E-4	0.081318706
5.2973983E-4	0.08131186
5.4526667E-4	0.0813042
5.612486E-4	0.08129565
5.77699E-4	0.08128611
5.946315E-4	0.081275485
6.120603E-4	0.08126367
6.3E-4	0.08125053
6.4807665E-4	0.08123629
6.6667196E-4	0.08122053
6.858008E-4	0.081203125
7.0547854E-4	0.08118393
7.257209E-4	0.08116279
7.465441E-4	0.08113953
7.6796475E-4	0.08111396
7.9E-4	0.0810859
8.136239E-4	0.0810538
8.379543E-4	0.08101853
8.630122E-4	0.08097982
8.8881946E-4	0.0809374
9.153984E-4	0.08089097
9.427722E-4	0.08084022
9.7096455E-4	0.08078483
0.001	0.08072444
0.0010293103	0.08066005
0.0010594797	0.08059015
0.0010905333	0.08051439
0.0011224973	0.080432355
0.001155398	0.08034366
0.001189263	0.08024788
0.0012241206	0.080144584
0.00126	0.08003331
0.0012961533	0.07991619
0.0013333439	0.07979053
0.0013716016	0.07965589
0.0014109571	0.07951179
0.0014514418	0.07935775
0.0014930882	0.079193294
0.0015359295	0.07901792
0.00158	0.07883113
0.0016272478	0.07862388
0.0016759086	0.07840313
0.0017260244	0.078168295
0.0017776389	0.07791879
0.0018307968	0.07765405
0.0018855444	0.0773735
0.0019419291	0.07707657
0.002	0.07676271
0.0020575977	0.07644376
0.002116854	0.076108105
0.002177817	0.07575528
0.0022405356	0.07538486
0.0023050604	0.074996404
0.0023714434	0.07458951
0.0024397383	0.074163795
0.00251	0.073718905
0.0025833033	0.073247924
0.0026587474	0.07275658
0.0027363948	0.07224459
0.0028163097	0.07171172
0.0028985585	0.07115776
0.0029832094	0.070582554
0.0030703326	0.06998597
0.00316	0.06936794
0.0032524571	0.06872723
0.0033476194	0.06806498
0.003445566	0.06738125
0.0035463783	0.06667614
0.0036501405	0.06594982
0.0037569385	0.06520252
0.003866861	0.06443449
0.00398	0.06364607
0.004096165	0.0628396
0.0042157196	0.06201362
0.0043387646	0.06116862
0.0044654002	0.060305126
0.0045957323	0.05942372
0.0047298684	0.058525033
0.0048679197	0.057609744
0.00501	0.056678586
0.005156579	0.055730067
0.0053074467	0.054767206
0.005462728	0.05379087
0.0056225527	0.052801967
0.0057870536	0.051801443
0.005956367	0.05079028
0.0061306343	0.04976949
0.00631	0.04874012
0.006493865	0.047707394
0.0066830874	0.0466683
0.0068778237	0.04562393
0.007078234	0.044575397
0.0072844843	0.043523837
0.0074967444	0.042470384
0.00771519	0.041416172
0.00794	0.04036235
0.008172275	0.039305963
0.008411343	0.038252264
0.008657407	0.037202384
0.008910668	0.036157455
0.009171338	0.035118576
0.009439633	0.034086835
0.009715778	0.033063296
0.01	0.03204899
0.010292081	0.031046454
0.010592694	0.030055089
0.010902087	0.029075827
0.011220517	0.028109558
0.011548247	0.02715713
0.011885551	0.02621935
0.012232705	0.025296979
0.01259	0.024390731
0.012957647	0.023501467
0.013336032	0.022629598
0.013725464	0.021775689
0.01412627	0.020940252
0.014538779	0.020123748
0.014963334	0.019326583
0.015400288	0.018549114
0.01585	0.017791644
0.016312422	0.017055074
0.016788337	0.016338916
0.017278135	0.015643317
0.017782224	0.014968375
0.01830102	0.014314142
0.01883495	0.013680621
0.019384459	0.013067771
0.01995	0.012475506
0.020533005	0.011902785
0.021133045	0.011350421
0.021750621	0.010818211
0.022386245	0.010305914
0.023040446	0.009813253
0.023713762	0.009339924
0.024406755	0.008885592
0.02512	0.008449894
0.025853088	0.008032996
0.02660757	0.0076338924
0.027384069	0.0072521586
0.02818323	0.0068873526
0.029005712	0.006539018
0.029852198	0.0062066847
0.030723387	0.0058898744
0.03162	0.0055880994
0.032543603	0.0053006187
0.033494186	0.005027206
0.034472536	0.00476736
0.03547946	0.0045205792
0.0365158	0.004286362
0.03758241	0.004064211
0.03868017	0.0038536326
0.03981	0.0036541382
0.040972695	0.0034652678
0.042169347	0.0032865247
0.04340095	0.0031174447
0.044668525	0.0029575736
0.04597312	0.0028064682
0.047315817	0.002663696
0.04869773	0.0025288372
0.05012	0.0024014846
0.0515838	0.0022812448
0.053090356	0.0021677362
0.05464091	0.0020605917
0.05623675	0.001959458
0.0578792	0.0018639958
0.059569612	0.0017738799
0.0613094	0.0016887992
0.0631	0.0016084564
0.06494172	0.0015326143
0.066837184	0.0014609519
0.06878798	0.0013932129
0.070795715	0.0013291547
0.072862044	0.0012685473
0.074988686	0.0012111731
0.077177405	0.0011568271
0.07943	0.0011053154
0.08174976	0.0010564277
0.08413727	0.0010100242
0.08659451	9.659443E-4
0.08912351	9.240375E-4
0.09172637	8.841629E-4
0.09440525	8.461893E-4
0.097162366	8.099941E-4
0.1	7.7546336E-4
0.102919795	7.424989E-4
0.10592484	7.10994E-4
0.109017625	6.808576E-4
0.112200715	6.5200566E-4
0.11547674	6.2436034E-4
0.11884842	5.978499E-4
0.12231855	5.724083E-4
0.12589	5.4797484E-4
0.12956645	5.244891E-4
0.13335027	5.0190464E-4
0.13724458	4.801746E-4
0.14125264	4.5925588E-4
0.14537773	4.3910908E-4
0.14962329	4.1969822E-4
0.15399285	4.009904E-4
0.15849	3.8295554E-4
0.16311829	3.6556684E-4
0.16788174	3.487984E-4
0.17278428	3.3262724E-4
0.17783	3.1703225E-4
0.18302307	3.0199403E-4
0.18836778	2.8749483E-4
0.19386858	2.7351815E-4
0.19953	2.6004875E-4
0.20535603	2.47074E-4
0.21135218	2.34579E-4
0.21752341	2.2255127E-4
0.22387484	2.1097907E-4
0.23041171	1.9985119E-4
0.23713945	1.8915691E-4
0.24406363	1.7888597E-4
0.25119	1.6902834E-4
0.25852492	1.5957371E-4
0.26607406	1.5051318E-4
0.27384362	1.4183739E-4
0.28184006	1.33537E-4
0.29007	1.2560282E-4
0.29854023	1.1802561E-4
0.30725783	1.10796194E-4
0.31623	1.0390535E-4
0.32546407	9.734389E-5
0.33496782	9.110249E-5
0.34474903	8.517184E-5
0.3548159	7.954258E-5
0.3651767	7.420533E-5
0.37584007	6.915065E-5
0.3868148	6.436911E-5
0.39811	5.9851234E-5
0.40973493	5.558761E-5
0.42169935	5.1568757E-5
0.4340131	4.778527E-5
0.44668642	4.422778E-5
0.4597298	4.0887E-5
0.47315407	3.775371E-5
0.4869703	3.481881E-5
0.50119	3.20733E-5
0.5158249	2.950833E-5
0.5308872	2.7115193E-5
0.5463893	2.4885361E-5
0.5623441	2.2810484E-5
0.57876474	2.0882408E-5
0.59566486	1.9093193E-5
0.61305845	1.7435119E-5
0.63096	1.59007E-5
0.6493842	1.4482692E-5
0.6683464	1.31740935E-5
0.6878623	1.1968162E-5
0.7079481	1.0858414E-5
0.72862035	9.838629E-6
0.7498962	8.902853E-6
0.7717934	8.0453965E-6
0.79433	7.2608354E-6
0.8175246	6.5440126E-6
0.8413966	5.890029E-6
0.86596555	5.294246E-6
0.8912519	4.7522767E-6
0.9172767	4.2599836E-6
0.9440614	3.8134722E-6
0.97162825	3.409082E-6
1.0	3.043382E-6
1.029201	2.7131537E-6
1.0592546	2.4154076E-6
1.090186	2.1473495E-6
1.1220205	1.9063801E-6
1.1547846	1.6900867E-6
1.1885055	1.496234E-6
1.223211	1.3227551E-6
1.25893	1.1677431E-6
1.2956905	1.0294465E-6
1.3335243	9.062444E-7
1.3724631	7.9665557E-7
1.4125386	6.9932383E-7
1.4537846	6.1300966E-7
1.4962348	5.3658243E-7
1.5399245	4.6901278E-7
1.58489	4.093653E-7
1.6311698	3.5679014E-7
1.678801	3.1052102E-7
1.727823	2.6986388E-7
1.7782766	2.3419271E-7
1.8302034	2.0294404E-7
1.8836465	1.756115E-7
1.9386501	1.51741E-7
1.99526	1.3092601E-7
2.0535233	1.1280311E-7
2.113488	9.704846E-8
2.1752036	8.337363E-8
2.2387214	7.152223E-8
2.304094	6.126689E-8
2.3713756	5.2406264E-8
2.4406219	4.4762405E-8
2.51189	3.8178325E-8
2.5852382	3.251584E-8
2.6607285	2.765332E-8
2.7384229	2.3484127E-8
2.818386	1.9914857E-8
2.900684	1.686384E-8
2.9853854	1.4259794E-8
3.0725598	1.2040611E-8
3.16228	1.0152275E-8
3.2546198	8.547897E-9
3.3496559	7.1868342E-9
3.447467	6.0339254E-9
3.5481343	5.058801E-9
3.6517413	4.2352823E-9
3.7583735	3.5408396E-9
3.8681195	2.9561122E-9
3.98107	2.4645015E-9
4.097319	2.0517845E-9
4.2169633	1.7058176E-9
4.340101	1.4162277E-9
4.466834	1.174185E-9
4.5972676	9.721747E-10
4.7315106	8.0382445E-10
4.869673	6.637255E-10
5.01187	5.473052E-10
5.1582193	4.5070092E-10
5.3088417	3.7065273E-10
5.463863	3.0441794E-10
5.62341	2.496895E-10
5.7876167	2.045315E-10
5.9566183	1.673236E-10
6.1305547	1.3670798E-10
6.30957	1.1154955E-10
6.493813	9.090617E-11
6.683436	7.3988926E-11
6.878596	6.0144556E-11
7.079455	4.8829718E-11
7.286179	3.959466E-11
7.4989395	3.2067127E-11
7.7179127	2.5938918E-11
7.94328	2.0957236E-11
8.175228	1.6911694E-11
8.41395	1.3631096E-11
8.659641	1.0974666E-11
8.912508	8.824719E-12
9.172758	7.088552E-12
9.440608	5.6875615E-12
9.716279	4.5579096E-12
10.0	3.649081E-12



DATASET #3

Name: 1000yr
Num Points: 2
Info: 

X, Y Data:
0.001	0.001
10.0	0.001



DATASET #4

Name: 2500yr
Num Points: 2
Info: 

X, Y Data:
0.001	4.0E-4
10.0	4.0E-4



DATASET #5

Name: 10000yr
Num Points: 2
Info: 

X, Y Data:
0.001	1.0E-4
10.0	1.0E-4


