
X-Axis: Normalized Interevent Time
Y-Axis: Probability
Number of Data Sets: 3


DATASET #1

     Name: U3 1mil Element Test Histogram
   Points: 41
     Info: 

Data[x,y]:
0.05	  0.0016353722
0.15	  0.0013954298
0.25	  0.0021985313
0.35	  0.007135699
0.45	  0.006971033
0.55	  0.01337232
0.65	  0.034936085
0.75	  0.087425604
0.85	  0.14174151
0.95	  0.25545588
1.05	  0.22602151
1.15	  0.106030084
1.25	  0.04514446
1.35	  0.030005505
1.45	  0.011806578
1.55	  0.009313529
1.65	  0.0074269236
1.75	  0.0040578498
1.85	  0.005375651
1.95	  0.0011465483
2.05	  4.5118583E-4
2.15	  1.3973117E-4
2.25	  5.2316854E-4
2.35	  2.192415E-4
2.45	  1.9289488E-5
2.55	  2.6817093E-5
2.65	  9.879982E-6
2.75	  3.2933272E-6
2.85	  4.234278E-6
2.95	  1.411426E-6
3.05	  0.0
3.15	  1.411426E-6
3.25	  0.0
3.35	  0.0
3.45	  9.4095066E-7
3.55	  1.411426E-6
3.65	  9.4095066E-7
3.75	  4.7047533E-7
3.85	  0.0
3.95	  0.0
4.05	  4.7047533E-7



DATASET #2

     Name: Log-Normal Fit
   Points: 401
     Info: 

Data[x,y]:
0.005	  0.0
0.015	  0.0
0.025	  0.0
0.035	  8.1E-44
0.045	  4.5523215E-38
0.055	  1.1215717E-33
0.065	  3.5434534E-30
0.075	  2.6466357E-27
0.085	  6.8363095E-25
0.095	  7.8513837E-23
0.105	  4.7715344E-21
0.115	  1.7391577E-19
0.125	  4.171996E-18
0.135	  7.06958E-17
0.145	  8.940829E-16
0.155	  8.814748E-15
0.165	  7.016085E-14
0.175	  4.638941E-13
0.185	  2.6084948E-12
0.195	  1.27206E-11
0.205	  5.4690714E-11
0.215	  2.1021263E-10
0.225	  7.3098433E-10
0.235	  2.3232718E-9
0.245	  6.8088384E-9
0.255	  1.8542371E-8
0.265	  4.723842E-8
0.275	  1.13247225E-7
0.285	  2.5681774E-7
0.295	  5.534692E-7
0.305	  1.1381978E-6
0.315	  2.2417735E-6
0.325	  4.2427155E-6
0.335	  7.73853E-6
0.345	  1.3639349E-5
0.355	  2.328611E-5
0.365	  3.8593866E-5
0.375	  6.221876E-5
0.385	  9.774474E-5
0.395	  1.498834E-4
0.405	  2.2467785E-4
0.415	  3.2969893E-4
0.425	  4.7422096E-4
0.435	  6.693624E-4
0.445	  9.281776E-4
0.455	  0.0012656869
0.465	  0.0016988331
0.475	  0.002246357
0.485	  0.0029285876
0.495	  0.0037671456
0.505	  0.004784566
0.515	  0.0060038446
0.525	  0.0074479263
0.535	  0.009139144
0.545	  0.01109863
0.555	  0.013345719
0.565	  0.015897363
0.575	  0.018767577
0.585	  0.021966929
0.595	  0.025502114
0.605	  0.029375589
0.615	  0.03358531
0.625	  0.038124576
0.635	  0.042981952
0.645	  0.048141338
0.655	  0.053582095
0.665	  0.059279293
0.675	  0.06520405
0.685	  0.07132392
0.695	  0.07760338
0.705	  0.084004365
0.715	  0.09048679
0.725	  0.09700915
0.735	  0.10352915
0.745	  0.11000422
0.755	  0.116392136
0.765	  0.12265156
0.775	  0.12874256
0.785	  0.134627
0.795	  0.14026907
0.805	  0.14563558
0.815	  0.1506962
0.825	  0.15542388
0.835	  0.15979485
0.845	  0.16378884
0.855	  0.16738912
0.865	  0.17058256
0.875	  0.17335953
0.885	  0.1757139
0.895	  0.17764282
0.905	  0.17914672
0.915	  0.18022901
0.925	  0.18089588
0.935	  0.18115614
0.945	  0.181021
0.955	  0.1805037
0.965	  0.1796194
0.975	  0.17838483
0.985	  0.17681812
0.995	  0.17493847
1.005	  0.172766
1.015	  0.17032145
1.025	  0.16762602
1.035	  0.16470113
1.045	  0.1615683
1.055	  0.15824887
1.065	  0.15476395
1.075	  0.15113424
1.085	  0.14737989
1.095	  0.14352044
1.105	  0.1395747
1.115	  0.13556069
1.125	  0.13149554
1.135	  0.12739547
1.145	  0.123275764
1.155	  0.119150765
1.165	  0.11503379
1.175	  0.110937186
1.185	  0.106872305
1.195	  0.10284953
1.205	  0.09887829
1.215	  0.094967075
1.225	  0.09112348
1.235	  0.08735422
1.245	  0.08366519
1.255	  0.08006148
1.265	  0.07654743
1.275	  0.07312666
1.285	  0.06980212
1.295	  0.06657615
1.305	  0.0634505
1.315	  0.06042637
1.325	  0.05750447
1.335	  0.05468507
1.345	  0.051968
1.355	  0.04935273
1.365	  0.046838395
1.375	  0.04442381
1.385	  0.042107537
1.395	  0.039887894
1.405	  0.037762992
1.415	  0.03573077
1.425	  0.033789013
1.435	  0.03193537
1.445	  0.030167405
1.455	  0.02848258
1.465	  0.026878309
1.475	  0.025351947
1.485	  0.02390083
1.495	  0.022522274
1.505	  0.021213597
1.515	  0.019972123
1.525	  0.018795198
1.535	  0.017680196
1.545	  0.016624535
1.555	  0.01562567
1.565	  0.014681116
1.575	  0.013788434
1.585	  0.0129452525
1.595	  0.012149262
1.605	  0.011398222
1.615	  0.01068996
1.625	  0.010022372
1.635	  0.00939343
1.645	  0.008801176
1.655	  0.0082437275
1.665	  0.007719272
1.675	  0.007226071
1.685	  0.0067624575
1.695	  0.006326835
1.705	  0.005917677
1.715	  0.0055335243
1.725	  0.005172984
1.735	  0.0048347297
1.745	  0.004517496
1.755	  0.0042200796
1.765	  0.003941336
1.775	  0.0036801796
1.785	  0.0034355773
1.795	  0.0032065513
1.805	  0.002992174
1.815	  0.0027915672
1.825	  0.0026039
1.835	  0.0024283861
1.845	  0.002264283
1.855	  0.0021108885
1.865	  0.001967541
1.875	  0.0018336149
1.885	  0.0017085215
1.895	  0.0015917057
1.905	  0.0014826444
1.915	  0.0013808454
1.925	  0.0012858456
1.935	  0.0011972095
1.945	  0.0011145276
1.955	  0.001037415
1.965	  9.6551067E-4
1.975	  8.984751E-4
1.985	  8.359901E-4
1.995	  7.777571E-4
2.005	  7.2349585E-4
2.015	  6.7294406E-4
2.025	  6.2585564E-4
2.035	  5.8200024E-4
2.045	  5.411621E-4
2.055	  5.031393E-4
2.065	  4.677428E-4
2.075	  4.3479577E-4
2.085	  4.0413288E-4
2.095	  3.7559954E-4
2.105	  3.490512E-4
2.115	  3.2435282E-4
2.125	  3.0137826E-4
2.135	  2.8000967E-4
2.145	  2.6013702E-4
2.155	  2.4165762E-4
2.165	  2.2447556E-4
2.175	  2.0850143E-4
2.185	  1.9365177E-4
2.195	  1.7984874E-4
2.205	  1.6701974E-4
2.215	  1.5509714E-4
2.225	  1.4401782E-4
2.235	  1.3372302E-4
2.245	  1.2415794E-4
2.255	  1.1527157E-4
2.265	  1.0701635E-4
2.275	  9.934802E-5
2.285	  9.2225346E-5
2.295	  8.560995E-5
2.305	  7.9466095E-5
2.315	  7.376053E-5
2.325	  6.84623E-5
2.335	  6.354262E-5
2.345	  5.897467E-5
2.355	  5.4733548E-5
2.365	  5.079606E-5
2.375	  4.7140653E-5
2.385	  4.3747266E-5
2.395	  4.0597264E-5
2.405	  3.767331E-5
2.415	  3.4959296E-5
2.425	  3.244024E-5
2.435	  3.0102226E-5
2.445	  2.7932316E-5
2.455	  2.5918489E-5
2.465	  2.4049576E-5
2.475	  2.23152E-5
2.485	  2.0705718E-5
2.495	  1.9212179E-5
2.505	  1.782626E-5
2.515	  1.6540236E-5
2.525	  1.5346932E-5
2.535	  1.4239686E-5
2.545	  1.3212308E-5
2.555	  1.2259053E-5
2.565	  1.1374586E-5
2.575	  1.0553955E-5
2.585	  9.792561E-6
2.595	  9.086136E-6
2.605	  8.430718E-6
2.615	  7.822628E-6
2.625	  7.258452E-6
2.635	  6.7350225E-6
2.645	  6.2493978E-6
2.655	  5.7988495E-6
2.665	  5.3808444E-6
2.675	  4.9930322E-6
2.685	  4.633232E-6
2.695	  4.2994193E-6
2.705	  3.989717E-6
2.715	  3.7023817E-6
2.725	  3.4357975E-6
2.735	  3.1884638E-6
2.745	  2.9589892E-6
2.755	  2.7460821E-6
2.765	  2.548545E-6
2.775	  2.365266E-6
2.785	  2.1952146E-6
2.795	  2.0374341E-6
2.805	  1.891037E-6
2.815	  1.7552003E-6
2.825	  1.6291605E-6
2.835	  1.512209E-6
2.845	  1.4036889E-6
2.855	  1.3029907E-6
2.865	  1.2095487E-6
2.875	  1.1228386E-6
2.885	  1.0423738E-6
2.895	  9.67703E-7
2.905	  8.984075E-7
2.915	  8.3409907E-7
2.925	  7.7441734E-7
2.935	  7.1902826E-7
2.945	  6.676218E-7
2.955	  6.1991045E-7
2.965	  5.7562755E-7
2.975	  5.345256E-7
2.985	  4.9637515E-7
2.995	  4.609633E-7
3.005	  4.2809253E-7
3.015	  3.9757967E-7
3.025	  3.6925476E-7
3.035	  3.4296013E-7
3.045	  3.1854952E-7
3.055	  2.9588728E-7
3.065	  2.7484748E-7
3.075	  2.553134E-7
3.085	  2.371767E-7
3.095	  2.2033684E-7
3.105	  2.047006E-7
3.115	  1.9018145E-7
3.125	  1.7669913E-7
3.135	  1.6417917E-7
3.145	  1.5255246E-7
3.155	  1.4175491E-7
3.165	  1.31727E-7
3.175	  1.2241357E-7
3.185	  1.13763356E-7
3.195	  1.0572885E-7
3.205	  9.826596E-8
3.215	  9.133373E-8
3.225	  8.48942E-8
3.235	  7.891211E-8
3.245	  7.335475E-8
3.255	  6.819177E-8
3.265	  6.339497E-8
3.275	  5.893822E-8
3.285	  5.4797237E-8
3.295	  5.0949495E-8
3.305	  4.7374076E-8
3.315	  4.405157E-8
3.325	  4.0963965E-8
3.335	  3.8094523E-8
3.345	  3.5427718E-8
3.355	  3.294914E-8
3.365	  3.0645396E-8
3.375	  2.8504063E-8
3.385	  2.6513607E-8
3.395	  2.4663317E-8
3.405	  2.2943242E-8
3.415	  2.1344151E-8
3.425	  1.9857467E-8
3.435	  1.8475223E-8
3.445	  1.7190029E-8
3.455	  1.5995013E-8
3.465	  1.4883799E-8
3.475	  1.3850462E-8
3.485	  1.2889499E-8
3.495	  1.19958E-8
3.505	  1.1164619E-8
3.515	  1.03915445E-8
3.525	  9.672482E-9
3.535	  9.003626E-9
3.545	  8.381442E-9
3.555	  7.802645E-9
3.565	  7.264183E-9
3.575	  6.7632224E-9
3.585	  6.2971286E-9
3.595	  5.863454E-9
3.605	  5.4599236E-9
3.615	  5.0844244E-9
3.625	  4.734992E-9
3.635	  4.4098005E-9
3.645	  4.1071537E-9
3.655	  3.8254746E-9
3.665	  3.5632979E-9
3.675	  3.319261E-9
3.685	  3.0920975E-9
3.695	  2.88063E-9
3.705	  2.6837645E-9
3.715	  2.5004832E-9
3.725	  2.3298403E-9
3.735	  2.1709563E-9
3.745	  2.0230133E-9
3.755	  1.8852513E-9
3.765	  1.7569626E-9
3.775	  1.6374899E-9
3.785	  1.5262219E-9
3.795	  1.4225896E-9
3.805	  1.3260641E-9
3.815	  1.2361535E-9
3.825	  1.1524002E-9
3.835	  1.0743784E-9
3.845	  1.0016921E-9
3.855	  9.33973E-10
3.865	  8.708785E-10
3.875	  8.1208956E-10
3.885	  7.5730955E-10
3.895	  7.062625E-10
3.905	  6.586915E-10
3.915	  6.1435756E-10
3.925	  5.7303823E-10
3.935	  5.345265E-10
3.945	  4.9862975E-10
3.955	  4.6516865E-10
3.965	  4.3397627E-10
3.975	  4.048973E-10
3.985	  3.777871E-10
3.995	  3.5251105E-10
4.005	  3.2894382E-10



DATASET #3

     Name: BPT Fit
   Points: 401
     Info: Mean = 100.0, Aperiodicity = 0.5, Duration = 30.0, Delta T = 1.0, Num Points = 500, Historic Open Interval = 0.0
Computed mean = 0.9869577

Data[x,y]:
0.0	  0.0
0.01	  0.0
0.02	  0.0
0.03	  0.0
0.04	  0.0
0.05	  0.0
0.06	  0.0
0.07	  0.0
0.08	  5.72E-43
0.09	  2.0557504E-37
0.1	  5.5200425E-33
0.11	  2.2495143E-29
0.12	  2.2315753E-26
0.13	  7.47304E-24
0.14	  1.0668674E-21
0.15	  7.704503E-20
0.16	  3.1995607E-18
0.17	  8.427746E-17
0.18	  1.5194811E-15
0.19	  1.9913587E-14
0.2	  1.9904389E-13
0.21	  1.5775495E-12
0.22	  1.0234419E-11
0.23	  5.5794657E-11
0.24	  2.6125754E-10
0.25	  1.0702013E-9
0.26	  3.8951646E-9
0.27	  1.2764125E-8
0.28	  3.808724E-8
0.29	  1.0450304E-7
0.3	  2.658948E-7
0.31	  6.32001E-7
0.32	  1.4123648E-6
0.33	  2.9843627E-6
0.34	  5.992339E-6
0.35	  1.1484106E-5
0.36	  2.1089014E-5
0.37	  3.72384E-5
0.38	  6.3424675E-5
0.39	  1.04490086E-4
0.4	  1.6693072E-4
0.41	  2.5919662E-4
0.42	  3.919648E-4
0.43	  5.7836086E-4
0.44	  8.3410414E-4
0.45	  0.0011775541
0.46	  0.0016296405
0.47	  0.0022136648
0.48	  0.0029549696
0.49	  0.0038804777
0.5	  0.005018113
0.51	  0.0063961223
0.52	  0.008042319
0.53	  0.009983281
0.54	  0.012243533
0.55	  0.014844741
0.56	  0.017804958
0.57	  0.021137942
0.58	  0.024852572
0.59	  0.028952394
0.6	  0.033435285
0.61	  0.038293283
0.62	  0.04351253
0.63	  0.049073394
0.64	  0.054950714
0.65	  0.06111416
0.66	  0.0675287
0.67	  0.07415522
0.68	  0.080951095
0.69	  0.08787096
0.7	  0.09486739
0.71	  0.10189169
0.72	  0.1088946
0.73	  0.11582704
0.74	  0.12264079
0.75	  0.12928915
0.76	  0.1357275
0.77	  0.1419138
0.78	  0.1478091
0.79	  0.15337785
0.8	  0.15858822
0.81	  0.16341232
0.82	  0.16782637
0.83	  0.17181073
0.84	  0.17534995
0.85	  0.17843273
0.86	  0.1810518
0.87	  0.18320379
0.88	  0.184889
0.89	  0.18611124
0.9	  0.18687756
0.91	  0.18719797
0.92	  0.18708514
0.93	  0.18655418
0.94	  0.18562223
0.95	  0.18430828
0.96	  0.18263276
0.97	  0.1806174
0.98	  0.1782848
0.99	  0.17565827
1.0	  0.17276157
1.01	  0.16961868
1.02	  0.16625352
1.03	  0.16268991
1.04	  0.15895124
1.05	  0.15506043
1.06	  0.15103973
1.07	  0.14691065
1.08	  0.14269383
1.09	  0.13840897
1.1	  0.13407478
1.11	  0.12970892
1.12	  0.12532794
1.13	  0.12094733
1.14	  0.116581425
1.15	  0.11224344
1.16	  0.10794549
1.17	  0.103698604
1.18	  0.09951275
1.19	  0.09539683
1.2	  0.09135877
1.21	  0.087405525
1.22	  0.08354313
1.23	  0.07977676
1.24	  0.07611073
1.25	  0.07254863
1.26	  0.06909328
1.27	  0.06574685
1.28	  0.06251087
1.29	  0.059386294
1.3	  0.05637355
1.31	  0.053472586
1.32	  0.050682895
1.33	  0.048003595
1.34	  0.04543344
1.35	  0.042970866
1.36	  0.04061404
1.37	  0.03836089
1.38	  0.036209125
1.39	  0.034156293
1.4	  0.032199774
1.41	  0.03033684
1.42	  0.028564665
1.43	  0.026880346
1.44	  0.025280926
1.45	  0.023763416
1.46	  0.022324806
1.47	  0.020962086
1.48	  0.019672258
1.49	  0.018452346
1.5	  0.01729941
1.51	  0.016210552
1.52	  0.01518293
1.53	  0.014213757
1.54	  0.013300312
1.55	  0.012439946
1.56	  0.011630083
1.57	  0.010868228
1.58	  0.01015196
1.59	  0.009478944
1.6	  0.008846928
1.61	  0.008253745
1.62	  0.007697308
1.63	  0.007175618
1.64	  0.006686758
1.65	  0.0062288926
1.66	  0.005800269
1.67	  0.0053992122
1.68	  0.0050241267
1.69	  0.004673492
1.7	  0.0043458627
1.71	  0.004039863
1.72	  0.0037541892
1.73	  0.0034876037
1.74	  0.0032389334
1.75	  0.0030070685
1.76	  0.0027909589
1.77	  0.002589612
1.78	  0.0024020905
1.79	  0.0022275103
1.8	  0.0020650376
1.81	  0.0019138864
1.82	  0.0017733172
1.83	  0.0016426342
1.84	  0.0015211827
1.85	  0.001408348
1.86	  0.0013035525
1.87	  0.0012062545
1.88	  0.0011159456
1.89	  0.0010321494
1.9	  9.544195E-4
1.91	  8.82338E-4
1.92	  8.155136E-4
1.93	  7.535805E-4
1.94	  6.961967E-4
1.95	  6.430424E-4
1.96	  5.938192E-4
1.97	  5.4824824E-4
1.98	  5.060695E-4
1.99	  4.6704043E-4
2.0	  4.3093477E-4
2.01	  3.9754173E-4
2.02	  3.66665E-4
2.03	  3.3812164E-4
2.04	  3.117415E-4
2.05	  2.873662E-4
2.06	  2.648484E-4
2.07	  2.4405119E-4
2.08	  2.2484726E-4
2.09	  2.0711831E-4
2.1	  1.9075451E-4
2.11	  1.7565385E-4
2.12	  1.6172166E-4
2.13	  1.4887008E-4
2.14	  1.3701763E-4
2.15	  1.2608875E-4
2.16	  1.1601338E-4
2.17	  1.0672661E-4
2.18	  9.816829E-5
2.19	  9.028271E-5
2.2	  8.301827E-5
2.21	  7.632723E-5
2.22	  7.01654E-5
2.23	  6.449188E-5
2.24	  5.926884E-5
2.25	  5.4461318E-5
2.26	  5.0036968E-5
2.27	  4.5965902E-5
2.28	  4.22205E-5
2.29	  3.8775244E-5
2.3	  3.5606565E-5
2.31	  3.26927E-5
2.32	  3.0013554E-5
2.33	  2.7550577E-5
2.34	  2.5286656E-5
2.35	  2.3205996E-5
2.36	  2.129403E-5
2.37	  1.9537323E-5
2.38	  1.7923485E-5
2.39	  1.6441094E-5
2.4	  1.5079625E-5
2.41	  1.3829375E-5
2.42	  1.2681407E-5
2.43	  1.1627485E-5
2.44	  1.0660025E-5
2.45	  9.772041E-6
2.46	  8.957106E-6
2.47	  8.209297E-6
2.48	  7.5231674E-6
2.49	  6.8937015E-6
2.5	  6.316286E-6
2.51	  5.786677E-6
2.52	  5.3009703E-6
2.53	  4.8555753E-6
2.54	  4.4471903E-6
2.55	  4.0727805E-6
2.56	  3.729555E-6
2.57	  3.414949E-6
2.58	  3.1266063E-6
2.59	  2.8623608E-6
2.6	  2.6202229E-6
2.61	  2.3983648E-6
2.62	  2.1951078E-6
2.63	  2.00891E-6
2.64	  1.8383562E-6
2.65	  1.6821463E-6
2.66	  1.5390872E-6
2.67	  1.4080837E-6
2.68	  1.2881308E-6
2.69	  1.1783058E-6
2.7	  1.0777626E-6
2.71	  9.857247E-7
2.72	  9.014798E-7
2.73	  8.2437447E-7
2.74	  7.5380956E-7
2.75	  6.8923566E-7
2.76	  6.301488E-7
2.77	  5.760872E-7
2.78	  5.266273E-7
2.79	  4.813809E-7
2.8	  4.3999236E-7
2.81	  4.0213556E-7
2.82	  3.6751177E-7
2.83	  3.3584726E-7
2.84	  3.0689117E-7
2.85	  2.8041381E-7
2.86	  2.5620474E-7
2.87	  2.3407118E-7
2.88	  2.1383661E-7
2.89	  1.9533938E-7
2.9	  1.784315E-7
2.91	  1.6297744E-7
2.92	  1.4885313E-7
2.93	  1.3594502E-7
2.94	  1.2414914E-7
2.95	  1.1337035E-7
2.96	  1.0352159E-7
2.97	  9.452318E-8
2.98	  8.63022E-8
2.99	  7.879196E-8
3.0	  7.1931424E-8
3.01	  6.5664764E-8
3.02	  5.994091E-8
3.03	  5.4713155E-8
3.04	  4.9938777E-8
3.05	  4.557871E-8
3.06	  4.159722E-8
3.07	  3.7961648E-8
3.08	  3.4642124E-8
3.09	  3.1611332E-8
3.1	  2.8844317E-8
3.11	  2.6318254E-8
3.12	  2.4012282E-8
3.13	  2.1907338E-8
3.14	  1.9985995E-8
3.15	  1.823233E-8
3.16	  1.6631788E-8
3.17	  1.5171075E-8
3.18	  1.3838041E-8
3.19	  1.26215856E-8
3.2	  1.1511567E-8
3.21	  1.049872E-8
3.22	  9.574585E-9
3.23	  8.731428E-9
3.24	  7.962193E-9
3.25	  7.260428E-9
3.26	  6.6202457E-9
3.27	  6.036269E-9
3.28	  5.503586E-9
3.29	  5.017713E-9
3.3	  4.5745563E-9
3.31	  4.1703774E-9
3.32	  3.8017642E-9
3.33	  3.465601E-9
3.34	  3.1590441E-9
3.35	  2.8794978E-9
3.36	  2.6245923E-9
3.37	  2.3921654E-9
3.38	  2.180243E-9
3.39	  1.9870243E-9
3.4	  1.8108653E-9
3.41	  1.650266E-9
3.42	  1.5038578E-9
3.43	  1.3703917E-9
3.44	  1.2487282E-9
3.45	  1.1378279E-9
3.46	  1.0367424E-9
3.47	  9.446062E-10
3.48	  8.6063023E-10
3.49	  7.840945E-10
3.5	  7.1434225E-10
3.51	  6.507745E-10
3.52	  5.928449E-10
3.53	  5.400552E-10
3.54	  4.919511E-10
3.55	  4.4811807E-10
3.56	  4.081783E-10
3.57	  3.7178713E-10
3.58	  3.3863043E-10
3.59	  3.0842165E-10
3.6	  2.808996E-10
3.61	  2.5582617E-10
3.62	  2.3298413E-10
3.63	  2.1217565E-10
3.64	  1.9322022E-10
3.65	  1.7595336E-10
3.66	  1.6022514E-10
3.67	  1.4589888E-10
3.68	  1.3285E-10
3.69	  1.2096495E-10
3.7	  1.1014026E-10
3.71	  1.00281596E-10
3.72	  9.130302E-11
3.73	  8.3126186E-11
3.74	  7.567972E-11
3.75	  6.889857E-11
3.76	  6.2723465E-11
3.77	  5.7100394E-11
3.78	  5.198015E-11
3.79	  4.7317886E-11
3.8	  4.307276E-11
3.81	  3.9207547E-11
3.82	  3.568834E-11
3.83	  3.248425E-11
3.84	  2.9567137E-11
3.85	  2.691136E-11
3.86	  2.449357E-11
3.87	  2.2292498E-11
3.88	  2.0288764E-11
3.89	  1.8464723E-11
3.9	  1.6804301E-11
3.91	  1.5292856E-11
3.92	  1.3917054E-11
3.93	  1.2664753E-11
3.94	  1.1524893E-11
3.95	  1.0487402E-11
3.96	  9.543108E-12
3.97	  8.683658E-12
3.98	  7.901449E-12
3.99	  7.1895523E-12
4.0	  6.541664E-12


