
X-Axis: Interevent Time (years)
Y-Axis: Count
Number of Data Sets: 2


DATASET #1

     Name: Bruce 3062 Histogram
   Points: 40
     Info: 

Data[x,y]:
2.5	  470.0
7.5	  403.0
12.5	  335.0
17.5	  311.0
22.5	  283.0
27.5	  244.0
32.5	  206.0
37.5	  208.0
42.5	  171.0
47.5	  140.0
52.5	  126.0
57.5	  121.0
62.5	  85.0
67.5	  96.0
72.5	  50.0
77.5	  61.0
82.5	  57.0
87.5	  51.0
92.5	  33.0
97.5	  35.0
102.5	  20.0
107.5	  19.0
112.5	  22.0
117.5	  27.0
122.5	  12.0
127.5	  15.0
132.5	  6.0
137.5	  5.0
142.5	  7.0
147.5	  4.0
152.5	  1.0
157.5	  4.0
162.5	  0.0
167.5	  3.0
172.5	  3.0
177.5	  1.0
182.5	  1.0
187.5	  3.0
192.5	  1.0
197.5	  1.0



DATASET #2

Name: Bruce 3062 Mean=33.95
Num Points: 2
Info: 

X, Y Data:
33.945972	  0.0
33.945972	  564.0


