
X-Axis: Normalized Distance Along Strike
Y-Axis: Hypocenter Density
Number of Data Sets: 4


DATASET #1

     Name: 
   Points: 31
     Info: 

Data[x,y]:
0.05	  0.005893019
0.15	  0.0040797824
0.25	  0.006346328
0.35	  0.00917951
0.45	  0.011786038
0.55	  0.015979148
0.65	  0.024478694
0.75	  0.03422484
0.85	  0.052923843
0.95	  0.08952856
1.05	  0.059496827
1.15	  0.049070716
1.25	  0.0506573
1.35	  0.046917498
1.45	  0.039437898
1.55	  0.039437898
1.65	  0.046917498
1.75	  0.0506573
1.85	  0.049070716
1.95	  0.059496827
2.05	  0.08952856
2.15	  0.052923843
2.25	  0.03422484
2.35	  0.024478694
2.45	  0.015979148
2.55	  0.011786038
2.65	  0.00917951
2.75	  0.006346328
2.85	  0.0040797824
2.95	  0.005893019
3.05	  0.0



DATASET #2

     Name: 
   Points: 31
     Info: 

Data[x,y]:
0.05	  0.0
0.15	  0.0
0.25	  0.0
0.35	  0.0
0.45	  0.0
0.55	  0.0
0.65	  0.0
0.75	  0.0
0.85	  0.0
0.95	  0.0
1.05	  0.0
1.15	  0.0
1.25	  0.0
1.35	  1.1332729E-4
1.45	  0.0
1.55	  0.0
1.65	  1.1332729E-4
1.75	  0.0
1.85	  0.0
1.95	  0.0
2.05	  0.0
2.15	  0.0
2.25	  0.0
2.35	  0.0
2.45	  0.0
2.55	  0.0
2.65	  0.0
2.75	  0.0
2.85	  0.0
2.95	  0.0
3.05	  0.0



DATASET #3

Name: 
Num Points: 4
Info: 

X, Y Data:
0.021	  0.0012533998
0.021	  0.12408658
2.979	  0.12408658
2.979	  0.0012533998



DATASET #4

Name: 
Num Points: 4
Info: 

X, Y Data:
1.0	  0.0012533998
1.0	  0.11155258
2.0	  0.11155258
2.0	  0.0012533998


