
X-Axis: PGA (g)
Y-Axis: Annual Probabilitiy
Number of Data Sets: 6


DATASET #1

Name: UCERF3 Full
Num Points: 51
Info: 

X, Y Data:
1.0E-4	0.80117023
1.3E-4	0.8009865
1.6E-4	0.8006711
2.0E-4	0.8000174
2.5E-4	0.798809
3.2E-4	0.7964163
4.0E-4	0.7928
5.0E-4	0.78721124
6.3E-4	0.77862966
7.9E-4	0.7666971
0.001	0.74970305
0.00126	0.72772515
0.00158	0.7004877
0.002	0.6657472
0.00251	0.62619126
0.00316	0.58057547
0.00398	0.5304269
0.00501	0.47750708
0.00631	0.42335346
0.00794	0.37011024
0.01	0.31898433
0.01259	0.27157018
0.01585	0.2286972
0.01995	0.19083138
0.02512	0.15788592
0.03162	0.12962027
0.03981	0.10544538
0.05012	0.08484914
0.0631	0.06736778
0.07943	0.05264438
0.1	0.04036065
0.12589	0.03026399
0.15849	0.022109555
0.19953	0.01567688
0.25119	0.010747208
0.31623	0.007092087
0.39811	0.0044783517
0.50119	0.002682635
0.63096	0.0015070906
0.79433	7.8386726E-4
1.0	3.7275482E-4
1.25893	1.6034636E-4
1.58489	6.190665E-5
1.99526	2.1341344E-5
2.51189	6.553161E-6
3.16228	1.7921478E-6
3.98107	4.3730577E-7
5.01187	9.554024E-8
6.30957	1.8777161E-8
7.94328	3.338827E-9
10.0	5.407329E-10



DATASET #2

Name: UCERF3
Num Points: 401
Info: 

X, Y Data:
1.0E-4	0.14223228
1.0333392E-4	0.14174558
1.06779E-4	0.14125784
1.1033893E-4	0.1407689
1.14017545E-4	0.14027862
1.178188E-4	0.13978685
1.2174679E-4	0.13929346
1.2580573E-4	0.13879833
1.3E-4	0.13830131
1.334183E-4	0.13790658
1.369265E-4	0.13751058
1.4052694E-4	0.13711324
1.4422205E-4	0.13671456
1.4801433E-4	0.1363145
1.5190631E-4	0.13591301
1.5590065E-4	0.13551012
1.6E-4	0.13510576
1.645257E-4	0.13466957
1.691794E-4	0.13423172
1.7396474E-4	0.13379215
1.7888544E-4	0.1333509
1.8394532E-4	0.13290794
1.8914833E-4	0.13246334
1.944985E-4	0.13201705
2.0E-4	0.13156913
2.0565712E-4	0.13111958
2.1147425E-4	0.13066843
2.1745593E-4	0.13021569
2.236068E-4	0.12976138
2.2993165E-4	0.12930554
2.364354E-4	0.12884818
2.4312311E-4	0.12838931
2.5E-4	0.12792896
2.5783465E-4	0.12741797
2.659148E-4	0.12690516
2.742482E-4	0.12639058
2.8284272E-4	0.1258742
2.917066E-4	0.12535603
3.0084825E-4	0.12483606
3.102764E-4	0.12431424
3.2E-4	0.12379056
3.290514E-4	0.12331555
3.383588E-4	0.12283894
3.4792948E-4	0.12236069
3.5777088E-4	0.12188075
3.6789064E-4	0.12139906
3.7829665E-4	0.12091556
3.88997E-4	0.120430194
4.0E-4	0.119942866
4.1131425E-4	0.119453505
4.229485E-4	0.11896203
4.3491187E-4	0.11846834
4.472136E-4	0.11797234
4.598633E-4	0.117473915
4.728708E-4	0.11697298
4.8624622E-4	0.116469406
5.0E-4	0.11596308
5.1465514E-4	0.11543564
5.2973983E-4	0.11490497
5.4526667E-4	0.114370935
5.612486E-4	0.11383339
5.77699E-4	0.11329217
5.946315E-4	0.11274715
6.120603E-4	0.112198144
6.3E-4	0.11164503
6.4807665E-4	0.11109925
6.6667196E-4	0.110549234
6.858008E-4	0.10999483
7.0547854E-4	0.10943591
7.257209E-4	0.10887233
7.465441E-4	0.10830397
7.6796475E-4	0.10773072
7.9E-4	0.10715243
8.136239E-4	0.10654466
8.379543E-4	0.105931215
8.630122E-4	0.10531201
8.8881946E-4	0.10468697
9.153984E-4	0.10405601
9.427722E-4	0.103419095
9.7096455E-4	0.10277621
0.001	0.10212733
0.0010293103	0.10148535
0.0010594797	0.10083767
0.0010905333	0.10018435
0.0011224973	0.09952548
0.001155398	0.09886117
0.001189263	0.09819156
0.0012241206	0.0975168
0.00126	0.096837096
0.0012961533	0.09616691
0.0013333439	0.095492415
0.0013716016	0.09481386
0.0014109571	0.09413152
0.0014514418	0.0934457
0.0014930882	0.092756726
0.0015359295	0.09206494
0.00158	0.0913707
0.0016272478	0.09064541
0.0016759086	0.08991834
0.0017260244	0.089189954
0.0017776389	0.08846075
0.0018307968	0.08773123
0.0018855444	0.0870019
0.0019419291	0.08627328
0.002	0.08554592
0.0020575977	0.08484672
0.002116854	0.084149644
0.002177817	0.08345515
0.0022405356	0.08276372
0.0023050604	0.08207579
0.0023714434	0.08139182
0.0024397383	0.08071224
0.00251	0.08003745
0.0025833033	0.07935861
0.0026587474	0.0786855
0.0027363948	0.0780185
0.0028163097	0.07735796
0.0028985585	0.0767042
0.0029832094	0.07605749
0.0030703326	0.075418115
0.00316	0.07478629
0.0032524571	0.07416109
0.0033476194	0.073543824
0.003445566	0.07293464
0.0035463783	0.072333634
0.0036501405	0.07174086
0.0037569385	0.07115635
0.003866861	0.07058012
0.00398	0.07001211
0.004096165	0.0694536
0.0042157196	0.06890311
0.0043387646	0.068360515
0.0044654002	0.06782566
0.0045957323	0.067298345
0.0047298684	0.06677837
0.0048679197	0.0662655
0.00501	0.06575947
0.005156579	0.06525884
0.0053074467	0.0647645
0.005462728	0.064276144
0.0056225527	0.063793436
0.0057870536	0.06331605
0.005956367	0.06284361
0.0061306343	0.062375776
0.00631	0.061912175
0.006493865	0.061454274
0.0066830874	0.060999844
0.0068778237	0.06054853
0.007078234	0.060099963
0.0072844843	0.059653804
0.0074967444	0.059209697
0.00771519	0.05876732
0.00794	0.058326345
0.008172275	0.057884756
0.008411343	0.057443976
0.008657407	0.057003725
0.008910668	0.056563742
0.009171338	0.05612379
0.009439633	0.055683646
0.009715778	0.055243116
0.01	0.054802015
0.010292081	0.05436087
0.010592694	0.053918872
0.010902087	0.053475913
0.011220517	0.053031903
0.011548247	0.052586775
0.011885551	0.05214048
0.012232705	0.051693
0.01259	0.05124432
0.012957647	0.050794553
0.013336032	0.05034362
0.013725464	0.04989157
0.01412627	0.049438454
0.014538779	0.048984338
0.014963334	0.048529297
0.015400288	0.048073422
0.01585	0.047616795
0.016312422	0.04715993
0.016788337	0.046702515
0.017278135	0.04624465
0.017782224	0.04578644
0.01830102	0.045327984
0.01883495	0.04486938
0.019384459	0.044410717
0.01995	0.043952093
0.020533005	0.04349284
0.021133045	0.043033782
0.021750621	0.042574994
0.022386245	0.04211654
0.023040446	0.041658476
0.023713762	0.04120085
0.024406755	0.0407437
0.02512	0.040287063
0.025853088	0.03983157
0.02660757	0.03937663
0.027384069	0.03892226
0.02818323	0.038468458
0.029005712	0.038015228
0.029852198	0.037562564
0.030723387	0.03711046
0.03162	0.0366589
0.032543603	0.036207482
0.033494186	0.035756584
0.034472536	0.03530619
0.03547946	0.03485628
0.0365158	0.03440684
0.03758241	0.033957854
0.03868017	0.033509307
0.03981	0.033061188
0.040972695	0.03261353
0.042169347	0.032166284
0.04340095	0.03171943
0.044668525	0.031272974
0.04597312	0.030826908
0.047315817	0.030381238
0.04869773	0.029935965
0.05012	0.029491097
0.0515838	0.029046644
0.053090356	0.028602613
0.05464091	0.028159022
0.05623675	0.027715884
0.0578792	0.02727322
0.059569612	0.026831044
0.0613094	0.026389383
0.0631	0.025948258
0.06494172	0.025507975
0.066837184	0.025068283
0.06878798	0.024629213
0.070795715	0.024190797
0.072862044	0.023753071
0.074988686	0.023316076
0.077177405	0.022879854
0.07943	0.022444453
0.08174976	0.022009661
0.08413727	0.0215758
0.08659451	0.021142928
0.08912351	0.020711116
0.09172637	0.02028044
0.09440525	0.01985098
0.097162366	0.019422825
0.1	0.018996077
0.102919795	0.01857094
0.10592484	0.018147426
0.109017625	0.01772566
0.112200715	0.017305773
0.11547674	0.016887905
0.11884842	0.016472211
0.12231855	0.016058847
0.12589	0.015647981
0.12956645	0.015239711
0.13335027	0.0148343
0.13724458	0.014431937
0.14125264	0.014032817
0.14537773	0.013637146
0.14962329	0.013245125
0.15399285	0.012856965
0.15849	0.012472877
0.16311829	0.012093088
0.16788174	0.011717792
0.17278428	0.0113472
0.17783	0.010981518
0.18302307	0.010620949
0.18836778	0.010265691
0.19386858	0.009915935
0.19953	0.009571863
0.20535603	0.009233692
0.21135218	0.008901545
0.21752341	0.008575577
0.22387484	0.008255931
0.23041171	0.00794274
0.23713945	0.0076361215
0.24406363	0.007336185
0.25119	0.0070430227
0.25852492	0.0067566973
0.26607406	0.006477296
0.27384362	0.006204873
0.28184006	0.00593947
0.29007	0.005681116
0.29854023	0.005429827
0.30725783	0.0051856083
0.31623	0.0049484516
0.32546407	0.004718342
0.33496782	0.0044952487
0.34474903	0.0042791343
0.3548159	0.0040699523
0.3651767	0.003867646
0.37584007	0.003672153
0.3868148	0.0034834023
0.39811	0.0033013166
0.40973493	0.0031258138
0.42169935	0.0029568034
0.4340131	0.002794191
0.44668642	0.0026378774
0.4597298	0.0024877589
0.47315407	0.0023437282
0.4869703	0.0022056738
0.50119	0.002073481
0.5158249	0.0019470318
0.5308872	0.0018262053
0.5463893	0.0017108774
0.5623441	0.0016009219
0.57876474	0.0014962094
0.59566486	0.0013966085
0.61305845	0.0013019854
0.63096	0.001212204
0.6493842	0.0011271267
0.6683464	0.0010466136
0.6878623	9.70523E-4
0.7079481	8.987123E-4
0.72862035	8.3103735E-4
0.7498962	7.67353E-4
0.7717934	7.0751336E-4
0.79433	6.5137196E-4
0.8175246	5.9878227E-4
0.8413966	5.495977E-4
0.86596555	5.0367217E-4
0.8912519	4.6086017E-4
0.9172767	4.210175E-4
0.9440614	3.8400118E-4
0.97162825	3.4967007E-4
1.0	3.1788513E-4
1.029201	2.8850898E-4
1.0592546	2.614086E-4
1.090186	2.3645308E-4
1.1220205	2.1351494E-4
1.1547846	1.9247021E-4
1.1885055	1.7319882E-4
1.223211	1.555847E-4
1.25893	1.3951604E-4
1.2956905	1.2488599E-4
1.3335243	1.1159097E-4
1.3724631	9.953268E-5
1.4125386	8.861752E-5
1.4537846	7.875659E-5
1.4962348	6.986571E-5
1.5399245	6.1865394E-5
1.58489	5.4680833E-5
1.6311698	4.8241596E-5
1.678801	4.2482152E-5
1.727823	3.734112E-5
1.7782766	3.276138E-5
1.8302034	2.8689918E-5
1.8836465	2.5077667E-5
1.9386501	2.1879348E-5
1.99526	1.9053294E-5
2.0535233	1.6561236E-5
2.113488	1.43682E-5
2.1752036	1.2442237E-5
2.2387214	1.0754268E-5
2.304094	9.277897E-6
2.3713756	7.989227E-6
2.4406219	6.8666814E-6
2.51189	5.89083E-6
2.5852382	5.0442354E-6
2.6607285	4.311253E-6
2.7384229	3.6779181E-6
2.818386	3.1317882E-6
2.900684	2.6618025E-6
2.9853854	2.258157E-6
3.0725598	1.9121812E-6
3.16228	1.6162279E-6
3.2546198	1.3635685E-6
3.3496559	1.1482969E-6
3.447467	9.652431E-7
3.5481343	8.0989173E-7
3.6517413	6.7830916E-7
3.7583735	5.670763E-7
3.8681195	4.7322888E-7
3.98107	3.9420297E-7
4.097319	3.2778576E-7
4.2169633	2.7207292E-7
4.340101	2.2542852E-7
4.466834	1.8645066E-7
4.5972676	1.539409E-7
4.7315106	1.2687684E-7
4.869673	1.04388455E-7
5.01187	8.573696E-8
5.1582193	7.029638E-8
5.3088417	5.7537438E-8
5.463863	4.7013664E-8
5.62341	3.8349288E-8
5.7876167	3.1228733E-8
5.9566183	2.5387445E-8
6.1305547	2.0604135E-8
6.30957	1.6694207E-8
6.493813	1.3503786E-8
6.683436	1.0905059E-8
6.878596	8.7919965E-9
7.079455	7.076811E-9
7.286179	5.6869793E-9
7.4989395	4.5627306E-9
7.7179127	3.6548666E-9
7.94328	2.9229654E-9
8.175228	2.3339135E-9
8.41395	1.8606447E-9
8.659641	1.4810174E-9
8.912508	1.1769958E-9
9.172758	9.339455E-10
9.440608	7.399382E-10
9.716279	5.8533567E-10
10.0	4.623245E-10



DATASET #3

Name: RSQSim
Num Points: 401
Info: 

X, Y Data:
1.0E-4	0.17494434
1.0333392E-4	0.17426343
1.06779E-4	0.17357926
1.1033893E-4	0.17289197
1.14017545E-4	0.17220172
1.178188E-4	0.17150865
1.2174679E-4	0.1708129
1.2580573E-4	0.17011456
1.3E-4	0.16941376
1.334183E-4	0.16885746
1.369265E-4	0.1682997
1.4052694E-4	0.16774057
1.4422205E-4	0.16718008
1.4801433E-4	0.16661826
1.5190631E-4	0.16605516
1.5590065E-4	0.16549082
1.6E-4	0.16492528
1.645257E-4	0.16431619
1.691794E-4	0.1637058
1.7396474E-4	0.16309412
1.7888544E-4	0.16248122
1.8394532E-4	0.16186714
1.8914833E-4	0.16125192
1.944985E-4	0.16063562
2.0E-4	0.16001828
2.0565712E-4	0.15939997
2.1147425E-4	0.15878075
2.1745593E-4	0.15816067
2.236068E-4	0.15753978
2.2993165E-4	0.1569182
2.364354E-4	0.15629596
2.4312311E-4	0.15567315
2.5E-4	0.15504985
2.5783465E-4	0.15435982
2.659148E-4	0.1536694
2.742482E-4	0.15297873
2.8284272E-4	0.15228793
2.917066E-4	0.1515971
3.0084825E-4	0.1509064
3.102764E-4	0.15021594
3.2E-4	0.14952585
3.290514E-4	0.14890249
3.383588E-4	0.14827964
3.4792948E-4	0.14765738
3.5777088E-4	0.14703582
3.6789064E-4	0.14641504
3.7829665E-4	0.14579512
3.88997E-4	0.14517616
4.0E-4	0.14455822
4.1131425E-4	0.14394139
4.229485E-4	0.14332573
4.3491187E-4	0.1427113
4.472136E-4	0.14209817
4.598633E-4	0.1414864
4.728708E-4	0.14087602
4.8624622E-4	0.1402671
5.0E-4	0.13965966
5.1465514E-4	0.13903211
5.2973983E-4	0.13840623
5.4526667E-4	0.13778201
5.612486E-4	0.13715947
5.77699E-4	0.13653861
5.946315E-4	0.13591945
6.120603E-4	0.13530198
6.3E-4	0.13468617
6.4807665E-4	0.13408473
6.6667196E-4	0.13348487
6.858008E-4	0.13288651
7.0547854E-4	0.13228966
7.257209E-4	0.13169426
7.465441E-4	0.13110027
7.6796475E-4	0.13050763
7.9E-4	0.12991633
8.136239E-4	0.12930176
8.379543E-4	0.12868848
8.630122E-4	0.12807645
8.8881946E-4	0.12746558
9.153984E-4	0.1268558
9.427722E-4	0.12624705
9.7096455E-4	0.12563923
0.001	0.1250323
0.0010293103	0.124438025
0.0010594797	0.123844445
0.0010905333	0.123251505
0.0011224973	0.12265915
0.001155398	0.122067295
0.001189263	0.12147589
0.0012241206	0.12088489
0.00126	0.12029422
0.0012961533	0.11971611
0.0013333439	0.11913823
0.0013716016	0.11856056
0.0014109571	0.11798305
0.0014514418	0.11740569
0.0014930882	0.116828434
0.0015359295	0.11625129
0.00158	0.11567423
0.0016272478	0.11507326
0.0016759086	0.11447239
0.0017260244	0.11387161
0.0017776389	0.113270946
0.0018307968	0.11267042
0.0018855444	0.112070054
0.0019419291	0.111469895
0.002	0.11086999
0.0020575977	0.11029221
0.002116854	0.10971476
0.002177817	0.1091377
0.0022405356	0.10856108
0.0023050604	0.10798498
0.0023714434	0.10740946
0.0024397383	0.1068346
0.00251	0.106260456
0.0025833033	0.10567918
0.0026587474	0.1050988
0.0027363948	0.10451942
0.0028163097	0.1039411
0.0028985585	0.10336393
0.0029832094	0.10278798
0.0030703326	0.102213316
0.00316	0.10164001
0.0032524571	0.10106706
0.0033476194	0.10049557
0.003445566	0.099925585
0.0035463783	0.09935712
0.0036501405	0.0987902
0.0037569385	0.09822481
0.003866861	0.097660966
0.00398	0.09709862
0.004096165	0.09653909
0.0042157196	0.09598094
0.0043387646	0.095424116
0.0044654002	0.09486851
0.0045957323	0.09431401
0.0047298684	0.09376049
0.0048679197	0.09320779
0.00501	0.09265574
0.005156579	0.092102855
0.0053074467	0.09155024
0.005462728	0.09099766
0.0056225527	0.09044487
0.0057870536	0.089891635
0.005956367	0.08933766
0.0061306343	0.08878269
0.00631	0.08822641
0.006493865	0.08767076
0.0066830874	0.0871132
0.0068778237	0.08655343
0.007078234	0.08599113
0.0072844843	0.08542597
0.0074967444	0.08485764
0.00771519	0.084285825
0.00794	0.08371021
0.008172275	0.083128214
0.008411343	0.082541786
0.008657407	0.08195062
0.008910668	0.08135445
0.009171338	0.080753
0.009439633	0.08014603
0.009715778	0.07953331
0.01	0.078914635
0.010292081	0.07829077
0.010592694	0.077660605
0.010902087	0.077024005
0.011220517	0.076380834
0.011548247	0.075731
0.011885551	0.075074434
0.012232705	0.07441109
0.01259	0.07374093
0.012957647	0.07306411
0.013336032	0.07238051
0.013725464	0.07169018
0.01412627	0.07099318
0.014538779	0.0702896
0.014963334	0.06957956
0.015400288	0.068863176
0.01585	0.06814062
0.016312422	0.06741271
0.016788337	0.06667898
0.017278135	0.06593962
0.017782224	0.06519486
0.01830102	0.064444914
0.01883495	0.06369002
0.019384459	0.06293043
0.01995	0.06216639
0.020533005	0.0613969
0.021133045	0.060623482
0.021750621	0.059846405
0.022386245	0.05906595
0.023040446	0.05828239
0.023713762	0.05749601
0.024406755	0.0567071
0.02512	0.055915937
0.025853088	0.055123873
0.02660757	0.054330125
0.027384069	0.053534977
0.02818323	0.0527387
0.029005712	0.051941577
0.029852198	0.051143877
0.030723387	0.050345864
0.03162	0.04954781
0.032543603	0.048749268
0.033494186	0.047951207
0.034472536	0.04715387
0.03547946	0.046357524
0.0365158	0.045562398
0.03758241	0.044768743
0.03868017	0.043976795
0.03981	0.043186788
0.040972695	0.042399038
0.042169347	0.04161368
0.04340095	0.040830936
0.044668525	0.040051024
0.04597312	0.039274152
0.047315817	0.038500533
0.04869773	0.037730373
0.05012	0.036963873
0.0515838	0.036201235
0.053090356	0.035442654
0.05464091	0.034688324
0.05623675	0.033938438
0.0578792	0.033193182
0.059569612	0.03245275
0.0613094	0.03171733
0.0631	0.030987104
0.06494172	0.03026272
0.066837184	0.029543899
0.06878798	0.028830834
0.070795715	0.028123707
0.072862044	0.027422713
0.074988686	0.02672804
0.077177405	0.026039882
0.07943	0.025358435
0.08174976	0.024683492
0.08413727	0.024015665
0.08659451	0.023355158
0.08912351	0.022702176
0.09172637	0.022056924
0.09440525	0.021419613
0.097162366	0.020790452
0.1	0.020169655
0.102919795	0.01955758
0.10592484	0.01895429
0.109017625	0.018359995
0.112200715	0.017774906
0.11547674	0.017199231
0.11884842	0.016633175
0.12231855	0.016076937
0.12589	0.015530711
0.12956645	0.014994582
0.13335027	0.014468838
0.13724458	0.0139536485
0.14125264	0.013449173
0.14537773	0.012955561
0.14962329	0.012472948
0.15399285	0.012001454
0.15849	0.011541186
0.16311829	0.011092253
0.16788174	0.010654709
0.17278428	0.010228609
0.17783	0.0098139895
0.18302307	0.009410868
0.18836778	0.009019244
0.19386858	0.008639096
0.19953	0.008270384
0.20535603	0.007913088
0.21135218	0.0075670863
0.21752341	0.007232278
0.22387484	0.0069085476
0.23041171	0.0065957597
0.23713945	0.0062937643
0.24406363	0.0060023945
0.25119	0.005721469
0.25852492	0.005450776
0.26607406	0.005190127
0.27384362	0.0049393056
0.28184006	0.004698085
0.29007	0.0044662305
0.29854023	0.004243501
0.30725783	0.004029651
0.31623	0.003824431
0.32546407	0.0036275904
0.33496782	0.003438875
0.34474903	0.003258033
0.3548159	0.0030848128
0.3651767	0.002918966
0.37584007	0.0027602483
0.3868148	0.0026084182
0.39811	0.00246324
0.40973493	0.0023244843
0.42169935	0.002191926
0.4340131	0.0020653468
0.44668642	0.0019445359
0.4597298	0.0018292884
0.47315407	0.0017194068
0.4869703	0.0016147001
0.50119	0.0015149841
0.5158249	0.0014200811
0.5308872	0.00132982
0.5463893	0.0012440351
0.5623441	0.0011625667
0.57876474	0.0010852603
0.59566486	0.0010119663
0.61305845	9.425394E-4
0.63096	8.76839E-4
0.6493842	8.14728E-4
0.6683464	7.560726E-4
0.6878623	7.0074236E-4
0.7079481	6.4860977E-4
0.72862035	5.995498E-4
0.7498962	5.534399E-4
0.7717934	5.101598E-4
0.79433	4.695913E-4
0.8175246	4.3161816E-4
0.8413966	3.961261E-4
0.86596555	3.6300276E-4
0.8912519	3.3213766E-4
0.9172767	3.034223E-4
0.9440614	2.7675022E-4
0.97162825	2.5201697E-4
1.0	2.2912037E-4
1.029201	2.0795998E-4
1.0592546	1.8843892E-4
1.090186	1.7046223E-4
1.1220205	1.5393765E-4
1.1547846	1.3877571E-4
1.1885055	1.2488986E-4
1.223211	1.12196576E-4
1.25893	1.0061545E-4
1.2956905	9.00697E-5
1.3335243	8.048491E-5
1.3724631	7.179051E-5
1.4125386	6.391927E-5
1.4537846	5.680735E-5
1.4962348	5.039428E-5
1.5399245	4.4622953E-5
1.58489	3.9439597E-5
1.6311698	3.4793586E-5
1.678801	3.063777E-5
1.727823	2.6927995E-5
1.7782766	2.3623139E-5
1.8302034	2.0685024E-5
1.8836465	1.8078303E-5
1.9386501	1.5770343E-5
1.99526	1.3731102E-5
2.0535233	1.19329825E-5
2.113488	1.035075E-5
2.1752036	8.9613495E-6
2.2387214	7.743791E-6
2.304094	6.6790158E-6
2.3713756	5.7497655E-6
2.4406219	4.940457E-6
2.51189	4.2370543E-6
2.5852382	3.6269596E-6
2.6607285	3.098869E-6
2.7384229	2.6426933E-6
2.818386	2.2494419E-6
2.900684	1.9111235E-6
2.9853854	1.6206544E-6
3.0725598	1.3717713E-6
3.16228	1.15895E-6
3.2546198	9.77331E-7
3.3496559	8.226495E-7
3.447467	6.911729E-7
3.5481343	5.79642E-7
3.6517413	4.852181E-7
3.7583735	4.0543483E-7
3.8681195	3.3815434E-7
3.98107	2.8152814E-7
4.097319	2.3396149E-7
4.2169633	1.9408249E-7
4.340101	1.6071303E-7
4.466834	1.32844E-7
4.5972676	1.0961311E-7
4.7315106	9.028517E-8
4.869673	7.423476E-8
5.01187	6.093108E-8
5.1582193	4.9924637E-8
5.3088417	4.0835623E-8
5.463863	3.3343845E-8
5.62341	2.7179926E-8
5.7876167	2.2117748E-8
5.9566183	1.7967894E-8
6.1305547	1.4572081E-8
6.30957	1.1798264E-8
6.493813	9.536538E-9
6.683436	7.69562E-9
6.878596	6.1998433E-9
7.079455	4.986605E-9
7.286179	4.0042565E-9
7.4989395	3.2102385E-9
7.7179127	2.569522E-9
7.94328	2.053405E-9
8.175228	1.6383438E-9
8.41395	1.3051078E-9
8.659641	1.0380281E-9
8.912508	8.243124E-10
9.172758	6.5358086E-10
9.440608	5.1741167E-10
9.716279	4.0898485E-10
10.0	3.2278968E-10



DATASET #4

Name: 1000yr
Num Points: 2
Info: 

X, Y Data:
0.001	0.001
10.0	0.001



DATASET #5

Name: 2500yr
Num Points: 2
Info: 

X, Y Data:
0.001	4.0E-4
10.0	4.0E-4



DATASET #6

Name: 10000yr
Num Points: 2
Info: 

X, Y Data:
0.001	1.0E-4
10.0	1.0E-4


