
X-Axis: PGA (g)
Y-Axis: Annual Probabilitiy
Number of Data Sets: 6


DATASET #1

Name: UCERF3 Full
Num Points: 51
Info: 

X, Y Data:
1.0E-4	0.784268
1.3E-4	0.78402126
1.6E-4	0.78360265
2.0E-4	0.782746
2.5E-4	0.781186
3.2E-4	0.7781513
4.0E-4	0.77365196
5.0E-4	0.76683635
6.3E-4	0.7565983
7.9E-4	0.74269295
0.001	0.7233804
0.00126	0.69905
0.00158	0.6696666
0.002	0.63312286
0.00251	0.59245807
0.00316	0.5464563
0.00398	0.4966431
0.00501	0.44465765
0.00631	0.3919024
0.00794	0.34042153
0.01	0.29139832
0.01259	0.24637224
0.01585	0.20606421
0.01995	0.17077214
0.02512	0.1402705
0.03162	0.11425435
0.03981	0.092164546
0.05012	0.07352863
0.0631	0.05788572
0.07943	0.044835668
0.1	0.03400732
0.12589	0.025112342
0.15849	0.017908698
0.19953	0.012216411
0.25119	0.007886582
0.31623	0.0047659543
0.39811	0.002669101
0.50119	0.0013734101
0.63096	6.449497E-4
0.79433	2.7509287E-4
1.0	1.0628045E-4
1.25893	3.715857E-5
1.58489	1.1769561E-5
1.99526	3.3864974E-6
2.51189	8.8926157E-7
3.16228	2.1442585E-7
3.98107	4.7825772E-8
5.01187	9.944984E-9
6.30957	1.9430644E-9
7.94328	3.5919556E-10
10.0	6.318146E-11



DATASET #2

Name: UCERF3
Num Points: 401
Info: 

X, Y Data:
1.0E-4	0.1395163
1.0333392E-4	0.13902554
1.06779E-4	0.13853364
1.1033893E-4	0.13804053
1.14017545E-4	0.13754617
1.178188E-4	0.1370505
1.2174679E-4	0.13655348
1.2580573E-4	0.13605513
1.3E-4	0.1355554
1.334183E-4	0.13515894
1.369265E-4	0.13476165
1.4052694E-4	0.13436352
1.4422205E-4	0.13396457
1.4801433E-4	0.13356481
1.5190631E-4	0.13316429
1.5590065E-4	0.13276301
1.6E-4	0.13236102
1.645257E-4	0.13192824
1.691794E-4	0.1314947
1.7396474E-4	0.13106044
1.7888544E-4	0.1306255
1.8394532E-4	0.13018996
1.8914833E-4	0.12975383
1.944985E-4	0.12931716
2.0E-4	0.12888001
2.0565712E-4	0.12844244
2.1147425E-4	0.12800445
2.1745593E-4	0.12756611
2.236068E-4	0.12712747
2.2993165E-4	0.12668855
2.364354E-4	0.1262494
2.4312311E-4	0.12581004
2.5E-4	0.1253705
2.5783465E-4	0.12488408
2.659148E-4	0.12439749
2.742482E-4	0.12391076
2.8284272E-4	0.12342393
2.917066E-4	0.12293698
3.0084825E-4	0.12244993
3.102764E-4	0.12196277
3.2E-4	0.1214755
3.290514E-4	0.12103493
3.383588E-4	0.12059423
3.4792948E-4	0.12015339
3.5777088E-4	0.119712375
3.6789064E-4	0.11927116
3.7829665E-4	0.1188297
3.88997E-4	0.11838795
4.0E-4	0.11794587
4.1131425E-4	0.11750341
4.229485E-4	0.11706051
4.3491187E-4	0.11661711
4.472136E-4	0.11617313
4.598633E-4	0.1157285
4.728708E-4	0.11528314
4.8624622E-4	0.11483695
5.0E-4	0.11438985
5.1465514E-4	0.1139257
5.2973983E-4	0.11346035
5.4526667E-4	0.11299365
5.612486E-4	0.11252546
5.77699E-4	0.11205566
5.946315E-4	0.111584075
6.120603E-4	0.111110546
6.3E-4	0.11063491
6.4807665E-4	0.11016694
6.6667196E-4	0.109696604
6.858008E-4	0.10922372
7.0547854E-4	0.10874813
7.257209E-4	0.10826962
7.465441E-4	0.107788004
7.6796475E-4	0.10730309
7.9E-4	0.10681468
8.136239E-4	0.106302045
8.379543E-4	0.10578517
8.630122E-4	0.105263844
8.8881946E-4	0.10473784
9.153984E-4	0.10420695
9.427722E-4	0.10367096
9.7096455E-4	0.10312968
0.001	0.10258291
0.0010293103	0.10204133
0.0010594797	0.10149415
0.0010905333	0.10094123
0.0011224973	0.10038245
0.001155398	0.09981769
0.001189263	0.09924688
0.0012241206	0.098669946
0.00126	0.09808686
0.0012961533	0.09750987
0.0013333439	0.096926965
0.0013716016	0.09633817
0.0014109571	0.09574353
0.0014514418	0.09514313
0.0014930882	0.09453708
0.0015359295	0.09392549
0.00158	0.09330854
0.0016272478	0.09266042
0.0016759086	0.09200689
0.0017260244	0.09134823
0.0017776389	0.09068471
0.0018307968	0.090016656
0.0018855444	0.08934439
0.0019419291	0.08866828
0.002	0.087988704
0.0020575977	0.087330975
0.002116854	0.086670764
0.002177817	0.08600844
0.0022405356	0.0853444
0.0023050604	0.08467902
0.0023714434	0.08401272
0.0024397383	0.083345875
0.00251	0.082678884
0.0025833033	0.08200288
0.0026587474	0.08132753
0.0027363948	0.08065321
0.0028163097	0.079980314
0.0028985585	0.07930918
0.0029832094	0.07864017
0.0030703326	0.077973604
0.00316	0.07730977
0.0032524571	0.07664777
0.0033476194	0.07598906
0.003445566	0.07533388
0.0035463783	0.07468244
0.0036501405	0.07403491
0.0037569385	0.073391445
0.003866861	0.072752185
0.00398	0.07211722
0.004096165	0.071488135
0.0042157196	0.07086345
0.0043387646	0.07024319
0.0044654002	0.069627345
0.0045957323	0.06901591
0.0047298684	0.06840884
0.0048679197	0.06780608
0.00501	0.067207545
0.005156579	0.06661175
0.0053074467	0.06602003
0.005462728	0.06543225
0.0056225527	0.06484831
0.0057870536	0.06426808
0.005956367	0.06369143
0.0061306343	0.06311823
0.00631	0.06254835
0.006493865	0.061983913
0.0066830874	0.061422527
0.0068778237	0.060864065
0.007078234	0.060308415
0.0072844843	0.059755474
0.0074967444	0.05920515
0.00771519	0.058657352
0.00794	0.058112003
0.008172275	0.057566933
0.008411343	0.057024207
0.008657407	0.05648378
0.008910668	0.055945616
0.009171338	0.055409692
0.009439633	0.054875985
0.009715778	0.05434449
0.01	0.053815205
0.010292081	0.053288944
0.010592694	0.052764904
0.010902087	0.052243102
0.011220517	0.05172356
0.011548247	0.051206294
0.011885551	0.050691336
0.012232705	0.050178703
0.01259	0.049668424
0.012957647	0.04916063
0.013336032	0.04865522
0.013725464	0.048152216
0.01412627	0.047651622
0.014538779	0.04715344
0.014963334	0.04665767
0.015400288	0.046164304
0.01585	0.04567332
0.016312422	0.04518513
0.016788337	0.044699267
0.017278135	0.044215683
0.017782224	0.043734338
0.01830102	0.04325517
0.01883495	0.04277812
0.019384459	0.042303115
0.01995	0.04183008
0.020533005	0.04135817
0.021133045	0.040888064
0.021750621	0.04041967
0.022386245	0.039952893
0.023040446	0.03948763
0.023713762	0.039023776
0.024406755	0.03856122
0.02512	0.038099863
0.025853088	0.037640207
0.02660757	0.037181523
0.027384069	0.036723703
0.02818323	0.036266644
0.029005712	0.035810236
0.029852198	0.03535438
0.030723387	0.034898974
0.03162	0.034443926
0.032543603	0.03398874
0.033494186	0.033533733
0.034472536	0.033078827
0.03547946	0.03262394
0.0365158	0.032169007
0.03758241	0.03171396
0.03868017	0.031258743
0.03981	0.030803306
0.040972695	0.030347662
0.042169347	0.02989172
0.04340095	0.029435454
0.044668525	0.028978843
0.04597312	0.028521877
0.047315817	0.028064549
0.04869773	0.027606864
0.05012	0.027148833
0.0515838	0.026690481
0.053090356	0.026231835
0.05464091	0.02577293
0.05623675	0.02531381
0.0578792	0.024854532
0.059569612	0.024395155
0.0613094	0.023935752
0.0631	0.023476401
0.06494172	0.023017477
0.066837184	0.022558786
0.06878798	0.022100428
0.070795715	0.021642517
0.072862044	0.021185169
0.074988686	0.020728512
0.077177405	0.020272678
0.07943	0.019817807
0.08174976	0.019363774
0.08413727	0.018911012
0.08659451	0.018459678
0.08912351	0.018009946
0.09172637	0.017561989
0.09440525	0.017115988
0.097162366	0.01667213
0.1	0.01623061
0.102919795	0.015791731
0.10592484	0.015355588
0.109017625	0.01492239
0.112200715	0.014492348
0.11547674	0.014065679
0.11884842	0.013642601
0.12231855	0.013223336
0.12589	0.01280811
0.12956645	0.012397067
0.13335027	0.011990518
0.13724458	0.011588691
0.14125264	0.011191815
0.14537773	0.010800117
0.14962329	0.010413825
0.15399285	0.010033162
0.15849	0.0096583525
0.16311829	0.009289629
0.16788174	0.00892719
0.17278428	0.008571243
0.17783	0.008221992
0.18302307	0.007879633
0.18836778	0.007544354
0.19386858	0.007216334
0.19953	0.0068957424
0.20535603	0.006582777
0.21135218	0.0062775463
0.21752341	0.005980186
0.22387484	0.0056908205
0.23041171	0.005409558
0.23713945	0.005136494
0.24406363	0.00487171
0.25119	0.004615271
0.25852492	0.0043672095
0.26607406	0.0041275765
0.27384362	0.0038963878
0.28184006	0.0036736436
0.29007	0.0034593265
0.29854023	0.003253403
0.30725783	0.0030558216
0.31623	0.0028665154
0.32546407	0.002685402
0.33496782	0.002512381
0.34474903	0.0023473368
0.3548159	0.0021901408
0.3651767	0.0020406488
0.37584007	0.0018987042
0.3868148	0.0017641378
0.39811	0.0016367689
0.40973493	0.0015164074
0.42169935	0.0014028512
0.4340131	0.0012958916
0.44668642	0.0011953121
0.4597298	0.0011008901
0.47315407	0.001012398
0.4869703	9.296043E-4
0.50119	8.522744E-4
0.5158249	7.8017224E-4
0.5308872	7.13061E-4
0.5463893	6.507043E-4
0.5623441	5.9286697E-4
0.57876474	5.393162E-4
0.59566486	4.8982224E-4
0.61305845	4.4415935E-4
0.63096	4.0210632E-4
0.6493842	3.634476E-4
0.6683464	3.2797316E-4
0.6878623	2.9547967E-4
0.7079481	2.6577068E-4
0.72862035	2.3865706E-4
0.7498962	2.1395722E-4
0.7717934	1.9149744E-4
0.79433	1.7111201E-4
0.8175246	1.5264333E-4
0.8413966	1.3594194E-4
0.86596555	1.2086649E-4
0.8912519	1.0728378E-4
0.9172767	9.506854E-5
0.9440614	8.410338E-5
0.97162825	7.427852E-5
1.0	6.54916E-5
1.029201	5.7647278E-5
1.0592546	5.0657534E-5
1.090186	4.444074E-5
1.1220205	3.8921597E-5
1.1547846	3.403082E-5
1.1885055	2.9704825E-5
1.223211	2.5885405E-5
1.25893	2.2519413E-5
1.2956905	1.9558549E-5
1.3335243	1.695869E-5
1.3724631	1.46799675E-5
1.4125386	1.2686342E-5
1.4537846	1.0945299E-5
1.4962348	9.427583E-6
1.5399245	8.1069265E-6
1.58489	6.9598045E-6
1.6311698	5.9651693E-6
1.678801	5.104313E-6
1.727823	4.360567E-6
1.7782766	3.7191346E-6
1.8302034	3.1669163E-6
1.8836465	2.692337E-6
1.9386501	2.285194E-6
1.99526	1.9365114E-6
2.0535233	1.6384107E-6
2.113488	1.3839953E-6
2.1752036	1.1672353E-6
2.2387214	9.828724E-7
2.304094	8.2633085E-7
2.3713756	6.936367E-7
2.4406219	5.8134606E-7
2.51189	4.864803E-7
2.5852382	4.0646952E-7
2.6607285	3.3909802E-7
2.7384229	2.824623E-7
2.818386	2.3492927E-7
2.900684	1.9510068E-7
2.9853854	1.6178146E-7
3.0725598	1.339525E-7
3.16228	1.1074612E-7
3.2546198	9.14251E-8
3.3496559	7.536422E-8
3.447467	6.2034175E-8
3.5481343	5.0987875E-8
3.6517413	4.184818E-8
3.7583735	3.4297567E-8
3.8681195	2.8069163E-8
3.98107	2.2939265E-8
4.097319	1.8720486E-8
4.2169633	1.5256184E-8
4.340101	1.2415625E-8
4.466834	1.0089938E-8
4.5972676	8.1886045E-9
4.7315106	6.636454E-9
4.869673	5.3711826E-9
5.01187	4.3412407E-9
5.1582193	3.5040557E-9
5.3088417	2.8245377E-9
5.463863	2.2737483E-9
5.62341	1.8279447E-9
5.7876167	1.4675904E-9
5.9566183	1.176719E-9
6.1305547	9.422673E-10
6.30957	7.535488E-10
6.493813	6.0182637E-10
6.683436	4.8004023E-10
6.878596	3.8240067E-10
7.079455	3.0423908E-10
7.286179	2.4173685E-10
7.4989395	1.9182589E-10
7.7179127	1.5201806E-10
7.94328	1.2031887E-10
8.175228	9.509804E-11
8.41395	7.508183E-11
8.659641	5.919942E-11
8.912508	4.6620374E-11
9.172758	3.6659342E-11
9.440608	2.8788305E-11
9.716279	2.2581936E-11
10.0	1.7683965E-11



DATASET #3

Name: RSQSim
Num Points: 401
Info: 

X, Y Data:
1.0E-4	0.17110388
1.0333392E-4	0.1704044
1.06779E-4	0.16970238
1.1033893E-4	0.16899793
1.14017545E-4	0.16829117
1.178188E-4	0.1675822
1.2174679E-4	0.16687116
1.2580573E-4	0.16615814
1.3E-4	0.16544323
1.334183E-4	0.16487618
1.369265E-4	0.16430806
1.4052694E-4	0.16373892
1.4422205E-4	0.1631688
1.4801433E-4	0.16259779
1.5190631E-4	0.1620259
1.5590065E-4	0.1614532
1.6E-4	0.16087976
1.645257E-4	0.1602627
1.691794E-4	0.15964492
1.7396474E-4	0.15902647
1.7888544E-4	0.15840745
1.8394532E-4	0.15778793
1.8914833E-4	0.157168
1.944985E-4	0.15654776
2.0E-4	0.15592727
2.0565712E-4	0.15530665
2.1147425E-4	0.154686
2.1745593E-4	0.15406543
2.236068E-4	0.15344502
2.2993165E-4	0.1528249
2.364354E-4	0.15220517
2.4312311E-4	0.15158594
2.5E-4	0.15096731
2.5783465E-4	0.1502838
2.659148E-4	0.14960133
2.742482E-4	0.14892006
2.8284272E-4	0.14824013
2.917066E-4	0.14756171
3.0084825E-4	0.14688495
3.102764E-4	0.14620997
3.2E-4	0.14553694
3.290514E-4	0.14493035
3.383588E-4	0.14432554
3.4792948E-4	0.14372262
3.5777088E-4	0.14312167
3.6789064E-4	0.14252278
3.7829665E-4	0.14192604
3.88997E-4	0.1413315
4.0E-4	0.14073922
4.1131425E-4	0.1401493
4.229485E-4	0.13956176
4.3491187E-4	0.13897666
4.472136E-4	0.13839407
4.598633E-4	0.137814
4.728708E-4	0.13723649
4.8624622E-4	0.13666156
5.0E-4	0.13608925
5.1465514E-4	0.13549925
5.2973983E-4	0.13491207
5.4526667E-4	0.13432771
5.612486E-4	0.13374616
5.77699E-4	0.13316742
5.946315E-4	0.13259147
6.120603E-4	0.13201827
6.3E-4	0.1314478
6.4807665E-4	0.13089181
6.6667196E-4	0.13033836
6.858008E-4	0.12978742
7.0547854E-4	0.12923893
7.257209E-4	0.12869288
7.465441E-4	0.12814918
7.6796475E-4	0.12760778
7.9E-4	0.12706862
8.136239E-4	0.12650937
8.379543E-4	0.12595241
8.630122E-4	0.12539767
8.8881946E-4	0.12484507
9.153984E-4	0.12429453
9.427722E-4	0.12374595
9.7096455E-4	0.12319926
0.001	0.12265437
0.0010293103	0.1221218
0.0010594797	0.121590786
0.0010905333	0.12106124
0.0011224973	0.12053309
0.001155398	0.12000622
0.001189263	0.11948055
0.0012241206	0.11895599
0.00126	0.11843245
0.0012961533	0.11792067
0.0013333439	0.11740967
0.0013716016	0.11689937
0.0014109571	0.11638967
0.0014514418	0.11588047
0.0014930882	0.11537167
0.0015359295	0.114863165
0.00158	0.11435486
0.0016272478	0.113825515
0.0016759086	0.113296136
0.0017260244	0.11276661
0.0017776389	0.11223679
0.0018307968	0.111706555
0.0018855444	0.11117576
0.0019419291	0.11064427
0.002	0.11011195
0.0020575977	0.109598085
0.002116854	0.10908317
0.002177817	0.108567074
0.0022405356	0.10804965
0.0023050604	0.10753077
0.0023714434	0.10701029
0.0024397383	0.10648806
0.00251	0.105963945
0.0025833033	0.10543047
0.0026587474	0.10489476
0.0027363948	0.104356654
0.0028163097	0.10381601
0.0028985585	0.10327268
0.0029832094	0.102726504
0.0030703326	0.10217735
0.00316	0.10162507
0.0032524571	0.10106851
0.0033476194	0.10050853
0.003445566	0.09994501
0.0035463783	0.0993778
0.0036501405	0.0988068
0.0037569385	0.098231874
0.003866861	0.097652905
0.00398	0.09706979
0.004096165	0.09648385
0.0042157196	0.09589358
0.0043387646	0.095298894
0.0044654002	0.0946997
0.0045957323	0.094095945
0.0047298684	0.09348753
0.0048679197	0.09287441
0.00501	0.092256516
0.005156579	0.09163233
0.0053074467	0.09100325
0.005462728	0.09036925
0.0056225527	0.08973029
0.0057870536	0.089086354
0.005956367	0.08843742
0.0061306343	0.08778348
0.00631	0.08712452
0.006493865	0.086463206
0.0066830874	0.085796915
0.0068778237	0.085125655
0.007078234	0.08444944
0.0072844843	0.08376829
0.0074967444	0.08308222
0.00771519	0.082391255
0.00794	0.081695415
0.008172275	0.080992
0.008411343	0.08028373
0.008657407	0.07957064
0.008910668	0.07885277
0.009171338	0.07813015
0.009439633	0.077402815
0.009715778	0.076670796
0.01	0.075934134
0.010292081	0.07519401
0.010592694	0.07444932
0.010902087	0.07370012
0.011220517	0.07294644
0.011548247	0.0721883
0.011885551	0.07142577
0.012232705	0.07065888
0.01259	0.06988766
0.012957647	0.06911234
0.013336032	0.0683328
0.013725464	0.06754908
0.01412627	0.06676124
0.014538779	0.065969355
0.014963334	0.06517348
0.015400288	0.0643737
0.01585	0.06357009
0.016312422	0.06276349
0.016788337	0.06195326
0.017278135	0.06113954
0.017782224	0.060322437
0.01830102	0.05950211
0.01883495	0.058678705
0.019384459	0.057852395
0.01995	0.05702337
0.020533005	0.05619047
0.021133045	0.055355266
0.021750621	0.054518
0.022386245	0.053678915
0.023040446	0.052838296
0.023713762	0.051996417
0.024406755	0.051153593
0.02512	0.050310135
0.025853088	0.04946752
0.02660757	0.048624948
0.027384069	0.04778279
0.02818323	0.046941414
0.029005712	0.0461012
0.029852198	0.04526254
0.030723387	0.044425827
0.03162	0.043591466
0.032543603	0.042759124
0.033494186	0.041929957
0.034472536	0.04110436
0.03547946	0.040282745
0.0365158	0.039465513
0.03758241	0.038653057
0.03868017	0.037845768
0.03981	0.037044022
0.040972695	0.036248278
0.042169347	0.035458796
0.04340095	0.03467592
0.044668525	0.03389997
0.04597312	0.03313126
0.047315817	0.032370087
0.04869773	0.03161672
0.05012	0.03087142
0.0515838	0.030134428
0.053090356	0.02940596
0.05464091	0.02868622
0.05623675	0.027975388
0.0578792	0.02727363
0.059569612	0.026581097
0.0613094	0.025897918
0.0631	0.025224205
0.06494172	0.024560476
0.066837184	0.023906384
0.06878798	0.023262002
0.070795715	0.022627385
0.072862044	0.022002583
0.074988686	0.021387631
0.077177405	0.020782553
0.07943	0.020187367
0.08174976	0.019601732
0.08413727	0.019026015
0.08659451	0.01846021
0.08912351	0.017904313
0.09172637	0.017358309
0.09440525	0.016822182
0.097162366	0.016295915
0.1	0.015779486
0.102919795	0.015272993
0.10592484	0.014776284
0.109017625	0.014289333
0.112200715	0.013812112
0.11547674	0.0133445915
0.11884842	0.012886742
0.12231855	0.012438533
0.12589	0.011999932
0.12956645	0.011570823
0.13335027	0.011151259
0.13724458	0.010741204
0.14125264	0.010340619
0.14537773	0.009949467
0.14962329	0.009567707
0.15399285	0.009195295
0.15849	0.008832187
0.16311829	0.00847835
0.16788174	0.008133717
0.17278428	0.0077982345
0.17783	0.0074718464
0.18302307	0.0071544917
0.18836778	0.006846107
0.19386858	0.006546625
0.19953	0.0062559736
0.20535603	0.005974111
0.21135218	0.005700922
0.21752341	0.005436322
0.22387484	0.005180222
0.23041171	0.0049325284
0.23713945	0.004693143
0.24406363	0.004461963
0.25119	0.0042388802
0.25852492	0.0040237685
0.26607406	0.0038165245
0.27384362	0.0036170261
0.28184006	0.0034251458
0.29007	0.0032407516
0.29854023	0.0030637062
0.30725783	0.002893869
0.31623	0.002731094
0.32546407	0.002575232
0.33496782	0.0024261281
0.34474903	0.0022836248
0.3548159	0.0021475605
0.3651767	0.002017771
0.37584007	0.0018940886
0.3868148	0.0017763436
0.39811	0.0016643639
0.40973493	0.0015579762
0.42169935	0.0014570043
0.4340131	0.0013612716
0.44668642	0.0012706011
0.4597298	0.0011848152
0.47315407	0.0011037367
0.4869703	0.001027189
0.50119	9.5499615E-4
0.5158249	8.869839E-4
0.5308872	8.2297955E-4
0.5463893	7.628125E-4
0.5623441	7.0631475E-4
0.57876474	6.533208E-4
0.59566486	6.036684E-4
0.61305845	5.571986E-4
0.63096	5.1375595E-4
0.6493842	4.7318908E-4
0.6683464	4.3535035E-4
0.6878623	4.000964E-4
0.7079481	3.6728833E-4
0.72862035	3.3679156E-4
0.7498962	3.084762E-4
0.7717934	2.8221702E-4
0.79433	2.578934E-4
0.8175246	2.3538948E-4
0.8413966	2.1459411E-4
0.86596555	1.9540088E-4
0.8912519	1.7770802E-4
0.9172767	1.6141843E-4
0.9440614	1.4643956E-4
0.97162825	1.3268337E-4
1.0	1.2006621E-4
1.029201	1.0850846E-4
1.0592546	9.793533E-5
1.090186	8.8275745E-5
1.1220205	7.946264E-5
1.1547846	7.1432754E-5
1.1885055	6.4126565E-5
1.223211	5.74881E-5
1.25893	5.1464867E-5
1.2956905	4.600785E-5
1.3335243	4.107078E-5
1.3724631	3.6610643E-5
1.4125386	3.2587344E-5
1.4537846	2.8963535E-5
1.4962348	2.5704501E-5
1.5399245	2.2778017E-5
1.58489	2.015422E-5
1.6311698	1.7805429E-5
1.678801	1.5706206E-5
1.727823	1.3833034E-5
1.7782766	1.2164265E-5
1.8302034	1.0680014E-5
1.8836465	9.362046E-6
1.9386501	8.193667E-6
1.99526	7.1596264E-6
2.0535233	6.246009E-6
2.113488	5.440162E-6
2.1752036	4.7305825E-6
2.2387214	4.10684E-6
2.304094	3.5594953E-6
2.3713756	3.080022E-6
2.4406219	2.6607343E-6
2.51189	2.294718E-6
2.5852382	1.9757688E-6
2.6607285	1.6983195E-6
2.7384229	1.4573959E-6
2.818386	1.2485599E-6
2.900684	1.0678589E-6
2.9853854	9.117801E-7
3.0725598	7.7720864E-7
3.16228	6.613875E-7
3.2546198	5.618821E-7
3.3496559	4.765464E-7
3.447467	4.0349317E-7
3.5481343	3.410662E-7
3.6517413	2.878149E-7
3.7583735	2.4247157E-7
3.8681195	2.0393051E-7
3.98107	1.7122953E-7
4.097319	1.435328E-7
4.2169633	1.2011617E-7
4.340101	1.003532E-7
4.466834	8.370321E-8
4.5972676	6.970053E-8
4.7315106	5.794487E-8
4.869673	4.80929E-8
5.01187	3.9850722E-8
5.1582193	3.296727E-8
5.3088417	2.7228497E-8
5.463863	2.245229E-8
5.62341	1.8484029E-8
5.7876167	1.519266E-8
5.9566183	1.2467364E-8
6.1305547	1.02146185E-8
6.30957	8.355625E-9
6.493813	6.8241413E-9
6.683436	5.5645692E-9
6.878596	4.5303614E-9
7.079455	3.6826027E-9
7.286179	2.9888223E-9
7.4989395	2.421989E-9
7.7179127	1.9596171E-9
7.94328	1.5830839E-9
8.175228	1.2769403E-9
8.41395	1.0284289E-9
8.659641	8.2701257E-10
8.912508	6.6404793E-10
9.172758	5.3240046E-10
9.440608	4.262105E-10
9.716279	3.4069347E-10
10.0	2.719286E-10



DATASET #4

Name: 1000yr
Num Points: 2
Info: 

X, Y Data:
0.001	0.001
10.0	0.001



DATASET #5

Name: 2500yr
Num Points: 2
Info: 

X, Y Data:
0.001	4.0E-4
10.0	4.0E-4



DATASET #6

Name: 10000yr
Num Points: 2
Info: 

X, Y Data:
0.001	1.0E-4
10.0	1.0E-4


