
X-Axis: Normalized Distance Along Strike
Y-Axis: Hypocenter Density
Number of Data Sets: 4


DATASET #1

     Name: 
   Points: 31
     Info: 

Data[x,y]:
0.05	  0.01941999
0.15	  0.022009322
0.25	  0.019937856
0.35	  0.02511652
0.45	  0.02589332
0.55	  0.037545312
0.65	  0.033402383
0.75	  0.03469705
0.85	  0.04634904
0.95	  0.067322634
1.05	  0.04298291
1.15	  0.03417918
1.25	  0.03158985
1.35	  0.027964786
1.45	  0.03158985
1.55	  0.03158985
1.65	  0.027964786
1.75	  0.03158985
1.85	  0.03417918
1.95	  0.04298291
2.05	  0.067322634
2.15	  0.04634904
2.25	  0.03469705
2.35	  0.033402383
2.45	  0.037545312
2.55	  0.02589332
2.65	  0.02511652
2.75	  0.019937856
2.85	  0.022009322
2.95	  0.01941999
3.05	  0.0



DATASET #2

     Name: 
   Points: 31
     Info: 

Data[x,y]:
0.05	  0.0
0.15	  0.0
0.25	  0.0
0.35	  0.0
0.45	  0.0
0.55	  0.0
0.65	  0.0
0.75	  0.0
0.85	  0.0
0.95	  0.0
1.05	  0.0
1.15	  0.0
1.25	  0.0
1.35	  0.0
1.45	  5.178664E-4
1.55	  5.178664E-4
1.65	  0.0
1.75	  0.0
1.85	  0.0
1.95	  0.0
2.05	  0.0
2.15	  0.0
2.25	  0.0
2.35	  0.0
2.45	  0.0
2.55	  0.0
2.65	  0.0
2.75	  0.0
2.85	  0.0
2.95	  0.0
3.05	  0.0



DATASET #3

Name: 
Num Points: 4
Info: 

X, Y Data:
0.021	  9.4251684E-4
0.021	  0.093309164
2.979	  0.093309164
2.979	  9.4251684E-4



DATASET #4

Name: 
Num Points: 4
Info: 

X, Y Data:
1.0	  9.4251684E-4
1.0	  0.083884
2.0	  0.083884
2.0	  9.4251684E-4


