
X-Axis: Normalized Distance Along Strike
Y-Axis: Hypocenter Density
Number of Data Sets: 4


DATASET #1

     Name: 
   Points: 31
     Info: 

Data[x,y]:
0.05	  0.011111111
0.15	  0.027777778
0.25	  0.016666668
0.35	  0.0
0.45	  0.0055555557
0.55	  0.011111111
0.65	  0.072222225
0.75	  0.055555556
0.85	  0.022222223
0.95	  0.05
1.05	  0.055555556
1.15	  0.10555556
1.25	  0.055555556
1.35	  0.011111111
1.45	  0.0
1.55	  0.0
1.65	  0.011111111
1.75	  0.055555556
1.85	  0.10555556
1.95	  0.055555556
2.05	  0.05
2.15	  0.022222223
2.25	  0.055555556
2.35	  0.072222225
2.45	  0.011111111
2.55	  0.0055555557
2.65	  0.0
2.75	  0.016666668
2.85	  0.027777778
2.95	  0.011111111
3.05	  0.0



DATASET #2

     Name: 
   Points: 31
     Info: 

Data[x,y]:
0.05	  0.0
0.15	  0.0
0.25	  0.0
0.35	  0.0
0.45	  0.0
0.55	  0.0
0.65	  0.0
0.75	  0.0
0.85	  0.0
0.95	  0.0
1.05	  0.05
1.15	  0.10555556
1.25	  0.055555556
1.35	  0.011111111
1.45	  0.0
1.55	  0.0
1.65	  0.011111111
1.75	  0.055555556
1.85	  0.10555556
1.95	  0.05
2.05	  0.0
2.15	  0.0
2.25	  0.0
2.35	  0.0
2.45	  0.0
2.55	  0.0
2.65	  0.0
2.75	  0.0
2.85	  0.0
2.95	  0.0
3.05	  0.0



DATASET #3

Name: 
Num Points: 4
Info: 

X, Y Data:
0.021	  0.0014777777
0.021	  0.1463
2.979	  0.1463
2.979	  0.0014777777



DATASET #4

Name: 
Num Points: 4
Info: 

X, Y Data:
1.0	  0.0014777777
1.0	  0.13152222
2.0	  0.13152222
2.0	  0.0014777777


