
X-Axis: Normalized Distance Along Strike
Y-Axis: Hypocenter Density
Number of Data Sets: 4


DATASET #1

     Name: 
   Points: 31
     Info: 

Data[x,y]:
0.05	  0.020134695
0.15	  0.024335207
0.25	  0.027667847
0.35	  0.032389086
0.45	  0.034194265
0.55	  0.036346596
0.65	  0.03714504
0.75	  0.03776991
0.85	  0.041067835
0.95	  0.051794764
1.05	  0.038498923
1.15	  0.030896341
1.25	  0.030028466
1.35	  0.027945567
1.45	  0.029785462
1.55	  0.029785462
1.65	  0.027945567
1.75	  0.030028466
1.85	  0.030896341
1.95	  0.038498923
2.05	  0.051794764
2.15	  0.041067835
2.25	  0.03776991
2.35	  0.03714504
2.45	  0.036346596
2.55	  0.034194265
2.65	  0.032389086
2.75	  0.027667847
2.85	  0.024335207
2.95	  0.020134695
3.05	  0.0



DATASET #2

     Name: 
   Points: 31
     Info: 

Data[x,y]:
0.05	  0.0
0.15	  0.0
0.25	  0.0
0.35	  0.0
0.45	  0.0
0.55	  0.0
0.65	  0.0
0.75	  0.0
0.85	  0.0
0.95	  0.0
1.05	  0.0066999933
1.15	  0.009338332
1.25	  0.010692216
1.35	  0.010865792
1.45	  0.011247656
1.55	  0.011247656
1.65	  0.010865792
1.75	  0.010692216
1.85	  0.009338332
1.95	  0.0066999933
2.05	  0.0
2.15	  0.0
2.25	  0.0
2.35	  0.0
2.45	  0.0
2.55	  0.0
2.65	  0.0
2.75	  0.0
2.85	  0.0
2.95	  0.0
3.05	  0.0



DATASET #3

Name: 
Num Points: 4
Info: 

X, Y Data:
0.021	  7.251267E-4
0.021	  0.07178754
2.979	  0.07178754
2.979	  7.251267E-4



DATASET #4

Name: 
Num Points: 4
Info: 

X, Y Data:
1.0	  7.251267E-4
1.0	  0.06453627
2.0	  0.06453627
2.0	  7.251267E-4


