
X-Axis: Normalized Interevent Time
Y-Axis: Probability
Number of Data Sets: 3


DATASET #1

     Name: JG Test Master Exec Histogram
   Points: 41
     Info: 

Data[x,y]:
0.05	  0.0162443
0.15	  0.0125941215
0.25	  0.014751961
0.35	  0.019312164
0.45	  0.023584988
0.55	  0.03024505
0.65	  0.039715853
0.75	  0.054689646
0.85	  0.087256394
0.95	  0.15527624
1.05	  0.18363571
1.15	  0.14562899
1.25	  0.08882688
1.35	  0.04732627
1.45	  0.027109124
1.55	  0.017814783
1.65	  0.0118756825
1.75	  0.00785242
1.85	  0.0049837027
1.95	  0.003062822
2.05	  0.0019864228
2.15	  0.0014041085
2.25	  0.0010965659
2.35	  7.688565E-4
2.45	  5.092099E-4
2.55	  4.3106382E-4
2.65	  3.5795942E-4
2.75	  3.377927E-4
2.85	  2.3191738E-4
2.95	  1.8906308E-4
3.05	  1.2604205E-4
3.15	  1.5629214E-4
3.25	  1.2100037E-4
3.35	  7.310439E-5
3.45	  6.8062705E-5
3.55	  5.7979345E-5
3.65	  4.5375138E-5
3.75	  4.28543E-5
3.85	  2.0166728E-5
3.95	  2.0166728E-5
4.05	  1.6889635E-4



DATASET #2

     Name: Log-Normal Fit
   Points: 401
     Info: 

Data[x,y]:
0.005	  0.0
0.015	  1.0051814E-27
0.025	  1.8561592E-22
0.035	  4.5937144E-19
0.045	  1.2516755E-16
0.055	  9.065841E-15
0.065	  2.7323394E-13
0.075	  4.436509E-12
0.085	  4.5640484E-11
0.095	  3.314494E-10
0.105	  1.8322222E-9
0.115	  8.140685E-9
0.125	  3.0269565E-8
0.135	  9.712797E-8
0.145	  2.754295E-7
0.155	  7.033258E-7
0.165	  1.6417611E-6
0.175	  3.5462301E-6
0.185	  7.15938E-6
0.195	  1.362206E-5
0.205	  2.4597455E-5
0.215	  4.2400352E-5
0.225	  7.0121765E-5
0.235	  1.11738416E-4
0.245	  1.721968E-4
0.255	  2.5746314E-4
0.265	  3.745324E-4
0.275	  5.3139246E-4
0.285	  7.369426E-4
0.295	  0.0010008677
0.305	  0.0013334727
0.315	  0.0017454843
0.325	  0.0022478267
0.335	  0.0028513812
0.345	  0.0035667391
0.355	  0.0044039553
0.365	  0.0053723142
0.375	  0.0064801103
0.385	  0.007734455
0.395	  0.009141113
0.405	  0.010704363
0.415	  0.012426908
0.425	  0.014309804
0.435	  0.016352432
0.445	  0.018552504
0.455	  0.020906093
0.465	  0.023407696
0.475	  0.02605033
0.485	  0.028825626
0.495	  0.03172396
0.505	  0.034734607
0.515	  0.037845854
0.525	  0.041045196
0.535	  0.044319462
0.545	  0.047654994
0.555	  0.05103779
0.565	  0.05445365
0.575	  0.057888336
0.585	  0.061327696
0.595	  0.06475779
0.605	  0.06816498
0.615	  0.0715361
0.625	  0.07485846
0.635	  0.078119986
0.645	  0.081309274
0.655	  0.08441562
0.665	  0.0874291
0.675	  0.09034057
0.685	  0.09314173
0.695	  0.09582508
0.705	  0.098384
0.715	  0.100812666
0.725	  0.10310611
0.735	  0.10526016
0.745	  0.107271455
0.755	  0.109137364
0.765	  0.11085602
0.775	  0.11242624
0.785	  0.113847524
0.795	  0.11511997
0.805	  0.116244294
0.815	  0.117221735
0.825	  0.11805405
0.835	  0.11874345
0.845	  0.11929258
0.855	  0.11970446
0.865	  0.11998245
0.875	  0.120130226
0.885	  0.120151706
0.895	  0.12005106
0.905	  0.11983265
0.915	  0.11950099
0.925	  0.119060725
0.935	  0.118516624
0.945	  0.11787351
0.955	  0.11713626
0.965	  0.11630978
0.975	  0.11539897
0.985	  0.11440875
0.995	  0.11334394
1.005	  0.112209365
1.015	  0.111009754
1.025	  0.10974979
1.035	  0.10843401
1.045	  0.1070669
1.055	  0.1056528
1.065	  0.10419596
1.075	  0.10270048
1.085	  0.10117034
1.095	  0.09960937
1.105	  0.09802128
1.115	  0.09640963
1.125	  0.09477782
1.135	  0.09312914
1.145	  0.0914667
1.155	  0.08979349
1.165	  0.08811233
1.175	  0.086425915
1.185	  0.084736794
1.195	  0.08304738
1.205	  0.081359945
1.215	  0.079676636
1.225	  0.07799944
1.235	  0.07633027
1.245	  0.07467085
1.255	  0.07302284
1.265	  0.07138776
1.275	  0.06976702
1.285	  0.06816191
1.295	  0.066573635
1.305	  0.0650033
1.315	  0.063451886
1.325	  0.061920322
1.335	  0.06040942
1.345	  0.058919918
1.355	  0.05745247
1.365	  0.056007665
1.375	  0.054586004
1.385	  0.053187937
1.395	  0.05181383
1.405	  0.050464004
1.415	  0.049138714
1.425	  0.047838163
1.435	  0.0465625
1.445	  0.045311835
1.455	  0.044086218
1.465	  0.04288567
1.475	  0.041710168
1.485	  0.04055965
1.495	  0.039434023
1.505	  0.038333163
1.515	  0.03725692
1.525	  0.036205105
1.535	  0.035177518
1.545	  0.034173932
1.555	  0.03319409
1.565	  0.03223774
1.575	  0.031304583
1.585	  0.030394323
1.595	  0.02950665
1.605	  0.028641237
1.615	  0.027797746
1.625	  0.026975833
1.635	  0.026175141
1.645	  0.025395311
1.655	  0.024635974
1.665	  0.023896761
1.675	  0.023177292
1.685	  0.022477191
1.695	  0.021796074
1.705	  0.021133559
1.715	  0.020489262
1.725	  0.019862803
1.735	  0.019253796
1.745	  0.01866186
1.755	  0.018086616
1.765	  0.017527685
1.775	  0.016984694
1.785	  0.016457269
1.795	  0.015945045
1.805	  0.015447655
1.815	  0.014964738
1.825	  0.014495941
1.835	  0.014040912
1.845	  0.013599303
1.855	  0.013170774
1.865	  0.012754989
1.875	  0.012351618
1.885	  0.011960336
1.895	  0.011580823
1.905	  0.011212767
1.915	  0.010855858
1.925	  0.010509796
1.935	  0.010174285
1.945	  0.009849034
1.955	  0.00953376
1.965	  0.009228186
1.975	  0.008932037
1.985	  0.008645051
1.995	  0.008366965
2.005	  0.008097526
2.015	  0.007836484
2.025	  0.0075836
2.035	  0.007338635
2.045	  0.0071013584
2.055	  0.006871545
2.065	  0.0066489754
2.075	  0.0064334353
2.085	  0.0062247156
2.095	  0.006022613
2.105	  0.0058269296
2.115	  0.005637472
2.125	  0.0054540522
2.135	  0.005276488
2.145	  0.0051046014
2.155	  0.0049382187
2.165	  0.0047771716
2.175	  0.0046212967
2.185	  0.0044704345
2.195	  0.00432443
2.205	  0.0041831336
2.215	  0.0040463977
2.225	  0.0039140815
2.235	  0.0037860463
2.245	  0.0036621585
2.255	  0.0035422877
2.265	  0.0034263078
2.275	  0.003314096
2.285	  0.0032055334
2.295	  0.0031005044
2.305	  0.0029988969
2.315	  0.002900602
2.325	  0.0028055147
2.335	  0.0027135322
2.345	  0.0026245555
2.355	  0.002538488
2.365	  0.0024552369
2.375	  0.0023747117
2.385	  0.0022968242
2.395	  0.00222149
2.405	  0.0021486264
2.415	  0.0020781537
2.425	  0.0020099946
2.435	  0.0019440739
2.445	  0.0018803193
2.455	  0.0018186603
2.465	  0.0017590288
2.475	  0.0017013588
2.485	  0.0016455865
2.495	  0.0015916497
2.505	  0.0015394889
2.515	  0.0014890459
2.525	  0.0014402644
2.535	  0.0013930901
2.545	  0.0013474703
2.555	  0.0013033542
2.565	  0.0012606921
2.575	  0.0012194368
2.585	  0.0011795415
2.595	  0.0011409619
2.605	  0.0011036544
2.615	  0.0010675774
2.625	  0.0010326902
2.635	  9.989535E-4
2.645	  9.6632954E-4
2.655	  9.3478156E-4
2.665	  9.0427406E-4
2.675	  8.747726E-4
2.685	  8.46244E-4
2.695	  8.186561E-4
2.705	  7.919778E-4
2.715	  7.66179E-4
2.725	  7.412307E-4
2.735	  7.171045E-4
2.745	  6.937735E-4
2.755	  6.712112E-4
2.765	  6.493922E-4
2.775	  6.2829186E-4
2.785	  6.0788635E-4
2.795	  5.881527E-4
2.805	  5.6906854E-4
2.815	  5.5061246E-4
2.825	  5.3276354E-4
2.835	  5.155018E-4
2.845	  4.988076E-4
2.855	  4.8266223E-4
2.865	  4.6704744E-4
2.875	  4.519457E-4
2.885	  4.3733994E-4
2.895	  4.2321376E-4
2.905	  4.095512E-4
2.915	  3.9633695E-4
2.925	  3.8355612E-4
2.935	  3.7119436E-4
2.945	  3.5923775E-4
2.955	  3.4767285E-4
2.965	  3.3648673E-4
2.975	  3.2566683E-4
2.985	  3.1520097E-4
2.995	  3.050775E-4
3.005	  2.95285E-4
3.015	  2.8581254E-4
3.025	  2.7664955E-4
3.035	  2.6778574E-4
3.045	  2.5921126E-4
3.055	  2.5091652E-4
3.065	  2.4289223E-4
3.075	  2.351295E-4
3.085	  2.2761965E-4
3.095	  2.2035433E-4
3.105	  2.1332546E-4
3.115	  2.0652522E-4
3.125	  1.9994608E-4
3.135	  1.9358074E-4
3.145	  1.8742212E-4
3.155	  1.8146342E-4
3.165	  1.7569805E-4
3.175	  1.7011962E-4
3.185	  1.6472198E-4
3.195	  1.5949918E-4
3.205	  1.5444544E-4
3.215	  1.4955523E-4
3.225	  1.4482313E-4
3.235	  1.4024397E-4
3.245	  1.358127E-4
3.255	  1.3152447E-4
3.265	  1.2737459E-4
3.275	  1.2335849E-4
3.285	  1.1947181E-4
3.295	  1.1571029E-4
3.305	  1.1206982E-4
3.315	  1.0854645E-4
3.325	  1.0513632E-4
3.335	  1.01835736E-4
3.345	  9.864112E-5
3.355	  9.554898E-5
3.365	  9.255599E-5
3.375	  8.96589E-5
3.385	  8.6854576E-5
3.395	  8.413999E-5
3.405	  8.151222E-5
3.415	  7.896843E-5
3.425	  7.650587E-5
3.435	  7.412192E-5
3.445	  7.181399E-5
3.455	  6.957963E-5
3.465	  6.741645E-5
3.475	  6.532211E-5
3.485	  6.329439E-5
3.495	  6.1331135E-5
3.505	  5.9430233E-5
3.515	  5.7589674E-5
3.525	  5.58075E-5
3.535	  5.4081822E-5
3.545	  5.2410807E-5
3.555	  5.0792685E-5
3.565	  4.922575E-5
3.575	  4.7708345E-5
3.585	  4.623887E-5
3.595	  4.481578E-5
3.605	  4.343758E-5
3.615	  4.2102816E-5
3.625	  4.0810097E-5
3.635	  3.955806E-5
3.645	  3.8345406E-5
3.655	  3.717086E-5
3.665	  3.60332E-5
3.675	  3.4931247E-5
3.685	  3.3863846E-5
3.695	  3.2829896E-5
3.705	  3.182832E-5
3.715	  3.0858082E-5
3.725	  2.9918181E-5
3.735	  2.9007646E-5
3.745	  2.8125536E-5
3.755	  2.7270944E-5
3.765	  2.6442993E-5
3.775	  2.564083E-5
3.785	  2.4863635E-5
3.795	  2.4110614E-5
3.805	  2.3380993E-5
3.815	  2.267403E-5
3.825	  2.1989006E-5
3.835	  2.1325222E-5
3.845	  2.0682004E-5
3.855	  2.0058698E-5
3.865	  1.9454676E-5
3.875	  1.8869325E-5
3.885	  1.8302055E-5
3.895	  1.775229E-5
3.905	  1.7219481E-5
3.915	  1.6703092E-5
3.925	  1.6202603E-5
3.935	  1.5717513E-5
3.945	  1.5247336E-5
3.955	  1.4791602E-5
3.965	  1.4349857E-5
3.975	  1.3921662E-5
3.985	  1.3506588E-5
3.995	  1.3104226E-5
4.005	  1.2714176E-5



DATASET #3

     Name: BPT Fit
   Points: 401
     Info: Mean = 100.0, Aperiodicity = 0.5, Duration = 30.0, Delta T = 1.0, Num Points = 500, Historic Open Interval = 0.0
Computed mean = 0.99920034

Data[x,y]:
0.0	  0.0
0.01	  0.0
0.02	  0.0
0.03	  0.0
0.04	  1.562351E-39
0.05	  5.0402325E-31
0.06	  2.2245735E-25
0.07	  2.2840099E-21
0.08	  2.245283E-18
0.09	  4.6333634E-16
0.1	  3.2126943E-14
0.11	  1.0093221E-12
0.12	  1.7531794E-11
0.13	  1.9321104E-10
0.14	  1.4903446E-9
0.15	  8.646096E-9
0.16	  3.9812928E-8
0.17	  1.5162264E-7
0.18	  4.930798E-7
0.19	  1.4041881E-6
0.2	  3.5729788E-6
0.21	  8.256586E-6
0.22	  1.755945E-5
0.23	  3.474773E-5
0.24	  6.45673E-5
0.25	  1.1352624E-4
0.26	  1.9010286E-4
0.27	  3.0484673E-4
0.28	  4.7035128E-4
0.29	  7.010899E-4
0.3	  0.0010131212
0.31	  0.0014236805
0.32	  0.0019506831
0.33	  0.0026121726
0.34	  0.0034257432
0.35	  0.004407973
0.36	  0.0055738916
0.37	  0.0069365078
0.38	  0.0085064145
0.39	  0.010291483
0.4	  0.012296645
0.41	  0.014523778
0.42	  0.016971668
0.43	  0.019636068
0.44	  0.022509819
0.45	  0.025583038
0.46	  0.028843353
0.47	  0.03227618
0.48	  0.03586502
0.49	  0.039591793
0.5	  0.043437134
0.51	  0.047380738
0.52	  0.051401664
0.53	  0.055478632
0.54	  0.059590306
0.55	  0.06371555
0.56	  0.06783364
0.57	  0.07192451
0.58	  0.07596887
0.59	  0.07994842
0.6	  0.08384591
0.61	  0.0876453
0.62	  0.09133179
0.63	  0.09489186
0.64	  0.098313384
0.65	  0.101585545
0.66	  0.10469889
0.67	  0.107645296
0.68	  0.11041794
0.69	  0.11301127
0.7	  0.11542096
0.71	  0.11764381
0.72	  0.11967776
0.73	  0.12152175
0.74	  0.123175696
0.75	  0.12464042
0.76	  0.12591755
0.77	  0.12700948
0.78	  0.12791929
0.79	  0.12865065
0.8	  0.12920779
0.81	  0.12959541
0.82	  0.12981865
0.83	  0.12988298
0.84	  0.1297942
0.85	  0.12955834
0.86	  0.12918162
0.87	  0.12867044
0.88	  0.1280313
0.89	  0.12727073
0.9	  0.12639536
0.91	  0.12541176
0.92	  0.12432651
0.93	  0.12314612
0.94	  0.121877
0.95	  0.12052547
0.96	  0.11909774
0.97	  0.11759986
0.98	  0.116037734
0.99	  0.114417106
1.0	  0.11274353
1.01	  0.11102238
1.02	  0.10925885
1.03	  0.10745793
1.04	  0.1056244
1.05	  0.10376285
1.06	  0.10187767
1.07	  0.099973015
1.08	  0.098052874
1.09	  0.09612101
1.1	  0.09418101
1.11	  0.092236236
1.12	  0.09028987
1.13	  0.0883449
1.14	  0.08640415
1.15	  0.084470235
1.16	  0.08254561
1.17	  0.08063255
1.18	  0.07873319
1.19	  0.07684949
1.2	  0.074983254
1.21	  0.07313614
1.22	  0.071309686
1.23	  0.06950527
1.24	  0.06772415
1.25	  0.06596748
1.26	  0.06423627
1.27	  0.06253143
1.28	  0.060853757
1.29	  0.059203967
1.3	  0.05758267
1.31	  0.055990383
1.32	  0.054427546
1.33	  0.052894518
1.34	  0.051391575
1.35	  0.049918935
1.36	  0.048476744
1.37	  0.047065094
1.38	  0.04568401
1.39	  0.04433347
1.4	  0.0430134
1.41	  0.041723683
1.42	  0.040464163
1.43	  0.03923464
1.44	  0.03803487
1.45	  0.036864597
1.46	  0.035723522
1.47	  0.03461132
1.48	  0.03352764
1.49	  0.03247211
1.5	  0.031444345
1.51	  0.030443935
1.52	  0.029470455
1.53	  0.028523466
1.54	  0.027602522
1.55	  0.02670716
1.56	  0.025836911
1.57	  0.024991304
1.58	  0.024169853
1.59	  0.023372075
1.6	  0.02259748
1.61	  0.021845577
1.62	  0.021115873
1.63	  0.020407874
1.64	  0.019721093
1.65	  0.019055033
1.66	  0.018409211
1.67	  0.01778314
1.68	  0.01717634
1.69	  0.016588332
1.7	  0.016018644
1.71	  0.015466809
1.72	  0.014932366
1.73	  0.014414858
1.74	  0.013913835
1.75	  0.013428858
1.76	  0.012959487
1.77	  0.012505295
1.78	  0.012065861
1.79	  0.011640771
1.8	  0.011229619
1.81	  0.010832008
1.82	  0.010447546
1.83	  0.01007585
1.84	  0.009716549
1.85	  0.009369273
1.86	  0.009033665
1.87	  0.008709376
1.88	  0.008396062
1.89	  0.008093391
1.9	  0.0078010345
1.91	  0.007518676
1.92	  0.007246005
1.93	  0.006982719
1.94	  0.006728523
1.95	  0.006483129
1.96	  0.0062462594
1.97	  0.0060176402
1.98	  0.005797007
1.99	  0.0055841026
2.0	  0.005378676
2.01	  0.0051804837
2.02	  0.0049892887
2.03	  0.0048048613
2.04	  0.0046269777
2.05	  0.004455421
2.06	  0.004289981
2.07	  0.0041304524
2.08	  0.0039766375
2.09	  0.0038283432
2.1	  0.0036853834
2.11	  0.0035475765
2.12	  0.0034147475
2.13	  0.003286726
2.14	  0.0031633473
2.15	  0.0030444518
2.16	  0.0029298845
2.17	  0.0028194957
2.18	  0.0027131403
2.19	  0.002610678
2.2	  0.0025119728
2.21	  0.0024168931
2.22	  0.0023253115
2.23	  0.002237105
2.24	  0.0021521545
2.25	  0.0020703443
2.26	  0.0019915635
2.27	  0.0019157042
2.28	  0.0018426622
2.29	  0.0017723369
2.3	  0.0017046309
2.31	  0.0016394502
2.32	  0.0015767041
2.33	  0.0015163047
2.34	  0.0014581672
2.35	  0.0014022099
2.36	  0.0013483536
2.37	  0.0012965219
2.38	  0.0012466412
2.39	  0.0011986401
2.4	  0.0011524502
2.41	  0.0011080052
2.42	  0.0010652408
2.43	  0.0010240956
2.44	  9.845097E-4
2.45	  9.464259E-4
2.46	  9.097886E-4
2.47	  8.745443E-4
2.48	  8.406415E-4
2.49	  8.080303E-4
2.5	  7.7666284E-4
2.51	  7.464928E-4
2.52	  7.1747566E-4
2.53	  6.8956823E-4
2.54	  6.627292E-4
2.55	  6.369185E-4
2.56	  6.1209773E-4
2.57	  5.882297E-4
2.58	  5.652785E-4
2.59	  5.432099E-4
2.6	  5.2199047E-4
2.61	  5.015883E-4
2.62	  4.8197253E-4
2.63	  4.631134E-4
2.64	  4.4498235E-4
2.65	  4.2755177E-4
2.66	  4.107951E-4
2.67	  3.946868E-4
2.68	  3.792022E-4
2.69	  3.643176E-4
2.7	  3.5001014E-4
2.71	  3.3625786E-4
2.72	  3.2303954E-4
2.73	  3.103348E-4
2.74	  2.9812404E-4
2.75	  2.8638833E-4
2.76	  2.751095E-4
2.77	  2.6427E-4
2.78	  2.53853E-4
2.79	  2.4384233E-4
2.8	  2.3422232E-4
2.81	  2.2497794E-4
2.82	  2.1609475E-4
2.83	  2.0755884E-4
2.84	  1.9935681E-4
2.85	  1.9147577E-4
2.86	  1.8390336E-4
2.87	  1.7662761E-4
2.88	  1.6963709E-4
2.89	  1.6292071E-4
2.9	  1.564679E-4
2.91	  1.5026843E-4
2.92	  1.4431246E-4
2.93	  1.3859055E-4
2.94	  1.3309362E-4
2.95	  1.278129E-4
2.96	  1.2274002E-4
2.97	  1.1786685E-4
2.98	  1.1318565E-4
2.99	  1.0868892E-4
3.0	  1.04369465E-4
3.01	  1.0022038E-4
3.02	  9.623502E-5
3.03	  9.240697E-5
3.04	  8.87301E-5
3.05	  8.5198495E-5
3.06	  8.180647E-5
3.07	  7.854856E-5
3.08	  7.541951E-5
3.09	  7.241428E-5
3.1	  6.952801E-5
3.11	  6.675603E-5
3.12	  6.409385E-5
3.13	  6.1537175E-5
3.14	  5.908185E-5
3.15	  5.6723886E-5
3.16	  5.4459466E-5
3.17	  5.22849E-5
3.18	  5.0196657E-5
3.19	  4.8191334E-5
3.2	  4.6265668E-5
3.21	  4.4416516E-5
3.22	  4.2640862E-5
3.23	  4.0935807E-5
3.24	  3.9298568E-5
3.25	  3.772646E-5
3.26	  3.6216916E-5
3.27	  3.476746E-5
3.28	  3.3375723E-5
3.29	  3.2039417E-5
3.3	  3.0756353E-5
3.31	  2.9524419E-5
3.32	  2.8341594E-5
3.33	  2.7205933E-5
3.34	  2.6115566E-5
3.35	  2.5068699E-5
3.36	  2.4063607E-5
3.37	  2.3098633E-5
3.38	  2.2172188E-5
3.39	  2.1282738E-5
3.4	  2.0428817E-5
3.41	  1.9609013E-5
3.42	  1.8821973E-5
3.43	  1.8066392E-5
3.44	  1.734102E-5
3.45	  1.6644657E-5
3.46	  1.597615E-5
3.47	  1.5334386E-5
3.48	  1.47183055E-5
3.49	  1.4126884E-5
3.5	  1.3559139E-5
3.51	  1.3014129E-5
3.52	  1.2490947E-5
3.53	  1.1988722E-5
3.54	  1.15066205E-5
3.55	  1.1043839E-5
3.56	  1.0599607E-5
3.57	  1.0173184E-5
3.58	  9.763859E-6
3.59	  9.370951E-6
3.6	  8.993803E-6
3.61	  8.631786E-6
3.62	  8.284296E-6
3.63	  7.950752E-6
3.64	  7.630596E-6
3.65	  7.323294E-6
3.66	  7.0283318E-6
3.67	  6.7452147E-6
3.68	  6.4734704E-6
3.69	  6.212643E-6
3.7	  5.9622953E-6
3.71	  5.722008E-6
3.72	  5.4913794E-6
3.73	  5.270021E-6
3.74	  5.0575627E-6
3.75	  4.8536476E-6
3.76	  4.657933E-6
3.77	  4.4700905E-6
3.78	  4.2898046E-6
3.79	  4.1167723E-6
3.8	  3.9507026E-6
3.81	  3.7913162E-6
3.82	  3.6383453E-6
3.83	  3.4915322E-6
3.84	  3.35063E-6
3.85	  3.2154012E-6
3.86	  3.0856183E-6
3.87	  2.9610624E-6
3.88	  2.8415236E-6
3.89	  2.7268006E-6
3.9	  2.6167E-6
3.91	  2.5110357E-6
3.92	  2.4096298E-6
3.93	  2.312311E-6
3.94	  2.2189147E-6
3.95	  2.1292838E-6
3.96	  2.0432665E-6
3.97	  1.9607178E-6
3.98	  1.8814978E-6
3.99	  1.8054728E-6
4.0	  1.7325143E-6


