
X-Axis: Normalized Interevent Time
Y-Axis: Probability
Number of Data Sets: 3


DATASET #1

     Name: JG Test Master Exec Histogram
   Points: 41
     Info: 

Data[x,y]:
0.05	  0.007319952
0.15	  0.006129429
0.25	  0.008873394
0.35	  0.0127409
0.45	  0.018456947
0.55	  0.027072748
0.65	  0.039762836
0.75	  0.061410654
0.85	  0.10759407
0.95	  0.19086306
1.05	  0.20837985
1.15	  0.14032912
1.25	  0.074826755
1.35	  0.035335515
1.45	  0.020129684
1.55	  0.013457973
1.65	  0.00927602
1.75	  0.006037931
1.85	  0.0036868143
1.95	  0.002255428
2.05	  0.0014125978
2.15	  9.613586E-4
2.25	  7.307275E-4
2.35	  5.359623E-4
2.45	  4.3032042E-4
2.55	  3.479023E-4
2.65	  2.8828884E-4
2.75	  2.2591648E-4
2.85	  1.7705928E-4
2.95	  1.4901617E-4
3.05	  1.2320811E-4
3.15	  1.0337189E-4
3.25	  8.238321E-5
3.35	  6.97411E-5
3.45	  5.9613452E-5
3.55	  5.0987484E-5
3.65	  4.592366E-5
3.75	  3.9777224E-5
3.85	  3.101157E-5
3.95	  2.8566961E-5
4.05	  1.671761E-4



DATASET #2

     Name: Log-Normal Fit
   Points: 401
     Info: 

Data[x,y]:
0.005	  0.0
0.015	  2.1910853E-37
0.025	  3.1150578E-30
0.035	  1.2607015E-25
0.045	  2.552207E-22
0.055	  8.599289E-20
0.065	  8.876516E-18
0.075	  3.9814244E-16
0.085	  9.650737E-15
0.095	  1.4613435E-13
0.105	  1.5292338E-12
0.115	  1.1896585E-11
0.125	  7.2640484E-11
0.135	  3.6283385E-10
0.145	  1.5309852E-9
0.155	  5.5976455E-9
0.165	  1.809949E-8
0.175	  5.262011E-8
0.185	  1.3943777E-7
0.195	  3.4061964E-7
0.205	  7.7435976E-7
0.215	  1.6515296E-6
0.225	  3.3271408E-6
0.235	  6.368632E-6
0.245	  1.1641588E-5
0.255	  2.041178E-5
0.265	  3.4460485E-5
0.275	  5.6208064E-5
0.285	  8.8839115E-5
0.295	  1.3642118E-4
0.305	  2.0400842E-4
0.315	  2.9772168E-4
0.325	  4.2479706E-4
0.335	  5.935963E-4
0.345	  8.1357505E-4
0.355	  0.0010952051
0.365	  0.0014498526
0.375	  0.0018896124
0.385	  0.0024271042
0.395	  0.0030752358
0.405	  0.0038469436
0.415	  0.0047549135
0.425	  0.005811299
0.435	  0.007027438
0.445	  0.008413583
0.455	  0.00997865
0.465	  0.011729992
0.475	  0.013673208
0.485	  0.015811983
0.495	  0.018147979
0.505	  0.020680746
0.515	  0.023407701
0.525	  0.026324129
0.535	  0.029423226
0.545	  0.032696187
0.555	  0.036132317
0.565	  0.03971917
0.575	  0.043442726
0.585	  0.047287554
0.595	  0.051237043
0.605	  0.055273585
0.615	  0.05937881
0.625	  0.06353379
0.635	  0.06771924
0.645	  0.071915776
0.655	  0.07610405
0.665	  0.08026499
0.675	  0.08437994
0.685	  0.08843082
0.695	  0.09240032
0.705	  0.09627194
0.715	  0.10003017
0.725	  0.10366057
0.735	  0.10714979
0.745	  0.1104857
0.755	  0.1136574
0.765	  0.11665522
0.775	  0.119470775
0.785	  0.122096926
0.795	  0.124527805
0.805	  0.12675875
0.815	  0.12878631
0.825	  0.13060819
0.835	  0.13222314
0.845	  0.13363104
0.855	  0.13483268
0.865	  0.13582984
0.875	  0.1366251
0.885	  0.13722184
0.895	  0.13762422
0.905	  0.13783695
0.915	  0.13786541
0.925	  0.13771543
0.935	  0.13739333
0.945	  0.1369058
0.955	  0.13625987
0.965	  0.13546278
0.975	  0.13452204
0.985	  0.13344526
0.995	  0.13224022
1.005	  0.13091472
1.015	  0.12947653
1.025	  0.1279335
1.035	  0.12629333
1.045	  0.124563664
1.055	  0.12275204
1.065	  0.12086582
1.075	  0.118912205
1.085	  0.11689821
1.095	  0.11483063
1.105	  0.11271604
1.115	  0.1105608
1.125	  0.10837099
1.135	  0.10615245
1.145	  0.10391078
1.155	  0.10165129
1.165	  0.09937903
1.175	  0.0970988
1.185	  0.0948151
1.195	  0.0925322
1.205	  0.0902541
1.215	  0.08798453
1.225	  0.08572699
1.235	  0.08348471
1.245	  0.081260696
1.255	  0.07905772
1.265	  0.076878324
1.275	  0.07472484
1.285	  0.072599374
1.295	  0.070503846
1.305	  0.06843998
1.315	  0.06640932
1.325	  0.06441322
1.335	  0.062452875
1.345	  0.060529333
1.355	  0.05864348
1.365	  0.056796055
1.375	  0.054987676
1.385	  0.053218834
1.395	  0.051489897
1.405	  0.049801126
1.415	  0.04815268
1.425	  0.046544623
1.435	  0.04497693
1.445	  0.043449495
1.455	  0.041962136
1.465	  0.040514603
1.475	  0.03910658
1.485	  0.0377377
1.495	  0.036407538
1.505	  0.03511562
1.515	  0.033861432
1.525	  0.03264442
1.535	  0.031464003
1.545	  0.030319566
1.555	  0.029210461
1.565	  0.028136028
1.575	  0.027095582
1.585	  0.026088424
1.595	  0.025113843
1.605	  0.024171112
1.615	  0.023259504
1.625	  0.022378279
1.635	  0.021526696
1.645	  0.020704016
1.655	  0.019909495
1.665	  0.019142395
1.675	  0.018401979
1.685	  0.017687514
1.695	  0.016998278
1.705	  0.016333548
1.715	  0.015692618
1.725	  0.015074784
1.735	  0.014479357
1.745	  0.0139056565
1.755	  0.013353014
1.765	  0.012820773
1.775	  0.012308287
1.785	  0.011814926
1.795	  0.01134007
1.805	  0.010883113
1.815	  0.010443465
1.825	  0.010020547
1.835	  0.009613794
1.845	  0.009222657
1.855	  0.0088466
1.865	  0.008485099
1.875	  0.008137647
1.885	  0.007803749
1.895	  0.0074829245
1.905	  0.0071747066
1.915	  0.006878642
1.925	  0.0065942896
1.935	  0.0063212235
1.945	  0.0060590296
1.955	  0.005807306
1.965	  0.005565665
1.975	  0.00533373
1.985	  0.005111137
1.995	  0.0048975335
2.005	  0.0046925787
2.015	  0.004495943
2.025	  0.0043073082
2.035	  0.004126367
2.045	  0.0039528226
2.055	  0.0037863876
2.065	  0.0036267855
2.075	  0.0034737492
2.085	  0.0033270214
2.095	  0.0031863532
2.105	  0.003051506
2.115	  0.002922248
2.125	  0.0027983577
2.135	  0.0026796206
2.145	  0.0025658302
2.155	  0.0024567884
2.165	  0.0023523034
2.175	  0.0022521915
2.185	  0.0021562758
2.195	  0.0020643857
2.205	  0.0019763573
2.215	  0.001892033
2.225	  0.0018112616
2.235	  0.0017338974
2.245	  0.0016598003
2.255	  0.0015888358
2.265	  0.0015208747
2.275	  0.0014557928
2.285	  0.001393471
2.295	  0.0013337946
2.305	  0.0012766536
2.315	  0.0012219425
2.325	  0.0011695599
2.335	  0.0011194085
2.345	  0.0010713949
2.355	  0.0010254296
2.365	  9.814263E-4
2.375	  9.3930296E-4
2.385	  8.989802E-4
2.395	  8.603821E-4
2.405	  8.234359E-4
2.415	  7.8807183E-4
2.425	  7.542229E-4
2.435	  7.2182494E-4
2.445	  6.9081644E-4
2.455	  6.6113845E-4
2.465	  6.327343E-4
2.475	  6.0555E-4
2.485	  5.7953346E-4
2.495	  5.5463496E-4
2.505	  5.3080684E-4
2.515	  5.0800334E-4
2.525	  4.8618074E-4
2.535	  4.6529708E-4
2.545	  4.4531218E-4
2.555	  4.2618756E-4
2.565	  4.0788637E-4
2.575	  3.903733E-4
2.585	  3.7361452E-4
2.595	  3.5757764E-4
2.605	  3.422317E-4
2.615	  3.2754696E-4
2.625	  3.1349502E-4
2.635	  3.0004868E-4
2.645	  2.871818E-4
2.655	  2.748695E-4
2.665	  2.6308786E-4
2.675	  2.5181402E-4
2.685	  2.410261E-4
2.695	  2.3070312E-4
2.705	  2.2082505E-4
2.715	  2.113727E-4
2.725	  2.0232768E-4
2.735	  1.936724E-4
2.745	  1.8539006E-4
2.755	  1.7746452E-4
2.765	  1.698804E-4
2.775	  1.6262292E-4
2.785	  1.5567798E-4
2.795	  1.4903207E-4
2.805	  1.4267227E-4
2.815	  1.3658621E-4
2.825	  1.3076207E-4
2.835	  1.251885E-4
2.845	  1.1985468E-4
2.855	  1.14750255E-4
2.865	  1.09865294E-4
2.875	  1.0519031E-4
2.885	  1.0071623E-4
2.895	  9.6434356E-5
2.905	  9.23364E-5
2.915	  8.841439E-5
2.925	  8.466073E-5
2.935	  8.1068145E-5
2.945	  7.762967E-5
2.955	  7.433865E-5
2.965	  7.118871E-5
2.975	  6.817376E-5
2.985	  6.528796E-5
2.995	  6.252574E-5
3.005	  5.988176E-5
3.015	  5.735092E-5
3.025	  5.4928332E-5
3.035	  5.2609324E-5
3.045	  5.038943E-5
3.055	  4.8264374E-5
3.065	  4.6230067E-5
3.075	  4.4282595E-5
3.085	  4.2418214E-5
3.095	  4.0633346E-5
3.105	  3.8924565E-5
3.115	  3.728859E-5
3.125	  3.5722296E-5
3.135	  3.4222678E-5
3.145	  3.2786866E-5
3.155	  3.1412117E-5
3.165	  3.0095805E-5
3.175	  2.8835422E-5
3.185	  2.762856E-5
3.195	  2.6472922E-5
3.205	  2.5366311E-5
3.215	  2.4306619E-5
3.225	  2.3291836E-5
3.235	  2.2320033E-5
3.245	  2.1389369E-5
3.255	  2.0498084E-5
3.265	  1.9644487E-5
3.275	  1.8826968E-5
3.285	  1.804398E-5
3.295	  1.7294047E-5
3.305	  1.6575756E-5
3.315	  1.5887754E-5
3.325	  1.5228748E-5
3.335	  1.4597499E-5
3.345	  1.3992823E-5
3.355	  1.3413586E-5
3.365	  1.28587035E-5
3.375	  1.23271375E-5
3.385	  1.1817894E-5
3.395	  1.1330024E-5
3.405	  1.0862617E-5
3.415	  1.0414803E-5
3.425	  9.98575E-6
3.435	  9.574659E-6
3.445	  9.180769E-6
3.455	  8.8033485E-6
3.465	  8.4417E-6
3.475	  8.095153E-6
3.485	  7.76307E-6
3.495	  7.4448376E-6
3.505	  7.139869E-6
3.515	  6.8476033E-6
3.525	  6.5675035E-6
3.535	  6.2990557E-6
3.545	  6.041768E-6
3.555	  5.7951684E-6
3.565	  5.558807E-6
3.575	  5.332252E-6
3.585	  5.11509E-6
3.595	  4.906926E-6
3.605	  4.7073804E-6
3.615	  4.5160914E-6
3.625	  4.332712E-6
3.635	  4.1569097E-6
3.645	  3.9883666E-6
3.655	  3.826778E-6
3.665	  3.6718527E-6
3.675	  3.523311E-6
3.685	  3.3808858E-6
3.695	  3.244321E-6
3.705	  3.113372E-6
3.715	  2.9878033E-6
3.725	  2.867391E-6
3.735	  2.751919E-6
3.745	  2.6411822E-6
3.755	  2.5349823E-6
3.765	  2.4331307E-6
3.775	  2.3354464E-6
3.785	  2.241756E-6
3.795	  2.1518933E-6
3.805	  2.0656994E-6
3.815	  1.9830218E-6
3.825	  1.9037149E-6
3.835	  1.8276386E-6
3.845	  1.7546593E-6
3.855	  1.6846485E-6
3.865	  1.6174835E-6
3.875	  1.5530466E-6
3.885	  1.4912249E-6
3.895	  1.4319107E-6
3.905	  1.3750004E-6
3.915	  1.3203946E-6
3.925	  1.2679988E-6
3.935	  1.2177215E-6
3.945	  1.1694759E-6
3.955	  1.1231782E-6
3.965	  1.0787486E-6
3.975	  1.03611E-6
3.985	  9.951893E-7
3.995	  9.559158E-7
4.005	  9.1822204E-7



DATASET #3

     Name: BPT Fit
   Points: 401
     Info: Mean = 100.0, Aperiodicity = 0.5, Duration = 30.0, Delta T = 1.0, Num Points = 500, Historic Open Interval = 0.0
Computed mean = 0.9992875

Data[x,y]:
0.0	  0.0
0.01	  0.0
0.02	  0.0
0.03	  0.0
0.04	  0.0
0.05	  2.854E-42
0.06	  1.5260334E-34
0.07	  4.7997572E-29
0.08	  6.121765E-25
0.09	  9.243572E-22
0.1	  3.1407122E-19
0.11	  3.612179E-17
0.12	  1.8457407E-15
0.13	  5.0573468E-14
0.14	  8.498081E-13
0.15	  9.662182E-12
0.16	  8.001811E-11
0.17	  5.1063404E-10
0.18	  2.6232407E-9
0.19	  1.1229446E-8
0.2	  4.1176257E-8
0.21	  1.3224829E-7
0.22	  3.7888339E-7
0.23	  9.829421E-7
0.24	  2.3382854E-6
0.25	  5.1544216E-6
0.26	  1.06226935E-5
0.27	  2.062274E-5
0.28	  3.7960148E-5
0.29	  6.661955E-5
0.3	  1.1201219E-4
0.31	  1.8119403E-4
0.32	  2.8303033E-4
0.33	  4.2828542E-4
0.34	  6.296217E-4
0.35	  9.014979E-4
0.36	  0.001259966
0.37	  0.0017223704
0.38	  0.0023069638
0.39	  0.003032455
0.4	  0.003917513
0.41	  0.004980244
0.42	  0.0062376745
0.43	  0.0077052503
0.44	  0.009396381
0.45	  0.011322037
0.46	  0.013490424
0.47	  0.015906725
0.48	  0.018572934
0.49	  0.021487763
0.5	  0.024646644
0.51	  0.028041787
0.52	  0.031662326
0.53	  0.035494514
0.54	  0.039521966
0.55	  0.043725956
0.56	  0.048085734
0.57	  0.052578855
0.58	  0.05718154
0.59	  0.06186902
0.6	  0.0666159
0.61	  0.071396455
0.62	  0.07618501
0.63	  0.08095617
0.64	  0.08568514
0.65	  0.09034795
0.66	  0.09492167
0.67	  0.0993846
0.68	  0.10371642
0.69	  0.10789831
0.7	  0.111913085
0.71	  0.11574521
0.72	  0.11938087
0.73	  0.122808024
0.74	  0.12601633
0.75	  0.12899724
0.76	  0.13174382
0.77	  0.1342508
0.78	  0.13651454
0.79	  0.13853286
0.8	  0.14030498
0.81	  0.14183152
0.82	  0.14311428
0.83	  0.14415626
0.84	  0.14496148
0.85	  0.14553492
0.86	  0.14588241
0.87	  0.14601055
0.88	  0.14592656
0.89	  0.14563829
0.9	  0.14515404
0.91	  0.14448251
0.92	  0.1436327
0.93	  0.1426139
0.94	  0.14143555
0.95	  0.14010718
0.96	  0.1386384
0.97	  0.13703883
0.98	  0.13531797
0.99	  0.13348527
1.0	  0.13155003
1.01	  0.12952138
1.02	  0.12740822
1.03	  0.12521923
1.04	  0.12296282
1.05	  0.12064713
1.06	  0.11827999
1.07	  0.11586895
1.08	  0.113421194
1.09	  0.110943615
1.1	  0.10844276
1.11	  0.10592485
1.12	  0.10339575
1.13	  0.10086101
1.14	  0.09832585
1.15	  0.095795125
1.16	  0.093273416
1.17	  0.090764955
1.18	  0.08827368
1.19	  0.085803226
1.2	  0.08335695
1.21	  0.08093789
1.22	  0.07854886
1.23	  0.076192394
1.24	  0.07387077
1.25	  0.07158603
1.26	  0.069340006
1.27	  0.06713428
1.28	  0.06497028
1.29	  0.06284919
1.3	  0.06077203
1.31	  0.058739662
1.32	  0.056752767
1.33	  0.054811876
1.34	  0.052917387
1.35	  0.051069565
1.36	  0.04926854
1.37	  0.04751434
1.38	  0.045806892
1.39	  0.044146005
1.4	  0.04253142
1.41	  0.040962785
1.42	  0.039439682
1.43	  0.037961613
1.44	  0.036528036
1.45	  0.03513834
1.46	  0.03379187
1.47	  0.03248793
1.48	  0.03122578
1.49	  0.030004656
1.5	  0.028823756
1.51	  0.02768226
1.52	  0.026579322
1.53	  0.025514085
1.54	  0.024485676
1.55	  0.023493208
1.56	  0.022535793
1.57	  0.021612538
1.58	  0.020722544
1.59	  0.019864917
1.6	  0.019038763
1.61	  0.018243194
1.62	  0.017477324
1.63	  0.016740283
1.64	  0.016031202
1.65	  0.01534923
1.66	  0.014693521
1.67	  0.014063245
1.68	  0.013457587
1.69	  0.012875744
1.7	  0.012316929
1.71	  0.011780371
1.72	  0.011265314
1.73	  0.010771021
1.74	  0.01029677
1.75	  0.009841857
1.76	  0.009405593
1.77	  0.008987311
1.78	  0.008586358
1.79	  0.008202099
1.8	  0.007833919
1.81	  0.0074812165
1.82	  0.007143411
1.83	  0.006819937
1.84	  0.0065102475
1.85	  0.0062138117
1.86	  0.0059301145
1.87	  0.0056586596
1.88	  0.005398964
1.89	  0.0051505626
1.9	  0.004913005
1.91	  0.004685856
1.92	  0.0044686953
1.93	  0.0042611174
1.94	  0.004062731
1.95	  0.0038731585
1.96	  0.0036920358
1.97	  0.0035190124
1.98	  0.0033537499
1.99	  0.0031959233
2.0	  0.0030452192
2.01	  0.002901336
2.02	  0.0027639836
2.03	  0.002632883
2.04	  0.002507766
2.05	  0.0023883749
2.06	  0.002274462
2.07	  0.0021657893
2.08	  0.0020621282
2.09	  0.0019632594
2.1	  0.0018689727
2.11	  0.0017790656
2.12	  0.0016933446
2.13	  0.0016116237
2.14	  0.0015337248
2.15	  0.0014594771
2.16	  0.0013887169
2.17	  0.0013212872
2.18	  0.001257038
2.19	  0.001195825
2.2	  0.0011375109
2.21	  0.0010819633
2.22	  0.0010290563
2.23	  9.786689E-4
2.24	  9.306855E-4
2.25	  8.849955E-4
2.26	  8.414932E-4
2.27	  8.000774E-4
2.28	  7.6065137E-4
2.29	  7.231227E-4
2.3	  6.87403E-4
2.31	  6.534079E-4
2.32	  6.2105665E-4
2.33	  5.9027225E-4
2.34	  5.60981E-4
2.35	  5.331127E-4
2.36	  5.066001E-4
2.37	  4.8137913E-4
2.38	  4.5738867E-4
2.39	  4.3457025E-4
2.4	  4.128682E-4
2.41	  3.9222927E-4
2.42	  3.7260275E-4
2.43	  3.539402E-4
2.44	  3.361955E-4
2.45	  3.1932455E-4
2.46	  3.0328537E-4
2.47	  2.880379E-4
2.48	  2.73544E-4
2.49	  2.5976723E-4
2.5	  2.466729E-4
2.51	  2.3422796E-4
2.52	  2.2240088E-4
2.53	  2.1116163E-4
2.54	  2.0048162E-4
2.55	  1.9033355E-4
2.56	  1.806915E-4
2.57	  1.715307E-4
2.58	  1.6282761E-4
2.59	  1.5455979E-4
2.6	  1.4670589E-4
2.61	  1.3924555E-4
2.62	  1.321594E-4
2.63	  1.2542904E-4
2.64	  1.1903689E-4
2.65	  1.12966256E-4
2.66	  1.0720123E-4
2.67	  1.017267E-4
2.68	  9.652825E-5
2.69	  9.15922E-5
2.7	  8.69055E-5
2.71	  8.245576E-5
2.72	  7.8231176E-5
2.73	  7.422053E-5
2.74	  7.041315E-5
2.75	  6.679889E-5
2.76	  6.336809E-5
2.77	  6.0111568E-5
2.78	  5.7020603E-5
2.79	  5.4086886E-5
2.8	  5.130253E-5
2.81	  4.866003E-5
2.82	  4.6152258E-5
2.83	  4.3772427E-5
2.84	  4.15141E-5
2.85	  3.937115E-5
2.86	  3.733775E-5
2.87	  3.540838E-5
2.88	  3.357777E-5
2.89	  3.1840926E-5
2.9	  3.0193109E-5
2.91	  2.86298E-5
2.92	  2.7146718E-5
2.93	  2.5739793E-5
2.94	  2.4405153E-5
2.95	  2.313913E-5
2.96	  2.193823E-5
2.97	  2.079914E-5
2.98	  1.9718711E-5
2.99	  1.8693952E-5
3.0	  1.7722028E-5
3.01	  1.6800237E-5
3.02	  1.5926022E-5
3.03	  1.5096948E-5
3.04	  1.4310709E-5
3.05	  1.3565113E-5
3.06	  1.2858076E-5
3.07	  1.2187625E-5
3.08	  1.15518815E-5
3.09	  1.0949067E-5
3.1	  1.0377489E-5
3.11	  9.835545E-6
3.12	  9.3217095E-6
3.13	  8.834538E-6
3.14	  8.372659E-6
3.15	  7.934769E-6
3.16	  7.519633E-6
3.17	  7.126078E-6
3.18	  6.7529904E-6
3.19	  6.3993143E-6
3.2	  6.064048E-6
3.21	  5.7462403E-6
3.22	  5.4449883E-6
3.23	  5.1594366E-6
3.24	  4.8887723E-6
3.25	  4.6322252E-6
3.26	  4.3890645E-6
3.27	  4.158596E-6
3.28	  3.940162E-6
3.29	  3.7331388E-6
3.3	  3.536934E-6
3.31	  3.3509857E-6
3.32	  3.1747618E-6
3.33	  3.0077567E-6
3.34	  2.8494915E-6
3.35	  2.6995115E-6
3.36	  2.5573859E-6
3.37	  2.4227056E-6
3.38	  2.295083E-6
3.39	  2.174151E-6
3.4	  2.05956E-6
3.41	  1.9509803E-6
3.42	  1.8480981E-6
3.43	  1.750616E-6
3.44	  1.6582524E-6
3.45	  1.5707398E-6
3.46	  1.487825E-6
3.47	  1.4092676E-6
3.48	  1.33484E-6
3.49	  1.2643262E-6
3.5	  1.1975214E-6
3.51	  1.1342316E-6
3.52	  1.0742727E-6
3.53	  1.0174705E-6
3.54	  9.636594E-7
3.55	  9.126828E-7
3.56	  8.643921E-7
3.57	  8.1864647E-7
3.58	  7.753124E-7
3.59	  7.342633E-7
3.6	  6.9537936E-7
3.61	  6.5854687E-7
3.62	  6.23658E-7
3.63	  5.9061074E-7
3.64	  5.593083E-7
3.65	  5.2965896E-7
3.66	  5.0157576E-7
3.67	  4.7497633E-7
3.68	  4.4978268E-7
3.69	  4.2592075E-7
3.7	  4.0332046E-7
3.71	  3.8191536E-7
3.72	  3.6164255E-7
3.73	  3.4244232E-7
3.74	  3.2425817E-7
3.75	  3.0703652E-7
3.76	  2.9072666E-7
3.77	  2.7528046E-7
3.78	  2.6065237E-7
3.79	  2.4679923E-7
3.8	  2.3368011E-7
3.81	  2.212563E-7
3.82	  2.0949105E-7
3.83	  1.9834958E-7
3.84	  1.8779895E-7
3.85	  1.778079E-7
3.86	  1.683469E-7
3.87	  1.593879E-7
3.88	  1.5090436E-7
3.89	  1.4287112E-7
3.9	  1.3526436E-7
3.91	  1.2806152E-7
3.92	  1.2124121E-7
3.93	  1.1478319E-7
3.94	  1.08668274E-7
3.95	  1.0287828E-7
3.96	  9.7396004E-8
3.97	  9.220515E-8
3.98	  8.729025E-8
3.99	  8.2636696E-8
4.0	  7.823063E-8


