
X-Axis: Average Normalized Interevent Time
Y-Axis: Probability
Number of Data Sets: 3


DATASET #1

     Name: JG Test Master Exec Histogram
   Points: 41
     Info: 

Data[x,y]:
0.05	  0.0027857062
0.15	  0.0066902614
0.25	  0.014841877
0.35	  0.02271949
0.45	  0.042173766
0.55	  0.063226394
0.65	  0.09295582
0.75	  0.13115652
0.85	  0.17257679
0.95	  0.19385774
1.05	  0.1457244
1.15	  0.070007995
1.25	  0.02710355
1.35	  0.009270465
1.45	  0.00305971
1.55	  0.0011645166
1.65	  4.795068E-4
1.75	  1.598356E-4
1.85	  2.2833658E-5
1.95	  0.0
2.05	  2.2833658E-5
2.15	  0.0
2.25	  0.0
2.35	  0.0
2.45	  0.0
2.55	  0.0
2.65	  0.0
2.75	  0.0
2.85	  0.0
2.95	  0.0
3.05	  0.0
3.15	  0.0
3.25	  0.0
3.35	  0.0
3.45	  0.0
3.55	  0.0
3.65	  0.0
3.75	  0.0
3.85	  0.0
3.95	  0.0
4.05	  0.0



DATASET #2

     Name: Log-Normal Fit
   Points: 401
     Info: 

Data[x,y]:
0.005	  0.0
0.015	  3.65471E-40
0.025	  3.869639E-32
0.035	  5.3811943E-27
0.045	  2.5463064E-23
0.055	  1.6015944E-20
0.065	  2.6713467E-18
0.075	  1.7531123E-16
0.085	  5.7859643E-15
0.095	  1.12994595E-13
0.105	  1.4620713E-12
0.115	  1.3600532E-11
0.125	  9.6642985E-11
0.135	  5.493847E-10
0.145	  2.5897766E-9
0.155	  1.0414681E-8
0.165	  3.655168E-8
0.175	  1.1404441E-7
0.185	  3.2117651E-7
0.195	  8.2679026E-7
0.205	  1.966167E-6
0.215	  4.3581217E-6
0.225	  9.072697E-6
0.235	  1.7855205E-5
0.245	  3.3406384E-5
0.255	  5.9710717E-5
0.265	  1.0239645E-4
0.275	  1.6910298E-4
0.285	  2.698249E-4
0.295	  4.1719901E-4
0.305	  6.266998E-4
0.315	  9.1671414E-4
0.325	  0.00130847
0.335	  0.001825807
0.345	  0.0024947838
0.355	  0.0033431314
0.365	  0.0043995683
0.375	  0.00569301
0.385	  0.0072517004
0.395	  0.00910231
0.405	  0.011269037
0.415	  0.01377275
0.425	  0.016630216
0.435	  0.019853426
0.445	  0.023449074
0.455	  0.027418166
0.465	  0.0317558
0.475	  0.036451127
0.485	  0.041487418
0.495	  0.04684235
0.505	  0.05248838
0.515	  0.058393236
0.525	  0.06452053
0.535	  0.070830405
0.545	  0.077280276
0.555	  0.08382555
0.565	  0.09042042
0.575	  0.09701853
0.585	  0.10357378
0.595	  0.11004087
0.605	  0.116376065
0.615	  0.12253759
0.625	  0.1284862
0.635	  0.13418555
0.645	  0.13960251
0.655	  0.14470749
0.665	  0.14947447
0.675	  0.15388128
0.685	  0.15790951
0.695	  0.1615446
0.705	  0.16477568
0.715	  0.16759554
0.725	  0.17000037
0.735	  0.17198974
0.745	  0.17356618
0.755	  0.17473511
0.765	  0.17550454
0.775	  0.17588477
0.785	  0.17588818
0.795	  0.17552896
0.805	  0.1748228
0.815	  0.17378676
0.825	  0.17243883
0.835	  0.17079791
0.845	  0.16888343
0.855	  0.16671522
0.865	  0.16431336
0.875	  0.16169788
0.885	  0.15888874
0.895	  0.15590563
0.905	  0.15276784
0.915	  0.14949413
0.925	  0.14610273
0.935	  0.14261118
0.945	  0.13903627
0.955	  0.13539407
0.965	  0.13169974
0.975	  0.12796767
0.985	  0.124211356
0.995	  0.12044341
1.005	  0.11667557
1.015	  0.112918705
1.025	  0.10918282
1.035	  0.10547708
1.045	  0.10180982
1.055	  0.0981886
1.065	  0.09462019
1.075	  0.091110624
1.085	  0.087665245
1.095	  0.084288724
1.105	  0.0809851
1.115	  0.077757806
1.125	  0.074609734
1.135	  0.07154323
1.145	  0.068560176
1.155	  0.06566198
1.165	  0.062849656
1.175	  0.060123812
1.185	  0.057484716
1.195	  0.05493232
1.205	  0.052466273
1.215	  0.050085977
1.225	  0.047790583
1.235	  0.045579053
1.245	  0.043450143
1.255	  0.041402463
1.265	  0.039434467
1.275	  0.037544504
1.285	  0.0357308
1.295	  0.03399152
1.305	  0.032324728
1.315	  0.030728457
1.325	  0.029200684
1.335	  0.027739359
1.345	  0.026342407
1.355	  0.02500775
1.365	  0.023733303
1.375	  0.02251699
1.385	  0.021356747
1.395	  0.02025053
1.405	  0.019196328
1.415	  0.018192146
1.425	  0.017236037
1.435	  0.016326087
1.445	  0.015460423
1.455	  0.014637218
1.465	  0.01385469
1.475	  0.013111104
1.485	  0.012404778
1.495	  0.011734077
1.505	  0.011097418
1.515	  0.010493268
1.525	  0.009920149
1.535	  0.009376631
1.545	  0.008861336
1.555	  0.008372938
1.565	  0.007910159
1.575	  0.0074717724
1.585	  0.007056598
1.595	  0.006663505
1.605	  0.006291408
1.615	  0.0059392676
1.625	  0.0056060874
1.635	  0.0052909157
1.645	  0.004992841
1.655	  0.004710993
1.665	  0.0044445405
1.675	  0.004192691
1.685	  0.003954686
1.695	  0.0037298058
1.705	  0.0035173623
1.715	  0.0033167005
1.725	  0.0031271975
1.735	  0.0029482602
1.745	  0.0027793243
1.755	  0.002619854
1.765	  0.0024693394
1.775	  0.0023272969
1.785	  0.0021932663
1.795	  0.0020668115
1.805	  0.0019475189
1.815	  0.0018349955
1.825	  0.0017288688
1.835	  0.0016287861
1.845	  0.0015344127
1.855	  0.0014454317
1.865	  0.0013615431
1.875	  0.0012824625
1.885	  0.0012079208
1.895	  0.0011376636
1.905	  0.00107145
1.915	  0.0010090518
1.925	  9.5025374E-4
1.935	  8.9485204E-4
1.945	  8.426539E-4
1.955	  7.9347746E-4
1.965	  7.471505E-4
1.975	  7.035106E-4
1.985	  6.624042E-4
1.995	  6.236863E-4
2.005	  5.872199E-4
2.015	  5.5287586E-4
2.025	  5.20532E-4
2.035	  4.9007335E-4
2.045	  4.6139106E-4
2.055	  4.3438261E-4
2.065	  4.0895125E-4
2.075	  3.8500575E-4
2.085	  3.6246E-4
2.095	  3.4123284E-4
2.105	  3.2124767E-4
2.115	  3.0243237E-4
2.125	  2.8471884E-4
2.135	  2.6804296E-4
2.145	  2.5234427E-4
2.155	  2.3756576E-4
2.165	  2.2365377E-4
2.175	  2.1055766E-4
2.185	  1.9822974E-4
2.195	  1.8662513E-4
2.205	  1.7570147E-4
2.215	  1.654189E-4
2.225	  1.5573986E-4
2.235	  1.46629E-4
2.245	  1.3805299E-4
2.255	  1.2998044E-4
2.265	  1.2238183E-4
2.275	  1.1522933E-4
2.285	  1.0849674E-4
2.295	  1.02159385E-4
2.305	  9.6194046E-5
2.315	  9.057886E-5
2.325	  8.529324E-5
2.335	  8.031781E-5
2.345	  7.563433E-5
2.355	  7.122561E-5
2.365	  6.7075496E-5
2.375	  6.316878E-5
2.385	  5.9491136E-5
2.395	  5.6029083E-5
2.405	  5.2769934E-5
2.415	  4.9701754E-5
2.425	  4.6813297E-5
2.435	  4.4093995E-5
2.445	  4.1533895E-5
2.455	  3.9123624E-5
2.465	  3.685437E-5
2.475	  3.4717843E-5
2.485	  3.2706226E-5
2.495	  3.081218E-5
2.505	  2.9028794E-5
2.515	  2.7349557E-5
2.525	  2.5768348E-5
2.535	  2.4279409E-5
2.545	  2.2877315E-5
2.555	  2.1556967E-5
2.565	  2.0313564E-5
2.575	  1.9142592E-5
2.585	  1.8039793E-5
2.595	  1.7001174E-5
2.605	  1.6022965E-5
2.615	  1.5101627E-5
2.625	  1.4233825E-5
2.635	  1.3416422E-5
2.645	  1.26464665E-5
2.655	  1.192118E-5
2.665	  1.12379485E-5
2.675	  1.0594311E-5
2.685	  9.987952E-6
2.695	  9.416692E-6
2.705	  8.878479E-6
2.715	  8.371386E-6
2.725	  7.893594E-6
2.735	  7.4433924E-6
2.745	  7.0191736E-6
2.755	  6.6194225E-6
2.765	  6.2427134E-6
2.775	  5.887704E-6
2.785	  5.553132E-6
2.795	  5.2378073E-6
2.805	  4.9406117E-6
2.815	  4.660491E-6
2.825	  4.3964537E-6
2.835	  4.147566E-6
2.845	  3.912949E-6
2.855	  3.6917752E-6
2.865	  3.4832658E-6
2.875	  3.286687E-6
2.885	  3.1013483E-6
2.895	  2.9265996E-6
2.905	  2.7618287E-6
2.915	  2.6064588E-6
2.925	  2.4599476E-6
2.935	  2.3217835E-6
2.945	  2.1914852E-6
2.955	  2.0685995E-6
2.965	  1.9526997E-6
2.975	  1.8433833E-6
2.985	  1.740272E-6
2.995	  1.6430089E-6
3.005	  1.5512584E-6
3.015	  1.4647037E-6
3.025	  1.3830471E-6
3.035	  1.3060077E-6
3.045	  1.233321E-6
3.055	  1.1647379E-6
3.065	  1.1000237E-6
3.075	  1.0389573E-6
3.085	  9.813302E-7
3.095	  9.2694626E-7
3.105	  8.7562046E-7
3.115	  8.2717844E-7
3.125	  7.8145604E-7
3.135	  7.3829847E-7
3.145	  6.9755987E-7
3.155	  6.591028E-7
3.165	  6.227977E-7
3.175	  5.8852254E-7
3.185	  5.561622E-7
3.195	  5.2560813E-7
3.205	  4.967582E-7
3.215	  4.6951595E-7
3.225	  4.4379055E-7
3.235	  4.194963E-7
3.245	  3.9655248E-7
3.255	  3.7488294E-7
3.265	  3.5441585E-7
3.275	  3.3508357E-7
3.285	  3.1682222E-7
3.295	  2.9957164E-7
3.305	  2.8327503E-7
3.315	  2.678789E-7
3.325	  2.5333273E-7
3.335	  2.3958893E-7
3.345	  2.2660254E-7
3.355	  2.1433124E-7
3.365	  2.0273504E-7
3.375	  1.9177625E-7
3.385	  1.8141931E-7
3.395	  1.7163067E-7
3.405	  1.6237867E-7
3.415	  1.5363345E-7
3.425	  1.4536681E-7
3.435	  1.3755219E-7
3.445	  1.3016447E-7
3.455	  1.2317997E-7
3.465	  1.16576366E-7
3.475	  1.1033254E-7
3.485	  1.04428615E-7
3.495	  9.8845774E-8
3.505	  9.35663E-8
3.515	  8.857345E-8
3.525	  8.385141E-8
3.535	  7.938527E-8
3.545	  7.516094E-8
3.555	  7.116513E-8
3.565	  6.738527E-8
3.575	  6.3809516E-8
3.585	  6.0426665E-8
3.595	  5.722615E-8
3.605	  5.4197983E-8
3.615	  5.1332737E-8
3.625	  4.8621505E-8
3.635	  4.6055877E-8
3.645	  4.362791E-8
3.655	  4.1330097E-8
3.665	  3.9155346E-8
3.675	  3.7096964E-8
3.685	  3.514862E-8
3.695	  3.3304342E-8
3.705	  3.1558475E-8
3.715	  2.9905685E-8
3.725	  2.834093E-8
3.735	  2.6859443E-8
3.745	  2.5456721E-8
3.755	  2.4128509E-8
3.765	  2.287078E-8
3.775	  2.1679739E-8
3.785	  2.0551788E-8
3.795	  1.9483528E-8
3.805	  1.8471752E-8
3.815	  1.7513422E-8
3.825	  1.660567E-8
3.835	  1.574578E-8
3.845	  1.4931187E-8
3.855	  1.4159466E-8
3.865	  1.34283225E-8
3.875	  1.2735588E-8
3.885	  1.20792105E-8
3.895	  1.145725E-8
3.905	  1.0867872E-8
3.915	  1.0309341E-8
3.925	  9.780015E-9
3.935	  9.278342E-9
3.945	  8.802852E-9
3.955	  8.352156E-9
3.965	  7.92494E-9
3.975	  7.519958E-9
3.985	  7.1360358E-9
3.995	  6.7720585E-9
4.005	  6.4269723E-9



DATASET #3

     Name: BPT Fit
   Points: 401
     Info: Mean = 100.0, Aperiodicity = 0.5, Duration = 30.0, Delta T = 1.0, Num Points = 500, Historic Open Interval = 0.0
Computed mean = 0.8434568

Data[x,y]:
0.0	  0.0
0.01	  0.0
0.02	  0.0
0.03	  0.0
0.04	  0.0
0.05	  3.823E-41
0.06	  1.7539621E-33
0.07	  4.9158904E-28
0.08	  5.719774E-24
0.09	  8.0030645E-21
0.1	  2.547507E-18
0.11	  2.7668556E-16
0.12	  1.3431125E-14
0.13	  3.5122434E-13
0.14	  5.652896E-12
0.15	  6.17402E-11
0.16	  4.92315E-10
0.17	  3.03086E-9
0.18	  1.5045101E-8
0.19	  6.231679E-8
0.2	  2.2135238E-7
0.21	  6.893616E-7
0.22	  1.9166946E-6
0.23	  4.829342E-6
0.24	  1.1164831E-5
0.25	  2.3931909E-5
0.26	  4.7983773E-5
0.27	  9.0669986E-5
0.28	  1.6250876E-4
0.29	  2.7780398E-4
0.3	  4.5512486E-4
0.31	  7.1757054E-4
0.32	  0.0010927586
0.33	  0.0016124999
0.34	  0.002312153
0.35	  0.0032296795
0.36	  0.004404445
0.37	  0.0058758417
0.38	  0.007681802
0.39	  0.0098573
0.4	  0.012432917
0.41	  0.01543355
0.42	  0.018877314
0.43	  0.022774708
0.44	  0.027128031
0.45	  0.031931117
0.46	  0.03716932
0.47	  0.042819783
0.48	  0.048851945
0.49	  0.055228245
0.5	  0.061904978
0.51	  0.06883331
0.52	  0.075960316
0.53	  0.08323013
0.54	  0.09058499
0.55	  0.09796641
0.56	  0.10531612
0.57	  0.11257707
0.58	  0.119694285
0.59	  0.12661557
0.6	  0.1332922
0.61	  0.13967939
0.62	  0.14573675
0.63	  0.15142858
0.64	  0.15672396
0.65	  0.16159698
0.66	  0.16602667
0.67	  0.1699969
0.68	  0.17349632
0.69	  0.17651807
0.7	  0.17905957
0.71	  0.18112226
0.72	  0.18271124
0.73	  0.18383498
0.74	  0.18450494
0.75	  0.18473521
0.76	  0.18454224
0.77	  0.18394439
0.78	  0.18296169
0.79	  0.18161546
0.8	  0.17992803
0.81	  0.17792252
0.82	  0.17562245
0.83	  0.17305161
0.84	  0.17023382
0.85	  0.1671927
0.86	  0.16395152
0.87	  0.16053309
0.88	  0.15695953
0.89	  0.1532523
0.9	  0.14943194
0.91	  0.14551815
0.92	  0.14152963
0.93	  0.1374841
0.94	  0.1333982
0.95	  0.12928757
0.96	  0.12516671
0.97	  0.12104914
0.98	  0.11694727
0.99	  0.11287251
1.0	  0.108835235
1.01	  0.10484487
1.02	  0.10090987
1.03	  0.09703779
1.04	  0.09323533
1.05	  0.089508355
1.06	  0.08586194
1.07	  0.08230044
1.08	  0.078827515
1.09	  0.07544616
1.1	  0.0721588
1.11	  0.06896727
1.12	  0.0658729
1.13	  0.06287657
1.14	  0.059978683
1.15	  0.057179283
1.16	  0.05447804
1.17	  0.05187431
1.18	  0.04936715
1.19	  0.04695536
1.2	  0.044637524
1.21	  0.04241202
1.22	  0.04027705
1.23	  0.038230672
1.24	  0.03627082
1.25	  0.03439531
1.26	  0.03260189
1.27	  0.030888226
1.28	  0.029251939
1.29	  0.027690614
1.3	  0.026201807
1.31	  0.024783067
1.32	  0.023431944
1.33	  0.02214599
1.34	  0.020922782
1.35	  0.019759921
1.36	  0.01865504
1.37	  0.01760581
1.38	  0.016609944
1.39	  0.015665209
1.4	  0.014769416
1.41	  0.013920438
1.42	  0.013116198
1.43	  0.012354682
1.44	  0.011633938
1.45	  0.010952073
1.46	  0.010307257
1.47	  0.009697724
1.48	  0.009121769
1.49	  0.008577752
1.5	  0.008064092
1.51	  0.007579272
1.52	  0.007121836
1.53	  0.006690385
1.54	  0.0062835803
1.55	  0.005900141
1.56	  0.0055388394
1.57	  0.005198505
1.58	  0.0048780185
1.59	  0.004576312
1.6	  0.0042923684
1.61	  0.004025217
1.62	  0.0037739351
1.63	  0.0035376437
1.64	  0.0033155077
1.65	  0.003106733
1.66	  0.0029105654
1.67	  0.0027262894
1.68	  0.002553226
1.69	  0.0023907314
1.7	  0.0022381952
1.71	  0.0020950397
1.72	  0.0019607178
1.73	  0.0018347115
1.74	  0.0017165313
1.75	  0.001605714
1.76	  0.0015018219
1.77	  0.0014044418
1.78	  0.0013131831
1.79	  0.0012276773
1.8	  0.001147577
1.81	  0.0010725538
1.82	  0.0010022988
1.83	  9.3652034E-4
1.84	  8.7494386E-4
1.85	  8.173106E-4
1.86	  7.63377E-4
1.87	  7.1291375E-4
1.88	  6.6570507E-4
1.89	  6.2154786E-4
1.9	  5.802513E-4
1.91	  5.416358E-4
1.92	  5.0553255E-4
1.93	  4.7178307E-4
1.94	  4.4023836E-4
1.95	  4.1075842E-4
1.96	  3.832119E-4
1.97	  3.5747545E-4
1.98	  3.3343324E-4
1.99	  3.1097667E-4
2.0	  2.9000378E-4
2.01	  2.70419E-4
2.02	  2.5213268E-4
2.03	  2.3506078E-4
2.04	  2.1912451E-4
2.05	  2.0425006E-4
2.06	  1.9036824E-4
2.07	  1.7741427E-4
2.08	  1.6532744E-4
2.09	  1.5405091E-4
2.1	  1.4353148E-4
2.11	  1.3371934E-4
2.12	  1.2456786E-4
2.13	  1.1603342E-4
2.14	  1.0807519E-4
2.15	  1.00654994E-4
2.16	  9.373711E-5
2.17	  8.7288136E-5
2.18	  8.127685E-5
2.19	  7.567404E-5
2.2	  7.045243E-5
2.21	  6.558649E-5
2.22	  6.105241E-5
2.23	  5.6827892E-5
2.24	  5.2892137E-5
2.25	  4.9225706E-5
2.26	  4.5810444E-5
2.27	  4.2629395E-5
2.28	  3.9666735E-5
2.29	  3.6907673E-5
2.3	  3.4338416E-5
2.31	  3.194609E-5
2.32	  2.9718662E-5
2.33	  2.7644923E-5
2.34	  2.5714404E-5
2.35	  2.3917337E-5
2.36	  2.2244614E-5
2.37	  2.0687736E-5
2.38	  1.9238776E-5
2.39	  1.7890341E-5
2.4	  1.6635538E-5
2.41	  1.5467942E-5
2.42	  1.4381557E-5
2.43	  1.3370798E-5
2.44	  1.2430457E-5
2.45	  1.1555681E-5
2.46	  1.0741946E-5
2.47	  9.985037E-6
2.48	  9.281025E-6
2.49	  8.626251E-6
2.5	  8.017304E-6
2.51	  7.4510076E-6
2.52	  6.924404E-6
2.53	  6.434736E-6
2.54	  5.979437E-6
2.55	  5.556117E-6
2.56	  5.162549E-6
2.57	  4.7966605E-6
2.58	  4.4565218E-6
2.59	  4.1403355E-6
2.6	  3.84643E-6
2.61	  3.5732469E-6
2.62	  3.3193378E-6
2.63	  3.0833532E-6
2.64	  2.8640382E-6
2.65	  2.6602236E-6
2.66	  2.4708227E-6
2.67	  2.2948238E-6
2.68	  2.1312853E-6
2.69	  1.9793315E-6
2.7	  1.8381478E-6
2.71	  1.7069761E-6
2.72	  1.5851112E-6
2.73	  1.4718976E-6
2.74	  1.366725E-6
2.75	  1.269026E-6
2.76	  1.1782732E-6
2.77	  1.0939759E-6
2.78	  1.0156778E-6
2.79	  9.4295444E-7
2.8	  8.7541156E-7
2.81	  8.126823E-7
2.82	  7.544256E-7
2.83	  7.0032456E-7
2.84	  6.5008436E-7
2.85	  6.0343115E-7
2.86	  5.601102E-7
2.87	  5.1988485E-7
2.88	  4.825351E-7
2.89	  4.478565E-7
2.9	  4.1565906E-7
2.91	  3.8576619E-7
2.92	  3.5801375E-7
2.93	  3.322493E-7
2.94	  3.0833115E-7
2.95	  2.8612763E-7
2.96	  2.6551646E-7
2.97	  2.4638396E-7
2.98	  2.2862457E-7
2.99	  2.1214021E-7
3.0	  1.9683978E-7
3.01	  1.826386E-7
3.02	  1.6945809E-7
3.03	  1.572252E-7
3.04	  1.4587211E-7
3.05	  1.353358E-7
3.06	  1.2555778E-7
3.07	  1.164837E-7
3.08	  1.0806309E-7
3.09	  1.0024909E-7
3.1	  9.299818E-8
3.11	  8.6269935E-8
3.12	  8.002684E-8
3.13	  7.423404E-8
3.14	  6.885919E-8
3.15	  6.387224E-8
3.16	  5.9245313E-8
3.17	  5.495251E-8
3.18	  5.096978E-8
3.19	  4.727482E-8
3.2	  4.384691E-8
3.21	  4.0666812E-8
3.22	  3.7716678E-8
3.23	  3.4979934E-8
3.24	  3.2441193E-8
3.25	  3.0086184E-8
3.26	  2.7901653E-8
3.27	  2.5875297E-8
3.28	  2.39957E-8
3.29	  2.2252268E-8
3.3	  2.0635166E-8
3.31	  1.9135271E-8
3.32	  1.7744112E-8
3.33	  1.6453832E-8
3.34	  1.5257134E-8
3.35	  1.4147255E-8
3.36	  1.3117912E-8
3.37	  1.2163278E-8
3.38	  1.1277948E-8
3.39	  1.0456903E-8
3.4	  9.695489E-9
3.41	  8.989386E-9
3.42	  8.334589E-9
3.43	  7.727378E-9
3.44	  7.1643043E-9
3.45	  6.6421686E-9
3.46	  6.158002E-9
3.47	  5.7090506E-9
3.48	  5.292759E-9
3.49	  4.906758E-9
3.5	  4.5488484E-9
3.51	  4.2169908E-9
3.52	  3.9092938E-9
3.53	  3.6240022E-9
3.54	  3.3594887E-9
3.55	  3.1142435E-9
3.56	  2.8868659E-9
3.57	  2.6760574E-9
3.58	  2.480613E-9
3.59	  2.2994158E-9
3.6	  2.131429E-9
3.61	  1.975692E-9
3.62	  1.8313134E-9
3.63	  1.6974664E-9
3.64	  1.5733843E-9
3.65	  1.4583563E-9
3.66	  1.3517231E-9
3.67	  1.2528732E-9
3.68	  1.1612397E-9
3.69	  1.0762967E-9
3.7	  9.975567E-10
3.71	  9.2456764E-10
3.72	  8.5691026E-10
3.73	  7.941958E-10
3.74	  7.360639E-10
3.75	  6.821802E-10
3.76	  6.322349E-10
3.77	  5.859406E-10
3.78	  5.430309E-10
3.79	  5.032588E-10
3.8	  4.6639526E-10
3.81	  4.3222798E-10
3.82	  4.0056006E-10
3.83	  3.7120895E-10
3.84	  3.4400546E-10
3.85	  3.187927E-10
3.86	  2.954252E-10
3.87	  2.737682E-10
3.88	  2.5369665E-10
3.89	  2.3509464E-10
3.9	  2.1785476E-10
3.91	  2.0187743E-10
3.92	  1.8707033E-10
3.93	  1.7334786E-10
3.94	  1.6063072E-10
3.95	  1.4884532E-10
3.96	  1.3792353E-10
3.97	  1.2780216E-10
3.98	  1.184226E-10
3.99	  1.0973059E-10
4.0	  1.0167579E-10


