
X-Axis: Normalized Distance Along Strike
Y-Axis: Hypocenter Density
Number of Data Sets: 4


DATASET #1

     Name: 
   Points: 31
     Info: 

Data[x,y]:
0.05	  0.059756096
0.15	  0.0402439
0.25	  0.041463416
0.35	  0.043902438
0.45	  0.025609756
0.55	  0.036585364
0.65	  0.041463416
0.75	  0.041463416
0.85	  0.013414634
0.95	  0.031707317
1.05	  0.043902438
1.15	  0.025609756
1.25	  0.018292682
1.35	  0.0121951215
1.45	  0.024390243
1.55	  0.024390243
1.65	  0.0121951215
1.75	  0.018292682
1.85	  0.025609756
1.95	  0.043902438
2.05	  0.031707317
2.15	  0.013414634
2.25	  0.041463416
2.35	  0.041463416
2.45	  0.036585364
2.55	  0.025609756
2.65	  0.043902438
2.75	  0.041463416
2.85	  0.0402439
2.95	  0.059756096
3.05	  0.0



DATASET #2

     Name: 
   Points: 31
     Info: 

Data[x,y]:
0.05	  0.0
0.15	  0.0
0.25	  0.0
0.35	  0.0
0.45	  0.0
0.55	  0.0
0.65	  0.0
0.75	  0.0
0.85	  0.0
0.95	  0.0
1.05	  0.009756098
1.15	  0.008536586
1.25	  0.0060975607
1.35	  0.0036585366
1.45	  0.007317073
1.55	  0.007317073
1.65	  0.0036585366
1.75	  0.0060975607
1.85	  0.008536586
1.95	  0.009756098
2.05	  0.0
2.15	  0.0
2.25	  0.0
2.35	  0.0
2.45	  0.0
2.55	  0.0
2.65	  0.0
2.75	  0.0
2.85	  0.0
2.95	  0.0
3.05	  0.0



DATASET #3

Name: 
Num Points: 4
Info: 

X, Y Data:
0.021	  8.3658536E-4
0.021	  0.08282195
2.979	  0.08282195
2.979	  8.3658536E-4



DATASET #4

Name: 
Num Points: 4
Info: 

X, Y Data:
1.0	  8.3658536E-4
1.0	  0.074456096
2.0	  0.074456096
2.0	  8.3658536E-4


