
X-Axis: Average Normalized Interevent Time
Y-Axis: Probability
Number of Data Sets: 3


DATASET #1

     Name: Bruce 3271 Histogram
   Points: 41
     Info: 

Data[x,y]:
0.05	  0.021119969
0.15	  0.029900553
0.25	  0.038525928
0.35	  0.05063249
0.45	  0.06202951
0.55	  0.06979013
0.65	  0.07877027
0.75	  0.08793889
0.85	  0.09187463
0.95	  0.08992339
1.05	  0.079413295
1.15	  0.066940874
1.25	  0.052373085
1.35	  0.04202929
1.45	  0.03105356
1.55	  0.024379428
1.65	  0.017838335
1.75	  0.014501269
1.85	  0.010609874
1.95	  0.007860398
2.05	  0.0061863214
2.15	  0.005199614
2.25	  0.0039024823
2.35	  0.0027605628
2.45	  0.0025720906
2.55	  0.0016297299
2.65	  0.0014966907
2.75	  0.0011308329
2.85	  8.647546E-4
2.95	  9.312742E-4
3.05	  6.6519587E-4
3.15	  5.9867627E-4
3.25	  4.988969E-4
3.35	  4.102041E-4
3.45	  4.4346388E-4
3.55	  3.991175E-4
3.65	  2.5499173E-4
3.75	  1.8847216E-4
3.85	  3.2151132E-4
3.95	  1.6629897E-4
4.05	  0.001873635



DATASET #2

     Name: Log-Normal Fit
   Points: 401
     Info: 

Data[x,y]:
0.005	  1.3972157E-12
0.015	  3.1059222E-9
0.025	  1.5676035E-7
0.035	  1.8734314E-6
0.045	  1.0625706E-5
0.055	  3.874144E-5
0.065	  1.06112784E-4
0.075	  2.386016E-4
0.085	  4.65142E-4
0.095	  8.1462157E-4
0.105	  0.0013132363
0.115	  0.0019826132
0.125	  0.0028387299
0.135	  0.0038915125
0.145	  0.0051449556
0.155	  0.0065975934
0.165	  0.008243186
0.175	  0.010071508
0.185	  0.012069161
0.195	  0.014220358
0.205	  0.01650764
0.215	  0.018912515
0.225	  0.021416001
0.235	  0.023999088
0.245	  0.026643103
0.255	  0.02933001
0.265	  0.032042623
0.275	  0.03476479
0.285	  0.037481476
0.295	  0.040178858
0.305	  0.042844348
0.315	  0.045466598
0.325	  0.048035484
0.335	  0.05054208
0.345	  0.05297859
0.355	  0.05533832
0.365	  0.05761559
0.375	  0.059805673
0.385	  0.06190474
0.395	  0.06390978
0.405	  0.06581851
0.415	  0.06762935
0.425	  0.06934134
0.435	  0.070954055
0.445	  0.07246758
0.455	  0.07388244
0.465	  0.07519954
0.475	  0.076420136
0.485	  0.077545784
0.495	  0.078578286
0.505	  0.079519674
0.515	  0.080372155
0.525	  0.0811381
0.535	  0.08181998
0.545	  0.08242041
0.555	  0.08294203
0.565	  0.08338758
0.575	  0.08375982
0.585	  0.084061526
0.595	  0.08429548
0.605	  0.08446447
0.615	  0.08457126
0.625	  0.08461858
0.635	  0.08460914
0.645	  0.084545605
0.655	  0.084430575
0.665	  0.08426661
0.675	  0.08405621
0.685	  0.083801806
0.695	  0.08350578
0.705	  0.08317042
0.715	  0.082797974
0.725	  0.0823906
0.735	  0.0819504
0.745	  0.08147938
0.755	  0.08097951
0.765	  0.080452666
0.775	  0.07990066
0.785	  0.07932523
0.795	  0.07872804
0.805	  0.07811072
0.815	  0.07747478
0.825	  0.076821715
0.835	  0.07615292
0.845	  0.07546976
0.855	  0.07477351
0.865	  0.07406541
0.875	  0.07334662
0.885	  0.072618276
0.895	  0.07188143
0.905	  0.0711371
0.915	  0.070386246
0.925	  0.06962979
0.935	  0.06886859
0.945	  0.06810348
0.955	  0.067335226
0.965	  0.06656459
0.975	  0.06579225
0.985	  0.06501888
0.995	  0.06424509
1.005	  0.06347149
1.015	  0.06269862
1.025	  0.061927006
1.035	  0.061157137
1.045	  0.06038948
1.055	  0.059624467
1.065	  0.058862504
1.075	  0.05810397
1.085	  0.057349224
1.095	  0.056598593
1.105	  0.05585239
1.115	  0.0551109
1.125	  0.054374397
1.135	  0.05364312
1.145	  0.0529173
1.155	  0.05219716
1.165	  0.051482875
1.175	  0.050774638
1.185	  0.050072607
1.195	  0.049376935
1.205	  0.04868775
1.215	  0.048005182
1.225	  0.047329333
1.235	  0.046660308
1.245	  0.045998193
1.255	  0.04534306
1.265	  0.04469498
1.275	  0.04405401
1.285	  0.043420196
1.295	  0.042793576
1.305	  0.042174187
1.315	  0.04156205
1.325	  0.040957186
1.335	  0.040359605
1.345	  0.039769307
1.355	  0.039186295
1.365	  0.03861056
1.375	  0.038042095
1.385	  0.037480876
1.395	  0.036926884
1.405	  0.036380094
1.415	  0.035840478
1.425	  0.035308003
1.435	  0.03478263
1.445	  0.034264315
1.455	  0.033753023
1.465	  0.033248704
1.475	  0.03275131
1.485	  0.03226079
1.495	  0.03177709
1.505	  0.03130016
1.515	  0.030829938
1.525	  0.030366367
1.535	  0.029909387
1.545	  0.029458934
1.555	  0.02901495
1.565	  0.028577367
1.575	  0.028146124
1.585	  0.02772115
1.595	  0.027302383
1.605	  0.026889753
1.615	  0.026483191
1.625	  0.026082633
1.635	  0.025688006
1.645	  0.025299242
1.655	  0.024916273
1.665	  0.024539026
1.675	  0.024167433
1.685	  0.023801425
1.695	  0.023440931
1.705	  0.023085881
1.715	  0.022736205
1.725	  0.022391835
1.735	  0.0220527
1.745	  0.02171873
1.755	  0.021389857
1.765	  0.021066014
1.775	  0.020747129
1.785	  0.020433137
1.795	  0.020123972
1.805	  0.019819561
1.815	  0.019519843
1.825	  0.019224752
1.835	  0.018934218
1.845	  0.018648177
1.855	  0.01836657
1.865	  0.018089326
1.875	  0.017816385
1.885	  0.017547684
1.895	  0.01728316
1.905	  0.017022751
1.915	  0.0167664
1.925	  0.016514042
1.935	  0.01626562
1.945	  0.016021075
1.955	  0.015780346
1.965	  0.015543379
1.975	  0.015310115
1.985	  0.0150804985
1.995	  0.014854473
2.005	  0.014631984
2.015	  0.014412978
2.025	  0.0141974
2.035	  0.013985198
2.045	  0.01377632
2.055	  0.013570714
2.065	  0.013368329
2.075	  0.013169115
2.085	  0.012973024
2.095	  0.012780004
2.105	  0.01259001
2.115	  0.012402992
2.125	  0.012218905
2.135	  0.012037702
2.145	  0.011859337
2.155	  0.011683766
2.165	  0.011510945
2.175	  0.01134083
2.185	  0.011173377
2.195	  0.011008545
2.205	  0.010846292
2.215	  0.010686577
2.225	  0.010529359
2.235	  0.010374598
2.245	  0.010222256
2.255	  0.010072294
2.265	  0.009924673
2.275	  0.009779355
2.285	  0.009636304
2.295	  0.009495484
2.305	  0.009356858
2.315	  0.009220392
2.325	  0.009086051
2.335	  0.0089538
2.345	  0.008823607
2.355	  0.008695437
2.365	  0.008569258
2.375	  0.008445038
2.385	  0.0083227465
2.395	  0.008202351
2.405	  0.00808382
2.415	  0.007967127
2.425	  0.007852239
2.435	  0.0077391276
2.445	  0.0076277647
2.455	  0.007518122
2.465	  0.007410172
2.475	  0.0073038866
2.485	  0.0071992395
2.495	  0.007096204
2.505	  0.006994754
2.515	  0.006894864
2.525	  0.0067965095
2.535	  0.006699665
2.545	  0.006604306
2.555	  0.0065104086
2.565	  0.0064179497
2.575	  0.006326906
2.585	  0.006237254
2.595	  0.006148972
2.605	  0.0060620382
2.615	  0.00597643
2.625	  0.0058921264
2.635	  0.0058091064
2.645	  0.00572735
2.655	  0.0056468355
2.665	  0.0055675437
2.675	  0.005489455
2.685	  0.0054125506
2.695	  0.0053368104
2.705	  0.0052622166
2.715	  0.00518875
2.725	  0.005116393
2.735	  0.005045128
2.745	  0.004974937
2.755	  0.004905803
2.765	  0.00483771
2.775	  0.00477064
2.785	  0.004704577
2.795	  0.004639505
2.805	  0.004575408
2.815	  0.0045122714
2.825	  0.004450079
2.835	  0.0043888157
2.845	  0.004328467
2.855	  0.0042690183
2.865	  0.0042104553
2.875	  0.004152764
2.885	  0.0040959306
2.895	  0.004039941
2.905	  0.0039847824
2.915	  0.003930441
2.925	  0.0038769047
2.935	  0.0038241602
2.945	  0.003772195
2.955	  0.003720997
2.965	  0.0036705537
2.975	  0.0036208536
2.985	  0.0035718847
2.995	  0.003523636
3.005	  0.0034760954
3.015	  0.0034292522
3.025	  0.0033830956
3.035	  0.0033376145
3.045	  0.0032927983
3.055	  0.0032486368
3.065	  0.0032051196
3.075	  0.0031622367
3.085	  0.0031199781
3.095	  0.003078334
3.105	  0.003037295
3.115	  0.0029968515
3.125	  0.0029569943
3.135	  0.0029177142
3.145	  0.0028790024
3.155	  0.0028408498
3.165	  0.002803248
3.175	  0.002766188
3.185	  0.002729662
3.195	  0.0026936613
3.205	  0.0026581779
3.215	  0.002623204
3.225	  0.0025887312
3.235	  0.0025547524
3.245	  0.0025212597
3.255	  0.0024882457
3.265	  0.0024557028
3.275	  0.002423624
3.285	  0.0023920021
3.295	  0.00236083
3.305	  0.002330101
3.315	  0.0022998082
3.325	  0.0022699449
3.335	  0.0022405046
3.345	  0.0022114806
3.355	  0.0021828671
3.365	  0.0021546574
3.375	  0.0021268453
3.385	  0.002099425
3.395	  0.0020723906
3.405	  0.002045736
3.415	  0.0020194557
3.425	  0.0019935437
3.435	  0.0019679947
3.445	  0.001942803
3.455	  0.0019179635
3.465	  0.0018934706
3.475	  0.0018693192
3.485	  0.0018455043
3.495	  0.0018220205
3.505	  0.0017988632
3.515	  0.0017760271
3.525	  0.0017535078
3.535	  0.0017313003
3.545	  0.0017093999
3.555	  0.0016878021
3.565	  0.0016665026
3.575	  0.0016454965
3.585	  0.0016247797
3.595	  0.0016043478
3.605	  0.0015841968
3.615	  0.0015643223
3.625	  0.0015447201
3.635	  0.0015253864
3.645	  0.001506317
3.655	  0.0014875083
3.665	  0.0014689562
3.675	  0.001450657
3.685	  0.001432607
3.695	  0.0014148023
3.705	  0.0013972396
3.715	  0.0013799152
3.725	  0.0013628255
3.735	  0.0013459673
3.745	  0.001329337
3.755	  0.0013129313
3.765	  0.001296747
3.775	  0.0012807809
3.785	  0.0012650297
3.795	  0.0012494902
3.805	  0.0012341595
3.815	  0.0012190344
3.825	  0.0012041122
3.835	  0.0011893896
3.845	  0.0011748639
3.855	  0.0011605321
3.865	  0.0011463916
3.875	  0.0011324395
3.885	  0.0011186731
3.895	  0.0011050898
3.905	  0.0010916869
3.915	  0.0010784616
3.925	  0.0010654118
3.935	  0.0010525347
3.945	  0.0010398277
3.955	  0.0010272886
3.965	  0.001014915
3.975	  0.0010027043
3.985	  9.906543E-4
3.995	  9.787629E-4
4.005	  9.670275E-4



DATASET #3

     Name: BPT Fit
   Points: 401
     Info: Mean = 100.0, Aperiodicity = 0.5, Duration = 30.0, Delta T = 1.0, Num Points = 500, Historic Open Interval = 0.0
Computed mean = 0.91615313

Data[x,y]:
0.0	  0.0
0.01	  0.0
0.02	  2.3170472E-24
0.03	  6.2065863E-16
0.04	  8.879794E-12
0.05	  2.5489266E-9
0.06	  1.0497493E-7
0.07	  1.4359058E-6
0.08	  9.907151E-6
0.09	  4.3444114E-5
0.1	  1.390067E-4
0.11	  3.5420535E-4
0.12	  7.61739E-4
0.13	  0.0014390319
0.14	  0.002457019
0.15	  0.0038711943
0.16	  0.005716342
0.17	  0.008004942
0.18	  0.010728453
0.19	  0.013860434
0.2	  0.017360557
0.21	  0.021178786
0.22	  0.025259284
0.23	  0.029543737
0.24	  0.033974055
0.25	  0.038494408
0.26	  0.043052673
0.27	  0.04760138
0.28	  0.052098222
0.29	  0.05650629
0.3	  0.060794033
0.31	  0.06493504
0.32	  0.06890778
0.33	  0.072695136
0.34	  0.07628406
0.35	  0.07966508
0.36	  0.08283193
0.37	  0.085781075
0.38	  0.08851137
0.39	  0.091023676
0.4	  0.09332057
0.41	  0.09540601
0.42	  0.09728511
0.43	  0.09896389
0.44	  0.10044909
0.45	  0.10174801
0.46	  0.1028683
0.47	  0.103817925
0.48	  0.10460495
0.49	  0.10523755
0.5	  0.105723865
0.51	  0.106071964
0.52	  0.10628978
0.53	  0.10638509
0.54	  0.106365465
0.55	  0.10623823
0.56	  0.10601049
0.57	  0.10568907
0.58	  0.105280526
0.59	  0.10479114
0.6	  0.104226924
0.61	  0.10359358
0.62	  0.10289657
0.63	  0.10214107
0.64	  0.10133197
0.65	  0.100473925
0.66	  0.099571325
0.67	  0.09862832
0.68	  0.09764882
0.69	  0.09663651
0.7	  0.09559485
0.71	  0.0945271
0.72	  0.09343633
0.73	  0.09232539
0.74	  0.09119698
0.75	  0.090053596
0.76	  0.0888976
0.77	  0.08773119
0.78	  0.0865564
0.79	  0.085375145
0.8	  0.0841892
0.81	  0.08300021
0.82	  0.081809714
0.83	  0.080619134
0.84	  0.07942978
0.85	  0.078242876
0.86	  0.07705954
0.87	  0.07588082
0.88	  0.07470766
0.89	  0.07354094
0.9	  0.072381474
0.91	  0.07122999
0.92	  0.070087165
0.93	  0.06895361
0.94	  0.067829885
0.95	  0.06671649
0.96	  0.06561388
0.97	  0.06452247
0.98	  0.06344262
0.99	  0.062374648
1.0	  0.061318852
1.01	  0.06027548
1.02	  0.059244752
1.03	  0.058226857
1.04	  0.057221957
1.05	  0.05623018
1.06	  0.05525164
1.07	  0.05428642
1.08	  0.053334583
1.09	  0.05239618
1.1	  0.05147123
1.11	  0.050559748
1.12	  0.049661722
1.13	  0.048777137
1.14	  0.047905955
1.15	  0.047048133
1.16	  0.046203606
1.17	  0.04537231
1.18	  0.04455417
1.19	  0.043749094
1.2	  0.04295699
1.21	  0.04217775
1.22	  0.041411273
1.23	  0.040657442
1.24	  0.03991613
1.25	  0.039187223
1.26	  0.038470585
1.27	  0.03776608
1.28	  0.03707358
1.29	  0.03639293
1.3	  0.035724003
1.31	  0.035066646
1.32	  0.034420714
1.33	  0.03378606
1.34	  0.03316253
1.35	  0.032549974
1.36	  0.031948242
1.37	  0.03135718
1.38	  0.030776639
1.39	  0.03020646
1.4	  0.029646493
1.41	  0.029096587
1.42	  0.028556585
1.43	  0.028026337
1.44	  0.027505694
1.45	  0.0269945
1.46	  0.02649261
1.47	  0.025999872
1.48	  0.02551614
1.49	  0.025041265
1.5	  0.024575103
1.51	  0.02411751
1.52	  0.023668341
1.53	  0.023227457
1.54	  0.022794716
1.55	  0.02236998
1.56	  0.021953113
1.57	  0.021543978
1.58	  0.02114244
1.59	  0.02074837
1.6	  0.020361634
1.61	  0.019982105
1.62	  0.019609656
1.63	  0.019244162
1.64	  0.018885499
1.65	  0.018533543
1.66	  0.018188175
1.67	  0.017849276
1.68	  0.01751673
1.69	  0.017190423
1.7	  0.016870242
1.71	  0.016556071
1.72	  0.016247805
1.73	  0.015945332
1.74	  0.01564855
1.75	  0.015357351
1.76	  0.015071633
1.77	  0.014791296
1.78	  0.014516238
1.79	  0.014246363
1.8	  0.013981574
1.81	  0.013721776
1.82	  0.013466876
1.83	  0.013216783
1.84	  0.012971407
1.85	  0.012730659
1.86	  0.012494452
1.87	  0.012262702
1.88	  0.012035324
1.89	  0.011812237
1.9	  0.011593359
1.91	  0.0113786105
1.92	  0.011167914
1.93	  0.010961193
1.94	  0.010758371
1.95	  0.010559376
1.96	  0.010364135
1.97	  0.010172576
1.98	  0.00998463
1.99	  0.009800227
2.0	  0.009619302
2.01	  0.009441786
2.02	  0.009267617
2.03	  0.00909673
2.04	  0.008929062
2.05	  0.008764552
2.06	  0.00860314
2.07	  0.008444767
2.08	  0.008289375
2.09	  0.008136908
2.1	  0.007987308
2.11	  0.007840523
2.12	  0.0076964973
2.13	  0.007555179
2.14	  0.0074165156
2.15	  0.0072804578
2.16	  0.007146955
2.17	  0.007015958
2.18	  0.00688742
2.19	  0.006761293
2.2	  0.006637532
2.21	  0.0065160906
2.22	  0.0063969255
2.23	  0.006279993
2.24	  0.00616525
2.25	  0.006052655
2.26	  0.0059421672
2.27	  0.005833746
2.28	  0.005727352
2.29	  0.005622947
2.3	  0.0055204923
2.31	  0.0054199514
2.32	  0.005321287
2.33	  0.005224464
2.34	  0.0051294467
2.35	  0.0050362013
2.36	  0.0049446933
2.37	  0.0048548905
2.38	  0.0047667595
2.39	  0.004680269
2.4	  0.0045953877
2.41	  0.0045120846
2.42	  0.00443033
2.43	  0.0043500946
2.44	  0.004271349
2.45	  0.004194065
2.46	  0.0041182153
2.47	  0.0040437724
2.48	  0.003970709
2.49	  0.0038989994
2.5	  0.0038286182
2.51	  0.0037595397
2.52	  0.0036917394
2.53	  0.003625193
2.54	  0.0035598767
2.55	  0.0034957672
2.56	  0.0034328417
2.57	  0.0033710778
2.58	  0.0033104534
2.59	  0.003250947
2.6	  0.0031925377
2.61	  0.0031352043
2.62	  0.0030789268
2.63	  0.003023685
2.64	  0.0029694596
2.65	  0.0029162315
2.66	  0.0028639815
2.67	  0.0028126915
2.68	  0.002762343
2.69	  0.002712919
2.7	  0.0026644012
2.71	  0.0026167731
2.72	  0.002570018
2.73	  0.0025241193
2.74	  0.0024790608
2.75	  0.002434827
2.76	  0.0023914021
2.77	  0.002348771
2.78	  0.002306919
2.79	  0.0022658315
2.8	  0.002225494
2.81	  0.0021858925
2.82	  0.002147013
2.83	  0.0021088426
2.84	  0.0020713673
2.85	  0.0020345745
2.86	  0.0019984515
2.87	  0.0019629856
2.88	  0.0019281647
2.89	  0.0018939767
2.9	  0.0018604096
2.91	  0.0018274522
2.92	  0.0017950928
2.93	  0.0017633204
2.94	  0.0017321241
2.95	  0.0017014932
2.96	  0.001671417
2.97	  0.0016418855
2.98	  0.0016128883
2.99	  0.0015844157
3.0	  0.0015564577
3.01	  0.001529005
3.02	  0.0015020481
3.03	  0.0014755779
3.04	  0.0014495853
3.05	  0.0014240615
3.06	  0.0013989978
3.07	  0.0013743858
3.08	  0.001350217
3.09	  0.0013264833
3.1	  0.0013031766
3.11	  0.0012802891
3.12	  0.0012578131
3.13	  0.0012357407
3.14	  0.0012140649
3.15	  0.0011927782
3.16	  0.0011718734
3.17	  0.0011513435
3.18	  0.0011311816
3.19	  0.0011113809
3.2	  0.0010919349
3.21	  0.0010728369
3.22	  0.0010540807
3.23	  0.0010356599
3.24	  0.0010175684
3.25	  9.998002E-4
3.26	  9.823492E-4
3.27	  9.652098E-4
3.28	  9.4837626E-4
3.29	  9.318429E-4
3.3	  9.156043E-4
3.31	  8.9965505E-4
3.32	  8.8398985E-4
3.33	  8.686036E-4
3.34	  8.534911E-4
3.35	  8.3864736E-4
3.36	  8.2406757E-4
3.37	  8.0974685E-4
3.38	  7.9568056E-4
3.39	  7.81864E-4
3.4	  7.6829264E-4
3.41	  7.5496203E-4
3.42	  7.4186776E-4
3.43	  7.290056E-4
3.44	  7.163713E-4
3.45	  7.039607E-4
3.46	  6.917698E-4
3.47	  6.7979464E-4
3.48	  6.680312E-4
3.49	  6.564757E-4
3.5	  6.451244E-4
3.51	  6.339736E-4
3.52	  6.230197E-4
3.53	  6.12259E-4
3.54	  6.016882E-4
3.55	  5.9130375E-4
3.56	  5.8110233E-4
3.57	  5.710806E-4
3.58	  5.6123536E-4
3.59	  5.515634E-4
3.6	  5.4206164E-4
3.61	  5.32727E-4
3.62	  5.2355643E-4
3.63	  5.14547E-4
3.64	  5.056958E-4
3.65	  4.9700006E-4
3.66	  4.884569E-4
3.67	  4.8006367E-4
3.68	  4.718176E-4
3.69	  4.6371605E-4
3.7	  4.5575644E-4
3.71	  4.4793627E-4
3.72	  4.40253E-4
3.73	  4.3270417E-4
3.74	  4.252874E-4
3.75	  4.1800033E-4
3.76	  4.1084064E-4
3.77	  4.03806E-4
3.78	  3.9689426E-4
3.79	  3.9010317E-4
3.8	  3.834306E-4
3.81	  3.7687444E-4
3.82	  3.7043256E-4
3.83	  3.6410298E-4
3.84	  3.578837E-4
3.85	  3.517727E-4
3.86	  3.4576812E-4
3.87	  3.3986804E-4
3.88	  3.340706E-4
3.89	  3.2837395E-4
3.9	  3.2277632E-4
3.91	  3.1727596E-4
3.92	  3.1187115E-4
3.93	  3.0656016E-4
3.94	  3.0134138E-4
3.95	  2.962131E-4
3.96	  2.9117378E-4
3.97	  2.8622182E-4
3.98	  2.813557E-4
3.99	  2.7657382E-4
4.0	  2.7187477E-4


