
X-Axis: Normalized Distance Along Strike
Y-Axis: Hypocenter Density
Number of Data Sets: 4


DATASET #1

     Name: 
   Points: 31
     Info: 

Data[x,y]:
0.05	  0.00719377
0.15	  0.010757656
0.25	  0.0093057025
0.35	  0.014585533
0.45	  0.0187434
0.55	  0.026003167
0.65	  0.031744983
0.75	  0.044878565
0.85	  0.07154171
0.95	  0.10909451
1.05	  0.037882786
1.15	  0.03504488
1.25	  0.026927138
1.35	  0.024683211
1.45	  0.03161299
1.55	  0.03161299
1.65	  0.024683211
1.75	  0.026927138
1.85	  0.03504488
1.95	  0.03781679
2.05	  0.109160505
2.15	  0.07154171
2.25	  0.044878565
2.35	  0.031744983
2.45	  0.026003167
2.55	  0.0187434
2.65	  0.014585533
2.75	  0.0093057025
2.85	  0.010757656
2.95	  0.00719377
3.05	  0.0



DATASET #2

     Name: 
   Points: 31
     Info: 

Data[x,y]:
0.05	  0.0
0.15	  0.0
0.25	  0.0
0.35	  0.0
0.45	  0.0
0.55	  0.0
0.65	  0.0
0.75	  6.599789E-5
0.85	  0.0
0.95	  6.599789E-5
1.05	  6.599789E-5
1.15	  3.9598733E-4
1.25	  3.9598733E-4
1.35	  1.9799366E-4
1.45	  2.6399156E-4
1.55	  2.6399156E-4
1.65	  1.9799366E-4
1.75	  3.9598733E-4
1.85	  3.9598733E-4
1.95	  6.599789E-5
2.05	  6.599789E-5
2.15	  0.0
2.25	  6.599789E-5
2.35	  0.0
2.45	  0.0
2.55	  0.0
2.65	  0.0
2.75	  0.0
2.85	  0.0
2.95	  0.0
3.05	  0.0



DATASET #3

Name: 
Num Points: 4
Info: 

X, Y Data:
0.021	  0.0015282471
0.021	  0.15129647
2.979	  0.15129647
2.979	  0.0015282471



DATASET #4

Name: 
Num Points: 4
Info: 

X, Y Data:
1.0	  0.0015282471
1.0	  0.13601398
2.0	  0.13601398
2.0	  0.0015282471


