
X-Axis: Average Normalized Interevent Time
Y-Axis: Probability
Number of Data Sets: 3


DATASET #1

     Name: Bruce 2585 1myr Histogram
   Points: 41
     Info: 

Data[x,y]:
0.05	  0.0340815
0.15	  0.019079473
0.25	  0.018594062
0.35	  0.021373272
0.45	  0.026413923
0.55	  0.03617733
0.65	  0.046473734
0.75	  0.062336173
0.85	  0.08407303
0.95	  0.10963796
1.05	  0.12658924
1.15	  0.11268177
1.25	  0.091281846
1.35	  0.068635084
1.45	  0.049999144
1.55	  0.03294507
1.65	  0.021224795
1.75	  0.01289668
1.85	  0.007991183
1.95	  0.0049511828
2.05	  0.0033864493
2.15	  0.0024042076
2.25	  0.0016180336
2.35	  0.0011326235
2.45	  8.946774E-4
2.55	  7.309705E-4
2.65	  5.0825294E-4
2.75	  3.6358167E-4
2.85	  3.1789602E-4
2.95	  2.6840324E-4
3.05	  1.5989979E-4
3.15	  1.6751407E-4
3.25	  1.0850343E-4
3.35	  8.185347E-5
3.45	  8.375703E-5
3.55	  6.0914208E-5
3.65	  6.852848E-5
3.75	  3.0457104E-5
3.85	  3.9974948E-5
3.95	  2.2842829E-5
4.05	  1.1421414E-4



DATASET #2

     Name: Log-Normal Fit
   Points: 401
     Info: 

Data[x,y]:
0.005	  0.0
0.015	  1.1614898E-19
0.025	  5.699734E-16
0.035	  1.3638807E-13
0.045	  6.899786E-12
0.055	  1.3661762E-10
0.065	  1.4535112E-9
0.075	  9.990676E-9
0.085	  4.9816173E-8
0.095	  1.9463509E-7
0.105	  6.286166E-7
0.115	  1.7440587E-6
0.125	  4.2765123E-6
0.135	  9.469287E-6
0.145	  1.9251589E-5
0.155	  3.6409892E-5
0.165	  6.473137E-5
0.175	  1.0910097E-4
0.185	  1.7553897E-4
0.195	  2.7117235E-4
0.205	  4.0414004E-4
0.215	  5.834376E-4
0.225	  8.1871153E-4
0.235	  0.0011200161
0.245	  0.0014975475
0.255	  0.0019613684
0.265	  0.002521138
0.275	  0.0031858566
0.285	  0.003963637
0.295	  0.0048615066
0.305	  0.005885247
0.315	  0.0070392718
0.325	  0.008326545
0.335	  0.009748537
0.345	  0.011305219
0.355	  0.01299508
0.365	  0.014815193
0.375	  0.016761282
0.385	  0.018827824
0.395	  0.021008167
0.405	  0.023294646
0.415	  0.025678724
0.425	  0.028151125
0.435	  0.030701967
0.445	  0.033320908
0.455	  0.035997264
0.465	  0.038720153
0.475	  0.041478585
0.485	  0.044261605
0.495	  0.04705836
0.505	  0.049858212
0.515	  0.052650813
0.525	  0.05542616
0.535	  0.05817468
0.545	  0.060887262
0.555	  0.0635553
0.565	  0.066170745
0.575	  0.06872608
0.585	  0.0712144
0.595	  0.07362939
0.605	  0.075965315
0.615	  0.078217044
0.625	  0.08038003
0.635	  0.082450315
0.645	  0.08442448
0.655	  0.08629968
0.665	  0.088073574
0.675	  0.08974432
0.685	  0.091310576
0.695	  0.092771426
0.705	  0.0941264
0.715	  0.09537543
0.725	  0.09651881
0.735	  0.09755717
0.745	  0.09849149
0.755	  0.099323004
0.765	  0.10005324
0.775	  0.10068397
0.785	  0.10121716
0.795	  0.10165498
0.805	  0.10199977
0.815	  0.10225402
0.825	  0.10242035
0.835	  0.1025015
0.845	  0.10250027
0.855	  0.102419555
0.865	  0.1022623
0.875	  0.10203152
0.885	  0.10173021
0.895	  0.10136143
0.905	  0.10092821
0.915	  0.10043358
0.925	  0.09988057
0.935	  0.09927217
0.945	  0.09861135
0.955	  0.09790102
0.965	  0.09714405
0.975	  0.09634329
0.985	  0.09550147
0.995	  0.09462131
1.005	  0.093705446
1.015	  0.09275644
1.025	  0.0917768
1.035	  0.09076894
1.045	  0.08973521
1.055	  0.088677876
1.065	  0.08759914
1.075	  0.086501114
1.085	  0.08538583
1.095	  0.08425525
1.105	  0.08311125
1.115	  0.08195564
1.125	  0.08079014
1.135	  0.0796164
1.145	  0.078435995
1.155	  0.07725043
1.165	  0.07606112
1.175	  0.07486945
1.185	  0.07367668
1.195	  0.07248406
1.205	  0.07129273
1.215	  0.07010378
1.225	  0.06891825
1.235	  0.0677371
1.245	  0.06656126
1.255	  0.06539156
1.265	  0.06422883
1.275	  0.0630738
1.285	  0.06192717
1.295	  0.060789593
1.305	  0.05966167
1.315	  0.058543965
1.325	  0.057436984
1.335	  0.0563412
1.345	  0.055257056
1.355	  0.054184936
1.365	  0.05312521
1.375	  0.052078195
1.385	  0.051044185
1.395	  0.050023444
1.405	  0.0490162
1.415	  0.048022654
1.425	  0.047042985
1.435	  0.046077337
1.445	  0.045125846
1.455	  0.044188604
1.465	  0.0432657
1.475	  0.04235719
1.485	  0.04146312
1.495	  0.04058351
1.505	  0.039718367
1.515	  0.038867686
1.525	  0.038031433
1.535	  0.037209578
1.545	  0.03640206
1.555	  0.035608828
1.565	  0.034829795
1.575	  0.034064878
1.585	  0.033313982
1.595	  0.032577
1.605	  0.031853825
1.615	  0.031144325
1.625	  0.030448375
1.635	  0.029765844
1.645	  0.029096587
1.655	  0.028440457
1.665	  0.027797304
1.675	  0.027166972
1.685	  0.0265493
1.695	  0.025944125
1.705	  0.02535128
1.715	  0.024770597
1.725	  0.024201902
1.735	  0.023645021
1.745	  0.023099782
1.755	  0.022566006
1.765	  0.022043515
1.775	  0.02153213
1.785	  0.021031674
1.795	  0.020541964
1.805	  0.020062823
1.815	  0.01959407
1.825	  0.019135527
1.835	  0.018687015
1.845	  0.018248355
1.855	  0.017819371
1.865	  0.017399888
1.875	  0.016989728
1.885	  0.01658872
1.895	  0.01619669
1.905	  0.015813468
1.915	  0.015438884
1.925	  0.0150727695
1.935	  0.014714961
1.945	  0.014365292
1.955	  0.014023601
1.965	  0.013689728
1.975	  0.013363515
1.985	  0.013044805
1.995	  0.012733445
2.005	  0.012429281
2.015	  0.012132165
2.025	  0.011841948
2.035	  0.011558485
2.045	  0.011281634
2.055	  0.011011251
2.065	  0.0107472
2.075	  0.010489343
2.085	  0.010237547
2.095	  0.009991678
2.105	  0.009751608
2.115	  0.00951721
2.125	  0.009288356
2.135	  0.009064926
2.145	  0.008846798
2.155	  0.008633854
2.165	  0.008425976
2.175	  0.008223052
2.185	  0.00802497
2.195	  0.007831619
2.205	  0.0076428913
2.215	  0.007458682
2.225	  0.007278888
2.235	  0.0071034073
2.245	  0.006932141
2.255	  0.006764991
2.265	  0.0066018626
2.275	  0.0064426623
2.285	  0.0062872986
2.295	  0.0061356826
2.305	  0.0059877257
2.315	  0.0058433423
2.325	  0.005702449
2.335	  0.0055649634
2.345	  0.005430805
2.355	  0.0052998955
2.365	  0.005172157
2.375	  0.005047516
2.385	  0.0049258973
2.395	  0.00480723
2.405	  0.004691443
2.415	  0.004578468
2.425	  0.0044682375
2.435	  0.0043606856
2.445	  0.0042557484
2.455	  0.0041533634
2.465	  0.0040534684
2.475	  0.003956004
2.485	  0.0038609116
2.495	  0.0037681337
2.505	  0.0036776145
2.515	  0.0035892993
2.525	  0.003503135
2.535	  0.003419069
2.545	  0.003337051
2.555	  0.0032570309
2.565	  0.00317896
2.575	  0.003102791
2.585	  0.003028478
2.595	  0.0029559752
2.605	  0.002885239
2.615	  0.0028162256
2.625	  0.0027488938
2.635	  0.002683202
2.645	  0.00261911
2.655	  0.0025565792
2.665	  0.002495571
2.675	  0.0024360481
2.685	  0.0023779746
2.695	  0.0023213143
2.705	  0.002266033
2.715	  0.002212097
2.725	  0.0021594728
2.735	  0.0021081285
2.745	  0.002058033
2.755	  0.002009155
2.765	  0.001961465
2.775	  0.0019149337
2.785	  0.0018695326
2.795	  0.0018252342
2.805	  0.001782011
2.815	  0.0017398368
2.825	  0.0016986857
2.835	  0.0016585327
2.845	  0.0016193531
2.855	  0.001581123
2.865	  0.001543819
2.875	  0.0015074183
2.885	  0.0014718989
2.895	  0.001437239
2.905	  0.0014034173
2.915	  0.0013704133
2.925	  0.001338207
2.935	  0.0013067786
2.945	  0.0012761091
2.955	  0.0012461799
2.965	  0.0012169726
2.975	  0.0011884695
2.985	  0.0011606533
2.995	  0.0011335072
3.005	  0.0011070147
3.015	  0.0010811597
3.025	  0.0010559266
3.035	  0.0010313
3.045	  0.0010072652
3.055	  9.838076E-4
3.065	  9.609129E-4
3.075	  9.3856745E-4
3.085	  9.1675774E-4
3.095	  8.9547056E-4
3.105	  8.7469316E-4
3.115	  8.544131E-4
3.125	  8.346181E-4
3.135	  8.152963E-4
3.145	  7.9643616E-4
3.155	  7.7802635E-4
3.165	  7.6005585E-4
3.175	  7.425139E-4
3.185	  7.253901E-4
3.195	  7.0867414E-4
3.205	  6.923561E-4
3.215	  6.764262E-4
3.225	  6.6087506E-4
3.235	  6.456934E-4
3.245	  6.308722E-4
3.255	  6.1640266E-4
3.265	  6.0227624E-4
3.275	  5.884846E-4
3.285	  5.750195E-4
3.295	  5.618731E-4
3.305	  5.4903753E-4
3.315	  5.3650537E-4
3.325	  5.242692E-4
3.335	  5.1232177E-4
3.345	  5.0065614E-4
3.355	  4.892654E-4
3.365	  4.78143E-4
3.375	  4.672823E-4
3.385	  4.5667708E-4
3.395	  4.463211E-4
3.405	  4.362083E-4
3.415	  4.2633284E-4
3.425	  4.1668897E-4
3.435	  4.0727112E-4
3.445	  3.9807378E-4
3.455	  3.8909167E-4
3.465	  3.803196E-4
3.475	  3.7175248E-4
3.485	  3.633854E-4
3.495	  3.5521353E-4
3.505	  3.4723218E-4
3.515	  3.3943678E-4
3.525	  3.318228E-4
3.535	  3.2438597E-4
3.545	  3.17122E-4
3.555	  3.1002672E-4
3.565	  3.0309614E-4
3.575	  2.9632627E-4
3.585	  2.8971327E-4
3.595	  2.8325338E-4
3.605	  2.7694297E-4
3.615	  2.7077846E-4
3.625	  2.6475632E-4
3.635	  2.5887322E-4
3.645	  2.531258E-4
3.655	  2.4751085E-4
3.665	  2.420252E-4
3.675	  2.3666577E-4
3.685	  2.3142957E-4
3.695	  2.2631367E-4
3.705	  2.2131522E-4
3.715	  2.164314E-4
3.725	  2.1165954E-4
3.735	  2.0699695E-4
3.745	  2.0244104E-4
3.755	  1.9798931E-4
3.765	  1.9363928E-4
3.775	  1.8938855E-4
3.785	  1.8523478E-4
3.795	  1.8117567E-4
3.805	  1.7720899E-4
3.815	  1.7333256E-4
3.825	  1.6954428E-4
3.835	  1.6584204E-4
3.845	  1.6222383E-4
3.855	  1.5868769E-4
3.865	  1.5523167E-4
3.875	  1.518539E-4
3.885	  1.4855256E-4
3.895	  1.4532583E-4
3.905	  1.4217198E-4
3.915	  1.390893E-4
3.925	  1.3607614E-4
3.935	  1.3313086E-4
3.945	  1.3025188E-4
3.955	  1.2743766E-4
3.965	  1.2468667E-4
3.975	  1.2199747E-4
3.985	  1.193686E-4
3.995	  1.1679866E-4
4.005	  1.1428628E-4



DATASET #3

     Name: BPT Fit
   Points: 401
     Info: Mean = 100.0, Aperiodicity = 0.5, Duration = 30.0, Delta T = 1.0, Num Points = 500, Historic Open Interval = 0.0
Computed mean = 1.0046324

Data[x,y]:
0.0	  0.0
0.01	  0.0
0.02	  0.0
0.03	  1.2896109E-37
0.04	  1.1071956E-27
0.05	  9.262897E-22
0.06	  7.748532E-18
0.07	  4.698529E-15
0.08	  5.5505443E-13
0.09	  2.2102138E-11
0.1	  4.1195683E-10
0.11	  4.4275414E-9
0.12	  3.1523864E-8
0.13	  1.6365628E-7
0.14	  6.633428E-7
0.15	  2.2069491E-6
0.16	  6.2570307E-6
0.17	  1.55556E-5
0.18	  3.467294E-5
0.19	  7.051454E-5
0.2	  1.3268403E-4
0.21	  2.3362183E-4
0.22	  3.884785E-4
0.23	  6.147251E-4
0.24	  9.3153975E-4
0.25	  0.0013590356
0.26	  0.0019174048
0.27	  0.0026260552
0.28	  0.0035028004
0.29	  0.0045631593
0.3	  0.005819793
0.31	  0.007282094
0.32	  0.008955943
0.33	  0.010843609
0.34	  0.012943785
0.35	  0.0152517455
0.36	  0.01775959
0.37	  0.02045656
0.38	  0.023329398
0.39	  0.026362745
0.4	  0.029539533
0.41	  0.03284139
0.42	  0.036249034
0.43	  0.0397426
0.44	  0.04330201
0.45	  0.046907254
0.46	  0.050538644
0.47	  0.054177053
0.48	  0.0578041
0.49	  0.061402313
0.5	  0.06495524
0.51	  0.06844755
0.52	  0.07186511
0.53	  0.075195
0.54	  0.078425564
0.55	  0.0815464
0.56	  0.084548354
0.57	  0.08742345
0.58	  0.090164945
0.59	  0.09276717
0.6	  0.09522557
0.61	  0.09753661
0.62	  0.09969768
0.63	  0.10170709
0.64	  0.10356399
0.65	  0.10526825
0.66	  0.10682046
0.67	  0.10822185
0.68	  0.10947421
0.69	  0.11057985
0.7	  0.11154151
0.71	  0.112362355
0.72	  0.113045886
0.73	  0.1135959
0.74	  0.114016466
0.75	  0.11431183
0.76	  0.11448643
0.77	  0.11454485
0.78	  0.11449175
0.79	  0.114331886
0.8	  0.114070036
0.81	  0.11371101
0.82	  0.113259606
0.83	  0.11272061
0.84	  0.11209876
0.85	  0.11139873
0.86	  0.11062512
0.87	  0.109782465
0.88	  0.10887518
0.89	  0.10790759
0.9	  0.10688392
0.91	  0.10580825
0.92	  0.10468455
0.93	  0.10351666
0.94	  0.102308296
0.95	  0.101063035
0.96	  0.09978433
0.97	  0.098475486
0.98	  0.09713968
0.99	  0.09577995
1.0	  0.09439921
1.01	  0.093000226
1.02	  0.09158566
1.03	  0.09015802
1.04	  0.0887197
1.05	  0.08727298
1.06	  0.085820004
1.07	  0.084362805
1.08	  0.08290331
1.09	  0.081443325
1.1	  0.07998455
1.11	  0.078528605
1.12	  0.07707698
1.13	  0.07563108
1.14	  0.074192226
1.15	  0.07276163
1.16	  0.07134044
1.17	  0.06992972
1.18	  0.06853043
1.19	  0.0671435
1.2	  0.06576974
1.21	  0.06440992
1.22	  0.06306474
1.23	  0.06173483
1.24	  0.060420774
1.25	  0.05912309
1.26	  0.057842247
1.27	  0.056578655
1.28	  0.055332683
1.29	  0.054104656
1.3	  0.052894853
1.31	  0.05170351
1.32	  0.050530825
1.33	  0.04937697
1.34	  0.048242066
1.35	  0.04712622
1.36	  0.04602949
1.37	  0.044951923
1.38	  0.04389353
1.39	  0.042854298
1.4	  0.041834198
1.41	  0.04083317
1.42	  0.039851144
1.43	  0.03888802
1.44	  0.037943687
1.45	  0.037018023
1.46	  0.036110885
1.47	  0.035222113
1.48	  0.03435155
1.49	  0.033499006
1.5	  0.0326643
1.51	  0.03184723
1.52	  0.031047594
1.53	  0.030265171
1.54	  0.029499745
1.55	  0.028751086
1.56	  0.028018964
1.57	  0.027303139
1.58	  0.026603373
1.59	  0.025919417
1.6	  0.025251025
1.61	  0.024597948
1.62	  0.023959933
1.63	  0.023336727
1.64	  0.022728074
1.65	  0.022133721
1.66	  0.021553412
1.67	  0.020986889
1.68	  0.020433899
1.69	  0.019894188
1.7	  0.019367503
1.71	  0.01885359
1.72	  0.018352201
1.73	  0.017863085
1.74	  0.017385995
1.75	  0.016920688
1.76	  0.01646692
1.77	  0.01602445
1.78	  0.015593041
1.79	  0.015172458
1.8	  0.01476247
1.81	  0.014362846
1.82	  0.013973359
1.83	  0.013593788
1.84	  0.013223911
1.85	  0.012863512
1.86	  0.0125123765
1.87	  0.012170295
1.88	  0.01183706
1.89	  0.011512467
1.9	  0.011196316
1.91	  0.010888412
1.92	  0.010588558
1.93	  0.010296567
1.94	  0.010012252
1.95	  0.009735428
1.96	  0.009465916
1.97	  0.009203541
1.98	  0.008948129
1.99	  0.008699509
2.0	  0.008457516
2.01	  0.008221989
2.02	  0.007992766
2.03	  0.0077696904
2.04	  0.0075526107
2.05	  0.0073413765
2.06	  0.007135841
2.07	  0.0069358605
2.08	  0.006741295
2.09	  0.0065520066
2.1	  0.0063678618
2.11	  0.0061887284
2.12	  0.006014478
2.13	  0.0058449856
2.14	  0.0056801285
2.15	  0.0055197864
2.16	  0.0053638425
2.17	  0.0052121817
2.18	  0.0050646933
2.19	  0.0049212677
2.2	  0.004781798
2.21	  0.004646181
2.22	  0.0045143142
2.23	  0.0043860995
2.24	  0.004261439
2.25	  0.0041402397
2.26	  0.0040224087
2.27	  0.0039078565
2.28	  0.003796495
2.29	  0.0036882393
2.3	  0.0035830059
2.31	  0.0034807133
2.32	  0.0033812828
2.33	  0.0032846367
2.34	  0.0031907
2.35	  0.0030993992
2.36	  0.0030106627
2.37	  0.002924421
2.38	  0.0028406063
2.39	  0.0027591519
2.4	  0.0026799939
2.41	  0.002603069
2.42	  0.0025283163
2.43	  0.0024556762
2.44	  0.0023850906
2.45	  0.002316503
2.46	  0.0022498583
2.47	  0.0021851028
2.48	  0.0021221845
2.49	  0.0020610525
2.5	  0.0020016574
2.51	  0.0019439507
2.52	  0.0018878859
2.53	  0.0018334171
2.54	  0.0017805
2.55	  0.0017290914
2.56	  0.0016791491
2.57	  0.0016306322
2.58	  0.0015835009
2.59	  0.0015377162
2.6	  0.0014932408
2.61	  0.0014500377
2.62	  0.0014080711
2.63	  0.0013673065
2.64	  0.00132771
2.65	  0.0012892486
2.66	  0.0012518904
2.67	  0.0012156045
2.68	  0.0011803603
2.69	  0.0011461286
2.7	  0.0011128808
2.71	  0.0010805888
2.72	  0.0010492258
2.73	  0.0010187654
2.74	  9.891819E-4
2.75	  9.6045056E-4
2.76	  9.3254715E-4
2.77	  9.0544805E-4
2.78	  8.791305E-4
2.79	  8.535722E-4
2.8	  8.2875154E-4
2.81	  8.046475E-4
2.82	  7.8123965E-4
2.83	  7.585081E-4
2.84	  7.3643355E-4
2.85	  7.149973E-4
2.86	  6.94181E-4
2.87	  6.73967E-4
2.88	  6.54338E-4
2.89	  6.352773E-4
2.9	  6.167686E-4
2.91	  5.9879606E-4
2.92	  5.8134436E-4
2.93	  5.643985E-4
2.94	  5.47944E-4
2.95	  5.319667E-4
2.96	  5.164529E-4
2.97	  5.0138927E-4
2.98	  4.8676293E-4
2.99	  4.7256122E-4
3.0	  4.5877197E-4
3.01	  4.4538325E-4
3.02	  4.3238356E-4
3.03	  4.1976167E-4
3.04	  4.0750665E-4
3.05	  3.95608E-4
3.06	  3.8405537E-4
3.07	  3.7283878E-4
3.08	  3.6194854E-4
3.09	  3.513752E-4
3.1	  3.4110964E-4
3.11	  3.3114292E-4
3.12	  3.2146642E-4
3.13	  3.1207173E-4
3.14	  3.029507E-4
3.15	  2.9409543E-4
3.16	  2.854982E-4
3.17	  2.771515E-4
3.18	  2.6904815E-4
3.19	  2.6118103E-4
3.2	  2.5354332E-4
3.21	  2.4612833E-4
3.22	  2.3892966E-4
3.23	  2.3194098E-4
3.24	  2.2515623E-4
3.25	  2.1856946E-4
3.26	  2.1217494E-4
3.27	  2.0596708E-4
3.28	  1.9994045E-4
3.29	  1.9408978E-4
3.3	  1.8840998E-4
3.31	  1.8289604E-4
3.32	  1.7754316E-4
3.33	  1.7234667E-4
3.34	  1.6730199E-4
3.35	  1.6240471E-4
3.36	  1.5765055E-4
3.37	  1.5303533E-4
3.38	  1.48555E-4
3.39	  1.4420565E-4
3.4	  1.3998346E-4
3.41	  1.3588472E-4
3.42	  1.3190582E-4
3.43	  1.2804328E-4
3.44	  1.2429371E-4
3.45	  1.2065381E-4
3.46	  1.1712038E-4
3.47	  1.13690316E-4
3.48	  1.103606E-4
3.49	  1.0712831E-4
3.5	  1.039906E-4
3.51	  1.0094471E-4
3.52	  9.7987955E-5
3.53	  9.5117735E-5
3.54	  9.2331524E-5
3.55	  8.9626876E-5
3.56	  8.700139E-5
3.57	  8.4452775E-5
3.58	  8.1978775E-5
3.59	  7.95772E-5
3.6	  7.724595E-5
3.61	  7.498296E-5
3.62	  7.278624E-5
3.63	  7.0653856E-5
3.64	  6.858391E-5
3.65	  6.65746E-5
3.66	  6.462413E-5
3.67	  6.2730796E-5
3.68	  6.089292E-5
3.69	  5.9108876E-5
3.7	  5.73771E-5
3.71	  5.569605E-5
3.72	  5.406425E-5
3.73	  5.248026E-5
3.74	  5.0942675E-5
3.75	  4.945014E-5
3.76	  4.8001337E-5
3.77	  4.659498E-5
3.78	  4.5229837E-5
3.79	  4.3904696E-5
3.8	  4.2618383E-5
3.81	  4.1369763E-5
3.82	  4.0157738E-5
3.83	  3.8981227E-5
3.84	  3.7839196E-5
3.85	  3.673063E-5
3.86	  3.5654557E-5
3.87	  3.4610017E-5
3.88	  3.3596094E-5
3.89	  3.2611882E-5
3.9	  3.165652E-5
3.91	  3.0729156E-5
3.92	  2.982897E-5
3.93	  2.895517E-5
3.94	  2.810698E-5
3.95	  2.728365E-5
3.96	  2.6484451E-5
3.97	  2.5708678E-5
3.98	  2.4955641E-5
3.99	  2.4224677E-5
4.0	  2.3515136E-5


