
X-Axis: 10.0s SA (g)
Y-Axis: Annual Probabilitiy
Number of Data Sets: 5


DATASET #1

Name: UCERF3
Num Points: 401
Info: 

X, Y Data:
1.0E-4	0.05301499
1.0333392E-4	0.052990615
1.06779E-4	0.05296397
1.1033893E-4	0.05293489
1.14017545E-4	0.05290321
1.178188E-4	0.05286875
1.2174679E-4	0.052831333
1.2580573E-4	0.052790776
1.3E-4	0.052746885
1.334183E-4	0.052709654
1.369265E-4	0.052670117
1.4052694E-4	0.052628167
1.4422205E-4	0.052583702
1.4801433E-4	0.05253662
1.5190631E-4	0.052486815
1.5590065E-4	0.05243418
1.6E-4	0.05237861
1.645257E-4	0.05231549
1.691794E-4	0.05224872
1.7396474E-4	0.052178167
1.7888544E-4	0.05210369
1.8394532E-4	0.05202516
1.8914833E-4	0.05194244
1.944985E-4	0.0518554
2.0E-4	0.051763907
2.0565712E-4	0.051667828
2.1147425E-4	0.05156704
2.1745593E-4	0.051461414
2.236068E-4	0.05135083
2.2993165E-4	0.051235165
2.364354E-4	0.051114302
2.4312311E-4	0.050988134
2.5E-4	0.050856546
2.5783465E-4	0.050704535
2.659148E-4	0.050545633
2.742482E-4	0.05037971
2.8284272E-4	0.05020665
2.917066E-4	0.050026342
3.0084825E-4	0.04983868
3.102764E-4	0.049643584
3.2E-4	0.049440958
3.290514E-4	0.049251266
3.383588E-4	0.049055323
3.4792948E-4	0.04885309
3.5777088E-4	0.04864453
3.6789064E-4	0.048429623
3.7829665E-4	0.048208356
3.88997E-4	0.04798071
4.0E-4	0.04774669
4.1131425E-4	0.047506303
4.229485E-4	0.047259554
4.3491187E-4	0.04700647
4.472136E-4	0.046747077
4.598633E-4	0.046481412
4.728708E-4	0.04620951
4.8624622E-4	0.04593143
5.0E-4	0.045647223
5.1465514E-4	0.045346476
5.2973983E-4	0.0450393
5.4526667E-4	0.044725787
5.612486E-4	0.04440602
5.77699E-4	0.0440801
5.946315E-4	0.043748133
6.120603E-4	0.043410227
6.3E-4	0.043066505
6.4807665E-4	0.042724393
6.6667196E-4	0.042376935
6.858008E-4	0.042024255
7.0547854E-4	0.041666485
7.257209E-4	0.04130375
7.465441E-4	0.040936187
7.6796475E-4	0.040563934
7.9E-4	0.040187135
8.136239E-4	0.039789993
8.379543E-4	0.03938824
8.630122E-4	0.038982045
8.8881946E-4	0.03857158
9.153984E-4	0.038157016
9.427722E-4	0.03773853
9.7096455E-4	0.037316304
0.001	0.036890507
0.0010293103	0.036469754
0.0010594797	0.036045916
0.0010905333	0.035619166
0.0011224973	0.035189677
0.001155398	0.03475763
0.001189263	0.03432319
0.0012241206	0.03388654
0.00126	0.033447854
0.0012961533	0.033016477
0.0013333439	0.032583486
0.0013716016	0.03214905
0.0014109571	0.031713337
0.0014514418	0.03127652
0.0014930882	0.030838765
0.0015359295	0.030400246
0.00158	0.029961135
0.0016272478	0.029503323
0.0016759086	0.029045248
0.0017260244	0.02858711
0.0017776389	0.028129103
0.0018307968	0.027671425
0.0018855444	0.027214274
0.0019419291	0.026757844
0.002	0.026302338
0.0020575977	0.025864478
0.002116854	0.025427835
0.002177817	0.024992585
0.0022405356	0.0245589
0.0023050604	0.024126956
0.0023714434	0.02369693
0.0024397383	0.023268988
0.00251	0.022843307
0.0025833033	0.022414193
0.0026587474	0.021987747
0.0027363948	0.021564143
0.0028163097	0.021143546
0.0028985585	0.020726124
0.0029832094	0.020312035
0.0030703326	0.01990144
0.00316	0.019494489
0.0032524571	0.0190906
0.0033476194	0.018690664
0.003445566	0.01829482
0.0035463783	0.0179032
0.0036501405	0.01751593
0.0037569385	0.017133133
0.003866861	0.016754923
0.00398	0.016381405
0.004096165	0.016013565
0.0042157196	0.015650585
0.0043387646	0.015292554
0.0044654002	0.014939546
0.0045957323	0.01459163
0.0047298684	0.0142488675
0.0048679197	0.0139113115
0.00501	0.013579007
0.005156579	0.013251223
0.0053074467	0.012928781
0.005462728	0.012611705
0.0056225527	0.012300005
0.0057870536	0.01199369
0.005956367	0.011692759
0.0061306343	0.0113972
0.00631	0.011106999
0.006493865	0.010823261
0.0066830874	0.010544788
0.0068778237	0.010271544
0.007078234	0.010003489
0.0072844843	0.009740579
0.0074967444	0.009482762
0.00771519	0.009229985
0.00794	0.008982188
0.008172275	0.008738373
0.008411343	0.008499449
0.008657407	0.008265346
0.008910668	0.008035994
0.009171338	0.007811319
0.009439633	0.007591247
0.009715778	0.0073757023
0.01	0.007164608
0.010292081	0.0069582034
0.010592694	0.006756084
0.010902087	0.006558175
0.011220517	0.0063644024
0.011548247	0.0061746924
0.011885551	0.005988973
0.012232705	0.0058071744
0.01259	0.005629228
0.012957647	0.005455106
0.013336032	0.0052847043
0.013725464	0.005117961
0.01412627	0.0049548177
0.014538779	0.0047952165
0.014963334	0.0046391035
0.015400288	0.0044864276
0.01585	0.004337139
0.016312422	0.004191321
0.016788337	0.0040487936
0.017278135	0.0039095143
0.017782224	0.0037734439
0.01830102	0.0036405444
0.01883495	0.00351078
0.019384459	0.0033841163
0.01995	0.0032605205
0.020533005	0.0031397673
0.021133045	0.0030220302
0.021750621	0.0029072799
0.022386245	0.0027954876
0.023040446	0.0026866256
0.023713762	0.0025806658
0.024406755	0.0024775804
0.02512	0.002377342
0.025853088	0.0022800514
0.02660757	0.002185544
0.027384069	0.0020937906
0.02818323	0.0020047622
0.029005712	0.001918428
0.029852198	0.0018347569
0.030723387	0.0017537166
0.03162	0.0016752734
0.032543603	0.0015993268
0.033494186	0.001525911
0.034472536	0.0014549887
0.03547946	0.001386521
0.0365158	0.0013204679
0.03758241	0.0012567878
0.03868017	0.001195438
0.03981	0.0011363745
0.040972695	0.0010795586
0.042169347	0.0010249369
0.04340095	9.72462E-4
0.044668525	9.220856E-4
0.04597312	8.737583E-4
0.047315817	8.2743005E-4
0.04869773	7.830501E-4
0.05012	7.40567E-4
0.0515838	6.999293E-4
0.053090356	6.6108454E-4
0.05464091	6.239803E-4
0.05623675	5.885641E-4
0.0578792	5.5478344E-4
0.059569612	5.22586E-4
0.0613094	4.919195E-4
0.0631	4.6273222E-4
0.06494172	4.3498978E-4
0.066837184	4.086225E-4
0.06878798	3.8358025E-4
0.070795715	3.5981357E-4
0.072862044	3.3727367E-4
0.074988686	3.1591277E-4
0.077177405	2.956839E-4
0.07943	2.76541E-4
0.08174976	2.5842848E-4
0.08413727	2.4131422E-4
0.08659451	2.2515525E-4
0.08912351	2.0990976E-4
0.09172637	1.9553707E-4
0.09440525	1.8199766E-4
0.097162366	1.6925317E-4
0.1	1.572664E-4
0.102919795	1.4600404E-4
0.10592484	1.3542827E-4
0.109017625	1.2550547E-4
0.112200715	1.1620318E-4
0.11547674	1.0749007E-4
0.11884842	9.933598E-5
0.12231855	9.171184E-5
0.12589	8.4589694E-5
0.12956645	7.794141E-5
0.13335027	7.1742594E-5
0.13724458	6.596844E-5
0.14125264	6.0595165E-5
0.14537773	5.5599976E-5
0.14962329	5.0961047E-5
0.15399285	4.665749E-5
0.15849	4.2669337E-5
0.16311829	3.8977665E-5
0.16788174	3.556409E-5
0.17278428	3.2411263E-5
0.17783	2.9502628E-5
0.18302307	2.6822448E-5
0.18836778	2.435575E-5
0.19386858	2.2088312E-5
0.19953	2.0006633E-5
0.20535603	1.8098142E-5
0.21135218	1.6350466E-5
0.21752341	1.4752147E-5
0.22387484	1.3292366E-5
0.23041171	1.1960917E-5
0.23713945	1.0748181E-5
0.24406363	9.64511E-6
0.25119	8.6432E-6
0.25852492	7.734416E-6
0.26607406	6.9113507E-6
0.27384362	6.1670103E-6
0.28184006	5.494862E-6
0.29007	4.8888123E-6
0.29854023	4.343189E-6
0.30725783	3.852719E-6
0.31623	3.412509E-6
0.32546407	3.018027E-6
0.33496782	2.665077E-6
0.34474903	2.349789E-6
0.3548159	2.0685948E-6
0.3651767	1.818213E-6
0.37584007	1.5956305E-6
0.3868148	1.3980851E-6
0.39811	1.2230503E-6
0.40973493	1.0682202E-6
0.42169935	9.314906E-7
0.4340131	8.1094913E-7
0.44668642	7.048592E-7
0.4597298	6.1164747E-7
0.47315407	5.2989094E-7
0.4869703	4.5830538E-7
0.50119	3.9573405E-7
0.5158249	3.4113708E-7
0.5308872	2.9358148E-7
0.5463893	2.522317E-7
0.5623441	2.1634112E-7
0.57876474	1.8524415E-7
0.59566486	1.5834824E-7
0.61305845	1.3512751E-7
0.63096	1.1511575E-7
0.6493842	9.790016E-8
0.6683464	8.3116646E-8
0.6878623	7.044447E-8
0.7079481	5.9601692E-8
0.72862035	5.0341026E-8
0.7498962	4.24459E-8
0.7717934	3.57272E-8
0.79433	3.001995E-8
0.8175246	2.5180722E-8
0.8413966	2.1085077E-8
0.86596555	1.7624922E-8
0.8912519	1.4707102E-8
0.9172767	1.2251093E-8
0.9440614	1.0187543E-8
0.97162825	8.4568565E-9
1.0	7.0080683E-9
1.029201	5.7973866E-9
1.0592546	4.7875837E-9
1.090186	3.946859E-9
1.1220205	3.2481595E-9
1.1547846	2.6685407E-9
1.1885055	2.1885909E-9
1.223211	1.7918986E-9
1.25893	1.464589E-9
1.2956905	1.195027E-9
1.3335243	9.734253E-10
1.3724631	7.9159235E-10
1.4125386	6.426225E-10
1.4537846	5.207992E-10
1.4962348	4.2136095E-10
1.5399245	3.4033087E-10
1.58489	2.7443403E-10
1.6311698	2.2092139E-10
1.678801	1.7754576E-10
1.727823	1.4244916E-10
1.7782766	1.1410317E-10
1.8302034	9.12429E-11
1.8836465	7.2850725E-11
1.9386501	5.8051897E-11
1.99526	4.6196824E-11
2.0535233	3.668965E-11
2.113488	2.9091507E-11
2.1752036	2.302325E-11
2.2387214	1.819045E-11
2.304094	1.4345303E-11
2.3713756	1.1285195E-11
2.4406219	8.875456E-12
2.51189	6.9574346E-12
2.5852382	5.445422E-12
2.6607285	4.2528203E-12
2.7384229	3.3127945E-12
2.818386	2.568723E-12
2.900684	1.9904078E-12
2.9853854	1.5361046E-12
3.0725598	1.1814993E-12
3.16228	9.019452E-13
3.2546198	6.9022565E-13
3.3496559	5.218048E-13
3.447467	3.9346304E-13
3.5481343	2.9232172E-13
3.6517413	2.1638247E-13
3.7583735	1.6009416E-13
3.8681195	1.1812773E-13
3.98107	8.548717E-14
4.097319	6.183942E-14
4.2169633	4.4630966E-14
4.340101	3.2196468E-14
4.466834	2.3092639E-14
4.5972676	1.6542323E-14
4.7315106	1.1879386E-14
4.869673	8.104628E-15
5.01187	6.217249E-15
5.1582193	4.440892E-15
5.3088417	2.9976022E-15
5.463863	1.9984014E-15
5.62341	8.881784E-16
5.7876167	4.440892E-16
5.9566183	3.330669E-16
6.1305547	3.330669E-16
6.30957	0.0
6.493813	0.0
6.683436	0.0
6.878596	0.0
7.079455	0.0
7.286179	0.0
7.4989395	0.0
7.7179127	0.0
7.94328	0.0
8.175228	0.0
8.41395	0.0
8.659641	0.0
8.912508	0.0
9.172758	0.0
9.440608	0.0
9.716279	0.0
10.0	0.0



DATASET #2

Name: RSQSim
Num Points: 401
Info: 

X, Y Data:
1.0E-4	0.06768274
1.0333392E-4	0.067656346
1.06779E-4	0.067627385
1.1033893E-4	0.06759568
1.14017545E-4	0.067561015
1.178188E-4	0.067523174
1.2174679E-4	0.067481935
1.2580573E-4	0.06743706
1.3E-4	0.0673883
1.334183E-4	0.0673468
1.369265E-4	0.06730258
1.4052694E-4	0.067255504
1.4422205E-4	0.06720544
1.4801433E-4	0.06715224
1.5190631E-4	0.06709577
1.5590065E-4	0.06703589
1.6E-4	0.066972435
1.645257E-4	0.06690009
1.691794E-4	0.06682325
1.7396474E-4	0.066741735
1.7888544E-4	0.06665534
1.8394532E-4	0.06656387
1.8914833E-4	0.06646711
1.944985E-4	0.06636486
2.0E-4	0.06625693
2.0565712E-4	0.06614311
2.1147425E-4	0.06602319
2.1745593E-4	0.065896966
2.236068E-4	0.06576423
2.2993165E-4	0.06562478
2.364354E-4	0.06547842
2.4312311E-4	0.06532495
2.5E-4	0.06516416
2.5783465E-4	0.064977534
2.659148E-4	0.064781465
2.742482E-4	0.0645757
2.8284272E-4	0.06436
2.917066E-4	0.06413413
3.0084825E-4	0.06389785
3.102764E-4	0.06365096
3.2E-4	0.063393235
3.290514E-4	0.06315081
3.383588E-4	0.06289924
3.4792948E-4	0.0626384
3.5777088E-4	0.06236819
3.6789064E-4	0.062088497
3.7829665E-4	0.06179922
3.88997E-4	0.061500274
4.0E-4	0.06119159
4.1131425E-4	0.0608731
4.229485E-4	0.060544755
4.3491187E-4	0.060206518
4.472136E-4	0.05985836
4.598633E-4	0.05950027
4.728708E-4	0.05913224
4.8624622E-4	0.058754295
5.0E-4	0.05836645
5.1465514E-4	0.05795437
5.2973983E-4	0.057531774
5.4526667E-4	0.05709874
5.612486E-4	0.056655355
5.77699E-4	0.05620173
5.946315E-4	0.055737983
6.120603E-4	0.055264257
6.3E-4	0.054780696
6.4807665E-4	0.05429781
6.6667196E-4	0.053805828
6.858008E-4	0.053304933
7.0547854E-4	0.05279533
7.257209E-4	0.052277222
7.465441E-4	0.05175083
7.6796475E-4	0.051216397
7.9E-4	0.050674167
8.136239E-4	0.050101373
8.379543E-4	0.049520705
8.630122E-4	0.04893247
8.8881946E-4	0.048337
9.153984E-4	0.04773463
9.427722E-4	0.047125705
9.7096455E-4	0.04651058
0.001	0.045889623
0.0010293103	0.04527551
0.0010594797	0.0446565
0.0010905333	0.044032957
0.0011224973	0.043405257
0.001155398	0.04277376
0.001189263	0.042138852
0.0012241206	0.041500907
0.00126	0.040860306
0.0012961533	0.0402308
0.0013333439	0.03959947
0.0013716016	0.03896668
0.0014109571	0.038332794
0.0014514418	0.03769816
0.0014930882	0.03706314
0.0015359295	0.036428086
0.00158	0.035793353
0.0016272478	0.03513294
0.0016759086	0.034473646
0.0017260244	0.033815846
0.0017776389	0.03315992
0.0018307968	0.03250624
0.0018855444	0.031855166
0.0019419291	0.031207064
0.002	0.030562274
0.0020575977	0.029944427
0.002116854	0.02933027
0.002177817	0.028720092
0.0022405356	0.028114172
0.0023050604	0.027512778
0.0023714434	0.026916172
0.0024397383	0.026324606
0.00251	0.025738323
0.0025833033	0.02514953
0.0026587474	0.024566634
0.0027363948	0.023989854
0.0028163097	0.023419403
0.0028985585	0.022855472
0.0029832094	0.022298248
0.0030703326	0.021747908
0.00316	0.02120461
0.0032524571	0.020667532
0.0033476194	0.020137815
0.003445566	0.019615585
0.0035463783	0.019100957
0.0036501405	0.018594038
0.0037569385	0.018094918
0.003866861	0.017603682
0.00398	0.0171204
0.004096165	0.016646268
0.0042157196	0.01618016
0.0043387646	0.015722116
0.0044654002	0.015272168
0.0045957323	0.014830334
0.0047298684	0.014396626
0.0048679197	0.013971045
0.00501	0.013553587
0.005156579	0.013143277
0.0053074467	0.012741093
0.005462728	0.012347005
0.0056225527	0.0119609805
0.0057870536	0.011582978
0.005956367	0.01121295
0.0061306343	0.010850843
0.00631	0.010496602
0.006493865	0.010151535
0.0066830874	0.009814145
0.0068778237	0.009484364
0.007078234	0.0091621205
0.0072844843	0.008847342
0.0074967444	0.008539951
0.00771519	0.00823987
0.00794	0.007947019
0.008172275	0.007660219
0.008411343	0.00738054
0.008657407	0.007107897
0.008910668	0.0068422058
0.009171338	0.0065833805
0.009439633	0.006331335
0.009715778	0.0060859825
0.01	0.005847238
0.010292081	0.005615365
0.010592694	0.0053899074
0.010902087	0.0051707784
0.011220517	0.004957892
0.011548247	0.0047511626
0.011885551	0.0045505045
0.012232705	0.004355831
0.01259	0.0041670566
0.012957647	0.003984135
0.013336032	0.0038069375
0.013725464	0.003635377
0.01412627	0.0034693663
0.014538779	0.0033088182
0.014963334	0.0031536443
0.015400288	0.0030037556
0.01585	0.0028590623
0.016312422	0.0027195977
0.016788337	0.0025851375
0.017278135	0.0024555898
0.017782224	0.0023308615
0.01830102	0.0022108583
0.01883495	0.0020954849
0.019384459	0.0019846447
0.01995	0.0018782403
0.020533005	0.00177601
0.021133045	0.0016780309
0.021750621	0.0015842019
0.022386245	0.0014944209
0.023040446	0.001408585
0.023713762	0.0013265903
0.024406755	0.0012483327
0.02512	0.0011737071
0.025853088	0.0011027012
0.02660757	0.0010351071
0.027384069	9.708194E-4
0.02818323	9.0973265E-4
0.029005712	8.517414E-4
0.029852198	7.967408E-4
0.030723387	7.4462616E-4
0.03162	6.952935E-4
0.032543603	6.4859976E-4
0.033494186	6.04487E-4
0.034472536	5.6285394E-4
0.03547946	5.236003E-4
0.0365158	4.866274E-4
0.03758241	4.5183796E-4
0.03868017	4.191365E-4
0.03981	3.8842927E-4
0.040972695	3.596277E-4
0.042169347	3.3263845E-4
0.04340095	3.07374E-4
0.044668525	2.8374902E-4
0.04597312	2.616805E-4
0.047315817	2.4108792E-4
0.04869773	2.218931E-4
0.05012	2.0402043E-4
0.0515838	1.8739693E-4
0.053090356	1.7195202E-4
0.05464091	1.5761782E-4
0.05623675	1.4432904E-4
0.0578792	1.3202304E-4
0.059569612	1.2063975E-4
0.0613094	1.1012171E-4
0.0631	1.0041404E-4
0.06494172	9.146979E-5
0.066837184	8.323279E-5
0.06878798	7.5655735E-5
0.070795715	6.8693684E-5
0.072862044	6.230404E-5
0.074988686	5.6446486E-5
0.077177405	5.1082927E-5
0.07943	4.6177403E-5
0.08174976	4.169347E-5
0.08413727	3.760229E-5
0.08659451	3.3873883E-5
0.08912351	3.0480112E-5
0.09172637	2.7394646E-5
0.09440525	2.459285E-5
0.097162366	2.205172E-5
0.1	1.9749814E-5
0.102919795	1.7667644E-5
0.10592484	1.5786076E-5
0.109017625	1.4087892E-5
0.112200715	1.255713E-5
0.11547674	1.1179015E-5
0.11884842	9.939895E-6
0.12231855	8.827167E-6
0.12589	7.82922E-6
0.12956645	6.9352004E-6
0.13335027	6.1354904E-6
0.13724458	5.421076E-6
0.14125264	4.783698E-6
0.14537773	4.215803E-6
0.14962329	3.7104912E-6
0.15399285	3.2614687E-6
0.15849	2.8630043E-6
0.16311829	2.5099002E-6
0.16788174	2.197407E-6
0.17278428	1.9212346E-6
0.17783	1.6775001E-6
0.18302307	1.4626937E-6
0.18836778	1.2736476E-6
0.19386858	1.1075078E-6
0.19953	9.617065E-7
0.20535603	8.3395116E-7
0.21135218	7.221549E-7
0.21752341	6.2446554E-7
0.22387484	5.3922736E-7
0.23041171	4.6496203E-7
0.23713945	4.0035226E-7
0.24406363	3.442258E-7
0.25119	2.9554124E-7
0.25852492	2.5337235E-7
0.26607406	2.1690448E-7
0.27384362	1.8541445E-7
0.28184006	1.5826397E-7
0.29007	1.3489061E-7
0.29854023	1.1479964E-7
0.30725783	9.755656E-8
0.31623	8.2780446E-8
0.32546407	7.013798E-8
0.33496782	5.933773E-8
0.34474903	5.0125582E-8
0.3548159	4.228025E-8
0.3651767	3.5609357E-8
0.37584007	2.9945987E-8
0.3868148	2.5145484E-8
0.39811	2.108278E-8
0.40973493	1.7649901E-8
0.42169935	1.4753765E-8
0.4340131	1.2314289E-8
0.44668642	1.0262708E-8
0.4597298	8.540065E-9
0.47315407	7.0959016E-9
0.4869703	5.8871144E-9
0.50119	4.8769224E-9
0.5158249	4.0340318E-9
0.5308872	3.3318406E-9
0.5463893	2.747786E-9
0.5623441	2.2627433E-9
0.57876474	1.8605715E-9
0.59566486	1.5276244E-9
0.61305845	1.2524198E-9
0.63096	1.0252893E-9
0.6493842	8.381308E-10
0.6683464	6.841373E-10
0.6878623	5.5764005E-10
0.7079481	4.5387782E-10
0.72862035	3.6889458E-10
0.7498962	2.994024E-10
0.7717934	2.42659E-10
0.79433	1.9639568E-10
0.8175246	1.5873258E-10
0.8413966	1.2811041E-10
0.86596555	1.0326473E-10
0.8912519	8.31184E-11
0.9172767	6.6811334E-11
0.9440614	5.3637206E-11
0.97162825	4.3003268E-11
1.0	3.4431902E-11
1.029201	2.7532754E-11
1.0592546	2.19883E-11
1.090186	1.7535973E-11
1.1220205	1.3967383E-11
1.1547846	1.1112888E-11
1.1885055	8.831824E-12
1.223211	7.0075057E-12
1.25893	5.5532245E-12
1.2956905	4.3933746E-12
1.3335243	3.4752201E-12
1.3724631	2.7403635E-12
1.4125386	2.1626034E-12
1.4537846	1.7008617E-12
1.4962348	1.3384849E-12
1.5399245	1.0499379E-12
1.58489	8.237855E-13
1.6311698	6.4748207E-13
1.678801	5.067058E-13
1.727823	3.9734882E-13
1.7782766	3.110845E-13
1.8302034	2.4558133E-13
1.8836465	1.9051427E-13
1.9386501	1.4377388E-13
1.99526	1.0669243E-13
2.0535233	8.11573E-14
2.113488	6.128431E-14
2.1752036	4.718448E-14
2.2387214	3.6526338E-14
2.304094	2.797762E-14
2.3713756	2.1427304E-14
2.4406219	1.6209256E-14
2.51189	1.2767565E-14
2.5852382	1.01030295E-14
2.6607285	7.993606E-15
2.7384229	5.2180482E-15
2.818386	3.663736E-15
2.900684	1.8873791E-15
2.9853854	8.881784E-16
3.0725598	1.110223E-16
3.16228	1.110223E-16
3.2546198	0.0
3.3496559	0.0
3.447467	0.0
3.5481343	0.0
3.6517413	0.0
3.7583735	0.0
3.8681195	0.0
3.98107	0.0
4.097319	0.0
4.2169633	0.0
4.340101	0.0
4.466834	0.0
4.5972676	0.0
4.7315106	0.0
4.869673	0.0
5.01187	0.0
5.1582193	0.0
5.3088417	0.0
5.463863	0.0
5.62341	0.0
5.7876167	0.0
5.9566183	0.0
6.1305547	0.0
6.30957	0.0
6.493813	0.0
6.683436	0.0
6.878596	0.0
7.079455	0.0
7.286179	0.0
7.4989395	0.0
7.7179127	0.0
7.94328	0.0
8.175228	0.0
8.41395	0.0
8.659641	0.0
8.912508	0.0
9.172758	0.0
9.440608	0.0
9.716279	0.0
10.0	0.0



DATASET #3

Name: 1000yr
Num Points: 2
Info: 

X, Y Data:
0.001	0.001
10.0	0.001



DATASET #4

Name: 2500yr
Num Points: 2
Info: 

X, Y Data:
0.001	4.0E-4
10.0	4.0E-4



DATASET #5

Name: 10000yr
Num Points: 2
Info: 

X, Y Data:
0.001	1.0E-4
10.0	1.0E-4


