
X-Axis: Normalized Distance Along Strike
Y-Axis: Hypocenter Density
Number of Data Sets: 4


DATASET #1

     Name: 
   Points: 31
     Info: 

Data[x,y]:
0.05	  0.025316456
0.15	  0.015822785
0.25	  0.025316456
0.35	  0.04113924
0.45	  0.022151899
0.55	  0.01898734
0.65	  0.01898734
0.75	  0.03797468
0.85	  0.044303797
0.95	  0.085443035
1.05	  0.05379747
1.15	  0.00949367
1.25	  0.04113924
1.35	  0.028481012
1.45	  0.03164557
1.55	  0.03164557
1.65	  0.028481012
1.75	  0.04113924
1.85	  0.00949367
1.95	  0.05379747
2.05	  0.085443035
2.15	  0.044303797
2.25	  0.03797468
2.35	  0.01898734
2.45	  0.01898734
2.55	  0.022151899
2.65	  0.04113924
2.75	  0.025316456
2.85	  0.015822785
2.95	  0.025316456
3.05	  0.0



DATASET #2

     Name: 
   Points: 31
     Info: 

Data[x,y]:
0.05	  0.0
0.15	  0.0
0.25	  0.0
0.35	  0.0
0.45	  0.0
0.55	  0.0
0.65	  0.0
0.75	  0.0
0.85	  0.0
0.95	  0.0
1.05	  0.003164557
1.15	  0.0
1.25	  0.0
1.35	  0.0
1.45	  0.0
1.55	  0.0
1.65	  0.0
1.75	  0.0
1.85	  0.0
1.95	  0.003164557
2.05	  0.0
2.15	  0.0
2.25	  0.0
2.35	  0.0
2.45	  0.0
2.55	  0.0
2.65	  0.0
2.75	  0.0
2.85	  0.0
2.95	  0.0
3.05	  0.0



DATASET #3

Name: 
Num Points: 4
Info: 

X, Y Data:
0.021	  0.0011962026
0.021	  0.11842405
2.979	  0.11842405
2.979	  0.0011962026



DATASET #4

Name: 
Num Points: 4
Info: 

X, Y Data:
1.0	  0.0011962026
1.0	  0.106462024
2.0	  0.106462024
2.0	  0.0011962026


