
X-Axis: Normalized Interevent Time
Y-Axis: Probability
Number of Data Sets: 3


DATASET #1

     Name: Bruce 3067 Histogram
   Points: 41
     Info: 

Data[x,y]:
0.05	  0.05196738
0.15	  0.039704744
0.25	  0.038633253
0.35	  0.044407405
0.45	  0.04184773
0.55	  0.045062207
0.65	  0.04720519
0.75	  0.05101494
0.85	  0.058813024
0.95	  0.08827906
1.05	  0.09697006
1.15	  0.07643312
1.25	  0.06113459
1.35	  0.049764868
1.45	  0.04065718
1.55	  0.033394843
1.65	  0.02809691
1.75	  0.023929996
1.85	  0.018513007
1.95	  0.013750819
2.05	  0.012738854
2.15	  0.010595868
2.25	  0.0064884815
2.35	  0.0045240787
2.45	  0.0039883326
2.55	  0.0027382583
2.65	  0.0019048753
2.75	  0.0017858206
2.85	  0.001190547
2.95	  0.0014286565
3.05	  7.1432826E-4
3.15	  5.952735E-4
3.25	  4.1669147E-4
3.35	  4.1669147E-4
3.45	  2.3810941E-4
3.55	  1.7858206E-4
3.65	  1.19054705E-4
3.75	  1.19054705E-4
3.85	  5.9527352E-5
3.95	  5.9527352E-5
4.05	  1.19054705E-4



DATASET #2

     Name: Log-Normal Fit
   Points: 401
     Info: 

Data[x,y]:
0.005	  9.992007E-15
0.015	  7.8099235E-11
0.025	  7.545029E-9
0.035	  1.3944388E-7
0.045	  1.0909185E-6
0.055	  5.1044376E-6
0.065	  1.7084765E-5
0.075	  4.533283E-5
0.085	  1.01618236E-4
0.095	  2.0062095E-4
0.105	  3.5894843E-4
0.115	  5.9397134E-4
0.125	  9.226799E-4
0.135	  0.0013606937
0.145	  0.0019214947
0.155	  0.0026159019
0.165	  0.0034517758
0.175	  0.0044339197
0.185	  0.0055641416
0.195	  0.006841433
0.205	  0.008262231
0.215	  0.009820735
0.225	  0.011509242
0.235	  0.01331849
0.245	  0.015238001
0.255	  0.017256385
0.265	  0.019361641
0.275	  0.02154141
0.285	  0.0237832
0.295	  0.02607459
0.305	  0.02840339
0.315	  0.03075778
0.325	  0.033126406
0.335	  0.035498492
0.345	  0.037863873
0.355	  0.040213063
0.365	  0.042537276
0.375	  0.044828437
0.385	  0.047079187
0.395	  0.049282882
0.405	  0.051433578
0.415	  0.053526003
0.425	  0.055555537
0.435	  0.057518188
0.445	  0.059410542
0.455	  0.061229754
0.465	  0.0629735
0.475	  0.06463993
0.485	  0.06622767
0.495	  0.06773573
0.505	  0.06916353
0.515	  0.07051084
0.525	  0.07177773
0.535	  0.07296457
0.545	  0.07407199
0.555	  0.075100854
0.565	  0.07605222
0.575	  0.07692734
0.585	  0.07772763
0.595	  0.078454636
0.605	  0.07911003
0.615	  0.07969557
0.625	  0.08021311
0.635	  0.08066459
0.645	  0.081051975
0.655	  0.081377305
0.665	  0.08164262
0.675	  0.08185
0.685	  0.08200154
0.695	  0.08209932
0.705	  0.08214544
0.715	  0.082141966
0.725	  0.08209095
0.735	  0.081994444
0.745	  0.08185445
0.755	  0.08167294
0.765	  0.081451856
0.775	  0.081193104
0.785	  0.080898546
0.795	  0.08057
0.805	  0.08020923
0.815	  0.07981799
0.825	  0.07939794
0.835	  0.078950725
0.845	  0.07847792
0.855	  0.07798107
0.865	  0.07746165
0.875	  0.07692111
0.885	  0.07636084
0.895	  0.07578216
0.905	  0.07518638
0.915	  0.07457473
0.925	  0.07394842
0.935	  0.073308595
0.945	  0.07265636
0.955	  0.071992785
0.965	  0.07131887
0.975	  0.07063561
0.985	  0.06994392
0.995	  0.069244705
1.005	  0.06853882
1.015	  0.067827076
1.025	  0.067110255
1.035	  0.0663891
1.045	  0.06566432
1.055	  0.064936586
1.065	  0.06420653
1.075	  0.06347479
1.085	  0.06274191
1.095	  0.062008474
1.105	  0.061274976
1.115	  0.060541924
1.125	  0.05980978
1.135	  0.05907899
1.145	  0.05834997
1.155	  0.057623114
1.165	  0.05689879
1.175	  0.05617735
1.185	  0.055459127
1.195	  0.054744422
1.205	  0.05403353
1.215	  0.05332672
1.225	  0.052624244
1.235	  0.05192634
1.245	  0.05123323
1.255	  0.050545115
1.265	  0.049862187
1.275	  0.049184624
1.285	  0.048512585
1.295	  0.047846224
1.305	  0.047185674
1.315	  0.046531063
1.325	  0.045882504
1.335	  0.0452401
1.345	  0.044603948
1.355	  0.04397413
1.365	  0.043350723
1.375	  0.04273379
1.385	  0.04212339
1.395	  0.04151957
1.405	  0.040922377
1.415	  0.040331848
1.425	  0.039748006
1.435	  0.039170876
1.445	  0.038600475
1.455	  0.038036812
1.465	  0.037479896
1.475	  0.036929723
1.485	  0.03638629
1.495	  0.035849586
1.505	  0.0353196
1.515	  0.034796316
1.525	  0.03427971
1.535	  0.033769757
1.545	  0.033266433
1.555	  0.032769702
1.565	  0.032279532
1.575	  0.031795885
1.585	  0.031318724
1.595	  0.030848006
1.605	  0.030383687
1.615	  0.029925723
1.625	  0.029474065
1.635	  0.029028662
1.645	  0.028589463
1.655	  0.028156416
1.665	  0.027729468
1.675	  0.027308565
1.685	  0.026893646
1.695	  0.026484657
1.705	  0.02608154
1.715	  0.025684234
1.725	  0.02529268
1.735	  0.024906818
1.745	  0.024526585
1.755	  0.024151923
1.765	  0.023782765
1.775	  0.023419054
1.785	  0.023060722
1.795	  0.022707712
1.805	  0.022359956
1.815	  0.022017393
1.825	  0.02167996
1.835	  0.021347594
1.845	  0.02102023
1.855	  0.020697806
1.865	  0.02038026
1.875	  0.02006753
1.885	  0.01975955
1.895	  0.019456262
1.905	  0.0191576
1.915	  0.018863505
1.925	  0.018573914
1.935	  0.018288765
1.945	  0.018008001
1.955	  0.017731559
1.965	  0.01745938
1.975	  0.017191403
1.985	  0.01692757
1.995	  0.016667824
2.005	  0.016412105
2.015	  0.016160358
2.025	  0.015912522
2.035	  0.015668543
2.045	  0.015428366
2.055	  0.015191934
2.065	  0.014959193
2.075	  0.0147300875
2.085	  0.014504565
2.095	  0.014282572
2.105	  0.014064056
2.115	  0.013848965
2.125	  0.0136372475
2.135	  0.013428854
2.145	  0.013223732
2.155	  0.013021834
2.165	  0.01282311
2.175	  0.012627512
2.185	  0.012434992
2.195	  0.012245503
2.205	  0.012058998
2.215	  0.011875432
2.225	  0.011694758
2.235	  0.011516933
2.245	  0.011341912
2.255	  0.0111696515
2.265	  0.011000108
2.275	  0.010833239
2.285	  0.010669004
2.295	  0.01050736
2.305	  0.010348268
2.315	  0.010191686
2.325	  0.010037577
2.335	  0.0098859
2.345	  0.009736616
2.355	  0.009589689
2.365	  0.0094450805
2.375	  0.009302754
2.385	  0.009162674
2.395	  0.009024803
2.405	  0.008889107
2.415	  0.008755551
2.425	  0.008624101
2.435	  0.008494724
2.445	  0.008367386
2.455	  0.008242054
2.465	  0.0081186965
2.475	  0.007997282
2.485	  0.007877778
2.495	  0.0077601564
2.505	  0.0076443846
2.515	  0.007530434
2.525	  0.007418275
2.535	  0.0073078787
2.545	  0.0071992166
2.555	  0.0070922608
2.565	  0.006986984
2.575	  0.0068833595
2.585	  0.0067813597
2.595	  0.006680959
2.605	  0.006582131
2.615	  0.006484851
2.625	  0.0063890936
2.635	  0.0062948344
2.645	  0.006202049
2.655	  0.0061107134
2.665	  0.006020805
2.675	  0.0059322994
2.685	  0.005845175
2.695	  0.005759409
2.705	  0.0056749796
2.715	  0.0055918647
2.725	  0.005510044
2.735	  0.0054294956
2.745	  0.005350199
2.755	  0.0052721347
2.765	  0.0051952824
2.775	  0.005119622
2.785	  0.005045135
2.795	  0.004971802
2.805	  0.0048996042
2.815	  0.0048285234
2.825	  0.004758542
2.835	  0.0046896413
2.845	  0.0046218047
2.855	  0.004555015
2.865	  0.004489254
2.875	  0.0044245073
2.885	  0.0043607564
2.895	  0.0042979866
2.905	  0.0042361813
2.915	  0.0041753254
2.925	  0.0041154036
2.935	  0.0040564006
2.945	  0.0039983015
2.955	  0.003941092
2.965	  0.003884758
2.975	  0.0038292853
2.985	  0.0037746595
2.995	  0.0037208677
3.005	  0.003667896
3.015	  0.0036157316
3.025	  0.0035643613
3.035	  0.0035137723
3.045	  0.0034639523
3.055	  0.0034148889
3.065	  0.00336657
3.075	  0.0033189836
3.085	  0.003272118
3.095	  0.0032259617
3.105	  0.0031805034
3.115	  0.003135732
3.125	  0.003091636
3.135	  0.0030482055
3.145	  0.0030054292
3.155	  0.002963297
3.165	  0.0029217987
3.175	  0.002880924
3.185	  0.0028406628
3.195	  0.002801006
3.205	  0.0027619433
3.215	  0.0027234657
3.225	  0.0026855636
3.235	  0.0026482283
3.245	  0.0026114504
3.255	  0.0025752212
3.265	  0.0025395323
3.275	  0.0025043748
3.285	  0.0024697403
3.295	  0.0024356209
3.305	  0.0024020078
3.315	  0.002368894
3.325	  0.0023362706
3.335	  0.0023041305
3.345	  0.002272466
3.355	  0.0022412697
3.365	  0.002210534
3.375	  0.0021802515
3.385	  0.0021504157
3.395	  0.0021210192
3.405	  0.0020920553
3.415	  0.002063517
3.425	  0.0020353976
3.435	  0.002007691
3.445	  0.0019803904
3.455	  0.0019534894
3.465	  0.001926982
3.475	  0.0019008619
3.485	  0.0018751232
3.495	  0.00184976
3.505	  0.0018247662
3.515	  0.0018001363
3.525	  0.0017758646
3.535	  0.0017519456
3.545	  0.0017283737
3.555	  0.0017051436
3.565	  0.0016822501
3.575	  0.0016596878
3.585	  0.0016374518
3.595	  0.0016155369
3.605	  0.0015939382
3.615	  0.001572651
3.625	  0.0015516703
3.635	  0.0015309913
3.645	  0.0015106096
3.655	  0.0014905205
3.665	  0.0014707197
3.675	  0.0014512026
3.685	  0.0014319648
3.695	  0.0014130023
3.705	  0.0013943106
3.715	  0.0013758857
3.725	  0.0013577235
3.735	  0.0013398201
3.745	  0.0013221714
3.755	  0.0013047736
3.765	  0.001287623
3.775	  0.0012707156
3.785	  0.0012540478
3.795	  0.0012376162
3.805	  0.0012214169
3.815	  0.0012054465
3.825	  0.0011897016
3.835	  0.0011741788
3.845	  0.0011588747
3.855	  0.0011437859
3.865	  0.0011289094
3.875	  0.0011142418
3.885	  0.00109978
3.895	  0.0010855208
3.905	  0.0010714615
3.915	  0.0010575989
3.925	  0.00104393
3.935	  0.0010304519
3.945	  0.0010171618
3.955	  0.0010040569
3.965	  9.911343E-4
3.975	  9.783916E-4
3.985	  9.658258E-4
3.995	  9.5343444E-4
4.005	  9.4121485E-4



DATASET #3

     Name: BPT Fit
   Points: 401
     Info: Mean = 100.0, Aperiodicity = 0.5, Duration = 30.0, Delta T = 1.0, Num Points = 500, Historic Open Interval = 0.0
Computed mean = 0.9859775

Data[x,y]:
0.0	  0.0
0.01	  0.0
0.02	  3.5452368E-30
0.03	  9.656734E-20
0.04	  1.39257206E-14
0.05	  1.5983711E-11
0.06	  1.6578509E-9
0.07	  4.385327E-8
0.08	  4.960653E-7
0.09	  3.194726E-6
0.1	  1.3899208E-5
0.11	  4.553295E-5
0.12	  1.2070959E-4
0.13	  2.721644E-4
0.14	  5.407091E-4
0.15	  9.713361E-4
0.16	  0.0016085772
0.17	  0.0024921615
0.18	  0.0036536641
0.19	  0.0051144403
0.2	  0.006884818
0.21	  0.008964342
0.22	  0.011342782
0.23	  0.014001606
0.24	  0.016915696
0.25	  0.02005508
0.26	  0.023386585
0.27	  0.026875302
0.28	  0.030485842
0.29	  0.034183357
0.3	  0.03793433
0.31	  0.04170719
0.32	  0.045472708
0.33	  0.049204264
0.34	  0.052877996
0.35	  0.056472827
0.36	  0.059970442
0.37	  0.063355185
0.38	  0.06661391
0.39	  0.06973585
0.4	  0.07271241
0.41	  0.07553699
0.42	  0.07820477
0.43	  0.080712594
0.44	  0.083058685
0.45	  0.08524255
0.46	  0.08726479
0.47	  0.08912697
0.48	  0.09083145
0.49	  0.09238128
0.5	  0.09378009
0.51	  0.095031984
0.52	  0.096141435
0.53	  0.097113214
0.54	  0.097952336
0.55	  0.09866396
0.56	  0.09925337
0.57	  0.099725895
0.58	  0.100086905
0.59	  0.10034174
0.6	  0.10049569
0.61	  0.10055398
0.62	  0.10052176
0.63	  0.10040405
0.64	  0.10020573
0.65	  0.09993158
0.66	  0.099586226
0.67	  0.09917413
0.68	  0.0986996
0.69	  0.0981668
0.7	  0.09757972
0.71	  0.096942194
0.72	  0.09625789
0.73	  0.095530316
0.74	  0.09476285
0.75	  0.09395866
0.76	  0.09312082
0.77	  0.09225223
0.78	  0.091355644
0.79	  0.09043368
0.8	  0.08948882
0.81	  0.088523425
0.82	  0.087539725
0.83	  0.08653982
0.84	  0.08552571
0.85	  0.084499255
0.86	  0.08346224
0.87	  0.08241633
0.88	  0.0813631
0.89	  0.08030401
0.9	  0.07924046
0.91	  0.07817376
0.92	  0.0771051
0.93	  0.07603563
0.94	  0.07496643
0.95	  0.07389849
0.96	  0.07283273
0.97	  0.07177003
0.98	  0.07071118
0.99	  0.06965693
1.0	  0.06860799
1.01	  0.06756499
1.02	  0.06652852
1.03	  0.06549914
1.04	  0.06447735
1.05	  0.0634636
1.06	  0.062458325
1.07	  0.061461918
1.08	  0.060474724
1.09	  0.059497066
1.1	  0.058529228
1.11	  0.05757148
1.12	  0.056624044
1.13	  0.055687137
1.14	  0.054760937
1.15	  0.053845603
1.16	  0.052941274
1.17	  0.052048072
1.18	  0.0511661
1.19	  0.050295427
1.2	  0.049436133
1.21	  0.048588265
1.22	  0.04775185
1.23	  0.046926923
1.24	  0.046113487
1.25	  0.045311544
1.26	  0.044521075
1.27	  0.043742057
1.28	  0.042974465
1.29	  0.04221825
1.3	  0.041473366
1.31	  0.040739752
1.32	  0.04001735
1.33	  0.039306086
1.34	  0.03860588
1.35	  0.037916657
1.36	  0.037238326
1.37	  0.03657079
1.38	  0.035913967
1.39	  0.03526774
1.4	  0.03463202
1.41	  0.034006696
1.42	  0.03339166
1.43	  0.032786794
1.44	  0.03219199
1.45	  0.031607136
1.46	  0.031032108
1.47	  0.030466788
1.48	  0.029911058
1.49	  0.029364796
1.5	  0.028827881
1.51	  0.028300188
1.52	  0.027781596
1.53	  0.02727198
1.54	  0.026771218
1.55	  0.026279183
1.56	  0.025795752
1.57	  0.025320804
1.58	  0.024854211
1.59	  0.024395853
1.6	  0.023945607
1.61	  0.02350335
1.62	  0.02306896
1.63	  0.022642318
1.64	  0.022223303
1.65	  0.021811796
1.66	  0.021407679
1.67	  0.021010833
1.68	  0.020621143
1.69	  0.020238495
1.7	  0.019862773
1.71	  0.019493863
1.72	  0.019131655
1.73	  0.018776037
1.74	  0.0184269
1.75	  0.018084137
1.76	  0.017747639
1.77	  0.017417299
1.78	  0.017093016
1.79	  0.016774684
1.8	  0.016462201
1.81	  0.01615547
1.82	  0.015854388
1.83	  0.015558858
1.84	  0.015268784
1.85	  0.01498407
1.86	  0.014704622
1.87	  0.014430349
1.88	  0.014161158
1.89	  0.01389696
1.9	  0.013637667
1.91	  0.013383189
1.92	  0.013133443
1.93	  0.012888343
1.94	  0.012647807
1.95	  0.01241175
1.96	  0.012180095
1.97	  0.01195276
1.98	  0.011729668
1.99	  0.011510741
2.0	  0.011295904
2.01	  0.011085084
2.02	  0.010878204
2.03	  0.010675196
2.04	  0.010475987
2.05	  0.010280508
2.06	  0.01008869
2.07	  0.009900466
2.08	  0.0097157685
2.09	  0.009534535
2.1	  0.0093567
2.11	  0.009182201
2.12	  0.009010976
2.13	  0.008842965
2.14	  0.0086781075
2.15	  0.008516345
2.16	  0.008357621
2.17	  0.008201878
2.18	  0.008049061
2.19	  0.007899114
2.2	  0.007751985
2.21	  0.0076076207
2.22	  0.00746597
2.23	  0.007326981
2.24	  0.0071906047
2.25	  0.0070567923
2.26	  0.0069254953
2.27	  0.0067966664
2.28	  0.00667026
2.29	  0.0065462296
2.3	  0.0064245313
2.31	  0.0063051204
2.32	  0.006187955
2.33	  0.006072992
2.34	  0.00596019
2.35	  0.0058495086
2.36	  0.0057409075
2.37	  0.0056343474
2.38	  0.0055297907
2.39	  0.0054271985
2.4	  0.005326534
2.41	  0.005227761
2.42	  0.0051308437
2.43	  0.005035747
2.44	  0.0049424362
2.45	  0.0048508784
2.46	  0.0047610397
2.47	  0.0046728877
2.48	  0.0045863907
2.49	  0.0045015174
2.5	  0.0044182367
2.51	  0.0043365187
2.52	  0.004256334
2.53	  0.004177653
2.54	  0.0041004485
2.55	  0.004024691
2.56	  0.003950354
2.57	  0.0038774104
2.58	  0.0038058339
2.59	  0.0037355984
2.6	  0.0036666787
2.61	  0.0035990498
2.62	  0.0035326874
2.63	  0.0034675673
2.64	  0.003403666
2.65	  0.0033409605
2.66	  0.003279428
2.67	  0.0032190466
2.68	  0.0031597943
2.69	  0.00310165
2.7	  0.003044592
2.71	  0.0029886004
2.72	  0.002933655
2.73	  0.0028797358
2.74	  0.0028268232
2.75	  0.0027748984
2.76	  0.0027239427
2.77	  0.002673938
2.78	  0.0026248656
2.79	  0.0025767086
2.8	  0.0025294493
2.81	  0.0024830708
2.82	  0.0024375566
2.83	  0.0023928902
2.84	  0.0023490556
2.85	  0.0023060371
2.86	  0.0022638193
2.87	  0.002222387
2.88	  0.0021817253
2.89	  0.00214182
2.9	  0.0021026565
2.91	  0.0020642208
2.92	  0.0020264995
2.93	  0.0019894787
2.94	  0.0019531455
2.95	  0.0019174867
2.96	  0.0018824897
2.97	  0.0018481419
2.98	  0.0018144313
2.99	  0.0017813457
3.0	  0.0017488734
3.01	  0.0017170028
3.02	  0.0016857227
3.03	  0.0016550219
3.04	  0.0016248896
3.05	  0.0015953148
3.06	  0.0015662874
3.07	  0.0015377968
3.08	  0.001509833
3.09	  0.0014823863
3.1	  0.0014554467
3.11	  0.0014290047
3.12	  0.0014030512
3.13	  0.0013775768
3.14	  0.0013525727
3.15	  0.0013280299
3.16	  0.0013039397
3.17	  0.0012802938
3.18	  0.0012570838
3.19	  0.0012343016
3.2	  0.0012119389
3.21	  0.0011899882
3.22	  0.0011684416
3.23	  0.0011472916
3.24	  0.0011265307
3.25	  0.0011061517
3.26	  0.0010861474
3.27	  0.0010665108
3.28	  0.0010472351
3.29	  0.0010283134
3.3	  0.0010097392
3.31	  9.915062E-4
3.32	  9.736076E-4
3.33	  9.5603743E-4
3.34	  9.3878957E-4
3.35	  9.218579E-4
3.36	  9.0523664E-4
3.37	  8.8891987E-4
3.38	  8.7290205E-4
3.39	  8.5717754E-4
3.4	  8.4174087E-4
3.41	  8.265867E-4
3.42	  8.117098E-4
3.43	  7.9710496E-4
3.44	  7.8276714E-4
3.45	  7.6869136E-4
3.46	  7.548728E-4
3.47	  7.4130663E-4
3.48	  7.279882E-4
3.49	  7.1491284E-4
3.5	  7.020761E-4
3.51	  6.894736E-4
3.52	  6.7710085E-4
3.53	  6.649537E-4
3.54	  6.5302796E-4
3.55	  6.413195E-4
3.56	  6.298243E-4
3.57	  6.1853835E-4
3.58	  6.074579E-4
3.59	  5.9657905E-4
3.6	  5.858981E-4
3.61	  5.754114E-4
3.62	  5.6511536E-4
3.63	  5.5500644E-4
3.64	  5.450812E-4
3.65	  5.353362E-4
3.66	  5.2576815E-4
3.67	  5.163738E-4
3.68	  5.071499E-4
3.69	  4.980933E-4
3.7	  4.89201E-4
3.71	  4.8046984E-4
3.72	  4.7189696E-4
3.73	  4.634794E-4
3.74	  4.552143E-4
3.75	  4.4709886E-4
3.76	  4.3913032E-4
3.77	  4.3130596E-4
3.78	  4.2362316E-4
3.79	  4.160793E-4
3.8	  4.0867185E-4
3.81	  4.0139825E-4
3.82	  3.942561E-4
3.83	  3.8724294E-4
3.84	  3.8035642E-4
3.85	  3.735942E-4
3.86	  3.6695402E-4
3.87	  3.6043365E-4
3.88	  3.5403087E-4
3.89	  3.4774354E-4
3.9	  3.4156954E-4
3.91	  3.3550677E-4
3.92	  3.2955324E-4
3.93	  3.2370692E-4
3.94	  3.1796584E-4
3.95	  3.123281E-4
3.96	  3.067918E-4
3.97	  3.0135506E-4
3.98	  2.960161E-4
3.99	  2.9077314E-4
4.0	  2.8562438E-4


