
X-Axis: Time (years)
Y-Axis: Cumulative Count
Number of Data Sets: 2


DATASET #1

Name: Catalog
Num Points: 1945
Info: 

X, Y Data:
8.800489E-7	1945.0
1.8676437E-6	1944.0
2.398383E-6	1943.0
1.3642486E-5	1942.0
2.664452E-5	1941.0
8.699402E-5	1940.0
9.0791626E-5	1939.0
1.6470882E-4	1938.0
6.359985E-4	1937.0
6.42851E-4	1936.0
0.0013771938	1935.0
0.0015717272	1934.0
0.0031068164	1933.0
0.009314691	1932.0
0.009809037	1931.0
0.018016405	1930.0
0.019459156	1929.0
0.020892965	1928.0
0.026432607	1927.0
0.046764698	1926.0
0.048529044	1925.0
0.049239226	1924.0
0.057554647	1923.0
0.066647075	1922.0
0.07022994	1921.0
0.1059567	1920.0
0.10725613	1919.0
0.12552749	1918.0
0.13821402	1917.0
0.13870366	1916.0
0.15299372	1915.0
0.16433834	1914.0
0.1767275	1913.0
0.18594201	1912.0
0.214161	1911.0
0.21824688	1910.0
0.22195886	1909.0
0.22539082	1908.0
0.24154611	1907.0
0.27929628	1906.0
0.2875855	1905.0
0.2936674	1904.0
0.30131847	1903.0
0.3081035	1902.0
0.31782705	1901.0
0.3236014	1900.0
0.33931288	1899.0
0.35300487	1898.0
0.37930822	1897.0
0.38563132	1896.0
0.3876612	1895.0
0.38900775	1894.0
0.40079856	1893.0
0.42472604	1892.0
0.4374412	1891.0
0.43831363	1890.0
0.48507163	1889.0
0.4983339	1888.0
0.49910125	1887.0
0.500188	1886.0
0.5215711	1885.0
0.5403356	1884.0
0.54400563	1883.0
0.5493837	1882.0
0.55258864	1881.0
0.5538226	1880.0
0.5718507	1879.0
0.57831997	1878.0
0.60390073	1877.0
0.6113002	1876.0
0.61568135	1875.0
0.61591095	1874.0
0.6526084	1873.0
0.6875861	1872.0
0.70870054	1871.0
0.71070975	1870.0
0.71169907	1869.0
0.7237399	1868.0
0.72790444	1867.0
0.73131734	1866.0
0.73274064	1865.0
0.7395173	1864.0
0.74373454	1863.0
0.74924153	1862.0
0.75058347	1861.0
0.75411075	1860.0
0.76000553	1859.0
0.76658285	1858.0
0.7996046	1857.0
0.8154826	1856.0
0.81651	1855.0
0.84097755	1854.0
0.8472496	1853.0
0.8509822	1852.0
0.8634699	1851.0
0.87784994	1850.0
0.88977784	1849.0
0.9003342	1848.0
0.9285529	1847.0
0.928828	1846.0
0.93501824	1845.0
0.942332	1844.0
0.9545772	1843.0
0.96585363	1842.0
0.9728327	1841.0
0.99535096	1840.0
1.0137256	1839.0
1.019048	1838.0
1.0377877	1837.0
1.080644	1836.0
1.0840313	1835.0
1.0882492	1834.0
1.1262261	1833.0
1.1645799	1832.0
1.1650892	1831.0
1.1882067	1830.0
1.2105678	1829.0
1.2112552	1828.0
1.2270747	1827.0
1.2307749	1826.0
1.2497038	1825.0
1.257687	1824.0
1.26171	1823.0
1.2672474	1822.0
1.2700485	1821.0
1.2761934	1820.0
1.3058139	1819.0
1.3258115	1818.0
1.326295	1817.0
1.3379024	1816.0
1.3402387	1815.0
1.3458052	1814.0
1.3699356	1813.0
1.3805405	1812.0
1.3816837	1811.0
1.3950329	1810.0
1.4034702	1809.0
1.4051632	1808.0
1.4158987	1807.0
1.4362099	1806.0
1.463955	1805.0
1.4716672	1804.0
1.4889921	1803.0
1.490297	1802.0
1.4960742	1801.0
1.515467	1800.0
1.5167941	1799.0
1.5591198	1798.0
1.5747435	1797.0
1.5805843	1796.0
1.5974671	1795.0
1.6001375	1794.0
1.6113048	1793.0
1.6532905	1792.0
1.6563826	1791.0
1.6626874	1790.0
1.6657137	1789.0
1.7026366	1788.0
1.707264	1787.0
1.713989	1786.0
1.7371533	1785.0
1.7514955	1784.0
1.7549964	1783.0
1.7867656	1782.0
1.794588	1781.0
1.8024964	1780.0
1.8200669	1779.0
1.8288852	1778.0
1.8523577	1777.0
1.8719023	1776.0
1.8768488	1775.0
1.8799069	1774.0
1.890621	1773.0
1.9020842	1772.0
1.9026301	1771.0
1.9042101	1770.0
1.9078078	1769.0
1.9086814	1768.0
1.9112018	1767.0
1.9158843	1766.0
1.927629	1765.0
1.933965	1764.0
1.9970824	1763.0
1.9973546	1762.0
2.0041068	1761.0
2.0094275	1760.0
2.0123298	1759.0
2.034032	1758.0
2.042213	1757.0
2.0568254	1756.0
2.0648618	1755.0
2.071463	1754.0
2.080547	1753.0
2.0833206	1752.0
2.1165395	1751.0
2.1301875	1750.0
2.148184	1749.0
2.1501129	1748.0
2.155596	1747.0
2.2091954	1746.0
2.2223706	1745.0
2.2302315	1744.0
2.2397265	1743.0
2.2484422	1742.0
2.2577264	1741.0
2.258333	1740.0
2.264003	1739.0
2.2817063	1738.0
2.2914915	1737.0
2.307966	1736.0
2.3165488	1735.0
2.3506126	1734.0
2.3581617	1733.0
2.3611534	1732.0
2.3949637	1731.0
2.4020765	1730.0
2.4220746	1729.0
2.4368474	1728.0
2.4495862	1727.0
2.4766223	1726.0
2.4841433	1725.0
2.4848182	1724.0
2.487957	1723.0
2.515416	1722.0
2.5452292	1721.0
2.545665	1720.0
2.5644414	1719.0
2.568229	1718.0
2.6076655	1717.0
2.615511	1716.0
2.6251783	1715.0
2.6689186	1714.0
2.670532	1713.0
2.6795733	1712.0
2.6985164	1711.0
2.7021556	1710.0
2.7206652	1709.0
2.7317243	1708.0
2.7381403	1707.0
2.7527983	1706.0
2.766829	1705.0
2.7724857	1704.0
2.7772741	1703.0
2.7776806	1702.0
2.8341253	1701.0
2.859048	1700.0
2.8825955	1699.0
2.8923688	1698.0
2.896837	1697.0
2.9096289	1696.0
2.917461	1695.0
2.9228697	1694.0
2.9375322	1693.0
2.9488885	1692.0
2.9711778	1691.0
2.9947395	1690.0
3.0014675	1689.0
3.0019877	1688.0
3.022563	1687.0
3.0260046	1686.0
3.0321496	1685.0
3.0836847	1684.0
3.0860405	1683.0
3.0892458	1682.0
3.093431	1681.0
3.1004035	1680.0
3.1170497	1679.0
3.124888	1678.0
3.1269493	1677.0
3.129711	1676.0
3.1385012	1675.0
3.1591434	1674.0
3.1807704	1673.0
3.1973002	1672.0
3.2020092	1671.0
3.2142084	1670.0
3.2392776	1669.0
3.285846	1668.0
3.303374	1667.0
3.308696	1666.0
3.3571424	1665.0
3.3943007	1664.0
3.4024642	1663.0
3.4049835	1662.0
3.458505	1661.0
3.465418	1660.0
3.4866807	1659.0
3.4884157	1658.0
3.5120242	1657.0
3.51367	1656.0
3.513857	1655.0
3.5164642	1654.0
3.519615	1653.0
3.5283806	1652.0
3.5338526	1651.0
3.5389795	1650.0
3.567946	1649.0
3.5826836	1648.0
3.5888078	1647.0
3.5999217	1646.0
3.6280735	1645.0
3.6374907	1644.0
3.6571164	1643.0
3.6917846	1642.0
3.6954725	1641.0
3.7009578	1640.0
3.7557948	1639.0
3.758472	1638.0
3.7640676	1637.0
3.7681134	1636.0
3.7700574	1635.0
3.8103344	1634.0
3.815444	1633.0
3.8208215	1632.0
3.8353586	1631.0
3.8522117	1630.0
3.8581913	1629.0
3.8634503	1628.0
3.886822	1627.0
3.8963642	1626.0
3.9166133	1625.0
3.9215808	1624.0
3.922332	1623.0
3.9284809	1622.0
3.942456	1621.0
3.9476023	1620.0
3.9490323	1619.0
3.9763658	1618.0
4.0338125	1617.0
4.0514	1616.0
4.068037	1615.0
4.0812936	1614.0
4.0926313	1613.0
4.122896	1612.0
4.200259	1611.0
4.216896	1610.0
4.226685	1609.0
4.256269	1608.0
4.263888	1607.0
4.268078	1606.0
4.2794204	1605.0
4.284464	1604.0
4.284517	1603.0
4.288185	1602.0
4.2974505	1601.0
4.310456	1600.0
4.3210692	1599.0
4.323809	1598.0
4.32616	1597.0
4.374351	1596.0
4.3775516	1595.0
4.398431	1594.0
4.426881	1593.0
4.4283757	1592.0
4.4343333	1591.0
4.4539213	1590.0
4.454843	1589.0
4.4834194	1588.0
4.549101	1587.0
4.570187	1586.0
4.596138	1585.0
4.5970573	1584.0
4.630873	1583.0
4.6318216	1582.0
4.6472235	1581.0
4.6839347	1580.0
4.69001	1579.0
4.694513	1578.0
4.7006764	1577.0
4.7057652	1576.0
4.710019	1575.0
4.7211766	1574.0
4.726171	1573.0
4.7336464	1572.0
4.78512	1571.0
4.814188	1570.0
4.851104	1569.0
4.8631	1568.0
4.8671494	1567.0
4.8760333	1566.0
4.889627	1565.0
4.9024563	1564.0
4.9041133	1563.0
4.9045362	1562.0
4.906817	1561.0
4.9345055	1560.0
4.962824	1559.0
4.970701	1558.0
4.98569	1557.0
4.997144	1556.0
5.030112	1555.0
5.0343966	1554.0
5.065114	1553.0
5.0792756	1552.0
5.1349545	1551.0
5.1369047	1550.0
5.146832	1549.0
5.1535463	1548.0
5.181333	1547.0
5.183047	1546.0
5.1852007	1545.0
5.1894	1544.0
5.1900325	1543.0
5.208918	1542.0
5.2289405	1541.0
5.2457805	1540.0
5.295289	1539.0
5.303818	1538.0
5.3116903	1537.0
5.3138666	1536.0
5.3160496	1535.0
5.325805	1534.0
5.390372	1533.0
5.3929415	1532.0
5.4237943	1531.0
5.4426165	1530.0
5.4560356	1529.0
5.4946866	1528.0
5.5061464	1527.0
5.547381	1526.0
5.566378	1525.0
5.5783553	1524.0
5.5852804	1523.0
5.610698	1522.0
5.6114426	1521.0
5.6226583	1520.0
5.7020884	1519.0
5.703889	1518.0
5.716306	1517.0
5.725768	1516.0
5.7285733	1515.0
5.738656	1514.0
5.8053246	1513.0
5.8376904	1512.0
5.865347	1511.0
5.907642	1510.0
5.9426017	1509.0
5.979175	1508.0
6.005857	1507.0
6.0226774	1506.0
6.031967	1505.0
6.035976	1504.0
6.0383196	1503.0
6.0408473	1502.0
6.060998	1501.0
6.082237	1500.0
6.086677	1499.0
6.0877004	1498.0
6.143384	1497.0
6.161509	1496.0
6.165003	1495.0
6.167148	1494.0
6.170852	1493.0
6.174932	1492.0
6.187803	1491.0
6.2044168	1490.0
6.216303	1489.0
6.2272954	1488.0
6.2296567	1487.0
6.239247	1486.0
6.243191	1485.0
6.2485747	1484.0
6.2517834	1483.0
6.28801	1482.0
6.3078814	1481.0
6.314514	1480.0
6.325957	1479.0
6.332251	1478.0
6.357199	1477.0
6.3633375	1476.0
6.386028	1475.0
6.399475	1474.0
6.4038587	1473.0
6.409978	1472.0
6.4102373	1471.0
6.4431	1470.0
6.4523716	1469.0
6.4905267	1468.0
6.498587	1467.0
6.4991255	1466.0
6.5105553	1465.0
6.5154824	1464.0
6.5324607	1463.0
6.5349264	1462.0
6.5381584	1461.0
6.5404797	1460.0
6.5581856	1459.0
6.5976243	1458.0
6.5996904	1457.0
6.6394997	1456.0
6.6460886	1455.0
6.6463246	1454.0
6.66167	1453.0
6.7084813	1452.0
6.7154117	1451.0
6.7282076	1450.0
6.7855554	1449.0
6.801993	1448.0
6.8137646	1447.0
6.8510895	1446.0
6.886375	1445.0
6.9518447	1444.0
6.956981	1443.0
6.975879	1442.0
7.0166125	1441.0
7.021441	1440.0
7.0275836	1439.0
7.0292907	1438.0
7.0715237	1437.0
7.085421	1436.0
7.0961137	1435.0
7.109112	1434.0
7.114735	1433.0
7.1156163	1432.0
7.15404	1431.0
7.1765494	1430.0
7.1997824	1429.0
7.2060113	1428.0
7.2494717	1427.0
7.25599	1426.0
7.256515	1425.0
7.2628736	1424.0
7.28485	1423.0
7.306527	1422.0
7.3533106	1421.0
7.3686247	1420.0
7.384393	1419.0
7.407819	1418.0
7.409997	1417.0
7.413806	1416.0
7.4165707	1415.0
7.4248786	1414.0
7.427154	1413.0
7.4334726	1412.0
7.5032454	1411.0
7.523162	1410.0
7.5604596	1409.0
7.560612	1408.0
7.600599	1407.0
7.612963	1406.0
7.6131673	1405.0
7.6775103	1404.0
7.687241	1403.0
7.693622	1402.0
7.6943436	1401.0
7.721727	1400.0
7.7281046	1399.0
7.7667637	1398.0
7.7972383	1397.0
7.801945	1396.0
7.805911	1395.0
7.8240337	1394.0
7.8348427	1393.0
7.8362417	1392.0
7.8465905	1391.0
7.90261	1390.0
7.90873	1389.0
7.913748	1388.0
7.9692864	1387.0
7.98845	1386.0
7.996526	1385.0
8.003109	1384.0
8.011111	1383.0
8.024843	1382.0
8.032958	1381.0
8.038428	1380.0
8.056725	1379.0
8.057564	1378.0
8.065005	1377.0
8.072194	1376.0
8.080384	1375.0
8.099559	1374.0
8.15878	1373.0
8.167401	1372.0
8.178296	1371.0
8.331101	1370.0
8.35636	1369.0
8.356507	1368.0
8.379875	1367.0
8.381043	1366.0
8.389488	1365.0
8.395704	1364.0
8.406764	1363.0
8.415313	1362.0
8.460782	1361.0
8.495784	1360.0
8.50046	1359.0
8.504075	1358.0
8.572333	1357.0
8.573447	1356.0
8.582924	1355.0
8.588787	1354.0
8.609527	1353.0
8.615309	1352.0
8.639792	1351.0
8.646287	1350.0
8.651882	1349.0
8.665604	1348.0
8.672248	1347.0
8.695983	1346.0
8.706929	1345.0
8.726941	1344.0
8.729642	1343.0
8.732665	1342.0
8.75219	1341.0
8.753305	1340.0
8.781326	1339.0
8.783013	1338.0
8.791146	1337.0
8.803372	1336.0
8.823009	1335.0
8.834716	1334.0
8.861802	1333.0
8.886588	1332.0
8.886617	1331.0
8.914497	1330.0
8.923901	1329.0
8.938004	1328.0
8.954266	1327.0
8.957683	1326.0
9.004524	1325.0
9.008372	1324.0
9.032168	1323.0
9.043407	1322.0
9.044835	1321.0
9.050257	1320.0
9.072956	1319.0
9.104808	1318.0
9.120944	1317.0
9.128702	1316.0
9.129977	1315.0
9.15228	1314.0
9.197178	1313.0
9.248976	1312.0
9.271568	1311.0
9.279942	1310.0
9.3296175	1309.0
9.371498	1308.0
9.411494	1307.0
9.4162035	1306.0
9.419377	1305.0
9.430827	1304.0
9.438819	1303.0
9.440871	1302.0
9.44638	1301.0
9.454589	1300.0
9.48685	1299.0
9.552809	1298.0
9.624599	1297.0
9.627883	1296.0
9.629042	1295.0
9.648472	1294.0
9.662314	1293.0
9.664471	1292.0
9.696529	1291.0
9.706075	1290.0
9.7182455	1289.0
9.725389	1288.0
9.759741	1287.0
9.760375	1286.0
9.803973	1285.0
9.83356	1284.0
9.855803	1283.0
9.857659	1282.0
9.908954	1281.0
9.91211	1280.0
9.993475	1279.0
9.993797	1278.0
10.017869	1277.0
10.022763	1276.0
10.1292715	1275.0
10.131343	1274.0
10.159304	1273.0
10.168087	1272.0
10.187786	1271.0
10.195759	1270.0
10.198838	1269.0
10.202214	1268.0
10.239007	1267.0
10.254905	1266.0
10.2632885	1265.0
10.267469	1264.0
10.268182	1263.0
10.27111	1262.0
10.277313	1261.0
10.279727	1260.0
10.324736	1259.0
10.4031315	1258.0
10.421362	1257.0
10.459388	1256.0
10.476998	1255.0
10.479155	1254.0
10.510714	1253.0
10.578028	1252.0
10.582833	1251.0
10.592825	1250.0
10.619357	1249.0
10.622588	1248.0
10.623882	1247.0
10.629512	1246.0
10.629836	1245.0
10.683814	1244.0
10.712273	1243.0
10.719752	1242.0
10.720259	1241.0
10.721296	1240.0
10.738333	1239.0
10.767736	1238.0
10.787093	1237.0
10.809449	1236.0
10.824484	1235.0
10.863044	1234.0
10.887348	1233.0
10.963426	1232.0
10.982859	1231.0
10.989363	1230.0
11.026716	1229.0
11.029321	1228.0
11.038085	1227.0
11.045575	1226.0
11.047117	1225.0
11.056045	1224.0
11.061449	1223.0
11.065634	1222.0
11.110033	1221.0
11.146742	1220.0
11.191031	1219.0
11.19551	1218.0
11.208584	1217.0
11.213486	1216.0
11.222376	1215.0
11.284634	1214.0
11.288371	1213.0
11.294166	1212.0
11.295001	1211.0
11.326053	1210.0
11.349326	1209.0
11.351992	1208.0
11.357118	1207.0
11.365424	1206.0
11.374736	1205.0
11.386921	1204.0
11.410531	1203.0
11.418413	1202.0
11.446648	1201.0
11.454849	1200.0
11.46034	1199.0
11.495831	1198.0
11.507549	1197.0
11.509854	1196.0
11.536606	1195.0
11.574341	1194.0
11.580136	1193.0
11.610601	1192.0
11.620988	1191.0
11.645588	1190.0
11.650671	1189.0
11.662063	1188.0
11.662198	1187.0
11.66623	1186.0
11.706722	1185.0
11.721998	1184.0
11.723755	1183.0
11.751484	1182.0
11.768772	1181.0
11.793808	1180.0
11.810732	1179.0
11.813074	1178.0
11.832133	1177.0
11.836759	1176.0
11.837769	1175.0
11.897443	1174.0
11.906681	1173.0
11.928622	1172.0
11.934598	1171.0
11.937429	1170.0
11.94496	1169.0
11.954188	1168.0
11.957282	1167.0
11.966249	1166.0
11.995761	1165.0
12.003656	1164.0
12.041659	1163.0
12.056274	1162.0
12.056399	1161.0
12.077971	1160.0
12.092988	1159.0
12.103079	1158.0
12.136984	1157.0
12.155652	1156.0
12.191902	1155.0
12.203806	1154.0
12.217345	1153.0
12.265277	1152.0
12.287065	1151.0
12.289923	1150.0
12.316031	1149.0
12.368437	1148.0
12.39687	1147.0
12.459123	1146.0
12.468979	1145.0
12.499661	1144.0
12.518549	1143.0
12.523744	1142.0
12.538755	1141.0
12.557021	1140.0
12.620188	1139.0
12.648488	1138.0
12.680331	1137.0
12.688538	1136.0
12.729147	1135.0
12.731205	1134.0
12.746447	1133.0
12.769972	1132.0
12.774728	1131.0
12.802841	1130.0
12.807519	1129.0
12.8388605	1128.0
12.864292	1127.0
12.876354	1126.0
12.890315	1125.0
12.899142	1124.0
12.927863	1123.0
12.952265	1122.0
12.968768	1121.0
13.029323	1120.0
13.045595	1119.0
13.073599	1118.0
13.091186	1117.0
13.0913515	1116.0
13.093995	1115.0
13.1520405	1114.0
13.215353	1113.0
13.221346	1112.0
13.269958	1111.0
13.297963	1110.0
13.306461	1109.0
13.356432	1108.0
13.366487	1107.0
13.374954	1106.0
13.385527	1105.0
13.393294	1104.0
13.416251	1103.0
13.417733	1102.0
13.425596	1101.0
13.452957	1100.0
13.469498	1099.0
13.494986	1098.0
13.527801	1097.0
13.546324	1096.0
13.546497	1095.0
13.581291	1094.0
13.581475	1093.0
13.607655	1092.0
13.615528	1091.0
13.657833	1090.0
13.707902	1089.0
13.7165785	1088.0
13.730481	1087.0
13.73801	1086.0
13.77296	1085.0
13.800361	1084.0
13.82375	1083.0
13.855648	1082.0
13.865173	1081.0
13.881838	1080.0
13.892507	1079.0
13.901624	1078.0
13.961259	1077.0
13.975239	1076.0
14.02825	1075.0
14.057342	1074.0
14.074707	1073.0
14.076542	1072.0
14.119932	1071.0
14.133339	1070.0
14.149363	1069.0
14.184295	1068.0
14.218432	1067.0
14.277108	1066.0
14.324002	1065.0
14.3657465	1064.0
14.380887	1063.0
14.408783	1062.0
14.417778	1061.0
14.424039	1060.0
14.443779	1059.0
14.478109	1058.0
14.522428	1057.0
14.5391445	1056.0
14.551242	1055.0
14.560662	1054.0
14.574438	1053.0
14.662491	1052.0
14.692988	1051.0
14.698998	1050.0
14.753313	1049.0
14.79941	1048.0
14.816635	1047.0
14.823685	1046.0
14.829452	1045.0
14.901655	1044.0
14.932905	1043.0
14.997451	1042.0
15.014731	1041.0
15.03313	1040.0
15.064512	1039.0
15.129391	1038.0
15.134654	1037.0
15.143376	1036.0
15.192	1035.0
15.211542	1034.0
15.219991	1033.0
15.223299	1032.0
15.231772	1031.0
15.262806	1030.0
15.262824	1029.0
15.268254	1028.0
15.289833	1027.0
15.350899	1026.0
15.380091	1025.0
15.409715	1024.0
15.41824	1023.0
15.4207325	1022.0
15.511563	1021.0
15.537382	1020.0
15.559471	1019.0
15.5782385	1018.0
15.579914	1017.0
15.581389	1016.0
15.588412	1015.0
15.592612	1014.0
15.641272	1013.0
15.646171	1012.0
15.648345	1011.0
15.649689	1010.0
15.668014	1009.0
15.670694	1008.0
15.679151	1007.0
15.680791	1006.0
15.686053	1005.0
15.728913	1004.0
15.742981	1003.0
15.795052	1002.0
15.808542	1001.0
15.839646	1000.0
15.874742	999.0
15.901804	998.0
15.946678	997.0
15.950931	996.0
15.9685755	995.0
15.990315	994.0
16.005917	993.0
16.048672	992.0
16.066607	991.0
16.116802	990.0
16.175209	989.0
16.176838	988.0
16.257257	987.0
16.277521	986.0
16.280684	985.0
16.298756	984.0
16.303354	983.0
16.367327	982.0
16.373705	981.0
16.379816	980.0
16.413126	979.0
16.431513	978.0
16.474379	977.0
16.49808	976.0
16.498688	975.0
16.519217	974.0
16.527822	973.0
16.545732	972.0
16.568401	971.0
16.602226	970.0
16.620573	969.0
16.630388	968.0
16.643736	967.0
16.661438	966.0
16.724041	965.0
16.72459	964.0
16.72899	963.0
16.752935	962.0
16.827938	961.0
16.83525	960.0
16.835695	959.0
16.841576	958.0
16.847893	957.0
16.850283	956.0
16.882427	955.0
16.916563	954.0
16.918566	953.0
16.924206	952.0
17.002	951.0
17.011536	950.0
17.037848	949.0
17.045986	948.0
17.064642	947.0
17.078672	946.0
17.087986	945.0
17.144014	944.0
17.172426	943.0
17.173878	942.0
17.17755	941.0
17.186785	940.0
17.207712	939.0
17.220999	938.0
17.245836	937.0
17.283392	936.0
17.294537	935.0
17.30288	934.0
17.364286	933.0
17.365881	932.0
17.366297	931.0
17.373554	930.0
17.380705	929.0
17.397179	928.0
17.432066	927.0
17.449057	926.0
17.495064	925.0
17.497103	924.0
17.53947	923.0
17.544909	922.0
17.571712	921.0
17.576279	920.0
17.577944	919.0
17.593107	918.0
17.629435	917.0
17.658152	916.0
17.668013	915.0
17.726957	914.0
17.728243	913.0
17.755283	912.0
17.771864	911.0
17.77355	910.0
17.786655	909.0
17.813635	908.0
17.865448	907.0
17.88188	906.0
17.932201	905.0
17.944267	904.0
17.958027	903.0
17.962322	902.0
18.120989	901.0
18.147518	900.0
18.16889	899.0
18.207626	898.0
18.208384	897.0
18.241217	896.0
18.254244	895.0
18.295452	894.0
18.304607	893.0
18.315657	892.0
18.3169	891.0
18.349836	890.0
18.360853	889.0
18.36823	888.0
18.377062	887.0
18.395983	886.0
18.443634	885.0
18.452686	884.0
18.490824	883.0
18.550974	882.0
18.6274	881.0
18.642317	880.0
18.69995	879.0
18.74758	878.0
18.773678	877.0
18.832706	876.0
18.838665	875.0
18.945583	874.0
18.953968	873.0
18.97347	872.0
19.006517	871.0
19.01548	870.0
19.020609	869.0
19.04647	868.0
19.050554	867.0
19.058022	866.0
19.074797	865.0
19.07742	864.0
19.088474	863.0
19.185713	862.0
19.190073	861.0
19.200415	860.0
19.202631	859.0
19.204391	858.0
19.215508	857.0
19.302801	856.0
19.323004	855.0
19.32346	854.0
19.329271	853.0
19.32966	852.0
19.385088	851.0
19.40017	850.0
19.415041	849.0
19.447256	848.0
19.451878	847.0
19.486986	846.0
19.51224	845.0
19.562447	844.0
19.586046	843.0
19.664507	842.0
19.702314	841.0
19.721422	840.0
19.737204	839.0
19.791328	838.0
19.805565	837.0
19.812525	836.0
19.889824	835.0
19.918472	834.0
19.925518	833.0
19.928001	832.0
19.942621	831.0
19.943192	830.0
19.951702	829.0
19.962564	828.0
19.973392	827.0
20.022833	826.0
20.168028	825.0
20.20176	824.0
20.248508	823.0
20.27815	822.0
20.291624	821.0
20.291624	820.0
20.315826	819.0
20.363533	818.0
20.388414	817.0
20.400267	816.0
20.425543	815.0
20.450445	814.0
20.49145	813.0
20.509445	812.0
20.509817	811.0
20.695353	810.0
20.708107	809.0
20.808172	808.0
20.811861	807.0
20.82677	806.0
20.851944	805.0
20.855816	804.0
20.860212	803.0
20.934595	802.0
20.953098	801.0
20.968521	800.0
20.984144	799.0
21.011219	798.0
21.025362	797.0
21.037722	796.0
21.091734	795.0
21.094856	794.0
21.099688	793.0
21.108475	792.0
21.14007	791.0
21.157373	790.0
21.200167	789.0
21.203085	788.0
21.270313	787.0
21.276438	786.0
21.321198	785.0
21.324623	784.0
21.32981	783.0
21.329817	782.0
21.394228	781.0
21.3955	780.0
21.412563	779.0
21.473818	778.0
21.550882	777.0
21.634598	776.0
21.646746	775.0
21.667557	774.0
21.678028	773.0
21.690649	772.0
21.720533	771.0
21.732063	770.0
21.750036	769.0
21.84702	768.0
21.850067	767.0
21.871088	766.0
21.9084	765.0
21.939808	764.0
21.969809	763.0
21.998846	762.0
22.045542	761.0
22.049393	760.0
22.126165	759.0
22.159092	758.0
22.187412	757.0
22.212221	756.0
22.239347	755.0
22.24928	754.0
22.270832	753.0
22.295938	752.0
22.311432	751.0
22.31409	750.0
22.337116	749.0
22.33949	748.0
22.34747	747.0
22.370665	746.0
22.436766	745.0
22.465586	744.0
22.467821	743.0
22.495094	742.0
22.523905	741.0
22.584663	740.0
22.614666	739.0
22.672672	738.0
22.67715	737.0
22.68372	736.0
22.686361	735.0
22.706188	734.0
22.710636	733.0
22.734776	732.0
22.777254	731.0
22.782904	730.0
22.822416	729.0
22.861809	728.0
22.867025	727.0
22.897947	726.0
22.9139	725.0
22.920061	724.0
22.938454	723.0
22.962206	722.0
22.98418	721.0
23.011568	720.0
23.042173	719.0
23.047464	718.0
23.053738	717.0
23.093725	716.0
23.114431	715.0
23.272514	714.0
23.318321	713.0
23.35521	712.0
23.387283	711.0
23.418058	710.0
23.44674	709.0
23.507603	708.0
23.530317	707.0
23.548594	706.0
23.664347	705.0
23.704641	704.0
23.74207	703.0
23.784193	702.0
23.80611	701.0
23.854137	700.0
23.857674	699.0
23.8825	698.0
23.925203	697.0
23.928915	696.0
24.116482	695.0
24.141872	694.0
24.156387	693.0
24.21214	692.0
24.398897	691.0
24.406153	690.0
24.508831	689.0
24.521154	688.0
24.55581	687.0
24.606949	686.0
24.662333	685.0
24.745445	684.0
24.798647	683.0
24.878616	682.0
24.989962	681.0
24.994244	680.0
25.041842	679.0
25.048714	678.0
25.084	677.0
25.102055	676.0
25.122034	675.0
25.141571	674.0
25.239243	673.0
25.260351	672.0
25.271027	671.0
25.291018	670.0
25.35793	669.0
25.36563	668.0
25.374659	667.0
25.414465	666.0
25.479166	665.0
25.486938	664.0
25.52072	663.0
25.563742	662.0
25.595406	661.0
25.62504	660.0
25.645432	659.0
25.731373	658.0
25.745218	657.0
25.747402	656.0
25.820894	655.0
25.86081	654.0
25.86697	653.0
25.90724	652.0
25.972816	651.0
25.9799	650.0
26.093508	649.0
26.094378	648.0
26.11074	647.0
26.120785	646.0
26.128023	645.0
26.132011	644.0
26.170454	643.0
26.17301	642.0
26.268621	641.0
26.287855	640.0
26.306591	639.0
26.326393	638.0
26.329819	637.0
26.383953	636.0
26.396624	635.0
26.398857	634.0
26.409943	633.0
26.419527	632.0
26.47975	631.0
26.519577	630.0
26.647287	629.0
26.712973	628.0
26.748087	627.0
26.78741	626.0
26.789295	625.0
26.791573	624.0
26.896357	623.0
26.924059	622.0
26.929377	621.0
26.939014	620.0
27.023735	619.0
27.030434	618.0
27.051594	617.0
27.06702	616.0
27.131435	615.0
27.147589	614.0
27.178844	613.0
27.23526	612.0
27.312113	611.0
27.361832	610.0
27.470526	609.0
27.483545	608.0
27.486773	607.0
27.516542	606.0
27.617289	605.0
27.660435	604.0
27.7883	603.0
27.792753	602.0
27.832745	601.0
27.88215	600.0
27.932123	599.0
27.960243	598.0
27.994942	597.0
28.067978	596.0
28.091007	595.0
28.130447	594.0
28.170898	593.0
28.279343	592.0
28.295341	591.0
28.324162	590.0
28.33362	589.0
28.335207	588.0
28.389788	587.0
28.403467	586.0
28.492054	585.0
28.496502	584.0
28.528288	583.0
28.560108	582.0
28.571257	581.0
28.572294	580.0
28.60619	579.0
28.754314	578.0
28.819994	577.0
28.84165	576.0
28.842085	575.0
28.850052	574.0
28.917557	573.0
28.966354	572.0
28.973598	571.0
29.002031	570.0
29.020128	569.0
29.033718	568.0
29.035622	567.0
29.106318	566.0
29.156494	565.0
29.241505	564.0
29.242344	563.0
29.267027	562.0
29.301498	561.0
29.338745	560.0
29.393614	559.0
29.420755	558.0
29.491962	557.0
29.495539	556.0
29.615746	555.0
29.652239	554.0
29.72802	553.0
29.752964	552.0
29.790268	551.0
29.799856	550.0
29.800182	549.0
29.81949	548.0
29.859375	547.0
29.90647	546.0
29.92387	545.0
29.92858	544.0
29.953278	543.0
29.96124	542.0
29.99598	541.0
30.080135	540.0
30.08793	539.0
30.109917	538.0
30.117514	537.0
30.141335	536.0
30.201738	535.0
30.27332	534.0
30.407854	533.0
30.4659	532.0
30.497467	531.0
30.497982	530.0
30.613245	529.0
30.66065	528.0
30.754345	527.0
30.79158	526.0
30.792723	525.0
30.803812	524.0
30.86712	523.0
30.898626	522.0
30.95174	521.0
30.972483	520.0
30.98617	519.0
31.050276	518.0
31.097189	517.0
31.124908	516.0
31.142715	515.0
31.156137	514.0
31.220028	513.0
31.26827	512.0
31.327631	511.0
31.483973	510.0
31.494274	509.0
31.536306	508.0
31.540731	507.0
31.5412	506.0
31.59345	505.0
31.63387	504.0
31.642212	503.0
31.790144	502.0
31.81524	501.0
31.986069	500.0
32.031242	499.0
32.05213	498.0
32.090435	497.0
32.23678	496.0
32.294415	495.0
32.33987	494.0
32.368954	493.0
32.429424	492.0
32.512268	491.0
32.51502	490.0
32.557148	489.0
32.588	488.0
32.611904	487.0
32.643566	486.0
32.648643	485.0
32.744114	484.0
32.75856	483.0
32.761303	482.0
32.76612	481.0
32.778904	480.0
32.792385	479.0
32.85089	478.0
32.85197	477.0
32.97102	476.0
33.0573	475.0
33.070335	474.0
33.180496	473.0
33.199413	472.0
33.207355	471.0
33.29132	470.0
33.301735	469.0
33.360924	468.0
33.376358	467.0
33.37859	466.0
33.453518	465.0
33.481514	464.0
33.54367	463.0
33.684826	462.0
33.720184	461.0
33.742554	460.0
33.754272	459.0
34.027866	458.0
34.102608	457.0
34.147488	456.0
34.19036	455.0
34.19396	454.0
34.33354	453.0
34.410076	452.0
34.43312	451.0
34.44729	450.0
34.44741	449.0
34.485523	448.0
34.518543	447.0
34.533783	446.0
34.714813	445.0
34.870163	444.0
35.014004	443.0
35.060776	442.0
35.142456	441.0
35.174175	440.0
35.17691	439.0
35.193882	438.0
35.274723	437.0
35.288116	436.0
35.377777	435.0
35.37852	434.0
35.59071	433.0
35.708347	432.0
35.712547	431.0
35.744164	430.0
35.773846	429.0
35.77858	428.0
35.806583	427.0
35.881966	426.0
35.94412	425.0
35.947716	424.0
36.218033	423.0
36.31112	422.0
36.31641	421.0
36.398026	420.0
36.443356	419.0
36.475853	418.0
36.489784	417.0
36.524773	416.0
36.6391	415.0
36.696484	414.0
36.798004	413.0
36.80004	412.0
36.929768	411.0
36.93435	410.0
36.963963	409.0
37.10414	408.0
37.109394	407.0
37.22891	406.0
37.25403	405.0
37.28865	404.0
37.40681	403.0
37.469738	402.0
37.478096	401.0
37.497562	400.0
37.513878	399.0
37.55507	398.0
37.598366	397.0
37.60693	396.0
37.60894	395.0
37.653675	394.0
37.70205	393.0
37.974567	392.0
37.985825	391.0
38.045517	390.0
38.181576	389.0
38.181843	388.0
38.320724	387.0
38.421207	386.0
38.446056	385.0
38.54136	384.0
38.569054	383.0
38.596085	382.0
38.657444	381.0
38.66126	380.0
38.741497	379.0
38.781868	378.0
38.819042	377.0
38.840862	376.0
38.884174	375.0
39.036255	374.0
39.111103	373.0
39.25448	372.0
39.262844	371.0
39.265217	370.0
39.27624	369.0
39.392944	368.0
39.394535	367.0
39.447475	366.0
39.57151	365.0
39.6339	364.0
39.682343	363.0
39.716793	362.0
39.747543	361.0
39.84166	360.0
40.00596	359.0
40.062157	358.0
40.079178	357.0
40.142258	356.0
40.18122	355.0
40.227684	354.0
40.32669	353.0
40.362774	352.0
40.46091	351.0
40.525654	350.0
40.545208	349.0
40.558926	348.0
40.653706	347.0
40.995346	346.0
41.020584	345.0
41.0667	344.0
41.095875	343.0
41.12869	342.0
41.21403	341.0
41.34218	340.0
41.342278	339.0
41.36353	338.0
41.421013	337.0
41.464012	336.0
41.508545	335.0
41.52914	334.0
41.57646	333.0
41.877964	332.0
41.931133	331.0
41.939228	330.0
42.066463	329.0
42.18257	328.0
42.230457	327.0
42.51154	326.0
42.56621	325.0
42.745865	324.0
42.813156	323.0
42.827328	322.0
42.845974	321.0
42.851223	320.0
42.893112	319.0
42.924347	318.0
42.9584	317.0
43.059105	316.0
43.10553	315.0
43.174496	314.0
43.23789	313.0
43.27258	312.0
43.393238	311.0
43.4068	310.0
43.49449	309.0
43.533005	308.0
43.596893	307.0
43.599903	306.0
43.732304	305.0
43.81976	304.0
43.941586	303.0
43.96355	302.0
44.012863	301.0
44.03939	300.0
44.090874	299.0
44.23632	298.0
44.25574	297.0
44.42267	296.0
44.65308	295.0
44.66022	294.0
44.69027	293.0
44.782375	292.0
44.886127	291.0
44.895596	290.0
44.935932	289.0
45.244987	288.0
45.371483	287.0
45.39757	286.0
45.68679	285.0
45.687683	284.0
45.747562	283.0
45.787594	282.0
45.873577	281.0
45.882248	280.0
45.904762	279.0
46.230152	278.0
46.29983	277.0
46.32096	276.0
46.38168	275.0
46.508488	274.0
46.710827	273.0
46.758415	272.0
46.79287	271.0
46.862606	270.0
46.916832	269.0
46.99833	268.0
47.066956	267.0
47.08269	266.0
47.110558	265.0
47.151714	264.0
47.22989	263.0
47.255943	262.0
47.262527	261.0
47.47189	260.0
47.51889	259.0
47.648838	258.0
47.6634	257.0
47.77145	256.0
47.86934	255.0
48.03165	254.0
48.037262	253.0
48.187412	252.0
48.20767	251.0
48.224552	250.0
48.233353	249.0
48.37389	248.0
48.440296	247.0
48.450592	246.0
48.66541	245.0
48.697166	244.0
48.875515	243.0
48.951332	242.0
49.038418	241.0
49.12326	240.0
49.21482	239.0
49.220825	238.0
49.287586	237.0
49.540154	236.0
49.636112	235.0
49.660824	234.0
49.816063	233.0
49.824825	232.0
49.879208	231.0
50.143616	230.0
50.246555	229.0
50.271618	228.0
50.276806	227.0
50.29908	226.0
50.3211	225.0
50.361374	224.0
50.368206	223.0
50.39033	222.0
50.40823	221.0
50.448277	220.0
50.537	219.0
50.85331	218.0
50.927715	217.0
50.98187	216.0
50.984966	215.0
50.998886	214.0
51.033554	213.0
51.308258	212.0
51.38528	211.0
51.496864	210.0
51.560825	209.0
51.771862	208.0
51.80284	207.0
51.804512	206.0
51.834587	205.0
51.850266	204.0
51.891933	203.0
51.89747	202.0
52.19311	201.0
52.319954	200.0
52.349117	199.0
52.493683	198.0
52.550518	197.0
53.01183	196.0
53.36151	195.0
53.415543	194.0
53.48886	193.0
53.625748	192.0
53.661404	191.0
53.68602	190.0
53.80416	189.0
53.808163	188.0
54.270103	187.0
54.36319	186.0
54.56417	185.0
54.56757	184.0
54.56796	183.0
54.87678	182.0
55.05381	181.0
55.0676	180.0
55.108234	179.0
55.15963	178.0
55.20462	177.0
55.373493	176.0
55.409664	175.0
55.460846	174.0
55.550995	173.0
55.580475	172.0
55.649754	171.0
55.665524	170.0
55.76634	169.0
55.834114	168.0
55.864952	167.0
55.910667	166.0
56.232903	165.0
56.919296	164.0
56.98801	163.0
57.003292	162.0
57.150616	161.0
57.189987	160.0
57.243896	159.0
57.280476	158.0
57.44745	157.0
57.478657	156.0
57.58056	155.0
57.69063	154.0
57.959213	153.0
57.967033	152.0
58.407207	151.0
58.42959	150.0
58.51185	149.0
58.896282	148.0
58.919174	147.0
59.084522	146.0
59.481857	145.0
59.5216	144.0
59.53378	143.0
59.66993	142.0
59.780437	141.0
59.78769	140.0
59.85692	139.0
59.92112	138.0
60.24769	137.0
60.30171	136.0
60.378372	135.0
60.431488	134.0
60.441723	133.0
60.497616	132.0
60.775856	131.0
61.192944	130.0
61.29946	129.0
61.477203	128.0
61.59462	127.0
61.61237	126.0
61.627552	125.0
61.65184	124.0
62.121197	123.0
62.18849	122.0
62.296825	121.0
62.526215	120.0
62.57179	119.0
62.863106	118.0
62.94913	117.0
63.09007	116.0
63.13062	115.0
63.143192	114.0
63.35147	113.0
63.483875	112.0
63.751816	111.0
63.789806	110.0
63.94735	109.0
64.212364	108.0
64.22894	107.0
64.4587	106.0
64.4713	105.0
64.48116	104.0
64.49757	103.0
64.5839	102.0
64.78444	101.0
65.221924	100.0
66.036835	99.0
66.07416	98.0
66.80647	97.0
66.950035	96.0
66.98558	95.0
66.998184	94.0
67.01085	93.0
67.357056	92.0
67.448296	91.0
67.9279	90.0
67.962395	89.0
68.05465	88.0
68.28645	87.0
68.87911	86.0
70.45961	85.0
70.576614	84.0
71.36635	83.0
71.52308	82.0
71.837875	81.0
71.97575	80.0
72.16752	79.0
72.19201	78.0
72.28471	77.0
72.34542	76.0
72.55047	75.0
72.672134	74.0
73.07187	73.0
73.09962	72.0
73.353165	71.0
73.653755	70.0
73.82455	69.0
73.99763	68.0
74.35627	67.0
74.365906	66.0
75.39732	65.0
75.50449	64.0
75.51107	63.0
75.912415	62.0
76.05944	61.0
76.103386	60.0
76.416504	59.0
76.80543	58.0
76.830055	57.0
77.27883	56.0
77.52145	55.0
78.35773	54.0
78.49173	53.0
78.6349	52.0
78.86907	51.0
78.889145	50.0
78.97695	49.0
79.73508	48.0
79.99395	47.0
80.04324	46.0
80.62592	45.0
80.78316	44.0
80.88416	43.0
81.07139	42.0
81.13577	41.0
82.01126	40.0
82.67773	39.0
83.199394	38.0
85.347855	37.0
85.42915	36.0
85.46663	35.0
85.95993	34.0
87.4	33.0
87.695274	32.0
87.84027	31.0
88.227646	30.0
89.23522	29.0
89.46838	28.0
92.08451	27.0
92.187965	26.0
92.5985	25.0
92.9806	24.0
93.53212	23.0
93.919075	22.0
95.252785	21.0
96.20052	20.0
96.5647	19.0
96.88186	18.0
97.659966	17.0
98.437675	16.0
98.7168	15.0
99.770935	14.0
100.0054	13.0
100.827705	12.0
100.95953	11.0
101.54017	10.0
103.10012	9.0
104.3683	8.0
104.48371	7.0
106.51913	6.0
108.62644	5.0
114.68462	4.0
114.69999	3.0
117.10769	2.0
126.820786	1.0



DATASET #2

Name: Prob. Filtered Catalog
Num Points: 3254
Info: 

X, Y Data:
8.800489E-7	1780.54
1.8676437E-6	1779.77
2.398383E-6	1778.77
1.3642486E-5	1778.74
2.664452E-5	1777.79
8.699402E-5	1776.79
9.0791626E-5	1775.79
1.6470882E-4	1775.56
6.359985E-4	1774.56
6.42851E-4	1774.49
0.0013771938	1773.49
0.0015717272	1772.5
0.0031068164	1771.61
0.009314691	1770.63
0.009809037	1769.63
0.011380764	1768.72
0.018016405	1768.65
0.019459156	1767.71
0.020892965	1766.71
0.026432607	1766.15
0.046764698	1765.15
0.048529044	1764.15
0.049239226	1763.4
0.057554647	1762.65
0.066647075	1761.67
0.07022994	1760.97
0.1059567	1759.98
0.10725613	1758.99
0.12552749	1758.03
0.13821402	1757.33
0.13870366	1756.74
0.15299372	1756.13
0.16433834	1755.14
0.1767275	1754.14
0.18594201	1753.21
0.214161	1752.25
0.21824688	1751.31
0.22195886	1750.51
0.22539082	1749.7
0.24154611	1749.0
0.27929628	1748.0
0.2875855	1747.02
0.2936674	1746.34
0.30131847	1745.35
0.3081035	1744.52
0.31782705	1744.16
0.3236014	1743.18
0.33931288	1742.22
0.35300487	1741.25
0.37930822	1740.29
0.38563132	1739.35
0.3856337	1739.32
0.3876612	1738.36
0.38900775	1737.36
0.40079856	1736.39
0.42472604	1735.91
0.4374412	1734.91
0.43831363	1733.95
0.48507163	1732.96
0.4983339	1732.39
0.49910125	1731.41
0.500188	1730.41
0.5215711	1729.7
0.5403356	1728.7
0.54400563	1727.7
0.5493837	1726.7
0.55258864	1726.17
0.5538226	1725.19
0.5718507	1724.91
0.57831997	1723.94
0.60390073	1723.19
0.6113002	1722.26
0.61568135	1721.27
0.61591095	1720.27
0.6526084	1719.27
0.6875861	1718.28
0.70870054	1717.31
0.71070975	1716.65
0.71169907	1715.81
0.7237399	1714.82
0.72790444	1714.22
0.73131734	1713.67
0.73274064	1712.76
0.7395173	1712.04
0.74373454	1711.1
0.74514073	1710.3
0.74924153	1710.28
0.75058347	1709.78
0.75411075	1708.94
0.76000553	1708.15
0.76658285	1707.76
0.7996046	1707.11
0.8154826	1706.14
0.81651	1705.21
0.84097755	1704.22
0.8472496	1703.22
0.8509822	1702.63
0.8634699	1701.63
0.87784994	1700.63
0.88977784	1700.01
0.9003342	1699.02
0.9285529	1698.1
0.928828	1697.21
0.93501824	1696.24
0.942332	1695.64
0.9545772	1694.64
0.96585363	1693.64
0.9728327	1692.7
0.99535096	1691.73
1.0137256	1691.19
1.019048	1690.25
1.0377877	1689.3
1.080644	1688.58
1.0840313	1687.62
1.0882492	1686.63
1.1262261	1685.64
1.1645799	1684.64
1.1650892	1683.78
1.1882067	1682.8
1.2105678	1681.87
1.2112552	1680.9
1.2270747	1679.95
1.2307749	1679.61
1.2450771	1678.65
1.2497038	1678.36
1.257687	1677.66
1.26171	1676.68
1.2672474	1675.73
1.2700485	1674.73
1.2761934	1673.76
1.3058139	1672.76
1.3258115	1671.76
1.326295	1670.78
1.3379024	1669.79
1.3402387	1668.81
1.3458052	1667.86
1.3699356	1667.23
1.3805405	1666.52
1.3816837	1665.87
1.3950329	1664.88
1.4034702	1663.89
1.4051632	1662.89
1.4158987	1661.9
1.4362099	1660.98
1.463955	1660.02
1.4716672	1659.21
1.4889921	1658.22
1.490297	1657.24
1.4960742	1656.26
1.515467	1655.29
1.5167941	1654.38
1.5591198	1653.38
1.5747435	1652.39
1.5805843	1651.4
1.5974671	1650.56
1.6001375	1649.57
1.6113048	1648.57
1.6532905	1647.57
1.6563826	1646.57
1.6626874	1645.57
1.6657137	1644.58
1.7026366	1643.61
1.707264	1642.91
1.713989	1641.93
1.7371533	1640.94
1.7514955	1640.51
1.7549964	1639.52
1.7867656	1638.71
1.794588	1637.95
1.8024964	1637.41
1.8200669	1636.56
1.8288852	1635.57
1.8523577	1634.6
1.8719023	1633.61
1.8768488	1632.61
1.8799069	1631.72
1.890621	1630.74
1.9020842	1629.74
1.9026301	1628.78
1.9042101	1628.03
1.9078078	1627.03
1.9086814	1626.03
1.9112018	1625.16
1.9158843	1624.16
1.927629	1623.17
1.933965	1622.17
1.9970824	1621.17
1.9973546	1620.17
2.0041068	1619.17
2.0094275	1618.19
2.0123298	1617.19
2.034032	1616.19
2.042213	1615.19
2.0568254	1614.21
2.0648618	1613.24
2.071463	1612.64
2.080547	1611.68
2.0833206	1610.74
2.1165395	1610.36
2.1301875	1609.78
2.148184	1608.78
2.1501129	1607.78
2.155596	1606.84
2.2091954	1605.92
2.2223706	1604.98
2.2302315	1604.01
2.2397265	1603.82
2.2484422	1602.83
2.2577264	1601.88
2.258333	1600.88
2.264003	1599.89
2.2817063	1598.91
2.2874913	1597.91
2.2914915	1597.66
2.307966	1597.21
2.3165488	1596.49
2.3506126	1595.49
2.3581617	1594.86
2.3611534	1594.29
2.3729079	1593.8
2.3949637	1593.61
2.3953547	1592.64
2.4020765	1592.63
2.4220746	1591.68
2.4368474	1591.08
2.4495862	1590.08
2.4766223	1589.15
2.4841433	1588.15
2.4848182	1587.17
2.487957	1586.19
2.515416	1585.69
2.5452292	1584.72
2.545665	1583.73
2.5644414	1582.77
2.568229	1582.75
2.6076655	1582.26
2.615511	1581.52
2.6251783	1580.53
2.6689186	1579.76
2.670532	1579.06
2.6795733	1578.28
2.6985164	1577.67
2.7021556	1576.71
2.7206652	1575.72
2.7317243	1574.74
2.7381403	1573.8
2.7527983	1572.82
2.766829	1571.82
2.7724857	1570.83
2.7772741	1570.5
2.7776806	1570.01
2.8341253	1569.01
2.859048	1568.32
2.8825955	1567.37
2.8923688	1566.42
2.896837	1565.72
2.9096289	1564.75
2.917461	1564.04
2.9228697	1563.06
2.9234006	1562.29
2.9259765	1562.27
2.9375322	1562.26
2.9488885	1561.73
2.9711778	1560.73
2.9947395	1559.83
3.0014675	1558.85
3.0019877	1557.86
3.022563	1556.86
3.0260046	1556.51
3.0321496	1555.52
3.0836847	1555.16
3.0860405	1554.47
3.0892458	1554.05
3.093431	1553.16
3.1004035	1552.17
3.1170497	1551.21
3.124888	1550.79
3.1269493	1550.33
3.129711	1549.36
3.1385012	1548.39
3.1591434	1547.61
3.1807704	1546.62
3.1973002	1545.64
3.2020092	1545.02
3.2142084	1544.05
3.2392776	1543.06
3.285846	1542.63
3.303374	1542.03
3.308696	1541.51
3.3571424	1540.51
3.3943007	1540.22
3.4024642	1539.68
3.4049835	1538.89
3.458505	1538.0
3.465418	1537.04
3.4866807	1536.04
3.4884157	1535.11
3.5120242	1534.16
3.51367	1533.65
3.513857	1533.02
3.5164642	1532.31
3.519615	1531.32
3.5283806	1530.36
3.5338526	1529.39
3.5389795	1528.59
3.567946	1527.59
3.5826836	1526.59
3.5888078	1525.6
3.5999217	1524.79
3.6280735	1523.83
3.6374907	1522.97
3.6571164	1521.97
3.6917846	1520.98
3.6954725	1520.0
3.7009578	1519.21
3.702495	1518.25
3.7058225	1518.16
3.7557948	1518.14
3.758472	1517.15
3.7640676	1516.28
3.7681134	1515.53
3.7700574	1514.53
3.8103344	1513.53
3.815444	1512.57
3.8208215	1511.9
3.8353586	1511.33
3.8522117	1510.36
3.8581913	1509.36
3.8634503	1508.36
3.886822	1507.41
3.8963642	1506.41
3.9166133	1505.84
3.9215808	1504.86
3.922332	1504.14
3.9284809	1503.29
3.942456	1502.3
3.9476023	1501.77
3.9490323	1501.17
3.9557061	1500.65
3.9763658	1500.63
4.0101213	1499.66
4.0338125	1499.65
4.0514	1498.72
4.068037	1497.77
4.0812936	1496.89
4.0926313	1496.88
4.122896	1495.9
4.200259	1494.94
4.216896	1493.95
4.226685	1492.98
4.256269	1492.43
4.263888	1491.46
4.268078	1490.53
4.273672	1489.99
4.2794204	1489.98
4.284464	1489.62
4.284517	1488.64
4.288185	1487.66
4.2974505	1486.66
4.310456	1485.71
4.3210692	1484.72
4.323809	1484.16
4.32616	1483.18
4.374351	1482.18
4.374515	1481.61
4.3775516	1481.58
4.398431	1480.61
4.426881	1479.61
4.4283757	1478.79
4.4343333	1477.79
4.4539213	1476.8
4.454843	1475.8
4.4834194	1475.39
4.549101	1474.42
4.561098	1473.43
4.570187	1473.4
4.596138	1472.43
4.5970573	1471.59
4.630873	1470.73
4.6318216	1470.1
4.6472235	1469.73
4.6839347	1469.25
4.69001	1468.62
4.694513	1467.64
4.7006764	1466.66
4.7057652	1465.67
4.710019	1464.82
4.7211766	1464.55
4.726171	1463.58
4.7336464	1463.4
4.78512	1462.4
4.8088574	1461.4
4.814188	1461.38
4.851104	1460.4
4.8631	1459.55
4.8671494	1458.58
4.8760333	1457.93
4.889627	1456.93
4.9024563	1455.95
4.9041133	1454.95
4.9045362	1454.44
4.906817	1453.47
4.9345055	1452.68
4.962824	1451.99
4.970701	1450.99
4.98569	1450.51
4.996216	1449.53
4.997144	1449.52
5.030112	1448.93
5.0343966	1447.94
5.065114	1446.96
5.0792756	1445.96
5.1349545	1444.97
5.1355906	1444.9
5.1369047	1443.98
5.146832	1443.44
5.1535463	1443.25
5.181333	1442.79
5.183047	1442.01
5.1852007	1441.05
5.1894	1440.06
5.1900325	1439.14
5.208918	1438.14
5.219535	1437.51
5.2289405	1437.5
5.239607	1436.5
5.2457805	1436.45
5.295289	1435.46
5.303818	1434.81
5.3116903	1434.23
5.3138666	1433.25
5.3160496	1432.26
5.325805	1431.59
5.390372	1430.62
5.3905	1429.77
5.3929415	1429.73
5.402385	1428.74
5.4237943	1428.39
5.4426165	1427.51
5.4560356	1426.53
5.4946866	1426.13
5.5061464	1426.08
5.547381	1425.71
5.566378	1424.71
5.5783553	1424.04
5.5852804	1423.56
5.610698	1422.57
5.6114426	1421.92
5.6226583	1420.93
5.692537	1420.24
5.693117	1420.23
5.7020884	1419.73
5.703889	1418.75
5.716306	1417.75
5.725768	1416.75
5.7285733	1416.08
5.738656	1415.11
5.761637	1414.13
5.8053246	1414.01
5.8376904	1413.03
5.865347	1412.05
5.907642	1411.1
5.9426017	1410.49
5.979175	1409.5
6.005857	1408.99
6.0226774	1408.0
6.031967	1407.06
6.035976	1406.45
6.0383196	1405.46
6.0408473	1404.93
6.060998	1403.94
6.061371	1402.94
6.0644774	1402.73
6.082237	1402.72
6.086677	1401.77
6.0877004	1401.37
6.0923877	1400.43
6.143384	1400.41
6.161509	1399.44
6.165003	1398.48
6.167148	1397.51
6.170671	1396.53
6.170852	1396.17
6.174932	1395.17
6.187803	1394.17
6.2044168	1393.85
6.216303	1392.89
6.2272954	1391.9
6.2296567	1391.06
6.239247	1390.17
6.243191	1389.4
6.2485747	1388.52
6.2517834	1387.56
6.28801	1386.56
6.3078814	1385.57
6.314514	1384.57
6.325957	1383.94
6.332251	1383.55
6.356327	1382.57
6.357199	1382.02
6.3633375	1381.02
6.3797054	1380.93
6.386028	1380.49
6.399475	1380.24
6.4038587	1379.27
6.409978	1378.46
6.4102373	1377.49
6.4431	1376.79
6.4523716	1375.79
6.4905267	1375.2
6.498587	1374.22
6.4991255	1373.26
6.5105553	1372.29
6.5154824	1371.31
6.5324607	1370.5
6.5349264	1369.94
6.5381584	1369.16
6.5404797	1368.2
6.5581856	1367.4
6.5619664	1366.4
6.5735345	1366.38
6.5905857	1366.37
6.5976243	1365.97
6.5996904	1365.06
6.6394997	1364.09
6.6460886	1363.15
6.6463246	1362.16
6.6493087	1361.19
6.66167	1361.17
6.7084813	1360.21
6.7154117	1359.23
6.7282076	1358.31
6.7374415	1357.55
6.7855554	1357.38
6.801993	1356.39
6.8137646	1355.76
6.84266	1354.77
6.8510895	1354.38
6.886375	1353.39
6.9518447	1352.82
6.956981	1351.82
6.975879	1350.85
6.992412	1350.35
7.0166125	1350.34
7.021441	1349.86
7.0275836	1349.1
7.0292907	1348.76
7.070438	1348.24
7.0715237	1348.21
7.085421	1347.21
7.0961137	1346.53
7.109112	1345.55
7.114735	1344.85
7.1156163	1344.46
7.1188183	1343.46
7.129327	1343.25
7.15404	1343.24
7.1765494	1342.24
7.1997824	1341.28
7.2060113	1340.28
7.2494717	1339.3
7.25599	1338.31
7.256515	1337.33
7.2628736	1336.35
7.28485	1335.35
7.2906647	1334.68
7.299053	1334.27
7.306527	1334.14
7.3533106	1333.47
7.3686247	1332.47
7.384393	1331.47
7.407819	1330.67
7.409997	1330.14
7.413806	1329.65
7.4165707	1328.65
7.4248786	1327.96
7.427154	1326.96
7.4334726	1325.96
7.5032454	1325.3
7.523162	1324.31
7.5604596	1323.32
7.560612	1322.56
7.600599	1322.09
7.612963	1321.1
7.6131673	1320.29
7.6775103	1319.33
7.687241	1318.68
7.693622	1317.8
7.6943436	1316.8
7.715397	1315.81
7.721727	1315.8
7.7281046	1314.84
7.732913	1313.86
7.7667637	1313.84
7.778532	1313.35
7.7972383	1312.87
7.801945	1311.88
7.805911	1310.88
7.8240337	1310.36
7.8348427	1309.43
7.8362417	1308.43
7.8465905	1307.68
7.855911	1307.04
7.90261	1306.91
7.90873	1306.1
7.913748	1305.17
7.9692864	1304.17
7.98845	1303.2
7.996526	1302.2
8.003109	1301.24
8.011111	1300.74
8.024843	1299.75
8.032958	1298.75
8.038428	1298.04
8.043997	1297.44
8.056725	1297.43
8.057564	1296.9
8.065005	1295.9
8.072194	1295.2
8.080384	1294.24
8.099559	1293.3
8.15878	1292.83
8.167401	1292.17
8.178296	1291.32
8.210687	1290.34
8.331101	1290.31
8.35636	1289.7
8.356507	1288.71
8.379875	1287.93
8.381043	1286.94
8.389488	1286.44
8.395704	1285.72
8.406764	1284.73
8.415313	1284.1
8.427657	1283.57
8.442407	1283.25
8.460782	1283.21
8.495784	1282.24
8.50046	1281.53
8.504075	1280.98
8.572333	1280.45
8.573447	1279.9
8.582924	1278.91
8.588787	1278.03
8.609527	1277.19
8.615309	1276.51
8.639792	1276.11
8.640227	1275.29
8.646287	1275.28
8.651882	1274.67
8.665604	1273.7
8.672248	1272.77
8.695983	1271.79
8.706929	1270.79
8.726941	1269.8
8.729642	1269.23
8.732665	1268.77
8.750088	1268.63
8.75219	1268.62
8.753305	1267.72
8.77702	1266.76
8.781326	1266.75
8.783013	1265.93
8.791146	1264.93
8.799313	1263.94
8.803372	1263.93
8.823009	1262.96
8.834716	1261.98
8.861802	1261.27
8.886588	1260.35
8.886617	1259.84
8.914497	1258.85
8.923901	1258.08
8.938004	1257.2
8.954266	1256.22
8.957683	1255.25
9.001203	1254.27
9.004524	1254.26
9.008372	1253.28
9.032168	1252.33
9.043407	1251.39
9.044835	1250.51
9.050257	1249.51
9.072956	1248.87
9.089745	1247.9
9.104808	1247.66
9.120944	1246.96
9.128702	1246.11
9.129977	1245.43
9.15228	1244.44
9.197178	1243.69
9.237266	1242.71
9.244363	1242.69
9.248976	1242.4
9.271568	1241.78
9.279942	1241.42
9.32847	1240.48
9.3296175	1240.46
9.371498	1239.46
9.411494	1238.89
9.414918	1237.97
9.4162035	1237.95
9.419377	1236.96
9.430827	1235.96
9.438819	1235.01
9.440871	1234.38
9.44638	1233.47
9.454589	1233.38
9.48685	1232.42
9.552809	1231.43
9.624599	1230.77
9.627883	1229.85
9.629042	1228.85
9.648472	1227.92
9.662314	1227.18
9.664471	1226.19
9.696529	1225.19
9.706075	1224.2
9.7182455	1223.22
9.725389	1222.66
9.759741	1221.66
9.760375	1220.67
9.802782	1219.69
9.803973	1219.66
9.83356	1218.84
9.855803	1217.85
9.857659	1216.86
9.908954	1215.87
9.91211	1215.13
9.938663	1214.39
9.978757	1214.28
9.989915	1214.11
9.993475	1214.07
9.993797	1213.75
10.017869	1212.76
10.022763	1211.77
10.1292715	1210.92
10.131343	1209.96
10.159304	1209.01
10.168087	1208.42
10.169372	1207.42
10.187786	1207.31
10.195759	1206.31
10.198838	1205.36
10.201317	1204.47
10.202214	1204.45
10.239007	1203.46
10.254905	1202.9
10.2632885	1201.9
10.267469	1200.9
10.268182	1200.11
10.27111	1199.29
10.277313	1198.71
10.279727	1197.89
10.324736	1197.05
10.341206	1196.05
10.4031315	1195.97
10.421362	1194.97
10.443907	1194.3
10.459388	1194.05
10.476998	1193.1
10.479155	1192.11
10.510714	1191.15
10.5396595	1190.16
10.576251	1190.15
10.578028	1190.14
10.582833	1189.27
10.592825	1188.27
10.617859	1187.55
10.619357	1187.51
10.622588	1186.51
10.623882	1185.52
10.629512	1185.05
10.629836	1184.05
10.635523	1183.1
10.683814	1183.08
10.712273	1182.41
10.717191	1181.8
10.719752	1181.78
10.720259	1180.9
10.721296	1180.01
10.738333	1179.03
10.767736	1178.04
10.787093	1177.05
10.809449	1176.06
10.824484	1175.1
10.863044	1174.11
10.887348	1173.12
10.905988	1172.48
10.963426	1172.13
10.982859	1171.21
10.989363	1170.21
10.990437	1169.22
11.026716	1169.06
11.029321	1168.31
11.038085	1167.53
11.045575	1166.54
11.047117	1165.61
11.056045	1165.08
11.061449	1164.15
11.065634	1163.39
11.110033	1162.41
11.127592	1161.89
11.146742	1161.88
11.191031	1160.89
11.19551	1160.19
11.208584	1159.37
11.21184	1158.4
11.213486	1158.38
11.222376	1157.69
11.284634	1156.71
11.288371	1156.21
11.294166	1155.74
11.295001	1155.11
11.326053	1154.44
11.349326	1153.45
11.351992	1152.46
11.357118	1151.48
11.365424	1150.49
11.374736	1149.5
11.386921	1148.64
11.410531	1147.71
11.418413	1146.71
11.422685	1145.74
11.446648	1145.7
11.454849	1144.72
11.46034	1143.72
11.495831	1142.72
11.507549	1142.17
11.509854	1141.6
11.513337	1140.6
11.536606	1140.58
11.539677	1139.8
11.574341	1139.6
11.580136	1139.12
11.610601	1138.21
11.620988	1137.51
11.645588	1137.0
11.650671	1136.38
11.659417	1135.38
11.662063	1135.23
11.662198	1134.28
11.66623	1133.29
11.677726	1132.31
11.706722	1132.3
11.721998	1131.58
11.723755	1130.8
11.751484	1130.01
11.768772	1129.29
11.776343	1128.29
11.793808	1128.24
11.810732	1127.26
11.813074	1126.29
11.832133	1125.29
11.836759	1124.5
11.837769	1123.54
11.861905	1122.55
11.897443	1122.53
11.906681	1121.54
11.928622	1120.7
11.934598	1119.76
11.937429	1118.76
11.94496	1118.0
11.954188	1117.0
11.957282	1116.39
11.966249	1115.39
11.980532	1114.39
11.995761	1114.23
12.003656	1113.7
12.041659	1113.58
12.056274	1112.6
12.056399	1112.32
12.077971	1111.35
12.092988	1110.75
12.103079	1109.92
12.136984	1108.95
12.155652	1107.95
12.162769	1107.33
12.191902	1107.32
12.2028055	1106.33
12.203806	1106.3
12.217345	1105.8
12.265277	1105.03
12.287065	1104.22
12.289923	1103.58
12.316031	1102.61
12.343667	1101.62
12.368437	1101.61
12.39687	1101.21
12.45339	1100.45
12.459123	1100.44
12.468979	1100.23
12.4702	1099.23
12.499661	1099.22
12.518549	1098.23
12.523744	1097.61
12.530642	1096.66
12.536445	1096.65
12.538755	1096.64
12.557021	1096.05
12.610097	1095.36
12.616161	1094.66
12.620188	1094.65
12.62032	1093.66
12.648488	1093.65
12.680331	1092.79
12.688538	1091.8
12.703004	1091.16
12.727145	1091.15
12.729147	1090.7
12.731205	1089.92
12.742575	1088.93
12.746447	1088.9
12.769972	1087.93
12.774728	1087.2
12.802841	1086.22
12.807519	1085.6
12.8388605	1084.6
12.864292	1083.65
12.876354	1082.66
12.877731	1081.67
12.890315	1081.66
12.896722	1080.69
12.899142	1080.68
12.927863	1080.03
12.934644	1079.58
12.952265	1079.55
12.968639	1078.57
12.968768	1078.56
12.975692	1077.56
13.029323	1077.54
13.045595	1076.54
13.073599	1075.54
13.091186	1074.54
13.0913515	1073.55
13.093995	1073.09
13.118294	1072.33
13.146702	1072.25
13.1520405	1072.24
13.215353	1071.24
13.221346	1070.49
13.269958	1069.71
13.297963	1069.17
13.306461	1068.21
13.356432	1067.23
13.366487	1066.24
13.374954	1065.76
13.385527	1064.77
13.393294	1064.12
13.416251	1063.34
13.417733	1062.44
13.418836	1061.45
13.425596	1061.41
13.452957	1060.43
13.469498	1059.94
13.484758	1058.94
13.494986	1058.73
13.527801	1057.73
13.546324	1056.73
13.546497	1055.76
13.550989	1055.04
13.581291	1054.42
13.581475	1053.42
13.607655	1052.44
13.615528	1051.48
13.615619	1051.25
13.651705	1050.48
13.657833	1050.47
13.707902	1049.69
13.7165785	1049.05
13.730481	1048.11
13.73801	1047.11
13.77296	1046.11
13.800361	1045.53
13.82375	1045.08
13.855648	1044.51
13.865173	1043.79
13.881838	1042.79
13.892507	1042.13
13.901624	1041.13
13.961259	1040.98
13.975239	1039.99
14.02825	1039.04
14.057342	1038.04
14.074707	1037.25
14.076542	1036.27
14.097252	1035.69
14.119932	1035.67
14.125242	1034.69
14.133339	1034.58
14.149363	1033.58
14.184295	1032.78
14.207138	1031.78
14.218432	1031.57
14.277108	1031.09
14.324002	1030.11
14.3657465	1029.11
14.380887	1028.13
14.383859	1027.16
14.385877	1027.09
14.408783	1026.68
14.417778	1025.68
14.417778	1025.51
14.424039	1024.71
14.443779	1023.71
14.478109	1022.74
14.522428	1022.03
14.536073	1021.03
14.5391445	1021.02
14.551242	1020.04
14.560662	1019.04
14.574438	1018.04
14.603637	1017.51
14.648309	1017.22
14.662491	1017.21
14.692988	1016.21
14.698998	1015.29
14.746065	1014.4
14.753313	1014.38
14.79941	1013.38
14.816635	1012.91
14.823685	1012.15
14.829452	1011.6
14.8307905	1010.82
14.867413	1010.81
14.901655	1010.76
14.923447	1009.88
14.932905	1009.87
14.968375	1009.12
14.997451	1009.09
15.004499	1008.4
15.014731	1008.38
15.03313	1008.2
15.064512	1007.2
15.0867605	1006.42
15.125394	1006.4
15.129391	1006.35
15.134654	1005.36
15.143376	1004.48
15.192	1003.61
15.211542	1002.85
15.219991	1002.01
15.223299	1001.01
15.231772	1000.04
15.262806	999.08
15.262824	998.2
15.268254	997.23
15.286118	996.68
15.289833	996.65
15.350899	995.65
15.363924	995.03
15.380091	995.02
15.382843	994.02
15.409715	993.5
15.41824	992.83
15.4207325	991.88
15.471313	990.89
15.473928	990.87
15.511563	990.77
15.537382	989.88
15.540214	989.28
15.542826	989.27
15.559471	988.86
15.569094	987.88
15.5782385	987.86
15.579914	986.86
15.581389	985.95
15.588412	985.06
15.592612	984.28
15.641272	983.94
15.646171	983.12
15.648345	982.13
15.649689	981.6
15.668014	980.61
15.669322	979.61
15.670694	979.25
15.679151	978.31
15.680791	977.65
15.686053	976.68
15.728913	975.68
15.732497	974.68
15.742981	974.59
15.761718	973.65
15.777429	973.64
15.795052	973.12
15.808542	972.12
15.810533	971.13
15.839417	971.11
15.839646	971.1
15.874742	970.13
15.901804	969.17
15.946678	968.61
15.950931	967.63
15.962126	966.63
15.9685755	966.51
15.990315	965.85
15.9926405	964.86
16.005917	964.85
16.023312	963.88
16.048672	963.85
16.066607	962.86
16.116802	962.02
16.13517	961.05
16.160936	961.02
16.175209	960.78
16.176298	960.33
16.176838	960.01
16.176853	959.04
16.257257	959.03
16.277521	958.03
16.280684	957.08
16.298756	956.31
16.303354	955.32
16.344501	954.68
16.357584	954.65
16.367327	954.64
16.373705	954.06
16.379816	953.06
16.409779	952.52
16.413126	952.51
16.415438	951.52
16.431513	951.24
16.448303	950.28
16.474379	950.22
16.49808	949.29
16.498688	948.81
16.515657	948.26
16.519217	948.25
16.527822	947.45
16.545732	946.46
16.568401	945.53
16.602226	944.88
16.620573	943.9
16.630388	942.91
16.643736	942.17
16.661438	941.17
16.724041	940.17
16.72459	939.18
16.72899	938.2
16.752935	937.23
16.757784	936.23
16.819687	936.11
16.827938	935.45
16.83525	934.72
16.835695	934.07
16.841576	933.14
16.847893	932.16
16.850283	931.8
16.866413	930.82
16.882427	930.8
16.916563	929.91
16.918566	928.97
16.924206	927.97
16.972466	926.99
17.002	926.98
17.011536	925.99
17.037848	925.0
17.045986	924.03
17.064642	923.06
17.078672	922.06
17.087986	921.29
17.102203	920.82
17.144014	920.8
17.172426	920.31
17.173878	919.33
17.174723	918.38
17.17755	918.29
17.186785	917.36
17.200884	916.74
17.207712	916.73
17.220999	916.05
17.225985	915.12
17.245836	914.72
17.283392	913.73
17.294537	912.73
17.30288	912.2
17.315403	911.24
17.364286	911.23
17.365881	910.23
17.366297	909.71
17.373554	908.74
17.380705	907.76
17.397179	907.19
17.406422	906.24
17.429358	906.07
17.432066	906.06
17.449057	905.57
17.494854	904.57
17.495064	904.55
17.497103	903.56
17.511267	902.57
17.527952	902.54
17.53947	902.5
17.544909	901.86
17.547482	900.86
17.571712	900.85
17.576279	899.85
17.577944	898.88
17.593107	897.91
17.629435	897.4
17.658152	896.43
17.668013	895.92
17.70679	895.61
17.726957	895.57
17.728243	894.75
17.755283	893.75
17.771864	892.75
17.77355	891.76
17.786655	890.82
17.813635	890.13
17.83462	889.32
17.865448	889.28
17.865448	888.29
17.88188	888.28
17.932201	887.32
17.944267	886.33
17.955364	885.34
17.958027	885.32
17.962322	884.39
18.120989	883.84
18.12529	882.86
18.128609	882.85
18.147518	882.83
18.16889	881.83
18.207626	880.83
18.208384	880.17
18.222692	879.18
18.241217	879.04
18.254244	878.04
18.295452	877.05
18.304607	876.37
18.315657	875.39
18.3169	874.4
18.349836	873.4
18.360853	872.49
18.36823	871.7
18.377062	870.72
18.395983	870.07
18.443634	869.1
18.452686	868.37
18.490824	867.37
18.525822	866.4
18.550974	866.13
18.6274	865.13
18.642317	864.25
18.69995	863.25
18.711422	862.25
18.74758	862.24
18.753496	861.27
18.759762	861.26
18.773678	861.17
18.832706	860.18
18.838665	859.19
18.876451	858.19
18.94028	857.86
18.945583	857.82
18.953968	857.12
18.957672	856.13
18.965944	855.68
18.97347	855.64
18.990929	854.64
19.005667	854.63
19.006517	854.62
19.01548	853.99
19.020609	853.41
19.04647	852.56
19.050554	851.86
19.058022	850.86
19.074797	849.89
19.07742	848.89
19.088474	848.86
19.185713	848.14
19.190073	847.17
19.200415	846.17
19.202631	845.35
19.204391	844.72
19.215508	844.29
19.218624	843.36
19.238674	843.31
19.256037	843.1
19.264109	842.8
19.29204	842.79
19.302801	842.78
19.308277	841.78
19.323004	841.38
19.32346	840.39
19.327501	839.51
19.329271	839.5
19.32966	838.53
19.341358	837.53
19.37439	837.09
19.385088	836.92
19.40017	836.12
19.415041	835.44
19.447256	834.49
19.451878	833.53
19.486986	832.55
19.51224	831.88
19.557425	831.13
19.562447	830.87
19.586046	830.01
19.664507	829.1
19.69734	828.1
19.702314	828.09
19.721422	827.12
19.731901	826.13
19.737204	826.11
19.740902	825.28
19.791328	824.47
19.805565	823.51
19.812525	822.56
19.889824	821.59
19.918472	820.62
19.925518	820.17
19.928001	819.52
19.942621	818.67
19.943192	817.68
19.94475	817.04
19.951702	816.87
19.962564	816.15
19.973392	815.87
19.977152	814.88
20.018852	814.87
20.022833	814.8
20.025686	813.82
20.052525	813.79
20.115725	813.72
20.168028	813.7
20.20176	812.73
20.23449	811.77
20.248508	811.35
20.248857	810.52
20.27815	810.5
20.291624	809.74
20.291624	809.1
20.315826	808.11
20.342188	807.6
20.363533	807.3
20.388414	806.55
20.400267	805.55
20.425543	804.62
20.450445	803.86
20.49145	802.86
20.494133	801.87
20.499016	801.78
20.509445	801.77
20.509817	801.07
20.544636	800.09
20.568094	800.06
20.695353	799.63
20.708107	798.66
20.723452	798.14
20.740171	798.11
20.808172	797.9
20.811861	796.9
20.82677	795.94
20.851944	794.97
20.855816	794.38
20.860212	793.89
20.934595	792.9
20.953098	792.19
20.968521	791.52
20.984144	790.52
20.998568	789.55
21.011219	789.54
21.025362	788.54
21.037722	787.55
21.091734	786.71
21.094856	785.76
21.099688	784.79
21.105131	784.51
21.108475	784.05
21.14007	783.07
21.157373	782.07
21.200167	781.09
21.203085	780.34
21.270313	779.35
21.276438	778.36
21.318491	777.39
21.321198	777.33
21.324623	776.34
21.32981	775.84
21.329817	774.89
21.341124	773.91
21.367887	773.88
21.394228	773.85
21.3955	773.37
21.39644	772.46
21.402443	772.18
21.412563	771.99
21.45104	771.03
21.473818	771.02
21.499884	770.08
21.502102	770.06
21.534954	770.05
21.550882	769.73
21.562613	769.22
21.634598	768.79
21.646746	768.04
21.667557	767.05
21.678028	766.51
21.690649	765.51
21.720533	765.33
21.732063	764.37
21.743849	763.81
21.750036	763.78
21.755056	763.19
21.794378	762.77
21.802103	762.76
21.84496	762.73
21.845821	762.72
21.84702	762.5
21.850067	761.88
21.871088	760.91
21.897512	759.91
21.9084	759.9
21.923962	759.28
21.938839	759.27
21.939808	758.97
21.969809	758.13
21.974302	757.22
21.978815	756.88
21.998846	756.55
22.045542	755.56
22.049393	755.12
22.126165	754.15
22.147577	753.81
22.159092	753.8
22.183105	752.88
22.187412	752.87
22.212221	752.22
22.239347	751.22
22.242659	750.24
22.24928	750.23
22.270832	749.72
22.280481	748.76
22.295938	748.73
22.310926	747.75
22.311432	747.73
22.31409	746.77
22.320965	745.81
22.331879	745.8
22.337116	745.79
22.33949	745.12
22.34747	744.42
22.370665	743.44
22.436766	742.44
22.465586	741.97
22.467821	741.2
22.495094	740.57
22.523905	739.62
22.541065	738.63
22.576313	738.58
22.584663	738.56
22.595936	737.57
22.596754	737.54
22.614666	737.3
22.672672	736.3
22.67715	735.53
22.68372	734.84
22.686361	734.68
22.706188	733.85
22.710636	733.26
22.734776	732.38
22.777254	731.79
22.782904	730.91
22.78625	729.96
22.8114	729.59
22.822416	729.52
22.861809	729.04
22.867025	728.04
22.882917	727.09
22.897947	726.74
22.901	726.05
22.9139	726.03
22.920061	725.05
22.938454	724.05
22.962206	723.05
22.98418	722.09
22.996616	721.11
23.011568	720.92
23.042173	720.48
23.047464	719.8
23.053738	719.24
23.071012	718.27
23.093725	718.26
23.112083	718.22
23.114431	718.11
23.158712	717.26
23.220387	716.8
23.244211	716.79
23.245821	716.45
23.260517	716.44
23.272514	716.43
23.318321	715.45
23.35521	714.45
23.387283	714.03
23.412367	713.39
23.418058	712.89
23.420294	711.89
23.44674	711.84
23.507603	711.12
23.519764	710.64
23.530317	710.6
23.548594	709.69
23.664347	708.69
23.669132	707.98
23.673124	707.95
23.678928	707.86
23.704641	707.81
23.74207	707.13
23.784193	706.35
23.80611	705.35
23.81396	704.53
23.854137	704.51
23.857674	703.53
23.8825	702.68
23.906893	701.68
23.925203	701.65
23.928915	700.69
23.933395	699.98
24.049479	699.67
24.071932	699.46
24.104599	699.19
24.116482	698.67
24.141872	697.98
24.156387	697.01
24.170748	696.19
24.21214	696.17
24.215435	695.2
24.265053	694.83
24.325127	694.82
24.398897	694.66
24.406153	694.17
24.424686	693.22
24.426613	693.21
24.448452	693.16
24.508831	692.88
24.514473	691.89
24.521154	691.88
24.551453	690.93
24.55581	690.9
24.606949	689.92
24.649954	688.99
24.662333	688.97
24.739193	688.05
24.745445	688.01
24.759293	687.26
24.779896	687.25
24.798647	687.23
24.831047	686.69
24.878616	686.51
24.886208	685.57
24.987976	685.3
24.989962	685.29
24.994244	684.3
25.006943	683.53
25.011433	683.52
25.03529	683.37
25.041842	683.36
25.045332	682.42
25.048714	682.41
25.084	681.41
25.102055	680.45
25.122034	679.85
25.141571	679.11
25.239243	678.13
25.259497	677.47
25.260351	677.45
25.271027	677.01
25.291018	676.11
25.35793	675.19
25.36563	674.26
25.374659	673.27
25.414465	673.01
25.418814	672.53
25.445637	672.23
25.479166	672.2
25.486938	671.21
25.52072	670.21
25.563742	669.44
25.595406	668.44
25.610012	667.44
25.62005	667.0
25.624336	666.56
25.62504	666.36
25.632975	665.9
25.645432	665.89
25.700928	665.27
25.720133	665.26
25.721264	665.16
25.731373	665.14
25.745218	664.15
25.747402	663.15
25.756056	662.5
25.767405	662.2
25.780228	662.17
25.820894	662.08
25.853998	661.19
25.86081	661.18
25.86697	660.25
25.86713	659.78
25.90724	659.76
25.939995	659.06
25.948805	659.05
25.972816	659.01
25.9799	658.01
25.9865	657.13
26.044277	657.11
26.093508	657.1
26.093834	656.28
26.094378	656.06
26.10342	655.56
26.11074	655.51
26.120785	654.66
26.128023	653.7
26.132011	653.1
26.170454	652.99
26.17301	652.25
26.268621	651.66
26.287855	650.67
26.295	650.16
26.306591	649.67
26.326393	648.67
26.329819	648.17
26.383953	647.17
26.396624	646.34
26.398857	645.34
26.409943	644.34
26.419527	643.43
26.42071	642.45
26.44125	642.42
26.465755	641.86
26.47975	641.85
26.519577	640.9
26.59008	639.92
26.607632	639.91
26.615297	639.88
26.647287	639.5
26.664791	638.9
26.712973	638.86
26.734377	638.3
26.748087	638.29
26.78741	637.3
26.789295	636.79
26.789295	636.03
26.791573	635.81
26.817928	634.82
26.830278	634.74
26.896357	634.68
26.924059	633.68
26.929377	632.86
26.939014	631.93
26.972582	630.93
26.996487	630.41
27.02026	630.03
27.023735	629.62
27.030434	628.64
27.037346	627.9
27.051594	627.89
27.06702	627.31
27.083921	626.57
27.08664	626.54
27.131435	626.5
27.133345	625.5
27.147589	625.49
27.178844	624.75
27.190704	624.34
27.224737	623.98
27.23526	623.95
27.277176	623.12
27.28749	622.83
27.304466	622.15
27.312113	622.14
27.326378	621.39
27.361832	621.37
27.470526	620.9
27.477816	620.37
27.483545	620.27
27.486773	619.44
27.516542	618.69
27.528675	617.69
27.536577	617.68
27.617289	617.51
27.624111	616.51
27.64542	616.21
27.660435	616.19
27.68836	615.22
27.741093	615.21
27.74321	615.2
27.76769	615.16
27.783142	615.13
27.7883	615.04
27.792753	614.05
27.80066	613.22
27.801136	613.21
27.830551	613.18
27.832745	612.66
27.872816	611.76
27.88215	611.69
27.932123	611.59
27.960243	610.59
27.962135	609.77
27.986002	609.76
27.994942	609.53
28.037855	608.7
28.048874	608.69
28.067978	608.67
28.091007	607.68
28.091082	606.7
28.130447	606.53
28.170898	605.65
28.179438	604.68
28.24377	604.66
28.279343	604.64
28.285995	603.69
28.295341	603.45
28.324162	602.45
28.33362	601.46
28.335207	600.49
28.376995	599.49
28.386978	599.38
28.389788	598.96
28.403467	597.97
28.492054	596.97
28.496502	596.62
28.528288	595.62
28.560108	594.83
28.571257	594.32
28.572294	593.61
28.600721	593.1
28.60619	593.05
28.627003	592.06
28.628809	591.99
28.703333	591.97
28.712149	591.65
28.754314	591.25
28.771242	590.93
28.780176	590.92
28.819994	590.9
28.84165	590.37
28.842085	589.37
28.850052	588.77
28.917557	587.79
28.966354	586.87
28.973598	585.87
28.994543	584.88
29.002031	584.87
29.020128	583.87
29.033718	583.22
29.035622	582.45
29.106318	581.54
29.156494	581.17
29.187292	580.17
29.241505	580.14
29.242344	579.14
29.267027	578.49
29.27914	577.67
29.301498	577.21
29.302313	576.21
29.314219	576.19
29.338745	576.07
29.357552	575.09
29.393614	575.07
29.420755	574.12
29.447823	573.15
29.491962	573.13
29.495539	572.14
29.507343	571.15
29.515812	570.97
29.551573	570.74
29.600655	570.46
29.615746	570.4
29.652239	569.65
29.670086	569.0
29.690931	568.99
29.726978	568.98
29.72802	568.94
29.752964	568.2
29.790268	567.21
29.799856	566.44
29.800182	565.44
29.81949	564.46
29.859375	563.48
29.90647	562.49
29.92387	561.79
29.92858	560.79
29.953278	560.13
29.955345	559.54
29.96124	559.53
29.99598	558.59
30.02715	557.6
30.028128	557.59
30.080135	557.58
30.084677	556.58
30.08793	555.85
30.109917	555.14
30.117514	554.24
30.127777	553.52
30.141335	553.5
30.14533	552.95
30.181322	552.6
30.201738	552.58
30.27332	551.6
30.385166	550.98
30.40067	550.46
30.407854	550.11
30.4659	549.14
30.497467	548.16
30.497982	547.38
30.536325	546.39
30.536623	545.87
30.544298	545.82
30.562733	545.72
30.565142	545.46
30.58434	545.4
30.613245	545.37
30.66065	544.39
30.707266	543.44
30.736506	543.43
30.754345	543.21
30.79158	542.21
30.792723	541.23
30.803812	540.23
30.86712	539.25
30.898626	538.5
30.910322	537.52
30.914236	537.51
30.95174	537.23
30.958307	536.24
30.972483	536.18
30.973618	535.19
30.98617	534.72
30.986515	534.21
31.008469	534.2
31.022024	534.18
31.050276	534.0
31.058887	533.01
31.060486	533.0
31.097189	532.85
31.124908	532.6
31.12817	531.79
31.142715	531.77
31.156137	530.77
31.220028	530.14
31.248365	529.19
31.260138	529.16
31.26827	529.15
31.287947	528.17
31.327631	528.15
31.327934	527.17
31.35698	527.16
31.407234	527.14
31.483973	527.13
31.494274	526.38
31.536306	525.41
31.540731	524.93
31.5412	523.97
31.580547	522.98
31.59345	522.97
31.597298	522.03
31.602808	522.0
31.617268	521.95
31.62759	521.93
31.63387	521.68
31.642212	521.34
31.643332	520.41
31.697304	520.4
31.747166	520.11
31.757526	520.1
31.790144	519.63
31.790157	518.69
31.81524	518.64
31.82123	517.64
31.986069	517.63
32.017506	517.23
32.031242	517.22
32.05213	516.29
32.064262	515.42
32.090435	515.41
32.12565	514.42
32.196224	514.35
32.21092	514.33
32.218407	514.24
32.23678	514.22
32.269283	513.23
32.278942	513.22
32.294415	513.2
32.306255	512.2
32.33987	512.16
32.352303	511.18
32.368954	511.17
32.429424	510.17
32.430984	509.19
32.468693	509.12
32.492836	509.1
32.512268	508.85
32.51502	507.85
32.52648	507.26
32.557148	507.25
32.588	506.34
32.60743	505.36
32.611904	504.91
32.63285	504.01
32.643566	503.62
32.648643	503.08
32.65735	502.4
32.744114	501.95
32.75856	500.95
32.761303	499.97
32.76612	499.02
32.778904	498.05
32.792385	497.56
32.793247	496.59
32.85089	496.46
32.85197	495.78
32.918404	494.79
32.934654	494.65
32.97102	494.61
32.973637	493.61
33.029724	493.6
33.0573	493.58
33.070335	492.78
33.13588	491.8
33.151947	491.75
33.167118	491.74
33.180496	491.73
33.19489	490.82
33.199413	490.5
33.207355	489.5
33.23954	488.5
33.24235	488.49
33.249557	488.27
33.29132	488.26
33.301735	487.31
33.350433	487.29
33.360924	487.28
33.372093	486.67
33.376358	486.66
33.37793	485.7
33.37859	485.66
33.38519	484.69
33.3984	484.48
33.40865	484.46
33.453518	484.28
33.481514	483.28
33.53004	482.52
33.5355	482.3
33.53808	482.29
33.54367	482.15
33.573822	481.16
33.58431	481.14
33.684826	481.12
33.720184	480.13
33.73814	479.41
33.742554	478.81
33.754272	478.45
33.76588	477.45
33.893723	477.43
33.96458	477.29
33.99598	477.27
34.022884	477.21
34.027866	477.2
34.068466	476.68
34.10154	476.67
34.102608	476.62
34.120792	475.96
34.147488	475.52
34.161057	474.55
34.19036	474.54
34.19396	473.54
34.224052	472.55
34.33354	472.54
34.37101	471.71
34.38459	471.51
34.410076	471.47
34.41408	470.52
34.43312	470.51
34.44729	469.53
34.44741	468.53
34.452927	467.54
34.466293	467.26
34.466633	466.99
34.485523	466.98
34.518543	465.99
34.527225	464.99
34.533783	464.98
34.564278	463.98
34.61943	463.96
34.63455	463.95
34.69461	463.86
34.714813	463.85
34.85938	462.85
34.870163	462.84
34.9038	461.85
34.938744	461.73
34.999706	461.71
35.014004	461.7
35.060776	460.73
35.094784	459.73
35.103638	459.49
35.12905	459.48
35.142456	459.47
35.16481	458.65
35.16888	458.64
35.174175	458.62
35.17691	457.69
35.193882	456.73
35.274723	455.73
35.288116	455.03
35.377777	454.53
35.37852	453.67
35.416054	452.68
35.44427	452.37
35.51981	452.35
35.565723	452.07
35.59071	452.06
35.67002	451.51
35.686386	451.5
35.697266	451.49
35.708347	451.48
35.712547	450.54
35.744164	449.54
35.773846	448.54
35.77858	447.57
35.79082	446.59
35.806583	446.58
35.866177	445.6
35.880684	444.67
35.881966	444.66
35.88619	443.66
35.88978	443.48
35.89848	443.31
35.94412	443.3
35.947716	442.32
35.968063	441.32
36.18224	441.31
36.218033	441.15
36.240673	440.73
36.28399	440.71
36.29448	440.7
36.31112	440.26
36.31641	439.41
36.357376	438.41
36.398026	438.38
36.443356	437.68
36.475853	436.84
36.488853	436.16
36.489784	436.01
36.513668	435.08
36.524773	435.06
36.589188	434.15
36.614815	434.14
36.6391	433.69
36.662285	432.7
36.681465	432.51
36.696484	432.47
36.727936	431.49
36.766365	431.13
36.798004	430.69
36.80004	430.23
36.929768	429.91
36.93435	428.94
36.963963	427.94
37.00406	426.97
37.040848	426.96
37.08697	426.44
37.10414	426.43
37.109394	425.43
37.16963	424.8
37.22891	424.49
37.25403	423.85
37.28865	422.88
37.40681	422.06
37.42942	421.06
37.442104	421.05
37.469738	420.45
37.478096	419.48
37.497562	418.57
37.513878	417.76
37.55507	417.32
37.567493	416.39
37.598366	416.18
37.60693	415.19
37.60894	414.29
37.62376	413.55
37.653675	413.48
37.70205	412.52
37.859623	411.53
37.863926	411.51
37.897423	411.5
37.974567	411.42
37.985825	410.78
38.03013	410.18
38.045517	410.17
38.08221	409.52
38.09745	409.15
38.113613	409.14
38.181576	408.99
38.181843	408.26
38.223804	407.26
38.320724	407.03
38.322746	406.26
38.35309	406.25
38.386444	406.24
38.398567	406.21
38.40801	406.18
38.421207	406.15
38.43335	405.45
38.446056	405.43
38.44795	404.44
38.54136	404.38
38.569054	403.87
38.591133	402.87
38.596085	402.35
38.65136	401.39
38.657444	401.12
38.66126	400.42
38.681694	400.41
38.741497	400.39
38.75669	399.39
38.781868	398.9
38.812145	397.93
38.817574	397.92
38.818504	397.69
38.819042	397.43
38.840862	396.47
38.8502	395.85
38.866158	395.73
38.884174	395.72
38.919605	395.02
38.9367	394.64
38.96152	394.63
39.010323	394.48
39.02752	394.36
39.02942	394.17
39.036255	394.16
39.09046	393.2
39.097946	393.19
39.111103	392.82
39.132927	391.92
39.155754	391.57
39.161243	391.41
39.192047	391.3
39.25448	391.29
39.262844	390.35
39.265217	389.4
39.27624	388.4
39.288754	387.81
39.336643	387.8
39.38986	387.74
39.392944	387.71
39.394535	386.76
39.407585	385.77
39.447475	385.75
39.4868	384.75
39.495365	384.58
39.57151	384.57
39.59778	383.59
39.611706	383.4
39.6339	383.31
39.682343	382.37
39.69885	381.41
39.716793	381.4
39.747543	380.42
39.800407	379.45
39.84166	379.19
39.892246	378.75
39.93694	378.73
39.970814	378.46
40.00596	378.31
40.013206	377.33
40.06004	377.27
40.062157	377.24
40.062447	376.27
40.079178	376.25
40.123844	375.27
40.142258	374.97
40.166676	374.01
40.18122	374.0
40.199333	373.0
40.227684	372.99
40.24439	372.02
40.32669	371.94
40.362774	371.15
40.414635	370.15
40.458275	370.06
40.46091	370.05
40.525654	369.37
40.544544	368.49
40.545208	368.25
40.558926	367.61
40.653706	366.62
40.670673	366.43
40.73865	366.11
40.79105	366.08
40.82842	366.07
40.852654	366.05
40.916344	366.04
40.932358	365.94
40.995346	365.93
41.00294	365.0
41.020584	364.99
41.0667	364.0
41.0837	363.16
41.095875	363.05
41.12869	362.06
41.17492	361.09
41.21403	361.07
41.268288	360.07
41.28213	359.94
41.30321	359.92
41.34218	359.91
41.342278	359.3
41.36353	358.31
41.421013	357.79
41.42398	356.84
41.464012	356.81
41.480553	356.15
41.488552	356.14
41.508545	356.13
41.52914	355.63
41.53307	354.63
41.53608	354.46
41.543056	354.12
41.57646	354.07
41.596622	353.13
41.696884	353.07
41.69832	353.06
41.8005	352.66
41.862595	352.5
41.877964	352.48
41.931133	351.77
41.939228	350.79
41.96961	349.79
42.00956	349.76
42.034096	349.74
42.066463	349.62
42.067753	348.66
42.170135	348.63
42.18257	348.61
42.230457	347.93
42.314747	346.94
42.348766	346.92
42.405544	346.9
42.46029	346.89
42.491444	346.68
42.51154	346.67
42.56621	346.02
42.745865	345.03
42.758175	344.07
42.76466	344.06
42.80561	344.05
42.809982	343.75
42.813156	343.74
42.827328	342.74
42.832214	341.96
42.84069	341.58
42.845974	341.54
42.851223	340.54
42.883938	340.07
42.893112	339.26
42.924347	338.26
42.9584	337.28
43.03457	336.34
43.059105	336.32
43.0692	335.32
43.08945	334.99
43.10553	334.98
43.11065	334.5
43.14051	333.98
43.167225	333.65
43.174496	333.23
43.23789	332.93
43.27258	331.96
43.309494	331.48
43.356804	331.47
43.393238	331.29
43.4068	330.33
43.454487	329.33
43.49449	329.19
43.497787	328.61
43.515945	328.57
43.533005	328.41
43.534687	327.45
43.596893	327.43
43.599903	327.03
43.732304	326.32
43.77434	325.33
43.810417	325.32
43.81976	325.01
43.82322	324.01
43.90607	323.99
43.941586	323.97
43.96355	323.0
44.012863	322.38
44.03939	321.44
44.090874	320.69
44.113945	319.69
44.155945	319.67
44.18095	319.04
44.199142	319.01
44.23632	318.98
44.25574	318.28
44.283276	317.28
44.379467	317.27
44.379528	316.88
44.383923	316.59
44.42267	316.58
44.65308	315.59
44.66022	314.59
44.686974	313.64
44.69027	313.63
44.782375	312.63
44.8156	311.64
44.86053	311.55
44.886127	311.54
44.889565	310.69
44.895596	310.65
44.901276	309.98
44.91355	309.95
44.935368	309.94
44.935932	309.8
45.109756	308.81
45.216507	308.8
45.23351	308.77
45.244987	308.56
45.268368	307.58
45.330727	307.57
45.342182	307.56
45.347046	307.5
45.371483	307.21
45.39757	306.24
45.39766	305.24
45.411816	305.23
45.45615	305.09
45.528328	304.78
45.614334	304.72
45.677914	304.66
45.68679	304.65
45.687683	303.65
45.71846	302.69
45.747562	302.65
45.753254	301.65
45.787594	301.58
45.873577	300.58
45.882248	299.58
45.882805	298.59
45.904762	298.09
46.023	297.78
46.067253	297.77
46.128326	297.76
46.163765	297.61
46.16561	297.23
46.191265	297.22
46.197166	297.19
46.230152	297.09
46.292725	296.13
46.29983	295.94
46.32096	295.27
46.325523	294.34
46.349564	294.32
46.376797	294.19
46.38168	294.18
46.440018	293.46
46.508488	293.44
46.593575	292.48
46.62039	292.47
46.652695	292.43
46.676987	292.42
46.710827	292.38
46.758415	291.39
46.79287	290.89
46.793514	289.89
46.793633	289.21
46.79516	288.9
46.83918	288.89
46.862606	288.88
46.868374	287.91
46.916832	287.89
46.91746	287.4
46.995316	287.39
46.99833	287.11
47.021385	286.48
47.066956	286.35
47.08269	285.96
47.110558	284.96
47.151714	283.96
47.22989	283.0
47.240833	282.36
47.255943	282.27
47.255974	281.28
47.262527	281.26
47.394352	280.63
47.459827	280.15
47.47189	279.92
47.51889	278.97
47.648193	277.98
47.648838	277.97
47.655872	277.26
47.6634	277.2
47.68087	277.07
47.77145	277.01
47.86934	276.02
47.978344	275.03
48.03165	274.95
48.03716	274.35
48.037262	274.32
48.067944	273.33
48.086235	273.26
48.174088	273.24
48.187412	273.18
48.20767	272.28
48.224552	271.29
48.233353	270.3
48.370796	269.79
48.37389	269.78
48.440296	268.81
48.450592	268.4
48.50877	267.45
48.545956	267.38
48.560997	267.16
48.643337	266.79
48.66541	266.7
48.697166	266.0
48.7971	265.48
48.875515	265.33
48.951332	264.78
49.038418	264.13
49.12326	263.16
49.12777	262.24
49.21482	262.23
49.216064	261.74
49.220825	261.71
49.287586	260.72
49.29125	260.16
49.2973	260.12
49.463627	260.1
49.475113	260.09
49.515194	260.08
49.515972	260.07
49.520264	259.71
49.540154	259.7
49.636112	258.72
49.660824	258.07
49.68129	257.73
49.685055	257.5
49.710854	257.31
49.81401	257.28
49.816063	257.27
49.824825	256.29
49.879208	255.3
49.88308	254.85
49.946384	254.81
50.02459	254.79
50.03545	254.77
50.063797	254.76
50.07029	254.36
50.11278	254.27
50.143616	254.26
50.172504	253.34
50.246555	253.3
50.25107	252.32
50.271618	252.3
50.276806	251.64
50.29908	250.64
50.309956	249.65
50.3211	249.62
50.337555	248.63
50.361374	248.25
50.368206	247.25
50.39033	246.46
50.40823	245.65
50.414394	244.66
50.448277	244.21
50.497513	243.33
50.537	243.23
50.58834	242.35
50.610332	242.29
50.64771	242.28
50.743862	242.26
50.774887	242.25
50.85331	242.23
50.905136	241.23
50.927715	241.22
50.961742	240.28
50.98187	240.21
50.984966	239.23
50.998886	239.12
51.00586	238.12
51.032017	238.11
51.033554	238.09
51.183834	237.11
51.240025	236.89
51.308258	236.88
51.333187	236.48
51.352783	236.43
51.38528	236.4
51.398026	235.4
51.42652	235.39
51.46653	235.37
51.468277	235.27
51.496864	235.25
51.50727	234.88
51.528316	234.86
51.560825	234.84
51.57504	233.84
51.59184	233.55
51.631607	233.52
51.735775	233.51
51.75243	233.49
51.771862	233.48
51.799515	232.66
51.80284	232.63
51.804512	231.75
51.834587	231.1
51.839375	230.1
51.850266	229.75
51.891933	228.78
51.89747	227.96
51.96346	227.41
51.971798	227.32
52.051365	227.31
52.180443	227.29
52.19311	226.96
52.319954	225.99
52.349117	225.01
52.356777	224.02
52.493683	224.0
52.50254	223.19
52.528614	223.12
52.550518	223.09
52.591286	222.09
52.620766	222.08
52.895138	221.92
52.994144	221.33
53.01183	221.3
53.044254	220.82
53.2288	220.77
53.322563	220.24
53.36151	220.23
53.370834	219.29
53.415543	219.01
53.441338	218.05
53.454906	218.02
53.48886	218.01
53.5005	217.03
53.580185	216.95
53.625748	216.34
53.661404	215.56
53.670216	214.8
53.683563	214.77
53.68602	214.45
53.69144	213.45
53.716404	213.43
53.760033	213.12
53.794563	212.46
53.80416	212.37
53.808163	211.98
53.831966	211.01
53.83813	210.89
53.861225	210.84
53.88962	210.82
53.913	210.59
54.026737	210.57
54.08195	210.16
54.116264	210.13
54.14607	209.87
54.15255	209.85
54.248516	209.51
54.270103	209.5
54.28473	209.0
54.306496	208.6
54.359734	208.58
54.36319	208.57
54.378895	207.62
54.407604	207.45
54.490746	207.29
54.55302	207.03
54.56417	206.95
54.56757	206.63
54.56796	205.68
54.816143	205.32
54.829144	205.14
54.84492	204.86
54.87678	204.52
54.900085	203.53
54.940224	203.52
55.00373	203.38
55.02303	203.34
55.05381	203.33
55.0676	202.33
55.108234	202.05
55.15963	201.25
55.20462	200.25
55.373493	199.25
55.409664	198.26
55.416885	197.27
55.460846	197.26
55.48568	196.33
55.550995	196.32
55.580475	195.48
55.649754	194.51
55.665524	193.79
55.68292	192.8
55.748547	192.79
55.76634	192.67
55.80988	191.68
55.82928	191.67
55.834114	191.62
55.841084	190.67
55.864952	190.66
55.910667	189.66
55.960793	188.68
56.001564	188.56
56.132267	188.55
56.14994	188.54
56.232903	188.28
56.301323	187.69
56.322495	187.36
56.330097	187.35
56.462505	187.34
56.482098	187.33
56.59386	186.95
56.61121	186.93
56.66939	186.76
56.688408	186.75
56.707413	186.14
56.76436	186.03
56.898663	185.86
56.907475	185.84
56.919296	185.54
56.947453	184.58
56.951775	184.31
56.974827	184.29
56.98801	184.26
57.003292	183.27
57.06414	182.33
57.11994	182.24
57.150616	181.75
57.163994	181.37
57.189987	181.36
57.197197	180.9
57.20824	180.87
57.243896	180.86
57.278996	179.89
57.280476	179.86
57.312477	178.87
57.369423	178.49
57.376526	178.48
57.3923	178.47
57.44745	178.46
57.478657	177.61
57.58056	176.62
57.6574	175.69
57.69063	175.64
57.92386	174.66
57.959213	174.65
57.967033	174.11
57.96993	173.15
58.11542	173.13
58.2052	173.11
58.209747	172.6
58.216343	172.58
58.34576	172.51
58.3934	172.48
58.407207	172.46
58.42959	171.55
58.430397	170.55
58.51185	170.25
58.753365	169.27
58.896282	169.23
58.919174	168.23
59.06729	167.44
59.084522	167.41
59.321003	166.43
59.38765	166.15
59.45808	166.12
59.481857	165.74
59.518745	165.12
59.5216	165.09
59.53378	164.14
59.60435	163.25
59.60864	163.23
59.613483	163.22
59.661106	163.21
59.66947	163.17
59.66993	163.15
59.6955	162.16
59.722416	162.13
59.780437	162.11
59.78769	161.11
59.810394	160.14
59.85692	160.13
59.92112	159.18
60.192326	158.19
60.23737	158.08
60.24127	158.06
60.24769	158.03
60.30171	157.35
60.346527	156.35
60.378372	156.3
60.431488	155.31
60.441723	154.36
60.497616	153.36
60.648724	152.39
60.768276	152.34
60.775856	152.19
61.00989	151.81
61.05026	151.69
61.08769	151.4
61.192944	151.08
61.264908	150.11
61.27501	149.68
61.28337	149.51
61.29946	149.5
61.42837	149.25
61.477203	149.24
61.59462	148.64
61.61237	147.64
61.627552	146.64
61.628315	145.64
61.65184	145.37
61.71552	144.69
61.887203	144.63
61.97197	144.1
62.049175	144.09
62.121197	143.92
62.131023	142.92
62.160114	142.91
62.18849	142.73
62.223278	141.74
62.24073	141.52
62.296825	141.51
62.351093	140.67
62.44989	140.42
62.526215	140.41
62.53081	139.47
62.54423	139.07
62.567066	139.02
62.57179	139.0
62.583744	138.21
62.825424	138.2
62.83699	138.19
62.840317	138.17
62.863106	138.16
62.882553	137.67
62.91252	137.66
62.94913	137.64
62.983868	136.65
62.988625	136.62
63.009518	135.85
63.02599	135.79
63.05229	135.77
63.09007	135.75
63.13062	134.94
63.143192	133.94
63.252613	132.95
63.267014	132.94
63.350075	132.93
63.35147	132.9
63.46536	131.9
63.483875	131.64
63.612812	130.65
63.729855	130.18
63.750744	130.17
63.751816	130.16
63.789806	129.19
63.94735	128.19
64.06242	127.21
64.087776	126.95
64.09585	126.94
64.170364	126.9
64.21161	126.87
64.212364	126.85
64.22894	125.85
64.40489	125.07
64.4587	124.84
64.4713	124.02
64.48116	123.2
64.49757	122.21
64.5839	121.25
64.63483	120.3
64.75533	120.24
64.78444	120.11
64.78525	119.71
64.8058	119.7
64.8366	119.67
64.904366	119.59
64.936905	119.36
64.9453	119.33
64.9473	119.04
65.17224	119.03
65.19688	119.0
65.221924	118.99
65.308266	118.61
65.35378	118.52
65.39766	118.51
65.40649	118.5
65.408806	118.49
65.430664	118.48
65.43395	118.47
65.456474	118.46
65.55219	118.45
65.69531	118.34
65.697945	118.33
65.82487	118.32
65.83756	118.31
65.887215	118.27
66.036835	117.97
66.07416	116.99
66.12943	116.3
66.320045	116.29
66.44423	115.92
66.47295	115.55
66.77886	115.54
66.80647	115.53
66.950035	114.53
66.98558	113.66
66.998184	112.66
67.01085	111.67
67.113655	111.31
67.357056	110.82
67.422104	110.1
67.433266	110.09
67.448296	110.08
67.53435	110.04
67.66062	109.91
67.68549	109.9
67.76841	109.16
67.9279	109.15
67.962395	108.38
67.99422	107.38
68.05465	107.13
68.12943	106.2
68.16522	106.19
68.2853	106.16
68.28645	106.14
68.53605	105.18
68.57719	105.15
68.784836	105.04
68.857346	104.79
68.87911	104.76
68.89818	103.76
68.96922	103.58
68.97565	103.15
69.18947	102.97
69.29976	102.96
69.77105	102.93
69.85744	102.9
70.043	102.82
70.12268	102.18
70.215	102.17
70.42942	102.15
70.45961	102.13
70.55597	101.46
70.576614	101.34
70.58784	100.44
70.62987	100.43
70.89573	99.93
71.02581	99.92
71.05727	99.85
71.25789	99.84
71.36635	99.83
71.37061	98.84
71.41628	98.81
71.52308	98.76
71.6176	97.76
71.730034	97.6
71.837875	97.25
71.8965	96.8
71.97575	96.79
71.9866	95.8
72.05052	95.61
72.16752	95.6
72.19201	94.89
72.23312	93.93
72.28471	93.87
72.34542	92.97
72.547775	92.51
72.55047	92.5
72.672134	92.02
72.862404	91.02
73.07187	90.99
73.09962	90.02
73.2903	89.04
73.330635	88.76
73.353165	88.71
73.376915	88.02
73.43787	87.71
73.44646	87.67
73.47843	87.59
73.51791	87.51
73.59981	87.5
73.60986	87.48
73.613716	87.47
73.63635	86.98
73.653755	86.97
73.657074	86.2
73.68422	86.18
73.75113	86.16
73.76394	86.15
73.82455	86.13
73.90699	85.18
73.967674	85.17
73.9972	85.15
73.99763	85.07
74.14611	84.16
74.2027	84.1
74.35627	84.09
74.365906	83.11
74.39682	82.43
74.49117	82.36
74.54215	82.35
74.59129	82.32
74.87509	82.03
75.10375	82.01
75.10844	82.0
75.14355	81.99
75.248276	81.66
75.39732	81.65
75.50449	80.67
75.51107	79.69
75.54086	79.02
75.61783	78.83
75.66471	78.81
75.66908	78.8
75.6845	78.79
75.82264	78.64
75.912415	78.36
75.976585	77.44
76.0404	77.43
76.05944	77.42
76.103386	76.59
76.416504	75.6
76.56861	74.71
76.576744	74.21
76.80543	74.12
76.830055	73.55
77.146095	72.55
77.15288	72.5
77.15618	71.92
77.27883	71.85
77.37545	70.85
77.5062	70.7
77.52145	70.69
77.5576	69.72
77.95919	69.71
77.96317	69.7
77.98754	69.64
78.13258	69.63
78.188194	69.54
78.245804	69.52
78.35773	69.5
78.4114	68.72
78.49173	68.71
78.60357	67.71
78.63118	67.38
78.6349	67.07
78.63873	66.87
78.7793	66.85
78.86907	66.84
78.889145	65.86
78.97695	65.47
79.14317	64.54
79.17912	64.53
79.698494	64.51
79.73508	64.5
79.81736	64.2
79.83962	63.98
79.99395	63.97
80.04137	63.21
80.04324	63.2
80.04458	62.82
80.04971	62.71
80.15847	62.7
80.264084	62.5
80.36448	62.45
80.43859	61.99
80.518936	61.68
80.59339	61.67
80.62592	61.65
80.78316	60.65
80.88416	59.65
80.904015	58.65
81.07139	58.64
81.13577	57.68
81.321655	57.41
81.32888	57.34
81.3645	56.97
81.51248	56.96
81.54004	56.93
81.6459	56.85
81.67144	56.83
81.96944	56.79
82.00275	56.77
82.01126	56.76
82.122795	55.99
82.208496	55.68
82.241936	55.67
82.36159	55.65
82.38554	55.63
82.40373	55.62
82.42035	55.6
82.59749	55.41
82.62257	55.39
82.677666	55.38
82.67773	55.37
82.806725	54.87
82.83456	54.85
82.88812	54.84
83.010765	54.8
83.199394	54.73
83.22724	53.77
83.32219	53.38
83.51861	53.37
83.59288	53.36
83.69212	53.35
83.72293	53.32
83.778114	53.24
83.80651	52.96
83.85026	52.85
83.98895	52.84
84.55612	52.56
84.56417	52.52
84.88322	52.51
84.892654	52.48
84.9391	52.27
85.164024	52.25
85.16568	52.23
85.22094	51.74
85.30842	51.73
85.347855	51.58
85.42915	50.65
85.46663	49.74
85.54367	48.76
85.644356	48.52
85.66515	48.51
85.95993	48.17
86.003876	47.29
86.23995	46.68
86.39103	46.59
86.448204	46.58
86.50727	46.53
86.682434	46.52
86.957985	46.49
87.00717	46.42
87.01539	46.14
87.22245	45.9
87.32666	45.78
87.39007	45.77
87.4	45.75
87.53404	44.78
87.695274	44.75
87.72768	44.39
87.84027	44.38
87.98508	43.39
88.00338	43.38
88.01592	42.75
88.227646	42.74
88.262115	41.78
88.296616	41.77
88.40831	41.73
88.4125	41.72
88.44635	41.56
88.45492	41.55
88.458664	41.48
88.64644	41.47
88.702324	41.37
88.78348	41.22
88.9085	41.21
89.029076	41.2
89.23522	41.16
89.28788	40.53
89.41664	40.33
89.46838	40.12
89.59333	39.13
90.133575	39.12
90.14166	39.11
90.54202	39.01
90.64815	38.05
90.79176	38.03
90.90781	38.02
90.99566	38.01
91.811935	38.0
91.93888	37.96
91.94647	37.6
92.08451	37.59
92.17895	36.62
92.187965	36.59
92.271164	35.96
92.37	35.92
92.5985	35.52
92.81411	34.53
92.95459	34.52
92.9806	34.51
93.304115	33.55
93.47359	33.13
93.494705	33.12
93.53212	33.11
93.56885	33.02
93.73326	33.01
93.919075	32.79
93.99708	31.82
94.6215	31.8
94.91124	31.62
95.081055	31.3
95.08815	31.24
95.16995	31.22
95.20464	31.13
95.252785	30.99
95.286514	30.43
95.34668	30.4
95.383644	30.39
95.55355	30.38
95.622475	30.29
95.63735	30.26
95.85608	30.25
95.93518	30.24
96.058075	29.94
96.20052	29.42
96.23105	28.42
96.27854	28.39
96.35977	28.37
96.5647	28.35
96.88186	27.36
97.068985	26.87
97.52795	26.86
97.61095	26.77
97.659966	26.37
98.11738	25.39
98.437675	25.37
98.7168	24.37
99.01658	23.41
99.11755	23.4
99.15026	23.32
99.24301	23.3
99.29428	22.79
99.66866	22.78
99.770935	22.77
99.98685	21.8
100.0054	21.77
100.1637	20.97
100.22365	20.9
100.325554	20.7
100.43045	19.99
100.708595	19.98
100.827705	19.68
100.87112	18.69
100.95953	18.11
101.49169	17.38
101.54017	17.24
101.900795	16.26
102.02186	16.24
102.605064	16.14
102.64525	16.12
102.870636	16.1
102.9785	16.09
103.10012	15.18
103.414795	14.32
103.46183	14.24
103.77245	14.22
104.3683	14.19
104.48371	13.51
104.587326	12.64
104.65589	12.52
104.88601	12.2
104.9246	12.19
106.51913	12.11
106.61821	11.34
107.2027	11.33
107.28549	11.32
107.54058	11.16
108.11481	11.14
108.399925	11.13
108.43711	10.85
108.62644	10.82
109.143425	10.09
109.84434	9.55
109.913925	9.54
110.19764	9.53
110.35296	9.52
110.39011	9.41
110.43045	9.4
110.61485	9.38
110.83879	9.18
110.95696	9.16
111.39581	8.88
111.98034	8.78
112.13453	8.34
112.2497	8.33
112.860954	8.32
113.18527	8.31
113.24734	8.3
114.272	8.1
114.32798	8.09
114.68462	8.08
114.69999	7.32
114.8651	6.32
115.098656	6.3
115.11533	6.29
116.050285	6.28
116.47139	6.26
116.63132	6.02
116.706825	5.97
116.858925	5.95
117.10769	5.94
117.12008	5.26
117.96584	5.24
118.71921	4.82
119.53576	4.8
119.62709	4.79
120.774155	4.66
120.88677	4.59
121.71709	4.48
121.754906	3.93
121.8418	3.86
122.550934	3.64
122.93384	3.62
123.38846	3.51
123.76725	3.48
125.15742	3.42
126.34461	3.39
126.53333	3.02
126.54651	3.0
126.820786	2.69
128.75096	1.79
129.68063	1.78
129.92218	1.65
131.02882	1.62
131.1872	1.26
132.35463	1.14
132.42163	1.13
133.9667	1.12
134.16245	1.11
134.37137	1.08
135.57297	1.07
137.19386	0.98
137.71617	0.42
137.94444	0.33
138.82495	0.3
140.76152	0.29
142.35115	0.26
144.31964	0.21
145.88786	0.2
146.62009	0.19
150.61945	0.18
150.8024	0.16
153.20229	0.14
157.65314	0.13
160.54037	0.1
167.74362	0.09
176.43904	0.06
180.62543	0.01


