
X-Axis: Normalized Interevent Time
Y-Axis: Probability
Number of Data Sets: 3


DATASET #1

     Name: Bruce 4665 Histogram
   Points: 41
     Info: 

Data[x,y]:
0.05	  0.0060916524
0.15	  0.007621747
0.25	  0.013893411
0.35	  0.02042743
0.45	  0.032599244
0.55	  0.03755338
0.65	  0.051929373
0.75	  0.08271893
0.85	  0.1414466
0.95	  0.20679063
1.05	  0.1766024
1.15	  0.082234435
1.25	  0.036425438
1.35	  0.021995826
1.45	  0.013008675
1.55	  0.010185948
1.65	  0.008274766
1.75	  0.0069783027
1.85	  0.005825466
1.95	  0.004576878
2.05	  0.0037821482
2.15	  0.0029989085
2.25	  0.0027920872
2.35	  0.0026273963
2.45	  0.0025067504
2.55	  0.0020739578
2.65	  0.0017043605
2.75	  0.0015396695
2.85	  0.0012275225
2.95	  0.0010704916
3.05	  0.0010532564
3.15	  7.851548E-4
3.25	  7.2578946E-4
3.35	  6.7216915E-4
3.45	  5.687585E-4
3.55	  6.8940426E-4
3.65	  5.496084E-4
3.75	  4.8449798E-4
3.85	  4.232176E-4
3.95	  4.059825E-4
4.05	  0.0041383402



DATASET #2

     Name: Log-Normal Fit
   Points: 401
     Info: 

Data[x,y]:
0.005	  0.0
0.015	  3.9649032E-13
0.025	  1.0692881E-10
0.035	  3.8841352E-9
0.045	  4.9798974E-8
0.055	  3.41022E-7
0.065	  1.5473164E-6
0.075	  5.2698115E-6
0.085	  1.4560818E-5
0.095	  3.4354674E-5
0.105	  7.169738E-5
0.115	  1.3572615E-4
0.125	  2.374102E-4
0.135	  3.8910494E-4
0.145	  6.039891E-4
0.155	  8.9545577E-4
0.165	  0.0012765166
0.175	  0.0017592652
0.185	  0.0023544284
0.195	  0.0030710185
0.205	  0.0039160945
0.215	  0.0048946207
0.225	  0.006009421
0.235	  0.007261207
0.245	  0.00864867
0.255	  0.010168628
0.265	  0.011816193
0.275	  0.013584984
0.285	  0.015467324
0.295	  0.017454471
0.305	  0.019536827
0.315	  0.021704132
0.325	  0.023945676
0.335	  0.026250463
0.345	  0.028607376
0.355	  0.03100532
0.365	  0.03343335
0.375	  0.035880778
0.385	  0.03833726
0.395	  0.04079288
0.405	  0.043238197
0.415	  0.045664303
0.425	  0.04806286
0.435	  0.05042612
0.445	  0.052746926
0.455	  0.05501874
0.465	  0.057235632
0.475	  0.059392262
0.485	  0.06148389
0.495	  0.063506335
0.505	  0.06545598
0.515	  0.06732971
0.525	  0.06912495
0.535	  0.07083957
0.545	  0.07247189
0.555	  0.07402066
0.565	  0.07548502
0.575	  0.07686447
0.585	  0.07815886
0.595	  0.079368316
0.605	  0.08049328
0.615	  0.08153443
0.625	  0.082492694
0.635	  0.08336918
0.645	  0.08416522
0.655	  0.08488228
0.665	  0.085521996
0.675	  0.0860861
0.685	  0.08657648
0.695	  0.086995065
0.705	  0.0873439
0.715	  0.08762508
0.725	  0.08784074
0.735	  0.08799309
0.745	  0.088084325
0.755	  0.088116676
0.765	  0.088092394
0.775	  0.08801371
0.785	  0.08788287
0.795	  0.08770208
0.805	  0.08747355
0.815	  0.08719945
0.825	  0.08688193
0.835	  0.08652309
0.845	  0.08612502
0.855	  0.085689746
0.865	  0.08521925
0.875	  0.08471548
0.885	  0.084180325
0.895	  0.08361563
0.905	  0.0830232
0.915	  0.08240476
0.925	  0.08176201
0.935	  0.08109659
0.945	  0.08041007
0.955	  0.07970399
0.965	  0.07897982
0.975	  0.078238994
0.985	  0.07748287
0.995	  0.07671278
1.005	  0.075929984
1.015	  0.07513571
1.025	  0.07433111
1.035	  0.07351733
1.045	  0.07269542
1.055	  0.07186641
1.065	  0.07103129
1.075	  0.07019098
1.085	  0.06934639
1.095	  0.068498366
1.105	  0.06764772
1.115	  0.066795215
1.125	  0.06594159
1.135	  0.065087534
1.145	  0.06423371
1.155	  0.06338075
1.165	  0.06252922
1.175	  0.061679706
1.185	  0.06083272
1.195	  0.05998876
1.205	  0.059148293
1.215	  0.05831176
1.225	  0.05747957
1.235	  0.056652114
1.245	  0.055829752
1.255	  0.05501282
1.265	  0.054201633
1.275	  0.053396486
1.285	  0.05259765
1.295	  0.051805377
1.305	  0.0510199
1.315	  0.05024143
1.325	  0.049470168
1.335	  0.048706293
1.345	  0.047949966
1.355	  0.047201343
1.365	  0.04646055
1.375	  0.04572771
1.385	  0.045002937
1.395	  0.044286314
1.405	  0.043577936
1.415	  0.042877864
1.425	  0.042186163
1.435	  0.04150289
1.445	  0.040828075
1.455	  0.040161755
1.465	  0.039503958
1.475	  0.038854692
1.485	  0.038213965
1.495	  0.037581783
1.505	  0.036958136
1.515	  0.03634301
1.525	  0.035736386
1.535	  0.035138242
1.545	  0.034548543
1.555	  0.03396726
1.565	  0.033394348
1.575	  0.032829765
1.585	  0.03227346
1.595	  0.031725388
1.605	  0.031185484
1.615	  0.030653695
1.625	  0.030129956
1.635	  0.029614205
1.645	  0.029106371
1.655	  0.028606387
1.665	  0.02811418
1.675	  0.027629675
1.685	  0.027152797
1.695	  0.026683468
1.705	  0.02622161
1.715	  0.025767142
1.725	  0.025319982
1.735	  0.024880048
1.745	  0.024447255
1.755	  0.02402152
1.765	  0.023602758
1.775	  0.023190882
1.785	  0.022785805
1.795	  0.022387445
1.805	  0.021995712
1.815	  0.021610519
1.825	  0.02123178
1.835	  0.020859407
1.845	  0.020493314
1.855	  0.020133413
1.865	  0.019779619
1.875	  0.019431844
1.885	  0.019090004
1.895	  0.01875401
1.905	  0.018423779
1.915	  0.018099224
1.925	  0.017780263
1.935	  0.017466811
1.945	  0.017158784
1.955	  0.0168561
1.965	  0.016558679
1.975	  0.016266435
1.985	  0.015979292
1.995	  0.015697166
2.005	  0.015419981
2.015	  0.015147658
2.025	  0.014880117
2.035	  0.014617284
2.045	  0.014359081
2.055	  0.014105434
2.065	  0.013856268
2.075	  0.0136115085
2.085	  0.013371085
2.095	  0.013134924
2.105	  0.012902956
2.115	  0.01267511
2.125	  0.012451317
2.135	  0.01223151
2.145	  0.012015619
2.155	  0.01180358
2.165	  0.011595327
2.175	  0.011390795
2.185	  0.011189921
2.195	  0.010992641
2.205	  0.010798893
2.215	  0.010608616
2.225	  0.010421751
2.235	  0.010238239
2.245	  0.010058019
2.255	  0.009881036
2.265	  0.009707232
2.275	  0.009536552
2.285	  0.009368941
2.295	  0.009204345
2.305	  0.009042709
2.315	  0.008883983
2.325	  0.008728114
2.335	  0.008575052
2.345	  0.008424747
2.355	  0.008277149
2.365	  0.00813221
2.375	  0.007989883
2.385	  0.007850121
2.395	  0.007712878
2.405	  0.0075781085
2.415	  0.0074457685
2.425	  0.0073158136
2.435	  0.0071882014
2.445	  0.007062889
2.455	  0.006939836
2.465	  0.006819
2.475	  0.006700342
2.485	  0.006583822
2.495	  0.006469401
2.505	  0.0063570417
2.515	  0.006246706
2.525	  0.0061383573
2.535	  0.00603196
2.545	  0.005927477
2.555	  0.0058248746
2.565	  0.0057241186
2.575	  0.005625175
2.585	  0.00552801
2.595	  0.0054325922
2.605	  0.0053388895
2.615	  0.0052468698
2.625	  0.005156503
2.635	  0.0050677587
2.645	  0.004980607
2.655	  0.004895019
2.665	  0.0048109656
2.675	  0.0047284192
2.685	  0.004647352
2.695	  0.0045677363
2.705	  0.0044895466
2.715	  0.004412756
2.725	  0.0043373387
2.735	  0.0042632697
2.745	  0.0041905246
2.755	  0.0041190786
2.765	  0.004048908
2.775	  0.0039799893
2.785	  0.0039123
2.795	  0.0038458172
2.805	  0.0037805184
2.815	  0.0037163824
2.825	  0.0036533878
2.835	  0.0035915133
2.845	  0.0035307386
2.855	  0.0034710434
2.865	  0.003412408
2.875	  0.003354813
2.885	  0.003298239
2.895	  0.0032426675
2.905	  0.0031880802
2.915	  0.003134459
2.925	  0.003081786
2.935	  0.003030044
2.945	  0.0029792162
2.955	  0.0029292852
2.965	  0.0028802352
2.975	  0.0028320497
2.985	  0.002784713
2.995	  0.0027382094
3.005	  0.002692524
3.015	  0.0026476418
3.025	  0.0026035479
3.035	  0.0025602279
3.045	  0.0025176678
3.055	  0.0024758538
3.065	  0.002434772
3.075	  0.0023944094
3.085	  0.0023547525
3.095	  0.0023157888
3.105	  0.0022775054
3.115	  0.00223989
3.125	  0.0022029306
3.135	  0.002166615
3.145	  0.0021309317
3.155	  0.002095869
3.165	  0.002061416
3.175	  0.0020275612
3.185	  0.001994294
3.195	  0.0019616038
3.205	  0.0019294799
3.215	  0.0018979122
3.225	  0.0018668906
3.235	  0.0018364053
3.245	  0.0018064464
3.255	  0.0017770045
3.265	  0.0017480702
3.275	  0.0017196344
3.285	  0.0016916882
3.295	  0.0016642227
3.305	  0.0016372291
3.315	  0.001610699
3.325	  0.0015846242
3.335	  0.0015589963
3.345	  0.0015338073
3.355	  0.0015090493
3.365	  0.0014847148
3.375	  0.0014607959
3.385	  0.0014372853
3.395	  0.0014141757
3.405	  0.0013914598
3.415	  0.0013691308
3.425	  0.0013471815
3.435	  0.0013256052
3.445	  0.0013043954
3.455	  0.0012835453
3.465	  0.0012630486
3.475	  0.0012428991
3.485	  0.0012230906
3.495	  0.0012036168
3.505	  0.0011844721
3.515	  0.0011656504
3.525	  0.0011471461
3.535	  0.0011289534
3.545	  0.001111067
3.555	  0.0010934813
3.565	  0.0010761911
3.575	  0.0010591911
3.585	  0.0010424762
3.595	  0.0010260412
3.605	  0.0010098815
3.615	  9.93992E-4
3.625	  9.78368E-4
3.635	  9.6300483E-4
3.645	  9.4789785E-4
3.655	  9.3304267E-4
3.665	  9.1843476E-4
3.675	  9.040698E-4
3.685	  8.8994356E-4
3.695	  8.760519E-4
3.705	  8.623906E-4
3.715	  8.4895577E-4
3.725	  8.357433E-4
3.735	  8.227494E-4
3.745	  8.0997025E-4
3.755	  7.9740206E-4
3.765	  7.850412E-4
3.775	  7.7288406E-4
3.785	  7.6092704E-4
3.795	  7.4916676E-4
3.805	  7.3759974E-4
3.815	  7.262226E-4
3.825	  7.150321E-4
3.835	  7.04025E-4
3.845	  6.9319806E-4
3.855	  6.8254827E-4
3.865	  6.720725E-4
3.875	  6.617678E-4
3.885	  6.5163116E-4
3.895	  6.4165966E-4
3.905	  6.3185056E-4
3.915	  6.22201E-4
3.925	  6.127082E-4
3.935	  6.033696E-4
3.945	  5.941824E-4
3.955	  5.851441E-4
3.965	  5.762521E-4
3.975	  5.67504E-4
3.985	  5.5889715E-4
3.995	  5.504293E-4
4.005	  5.4209796E-4



DATASET #3

     Name: BPT Fit
   Points: 401
     Info: Mean = 100.0, Aperiodicity = 0.5, Duration = 30.0, Delta T = 1.0, Num Points = 500, Historic Open Interval = 0.0
Computed mean = 0.9905456

Data[x,y]:
0.0	  0.0
0.01	  0.0
0.02	  3.4334886E-37
0.03	  2.6272723E-24
0.04	  6.3393898E-18
0.05	  3.9395858E-14
0.06	  1.2585069E-11
0.07	  7.427557E-10
0.08	  1.5325499E-8
0.09	  1.5740059E-7
0.1	  9.940895E-7
0.11	  4.4149547E-6
0.12	  1.5074189E-5
0.13	  4.2080606E-5
0.14	  1.0034851E-4
0.15	  2.1107843E-4
0.16	  4.0113737E-4
0.17	  7.0145243E-4
0.18	  0.0011447654
0.19	  0.0017631729
0.2	  0.002585829
0.21	  0.003637073
0.22	  0.004935118
0.23	  0.0064913244
0.24	  0.008310015
0.25	  0.010388727
0.26	  0.0127187995
0.27	  0.015286173
0.28	  0.01807232
0.29	  0.021055218
0.3	  0.024210282
0.31	  0.027511269
0.32	  0.03093106
0.33	  0.03444236
0.34	  0.038018286
0.35	  0.04163281
0.36	  0.045261174
0.37	  0.048880138
0.38	  0.052468188
0.39	  0.05600566
0.4	  0.05947481
0.41	  0.06285983
0.42	  0.066146836
0.43	  0.069323786
0.44	  0.07238043
0.45	  0.07530822
0.46	  0.07810018
0.47	  0.08075082
0.48	  0.08325601
0.49	  0.08561284
0.5	  0.08781954
0.51	  0.08987535
0.52	  0.091780394
0.53	  0.09353562
0.54	  0.095142655
0.55	  0.096603766
0.56	  0.097921714
0.57	  0.09909974
0.58	  0.100141436
0.59	  0.10105072
0.6	  0.10183177
0.61	  0.10248895
0.62	  0.1030268
0.63	  0.10344995
0.64	  0.1037631
0.65	  0.10397103
0.66	  0.10407847
0.67	  0.10409019
0.68	  0.104010895
0.69	  0.10384523
0.7	  0.10359778
0.71	  0.10327304
0.72	  0.1028754
0.73	  0.10240914
0.74	  0.101878434
0.75	  0.101287335
0.76	  0.100639746
0.77	  0.09993947
0.78	  0.09919016
0.79	  0.098395325
0.8	  0.09755836
0.81	  0.09668251
0.82	  0.09577089
0.83	  0.09482649
0.84	  0.093852155
0.85	  0.0928506
0.86	  0.09182444
0.87	  0.090776145
0.88	  0.08970806
0.89	  0.08862242
0.9	  0.08752136
0.91	  0.08640688
0.92	  0.085280895
0.93	  0.08414521
0.94	  0.083001524
0.95	  0.08185145
0.96	  0.0806965
0.97	  0.079538114
0.98	  0.07837763
0.99	  0.077216305
1.0	  0.076055326
1.01	  0.074895814
1.02	  0.073738806
1.03	  0.07258526
1.04	  0.0714361
1.05	  0.07029216
1.06	  0.06915423
1.07	  0.06802304
1.08	  0.06689926
1.09	  0.06578353
1.1	  0.06467641
1.11	  0.063578434
1.12	  0.062490102
1.13	  0.06141185
1.14	  0.06034409
1.15	  0.059287183
1.16	  0.058241475
1.17	  0.057207268
1.18	  0.056184825
1.19	  0.05517439
1.2	  0.05417618
1.21	  0.053190384
1.22	  0.052217156
1.23	  0.051256638
1.24	  0.05030895
1.25	  0.049374186
1.26	  0.048452422
1.27	  0.04754372
1.28	  0.04664812
1.29	  0.045765646
1.3	  0.044896312
1.31	  0.04404011
1.32	  0.04319703
1.33	  0.042367037
1.34	  0.041550096
1.35	  0.040746156
1.36	  0.039955154
1.37	  0.039177027
1.38	  0.03841169
1.39	  0.037659064
1.4	  0.03691905
1.41	  0.036191553
1.42	  0.03547647
1.43	  0.034773685
1.44	  0.034083087
1.45	  0.033404555
1.46	  0.03273796
1.47	  0.03208318
1.48	  0.03144008
1.49	  0.030808523
1.5	  0.030188376
1.51	  0.029579498
1.52	  0.028981749
1.53	  0.028394982
1.54	  0.027819054
1.55	  0.027253818
1.56	  0.026699128
1.57	  0.026154835
1.58	  0.025620788
1.59	  0.025096843
1.6	  0.024582848
1.61	  0.024078654
1.62	  0.02358411
1.63	  0.02309907
1.64	  0.022623383
1.65	  0.022156902
1.66	  0.021699479
1.67	  0.021250967
1.68	  0.02081122
1.69	  0.020380095
1.7	  0.019957446
1.71	  0.019543128
1.72	  0.019137004
1.73	  0.018738931
1.74	  0.018348768
1.75	  0.01796638
1.76	  0.01759163
1.77	  0.017224383
1.78	  0.016864503
1.79	  0.01651186
1.8	  0.016166322
1.81	  0.015827762
1.82	  0.015496052
1.83	  0.015171066
1.84	  0.01485268
1.85	  0.014540771
1.86	  0.014235219
1.87	  0.013935905
1.88	  0.013642711
1.89	  0.0133555215
1.9	  0.013074223
1.91	  0.012798702
1.92	  0.01252885
1.93	  0.012264555
1.94	  0.012005713
1.95	  0.011752217
1.96	  0.011503963
1.97	  0.011260849
1.98	  0.011022775
1.99	  0.010789642
2.0	  0.010561353
2.01	  0.010337811
2.02	  0.010118924
2.03	  0.009904599
2.04	  0.009694744
2.05	  0.009489272
2.06	  0.009288094
2.07	  0.009091125
2.08	  0.00889828
2.09	  0.0087094745
2.1	  0.008524629
2.11	  0.008343663
2.12	  0.0081664985
2.13	  0.007993056
2.14	  0.007823263
2.15	  0.007657043
2.16	  0.007494324
2.17	  0.007335034
2.18	  0.007179103
2.19	  0.007026462
2.2	  0.0068770438
2.21	  0.0067307814
2.22	  0.00658761
2.23	  0.0064474666
2.24	  0.006310288
2.25	  0.0061760126
2.26	  0.0060445806
2.27	  0.0059159333
2.28	  0.005790013
2.29	  0.005666762
2.3	  0.0055461256
2.31	  0.005428049
2.32	  0.005312479
2.33	  0.005199363
2.34	  0.00508865
2.35	  0.00498029
2.36	  0.0048742327
2.37	  0.0047704307
2.38	  0.0046688365
2.39	  0.004569404
2.4	  0.004472087
2.41	  0.0043768417
2.42	  0.0042836242
2.43	  0.004192392
2.44	  0.004103103
2.45	  0.0040157167
2.46	  0.003930192
2.47	  0.0038464908
2.48	  0.0037645735
2.49	  0.003684403
2.5	  0.0036059422
2.51	  0.0035291547
2.52	  0.0034540053
2.53	  0.003380459
2.54	  0.0033084822
2.55	  0.0032380414
2.56	  0.0031691038
2.57	  0.0031016378
2.58	  0.003035612
2.59	  0.0029709956
2.6	  0.002907759
2.61	  0.0028458727
2.62	  0.0027853078
2.63	  0.0027260364
2.64	  0.0026680306
2.65	  0.002611264
2.66	  0.0025557096
2.67	  0.002501342
2.68	  0.0024481355
2.69	  0.0023960657
2.7	  0.0023451084
2.71	  0.0022952394
2.72	  0.0022464357
2.73	  0.0021986747
2.74	  0.002151934
2.75	  0.0021061918
2.76	  0.0020614266
2.77	  0.002017618
2.78	  0.001974745
2.79	  0.0019327878
2.8	  0.001891727
2.81	  0.0018515432
2.82	  0.0018122178
2.83	  0.0017737322
2.84	  0.0017360686
2.85	  0.0016992096
2.86	  0.0016631375
2.87	  0.0016278358
2.88	  0.001593288
2.89	  0.0015594779
2.9	  0.0015263895
2.91	  0.0014940078
2.92	  0.0014623172
2.93	  0.0014313031
2.94	  0.0014009511
2.95	  0.0013712469
2.96	  0.0013421766
2.97	  0.0013137267
2.98	  0.0012858838
2.99	  0.0012586351
3.0	  0.0012319676
3.01	  0.001205869
3.02	  0.0011803273
3.03	  0.0011553301
3.04	  0.0011308661
3.05	  0.0011069238
3.06	  0.001083492
3.07	  0.0010605596
3.08	  0.0010381162
3.09	  0.001016151
3.1	  9.946541E-4
3.11	  9.736152E-4
3.12	  9.530246E-4
3.13	  9.328727E-4
3.14	  9.1315E-4
3.15	  8.938475E-4
3.16	  8.7495596E-4
3.17	  8.5646677E-4
3.18	  8.3837117E-4
3.19	  8.2066085E-4
3.2	  8.033274E-4
3.21	  7.86363E-4
3.22	  7.6975947E-4
3.23	  7.535093E-4
3.24	  7.3760474E-4
3.25	  7.2203856E-4
3.26	  7.068034E-4
3.27	  6.9189223E-4
3.28	  6.7729806E-4
3.29	  6.630142E-4
3.3	  6.490339E-4
3.31	  6.353507E-4
3.32	  6.219583E-4
3.33	  6.088504E-4
3.34	  5.9602095E-4
3.35	  5.83464E-4
3.36	  5.7117373E-4
3.37	  5.5914436E-4
3.38	  5.473704E-4
3.39	  5.358464E-4
3.4	  5.245669E-4
3.41	  5.135268E-4
3.42	  5.027209E-4
3.43	  4.9214426E-4
3.44	  4.8179188E-4
3.45	  4.7165906E-4
3.46	  4.617411E-4
3.47	  4.5203336E-4
3.48	  4.425314E-4
3.49	  4.332308E-4
3.5	  4.2412727E-4
3.51	  4.1521658E-4
3.52	  4.0649466E-4
3.53	  3.9795742E-4
3.54	  3.8960096E-4
3.55	  3.814214E-4
3.56	  3.73415E-4
3.57	  3.6557805E-4
3.58	  3.5790692E-4
3.59	  3.5039807E-4
3.6	  3.4304807E-4
3.61	  3.3585352E-4
3.62	  3.288111E-4
3.63	  3.2191753E-4
3.64	  3.1516972E-4
3.65	  3.085645E-4
3.66	  3.0209884E-4
3.67	  2.957698E-4
3.68	  2.8957444E-4
3.69	  2.8350993E-4
3.7	  2.775735E-4
3.71	  2.7176237E-4
3.72	  2.660739E-4
3.73	  2.605055E-4
3.74	  2.5505462E-4
3.75	  2.497187E-4
3.76	  2.4449534E-4
3.77	  2.3938216E-4
3.78	  2.3437678E-4
3.79	  2.2947694E-4
3.8	  2.2468036E-4
3.81	  2.1998488E-4
3.82	  2.1538834E-4
3.83	  2.1088863E-4
3.84	  2.064837E-4
3.85	  2.0217155E-4
3.86	  1.9795018E-4
3.87	  1.9381769E-4
3.88	  1.8977217E-4
3.89	  1.8581179E-4
3.9	  1.8193474E-4
3.91	  1.7813925E-4
3.92	  1.7442359E-4
3.93	  1.7078608E-4
3.94	  1.6722505E-4
3.95	  1.6373886E-4
3.96	  1.6032597E-4
3.97	  1.5698478E-4
3.98	  1.537138E-4
3.99	  1.5051152E-4
4.0	  1.4737652E-4


