
X-Axis: 0.2s SA (g)
Y-Axis: Annual Probabilitiy
Number of Data Sets: 5


DATASET #1

Name: UCERF3
Num Points: 401
Info: 

X, Y Data:
1.0E-4	0.057880756
1.0333392E-4	0.057880756
1.06779E-4	0.057880756
1.1033893E-4	0.057880756
1.14017545E-4	0.057880756
1.178188E-4	0.057880756
1.2174679E-4	0.057880756
1.2580573E-4	0.057880756
1.3E-4	0.057880756
1.334183E-4	0.057880756
1.369265E-4	0.057880756
1.4052694E-4	0.057880756
1.4422205E-4	0.057880756
1.4801433E-4	0.057880756
1.5190631E-4	0.057880756
1.5590065E-4	0.057880756
1.6E-4	0.057880756
1.645257E-4	0.057880756
1.691794E-4	0.057880756
1.7396474E-4	0.057880756
1.7888544E-4	0.057880756
1.8394532E-4	0.057880756
1.8914833E-4	0.057880756
1.944985E-4	0.057880756
2.0E-4	0.057880756
2.0565712E-4	0.057880756
2.1147425E-4	0.057880756
2.1745593E-4	0.057880756
2.236068E-4	0.057880756
2.2993165E-4	0.057880756
2.364354E-4	0.057880756
2.4312311E-4	0.057880756
2.5E-4	0.057880756
2.5783465E-4	0.057880756
2.659148E-4	0.057880756
2.742482E-4	0.057880756
2.8284272E-4	0.057880756
2.917066E-4	0.057880756
3.0084825E-4	0.057880756
3.102764E-4	0.057880756
3.2E-4	0.057880756
3.290514E-4	0.057880756
3.383588E-4	0.057880756
3.4792948E-4	0.057880756
3.5777088E-4	0.057880756
3.6789064E-4	0.057880756
3.7829665E-4	0.057880756
3.88997E-4	0.057880756
4.0E-4	0.057880756
4.1131425E-4	0.05788075
4.229485E-4	0.05788075
4.3491187E-4	0.05788075
4.472136E-4	0.05788075
4.598633E-4	0.057880748
4.728708E-4	0.057880748
4.8624622E-4	0.057880744
5.0E-4	0.057880744
5.1465514E-4	0.05788074
5.2973983E-4	0.057880737
5.4526667E-4	0.057880733
5.612486E-4	0.057880726
5.77699E-4	0.05788072
5.946315E-4	0.05788071
6.120603E-4	0.057880703
6.3E-4	0.057880692
6.4807665E-4	0.057880677
6.6667196E-4	0.057880662
6.858008E-4	0.057880644
7.0547854E-4	0.05788062
7.257209E-4	0.05788059
7.465441E-4	0.05788056
7.6796475E-4	0.057880525
7.9E-4	0.05788048
8.136239E-4	0.057880424
8.379543E-4	0.057880357
8.630122E-4	0.057880282
8.8881946E-4	0.05788019
9.153984E-4	0.05788008
9.427722E-4	0.057879955
9.7096455E-4	0.057879806
0.001	0.05787963
0.0010293103	0.057879426
0.0010594797	0.05787919
0.0010905333	0.05787892
0.0011224973	0.0578786
0.001155398	0.05787823
0.001189263	0.057877798
0.0012241206	0.057877302
0.00126	0.05787673
0.0012961533	0.05787608
0.0013333439	0.05787534
0.0013716016	0.057874486
0.0014109571	0.057873514
0.0014514418	0.0578724
0.0014930882	0.05787113
0.0015359295	0.057869684
0.00158	0.057868037
0.0016272478	0.05786609
0.0016759086	0.057863865
0.0017260244	0.05786134
0.0017776389	0.05785847
0.0018307968	0.05785522
0.0018855444	0.05785154
0.0019419291	0.057847388
0.002	0.057842705
0.0020575977	0.05783764
0.002116854	0.05783197
0.002177817	0.057825636
0.0022405356	0.057818577
0.0023050604	0.057810713
0.0023714434	0.057801973
0.0024397383	0.057792276
0.00251	0.057781532
0.0025833033	0.05776947
0.0026587474	0.057756133
0.0027363948	0.057741407
0.0028163097	0.057725176
0.0028985585	0.057707313
0.0029832094	0.05768769
0.0030703326	0.05766616
0.00316	0.05764259
0.0032524571	0.057616767
0.0033476194	0.05758858
0.003445566	0.05755786
0.0035463783	0.05752443
0.0036501405	0.057488117
0.0037569385	0.05744873
0.003866861	0.057406083
0.00398	0.057359975
0.004096165	0.057310328
0.0042157196	0.05725684
0.0043387646	0.057199296
0.0044654002	0.057137493
0.0045957323	0.057071216
0.0047298684	0.057000253
0.0048679197	0.056924388
0.00501	0.056843415
0.005156579	0.056756902
0.0053074467	0.056664832
0.005462728	0.056566995
0.0056225527	0.056463186
0.0057870536	0.056353208
0.005956367	0.056236867
0.0061306343	0.05611398
0.00631	0.05598437
0.006493865	0.05584843
0.0066830874	0.055705495
0.0068778237	0.055555426
0.007078234	0.055398084
0.0072844843	0.05523335
0.0074967444	0.055061113
0.00771519	0.05488128
0.00794	0.05469377
0.008172275	0.05449774
0.008411343	0.05429386
0.008657407	0.05408208
0.008910668	0.053862393
0.009171338	0.05363478
0.009439633	0.05339926
0.009715778	0.053155858
0.01	0.05290461
0.010292081	0.052645974
0.010592694	0.05237964
0.010902087	0.052105695
0.011220517	0.051824227
0.011548247	0.051535342
0.011885551	0.051239163
0.012232705	0.050935812
0.01259	0.05062543
0.012957647	0.050308228
0.013336032	0.04998429
0.013725464	0.049653776
0.01412627	0.049316846
0.014538779	0.048973665
0.014963334	0.0486244
0.015400288	0.048269216
0.01585	0.047908284
0.016312422	0.0475421
0.016788337	0.0471705
0.017278135	0.046793655
0.017782224	0.046411715
0.01830102	0.04602483
0.01883495	0.04563315
0.019384459	0.045236804
0.01995	0.04483593
0.020533005	0.044429984
0.021133045	0.044019733
0.021750621	0.04360529
0.022386245	0.04318675
0.023040446	0.04276421
0.023713762	0.04233775
0.024406755	0.041907452
0.02512	0.04147338
0.025853088	0.041036192
0.02660757	0.04059536
0.027384069	0.040150937
0.02818323	0.03970297
0.029005712	0.039251503
0.029852198	0.03879657
0.030723387	0.038338214
0.03162	0.03787647
0.032543603	0.037410963
0.033494186	0.03694214
0.034472536	0.036470037
0.03547946	0.0359947
0.0365158	0.03551618
0.03758241	0.03503453
0.03868017	0.034549806
0.03981	0.03406208
0.040972695	0.033571485
0.042169347	0.033078052
0.04340095	0.03258187
0.044668525	0.032083053
0.04597312	0.03158171
0.047315817	0.031077975
0.04869773	0.030571988
0.05012	0.030063897
0.0515838	0.029553873
0.053090356	0.029042091
0.05464091	0.028528737
0.05623675	0.028014014
0.0578792	0.027498133
0.059569612	0.026981322
0.0613094	0.026463812
0.0631	0.025945848
0.06494172	0.025428016
0.066837184	0.024910247
0.06878798	0.024392815
0.070795715	0.023875998
0.072862044	0.02336008
0.074988686	0.02284535
0.077177405	0.022332102
0.07943	0.021820633
0.08174976	0.021310937
0.08413727	0.020803623
0.08659451	0.020298991
0.08912351	0.019797342
0.09172637	0.019298974
0.09440525	0.018804183
0.097162366	0.018313259
0.1	0.01782649
0.102919795	0.017344272
0.10592484	0.016866762
0.109017625	0.016394228
0.112200715	0.015926927
0.11547674	0.0154651115
0.11884842	0.015009023
0.12231855	0.014558894
0.12589	0.014114945
0.12956645	0.013677306
0.13335027	0.01324626
0.13724458	0.012821999
0.14125264	0.012404701
0.14537773	0.01199453
0.14962329	0.011591642
0.15399285	0.011196179
0.15849	0.01080827
0.16311829	0.010428051
0.16788174	0.010055611
0.17278428	0.009691043
0.17783	0.009334429
0.18302307	0.00898584
0.18836778	0.008645334
0.19386858	0.008312958
0.19953	0.007988749
0.20535603	0.007672767
0.21135218	0.0073649865
0.21752341	0.00706541
0.22387484	0.0067740283
0.23041171	0.006490824
0.23713945	0.006215768
0.24406363	0.0059488225
0.25119	0.005689939
0.25852492	0.0054390444
0.26607406	0.0051960903
0.27384362	0.0049610017
0.28184006	0.0047336956
0.29007	0.0045140814
0.29854023	0.0043020607
0.30725783	0.0040975274
0.31623	0.003900369
0.32546407	0.0037104678
0.33496782	0.003527697
0.34474903	0.0033519259
0.3548159	0.0031830177
0.3651767	0.0030208318
0.37584007	0.002865222
0.3868148	0.002716039
0.39811	0.002573129
0.40973493	0.0024363361
0.42169935	0.0023055
0.4340131	0.0021804587
0.44668642	0.0020610485
0.4597298	0.0019471039
0.47315407	0.0018384582
0.4869703	0.0017349444
0.50119	0.0016363948
0.5158249	0.0015426418
0.5308872	0.0014535185
0.5463893	0.0013688586
0.5623441	0.0012884974
0.57876474	0.0012122709
0.59566486	0.0011400176
0.61305845	0.0010715781
0.63096	0.0010067952
0.6493842	9.4551453E-4
0.6683464	8.875845E-4
0.6878623	8.3285675E-4
0.7079481	7.811864E-4
0.72862035	7.3243194E-4
0.7498962	6.864558E-4
0.7717934	6.431241E-4
0.79433	6.0230715E-4
0.8175246	5.6387915E-4
0.8413966	5.2771857E-4
0.86596555	4.9370807E-4
0.8912519	4.617345E-4
0.9172767	4.3168923E-4
0.9440614	4.034677E-4
0.97162825	3.769698E-4
1.0	3.5209963E-4
1.029201	3.2876487E-4
1.0592546	3.0687868E-4
1.090186	2.863576E-4
1.1220205	2.6712223E-4
1.1547846	2.490971E-4
1.1885055	2.3221051E-4
1.223211	2.1639455E-4
1.25893	2.0158489E-4
1.2956905	1.8772122E-4
1.3335243	1.7474545E-4
1.3724631	1.6260333E-4
1.4125386	1.5124376E-4
1.4537846	1.4061852E-4
1.4962348	1.306823E-4
1.5399245	1.2139245E-4
1.58489	1.127089E-4
1.6311698	1.0459379E-4
1.678801	9.701204E-5
1.727823	8.993049E-5
1.7782766	8.331803E-5
1.8302034	7.714549E-5
1.8836465	7.138551E-5
1.9386501	6.601244E-5
1.99526	6.1002236E-5
2.0535233	5.6332294E-5
2.113488	5.19815E-5
2.1752036	4.7929996E-5
2.2387214	4.415916E-5
2.304094	4.0651485E-5
2.3713756	3.739055E-5
2.4406219	3.4360906E-5
2.51189	3.154804E-5
2.5852382	2.893833E-5
2.6607285	2.6518881E-5
2.7384229	2.4277595E-5
2.818386	2.2203074E-5
2.900684	2.0284577E-5
2.9853854	1.851198E-5
3.0725598	1.6875738E-5
3.16228	1.5366846E-5
3.2546198	1.3976819E-5
3.3496559	1.2697643E-5
3.447467	1.15217645E-5
3.5481343	1.044206E-5
3.6517413	9.451815E-6
3.7583735	8.544698E-6
3.8681195	7.7147515E-6
3.98107	6.95636E-6
4.097319	6.2642416E-6
4.2169633	5.6334366E-6
4.340101	5.0592816E-6
4.466834	4.537403E-6
4.5972676	4.063699E-6
4.7315106	3.6343301E-6
4.869673	3.245705E-6
5.01187	2.8944698E-6
5.1582193	2.577496E-6
5.3088417	2.2918694E-6
5.463863	2.03488E-6
5.62341	1.804011E-6
5.7876167	1.596929E-6
5.9566183	1.4114739E-6
6.1305547	1.24565E-6
6.30957	1.0976154E-6
6.493813	9.656745E-7
6.683436	8.4826866E-7
6.878596	7.439674E-7
7.079455	6.514607E-7
7.286179	5.695507E-7
7.4989395	4.9714475E-7
7.7179127	4.3324746E-7
7.94328	3.769541E-7
8.175228	3.2744396E-7
8.41395	2.8397403E-7
8.659641	2.458727E-7
8.912508	2.1253452E-7
9.172758	1.8341439E-7
9.440608	1.5802276E-7
9.716279	1.3592079E-7
10.0	1.1671587E-7



DATASET #2

Name: RSQSim
Num Points: 401
Info: 

X, Y Data:
1.0E-4	0.07452794
1.0333392E-4	0.07452794
1.06779E-4	0.07452794
1.1033893E-4	0.07452794
1.14017545E-4	0.07452794
1.178188E-4	0.07452794
1.2174679E-4	0.07452794
1.2580573E-4	0.07452794
1.3E-4	0.07452794
1.334183E-4	0.07452794
1.369265E-4	0.07452794
1.4052694E-4	0.07452794
1.4422205E-4	0.07452794
1.4801433E-4	0.07452794
1.5190631E-4	0.07452794
1.5590065E-4	0.07452794
1.6E-4	0.07452794
1.645257E-4	0.07452794
1.691794E-4	0.07452794
1.7396474E-4	0.07452794
1.7888544E-4	0.07452794
1.8394532E-4	0.07452794
1.8914833E-4	0.07452794
1.944985E-4	0.07452794
2.0E-4	0.07452794
2.0565712E-4	0.07452794
2.1147425E-4	0.07452794
2.1745593E-4	0.07452794
2.236068E-4	0.07452794
2.2993165E-4	0.07452794
2.364354E-4	0.07452794
2.4312311E-4	0.07452794
2.5E-4	0.07452794
2.5783465E-4	0.07452794
2.659148E-4	0.07452794
2.742482E-4	0.07452794
2.8284272E-4	0.07452794
2.917066E-4	0.07452794
3.0084825E-4	0.07452794
3.102764E-4	0.07452794
3.2E-4	0.07452794
3.290514E-4	0.07452794
3.383588E-4	0.07452794
3.4792948E-4	0.07452794
3.5777088E-4	0.07452794
3.6789064E-4	0.07452794
3.7829665E-4	0.07452794
3.88997E-4	0.07452794
4.0E-4	0.07452794
4.1131425E-4	0.07452794
4.229485E-4	0.074527934
4.3491187E-4	0.074527934
4.472136E-4	0.074527934
4.598633E-4	0.074527934
4.728708E-4	0.074527934
4.8624622E-4	0.074527934
5.0E-4	0.07452793
5.1465514E-4	0.07452793
5.2973983E-4	0.07452792
5.4526667E-4	0.07452792
5.612486E-4	0.07452791
5.77699E-4	0.074527904
5.946315E-4	0.0745279
6.120603E-4	0.07452789
6.3E-4	0.07452788
6.4807665E-4	0.07452787
6.6667196E-4	0.07452785
6.858008E-4	0.07452784
7.0547854E-4	0.07452782
7.257209E-4	0.07452779
7.465441E-4	0.07452777
7.6796475E-4	0.07452773
7.9E-4	0.074527696
8.136239E-4	0.07452765
8.379543E-4	0.07452759
8.630122E-4	0.074527524
8.8881946E-4	0.07452745
9.153984E-4	0.07452735
9.427722E-4	0.07452725
9.7096455E-4	0.07452712
0.001	0.07452697
0.0010293103	0.0745268
0.0010594797	0.07452661
0.0010905333	0.07452638
0.0011224973	0.07452611
0.001155398	0.0745258
0.001189263	0.074525446
0.0012241206	0.07452503
0.00126	0.07452456
0.0012961533	0.07452402
0.0013333439	0.07452341
0.0013716016	0.07452271
0.0014109571	0.074521914
0.0014514418	0.074521
0.0014930882	0.07451996
0.0015359295	0.07451878
0.00158	0.07451744
0.0016272478	0.07451584
0.0016759086	0.07451404
0.0017260244	0.07451198
0.0017776389	0.07450965
0.0018307968	0.07450701
0.0018855444	0.074504025
0.0019419291	0.07450066
0.002	0.07449686
0.0020575977	0.074492745
0.002116854	0.07448815
0.002177817	0.074483015
0.0022405356	0.074477285
0.0023050604	0.0744709
0.0023714434	0.0744638
0.0024397383	0.07445592
0.00251	0.07444718
0.0025833033	0.07443735
0.0026587474	0.07442647
0.0027363948	0.07441444
0.0028163097	0.07440116
0.0028985585	0.074386515
0.0029832094	0.0743704
0.0030703326	0.07435268
0.00316	0.074333236
0.0032524571	0.074311875
0.0033476194	0.074288495
0.003445566	0.07426294
0.0035463783	0.07423505
0.0036501405	0.074204646
0.0037569385	0.07417156
0.003866861	0.07413559
0.00398	0.07409655
0.004096165	0.074054345
0.0042157196	0.07400868
0.0043387646	0.07395932
0.0044654002	0.073906064
0.0045957323	0.07384866
0.0047298684	0.07378688
0.0048679197	0.07372047
0.00501	0.07364919
0.005156579	0.07357259
0.0053074467	0.07349057
0.005462728	0.07340285
0.0056225527	0.073309176
0.0057870536	0.073209256
0.005956367	0.07310282
0.0061306343	0.072989576
0.00631	0.07286924
0.006493865	0.07274206
0.0066830874	0.072607286
0.0068778237	0.07246463
0.007078234	0.072313815
0.0072844843	0.072154574
0.0074967444	0.071986616
0.00771519	0.07180969
0.00794	0.071623504
0.008172275	0.07142704
0.008411343	0.07122074
0.008657407	0.07100436
0.008910668	0.07077765
0.009171338	0.07054038
0.009439633	0.070292346
0.009715778	0.07003332
0.01	0.0697631
0.010292081	0.06948195
0.010592694	0.06918929
0.010902087	0.06888495
0.011220517	0.068568796
0.011548247	0.06824069
0.011885551	0.067900516
0.012232705	0.06754818
0.01259	0.06718359
0.012957647	0.06680676
0.013336032	0.06641758
0.013725464	0.066015996
0.01412627	0.065602
0.014538779	0.065175585
0.014963334	0.064736776
0.015400288	0.064285606
0.01585	0.063822135
0.016312422	0.063346855
0.016788337	0.06285945
0.017278135	0.062360033
0.017782224	0.061848715
0.01830102	0.06132564
0.01883495	0.060790963
0.019384459	0.06024486
0.01995	0.059687514
0.020533005	0.059118193
0.021133045	0.05853802
0.021750621	0.057947222
0.022386245	0.057346057
0.023040446	0.05673478
0.023713762	0.05611367
0.024406755	0.055483013
0.02512	0.054843105
0.025853088	0.05419514
0.02660757	0.053538576
0.027384069	0.052873746
0.02818323	0.052200988
0.029005712	0.051520653
0.029852198	0.05083309
0.030723387	0.050138664
0.03162	0.049437746
0.032543603	0.048730083
0.033494186	0.048016675
0.034472536	0.047297906
0.03547946	0.046574168
0.0365158	0.045845855
0.03758241	0.04511337
0.03868017	0.044377107
0.03981	0.043637477
0.040972695	0.04289497
0.042169347	0.042149905
0.04340095	0.04140269
0.044668525	0.040653743
0.04597312	0.039903462
0.047315817	0.039152265
0.04869773	0.038400557
0.05012	0.037648752
0.0515838	0.036897257
0.053090356	0.03614648
0.05464091	0.035396826
0.05623675	0.034648698
0.0578792	0.033902496
0.059569612	0.033158626
0.0613094	0.032417484
0.0631	0.031679463
0.06494172	0.03094542
0.066837184	0.030215276
0.06878798	0.029489417
0.070795715	0.028768223
0.072862044	0.02805207
0.074988686	0.027341329
0.077177405	0.026636368
0.07943	0.025937544
0.08174976	0.025244802
0.08413727	0.02455891
0.08659451	0.02388021
0.08912351	0.023209034
0.09172637	0.022545708
0.09440525	0.021890549
0.097162366	0.021243863
0.1	0.020605944
0.102919795	0.019977232
0.10592484	0.019357841
0.109017625	0.018748038
0.112200715	0.018148066
0.11547674	0.017558165
0.11884842	0.016978553
0.12231855	0.01640944
0.12589	0.015851017
0.12956645	0.015303358
0.13335027	0.014766731
0.13724458	0.014241283
0.14125264	0.013727141
0.14537773	0.013224418
0.14962329	0.012733209
0.15399285	0.012253591
0.15849	0.011785626
0.16311829	0.011329376
0.16788174	0.0108848475
0.17278428	0.01045205
0.17783	0.0100309765
0.18302307	0.009621603
0.18836778	0.009223891
0.19386858	0.008837785
0.19953	0.008463213
0.20535603	0.008100135
0.21135218	0.0077484045
0.21752341	0.0074079093
0.22387484	0.007078523
0.23041171	0.006760108
0.23713945	0.0064525143
0.24406363	0.0061555826
0.25119	0.0058691422
0.25852492	0.0055929963
0.26607406	0.0053269756
0.27384362	0.0050708856
0.28184006	0.004824523
0.29007	0.004587679
0.29854023	0.0043601408
0.30725783	0.0041416893
0.31623	0.0039321017
0.32546407	0.003731154
0.33496782	0.0035386167
0.34474903	0.0033542593
0.3548159	0.0031778507
0.3651767	0.0030091584
0.37584007	0.0028479507
0.3868148	0.0026939954
0.39811	0.0025470615
0.40973493	0.0024069203
0.42169935	0.002273343
0.4340131	0.0021461034
0.44668642	0.0020249784
0.4597298	0.0019097476
0.47315407	0.0018001935
0.4869703	0.0016961021
0.50119	0.001597263
0.5158249	0.0015034698
0.5308872	0.0014145201
0.5463893	0.0013302157
0.5623441	0.0012503631
0.57876474	0.001174773
0.59566486	0.0011032607
0.61305845	0.0010356464
0.63096	9.717554E-4
0.6493842	9.114177E-4
0.6683464	8.544681E-4
0.6878623	8.007465E-4
0.7079481	7.5009785E-4
0.72862035	7.023723E-4
0.7498962	6.57425E-4
0.7717934	6.15116E-4
0.79433	5.7531055E-4
0.8175246	5.37879E-4
0.8413966	5.026965E-4
0.86596555	4.696431E-4
0.8912519	4.3860392E-4
0.9172767	4.0946875E-4
0.9440614	3.8213216E-4
0.97162825	3.5649334E-4
1.0	3.324561E-4
1.029201	3.0992815E-4
1.0592546	2.8882272E-4
1.090186	2.690567E-4
1.1220205	2.505511E-4
1.1547846	2.3323097E-4
1.1885055	2.1702526E-4
1.223211	2.0186666E-4
1.25893	1.8769153E-4
1.2956905	1.7444024E-4
1.3335243	1.6205542E-4
1.3724631	1.5048354E-4
1.4125386	1.3967411E-4
1.4537846	1.2957964E-4
1.4962348	1.2015543E-4
1.5399245	1.1135946E-4
1.58489	1.0315225E-4
1.6311698	9.549649E-5
1.678801	8.835764E-5
1.727823	8.170302E-5
1.7782766	7.550201E-5
1.8302034	6.972587E-5
1.8836465	6.434768E-5
1.9386501	5.9342176E-5
1.99526	5.4685683E-5
2.0535233	5.035596E-5
2.113488	4.633223E-5
2.1752036	4.2594955E-5
2.2387214	3.9125807E-5
2.304094	3.5907586E-5
2.3713756	3.2924145E-5
2.4406219	3.016031E-5
2.51189	2.7601835E-5
2.5852382	2.5235351E-5
2.6607285	2.304823E-5
2.7384229	2.1028625E-5
2.818386	1.9165393E-5
2.900684	1.7448045E-5
2.9853854	1.5866714E-5
3.0725598	1.441211E-5
3.16228	1.3075492E-5
3.2546198	1.184863E-5
3.3496559	1.0723778E-5
3.447467	9.693653E-6
3.5481343	8.751404E-6
3.6517413	7.890589E-6
3.7583735	7.1051604E-6
3.8681195	6.3894377E-6
3.98107	5.738092E-6
4.097319	5.146126E-6
4.2169633	4.6088653E-6
4.340101	4.1219337E-6
4.466834	3.6812428E-6
4.5972676	3.2829755E-6
4.7315106	2.9235746E-6
4.869673	2.5997276E-6
5.01187	2.3083562E-6
5.1582193	2.0466025E-6
5.3088417	1.8118175E-6
5.463863	1.6015503E-6
5.62341	1.4135364E-6
5.7876167	1.2456874E-6
5.9566183	1.0960803E-6
6.1305547	9.629476E-7
6.30957	8.446679E-7
6.493813	7.39756E-7
6.683436	6.468545E-7
6.878596	5.6472504E-7
7.079455	4.922396E-7
7.286179	4.283731E-7
7.4989395	3.7219547E-7
7.7179127	3.2286474E-7
7.94328	2.7962005E-7
8.175228	2.4177527E-7
8.41395	2.0871282E-7
8.659641	1.7987806E-7
8.912508	1.547737E-7
9.172758	1.3295494E-7
9.440608	1.1402461E-7
9.716279	9.7628856E-8
10.0	8.345302E-8



DATASET #3

Name: 1000yr
Num Points: 2
Info: 

X, Y Data:
0.001	0.001
10.0	0.001



DATASET #4

Name: 2500yr
Num Points: 2
Info: 

X, Y Data:
0.001	4.0E-4
10.0	4.0E-4



DATASET #5

Name: 10000yr
Num Points: 2
Info: 

X, Y Data:
0.001	1.0E-4
10.0	1.0E-4


