
X-Axis: Normalized Interevent Time
Y-Axis: Probability
Number of Data Sets: 3


DATASET #1

     Name: Bruce 2623 Histogram
   Points: 41
     Info: 

Data[x,y]:
0.05	  0.021443829
0.15	  0.02675686
0.25	  0.031193515
0.35	  0.03554801
0.45	  0.04272334
0.55	  0.046803966
0.65	  0.052527796
0.75	  0.05910062
0.85	  0.086240895
0.95	  0.12595169
1.05	  0.11453141
1.15	  0.08670647
1.25	  0.067015395
1.35	  0.055047378
1.45	  0.03951909
1.55	  0.026975954
1.65	  0.016404666
1.75	  0.011173796
1.85	  0.008626828
1.95	  0.007065783
2.05	  0.005641672
2.15	  0.004272334
2.25	  0.003943693
2.35	  0.0038615325
2.45	  0.003368571
2.55	  0.0028482226
2.65	  0.0023278743
2.75	  0.0017801392
2.85	  0.0013145643
2.95	  0.0013145643
3.05	  0.001232404
3.15	  9.0376294E-4
3.25	  0.0010406967
3.35	  5.751219E-4
3.45	  6.5728213E-4
3.55	  3.5602783E-4
3.65	  5.203484E-4
3.75	  3.012543E-4
3.85	  2.7386757E-4
3.95	  3.5602783E-4
4.05	  0.0017527523



DATASET #2

     Name: Log-Normal Fit
   Points: 401
     Info: 

Data[x,y]:
0.005	  0.0
0.015	  8.513363E-13
0.025	  1.9690798E-10
0.035	  6.469971E-9
0.045	  7.7107245E-8
0.055	  4.9915167E-7
0.065	  2.1654523E-6
0.075	  7.109032E-6
0.085	  1.9048526E-5
0.095	  4.3784425E-5
0.105	  8.934318E-5
0.115	  1.6584381E-4
0.125	  2.8512417E-4
0.135	  4.6019827E-4
0.145	  7.0462644E-4
0.155	  0.0010318715
0.165	  0.0014547004
0.175	  0.0019846682
0.185	  0.0026317101
0.195	  0.003403846
0.205	  0.0043069962
0.215	  0.0053449012
0.225	  0.006519125
0.235	  0.007829133
0.245	  0.009272429
0.255	  0.010844723
0.265	  0.012540138
0.275	  0.014351426
0.285	  0.016270187
0.295	  0.018287094
0.305	  0.02039211
0.315	  0.02257468
0.325	  0.02482392
0.335	  0.027128788
0.345	  0.029478231
0.355	  0.031861316
0.365	  0.034267347
0.375	  0.03668595
0.385	  0.039107174
0.395	  0.041521523
0.405	  0.04392003
0.415	  0.046294287
0.425	  0.04863647
0.435	  0.05093935
0.445	  0.05319631
0.455	  0.05540133
0.465	  0.057548992
0.475	  0.05963447
0.485	  0.061653495
0.495	  0.06360236
0.505	  0.06547787
0.515	  0.06727735
0.525	  0.06899858
0.535	  0.07063981
0.545	  0.072199695
0.555	  0.07367728
0.565	  0.075071976
0.575	  0.07638353
0.585	  0.07761201
0.595	  0.078757755
0.605	  0.07982135
0.615	  0.08080363
0.625	  0.081705645
0.635	  0.08252861
0.645	  0.08327393
0.655	  0.08394313
0.665	  0.084537886
0.675	  0.085059986
0.685	  0.08551128
0.695	  0.08589375
0.705	  0.086209394
0.715	  0.086460285
0.725	  0.086648546
0.735	  0.08677631
0.745	  0.08684573
0.755	  0.086858995
0.765	  0.08681828
0.775	  0.086725734
0.785	  0.08658353
0.795	  0.08639381
0.805	  0.08615869
0.815	  0.08588026
0.825	  0.08556057
0.835	  0.08520164
0.845	  0.084805466
0.855	  0.08437399
0.865	  0.083909094
0.875	  0.08341264
0.885	  0.082886435
0.895	  0.08233223
0.905	  0.081751734
0.915	  0.0811466
0.925	  0.08051843
0.935	  0.079868786
0.945	  0.079199165
0.955	  0.078511015
0.965	  0.077805735
0.975	  0.07708468
0.985	  0.07634915
0.995	  0.07560039
1.005	  0.0748396
1.015	  0.07406794
1.025	  0.07328651
1.035	  0.07249637
1.045	  0.07169854
1.055	  0.07089399
1.065	  0.07008364
1.075	  0.069268376
1.085	  0.06844906
1.095	  0.06762648
1.105	  0.0668014
1.115	  0.065974556
1.125	  0.06514665
1.135	  0.06431833
1.145	  0.06349021
1.155	  0.06266291
1.165	  0.061836958
1.175	  0.0610129
1.185	  0.06019123
1.195	  0.05937242
1.205	  0.058556914
1.215	  0.057745125
1.225	  0.05693745
1.235	  0.056134254
1.245	  0.05533588
1.255	  0.054542646
1.265	  0.05375486
1.275	  0.052972794
1.285	  0.05219671
1.295	  0.051426854
1.305	  0.05066344
1.315	  0.04990668
1.325	  0.04915675
1.335	  0.04841384
1.345	  0.047678098
1.355	  0.04694967
1.365	  0.04622868
1.375	  0.045515254
1.385	  0.04480949
1.395	  0.044111483
1.405	  0.043421313
1.415	  0.042739052
1.425	  0.042064756
1.435	  0.04139848
1.445	  0.040740266
1.455	  0.040090144
1.465	  0.039448142
1.475	  0.038814273
1.485	  0.03818855
1.495	  0.037570976
1.505	  0.036961544
1.515	  0.03636025
1.525	  0.035767075
1.535	  0.035181995
1.545	  0.03460499
1.555	  0.03403602
1.565	  0.033475064
1.575	  0.03292207
1.585	  0.032377
1.595	  0.031839803
1.605	  0.031310435
1.615	  0.030788835
1.625	  0.03027495
1.635	  0.02976872
1.645	  0.029270085
1.655	  0.028778976
1.665	  0.02829533
1.675	  0.02781908
1.685	  0.027350152
1.695	  0.026888477
1.705	  0.02643398
1.715	  0.025986588
1.725	  0.025546223
1.735	  0.02511281
1.745	  0.02468627
1.755	  0.024266524
1.765	  0.023853496
1.775	  0.023447102
1.785	  0.023047263
1.795	  0.022653898
1.805	  0.022266928
1.815	  0.021886269
1.825	  0.02151184
1.835	  0.021143558
1.845	  0.020781344
1.855	  0.020425115
1.865	  0.02007479
1.875	  0.019730289
1.885	  0.01939153
1.895	  0.019058429
1.905	  0.018730909
1.915	  0.01840889
1.925	  0.018092291
1.935	  0.017781034
1.945	  0.01747504
1.955	  0.01717423
1.965	  0.016878529
1.975	  0.016587857
1.985	  0.016302139
1.995	  0.016021298
2.005	  0.015745262
2.015	  0.015473953
2.025	  0.015207301
2.035	  0.0149452295
2.045	  0.0146876685
2.055	  0.014434546
2.065	  0.014185792
2.075	  0.0139413355
2.085	  0.013701108
2.095	  0.013465041
2.105	  0.0132330675
2.115	  0.013005121
2.125	  0.012781134
2.135	  0.012561043
2.145	  0.012344783
2.155	  0.012132292
2.165	  0.011923505
2.175	  0.011718362
2.185	  0.011516802
2.195	  0.011318765
2.205	  0.01112419
2.215	  0.010933021
2.225	  0.010745199
2.235	  0.010560668
2.245	  0.010379371
2.255	  0.010201254
2.265	  0.010026261
2.275	  0.009854341
2.285	  0.009685439
2.295	  0.009519503
2.305	  0.009356484
2.315	  0.00919633
2.325	  0.009038991
2.335	  0.00888442
2.345	  0.008732567
2.355	  0.008583385
2.365	  0.008436828
2.375	  0.00829285
2.385	  0.0081514055
2.395	  0.008012451
2.405	  0.007875943
2.415	  0.0077418364
2.425	  0.0076100905
2.435	  0.007480664
2.445	  0.007353516
2.455	  0.0072286054
2.465	  0.0071058935
2.475	  0.0069853407
2.485	  0.006866909
2.495	  0.0067505613
2.505	  0.00663626
2.515	  0.006523969
2.525	  0.006413653
2.535	  0.0063052764
2.545	  0.0061988044
2.555	  0.0060942033
2.565	  0.0059914403
2.575	  0.005890482
2.585	  0.0057912967
2.595	  0.0056938524
2.605	  0.005598118
2.615	  0.005504063
2.625	  0.005411657
2.635	  0.0053208712
2.645	  0.0052316766
2.655	  0.0051440443
2.665	  0.0050579463
2.675	  0.004973355
2.685	  0.004890244
2.695	  0.0048085866
2.705	  0.004728356
2.715	  0.0046495274
2.725	  0.004572076
2.735	  0.004495976
2.745	  0.004421204
2.755	  0.0043477356
2.765	  0.004275548
2.775	  0.004204618
2.785	  0.0041349223
2.795	  0.00406644
2.805	  0.0039991485
2.815	  0.003933027
2.825	  0.003868054
2.835	  0.003804209
2.845	  0.0037414718
2.855	  0.003679823
2.865	  0.0036192422
2.875	  0.003559711
2.885	  0.0035012101
2.895	  0.0034437212
2.905	  0.0033872263
2.915	  0.0033317073
2.925	  0.0032771472
2.935	  0.0032235282
2.945	  0.003170834
2.955	  0.0031190477
2.965	  0.003068153
2.975	  0.0030181343
2.985	  0.0029689756
2.995	  0.0029206618
3.005	  0.0028731776
3.015	  0.0028265081
3.025	  0.0027806389
3.035	  0.0027355559
3.045	  0.0026912445
3.055	  0.0026476914
3.065	  0.002604883
3.075	  0.002562806
3.085	  0.0025214474
3.095	  0.0024807942
3.105	  0.002440834
3.115	  0.0024015545
3.125	  0.0023629435
3.135	  0.002324989
3.145	  0.0022876798
3.155	  0.0022510039
3.165	  0.0022149503
3.175	  0.002179508
3.185	  0.0021446662
3.195	  0.002110414
3.205	  0.002076741
3.215	  0.0020436372
3.225	  0.0020110924
3.235	  0.0019790966
3.245	  0.0019476402
3.255	  0.0019167137
3.265	  0.0018863076
3.275	  0.001856413
3.285	  0.0018270205
3.295	  0.0017981215
3.305	  0.0017697073
3.315	  0.0017417693
3.325	  0.0017142991
3.335	  0.0016872885
3.345	  0.0016607294
3.355	  0.0016346141
3.365	  0.0016089345
3.375	  0.001583683
3.385	  0.0015588523
3.395	  0.0015344349
3.405	  0.0015104235
3.415	  0.0014868112
3.425	  0.0014635908
3.435	  0.0014407556
3.445	  0.0014182988
3.455	  0.0013962139
3.465	  0.0013744944
3.475	  0.0013531338
3.485	  0.001332126
3.495	  0.0013114647
3.505	  0.0012911442
3.515	  0.0012711582
3.525	  0.0012515011
3.535	  0.0012321672
3.545	  0.0012131509
3.555	  0.0011944467
3.565	  0.0011760491
3.575	  0.0011579528
3.585	  0.0011401528
3.595	  0.0011226438
3.605	  0.0011054209
3.615	  0.001088479
3.625	  0.0010718134
3.635	  0.0010554193
3.645	  0.0010392921
3.655	  0.001023427
3.665	  0.0010078198
3.675	  9.924659E-4
3.685	  9.77361E-4
3.695	  9.625008E-4
3.705	  9.478812E-4
3.715	  9.3349797E-4
3.725	  9.193471E-4
3.735	  9.054247E-4
3.745	  8.917268E-4
3.755	  8.7824964E-4
3.765	  8.649894E-4
3.775	  8.519424E-4
3.785	  8.3910505E-4
3.795	  8.2647376E-4
3.805	  8.14045E-4
3.815	  8.018154E-4
3.825	  7.8978157E-4
3.835	  7.7794015E-4
3.845	  7.662879E-4
3.855	  7.548217E-4
3.865	  7.435383E-4
3.875	  7.324347E-4
3.885	  7.215078E-4
3.895	  7.1075466E-4
3.905	  7.001724E-4
3.915	  6.8975805E-4
3.925	  6.7950884E-4
3.935	  6.69422E-4
3.945	  6.594948E-4
3.955	  6.4972456E-4
3.965	  6.4010866E-4
3.975	  6.3064456E-4
3.985	  6.2132964E-4
3.995	  6.121614E-4
4.005	  6.0313754E-4



DATASET #3

     Name: BPT Fit
   Points: 401
     Info: Mean = 100.0, Aperiodicity = 0.5, Duration = 30.0, Delta T = 1.0, Num Points = 500, Historic Open Interval = 0.0
Computed mean = 0.9938871

Data[x,y]:
0.0	  0.0
0.01	  0.0
0.02	  2.9896671E-36
0.03	  1.070113E-23
0.04	  1.7665286E-17
0.05	  8.7441366E-14
0.06	  2.4006977E-11
0.07	  1.2717833E-9
0.08	  2.420253E-8
0.09	  2.3345005E-7
0.1	  1.4023559E-6
0.11	  5.9787008E-6
0.12	  1.9731695E-5
0.13	  5.3526834E-5
0.14	  1.2455868E-4
0.15	  2.5652634E-4
0.16	  4.7861433E-4
0.17	  8.235054E-4
0.18	  0.0013248592
0.19	  0.00201472
0.2	  0.002921229
0.21	  0.0040668705
0.22	  0.005467354
0.23	  0.0071311127
0.24	  0.009059337
0.25	  0.011246431
0.26	  0.013680761
0.27	  0.016345585
0.28	  0.019220063
0.29	  0.022280274
0.3	  0.025500178
0.31	  0.028852504
0.32	  0.03230951
0.33	  0.035843648
0.34	  0.039428104
0.35	  0.04303721
0.36	  0.04664678
0.37	  0.050234348
0.38	  0.053779308
0.39	  0.057263
0.4	  0.060668766
0.41	  0.063981906
0.42	  0.067189656
0.43	  0.07028109
0.44	  0.07324705
0.45	  0.07608003
0.46	  0.07877405
0.47	  0.08132455
0.48	  0.08372825
0.49	  0.08598306
0.5	  0.08808793
0.51	  0.09004276
0.52	  0.09184828
0.53	  0.09350594
0.54	  0.09501784
0.55	  0.096386634
0.56	  0.09761543
0.57	  0.09870774
0.58	  0.099667415
0.59	  0.10049855
0.6	  0.10120546
0.61	  0.10179263
0.62	  0.102264665
0.63	  0.102626234
0.64	  0.10288206
0.65	  0.10303689
0.66	  0.103095435
0.67	  0.103062406
0.68	  0.10294242
0.69	  0.10274006
0.7	  0.102459796
0.71	  0.10210601
0.72	  0.10168298
0.73	  0.101194866
0.74	  0.100645706
0.75	  0.10003941
0.76	  0.09937975
0.77	  0.098670386
0.78	  0.09791482
0.79	  0.09711644
0.8	  0.09627849
0.81	  0.09540407
0.82	  0.09449617
0.83	  0.09355763
0.84	  0.092591174
0.85	  0.09159939
0.86	  0.09058475
0.87	  0.08954961
0.88	  0.08849619
0.89	  0.08742663
0.9	  0.08634294
0.91	  0.08524701
0.92	  0.08414066
0.93	  0.08302559
0.94	  0.08190341
0.95	  0.08077564
0.96	  0.07964371
0.97	  0.078508966
0.98	  0.07737268
0.99	  0.07623603
1.0	  0.075100146
1.01	  0.07396606
1.02	  0.07283476
1.03	  0.07170715
1.04	  0.07058408
1.05	  0.069466345
1.06	  0.06835469
1.07	  0.06724978
1.08	  0.06615226
1.09	  0.06506272
1.1	  0.06398168
1.11	  0.06290966
1.12	  0.0618471
1.13	  0.060794417
1.14	  0.059752
1.15	  0.058720183
1.16	  0.05769928
1.17	  0.056689575
1.18	  0.05569132
1.19	  0.054704737
1.2	  0.053730022
1.21	  0.052767348
1.22	  0.051816862
1.23	  0.050878696
1.24	  0.049952954
1.25	  0.049039725
1.26	  0.04813908
1.27	  0.047251064
1.28	  0.04637572
1.29	  0.04551307
1.3	  0.044663116
1.31	  0.043825857
1.32	  0.04300127
1.33	  0.04218933
1.34	  0.041389998
1.35	  0.040603217
1.36	  0.039828938
1.37	  0.039067082
1.38	  0.038317584
1.39	  0.037580356
1.4	  0.03685531
1.41	  0.036142353
1.42	  0.03544138
1.43	  0.034752283
1.44	  0.03407496
1.45	  0.033409283
1.46	  0.032755144
1.47	  0.032112412
1.48	  0.031480968
1.49	  0.03086068
1.5	  0.030251414
1.51	  0.02965304
1.52	  0.029065425
1.53	  0.028488427
1.54	  0.02792191
1.55	  0.027365735
1.56	  0.026819758
1.57	  0.026283843
1.58	  0.025757844
1.59	  0.02524162
1.6	  0.02473503
1.61	  0.024237929
1.62	  0.023750175
1.63	  0.023271628
1.64	  0.022802144
1.65	  0.022341583
1.66	  0.021889802
1.67	  0.021446664
1.68	  0.021012029
1.69	  0.020585755
1.7	  0.02016771
1.71	  0.019757753
1.72	  0.019355752
1.73	  0.01896157
1.74	  0.018575074
1.75	  0.018196136
1.76	  0.01782462
1.77	  0.017460402
1.78	  0.017103352
1.79	  0.016753342
1.8	  0.01641025
1.81	  0.016073951
1.82	  0.015744325
1.83	  0.015421251
1.84	  0.015104608
1.85	  0.014794281
1.86	  0.014490154
1.87	  0.014192112
1.88	  0.013900043
1.89	  0.013613837
1.9	  0.013333384
1.91	  0.013058576
1.92	  0.012789308
1.93	  0.012525474
1.94	  0.012266972
1.95	  0.012013702
1.96	  0.011765562
1.97	  0.011522454
1.98	  0.011284283
1.99	  0.011050954
2.0	  0.0108223725
2.01	  0.010598447
2.02	  0.010379087
2.03	  0.010164204
2.04	  0.00995371
2.05	  0.00974752
2.06	  0.009545549
2.07	  0.0093477145
2.08	  0.009153935
2.09	  0.008964131
2.1	  0.008778222
2.11	  0.0085961325
2.12	  0.008417786
2.13	  0.008243108
2.14	  0.008072026
2.15	  0.007904468
2.16	  0.007740363
2.17	  0.0075796423
2.18	  0.0074222377
2.19	  0.007268083
2.2	  0.007117112
2.21	  0.0069692614
2.22	  0.0068244673
2.23	  0.006682669
2.24	  0.0065438044
2.25	  0.0064078155
2.26	  0.006274643
2.27	  0.0061442303
2.28	  0.006016521
2.29	  0.0058914595
2.3	  0.005768993
2.31	  0.0056490675
2.32	  0.0055316314
2.33	  0.005416634
2.34	  0.005304025
2.35	  0.005193756
2.36	  0.005085779
2.37	  0.0049800463
2.38	  0.004876512
2.39	  0.004775131
2.4	  0.0046758596
2.41	  0.0045786537
2.42	  0.0044834707
2.43	  0.004390269
2.44	  0.004299008
2.45	  0.0042096474
2.46	  0.004122148
2.47	  0.0040364712
2.48	  0.003952579
2.49	  0.0038704353
2.5	  0.0037900035
2.51	  0.0037112478
2.52	  0.0036341338
2.53	  0.0035586273
2.54	  0.003484695
2.55	  0.0034123044
2.56	  0.003341423
2.57	  0.00327202
2.58	  0.0032040644
2.59	  0.003137526
2.6	  0.0030723754
2.61	  0.0030085838
2.62	  0.002946123
2.63	  0.002884965
2.64	  0.0028250827
2.65	  0.0027664497
2.66	  0.00270904
2.67	  0.0026528277
2.68	  0.0025977883
2.69	  0.002543897
2.7	  0.00249113
2.71	  0.0024394637
2.72	  0.0023888755
2.73	  0.0023393424
2.74	  0.0022908426
2.75	  0.0022433545
2.76	  0.0021968568
2.77	  0.002151329
2.78	  0.002106751
2.79	  0.0020631026
2.8	  0.0020203644
2.81	  0.0019785175
2.82	  0.0019375433
2.83	  0.0018974234
2.84	  0.00185814
2.85	  0.0018196756
2.86	  0.001782013
2.87	  0.0017451355
2.88	  0.0017090268
2.89	  0.0016736705
2.9	  0.001639051
2.91	  0.001605153
2.92	  0.0015719613
2.93	  0.0015394611
2.94	  0.0015076379
2.95	  0.0014764776
2.96	  0.0014459663
2.97	  0.0014160904
2.98	  0.0013868366
2.99	  0.0013581918
3.0	  0.0013301435
3.01	  0.001302679
3.02	  0.0012757861
3.03	  0.0012494528
3.04	  0.0012236675
3.05	  0.0011984187
3.06	  0.0011736951
3.07	  0.0011494857
3.08	  0.0011257798
3.09	  0.001102567
3.1	  0.0010798366
3.11	  0.001057579
3.12	  0.0010357838
3.13	  0.0010144417
3.14	  9.93543E-4
3.15	  9.7307854E-4
3.16	  9.5303915E-4
3.17	  9.334161E-4
3.18	  9.1420044E-4
3.19	  8.953838E-4
3.2	  8.7695784E-4
3.21	  8.5891434E-4
3.22	  8.4124535E-4
3.23	  8.23943E-4
3.24	  8.069996E-4
3.25	  7.904077E-4
3.26	  7.741599E-4
3.27	  7.582491E-4
3.28	  7.4266817E-4
3.29	  7.2741025E-4
3.3	  7.124686E-4
3.31	  6.978365E-4
3.32	  6.8350765E-4
3.33	  6.6947564E-4
3.34	  6.5573433E-4
3.35	  6.4227753E-4
3.36	  6.290994E-4
3.37	  6.1619404E-4
3.38	  6.035558E-4
3.39	  5.911791E-4
3.4	  5.790586E-4
3.41	  5.671887E-4
3.42	  5.555644E-4
3.43	  5.441805E-4
3.44	  5.33032E-4
3.45	  5.221139E-4
3.46	  5.114215E-4
3.47	  5.0095003E-4
3.48	  4.9069495E-4
3.49	  4.8065174E-4
3.5	  4.7081592E-4
3.51	  4.6118323E-4
3.52	  4.517494E-4
3.53	  4.4251033E-4
3.54	  4.3346192E-4
3.55	  4.2460024E-4
3.56	  4.1592136E-4
3.57	  4.0742152E-4
3.58	  3.9909696E-4
3.59	  3.9094404E-4
3.6	  3.8295923E-4
3.61	  3.7513897E-4
3.62	  3.6747986E-4
3.63	  3.5997859E-4
3.64	  3.526318E-4
3.65	  3.4543633E-4
3.66	  3.3838904E-4
3.67	  3.3148684E-4
3.68	  3.2472672E-4
3.69	  3.181057E-4
3.7	  3.1162094E-4
3.71	  3.0526958E-4
3.72	  2.9904884E-4
3.73	  2.9295604E-4
3.74	  2.869885E-4
3.75	  2.811436E-4
3.76	  2.754189E-4
3.77	  2.6981178E-4
3.78	  2.6431985E-4
3.79	  2.5894074E-4
3.8	  2.536721E-4
3.81	  2.485116E-4
3.82	  2.4345709E-4
3.83	  2.385063E-4
3.84	  2.336571E-4
3.85	  2.2890739E-4
3.86	  2.242551E-4
3.87	  2.1969822E-4
3.88	  2.1523479E-4
3.89	  2.1086285E-4
3.9	  2.0658052E-4
3.91	  2.0238594E-4
3.92	  1.9827731E-4
3.93	  1.9425285E-4
3.94	  1.9031079E-4
3.95	  1.8644946E-4
3.96	  1.8266718E-4
3.97	  1.7896232E-4
3.98	  1.7533328E-4
3.99	  1.7177848E-4
4.0	  1.682964E-4


