
X-Axis: PGA (g)
Y-Axis: Annual Probabilitiy
Number of Data Sets: 6


DATASET #1

Name: UCERF3 Full
Num Points: 51
Info: 

X, Y Data:
1.0E-4	0.8395532
1.3E-4	0.8393614
1.6E-4	0.83903575
2.0E-4	0.83836764
2.5E-4	0.83714616
3.2E-4	0.8347553
4.0E-4	0.83118075
5.0E-4	0.82570803
6.3E-4	0.8173725
7.9E-4	0.80585384
0.001	0.78951305
0.00126	0.76840365
0.00158	0.7421909
0.002	0.7085779
0.00251	0.6699689
0.00316	0.62491435
0.00398	0.5746559
0.00501	0.52074206
0.00631	0.46459284
0.00794	0.40835074
0.01	0.35323146
0.01259	0.3008911
0.01585	0.2522338
0.01995	0.20792942
0.02512	0.16826925
0.03162	0.13360424
0.03981	0.1039433
0.05012	0.079245836
0.0631	0.059234448
0.07943	0.04345285
0.1	0.031289596
0.12589	0.022130547
0.15849	0.015383485
0.19953	0.010529831
0.25119	0.007114701
0.31623	0.004746963
0.39811	0.0031118272
0.50119	0.0019800814
0.63096	0.0012019883
0.79433	6.832947E-4
1.0	3.5779187E-4
1.25893	1.7034181E-4
1.58489	7.305659E-5
1.99526	2.8052054E-5
2.51189	9.610156E-6
3.16228	2.933628E-6
3.98107	7.9842283E-7
5.01187	1.9415377E-7
6.30957	4.2326185E-8
7.94328	8.3063645E-9
10.0	1.473906E-9



DATASET #2

Name: UCERF3
Num Points: 401
Info: 

X, Y Data:
1.0E-4	0.051797066
1.0333392E-4	0.051797066
1.06779E-4	0.051797066
1.1033893E-4	0.051797066
1.14017545E-4	0.051797066
1.178188E-4	0.051797066
1.2174679E-4	0.051797066
1.2580573E-4	0.051797062
1.3E-4	0.051797062
1.334183E-4	0.051797062
1.369265E-4	0.051797062
1.4052694E-4	0.051797062
1.4422205E-4	0.051797062
1.4801433E-4	0.051797062
1.5190631E-4	0.051797062
1.5590065E-4	0.051797062
1.6E-4	0.051797062
1.645257E-4	0.051797062
1.691794E-4	0.051797062
1.7396474E-4	0.051797062
1.7888544E-4	0.051797062
1.8394532E-4	0.051797062
1.8914833E-4	0.051797062
1.944985E-4	0.051797062
2.0E-4	0.051797062
2.0565712E-4	0.051797062
2.1147425E-4	0.051797062
2.1745593E-4	0.051797062
2.236068E-4	0.051797062
2.2993165E-4	0.051797062
2.364354E-4	0.051797062
2.4312311E-4	0.051797062
2.5E-4	0.051797062
2.5783465E-4	0.051797062
2.659148E-4	0.051797062
2.742482E-4	0.051797062
2.8284272E-4	0.051797062
2.917066E-4	0.051797062
3.0084825E-4	0.051797062
3.102764E-4	0.051797062
3.2E-4	0.05179706
3.290514E-4	0.05179706
3.383588E-4	0.05179706
3.4792948E-4	0.051797055
3.5777088E-4	0.051797055
3.6789064E-4	0.05179705
3.7829665E-4	0.05179705
3.88997E-4	0.051797047
4.0E-4	0.051797044
4.1131425E-4	0.05179704
4.229485E-4	0.051797032
4.3491187E-4	0.05179703
4.472136E-4	0.05179702
4.598633E-4	0.05179701
4.728708E-4	0.051797003
4.8624622E-4	0.051796988
5.0E-4	0.051796973
5.1465514E-4	0.051796958
5.2973983E-4	0.051796935
5.4526667E-4	0.05179691
5.612486E-4	0.05179688
5.77699E-4	0.051796842
5.946315E-4	0.0517968
6.120603E-4	0.05179675
6.3E-4	0.051796693
6.4807665E-4	0.051796623
6.6667196E-4	0.051796544
6.858008E-4	0.05179645
7.0547854E-4	0.051796343
7.257209E-4	0.051796217
7.465441E-4	0.05179607
7.6796475E-4	0.0517959
7.9E-4	0.051795702
8.136239E-4	0.051795464
8.379543E-4	0.051795185
8.630122E-4	0.05179486
8.8881946E-4	0.051794484
9.153984E-4	0.05179405
9.427722E-4	0.05179355
9.7096455E-4	0.051792968
0.001	0.0517923
0.0010293103	0.05179155
0.0010594797	0.05179069
0.0010905333	0.0517897
0.0011224973	0.051788576
0.001155398	0.051787294
0.001189263	0.051785838
0.0012241206	0.05178418
0.00126	0.0517823
0.0012961533	0.051780216
0.0013333439	0.051777866
0.0013716016	0.051775217
0.0014109571	0.05177224
0.0014514418	0.051768895
0.0014930882	0.051765148
0.0015359295	0.051760945
0.00158	0.05175625
0.0016272478	0.05175078
0.0016759086	0.05174465
0.0017260244	0.0517378
0.0017776389	0.051730152
0.0018307968	0.051721632
0.0018855444	0.05171215
0.0019419291	0.05170162
0.002	0.05168994
0.0020575977	0.051677506
0.002116854	0.05166381
0.002177817	0.051648743
0.0022405356	0.051632196
0.0023050604	0.05161405
0.0023714434	0.051594183
0.0024397383	0.05157246
0.00251	0.051548745
0.0025833033	0.051522516
0.0026587474	0.051493928
0.0027363948	0.05146282
0.0028163097	0.051429022
0.0028985585	0.05139235
0.0029832094	0.051352624
0.0030703326	0.05130965
0.00316	0.05126323
0.0032524571	0.051213074
0.0033476194	0.05115905
0.003445566	0.051100943
0.0035463783	0.05103854
0.0036501405	0.05097162
0.0037569385	0.050899956
0.003866861	0.050823323
0.00398	0.050741497
0.004096165	0.050654463
0.0042157196	0.050561808
0.0043387646	0.0504633
0.0044654002	0.050358716
0.0045957323	0.05024784
0.0047298684	0.05013045
0.0048679197	0.050006326
0.00501	0.049875267
0.005156579	0.04973673
0.0053074467	0.049590822
0.005462728	0.04943735
0.0056225527	0.049276136
0.0057870536	0.049107004
0.005956367	0.048929796
0.0061306343	0.04874436
0.00631	0.048550565
0.006493865	0.04834911
0.0066830874	0.048139118
0.0068778237	0.0479205
0.007078234	0.04769317
0.0072844843	0.04745707
0.0074967444	0.047212135
0.00771519	0.046958342
0.00794	0.046695665
0.008172275	0.046423025
0.008411343	0.046141442
0.008657407	0.04585095
0.008910668	0.04555159
0.009171338	0.045243435
0.009439633	0.04492656
0.009715778	0.044601064
0.01	0.044267066
0.010292081	0.043925226
0.010592694	0.043575183
0.010902087	0.043217104
0.011220517	0.042851165
0.011548247	0.042477556
0.011885551	0.04209648
0.012232705	0.041708164
0.01259	0.041312836
0.012957647	0.04091083
0.013336032	0.040502314
0.013725464	0.040087555
0.01412627	0.039666828
0.014538779	0.039240416
0.014963334	0.03880861
0.015400288	0.038371712
0.01585	0.037930027
0.016312422	0.037484266
0.016788337	0.03703435
0.017278135	0.0365806
0.017782224	0.03612333
0.01830102	0.035662867
0.01883495	0.03519953
0.019384459	0.034733642
0.01995	0.034265526
0.020533005	0.03379473
0.021133045	0.03332234
0.021750621	0.032848667
0.022386245	0.03237402
0.023040446	0.03189871
0.023713762	0.031423032
0.024406755	0.03094728
0.02512	0.03047174
0.025853088	0.02999733
0.02660757	0.02952368
0.027384069	0.02905105
0.02818323	0.028579693
0.029005712	0.028109848
0.029852198	0.027641749
0.030723387	0.027175615
0.03162	0.02671166
0.032543603	0.026249675
0.033494186	0.02579026
0.034472536	0.025333593
0.03547946	0.02487984
0.0365158	0.024429156
0.03758241	0.023981683
0.03868017	0.023537554
0.03981	0.02309689
0.040972695	0.022659848
0.042169347	0.022226475
0.04340095	0.02179686
0.044668525	0.02137108
0.04597312	0.020949198
0.047315817	0.020531274
0.04869773	0.020117356
0.05012	0.019707482
0.0515838	0.019301686
0.053090356	0.018899992
0.05464091	0.018502414
0.05623675	0.018108968
0.0578792	0.017719654
0.059569612	0.017334482
0.0613094	0.016953446
0.0631	0.016576545
0.06494172	0.016204009
0.066837184	0.015835589
0.06878798	0.0154712815
0.070795715	0.015111081
0.072862044	0.014754986
0.074988686	0.014402994
0.077177405	0.014055108
0.07943	0.013711333
0.08174976	0.013371477
0.08413727	0.013035762
0.08659451	0.0127042085
0.08912351	0.012376843
0.09172637	0.0120536955
0.09440525	0.011734802
0.097162366	0.011420207
0.1	0.011109957
0.102919795	0.010804176
0.10592484	0.010502849
0.109017625	0.010206035
0.112200715	0.009913802
0.11547674	0.009626215
0.11884842	0.009343347
0.12231855	0.009065268
0.12589	0.008792049
0.12956645	0.008523712
0.13335027	0.00826038
0.13724458	0.008002118
0.14125264	0.007748993
0.14537773	0.0075010625
0.14962329	0.0072583803
0.15399285	0.0070209946
0.15849	0.0067889453
0.16311829	0.0065622744
0.16788174	0.0063409954
0.17278428	0.0061251232
0.17783	0.0059146616
0.18302307	0.0057096058
0.18836778	0.0055099404
0.19386858	0.0053156386
0.19953	0.0051266644
0.20535603	0.004942993
0.21135218	0.0047645443
0.21752341	0.0045912517
0.22387484	0.0044230395
0.23041171	0.0042598234
0.23713945	0.0041015116
0.24406363	0.003948004
0.25119	0.0037991952
0.25852492	0.0036549647
0.26607406	0.0035152063
0.27384362	0.0033798004
0.28184006	0.0032486247
0.29007	0.0031215556
0.29854023	0.0029984678
0.30725783	0.0028792368
0.31623	0.0027637389
0.32546407	0.0026518526
0.33496782	0.002543458
0.34474903	0.002438439
0.3548159	0.0023366835
0.3651767	0.0022380834
0.37584007	0.0021425358
0.3868148	0.0020499427
0.39811	0.0019602124
0.40973493	0.0018732584
0.42169935	0.0017889994
0.4340131	0.0017073604
0.44668642	0.0016282719
0.4597298	0.0015516699
0.47315407	0.0014774958
0.4869703	0.0014056962
0.50119	0.001336222
0.5158249	0.0012690288
0.5308872	0.0012040758
0.5463893	0.0011413255
0.5623441	0.0010807437
0.57876474	0.0010222986
0.59566486	9.659599E-4
0.61305845	9.116994E-4
0.63096	8.5948943E-4
0.6493842	8.093034E-4
0.6683464	7.611143E-4
0.6878623	7.1489514E-4
0.7079481	6.706182E-4
0.72862035	6.2825496E-4
0.7498962	5.8777555E-4
0.7717934	5.491487E-4
0.79433	5.1234156E-4
0.8175246	4.7731932E-4
0.8413966	4.4404544E-4
0.86596555	4.1248128E-4
0.8912519	3.8258635E-4
0.9172767	3.5431818E-4
0.9440614	3.2763244E-4
0.97162825	3.02483E-4
1.0	2.788221E-4
1.029201	2.5659992E-4
1.0592546	2.3576654E-4
1.090186	2.1627021E-4
1.1220205	1.9805836E-4
1.1547846	1.8107769E-4
1.1885055	1.652744E-4
1.223211	1.5059453E-4
1.25893	1.3698405E-4
1.2956905	1.2438968E-4
1.3335243	1.1275753E-4
1.3724631	1.02034915E-4
1.4125386	9.2170005E-5
1.4537846	8.311199E-5
1.4962348	7.481129E-5
1.5399245	6.721964E-5
1.58489	6.0290302E-5
1.6311698	5.3977943E-5
1.678801	4.823932E-5
1.727823	4.3032764E-5
1.7782766	3.831846E-5
1.8302034	3.4058485E-5
1.8836465	3.0216837E-5
1.9386501	2.6759451E-5
1.99526	2.3654204E-5
2.0535233	2.087087E-5
2.113488	1.8381163E-5
2.1752036	1.6158632E-5
2.2387214	1.417864E-5
2.304094	1.2418304E-5
2.3713756	1.0856435E-5
2.4406219	9.473472E-6
2.51189	8.251406E-6
2.5852382	7.173723E-6
2.6607285	6.2252743E-6
2.7384229	5.3922504E-6
2.818386	4.6620817E-6
2.900684	4.023359E-6
2.9853854	3.465754E-6
3.0725598	2.9799417E-6
3.16228	2.5575266E-6
3.2546198	2.1909705E-6
3.3496559	1.8735198E-6
3.447467	1.5991424E-6
3.5481343	1.3624638E-6
3.6517413	1.1587075E-6
3.7583735	9.836392E-7
3.8681195	8.3351483E-7
3.98107	7.0503177E-7
4.097319	5.9528384E-7
4.2169633	5.017214E-7
4.340101	4.2211136E-7
4.466834	3.5450321E-7
4.5972676	2.971975E-7
4.7315106	2.487167E-7
4.869673	2.0777958E-7
5.01187	1.7327747E-7
5.1582193	1.4425336E-7
5.3088417	1.198831E-7
5.463863	9.945841E-8
5.62341	8.2372104E-8
5.7876167	6.810476E-8
5.9566183	5.6213043E-8
6.1305547	4.6319375E-8
6.30957	3.8102907E-8
6.493813	3.1291524E-8
6.683436	2.5655025E-8
6.878596	2.099904E-8
7.079455	1.7159755E-8
7.286179	1.39994585E-8
7.4989395	1.1402595E-8
7.7179127	9.272417E-9
7.94328	7.528037E-9
8.175228	6.102034E-9
8.41395	4.938266E-9
8.659641	3.990124E-9
8.912508	3.2189273E-9
9.172758	2.5927236E-9
9.440608	2.085081E-9
9.716279	1.6742292E-9
10.0	1.3422585E-9



DATASET #3

Name: RSQSim
Num Points: 401
Info: 

X, Y Data:
1.0E-4	0.08285194
1.0333392E-4	0.08285194
1.06779E-4	0.08285194
1.1033893E-4	0.08285194
1.14017545E-4	0.08285194
1.178188E-4	0.08285194
1.2174679E-4	0.08285194
1.2580573E-4	0.08285194
1.3E-4	0.08285194
1.334183E-4	0.08285194
1.369265E-4	0.08285194
1.4052694E-4	0.08285194
1.4422205E-4	0.08285194
1.4801433E-4	0.08285194
1.5190631E-4	0.08285194
1.5590065E-4	0.08285194
1.6E-4	0.08285194
1.645257E-4	0.08285194
1.691794E-4	0.08285194
1.7396474E-4	0.08285194
1.7888544E-4	0.08285194
1.8394532E-4	0.08285194
1.8914833E-4	0.08285194
1.944985E-4	0.08285194
2.0E-4	0.08285194
2.0565712E-4	0.08285194
2.1147425E-4	0.08285194
2.1745593E-4	0.08285194
2.236068E-4	0.08285194
2.2993165E-4	0.08285194
2.364354E-4	0.08285193
2.4312311E-4	0.08285193
2.5E-4	0.08285193
2.5783465E-4	0.08285193
2.659148E-4	0.08285193
2.742482E-4	0.08285193
2.8284272E-4	0.08285193
2.917066E-4	0.08285193
3.0084825E-4	0.08285193
3.102764E-4	0.08285193
3.2E-4	0.08285193
3.290514E-4	0.08285193
3.383588E-4	0.082851924
3.4792948E-4	0.082851924
3.5777088E-4	0.082851924
3.6789064E-4	0.08285192
3.7829665E-4	0.08285192
3.88997E-4	0.08285191
4.0E-4	0.08285191
4.1131425E-4	0.0828519
4.229485E-4	0.082851894
4.3491187E-4	0.08285189
4.472136E-4	0.08285188
4.598633E-4	0.082851864
4.728708E-4	0.08285185
4.8624622E-4	0.082851835
5.0E-4	0.08285181
5.1465514E-4	0.08285179
5.2973983E-4	0.08285176
5.4526667E-4	0.08285172
5.612486E-4	0.08285168
5.77699E-4	0.082851626
5.946315E-4	0.08285157
6.120603E-4	0.0828515
6.3E-4	0.08285142
6.4807665E-4	0.08285132
6.6667196E-4	0.08285121
6.858008E-4	0.082851075
7.0547854E-4	0.08285092
7.257209E-4	0.08285074
7.465441E-4	0.08285053
7.6796475E-4	0.082850285
7.9E-4	0.08285
8.136239E-4	0.08284966
8.379543E-4	0.08284926
8.630122E-4	0.08284879
8.8881946E-4	0.08284824
9.153984E-4	0.08284761
9.427722E-4	0.08284688
9.7096455E-4	0.08284604
0.001	0.08284506
0.0010293103	0.08284397
0.0010594797	0.0828427
0.0010905333	0.082841255
0.0011224973	0.0828396
0.001155398	0.082837716
0.001189263	0.08283556
0.0012241206	0.08283311
0.00126	0.082830325
0.0012961533	0.082827225
0.0013333439	0.08282373
0.0013716016	0.08281979
0.0014109571	0.08281534
0.0014514418	0.08281034
0.0014930882	0.082804725
0.0015359295	0.08279842
0.00158	0.082791366
0.0016272478	0.082783125
0.0016759086	0.08277388
0.0017260244	0.08276352
0.0017776389	0.082751945
0.0018307968	0.082739025
0.0018855444	0.08272462
0.0019419291	0.0827086
0.002	0.08269079
0.0020575977	0.0826718
0.002116854	0.082650855
0.002177817	0.08262777
0.0022405356	0.08260239
0.0023050604	0.08257451
0.0023714434	0.08254394
0.0024397383	0.082510464
0.00251	0.08247386
0.0025833033	0.08243332
0.0026587474	0.08238908
0.0027363948	0.08234086
0.0028163097	0.0822884
0.0028985585	0.0822314
0.0029832094	0.08216958
0.0030703326	0.082102604
0.00316	0.08203018
0.0032524571	0.08195181
0.0033476194	0.08186731
0.003445566	0.0817763
0.0035463783	0.08167845
0.0036501405	0.0815734
0.0037569385	0.08146077
0.003866861	0.0813402
0.00398	0.08121133
0.004096165	0.0810741
0.0042157196	0.08092787
0.0043387646	0.08077225
0.0044654002	0.08060687
0.0045957323	0.08043138
0.0047298684	0.080245405
0.0048679197	0.0800486
0.00501	0.07984062
0.005156579	0.07962059
0.0053074467	0.07938867
0.005462728	0.079144545
0.0056225527	0.07888791
0.0057870536	0.07861848
0.005956367	0.078336
0.0061306343	0.078040205
0.00631	0.07773087
0.006493865	0.07740912
0.0066830874	0.07707354
0.0068778237	0.07672398
0.007078234	0.0763603
0.0072844843	0.075982384
0.0074967444	0.07559014
0.00771519	0.07518351
0.00794	0.074762456
0.008172275	0.07432524
0.008411343	0.07387349
0.008657407	0.07340725
0.008910668	0.07292658
0.009171338	0.07243159
0.009439633	0.071922384
0.009715778	0.07139912
0.01	0.07086198
0.010292081	0.07031201
0.010592694	0.06974861
0.010902087	0.06917203
0.011220517	0.06858255
0.011548247	0.06798043
0.011885551	0.067366
0.012232705	0.06673956
0.01259	0.06610148
0.012957647	0.06545223
0.013336032	0.064792074
0.013725464	0.06412138
0.01412627	0.06344054
0.014538779	0.06274996
0.014963334	0.062050063
0.015400288	0.061341263
0.01585	0.06062399
0.016312422	0.059899326
0.016788337	0.05916707
0.017278135	0.05842765
0.017782224	0.057681512
0.01830102	0.05692908
0.01883495	0.056170795
0.019384459	0.05540709
0.01995	0.054638386
0.020533005	0.05386385
0.021133045	0.05308515
0.021750621	0.0523027
0.022386245	0.051516913
0.023040446	0.0507282
0.023713762	0.049936946
0.024406755	0.04914355
0.02512	0.04834839
0.025853088	0.047552917
0.02660757	0.046756428
0.027384069	0.045959283
0.02818323	0.045161836
0.029005712	0.044364426
0.029852198	0.043567397
0.030723387	0.04277108
0.03162	0.04197579
0.032543603	0.04118115
0.033494186	0.040388178
0.034472536	0.039597172
0.03547946	0.03880843
0.0365158	0.038022257
0.03758241	0.037238937
0.03868017	0.03645875
0.03981	0.035681978
0.040972695	0.034908984
0.042169347	0.034139957
0.04340095	0.03337516
0.044668525	0.03261486
0.04597312	0.03185932
0.047315817	0.031108804
0.04869773	0.030363569
0.05012	0.029623872
0.0515838	0.028889973
0.053090356	0.028162125
0.05464091	0.027440581
0.05623675	0.0267256
0.0578792	0.026017431
0.059569612	0.02531633
0.0613094	0.02462255
0.0631	0.023936348
0.06494172	0.0232584
0.066837184	0.022588527
0.06878798	0.02192698
0.070795715	0.021274013
0.072862044	0.020629877
0.074988686	0.019994823
0.077177405	0.0193691
0.07943	0.018752951
0.08174976	0.01814626
0.08413727	0.017549638
0.08659451	0.01696332
0.08912351	0.016387535
0.09172637	0.015822506
0.09440525	0.015268446
0.097162366	0.014725559
0.1	0.014194043
0.102919795	0.013674204
0.10592484	0.013166084
0.109017625	0.012669839
0.112200715	0.012185613
0.11547674	0.011713532
0.11884842	0.011253704
0.12231855	0.010806222
0.12589	0.010371157
0.12956645	0.00994848
0.13335027	0.009538308
0.13724458	0.00914065
0.14125264	0.008755494
0.14537773	0.008382806
0.14962329	0.008022527
0.15399285	0.00767458
0.15849	0.00733886
0.16311829	0.007015257
0.16788174	0.00670361
0.17278428	0.0064037503
0.17783	0.00611549
0.18302307	0.0058386214
0.18836778	0.0055729174
0.19386858	0.0053181346
0.19953	0.0050740126
0.20535603	0.004840304
0.21135218	0.0046166917
0.21752341	0.0044028754
0.22387484	0.0041985456
0.23041171	0.0040033846
0.23713945	0.0038170684
0.24406363	0.0036392673
0.25119	0.003469649
0.25852492	0.0033078694
0.26607406	0.003153606
0.27384362	0.0030065272
0.28184006	0.0028663042
0.29007	0.0027326134
0.29854023	0.0026051372
0.30725783	0.0024835651
0.31623	0.002367596
0.32546407	0.0022569378
0.33496782	0.0021513086
0.34474903	0.0020504375
0.3548159	0.0019540663
0.3651767	0.0018619484
0.37584007	0.0017738504
0.3868148	0.0016895517
0.39811	0.001608845
0.40973493	0.001531536
0.42169935	0.001457443
0.4340131	0.001386397
0.44668642	0.0013182422
0.4597298	0.0012528339
0.47315407	0.0011900396
0.4869703	0.0011297376
0.50119	0.0010718169
0.5158249	0.0010161757
0.5308872	9.6272206E-4
0.5463893	9.113717E-4
0.5623441	8.6204853E-4
0.57876474	8.146831E-4
0.59566486	7.692122E-4
0.61305845	7.255782E-4
0.63096	6.8372826E-4
0.6493842	6.436137E-4
0.6683464	6.05189E-4
0.6878623	5.6841184E-4
0.7079481	5.3324207E-4
0.72862035	4.9964146E-4
0.7498962	4.67573E-4
0.7717934	4.3700056E-4
0.79433	4.0788867E-4
0.8175246	3.80202E-4
0.8413966	3.5390514E-4
0.86596555	3.2896246E-4
0.8912519	3.0533783E-4
0.9172767	2.8299465E-4
0.9440614	2.6189556E-4
0.97162825	2.4200256E-4
1.0	2.2327689E-4
1.029201	2.0567869E-4
1.0592546	1.8916841E-4
1.090186	1.737054E-4
1.1220205	1.5924856E-4
1.1547846	1.4575646E-4
1.1885055	1.3318744E-4
1.223211	1.2149972E-4
1.25893	1.106516E-4
1.2956905	1.0060197E-4
1.3335243	9.1309215E-5
1.3724631	8.273269E-5
1.4125386	7.483235E-5
1.4537846	6.756893E-5
1.4962348	6.090405E-5
1.5399245	5.4800323E-5
1.58489	4.922146E-5
1.6311698	4.4132237E-5
1.678801	3.9498987E-5
1.727823	3.528922E-5
1.7782766	3.1471838E-5
1.8302034	2.8017153E-5
1.8836465	2.4896952E-5
1.9386501	2.2084474E-5
1.99526	1.9554443E-5
2.0535233	1.7283033E-5
2.113488	1.5247906E-5
2.1752036	1.3428133E-5
2.2387214	1.1804181E-5
2.304094	1.0357877E-5
2.3713756	9.0723615E-6
2.4406219	7.932041E-6
2.51189	6.922531E-6
2.5852382	6.030617E-6
2.6607285	5.244154E-6
2.7384229	4.552049E-6
2.818386	3.9441857E-6
2.900684	3.4113634E-6
2.9853854	2.9452372E-6
3.0725598	2.5382585E-6
3.16228	2.1836167E-6
3.2546198	1.8751844E-6
3.3496559	1.607461E-6
3.447467	1.3755232E-6
3.5481343	1.1749751E-6
3.6517413	1.0019015E-6
3.7583735	8.528241E-7
3.8681195	7.246604E-7
3.98107	6.146854E-7
4.097319	5.2049546E-7
4.2169633	4.399768E-7
4.340101	3.7127379E-7
4.466834	3.1276156E-7
4.5972676	2.6302075E-7
4.7315106	2.208143E-7
4.869673	1.8506658E-7
5.01187	1.548444E-7
5.1582193	1.2933998E-7
5.3088417	1.0785564E-7
5.463863	8.97902E-8
5.62341	7.462665E-8
5.7876167	6.192144E-8
5.9566183	5.1294787E-8
6.1305547	4.242224E-8
6.30957	3.502717E-8
6.493813	2.8874235E-8
6.683436	2.3763631E-8
6.878596	1.9526075E-8
7.079455	1.6018424E-8
7.286179	1.3119891E-8
7.4989395	1.072874E-8
7.7179127	8.759466E-9
7.94328	7.1403536E-9
8.175228	5.811367E-9
8.41395	4.7223225E-9
8.659641	3.831368E-9
8.912508	3.103662E-9
9.172758	2.5102733E-9
9.440608	2.0272002E-9
9.716279	1.6345703E-9
10.0	1.3159606E-9



DATASET #4

Name: 1000yr
Num Points: 2
Info: 

X, Y Data:
0.001	0.001
10.0	0.001



DATASET #5

Name: 2500yr
Num Points: 2
Info: 

X, Y Data:
0.001	4.0E-4
10.0	4.0E-4



DATASET #6

Name: 10000yr
Num Points: 2
Info: 

X, Y Data:
0.001	1.0E-4
10.0	1.0E-4


