
X-Axis: Normalized Interevent Time
Y-Axis: Probability
Number of Data Sets: 3


DATASET #1

     Name: Bruce 2336 Histogram
   Points: 41
     Info: 

Data[x,y]:
0.05	  0.0018237003
0.15	  0.005814071
0.25	  0.008581291
0.35	  0.01372162
0.45	  0.016984293
0.55	  0.018382916
0.65	  0.037301637
0.75	  0.08646178
0.85	  0.1267244
0.95	  0.29955837
1.05	  0.23157239
1.15	  0.056742083
1.25	  0.01366438
1.35	  0.015230501
1.45	  0.014671708
1.55	  0.010738108
1.65	  0.008235975
1.75	  0.00567144
1.85	  0.004447351
1.95	  0.0039134254
2.05	  0.0038514934
2.15	  0.0020986393
2.25	  0.0013141715
2.35	  0.0012025067
2.45	  0.001370473
2.55	  0.0014755691
2.65	  0.0013929936
2.75	  0.0012531781
2.85	  6.19786E-4
2.95	  8.4780715E-4
3.05	  5.784982E-4
3.15	  6.835943E-4
3.25	  1.8720258E-4
3.35	  0.0010106124
3.45	  1.8251078E-4
3.55	  2.524185E-4
3.65	  7.8352954E-5
3.75	  8.7736546E-5
3.85	  1.5576756E-4
3.95	  5.9585782E-5
4.05	  0.0010556536



DATASET #2

     Name: Log-Normal Fit
   Points: 401
     Info: 

Data[x,y]:
0.005	  0.0
0.015	  9.577589E-27
0.025	  1.195116E-21
0.035	  2.290543E-18
0.045	  5.182301E-16
0.055	  3.248824E-14
0.065	  8.7103133E-13
0.075	  1.2828245E-11
0.085	  1.2145467E-10
0.095	  8.2093055E-10
0.105	  4.261644E-9
0.115	  1.7911049E-8
0.125	  6.337622E-8
0.135	  1.9449047E-7
0.145	  5.297102E-7
0.155	  1.3038638E-6
0.165	  2.9430128E-6
0.175	  6.163654E-6
0.185	  1.209408E-5
0.195	  2.2412049E-5
0.205	  3.9489616E-5
0.215	  6.6533685E-5
0.225	  1.0770978E-4
0.235	  1.6823699E-4
0.245	  2.5444364E-4
0.255	  3.7377593E-4
0.265	  5.347552E-4
0.275	  7.468828E-4
0.285	  0.0010204957
0.295	  0.0013665769
0.305	  0.0017965306
0.315	  0.0023219301
0.325	  0.0029542504
0.335	  0.003704593
0.345	  0.0045834193
0.355	  0.005600294
0.365	  0.0067636557
0.375	  0.008080611
0.385	  0.009556767
0.395	  0.011196098
0.405	  0.013000855
0.415	  0.014971507
0.425	  0.017106729
0.435	  0.019403419
0.445	  0.02185675
0.455	  0.024460256
0.465	  0.027205938
0.475	  0.03008439
0.485	  0.03308494
0.495	  0.036195826
0.505	  0.03940433
0.515	  0.042696983
0.525	  0.046059713
0.535	  0.049478024
0.545	  0.052937154
0.555	  0.056422245
0.565	  0.05991847
0.575	  0.06341119
0.585	  0.06688608
0.595	  0.07032922
0.605	  0.07372723
0.615	  0.077067316
0.625	  0.0803374
0.635	  0.083526105
0.645	  0.0866229
0.655	  0.08961805
0.665	  0.0925027
0.675	  0.09526886
0.685	  0.09790943
0.695	  0.10041819
0.705	  0.10278978
0.715	  0.105019726
0.725	  0.10710436
0.735	  0.109040834
0.745	  0.11082707
0.755	  0.11246174
0.765	  0.11394419
0.775	  0.11527445
0.785	  0.11645317
0.795	  0.11748156
0.805	  0.118361376
0.815	  0.11909485
0.825	  0.11968465
0.835	  0.12013388
0.845	  0.12044595
0.855	  0.12062463
0.865	  0.12067396
0.875	  0.120598204
0.885	  0.120401844
0.895	  0.120089516
0.905	  0.119666
0.915	  0.1191362
0.925	  0.11850507
0.935	  0.117777616
0.945	  0.11695889
0.955	  0.116053924
0.965	  0.11506775
0.975	  0.11400536
0.985	  0.11287166
0.995	  0.111671545
1.005	  0.11040977
1.015	  0.10909102
1.025	  0.10771987
1.035	  0.10630078
1.045	  0.10483808
1.055	  0.10333598
1.065	  0.10179853
1.075	  0.10022966
1.085	  0.098633155
1.095	  0.09701264
1.105	  0.0953716
1.115	  0.09371336
1.125	  0.09204111
1.135	  0.09035788
1.145	  0.08866654
1.155	  0.08696985
1.165	  0.08527038
1.175	  0.08357059
1.185	  0.081872776
1.195	  0.08017912
1.205	  0.07849164
1.215	  0.07681226
1.225	  0.07514275
1.235	  0.07348476
1.245	  0.07183985
1.255	  0.07020942
1.265	  0.0685948
1.275	  0.066997185
1.285	  0.065417685
1.295	  0.06385731
1.305	  0.06231697
1.315	  0.06079749
1.325	  0.05929961
1.335	  0.057823993
1.345	  0.056371216
1.355	  0.054941792
1.365	  0.053536154
1.375	  0.052154683
1.385	  0.050797686
1.395	  0.049465418
1.405	  0.04815808
1.415	  0.046875816
1.425	  0.045618728
1.435	  0.04438687
1.445	  0.043180253
1.455	  0.041998852
1.465	  0.040842596
1.475	  0.03971139
1.485	  0.038605105
1.495	  0.037523583
1.505	  0.036466632
1.515	  0.03543405
1.525	  0.034425598
1.535	  0.033441022
1.545	  0.032480054
1.555	  0.031542405
1.565	  0.030627765
1.575	  0.02973582
1.585	  0.02886624
1.595	  0.028018685
1.605	  0.027192803
1.615	  0.026388235
1.625	  0.025604619
1.635	  0.02484158
1.645	  0.024098746
1.655	  0.023375737
1.665	  0.022672169
1.675	  0.021987658
1.685	  0.021321818
1.695	  0.020674266
1.705	  0.020044612
1.715	  0.019432472
1.725	  0.018837463
1.735	  0.018259203
1.745	  0.017697312
1.755	  0.017151412
1.765	  0.01662113
1.775	  0.016106097
1.785	  0.015605945
1.795	  0.015120314
1.805	  0.014648847
1.815	  0.01419119
1.825	  0.0137469955
1.835	  0.013315922
1.845	  0.012897632
1.855	  0.012491793
1.865	  0.012098081
1.875	  0.011716176
1.885	  0.011345761
1.895	  0.01098653
1.905	  0.010638179
1.915	  0.010300412
1.925	  0.009972938
1.935	  0.009655474
1.945	  0.009347739
1.955	  0.009049462
1.965	  0.008760377
1.975	  0.008480222
1.985	  0.008208744
1.995	  0.007945693
2.005	  0.0076908274
2.015	  0.007443909
2.025	  0.0072047077
2.035	  0.0069729965
2.045	  0.0067485566
2.055	  0.0065311724
2.065	  0.006320636
2.075	  0.0061167427
2.085	  0.005919295
2.095	  0.005728099
2.105	  0.0055429665
2.115	  0.005363715
2.125	  0.0051901657
2.135	  0.0050221453
2.145	  0.0048594857
2.155	  0.0047020223
2.165	  0.004549596
2.175	  0.004402051
2.185	  0.004259238
2.195	  0.0041210097
2.205	  0.0039872243
2.215	  0.003857743
2.225	  0.0037324321
2.235	  0.0036111611
2.245	  0.0034938033
2.255	  0.0033802362
2.265	  0.0032703404
2.275	  0.003164
2.285	  0.003061103
2.295	  0.0029615401
2.305	  0.002865206
2.315	  0.0027719978
2.325	  0.0026818162
2.335	  0.002594565
2.345	  0.0025101502
2.355	  0.0024284814
2.365	  0.0023494707
2.375	  0.002273033
2.385	  0.0021990854
2.395	  0.002127548
2.405	  0.0020583433
2.415	  0.0019913958
2.425	  0.0019266333
2.435	  0.0018639847
2.445	  0.001803382
2.455	  0.0017447586
2.465	  0.0016880506
2.475	  0.0016331958
2.485	  0.0015801342
2.495	  0.0015288073
2.505	  0.0014791589
2.515	  0.0014311343
2.525	  0.0013846805
2.535	  0.0013397465
2.545	  0.0012962826
2.555	  0.0012542409
2.565	  0.0012135748
2.575	  0.0011742396
2.585	  0.0011361914
2.595	  0.0010993885
2.605	  0.0010637899
2.615	  0.0010293563
2.625	  9.960494E-4
2.635	  9.6383225E-4
2.645	  9.326692E-4
2.655	  9.025257E-4
2.665	  8.733682E-4
2.675	  8.4516435E-4
2.685	  8.178829E-4
2.695	  7.914935E-4
2.705	  7.6596683E-4
2.715	  7.4127456E-4
2.725	  7.173893E-4
2.735	  6.9428445E-4
2.745	  6.7193434E-4
2.755	  6.503142E-4
2.765	  6.294E-4
2.775	  6.091685E-4
2.785	  5.895973E-4
2.795	  5.706646E-4
2.805	  5.523494E-4
2.815	  5.3463137E-4
2.825	  5.174909E-4
2.835	  5.00909E-4
2.845	  4.8486725E-4
2.855	  4.693479E-4
2.865	  4.543337E-4
2.875	  4.398081E-4
2.885	  4.25755E-4
2.895	  4.1215884E-4
2.905	  3.990046E-4
2.915	  3.8627777E-4
2.925	  3.7396426E-4
2.935	  3.620505E-4
2.945	  3.5052333E-4
2.955	  3.3937005E-4
2.965	  3.2857835E-4
2.975	  3.181364E-4
2.985	  3.0803267E-4
2.995	  2.9825605E-4
3.005	  2.8879585E-4
3.015	  2.7964162E-4
3.025	  2.7078335E-4
3.035	  2.622113E-4
3.045	  2.5391614E-4
3.055	  2.4588872E-4
3.065	  2.3812031E-4
3.075	  2.3060241E-4
3.085	  2.233268E-4
3.095	  2.1628557E-4
3.105	  2.0947102E-4
3.115	  2.0287574E-4
3.125	  1.9649256E-4
3.135	  1.9031456E-4
3.145	  1.84335E-4
3.155	  1.7854742E-4
3.165	  1.7294553E-4
3.175	  1.6752326E-4
3.185	  1.6227478E-4
3.195	  1.571944E-4
3.205	  1.5227664E-4
3.215	  1.475162E-4
3.225	  1.4290796E-4
3.235	  1.3844695E-4
3.245	  1.3412838E-4
3.255	  1.2994763E-4
3.265	  1.259002E-4
3.275	  1.2198176E-4
3.285	  1.1818812E-4
3.295	  1.1451524E-4
3.305	  1.1095918E-4
3.315	  1.0751616E-4
3.325	  1.0418252E-4
3.335	  1.0095471E-4
3.345	  9.7829296E-5
3.355	  9.480297E-5
3.365	  9.187253E-5
3.375	  8.903486E-5
3.385	  8.628698E-5
3.395	  8.362598E-5
3.405	  8.104905E-5
3.415	  7.855349E-5
3.425	  7.613666E-5
3.435	  7.3796036E-5
3.445	  7.152916E-5
3.455	  6.933366E-5
3.465	  6.7207235E-5
3.475	  6.5147666E-5
3.485	  6.31528E-5
3.495	  6.122057E-5
3.505	  5.934896E-5
3.515	  5.753602E-5
3.525	  5.5779878E-5
3.535	  5.407871E-5
3.545	  5.2430758E-5
3.555	  5.083432E-5
3.565	  4.928774E-5
3.575	  4.778944E-5
3.585	  4.6337867E-5
3.595	  4.4931534E-5
3.605	  4.3568998E-5
3.615	  4.2248863E-5
3.625	  4.0969775E-5
3.635	  3.9730436E-5
3.645	  3.8529575E-5
3.655	  3.7365968E-5
3.665	  3.6238438E-5
3.675	  3.5145837E-5
3.685	  3.4087054E-5
3.695	  3.306102E-5
3.705	  3.2066695E-5
3.715	  3.1103078E-5
3.725	  3.01692E-5
3.735	  2.9264116E-5
3.745	  2.8386918E-5
3.755	  2.7536726E-5
3.765	  2.6712687E-5
3.775	  2.591398E-5
3.785	  2.5139803E-5
3.795	  2.4389386E-5
3.805	  2.3661982E-5
3.815	  2.2956867E-5
3.825	  2.227334E-5
3.835	  2.1610726E-5
3.845	  2.0968366E-5
3.855	  2.0345626E-5
3.865	  1.9741892E-5
3.875	  1.915657E-5
3.885	  1.8589086E-5
3.895	  1.8038878E-5
3.905	  1.7505408E-5
3.915	  1.6988157E-5
3.925	  1.6486616E-5
3.935	  1.6000295E-5
3.945	  1.5528723E-5
3.955	  1.50714395E-5
3.965	  1.4628E-5
3.975	  1.4197975E-5
3.985	  1.3780948E-5
3.995	  1.3376517E-5
4.005	  1.298429E-5



DATASET #3

     Name: BPT Fit
   Points: 401
     Info: Mean = 100.0, Aperiodicity = 0.5, Duration = 30.0, Delta T = 1.0, Num Points = 500, Historic Open Interval = 0.0
Computed mean = 0.9825575

Data[x,y]:
0.0	  0.0
0.01	  0.0
0.02	  0.0
0.03	  0.0
0.04	  1.0304414E-37
0.05	  1.369722E-29
0.06	  3.3480207E-24
0.07	  2.2541525E-20
0.08	  1.6149739E-17
0.09	  2.606014E-15
0.1	  1.4843606E-13
0.11	  3.970597E-12
0.12	  6.032304E-11
0.13	  5.9360866E-10
0.14	  4.155493E-9
0.15	  2.2165036E-8
0.16	  9.4835634E-8
0.17	  3.3852263E-7
0.18	  1.0393568E-6
0.19	  2.8115587E-6
0.2	  6.8309287E-6
0.21	  1.5139392E-5
0.22	  3.0998828E-5
0.23	  5.925671E-5
0.24	  1.0667667E-4
0.25	  1.8218622E-4
0.26	  2.970012E-4
0.27	  4.6460037E-4
0.28	  7.0053973E-4
0.29	  0.0010221144
0.3	  0.0014478886
0.31	  0.0019971267
0.32	  0.0026891625
0.33	  0.0035427469
0.34	  0.0045754127
0.35	  0.0058028856
0.36	  0.0072385725
0.37	  0.008893141
0.38	  0.0107742045
0.39	  0.012886115
0.4	  0.015229866
0.41	  0.017803088
0.42	  0.020600148
0.43	  0.023612311
0.44	  0.026827985
0.45	  0.030233001
0.46	  0.033810936
0.47	  0.037543457
0.48	  0.04141069
0.49	  0.045391563
0.5	  0.049464177
0.51	  0.05360613
0.52	  0.05779483
0.53	  0.062007815
0.54	  0.06622298
0.55	  0.070418835
0.56	  0.074574694
0.57	  0.078670874
0.58	  0.08268881
0.59	  0.086611174
0.6	  0.090421975
0.61	  0.094106615
0.62	  0.097651914
0.63	  0.10104616
0.64	  0.10427906
0.65	  0.107341796
0.66	  0.1102269
0.67	  0.112928286
0.68	  0.11544119
0.69	  0.11776205
0.7	  0.11988854
0.71	  0.121819384
0.72	  0.12355438
0.73	  0.12509426
0.74	  0.12644064
0.75	  0.12759596
0.76	  0.12856336
0.77	  0.12934662
0.78	  0.12995014
0.79	  0.13037877
0.8	  0.13063787
0.81	  0.13073312
0.82	  0.13067053
0.83	  0.1304564
0.84	  0.1300972
0.85	  0.12959957
0.86	  0.12897025
0.87	  0.12821606
0.88	  0.12734386
0.89	  0.12636049
0.9	  0.12527275
0.91	  0.124087386
0.92	  0.12281105
0.93	  0.12145028
0.94	  0.12001149
0.95	  0.11850093
0.96	  0.116924696
0.97	  0.11528871
0.98	  0.1135987
0.99	  0.111860186
1.0	  0.11007852
1.01	  0.10825882
1.02	  0.106406
1.03	  0.10452478
1.04	  0.102619626
1.05	  0.10069482
1.06	  0.098754436
1.07	  0.09680232
1.08	  0.094842106
1.09	  0.092877254
1.1	  0.09091099
1.11	  0.08894638
1.12	  0.08698625
1.13	  0.08503329
1.14	  0.08308997
1.15	  0.081158616
1.16	  0.07924137
1.17	  0.07734022
1.18	  0.075456984
1.19	  0.07359334
1.2	  0.07175083
1.21	  0.06993084
1.22	  0.068134636
1.23	  0.06636336
1.24	  0.06461803
1.25	  0.06289956
1.26	  0.06120874
1.27	  0.05954628
1.28	  0.057912778
1.29	  0.05630875
1.3	  0.054734617
1.31	  0.053190734
1.32	  0.05167737
1.33	  0.050194725
1.34	  0.048742935
1.35	  0.04732208
1.36	  0.045932174
1.37	  0.044573177
1.38	  0.04324501
1.39	  0.041947544
1.4	  0.0406806
1.41	  0.039443966
1.42	  0.038237397
1.43	  0.037060615
1.44	  0.03591331
1.45	  0.034795146
1.46	  0.033705764
1.47	  0.03264478
1.48	  0.03161179
1.49	  0.030606374
1.5	  0.029628105
1.51	  0.02867653
1.52	  0.02775119
1.53	  0.026851619
1.54	  0.025977334
1.55	  0.025127854
1.56	  0.02430269
1.57	  0.023501348
1.58	  0.022723328
1.59	  0.021968134
1.6	  0.021235267
1.61	  0.020524226
1.62	  0.019834515
1.63	  0.019165635
1.64	  0.018517096
1.65	  0.017888403
1.66	  0.017279072
1.67	  0.01668862
1.68	  0.01611657
1.69	  0.015562453
1.7	  0.015025799
1.71	  0.014506151
1.72	  0.014003055
1.73	  0.013516066
1.74	  0.013044743
1.75	  0.012588656
1.76	  0.01214738
1.77	  0.011720499
1.78	  0.011307605
1.79	  0.010908296
1.8	  0.010522181
1.81	  0.0101488745
1.82	  0.009788
1.83	  0.009439191
1.84	  0.009102086
1.85	  0.008776333
1.86	  0.00846159
1.87	  0.008157521
1.88	  0.007863797
1.89	  0.0075801015
1.9	  0.007306121
1.91	  0.007041552
1.92	  0.0067860996
1.93	  0.0065394756
1.94	  0.0063013993
1.95	  0.0060715973
1.96	  0.0058498047
1.97	  0.005635763
1.98	  0.005429221
1.99	  0.005229934
2.0	  0.005037665
2.01	  0.0048521836
2.02	  0.004673266
2.03	  0.004500694
2.04	  0.004334257
2.05	  0.0041737505
2.06	  0.004018975
2.07	  0.0038697382
2.08	  0.0037258526
2.09	  0.0035871372
2.1	  0.0034534163
2.11	  0.0033245191
2.12	  0.003200281
2.13	  0.0030805415
2.14	  0.0029651462
2.15	  0.0028539447
2.16	  0.0027467916
2.17	  0.0026435466
2.18	  0.0025440732
2.19	  0.0024482398
2.2	  0.002355919
2.21	  0.0022669872
2.22	  0.0021813253
2.23	  0.0020988176
2.24	  0.0020193527
2.25	  0.0019428227
2.26	  0.0018691231
2.27	  0.0017981533
2.28	  0.0017298155
2.29	  0.0016640158
2.3	  0.0016006631
2.31	  0.0015396695
2.32	  0.0014809499
2.33	  0.0014244224
2.34	  0.0013700078
2.35	  0.0013176295
2.36	  0.0012672136
2.37	  0.0012186888
2.38	  0.0011719862
2.39	  0.0011270394
2.4	  0.0010837843
2.41	  0.0010421588
2.42	  0.0010021033
2.43	  9.6356025E-4
2.44	  9.264738E-4
2.45	  8.907904E-4
2.46	  8.564584E-4
2.47	  8.234277E-4
2.48	  7.916503E-4
2.49	  7.610797E-4
2.5	  7.3167117E-4
2.51	  7.033815E-4
2.52	  6.761691E-4
2.53	  6.499939E-4
2.54	  6.248171E-4
2.55	  6.0060155E-4
2.56	  5.773112E-4
2.57	  5.549115E-4
2.58	  5.33369E-4
2.59	  5.1265163E-4
2.6	  4.927283E-4
2.61	  4.7356923E-4
2.62	  4.5514564E-4
2.63	  4.3742976E-4
2.64	  4.2039494E-4
2.65	  4.0401542E-4
2.66	  3.8826646E-4
2.67	  3.731242E-4
2.68	  3.5856565E-4
2.69	  3.445687E-4
2.7	  3.3111198E-4
2.71	  3.1817504E-4
2.72	  3.0573807E-4
2.73	  2.9378204E-4
2.74	  2.8228865E-4
2.75	  2.7124028E-4
2.76	  2.606199E-4
2.77	  2.5041125E-4
2.78	  2.4059851E-4
2.79	  2.3116659E-4
2.8	  2.2210088E-4
2.81	  2.1338738E-4
2.82	  2.0501256E-4
2.83	  1.9696343E-4
2.84	  1.8922752E-4
2.85	  1.8179276E-4
2.86	  1.7464756E-4
2.87	  1.6778082E-4
2.88	  1.6118179E-4
2.89	  1.5484016E-4
2.9	  1.4874601E-4
2.91	  1.4288978E-4
2.92	  1.3726231E-4
2.93	  1.3185473E-4
2.94	  1.2665856E-4
2.95	  1.2166563E-4
2.96	  1.16868054E-4
2.97	  1.1225828E-4
2.98	  1.0782903E-4
2.99	  1.035733E-4
3.0	  9.948436E-5
3.01	  9.555574E-5
3.02	  9.178121E-5
3.03	  8.815478E-5
3.04	  8.4670704E-5
3.05	  8.132344E-5
3.06	  7.810765E-5
3.07	  7.501823E-5
3.08	  7.205026E-5
3.09	  6.919899E-5
3.1	  6.6459885E-5
3.11	  6.3828564E-5
3.12	  6.1300816E-5
3.13	  5.88726E-5
3.14	  5.6540026E-5
3.15	  5.4299362E-5
3.16	  5.2147006E-5
3.17	  5.007951E-5
3.18	  4.8093552E-5
3.19	  4.6185938E-5
3.2	  4.4353597E-5
3.21	  4.2593583E-5
3.22	  4.090306E-5
3.23	  3.9279308E-5
3.24	  3.77197E-5
3.25	  3.622172E-5
3.26	  3.4782955E-5
3.27	  3.3401073E-5
3.28	  3.207384E-5
3.29	  3.0799114E-5
3.3	  2.9574821E-5
3.31	  2.8398985E-5
3.32	  2.7269696E-5
3.33	  2.6185126E-5
3.34	  2.514351E-5
3.35	  2.4143159E-5
3.36	  2.3182447E-5
3.37	  2.2259812E-5
3.38	  2.1373751E-5
3.39	  2.0522826E-5
3.4	  1.9705649E-5
3.41	  1.8920888E-5
3.42	  1.8167264E-5
3.43	  1.7443548E-5
3.44	  1.6748558E-5
3.45	  1.6081161E-5
3.46	  1.5440266E-5
3.47	  1.4824826E-5
3.48	  1.4233835E-5
3.49	  1.3666325E-5
3.5	  1.3121367E-5
3.51	  1.2598071E-5
3.52	  1.2095578E-5
3.53	  1.1613066E-5
3.54	  1.1149742E-5
3.55	  1.0704847E-5
3.56	  1.0277651E-5
3.57	  9.867454E-6
3.58	  9.47358E-6
3.59	  9.095384E-6
3.6	  8.732242E-6
3.61	  8.38356E-6
3.62	  8.048763E-6
3.63	  7.727301E-6
3.64	  7.4186432E-6
3.65	  7.122282E-6
3.66	  6.8377303E-6
3.67	  6.564518E-6
3.68	  6.3021953E-6
3.69	  6.0503294E-6
3.7	  5.808505E-6
3.71	  5.5763235E-6
3.72	  5.3534013E-6
3.73	  5.13937E-6
3.74	  4.9338764E-6
3.75	  4.7365806E-6
3.76	  4.5471575E-6
3.77	  4.365293E-6
3.78	  4.1906874E-6
3.79	  4.0230507E-6
3.8	  3.862106E-6
3.81	  3.707587E-6
3.82	  3.5592377E-6
3.83	  3.4168127E-6
3.84	  3.2800758E-6
3.85	  3.1488007E-6
3.86	  3.0227695E-6
3.87	  2.9017735E-6
3.88	  2.785612E-6
3.89	  2.6740922E-6
3.9	  2.5670292E-6
3.91	  2.4642454E-6
3.92	  2.36557E-6
3.93	  2.270839E-6
3.94	  2.1798958E-6
3.95	  2.0925886E-6
3.96	  2.0087725E-6
3.97	  1.9283084E-6
3.98	  1.8510624E-6
3.99	  1.7769061E-6
4.0	  1.7057162E-6


