
X-Axis: Time (years)
Y-Axis: Cumulative Probability
Number of Data Sets: 5


DATASET #1

Name: Catalog
Num Points: 1811
Info: 

X, Y Data:
3.3962715E-7	1.0
1.9622694E-6	1.0
2.388526E-6	1.0
2.6982088E-6	1.0
3.140627E-6	1.0
4.2694155E-6	1.0
6.347578E-6	1.0
2.5284688E-5	1.0
3.376919E-5	1.0
6.9008325E-5	1.0
1.1666112E-4	1.0
2.0713951E-4	1.0
2.4173263E-4	1.0
3.600731E-4	1.0
5.7023467E-4	1.0
6.891102E-4	1.0
0.001858478	0.99999994
0.0029621343	0.99999994
0.003743666	0.9999999
0.00441321	0.9999998
0.005281978	0.99999976
0.005342083	0.99999964
0.006694612	0.9999995
0.00805512	0.99999946
0.008459068	0.9999993
0.009774704	0.99999917
0.01283754	0.999999
0.014244695	0.99999875
0.03008599	0.9999985
0.031253014	0.999998
0.04311167	0.99999744
0.048172425	0.9999967
0.051194813	0.9999959
0.058404136	0.999995
0.09190406	0.999994
0.09337331	0.99999243
0.10688998	0.9999908
0.11119834	0.999989
0.11321167	0.99998707
0.11802142	0.9999851
0.13752398	0.9999831
0.13774729	0.9999807
0.1378432	0.9999783
0.13997808	0.9999759
0.16112943	0.99997354
0.1629447	0.99997073
0.16953789	0.99996793
0.18214926	0.999965
0.19257574	0.99996185
0.19501415	0.9999585
0.21777014	0.9999552
0.22826703	0.9999514
0.23269404	0.9999475
0.25080404	0.9999435
0.25309753	0.99993914
0.25336033	0.9999348
0.2559071	0.9999304
0.27521592	0.999926
0.27873912	0.99992126
0.29740274	0.99991643
0.31381613	0.9999113
0.35286885	0.9999059
0.37186176	0.9998998
0.3811732	0.9998934
0.39833078	0.9998868
0.42229137	0.99987996
0.4431985	0.9998727
0.46320608	0.99986506
0.46968156	0.99985707
0.4993229	0.99984896
0.5061936	0.9998403
0.5633505	0.9998316
0.62783533	0.9998219
0.651996	0.99981105
0.65752786	0.99979985
0.65797263	0.99978846
0.663051	0.99977714
0.6685893	0.9997657
0.7149557	0.9997542
0.71692	0.99974185
0.72760016	0.99972945
0.7597454	0.99971694
0.7840791	0.9997038
0.78543776	0.9996903
0.8088534	0.99967676
0.82682085	0.9996628
0.86605495	0.9996486
0.8739906	0.9996336
0.88459545	0.99961853
0.9126684	0.9996033
1.0222769	0.99958754
1.0284404	0.99956995
1.0618926	0.9995522
1.0735735	0.9995339
1.0964034	0.99951535
1.1099185	0.99949646
1.1451488	0.9994773
1.1573073	0.9994576
1.1639918	0.99943763
1.2003632	0.99941754
1.2520926	0.99939686
1.2557168	0.9993752
1.2800868	0.9993536
1.3054855	0.99933153
1.3200113	0.999309
1.4238831	0.99928623
1.4268485	0.9992617
1.432593	0.99923706
1.4385055	0.9992124
1.4893019	0.9991876
1.4999044	0.9991619
1.5111489	0.99913603
1.5268819	0.99911
1.5417386	0.99908364
1.5528866	0.99905705
1.6134751	0.99903023
1.6951133	0.99900246
1.6963533	0.9989732
1.7039642	0.9989439
1.7068154	0.99891454
1.71485	0.99888515
1.7469494	0.99885553
1.7890038	0.99882543
1.7977967	0.99879456
1.8012837	0.99876356
1.8132899	0.9987325
1.8599533	0.9987012
1.8978654	0.99866915
1.8985033	0.9986364
1.9191939	0.9986037
1.9397256	0.9985706
1.9483805	0.9985371
1.9497669	0.99850357
1.982269	0.99846995
2.020589	0.99843574
2.0309575	0.99840087
2.2212317	0.9983659
2.2235796	0.99832755
2.2237084	0.9982892
2.2699924	0.99825084
2.2771115	0.99821174
2.2780766	0.99817246
2.3223848	0.9981332
2.3257475	0.9980931
2.3574798	0.998053
2.3727317	0.99801236
2.4056182	0.9979714
2.4067028	0.99792993
2.4199035	0.99788845
2.4671373	0.9978467
2.4876587	0.99780416
2.488775	0.99776125
2.5150232	0.99771833
2.571738	0.997675
2.5783668	0.99763066
2.5971708	0.9975862
2.6142626	0.99754137
2.6237836	0.9974963
2.6405041	0.99745107
2.695223	0.9974055
2.7016032	0.99735904
2.7135918	0.9973124
2.716438	0.99726564
2.782542	0.9972188
2.7912304	0.9971708
2.830642	0.9971227
2.8505826	0.9970739
2.8660042	0.9970247
2.8822114	0.9969753
2.8857846	0.9969256
2.9145026	0.9968758
2.9234447	0.9968256
2.9445014	0.99677515
2.9488354	0.99672437
3.041134	0.9966735
3.1301835	0.9966211
3.1314154	0.9965671
3.1420584	0.99651307
3.1502175	0.9964589
3.1616027	0.9964046
3.180267	0.99635005
3.1810913	0.9962952
3.182635	0.9962403
3.1827376	0.9961855
3.188406	0.9961306
3.192164	0.9960756
3.2069526	0.99602056
3.236295	0.99596524
3.2502916	0.99590945
3.259821	0.99585336
3.2719831	0.99579716
3.328142	0.9957407
3.3323164	0.9956833
3.3473134	0.99562585
3.356223	0.99556816
3.3576522	0.9955103
3.3608932	0.99545234
3.400056	0.9953944
3.4144285	0.99533576
3.446897	0.99527687
3.4595788	0.99521744
3.4981856	0.9951578
3.5255585	0.99509746
3.5691884	0.99503666
3.5989707	0.9949751
3.6168067	0.99491304
3.6498244	0.9948507
3.65648	0.99478775
3.663384	0.9947247
3.739581	0.9946615
3.7457504	0.994597
3.7846117	0.9945324
3.8919666	0.99446714
3.9223843	0.9944
3.9446719	0.9943324
3.9692044	0.99426436
3.9807942	0.99419594
4.0415735	0.9941273
4.0558133	0.9940576
4.0647173	0.9939876
4.065638	0.9939175
4.0780735	0.9938474
4.0840497	0.9937771
4.0905	0.99370664
4.147	0.99363613
4.1730356	0.9935646
4.200335	0.99349266
4.20824	0.9934202
4.223197	0.99334764
4.278598	0.9932748
4.306637	0.993201
4.3329353	0.99312675
4.35084	0.993052
4.3602386	0.992977
4.3609643	0.9929018
4.375693	0.9928266
4.4182262	0.9927511
4.421439	0.99267495
4.4398446	0.9925987
4.4622836	0.9925221
4.473423	0.9924452
4.495435	0.99236804
4.5180416	0.9922905
4.53027	0.9922126
4.5721955	0.99213445
4.6088915	0.9920556
4.621051	0.99197614
4.635972	0.99189645
4.6488376	0.9918165
4.6574926	0.99173635
4.6786036	0.991656
4.719063	0.9915753
4.729447	0.99149394
4.7551	0.9914124
4.769481	0.9913304
4.831663	0.99124813
4.859569	0.9911648
4.900968	0.991081
5.03923	0.9909965
5.056091	0.9909096
5.080579	0.9908224
5.113988	0.99073476
5.129966	0.9906466
5.1654544	0.99055815
5.170926	0.99046904
5.176289	0.99037987
5.207419	0.9902906
5.2117114	0.9902008
5.255667	0.99011093
5.2922173	0.9900203
5.294931	0.989929
5.3013	0.9898377
5.3557405	0.9897463
5.387811	0.98965394
5.4862657	0.989561
5.50814	0.9894664
5.5171876	0.9893714
5.5366898	0.9892763
5.5384336	0.9891808
5.5439954	0.98908526
5.553073	0.98898965
5.575125	0.9888939
5.594505	0.9887978
5.5993867	0.9887013
5.6323113	0.9886047
5.6549306	0.9885076
5.7014647	0.98841006
5.7027307	0.98831177
5.764439	0.9882134
5.910418	0.988114
5.9986362	0.9880121
6.032844	0.98790866
6.1282063	0.9878046
6.1493607	0.9876989
6.1622934	0.9875929
6.2040906	0.9874866
6.2115684	0.9873796
6.3004546	0.9872725
6.335168	0.98716384
6.343985	0.9870546
6.34968	0.9869452
6.3656497	0.98683566
6.3704433	0.9867259
6.3787374	0.9866161
6.39656	0.98650604
6.424419	0.9863957
6.4730983	0.986285
6.4812865	0.98617333
6.4946346	0.9860616
6.495991	0.9859496
6.544135	0.9858375
6.5761094	0.9857247
6.629997	0.98561126
6.668487	0.98549694
6.6772084	0.9853819
6.683009	0.9852668
6.751339	0.9851515
6.767135	0.9850351
6.7676716	0.9849184
6.7998137	0.9848017
6.8135204	0.9846844
6.8164935	0.9845669
6.8381114	0.9844494
6.8503685	0.9843314
6.9346547	0.9842133
6.9555798	0.9840937
6.9685616	0.9839738
6.986244	0.9838536
7.0034246	0.9837331
7.0074	0.98361236
7.0118904	0.9834915
7.018696	0.9833706
7.0834646	0.98324955
7.117785	0.9831274
7.136264	0.9830046
7.1424484	0.9828816
7.1488543	0.9827584
7.207543	0.98263514
7.248179	0.9825108
7.271305	0.9823858
7.271614	0.98226047
7.3049355	0.98213506
7.3409047	0.98200905
7.3659	0.98188245
7.3702407	0.98175544
7.4598794	0.98162836
7.4669747	0.9814997
7.4869866	0.9813709
7.521585	0.9812418
7.5438876	0.9811121
7.5443077	0.980982
7.5755973	0.9808519
7.594771	0.9807213
7.603341	0.9805903
7.6045685	0.98045915
7.6616683	0.980328
7.6650043	0.9801959
7.7985654	0.98006374
7.81906	0.9799292
7.90064	0.9797944
7.907698	0.9796581
7.9170527	0.97952175
8.064779	0.97938526
8.082633	0.9792462
8.100823	0.9791068
8.116972	0.9789671
8.1356	0.9788271
8.165005	0.9786868
8.227263	0.978546
8.232633	0.9784041
8.253001	0.9782621
8.2548275	0.97811985
8.255546	0.97797745
8.261304	0.9778351
8.301355	0.9776926
8.386002	0.9775495
8.387674	0.97740483
8.40867	0.97726023
8.414937	0.9771152
8.437272	0.9769701
8.471494	0.9768246
8.480683	0.9766785
8.508998	0.9765322
8.519061	0.9763855
8.538566	0.9762386
8.544761	0.9760913
8.556112	0.975944
8.623473	0.97579646
8.766975	0.97564775
8.768231	0.97549653
8.802024	0.9753453
8.827335	0.97519356
8.835528	0.97504133
8.837827	0.9748889
8.874306	0.9747365
8.900065	0.9745835
8.962706	0.97443
8.981953	0.97427547
8.98994	0.97412056
8.997232	0.9739655
9.038677	0.9738104
9.078959	0.9736545
9.099451	0.9734979
9.109581	0.973341
9.210347	0.97318393
9.217957	0.9730251
9.218438	0.9728661
9.237202	0.97270715
9.308846	0.9725478
9.313661	0.9723873
9.366083	0.9722267
9.373031	0.97206515
9.462114	0.9719035
9.497903	0.97174037
9.506409	0.9715766
9.537358	0.9714126
9.552905	0.97124815
9.586682	0.9710834
9.597876	0.97091806
9.606331	0.9707526
9.621622	0.9705869
9.632783	0.97042096
9.637562	0.97025484
9.643003	0.97008866
9.650617	0.96992236
9.651617	0.96975595
9.651643	0.9695895
9.660293	0.96942306
9.677541	0.96925646
9.693588	0.96908957
9.695358	0.9689224
9.705168	0.9687552
9.723845	0.9685878
9.760957	0.96842015
9.770852	0.9682518
9.853871	0.9680833
9.866255	0.9679134
9.896354	0.9677432
9.956559	0.96757257
10.004625	0.9674009
10.006221	0.96722835
10.022016	0.9670558
10.0400715	0.96688294
10.0429735	0.9667098
10.095796	0.96653664
10.102163	0.96636254
10.13698	0.9661883
10.138455	0.9660135
10.1471615	0.9658387
10.166375	0.9656637
10.167961	0.9654884
10.301143	0.965313
10.307228	0.96513534
10.3152685	0.9649576
10.31708	0.96477973
10.346038	0.9646018
10.351011	0.96442336
10.351878	0.9642449
10.406094	0.9640664
10.432622	0.9638869
10.448411	0.963707
10.48104	0.9635268
10.48591	0.96334606
10.529045	0.9631652
10.55831	0.96298367
10.567206	0.9628016
10.601508	0.96261936
10.616469	0.9624365
10.704368	0.96225345
10.72909	0.96206886
10.753958	0.96188384
10.761402	0.96169835
10.762976	0.9615128
10.796264	0.9613272
10.832983	0.961141
10.857734	0.9609542
10.893973	0.9607669
10.917438	0.96057904
10.928991	0.9603908
10.945921	0.96020234
10.982575	0.96001357
11.011838	0.95982414
11.013617	0.95963424
11.032256	0.95944434
11.042092	0.9592541
11.056003	0.95906365
11.085018	0.958873
11.092256	0.9586818
11.112259	0.95849055
11.140368	0.9582989
11.150362	0.9581068
11.153935	0.9579145
11.156461	0.9577221
11.20773	0.9575298
11.270536	0.9573365
11.287667	0.9571421
11.30406	0.95694745
11.335585	0.95675254
11.354049	0.95655704
11.527289	0.95636123
11.541398	0.95616245
11.584621	0.95596343
11.609686	0.95576364
11.6390295	0.9555634
11.756313	0.9553627
11.79409	0.95515996
11.824544	0.9549566
11.829123	0.9547527
11.839159	0.95454866
11.908197	0.9543445
11.944704	0.9541391
11.959146	0.9539332
11.974688	0.9537269
12.006843	0.9535204
12.036665	0.95331335
12.046261	0.9531058
12.050282	0.952898
12.069915	0.95269024
12.081288	0.9524821
12.081655	0.9522737
12.12037	0.9520654
12.227386	0.9518564
12.23441	0.9516455
12.24378	0.95143455
12.247469	0.9512234
12.268421	0.9510122
12.298156	0.9508006
12.306498	0.9505885
12.366439	0.9503763
12.41157	0.950163
12.440026	0.94994897
12.510843	0.94973445
12.563544	0.94951874
12.563874	0.9493021
12.582951	0.9490854
12.630788	0.9488684
12.661476	0.9486506
12.700389	0.9484322
12.732867	0.9482132
12.792173	0.94799364
12.796537	0.94777304
12.852383	0.9475523
12.865382	0.9473307
12.90449	0.94710886
12.92161	0.9468863
12.930778	0.94666344
12.9439745	0.94644046
12.954459	0.94621724
12.967121	0.94599384
13.018736	0.9457702
13.099103	0.94554573
13.13128	0.94531983
13.165973	0.9450934
13.179796	0.9448663
13.192603	0.944639
13.193591	0.9444115
13.242321	0.944184
13.291425	0.94395566
13.325265	0.9437264
13.336138	0.94349664
13.430967	0.94326663
13.448559	0.943035
13.456933	0.9428031
13.560395	0.94257104
13.564643	0.9423372
13.595104	0.94210327
13.60364	0.94186884
13.630299	0.94163424
13.647732	0.94139916
13.683852	0.94116384
13.685283	0.9409278
13.70293	0.9406918
13.723006	0.9404555
13.780951	0.94021887
13.79535	0.9399812
13.883987	0.9397433
13.895931	0.93950385
13.921341	0.93926424
13.938552	0.93902415
14.0070915	0.93878376
14.026447	0.93854225
14.026682	0.9383004
14.036789	0.93805844
14.040141	0.9378164
14.064634	0.93757427
14.065055	0.93733174
14.108014	0.93708915
14.128149	0.9368459
14.151141	0.93660223
14.184816	0.9363582
14.207895	0.9361136
14.289529	0.93586856
14.30252	0.93562216
14.361698	0.9353755
14.42966	0.9351278
14.504394	0.934879
14.52188	0.93462884
14.541665	0.93437845
14.561615	0.9341276
14.577568	0.9338765
14.621327	0.93362516
14.654085	0.933373
14.680091	0.93312025
14.684373	0.9328671
14.719033	0.9326139
14.766493	0.93236005
14.790515	0.9321054
14.804024	0.9318503
14.807985	0.931595
14.882645	0.9313397
14.901888	0.931083
14.95263	0.93082607
14.959808	0.93056816
15.020413	0.9303102
15.027882	0.93005115
15.069903	0.929792
15.070157	0.9295321
15.081394	0.92927223
15.089251	0.9290122
15.214201	0.92875195
15.220213	0.92848957
15.226147	0.9282271
15.259774	0.9279645
15.2642355	0.92770135
15.311064	0.92743814
15.3249445	0.9271741
15.3522415	0.9269098
15.375663	0.92664504
15.461541	0.9263799
15.489651	0.92611325
15.499321	0.92584616
15.505454	0.92557883
15.524063	0.92531145
15.525674	0.92504376
15.526642	0.924776
15.587212	0.9245083
15.590616	0.92423946
15.649232	0.9239706
15.649982	0.9237007
15.674509	0.9234308
15.680049	0.9231605
15.709755	0.9228901
15.796672	0.9226192
15.80889	0.9223468
15.838632	0.92207414
15.840641	0.92180103
15.86157	0.92152786
15.902231	0.92125434
16.014122	0.9209801
16.03895	0.9207039
16.128477	0.9204273
16.148624	0.9201492
16.162548	0.9198707
16.171988	0.91959196
16.183802	0.9193131
16.19576	0.919034
16.229124	0.9187547
16.236671	0.9184748
16.309418	0.91819483
16.334501	0.91791356
16.37026	0.91763186
16.41489	0.9173496
16.415646	0.91706645
16.580858	0.9167834
16.59043	0.91649747
16.601782	0.91621137
16.624334	0.915925
16.671661	0.9156384
16.703398	0.91535085
16.737621	0.9150628
16.745295	0.9147742
16.746479	0.9144854
16.795876	0.9141966
16.802002	0.91390693
16.809364	0.9136172
16.809849	0.91332734
16.817972	0.9130374
16.865955	0.9127474
16.992752	0.9124566
17.03527	0.9121635
17.048775	0.9118697
17.053503	0.91157573
17.095476	0.91128165
17.101952	0.91098684
17.104376	0.9106919
17.119972	0.91039693
17.152237	0.9101017
17.183725	0.9098059
17.184874	0.90950954
17.187445	0.9092132
17.193283	0.90891683
17.195341	0.9086203
17.19848	0.90832376
17.294443	0.9080272
17.313602	0.9077289
17.33949	0.90743035
17.351635	0.9071313
17.368412	0.9068321
17.398222	0.9065326
17.434902	0.90623254
17.464626	0.9059319
17.466278	0.9056307
17.519495	0.9053295
17.555155	0.9050274
17.646326	0.90472466
17.666271	0.9044203
17.677948	0.9041157
17.712334	0.9038108
17.713768	0.9035054
17.731236	0.90319985
17.737324	0.9028941
17.752777	0.90258825
17.815544	0.90228206
17.843443	0.90197486
17.865572	0.9016671
17.911877	0.901359
17.97234	0.90105015
18.014078	0.9007402
18.030624	0.90042955
18.035994	0.9001186
18.057087	0.8998076
18.14423	0.8994962
18.169764	0.8991833
18.19367	0.89886993
18.204645	0.8985562
18.271173	0.89824224
18.27534	0.89792717
18.319502	0.897612
18.35052	0.8972961
18.376778	0.89697963
18.438831	0.8966627
18.555271	0.8963447
18.564953	0.89602476
18.607119	0.89570457
18.608473	0.8953837
18.624208	0.8950628
18.658003	0.89474165
18.74198	0.89441985
18.742477	0.8940967
18.825367	0.89377344
18.84406	0.89344877
18.909119	0.8931238
18.920603	0.89279777
18.973154	0.89247143
18.99533	0.89214426
19.069122	0.8918167
19.070274	0.89148784
19.09116	0.89115894
19.099253	0.89082974
19.101948	0.89050037
19.151321	0.89017093
19.155554	0.88984066
19.180738	0.88951033
19.27211	0.8891796
19.29201	0.88884723
19.30159	0.8885145
19.303085	0.8881817
19.335112	0.8878488
19.33713	0.88751537
19.376892	0.8871819
19.404093	0.88684773
19.50525	0.8865131
19.529089	0.8861767
19.531464	0.88583994
19.563084	0.8855031
19.59131	0.88516575
19.61258	0.8848279
19.630148	0.88448966
19.682941	0.88415116
19.703363	0.8838117
19.706785	0.8834719
19.714317	0.8831321
19.742804	0.8827921
19.780176	0.88245165
19.826063	0.88211054
19.913143	0.88176864
19.957262	0.8814252
19.975122	0.88108104
20.026758	0.8807366
20.19693	0.88039124
20.22887	0.8800429
20.315266	0.8796941
20.335981	0.87934375
20.370182	0.87899303
20.446096	0.8786418
20.451674	0.87828916
20.470346	0.8779365
20.47443	0.87758344
20.474932	0.87723035
20.505486	0.8768773
20.52567	0.8765237
20.539192	0.8761697
20.564775	0.8758155
20.616085	0.87546086
20.634071	0.8751053
20.70211	0.8747495
20.70617	0.87439245
20.706253	0.8740354
20.729641	0.8736783
20.783613	0.8733208
20.869452	0.8729624
20.896744	0.8726025
20.947844	0.87224215
20.955553	0.8718809
20.98397	0.8715195
21.013655	0.87115765
21.047968	0.87079525
21.080433	0.8704323
21.111513	0.8700688
21.124977	0.86970466
21.134886	0.86934036
21.152563	0.86897594
21.168362	0.86861116
21.29674	0.8682461
21.305904	0.8678788
21.306684	0.8675114
21.330967	0.867144
21.339489	0.8667761
21.344484	0.8664081
21.390167	0.86604
21.396202	0.86567116
21.432783	0.86530215
21.488546	0.86493254
21.552109	0.864562
21.60311	0.8641903
21.656649	0.86381775
21.730124	0.86344427
21.792126	0.86306953
21.840586	0.8626937
21.849611	0.8623171
22.023624	0.8619403
22.083647	0.8615605
22.102322	0.86117965
22.105352	0.8607985
22.113922	0.8604173
22.118153	0.86003596
22.249264	0.8596545
22.260647	0.8592708
22.298025	0.85888696
22.30287	0.8585024
22.364405	0.85811776
22.4609	0.8577321
22.477005	0.85734475
22.486328	0.85695714
22.550236	0.85656935
22.561306	0.8561805
22.649649	0.8557914
22.654444	0.8554008
22.676939	0.85501015
22.695158	0.8546191
22.711294	0.8542277
22.718643	0.85383606
22.725779	0.8534443
22.737225	0.8530523
22.76771	0.85266024
22.875977	0.8522676
22.880825	0.8518731
22.889833	0.8514785
22.923443	0.8510838
22.926004	0.85068846
22.936514	0.8502931
23.009624	0.84989756
23.036377	0.8495008
23.06339	0.8491035
23.129358	0.84870577
23.217361	0.8483069
23.218569	0.84790653
23.22216	0.8475061
23.22518	0.8471056
23.366024	0.84670514
23.377693	0.84630215
23.38684	0.845899
23.428127	0.8454957
23.435867	0.8450917
23.439793	0.8446875
23.44179	0.8442833
23.4585	0.84387904
23.486958	0.8434745
23.545757	0.8430695
23.547112	0.8426634
23.557297	0.8422573
23.571123	0.8418511
23.610922	0.8414446
23.631256	0.84103745
23.643211	0.84062994
23.650782	0.8402222
23.6635	0.8398143
23.734241	0.83940625
23.739923	0.83899695
23.757597	0.8385875
23.86642	0.83817786
23.97282	0.8377663
23.974894	0.8373529
24.032434	0.8369394
24.092293	0.83652496
24.107859	0.83610946
24.13677	0.8356937
24.209078	0.8352775
24.217531	0.83486
24.241903	0.8344424
24.253946	0.8340243
24.279556	0.83360606
24.286755	0.83318734
24.345137	0.83276856
24.370365	0.8323487
24.42345	0.83192843
24.435846	0.83150727
24.452143	0.83108586
24.470747	0.83066416
24.5268	0.83024216
24.550592	0.8298192
24.586283	0.82939583
24.602507	0.8289718
24.650936	0.82854754
24.691324	0.82812244
24.744917	0.8276966
24.770487	0.8272699
24.810692	0.8268427
24.828049	0.8264149
24.880688	0.82598674
24.959126	0.82555765
24.964668	0.82512724
25.055008	0.8246967
25.056503	0.82426465
25.081638	0.8238325
25.116858	0.82339996
25.146147	0.8229669
25.172197	0.8225332
25.250715	0.8220991
25.269308	0.8216637
25.272676	0.8212279
25.300228	0.820792
25.375626	0.8203557
25.413933	0.81991816
25.53262	0.8194799
25.575672	0.8190396
25.58446	0.8185985
25.633873	0.8181573
25.654978	0.8177152
25.660028	0.81727284
25.771992	0.8168303
25.846855	0.81638587
25.852324	0.81594014
25.862244	0.8154943
25.88658	0.81504834
25.906849	0.8146019
25.925108	0.8141551
25.944887	0.81370807
26.130878	0.8132606
26.137154	0.81281
26.153545	0.8123593
26.176893	0.81190825
26.214043	0.8114568
26.222036	0.81100476
26.487246	0.81055254
26.505524	0.8100958
26.558313	0.8096387
26.558691	0.8091807
26.5618	0.8087227
26.708595	0.8082646
26.741932	0.807804
26.752178	0.8073428
26.908644	0.8068815
26.9655	0.80641747
26.99233	0.8059524
27.02039	0.805487
27.035297	0.805021
27.050512	0.80455476
27.085814	0.80408823
27.09694	0.8036212
27.129782	0.8031539
27.149452	0.80268604
27.162247	0.80221784
27.166595	0.8017494
27.171213	0.8012809
27.22573	0.80081236
27.239216	0.80034286
27.270086	0.7998731
27.288265	0.79940283
27.34899	0.79893225
27.459282	0.7984606
27.465096	0.79798704
27.492283	0.7975134
27.531305	0.79703933
27.588926	0.7965645
27.610052	0.79608876
27.623402	0.79561263
27.684145	0.7951363
27.724522	0.79465884
27.750225	0.7941807
27.75417	0.7937022
27.782473	0.79322356
27.796938	0.7927444
27.802366	0.79226506
27.82083	0.7917856
27.862932	0.79130584
27.882473	0.7908253
27.90936	0.7903445
27.975142	0.78986317
28.023859	0.7893808
28.088192	0.7888975
28.103474	0.7884131
28.121483	0.78792846
28.142399	0.7874435
28.31177	0.78695816
28.380966	0.78646994
28.387558	0.7859805
28.417744	0.785491
28.421717	0.7850009
28.618423	0.78451073
28.743555	0.7840172
28.973513	0.78352153
29.020634	0.78302187
29.047281	0.7825214
29.180191	0.7820205
29.185572	0.78151727
29.189222	0.78101397
29.194527	0.7805106
29.231941	0.7800071
29.298733	0.77950305
29.3292	0.7789978
29.386005	0.778492
29.42701	0.7779852
29.506401	0.77747774
29.52782	0.7769689
29.52921	0.7764597
29.57291	0.7759505
29.649168	0.77544045
29.695276	0.77492917
29.72427	0.7744171
29.746511	0.7739045
29.758553	0.7733915
29.78012	0.7728783
29.823849	0.77236474
29.82787	0.7718504
29.854525	0.771336
29.86173	0.7708212
29.861874	0.7703062
29.910517	0.76979125
29.936033	0.7692754
29.98	0.7687592
29.980213	0.7682422
30.004673	0.76772517
30.006735	0.76720774
30.030048	0.76669025
30.087168	0.7661724
30.16439	0.76565355
30.165527	0.7651334
30.169315	0.76461315
30.223505	0.76409286
30.258745	0.7635717
30.26159	0.76304984
30.26825	0.762528
30.269302	0.762006
30.28703	0.761484
30.305138	0.7609617
30.313559	0.7604391
30.34382	0.75991637
30.427383	0.75939304
30.47034	0.75886834
30.500605	0.75834286
30.522562	0.75781685
30.536312	0.75729054
30.634443	0.75676394
30.716734	0.7562356
30.732462	0.7557059
30.737148	0.75517595
30.767988	0.7546458
30.79466	0.7541153
30.804316	0.7535842
30.856483	0.75305295
30.866392	0.75252086
30.893532	0.75198853
30.911737	0.7514558
30.924473	0.75092274
31.008694	0.7503894
31.010904	0.7498547
31.036171	0.7493199
31.186552	0.74878466
31.247993	0.74824685
31.330667	0.74770796
31.362972	0.74716765
31.428623	0.7466268
31.473299	0.7460848
31.55909	0.74554205
31.710176	0.7449978
31.78951	0.744451
31.811598	0.74390274
31.956314	0.74335414
32.036488	0.7428031
32.061146	0.7422506
32.10984	0.7416977
32.12995	0.74114394
32.21077	0.74058986
32.266964	0.7400344
32.272392	0.73947793
32.357582	0.7389214
32.482388	0.7383634
32.511513	0.7378032
32.531025	0.7372426
32.538322	0.7366816
32.58162	0.73612046
32.612988	0.73555857
32.62568	0.73499614
32.634007	0.73443353
32.67704	0.73387074
32.69969	0.73330724
32.730427	0.7327433
32.733692	0.73217887
32.738605	0.7316144
32.744522	0.73104984
32.770172	0.73048514
32.847813	0.72992
32.87526	0.72935355
32.90081	0.7287866
32.926777	0.7282192
32.930122	0.7276514
32.949715	0.7270835
32.96389	0.7265153
33.058544	0.72594684
33.085957	0.7253767
33.130028	0.72480613
33.14724	0.7242348
33.152283	0.7236632
33.16934	0.7230915
33.20613	0.72251946
33.20976	0.72194684
33.228786	0.7213741
33.29052	0.7208011
33.37045	0.720227
33.384205	0.7196515
33.420025	0.7190758
33.455463	0.7184995
33.518772	0.7179225
33.577606	0.71734446
33.586926	0.71676546
33.617855	0.7161862
33.663685	0.7156065
33.72547	0.71502596
33.739334	0.71444434
33.74619	0.71386254
33.80746	0.71328056
33.861115	0.71269757
33.88584	0.7121136
33.901806	0.71152925
33.936684	0.7109446
34.11818	0.71035933
34.2686	0.709771
34.298073	0.70918
34.332283	0.70858854
34.47786	0.7079965
34.493965	0.70740193
34.71404	0.7068071
34.800182	0.7062084
34.86983	0.70560825
34.882465	0.70500696
34.938965	0.70440537
35.03203	0.7038029
35.16822	0.70319873
35.205956	0.70259225
35.24424	0.7019851
35.304657	0.70137733
35.31171	0.7007685
35.412296	0.70015955
35.42377	0.69954884
35.435905	0.69893795
35.553818	0.6983269
35.61724	0.69771373
35.72019	0.6970995
35.75479	0.6964835
35.855755	0.69586694
35.90244	0.6952486
35.949375	0.69462943
35.96404	0.6940095
35.968967	0.6933893
35.99484	0.692769
36.27974	0.69214827
36.337746	0.6915226
36.374138	0.690896
36.424595	0.6902687
36.498337	0.6896405
36.55635	0.6890111
36.57118	0.6883807
36.605446	0.68775004
36.63491	0.68711877
36.63634	0.686487
36.66536	0.6858552
36.69792	0.6852229
36.749397	0.68459004
36.80786	0.68395627
36.830425	0.68332154
36.887035	0.6826864
37.032066	0.6820503
37.104355	0.6814116
37.1084	0.68077177
37.22442	0.68013185
37.25131	0.6794899
37.289276	0.6788475
37.297863	0.6782044
37.304707	0.6775612
37.405373	0.6769179
37.445026	0.67627287
37.457016	0.6756271
37.46978	0.6749812
37.485172	0.674335
37.5408	0.67368853
37.602272	0.67304116
37.70764	0.6723927
37.74397	0.67174244
37.80323	0.6710915
37.883896	0.6704396
37.913597	0.6697863
37.98279	0.6691325
38.101505	0.6684775
38.130604	0.6678204
38.247616	0.66716284
38.355686	0.66650325
38.416096	0.66584176
38.425747	0.6651793
38.443478	0.6645166
38.4672	0.6638537
38.518787	0.6631903
38.533054	0.6625261
38.59101	0.66186154
38.613075	0.66119605
38.74766	0.66053015
38.780354	0.6598619
38.937344	0.65919316
39.01422	0.6585217
39.201298	0.6578489
39.22185	0.65717286
39.40379	0.65649647
39.495914	0.655817
39.587807	0.6551358
39.62236	0.65445316
39.623833	0.65376985
39.642387	0.65308654
39.680004	0.6524029
39.891933	0.6517186
39.900753	0.65103066
39.96967	0.6503426
39.99419	0.6496533
40.004734	0.6489636
40.004826	0.6482737
40.005817	0.6475838
40.047127	0.6468939
40.093376	0.6462033
40.13572	0.64551187
40.25865	0.64481974
40.28681	0.64412546
40.340885	0.6434307
40.355003	0.642735
40.503696	0.6420391
40.51854	0.6413406
40.53742	0.64064187
40.589355	0.63994277
40.727493	0.6392428
40.794807	0.63854045
40.82711	0.63783693
40.880283	0.6371329
40.920845	0.6364279
40.924152	0.6357222
40.95662	0.6350165
41.094036	0.6343102
41.146736	0.6336015
41.213474	0.63289195
41.22323	0.6321812
41.254086	0.6314703
41.25516	0.6307589
41.32766	0.63004744
41.345398	0.62933475
41.416557	0.6286217
41.43127	0.62790745
41.51918	0.627193
41.52467	0.626477
41.67258	0.6257609
41.7177	0.62504226
41.825775	0.62432283
41.889915	0.62360156
41.95475	0.62287915
42.101788	0.6221556
42.115204	0.62142956
42.12923	0.6207033
42.141045	0.61997676
42.1495	0.61925006
42.24238	0.6185232
42.416996	0.6177947
42.42135	0.6170632
42.42784	0.61633164
42.47717	0.6156
42.47725	0.61486745
42.538963	0.6141349
42.592083	0.61340135
42.6315	0.61266685
42.64078	0.6119316
42.64362	0.6111963
42.666534	0.6104609
42.684772	0.6097251
42.908115	0.608989
43.00091	0.60824907
43.05358	0.60750747
43.065353	0.60676503
43.1138	0.60602236
43.18785	0.60527885
43.22295	0.6045341
43.250107	0.6037887
43.29327	0.60304284
43.31445	0.60229623
43.319355	0.60154927
43.372387	0.60080224
43.400932	0.60005426
43.415157	0.5993058
43.420418	0.5985571
43.90638	0.59780836
44.016754	0.59705114
44.083164	0.5962921
44.189644	0.5955319
44.290035	0.59476984
44.4308	0.594006
44.467155	0.5932398
44.498035	0.592473
44.510445	0.5917056
44.555054	0.59093803
44.558075	0.59016967
44.703716	0.58940125
44.723717	0.5886303
44.778004	0.58785903
44.77948	0.58708686
44.850796	0.5863146
44.915745	0.5855412
44.92414	0.58476657
45.001118	0.5839919
45.057743	0.58321583
45.061325	0.5824388
45.083054	0.5816617
45.199844	0.5808842
45.246395	0.58010477
45.322235	0.5793245
45.432484	0.5785429
45.67701	0.57775944
45.792248	0.5769717
45.825047	0.576182
45.858456	0.57539177
45.876816	0.57460093
45.91625	0.5738098
46.001915	0.57301795
46.006042	0.5722246
46.01882	0.5714313
46.02505	0.57063764
46.05646	0.56984395
46.059124	0.5690497
46.08708	0.5682554
46.197906	0.56746066
46.264435	0.5666639
46.26536	0.5658661
46.26844	0.56506824
46.285606	0.5642704
46.293507	0.56347215
46.3169	0.5626738
46.467556	0.56187505
46.48184	0.5610737
46.497448	0.56027216
46.589066	0.5594703
46.636593	0.5586669
46.727833	0.5578626
46.783764	0.5570568
46.812294	0.55625
46.848694	0.5554427
46.855312	0.5546348
46.9288	0.55382675
46.95201	0.5530175
46.971745	0.55220777
47.18472	0.55139774
47.24904	0.550584
47.369415	0.5497692
47.37604	0.54895234
47.404964	0.54813534
47.45307	0.5473178
47.502834	0.5464995
47.517536	0.5456803
47.615612	0.54486084
47.685513	0.5440397
47.698494	0.54321736
47.7209	0.5423948
47.808506	0.54157186
47.836426	0.5407474
47.87508	0.5399225
47.926247	0.53909683
48.027397	0.53827035
48.27282	0.5374421
48.382313	0.53660965
48.499863	0.5357753
48.618103	0.5349389
48.6357	0.5341005
48.68505	0.5332618
48.76522	0.5324222
48.869595	0.5315812
48.89775	0.5307385
49.103226	0.5298952
49.14175	0.5290484
49.195904	0.5282009
49.20826	0.5273526
49.294807	0.526504
49.421753	0.52565384
49.54842	0.5248016
49.658146	0.5239471
49.7117	0.5230908
49.79209	0.5222335
49.83488	0.5213748
49.94761	0.5205154
50.042545	0.51965404
50.043976	0.5187911
50.07429	0.51792806
50.082775	0.5170645
50.089138	0.51620084
50.21167	0.51533705
50.30049	0.5144711
50.30247	0.5136037
50.316498	0.5127362
50.326294	0.5118685
50.36082	0.51100063
50.399662	0.51013213
50.411484	0.509263
50.47467	0.50839365
50.516426	0.5075232
50.642986	0.50665206
50.685497	0.5057787
50.886486	0.5049046
51.030815	0.50402707
51.033787	0.503147
51.26666	0.50226694
51.271473	0.5013828
51.333847	0.50049865
51.348206	0.4996134
51.404976	0.49872792
51.411396	0.49784142
51.41566	0.49695483
51.59888	0.49606815
51.72339	0.49517834
51.816433	0.49428636
51.893337	0.49339277
51.96142	0.49249786
52.10227	0.4916018
52.130714	0.49070328
52.151367	0.48980427
52.185486	0.48890492
52.23697	0.48800498
52.306248	0.48710415
52.30654	0.48620212
52.306896	0.4853001
52.370735	0.48439804
52.443096	0.4834949
52.50955	0.48259053
52.52801	0.48168498
52.54095	0.48077914
52.68957	0.47987306
52.798374	0.47896442
52.812122	0.4780539
52.82204	0.47714317
52.91887	0.47623223
52.984177	0.47531965
52.98733	0.4744059
53.044094	0.47349215
53.114872	0.4725774
53.167942	0.47166142
53.21394	0.47074455
53.357155	0.46982685
53.45123	0.4689067
53.4932	0.46798494
53.49772	0.46706244
53.565765	0.46613985
53.602234	0.46521613
53.638107	0.46429175
53.68705	0.46336675
53.735756	0.4624409
53.8277	0.46151423
53.841137	0.46058595
53.922527	0.45965746
54.0002	0.45872757
54.14802	0.45779634
54.34494	0.45686254
54.379066	0.45592535
54.38399	0.4549876
54.401257	0.45404974
54.404625	0.45311156
54.491882	0.45217335
54.513577	0.45123363
54.58722	0.45029354
54.646873	0.44935217
54.772556	0.4484098
54.929817	0.44746524
54.982124	0.44651794
55.105633	0.44556978
55.263657	0.44461948
55.387215	0.44366646
55.47962	0.4427113
55.62893	0.44175455
56.20156	0.4407952
56.5203	0.439826
56.622585	0.43885133
56.955692	0.43787485
57.054596	0.43689266
57.144814	0.43590873
57.479294	0.43492326
57.64202	0.43393204
57.687	0.43293798
57.723827	0.43194318
57.771393	0.43094772
57.868374	0.42995143
57.97756	0.4289535
58.152428	0.42795366
58.190044	0.4269508
58.214916	0.4259473
58.242664	0.4249434
58.278343	0.423939
58.304794	0.42293397
58.30624	0.4219285
58.335526	0.420923
58.822918	0.41991702
58.831	0.4189026
58.894344	0.41788805
58.954914	0.4168724
58.96337	0.41585574
59.184742	0.4148389
59.487366	0.41381824
59.579067	0.41279238
59.684036	0.41176495
59.718197	0.41073567
59.86083	0.40970582
59.922863	0.40867352
60.0523	0.40764016
60.078556	0.40660453
60.192574	0.40556848
60.227737	0.40453044
60.280148	0.40349182
60.297604	0.4024523
60.404865	0.40141243
60.428673	0.40037075
60.540203	0.39932865
60.592514	0.3982846
60.70226	0.3972397
60.93335	0.39619288
61.003304	0.39514208
61.30944	0.3940901
61.330547	0.3930328
61.39466	0.39197513
61.421135	0.39091638
61.49209	0.38985717
61.58783	0.38879672
61.63335	0.38773462
61.666924	0.38667175
61.688335	0.38560832
61.700764	0.3845445
61.87865	0.38348046
62.025658	0.38241336
62.10646	0.3813437
62.168484	0.38027266
62.35193	0.37920058
62.380833	0.3781253
62.530567	0.37704954
62.5437	0.3759712
62.613052	0.37489262
62.700005	0.37381285
62.72799	0.37273157
62.75818	0.37164983
62.81555	0.37056756
62.827175	0.3694843
62.96059	0.36840084
62.971157	0.36731508
63.02	0.36622912
63.052536	0.36514235
63.12242	0.36405498
63.20277	0.36296645
63.22916	0.3618765
63.423645	0.3607861
63.502926	0.35969236
63.529057	0.35859725
63.575592	0.3575017
63.599426	0.35640532
63.70326	0.35530853
63.72103	0.35420996
63.82961	0.3531111
63.83807	0.35201034
63.94363	0.35090944
64.05309	0.34980673
64.06566	0.34870213
64.07717	0.3475973
64.3941	0.3464923
64.40905	0.3453818
64.514565	0.34427106
64.77412	0.34315848
65.08413	0.34204146
65.101	0.34091908
65.19736	0.3397964
65.22073	0.33867207
65.695015	0.33754733
65.764824	0.3364144
65.8605	0.3352803
65.97599	0.3341445
66.22482	0.33300674
66.31521	0.33186468
66.47035	0.33072108
66.565094	0.3295748
66.64996	0.32842687
66.708565	0.32727748
66.75475	0.32612708
66.875854	0.3249759
67.06704	0.32382262
67.16105	0.32266605
67.24022	0.32150784
67.56686	0.32034826
67.81362	0.31918308
67.88282	0.3180136
67.88358	0.31684297
67.99022	0.3156723
68.07612	0.31449983
68.115524	0.31332582
68.145706	0.31215116
68.242966	0.310976
68.308075	0.30979913
68.461784	0.30862117
68.47176	0.30744052
68.49305	0.30625972
68.55686	0.30507854
68.90549	0.30389628
68.924416	0.302708
68.986786	0.3015194
69.54843	0.30032972
69.61361	0.29913032
69.65778	0.29792982
69.82312	0.29672858
70.15128	0.29552448
70.40803	0.2943147
70.43007	0.2931005
70.489944	0.29188594
70.618675	0.29067034
70.725006	0.2894525
70.978004	0.28823283
71.17055	0.28700882
71.469185	0.28578147
71.50606	0.28454897
71.58504	0.28331584
71.77913	0.28208137
72.196205	0.28084353
72.23771	0.27959847
72.24124	0.27835274
72.37114	0.27710694
72.42237	0.27585888
72.528336	0.27460995
72.605156	0.27335918
73.02329	0.2721071
73.19056	0.27084783
73.46791	0.26958564
73.52793	0.26831868
73.66035	0.26705068
73.87359	0.2657804
73.87782	0.26450643
74.30813	0.2632324
74.41919	0.26195094
74.47557	0.2606676
74.62092	0.25938323
74.94548	0.2580964
75.0904	0.25680396
75.19704	0.25550902
75.3158	0.25421223
75.41971	0.2529134
75.91911	0.25161278
76.33295	0.25030354
76.56693	0.24898717
76.670265	0.24766678
76.76882	0.24634458
76.911446	0.24502069
76.95066	0.24369435
76.95225	0.24236733
79.0784	0.24104027
79.22942	0.23967656
79.25493	0.23831023
79.45274	0.23694348
79.52683	0.2355733
79.54915	0.23420186
79.56777	0.23283002
80.18853	0.23145787
80.28399	0.230075
80.30329	0.2286905
80.35558	0.22730567
80.657776	0.22591992
81.395424	0.22452897
81.441696	0.2231253
81.489746	0.22172083
81.64331	0.22031553
81.81452	0.21890758
81.89484	0.21749668
81.99608	0.21608439
82.03478	0.21467036
82.215126	0.21325566
82.39827	0.21183784
82.70616	0.21041688
82.73283	0.2089906
83.43048	0.20756386
83.73747	0.2061251
83.75847	0.20468104
84.00404	0.20323661
84.00922	0.20178795
84.09547	0.20033921
84.145996	0.19888897
84.712296	0.19743787
84.7594	0.19597699
85.19333	0.1945153
85.23458	0.19304614
85.26456	0.19157626
85.322525	0.19010586
85.8985	0.18863446
86.06079	0.18715313
86.6001	0.185669
86.87263	0.18417558
87.11214	0.18267745
87.32377	0.18117519
87.33005	0.17966928
87.90663	0.17816326
87.9725	0.1766473
87.99393	0.1751302
88.26328	0.17361274
88.41035	0.17209063
88.44201	0.170566
88.50774	0.1690408
88.65042	0.16751447
88.681435	0.16598569
90.079315	0.16445637
90.1469	0.16290294
90.38283	0.16134834
90.478325	0.15978968
90.490814	0.15822937
90.627075	0.15666884
90.786606	0.15510596
91.38625	0.15354034
91.991325	0.15196438
92.098335	0.15037797
92.23293	0.14878973
92.611946	0.14719917
92.864105	0.14560206
93.59254	0.1440006
93.76138	0.1423866
93.76208	0.14076968
93.80626	0.13915274
93.853485	0.13753504
94.30316	0.13591652
94.412094	0.13429025
94.95152	0.1326621
95.30443	0.13102464
97.58687	0.12938112
98.09393	0.12769821
98.46621	0.12600657
98.66076	0.12430852
98.68812	0.122607104
99.1051	0.12090521
99.44248	0.11919613
99.73052	0.11748124
99.82836	0.11576138
100.01071	0.11403982
100.8296	0.112315126
100.86682	0.11057631
100.89646	0.108836845
100.93055	0.10709688
101.02934	0.10535632
101.48976	0.103614055
101.74277	0.10186385
102.05734	0.10010929
103.24059	0.098349296
103.50153	0.096568905
103.59216	0.09478401
104.40914	0.09299755
104.69723	0.091197
105.5413	0.089391485
106.5251	0.08757141
107.42521	0.085734375
108.24339	0.08388182
108.64668	0.08201515
109.886826	0.08014152
111.8661	0.07824651
113.93834	0.07631737
113.990906	0.07435249
114.10506	0.072386704
117.05289	0.07041895
117.40074	0.06840035
117.629364	0.06637577
117.74696	0.06434724
117.79664	0.062316675
128.57758	0.06028526
128.6293	0.058067925
128.92754	0.055849697
129.65588	0.05362633
129.7667	0.0513904
129.77081	0.049152557
131.6524	0.046914645
132.2292	0.04464428
132.31436	0.042363975
136.57568	0.040082198
136.98042	0.037726935
137.83707	0.035364695
140.09544	0.032987677
142.25797	0.030571716
142.50523	0.028118461
142.6521	0.025660941
150.11064	0.02320089
151.1772	0.020612216
157.00008	0.018005148
157.66037	0.015297663
160.0042	0.012578793
180.50545	0.009819502
186.90073	0.0067066653
202.00163	0.003483541



DATASET #2

     Name: Poisson
   Points: 100
     Info: 

Data[x,y]:
0.0	  1.0
2.4218051	  0.9271544
4.8436103	  0.8596153
7.265415	  0.7969961
9.687221	  0.73893845
12.109025	  0.6851101
14.53083	  0.6352028
16.952635	  0.5889311
19.374441	  0.5460301
21.796246	  0.5062542
24.21805	  0.46937582
26.639856	  0.43518385
29.06166	  0.40348265
31.483465	  0.3740907
33.90527	  0.34683985
36.327076	  0.3215741
38.748882	  0.29814884
41.170685	  0.27643
43.59249	  0.2562933
46.014297	  0.23762347
48.4361	  0.22031365
50.857906	  0.20426477
53.279713	  0.189385
55.701515	  0.17558913
58.12332	  0.16279824
60.545128	  0.1509391
62.96693	  0.13994385
65.38874	  0.12974957
67.81054	  0.12029788
70.232346	  0.111534715
72.65415	  0.1034099
75.07596	  0.09587695
77.497765	  0.088892736
79.91957	  0.08241729
82.34137	  0.07641356
84.763176	  0.07084716
87.18498	  0.06568626
89.60679	  0.060901307
92.028595	  0.056464914
94.4504	  0.052351695
96.8722	  0.048538107
99.29401	  0.04500232
101.71581	  0.0417241
104.13762	  0.03868468
106.559425	  0.035866674
108.98123	  0.033253945
111.40303	  0.030831542
113.82484	  0.0285856
116.24664	  0.026503265
118.66845	  0.02457262
121.090256	  0.022782613
123.51206	  0.021123
125.93386	  0.019584283
128.35567	  0.018157654
130.77748	  0.01683495
133.19928	  0.015608598
135.62108	  0.01447158
138.0429	  0.013417389
140.46469	  0.012439992
142.8865	  0.011533793
145.3083	  0.010693608
147.7301	  0.009914625
150.15192	  0.0091923885
152.57372	  0.008522764
154.99553	  0.007901918
157.41733	  0.0073262984
159.83914	  0.0067926096
162.26094	  0.006297798
164.68274	  0.005839031
167.10455	  0.0054136836
169.52635	  0.0050193206
171.94817	  0.0046536853
174.36996	  0.004314685
176.79176	  0.0040003792
179.21358	  0.0037089693
181.63538	  0.0034387873
184.05719	  0.0031882867
186.47899	  0.0029560341
188.9008	  0.0027407
191.3226	  0.0025410522
193.7444	  0.0023559479
196.16621	  0.0021843275
198.58801	  0.0020252087
201.00983	  0.0018776812
203.43163	  0.0017409005
205.85342	  0.0016140835
208.27524	  0.0014965046
210.69704	  0.0013874909
213.11885	  0.0012864183
215.54065	  0.0011927084
217.96246	  0.0011058248
220.38426	  0.0010252704
222.80606	  9.50584E-4
225.22787	  8.8133814E-4
227.64967	  8.1713655E-4
230.07149	  7.5761176E-4
232.49329	  7.024231E-4
234.91508	  6.5125467E-4
237.3369	  6.038136E-4
239.7587	  5.598285E-4



DATASET #3

Name: Prob Filtered
Num Points: 2707
Info: 

X, Y Data:
3.3962715E-7	1.0
1.9622694E-6	1.0
2.388526E-6	1.0
2.6982088E-6	1.0
3.140627E-6	1.0
4.2694155E-6	1.0
6.347578E-6	1.0
2.5284688E-5	1.0
3.376919E-5	1.0
6.9008325E-5	1.0
1.1666112E-4	1.0
2.0713951E-4	1.0
2.4173263E-4	1.0
3.600731E-4	1.0
5.7023467E-4	1.0
6.891102E-4	1.0
0.001858478	0.99999994
0.0029621343	0.99999994
0.002968482	0.9999999
0.003743666	0.9999999
0.00441321	0.9999998
0.005281978	0.99999976
0.005342083	0.9999997
0.006694612	0.9999996
0.00805512	0.9999995
0.008459068	0.99999934
0.009774704	0.9999992
0.01283754	0.99999905
0.014244695	0.9999988
0.03008599	0.99999857
0.031253014	0.9999981
0.04311167	0.99999756
0.048172425	0.99999684
0.051194813	0.999996
0.058404136	0.9999953
0.09190406	0.9999943
0.09337331	0.9999927
0.10688998	0.99999124
0.11119834	0.99998945
0.11321167	0.99998754
0.11802142	0.9999856
0.13752398	0.9999836
0.13774729	0.9999812
0.1378432	0.99997884
0.13997808	0.9999765
0.16112943	0.99997413
0.1629447	0.9999714
0.16953789	0.99996924
0.18214926	0.9999664
0.19257574	0.9999633
0.19501415	0.99996
0.21777014	0.9999566
0.22826703	0.99995434
0.23269404	0.9999504
0.25080404	0.9999465
0.25309753	0.99994224
0.25336033	0.99993783
0.2559071	0.9999335
0.27521592	0.9999293
0.27873912	0.99992466
0.29740274	0.99992025
0.31381613	0.9999161
0.35286885	0.9999107
0.37186176	0.99990463
0.3811732	0.9998982
0.39833078	0.9998917
0.42229137	0.99988574
0.4431985	0.9998786
0.46320608	0.9998712
0.46968156	0.9998632
0.4993229	0.9998551
0.5061936	0.99984664
0.5633505	0.999838
0.62783533	0.9998287
0.651996	0.99981785
0.65752786	0.9998066
0.65797263	0.999796
0.663051	0.9997853
0.6685893	0.9997759
0.66883105	0.9997645
0.7149557	0.9997644
0.71692	0.9997525
0.72760016	0.9997403
0.7597454	0.9997285
0.7840791	0.9997157
0.78543776	0.9997024
0.8088534	0.99968886
0.82682085	0.9996749
0.86605495	0.9996614
0.8739906	0.9996466
0.88459545	0.9996318
0.9126684	0.9996207
1.0222769	0.99960524
1.0284404	0.99958885
1.0618926	0.99957114
1.0735735	0.9995528
1.0964034	0.9995343
1.1099185	0.9995156
1.1451488	0.99949795
1.1573073	0.9994782
1.1639918	0.99945843
1.1669539	0.9994386
1.2003632	0.9994384
1.2520926	0.99941766
1.2557168	0.9993963
1.2800868	0.9993775
1.3054855	0.9993567
1.3200113	0.99933463
1.4238831	0.99931186
1.4268485	0.9992873
1.432593	0.99926275
1.4385055	0.9992425
1.4893019	0.9992179
1.4999044	0.9991925
1.5111489	0.9991674
1.5268819	0.9991416
1.5417386	0.9991152
1.5528866	0.99908864
1.6134751	0.9990619
1.6540476	0.9990352
1.6951133	0.9990315
1.6963533	0.9990025
1.6964223	0.99898994
1.7039642	0.9989803
1.7068154	0.9989524
1.71485	0.99892443
1.7469494	0.9988949
1.7890038	0.9988647
1.7977967	0.9988382
1.8012837	0.9988075
1.8132899	0.99877644
1.8599533	0.99874514
1.8978654	0.9987134
1.8985033	0.99868196
1.9191939	0.99864924
1.9397256	0.99861646
1.9483805	0.99858636
1.9497669	0.99855477
1.982269	0.9985228
2.020589	0.998489
2.0309575	0.99845415
2.2212317	0.9984191
2.2235796	0.9983839
2.2237084	0.9983459
2.2699924	0.99830836
2.2771115	0.99826956
2.2780766	0.9982311
2.3223848	0.99819183
2.3223913	0.998153
2.3253534	0.99815214
2.3257475	0.9981518
2.3574798	0.9981133
2.3727317	0.9980734
2.4056182	0.9980333
2.4067028	0.99799514
2.4199035	0.9979553
2.4671373	0.99791443
2.4876587	0.9978731
2.488775	0.9978311
2.5150232	0.9977929
2.571738	0.99775
2.5783668	0.9977065
2.5971708	0.997662
2.6142626	0.99761766
2.6237836	0.9975753
2.6405041	0.99753004
2.695223	0.99748677
2.7016032	0.99744123
2.7135918	0.9973951
2.716438	0.99734974
2.782542	0.99730617
2.7912304	0.9972601
2.830642	0.99721193
2.8505826	0.99716365
2.8660042	0.9971184
2.8822114	0.99706995
2.8857846	0.99702173
2.9145026	0.99697345
2.9234447	0.9969242
2.9445014	0.9968738
2.9488354	0.99682355
2.9555302	0.99678695
2.9940293	0.99677366
3.041134	0.99677265
3.1301835	0.9967239
3.1314154	0.99667096
3.1420584	0.99662125
3.1502175	0.9965693
3.1616027	0.99651605
3.1616032	0.99647623
3.180267	0.99646366
3.1810913	0.9964127
3.182635	0.9963578
3.1827376	0.99630404
3.188406	0.9962497
3.192164	0.9961963
3.2069526	0.9961446
3.236295	0.9960904
3.2502916	0.9960385
3.259821	0.995983
3.2719831	0.9959268
3.328142	0.99587035
3.3323164	0.9958147
3.3473134	0.9957624
3.356223	0.99570465
3.3576522	0.99564797
3.3608932	0.99559003
3.400056	0.9955332
3.4144285	0.99547464
3.446897	0.9954169
3.4595788	0.99535745
3.4981856	0.9952996
3.5255585	0.99523926
3.5691884	0.9951815
3.5989707	0.9951255
3.6168067	0.9950647
3.6498244	0.99500227
3.65648	0.9949406
3.663384	0.99488384
3.692936	0.99482256
3.739581	0.9948213
3.7457504	0.99476004
3.7846117	0.99469674
3.8919666	0.9946328
3.9223843	0.99456966
3.9446719	0.9945108
3.9692044	0.99444485
3.9807942	0.9943805
4.0415735	0.9943139
4.0558133	0.9942456
4.0647173	0.99418825
4.065638	0.99411815
4.0780735	0.99404806
4.0840497	0.9939805
4.0905	0.9939143
4.147	0.99384445
4.1730356	0.993773
4.200335	0.9937154
4.20824	0.9936429
4.214441	0.9935704
4.223197	0.99356675
4.278598	0.9935165
4.306637	0.9934501
4.3329353	0.99337584
4.345344	0.99330336
4.35084	0.99329734
4.3602386	0.9932238
4.3609643	0.9931516
4.375693	0.9930817
4.4182262	0.9930062
4.421439	0.9929445
4.4398446	0.9928698
4.4622836	0.9927963
4.4626436	0.99272007
4.473423	0.9927193
4.495435	0.99264294
4.5180416	0.9925685
4.53027	0.99250466
4.5721955	0.99244213
4.6088915	0.9923649
4.621051	0.99228615
4.635972	0.99220645
4.6488376	0.9921289
4.6574926	0.99205035
4.6786036	0.99197406
4.719063	0.99189496
4.729447	0.99181604
4.7551	0.9917345
4.769481	0.99165493
4.831663	0.9915727
4.859569	0.99148935
4.900968	0.99140805
5.03923	0.991332
5.056091	0.991246
5.080579	0.991164
5.113988	0.9910852
5.129966	0.99100316
5.1654544	0.99092174
5.170926	0.990854
5.176289	0.99076754
5.207419	0.99067825
5.2117114	0.9905885
5.255667	0.9904986
5.2922173	0.9904116
5.294931	0.9903221
5.3013	0.99023175
5.3557405	0.9901403
5.387811	0.9900516
5.4063435	0.98997265
5.429339	0.9899708
5.4862657	0.98996985
5.4884067	0.9898781
5.50814	0.9898611
5.5171876	0.989767
5.5366898	0.9896776
5.5384336	0.9895821
5.5439954	0.9894875
5.553073	0.9894044
5.575125	0.98931146
5.594505	0.9892269
5.5993867	0.98913425
5.6323113	0.98906666
5.6549306	0.9889695
5.7014647	0.9888759
5.7027307	0.98877954
5.764439	0.9886871
5.8359113	0.98858964
5.910418	0.9885887
5.9986362	0.98849285
6.032844	0.98839045
6.1282063	0.98828954
6.1282105	0.9881997
6.1493607	0.98818386
6.1622934	0.9880778
6.2040906	0.98797154
6.2115684	0.9878677
6.3004546	0.9877649
6.3140793	0.9876573
6.335168	0.98765624
6.343985	0.987547
6.34968	0.9874387
6.3656497	0.9873368
6.3704433	0.98722816
6.3787374	0.9871183
6.39656	0.9870094
6.4044886	0.9869002
6.414629	0.9868991
6.424419	0.986898
6.4730983	0.9867883
6.4812865	0.9866767
6.4946346	0.9865649
6.495991	0.986454
6.544135	0.98634535
6.5452113	0.9862664
6.5761094	0.986263
6.629997	0.98614955
6.668487	0.98603636
6.6686945	0.9859501
6.6772084	0.9859225
6.683009	0.98585457
6.751339	0.9857405
6.766941	0.9856252
6.767135	0.98562056
6.7676716	0.98550385
6.7998137	0.985393
6.8135204	0.9852757
6.8164935	0.9851617
6.8381114	0.9850442
6.8503685	0.9849262
6.9346547	0.9848081
6.9555798	0.9846933
6.9685616	0.98457336
6.986244	0.9844544
7.0034246	0.9843387
7.0074	0.9842203
7.0118904	0.9841019
7.018696	0.9839834
7.0834646	0.9838624
7.117785	0.98374146
7.136264	0.9836199
7.1424484	0.98349684
7.1488543	0.9834131
7.207543	0.9833206
7.248179	0.98319757
7.271305	0.98307383
7.271614	0.9829484
7.3049355	0.982823
7.331022	0.98269707
7.3409047	0.982692
7.3659	0.98256665
7.3702407	0.98243964
7.4598794	0.9823138
7.4669747	0.9821851
7.4869866	0.9820654
7.521585	0.9819363
7.5438876	0.9818066
7.5443077	0.9816856
7.5755973	0.98155546
7.594771	0.9814261
7.603341	0.9812965
7.6045685	0.98116666
7.6616683	0.98103553
7.6650043	0.9809047
7.7177787	0.98077387
7.7985654	0.9807725
7.81906	0.98064476
7.90064	0.9805274
7.907698	0.9803912
7.9170527	0.9802548
8.064779	0.98011965
8.082633	0.97998196
8.100823	0.9798468
8.100857	0.97970986
8.116972	0.97970706
8.1356	0.97956705
8.165005	0.97942674
8.227263	0.97928596
8.232633	0.97917104
8.253001	0.9790319
8.2548275	0.9789351
8.255546	0.9787956
8.261304	0.97865325
8.301355	0.97851217
8.3223715	0.9783748
8.386002	0.9783733
8.387674	0.9782287
8.40867	0.978084
8.414937	0.97794193
8.437272	0.977807
8.471494	0.9776615
8.480683	0.9775183
8.508998	0.9773735
8.519061	0.97724146
8.536008	0.97713715
8.538566	0.97713125
8.544761	0.97698694
8.556112	0.97684103
8.623473	0.9766935
8.766975	0.97655374
8.768231	0.976404
8.802024	0.9762634
8.827335	0.97619206
8.835528	0.97604287
8.837827	0.97589356
8.874306	0.97574115
8.900065	0.97560495
8.962706	0.97545147
8.981953	0.97529685
8.98994	0.97514665
8.997232	0.9750009
9.038677	0.9748457
9.078959	0.9746961
9.099451	0.9745427
9.109581	0.974414
9.210347	0.9742663
9.217957	0.97410744
9.218438	0.9739485
9.237202	0.97381496
9.281001	0.97365564
9.308846	0.97364765
9.313661	0.97348714
9.366083	0.9733394
9.373031	0.97317785
9.462114	0.9730162
9.497903	0.972853
9.506409	0.9726892
9.537358	0.9725253
9.552905	0.972369
9.586682	0.97220594
9.597876	0.9720786
9.606331	0.9719131
9.621622	0.9717524
9.632783	0.97158647
9.637562	0.97142035
9.643003	0.97125584
9.650617	0.97108954
9.651617	0.9709381
9.651643	0.9707716
9.660293	0.97060686
9.677541	0.97044027
9.693588	0.9702767
9.695358	0.9701162
9.705168	0.969949
9.723845	0.96978164
9.760957	0.96962065
9.770852	0.969454
9.816866	0.9692922
9.853871	0.96928716
9.866255	0.96911895
9.896354	0.9689522
9.956559	0.96878153
10.004625	0.9686098
10.006221	0.9684528
10.022016	0.9683061
10.0400715	0.968142
10.0429735	0.96797055
10.095796	0.96779734
10.102163	0.96762323
10.13698	0.96745074
10.138455	0.96728116
10.1471615	0.96713257
10.166375	0.96695936
10.167961	0.966784
10.301143	0.9666332
10.307228	0.9664875
10.3152685	0.96633464
10.31708	0.96616036
10.333534	0.96598774
10.346038	0.96598595
10.351011	0.96585214
10.351878	0.9656808
10.406094	0.9655076
10.432622	0.96534073
10.448411	0.9651662
10.48104	0.9649878
10.48591	0.9648071
10.529045	0.96462804
10.55831	0.9644501
10.567206	0.9642698
10.601508	0.9641022
10.616469	0.9639212
10.627103	0.96373993
10.704368	0.9637326
10.72909	0.9635517
10.753958	0.96336854
10.761402	0.9631886
10.762976	0.96304387
10.796264	0.96286196
10.832983	0.96267575
10.857734	0.9624927
10.893973	0.96233165
10.917438	0.9621438
10.928991	0.9619574
10.945921	0.96177644
10.982575	0.96159714
11.011838	0.9614494
11.013617	0.9612595
11.032256	0.96108854
11.036967	0.9609002
11.042092	0.9608983
11.056003	0.9607441
11.065677	0.9605534
11.085018	0.9605515
11.089964	0.9603661
11.092256	0.96036416
11.112259	0.9601805
11.140368	0.9599965
11.150362	0.9598467
11.153935	0.9596544
11.156461	0.95946974
11.20773	0.95928115
11.270536	0.9590937
11.287667	0.9589032
11.30406	0.9587222
11.335585	0.95856816
11.354049	0.9583727
11.527289	0.9581788
11.530751	0.957986
11.541398	0.95798206
11.584621	0.957783
11.609686	0.9575852
11.6390295	0.95738703
11.756313	0.9571863
11.757163	0.95698357
11.79409	0.9569775
11.824544	0.95679235
11.829123	0.95659256
11.839159	0.95638853
11.908197	0.9561864
11.944704	0.9559851
11.959146	0.9558245
11.974688	0.95561826
11.980756	0.95541793
12.006843	0.95540965
12.026612	0.9552606
12.036665	0.9552564
12.046261	0.95504886
12.050282	0.9548515
12.069915	0.95466655
12.081288	0.9544625
12.081655	0.9543063
12.12037	0.9541021
12.213226	0.95389515
12.227386	0.95389307
12.23441	0.95369273
12.24378	0.9534965
12.247469	0.9532854
12.268421	0.9530847
12.298156	0.95291126
12.306498	0.9527013
12.310506	0.95249754
12.366439	0.9524954
12.41157	0.9523312
12.440026	0.95211715
12.510843	0.9519026
12.563544	0.95170844
12.563874	0.9515069
12.582951	0.9512946
12.630788	0.9510776
12.661476	0.9508598
12.692276	0.95064145
12.700389	0.95063704
12.732867	0.9504202
12.792173	0.9502028
12.796537	0.94998443
12.852383	0.9497638
12.865382	0.9495421
12.893996	0.94932246
12.90449	0.94932026
12.92161	0.9490977
12.930778	0.9488838
12.9439745	0.9486608
12.954459	0.9484398
12.967121	0.9482253
13.018736	0.9480017
13.099103	0.9477906
13.104009	0.94756925
13.13128	0.947567
13.165973	0.94736093
13.179796	0.94713616
13.192603	0.94690883
13.193591	0.9466813
13.242321	0.9464538
13.291425	0.9462437
13.309115	0.9460214
13.325265	0.94601905
13.336138	0.94580305
13.430967	0.9455777
13.448559	0.94535303
13.456933	0.9451234
13.560395	0.94489133
13.564643	0.94466215
13.595104	0.94443524
13.60364	0.9442336
13.630299	0.9440014
13.647732	0.9437687
13.683852	0.9435333
13.685283	0.9432973
13.70293	0.9430637
13.723006	0.94282734
13.780951	0.9425954
13.79535	0.94236255
13.883987	0.9421246
13.895931	0.94189715
13.921341	0.9416575
13.938552	0.94141746
14.0070915	0.94122994
14.026447	0.9410077
14.026682	0.94076824
14.036789	0.9405336
14.040141	0.9402915
14.064634	0.9400518
14.065055	0.93980926
14.108014	0.9395691
14.128149	0.9393258
14.151141	0.9390895
14.184816	0.9388479
14.207895	0.9386033
14.278237	0.93837297
14.289529	0.93836063
14.30252	0.9381142
14.361698	0.93788236
14.42966	0.93764955
14.504394	0.9374007
14.52188	0.93715054
14.541665	0.93690014
14.561615	0.9366519
14.577568	0.9364058
14.621327	0.93616444
14.654085	0.9359274
14.680091	0.93567467
14.684373	0.93542403
14.719033	0.9351708
14.766493	0.93492204
14.790515	0.93467
14.804024	0.9344174
14.807985	0.93416214
14.819184	0.9339093
14.882645	0.93386334
14.901888	0.9336067
14.947001	0.93340105
14.95263	0.93339074
14.959808	0.93318963
15.020413	0.93293166
15.027882	0.9326752
15.069903	0.932416
15.070157	0.93216395
15.07797	0.931904
15.081394	0.931891
15.089251	0.9316336
15.214201	0.93138635
15.220213	0.9311607
15.226147	0.93092185
15.259774	0.93067765
15.2642355	0.9304171
15.311064	0.93017495
15.3249445	0.92999274
15.3522415	0.9297866
15.375663	0.92952186
15.461541	0.9292567
15.489651	0.92899805
15.499321	0.9287309
15.505454	0.9284743
15.524063	0.92824703
15.525674	0.92798734
15.526642	0.9277196
15.587212	0.92745185
15.590616	0.9271857
15.649232	0.9269195
15.649982	0.92670906
15.674509	0.92644185
15.680049	0.92617154
15.701024	0.92590654
15.709755	0.92590386
15.796672	0.9256573
15.80889	0.9253849
15.838632	0.925115
15.840641	0.924891
15.86157	0.9246315
15.869066	0.9243661
15.902231	0.9243607
16.014122	0.92408645
16.03895	0.9238185
16.128477	0.92354196
16.148624	0.9232694
16.162548	0.92299646
16.171988	0.9227233
16.183802	0.92244995
16.19576	0.9221876
16.229124	0.9219111
16.236671	0.9216312
16.252089	0.92135406
16.309418	0.92135125
16.334501	0.92107
16.37026	0.9208108
16.41489	0.9205793
16.415646	0.92034715
16.422535	0.9200669
16.474974	0.9200641
16.580858	0.9200073
16.59043	0.91972417
16.601782	0.91943806
16.624334	0.9191575
16.671661	0.91888225
16.703398	0.91860336
16.737621	0.91832685
16.745295	0.9180382
16.746479	0.91776097
16.795876	0.91748375
16.802002	0.91719985
16.809364	0.916942
16.809849	0.9166521
16.817972	0.9163622
16.865955	0.9160809
16.992752	0.91579
17.03527	0.91549695
17.048775	0.91520613
17.053503	0.914915
17.095476	0.91463274
17.101952	0.9143497
17.104376	0.91405475
17.119972	0.91379225
17.120749	0.91349995
17.152237	0.913497
17.183725	0.913213
17.184874	0.9129226
17.187445	0.91262925
17.193283	0.9123358
17.195341	0.9120452
17.19848	0.9117605
17.294443	0.9114669
17.313602	0.91118956
17.33949	0.9108939
17.351635	0.9105949
17.368412	0.91029567
17.370693	0.91000515
17.398222	0.90999615
17.434902	0.9097051
17.464626	0.90941346
17.466278	0.90912133
17.468096	0.90883815
17.519495	0.9088352
17.555155	0.90853906
17.585032	0.90826356
17.646326	0.9082605
17.666271	0.9079593
17.677948	0.90766984
17.712334	0.90736496
17.713768	0.9070626
17.731236	0.9067632
17.733734	0.9064574
17.737324	0.90644825
17.752777	0.9061454
17.815544	0.90586376
17.843443	0.9055719
17.865572	0.9052734
17.911877	0.9049745
17.950335	0.9046718
17.97234	0.90466255
17.976847	0.9043557
18.014078	0.9043464
18.030624	0.90403575
18.035994	0.9037341
18.057087	0.9034231
18.14423	0.90318954
18.169764	0.902886
18.19367	0.9025852
18.204645	0.9022777
18.271173	0.9019669
18.27534	0.90169907
18.319502	0.9013902
18.35052	0.9010901
18.376778	0.9007768
18.438831	0.90046304
18.555271	0.90019274
18.564953	0.89988875
18.607119	0.8995686
18.608473	0.8992702
18.624208	0.89894927
18.658003	0.8986377
18.74198	0.8983192
18.742477	0.8980218
18.825367	0.8977115
18.84406	0.89753944
18.909119	0.89721775
18.920603	0.89689165
18.923159	0.8965653
18.973154	0.8965621
18.987719	0.89629704
18.99533	0.8962872
19.069122	0.8959596
19.070274	0.8956407
19.09116	0.8953414
19.099253	0.89501214
19.101948	0.89469266
19.102242	0.8943665
19.151321	0.8943632
19.155554	0.8940396
19.163649	0.89371914
19.180738	0.8936993
19.215948	0.89336854
19.265594	0.89336187
19.27211	0.8933586
19.29201	0.8930295
19.30159	0.8927567
19.303085	0.8924472
19.335112	0.8921309
19.33713	0.8918075
19.376892	0.8916007
19.404093	0.89127994
19.491343	0.89096534
19.50525	0.890962
19.529089	0.89062566
19.531464	0.89028883
19.558992	0.8900093
19.563084	0.8899924
19.589413	0.8896618
19.59131	0.889601
19.61258	0.8892631
19.630148	0.88893163
19.682941	0.88859653
19.703363	0.8882571
19.706785	0.8879241
19.714317	0.8875842
19.742804	0.8872476
19.746296	0.88691056
19.776386	0.88690376
19.780176	0.88687646
19.826063	0.8865456
19.913143	0.8862242
19.943113	0.8858877
19.957262	0.88588077
19.975122	0.8855917
20.026758	0.8852472
20.163452	0.88491565
20.19693	0.8849122
20.206057	0.8845778
20.22887	0.8845673
20.268147	0.884222
20.315266	0.88421845
20.335981	0.8838856
20.370182	0.8835595
20.446096	0.88321525
20.451674	0.8829649
20.470346	0.88261217
20.47443	0.8822627
20.47476	0.88191664
20.474932	0.8819131
20.505486	0.88158125
20.52567	0.8812276
20.539192	0.8808772
20.564775	0.880569
20.616085	0.8802356
20.634071	0.8798872
20.648315	0.87954205
20.70211	0.8795314
20.70617	0.87917435
20.706253	0.87881726
20.729641	0.8784673
20.783613	0.8781098
20.862358	0.87775856
20.869452	0.8777262
20.896744	0.8773843
20.947844	0.8770852
20.955553	0.8767275
20.98397	0.87642395
21.013655	0.8760621
21.047968	0.87581205
21.080433	0.875518
21.09777	0.87516904
21.109911	0.8751654
21.111513	0.87516177
21.124977	0.874805
21.134886	0.87444794
21.152563	0.87409073
21.168362	0.87372595
21.258135	0.87340474
21.272642	0.87340105
21.29674	0.8733937
21.305904	0.87303746
21.306684	0.87267005
21.330967	0.8723136
21.339489	0.87196416
21.344484	0.8716182
21.379456	0.8712501
21.390167	0.87124276
21.396202	0.87088126
21.402098	0.87051594
21.432783	0.87050486
21.443268	0.87013894
21.447042	0.87012416
21.47672	0.87012047
21.488546	0.8701168
21.552109	0.8697499
21.60311	0.86939305
21.633705	0.869028
21.656649	0.8690242
21.730124	0.86865824
21.792126	0.86840343
21.840586	0.8680389
21.849611	0.867681
22.023624	0.867308
22.083647	0.8669282
22.100597	0.86655116
22.102322	0.8665397
22.105352	0.86618525
22.113922	0.8658765
22.118153	0.8654989
22.249264	0.8651213
22.259972	0.86474913
22.260647	0.86474144
22.298025	0.86435753
22.30287	0.8639884
22.364405	0.86361915
22.4609	0.8632373
22.477005	0.86284995
22.486328	0.86251664
22.550236	0.86212885
22.558695	0.8617438
22.561306	0.86173993
22.649649	0.8613509
22.654444	0.86096805
22.676939	0.8605774
22.695158	0.86019415
22.711294	0.8599006
22.718643	0.8595324
22.725779	0.85914457
22.737225	0.85875267
22.742764	0.85836446
22.76771	0.8583566
22.811193	0.857964
22.81178	0.85796005
22.875977	0.8579561
22.880825	0.8575616
22.889833	0.8571828
22.923443	0.85681176
22.926004	0.85642034
22.936514	0.8560843
23.009624	0.8556967
23.036377	0.8553594
23.060818	0.85496604
23.06339	0.85490644
23.063898	0.85452855
23.096329	0.8544888
23.129358	0.8544848
23.217361	0.8540859
23.218569	0.8537096
23.22216	0.85331315
23.22518	0.8529247
23.366024	0.8525322
23.377693	0.85214937
23.38684	0.8517583
23.423265	0.8513832
23.428127	0.85137516
23.435867	0.8509792
23.439793	0.85065585
23.44179	0.85025567
23.4585	0.8498555
23.486958	0.849459
23.532288	0.8490742
23.545757	0.8490661
23.547112	0.84870064
23.557297	0.8483068
23.571123	0.8479655
23.585539	0.8475956
23.610922	0.8475915
23.631256	0.84730244
23.643211	0.84692746
23.650782	0.84653604
23.6635	0.8461486
23.67989	0.8457528
23.734241	0.8457405
23.737085	0.8453312
23.739923	0.845323
23.757597	0.84493
23.802967	0.8445203
23.86642	0.84451616
23.894459	0.8441046
23.97282	0.84409636
23.974894	0.84369946
24.005013	0.84329426
24.007551	0.84329015
24.032434	0.8432777
24.092293	0.8428674
24.107859	0.84245193
24.13677	0.8420403
24.136774	0.8416407
24.19174	0.84163654
24.19911	0.8416282
24.209078	0.84161985
24.217531	0.84120655
24.241903	0.8409393
24.253946	0.84059644
24.279556	0.8401907
24.286755	0.83979297
24.345137	0.83940345
24.370365	0.8390004
24.39758	0.8385843
24.42345	0.8385759
24.435846	0.8381758
24.452143	0.8377586
24.470747	0.83739173
24.5268	0.8369697
24.550592	0.8365594
24.586283	0.83616567
24.602507	0.83576286
24.61637	0.8353386
24.650936	0.83533007
24.691324	0.8349135
24.744917	0.8344919
24.770487	0.834078
24.810692	0.83365935
24.828049	0.8332486
24.877937	0.8328461
24.880688	0.83279467
24.959126	0.83237845
24.964668	0.8320169
25.000315	0.83158636
25.02742	0.83156914
25.055008	0.8315432
25.056503	0.8311154
25.081638	0.8307093
25.116858	0.83031565
25.146147	0.82997346
25.172197	0.8295875
25.250715	0.82915777
25.269308	0.82872665
25.272676	0.8283083
25.300228	0.82787246
25.375626	0.82743615
25.413933	0.8270073
25.42529	0.82658213
25.511675	0.8265734
25.53262	0.8265074
25.575672	0.8260935
25.58446	0.8257362
25.633873	0.8253612
25.645353	0.82496333
25.654978	0.8249501
25.660028	0.8245165
25.676308	0.82414037
25.771992	0.8240917
25.846855	0.82366055
25.852324	0.8232326
25.85969	0.8227957
25.862244	0.8227868
25.88658	0.8223408
25.906849	0.8219747
25.925108	0.8215324
25.935205	0.82108533
25.944887	0.8209869
26.005095	0.8205529
26.026705	0.8205484
26.079617	0.82053494
26.130878	0.8205215
26.137154	0.82008886
26.153545	0.81963813
26.176893	0.8191961
26.214043	0.81874466
26.222036	0.81829715
26.228144	0.8178539
26.440964	0.81784946
26.486948	0.81784487
26.487246	0.81783116
26.505524	0.81737894
26.558313	0.81697214
26.558691	0.81651413
26.5618	0.81617063
26.708595	0.8157126
26.741932	0.81525195
26.752178	0.8148046
26.769947	0.8143433
26.772793	0.81431556
26.7896	0.8142971
26.896675	0.81419545
26.908644	0.81418616
26.9655	0.81372213
26.99233	0.81328964
27.02039	0.81284744
27.035297	0.81238145
27.050512	0.81191987
27.085814	0.81145805
27.09694	0.8109956
27.1145	0.810533
27.129782	0.8105283
27.138372	0.81007445
27.144543	0.8100464
27.149452	0.8100417
27.162247	0.8095969
27.166595	0.8091285
27.171213	0.80867404
27.22573	0.80821955
27.239216	0.8078439
27.23924	0.8074728
27.270086	0.80741173
27.288265	0.80695087
27.288382	0.8064944
27.34899	0.8064803
27.389874	0.80601335
27.459282	0.80600864
27.465096	0.8055398
27.492283	0.80506617
27.531305	0.8046347
27.588926	0.80415994
27.597126	0.8036984
27.610052	0.8036841
27.623402	0.80321276
27.644014	0.8027364
27.684145	0.80273163
27.724522	0.8022685
27.750225	0.8018047
27.75417	0.80141234
27.782473	0.8009385
27.796938	0.8004689
27.802366	0.80000395
27.82083	0.799582
27.850748	0.79911184
27.862932	0.79910225
27.882473	0.7986313
27.90936	0.7981649
27.975142	0.7976836
28.023859	0.797206
28.088192	0.79673237
28.103474	0.7962577
28.121483	0.795773
28.142399	0.7952929
28.143007	0.794827
28.31177	0.79480755
28.325733	0.79433393
28.327501	0.79431444
28.380966	0.79430467
28.387558	0.7938299
28.402824	0.7933452
28.409628	0.7933403
28.417744	0.79326683
28.421717	0.79278165
28.449574	0.79231113
28.562113	0.7922964
28.616245	0.79229146
28.618423	0.7922816
28.664213	0.79182756
28.738815	0.7918127
28.743555	0.7918078
28.880087	0.79131705
28.88204	0.79129714
28.898466	0.79129213
28.973513	0.7912473
29.020634	0.7907576
29.047281	0.79025716
29.047285	0.7899065
29.17164	0.78976625
29.180191	0.7897612
29.185572	0.7892731
29.189222	0.7887698
29.194527	0.78827643
29.231941	0.7878284
29.25711	0.78741497
29.298733	0.7873998
29.3292	0.78690976
29.386005	0.786409
29.42701	0.78591233
29.445562	0.7854099
29.506401	0.78538454
29.52782	0.7849775
29.528027	0.7844988
29.52921	0.78448355
29.529371	0.7839743
29.56267	0.7839641
29.57291	0.78395903
29.588047	0.783449
29.607168	0.7834439
29.649168	0.7834184
29.695276	0.7829429
29.695965	0.7824871
29.72427	0.7824717
29.746511	0.78196424
29.752829	0.78148717
29.758553	0.78148204
29.78012	0.7809791
29.8127	0.78047067
29.823849	0.78046036
29.82787	0.77995634
29.854525	0.77945226
29.86173	0.77895284
29.861874	0.7784585
29.910517	0.7779538
29.936033	0.7774483
29.974014	0.7770559
29.974703	0.7770249
29.98	0.77701455
29.980213	0.7765079
29.996138	0.7761253
30.004673	0.776058
30.006735	0.7755458
30.030048	0.7750335
30.03107	0.77452594
30.06532	0.77452075
30.087168	0.7745104
30.159391	0.7739967
30.16439	0.77398634
30.165527	0.7734713
30.169315	0.77296674
30.223505	0.7724568
30.25531	0.77193564
30.258745	0.7719304
30.26159	0.7714608
30.26825	0.7711581
30.269302	0.7706413
30.28703	0.7701245
30.305138	0.76960224
30.313559	0.7691266
30.34382	0.7686352
30.427383	0.7683474
30.461924	0.7678332
30.47034	0.7678227
30.500605	0.7673235
30.522562	0.7668606
30.536312	0.76633424
30.634443	0.7659024
30.716734	0.7653899
30.732462	0.7648708
30.737148	0.7643832
30.767988	0.76385313
30.79466	0.76332253
30.804316	0.7629561
30.856483	0.7624249
30.866392	0.76196194
30.885933	0.7614349
30.893532	0.7614296
30.911737	0.76089686
30.924473	0.7604597
30.97399	0.7599477
31.008694	0.7599157
31.010904	0.75949323
31.036171	0.75895846
31.185017	0.7584339
31.186552	0.7584285
31.191805	0.75789607
31.247993	0.75781
31.330667	0.7572927
31.362972	0.7567578
31.428623	0.7562169
31.473299	0.75568575
31.55909	0.75515383
31.710176	0.7546096
31.711199	0.7540627
31.78951	0.7540573
31.811598	0.753531
31.863924	0.75298786
31.886621	0.75283396
31.94712	0.752823
31.956314	0.7528175
32.036488	0.7522719
32.061146	0.7517415
32.10984	0.75124943
32.12995	0.75070673
32.21077	0.7502358
32.266964	0.7497136
32.272392	0.74915713
32.357582	0.7486006
32.482388	0.7480537
32.491108	0.74764484
32.511513	0.7476168
32.531025	0.74730283
32.538322	0.74675304
32.58162	0.7461919
32.612988	0.7456525
32.62568	0.74509007
32.634007	0.74453306
32.663208	0.74398714
32.67704	0.7439759
32.69969	0.7435307
32.729282	0.7430683
32.730427	0.7428538
32.733692	0.74229497
32.738605	0.7420015
32.74237	0.74147075
32.744522	0.7414594
32.770172	0.7409173
32.775738	0.7403522
32.78162	0.7402618
32.807205	0.74025613
32.846622	0.74023914
32.847813	0.7402335
32.866753	0.7398426
32.87526	0.73973495
32.90081	0.73917365
32.906425	0.7386687
32.926777	0.738663
32.928173	0.7381065
32.930122	0.7381008
32.949715	0.73761815
32.96389	0.73706126
32.98052	0.7365212
33.058544	0.73650986
33.085957	0.7359967
33.086643	0.73543185
33.130028	0.7354261
33.14724	0.73486054
33.152283	0.7342889
33.16934	0.7337343
33.169483	0.7332252
33.20613	0.7331966
33.20976	0.7326297
33.228786	0.73207986
33.23186	0.7315412
33.276363	0.7315183
33.29052	0.7315068
33.340893	0.73094994
33.37045	0.73093843
33.384205	0.73050106
33.387253	0.72992533
33.420025	0.7299196
33.455463	0.72942394
33.462177	0.72885275
33.506912	0.72884697
33.518772	0.72881806
33.555607	0.7282458
33.577606	0.72823423
33.586926	0.727771
33.617855	0.7272207
33.663685	0.7266816
33.72547	0.7261242
33.739334	0.72554266
33.74619	0.7249608
33.80746	0.72439045
33.82887	0.7238366
33.861115	0.7238249
33.876556	0.72326434
33.88584	0.72325265
33.901806	0.7227267
33.93529	0.72214204
33.936684	0.7221245
34.072956	0.7215451
34.11818	0.72153336
34.26479	0.720945
34.2686	0.72093314
34.298073	0.720354
34.332283	0.71977437
34.47786	0.719206
34.493965	0.7186173
34.527737	0.71802247
34.55653	0.71798074
34.71404	0.7179748
34.800182	0.7173941
34.859097	0.71679395
34.86983	0.71677595
34.882465	0.7162708
34.938965	0.71568125
35.03203	0.7150908
35.066803	0.71448666
35.06687	0.71442014
35.16822	0.7143536
35.205956	0.7137714
35.24424	0.71317637
35.304657	0.712599
35.310646	0.71202666
35.31171	0.71198404
35.412296	0.71137506
35.42377	0.71077657
35.435905	0.7102268
35.503418	0.70962787
35.540443	0.7096218
35.553818	0.70959723
35.60876	0.7089902
35.6102	0.7089841
35.61724	0.7089718
35.701035	0.7083821
35.72019	0.70836985
35.753395	0.7077908
35.75479	0.7077106
35.855755	0.70711255
35.90244	0.7065313
35.949375	0.7059369
35.96404	0.70532316
35.968967	0.7047215
35.99484	0.70416945
36.07573	0.7036853
36.157784	0.7036106
36.26992	0.70347345
36.27974	0.7034547
36.327522	0.70283526
36.337746	0.702735
36.374138	0.70212716
36.420563	0.70150614
36.420918	0.7014999
36.424595	0.70137423
36.498337	0.7007461
36.55635	0.7001167
36.55729	0.69948626
36.57118	0.6994295
36.605446	0.69883037
36.63491	0.6982117
36.634914	0.69763047
36.63634	0.6976178
36.66536	0.6970808
36.69792	0.6964548
36.735374	0.69582194
36.749397	0.69572693
36.80786	0.6951882
36.830425	0.69455343
36.86859	0.69392467
36.887035	0.6939056
36.89843	0.6932758
37.032066	0.69326943
37.04872	0.6926436
37.05838	0.692618
37.104355	0.6925988
37.1084	0.69196534
37.22442	0.69133824
37.25131	0.69069624
37.289276	0.69007957
37.297863	0.6894622
37.304707	0.688819
37.405373	0.6881757
37.445026	0.6875306
37.457016	0.68689126
37.46978	0.68625176
37.485172	0.6856056
37.48627	0.6849592
37.5408	0.684804
37.602272	0.68419546
37.642036	0.68364424
37.70764	0.68363124
37.74397	0.6829875
37.80323	0.6823821
37.883896	0.68174326
37.891186	0.68108994
37.913597	0.6810703
37.92517	0.680423
37.98279	0.6804034
38.101505	0.67983353
38.130604	0.67917645
38.247616	0.67852545
38.331394	0.67787904
38.355686	0.6777733
38.380318	0.67717797
38.416096	0.67716473
38.425747	0.67651546
38.443478	0.6758793
38.4672	0.67536885
38.518787	0.6747585
38.533054	0.67412746
38.568043	0.6734629
38.569363	0.67343634
38.59101	0.6734097
38.613075	0.67279744
38.746223	0.6721382
38.74766	0.6721182
38.767742	0.67144996
38.780354	0.6713831
38.78681	0.6707143
38.863552	0.67064744
38.937344	0.6706206
39.01422	0.66999614
39.201298	0.6693233
39.22185	0.668654
39.270153	0.66798437
39.301273	0.6679641
39.40379	0.6679505
39.489685	0.66727096
39.495914	0.66725737
39.519726	0.6666035
39.536613	0.66658986
39.587807	0.66658306
39.592133	0.66590035
39.60899	0.6658935
39.62236	0.6658867
39.623833	0.6652239
39.64202	0.66458154
39.642387	0.6645542
39.680004	0.6638706
39.839024	0.6631931
39.891933	0.6630282
39.900753	0.66234714
39.96967	0.6616659
39.99419	0.6609973
40.004734	0.6603352
40.004826	0.65966594
40.005817	0.65898293
40.047127	0.65829307
40.093376	0.6576024
40.13572	0.6569663
40.14423	0.65628105
40.25865	0.65627414
40.268475	0.65558684
40.28681	0.65557986
40.3176	0.6548851
40.340885	0.65487814
40.355003	0.65421027
40.42366	0.6536953
40.503696	0.6536883
40.51854	0.6529898
40.53742	0.65229803
40.557667	0.65160596
40.589355	0.65159893
40.604115	0.65111595
40.727493	0.65108794
40.752247	0.6503996
40.794807	0.6502661
40.800457	0.64957666
40.804672	0.6495626
40.82711	0.64949924
40.880283	0.64896417
40.899094	0.64828736
40.91086	0.6482803
40.920845	0.64825916
40.924152	0.6475605
40.95662	0.646883
40.97014	0.6461908
41.01994	0.6461555
41.094036	0.6461484
41.146736	0.64548224
41.159767	0.64478683
41.197227	0.64477974
41.213474	0.64477265
41.22323	0.644069
41.254086	0.64338654
41.25516	0.64280313
41.299667	0.6421059
41.32766	0.64206314
41.345398	0.64135045
41.391926	0.6407016
41.416557	0.6406945
41.430836	0.6401374
41.43127	0.64008737
41.51918	0.6394586
41.521923	0.63885
41.52467	0.6388285
41.535717	0.63811237
41.548985	0.63794047
41.58777	0.63792616
41.631813	0.63791895
41.67258	0.63789743
41.683968	0.63719314
41.7177	0.63718593
41.757454	0.6364665
41.825775	0.6364593
41.889915	0.6357813
41.95475	0.63523227
41.99124	0.6345087
42.101788	0.63448703
42.115204	0.6337755
42.12923	0.63307095
42.141045	0.63254786
42.1495	0.6318502
42.19995	0.6311524
42.21482	0.63113785
42.238705	0.6311305
42.24238	0.6310941
42.25809	0.63037294
42.34064	0.6303656
42.41262	0.63035834
42.416996	0.630351
42.42135	0.6296268
42.42784	0.6289318
42.47717	0.6282514
42.47725	0.62751883
42.50766	0.6267863
42.508713	0.6267643
42.538963	0.62675697
42.592083	0.62620676
42.6315	0.62553835
42.64078	0.62481785
42.64362	0.6240899
42.666534	0.62336916
42.684772	0.62265545
42.7458	0.6219414
42.788128	0.6218898
42.824463	0.62185293
42.85683	0.62184554
42.87595	0.621816
42.908115	0.6216311
42.96275	0.62089115
42.99008	0.62088376
43.00091	0.62077254
43.05358	0.6200606
43.065353	0.6193479
43.1138	0.6187463
43.119144	0.61802506
43.187565	0.6180176
43.18785	0.61801016
43.22295	0.6172654
43.250107	0.61652744
43.29327	0.6157965
43.293777	0.6150499
43.31445	0.6150051
43.319355	0.61432534
43.32273	0.61357826
43.372387	0.61353344
43.400932	0.61278546
43.415157	0.6122541
43.415806	0.6115503
43.420418	0.61152035
43.423557	0.610794
43.42756	0.6106068
43.54137	0.6105843
43.608932	0.6105693
43.727253	0.6103963
43.90638	0.61030585
43.91166	0.60982126
43.9836	0.6095789
43.99231	0.60956377
44.016754	0.60955614
44.025696	0.6088274
44.083164	0.60881984
44.093647	0.6080672
44.166412	0.608014
44.189644	0.60800636
44.290035	0.6072748
44.385723	0.6065797
44.4308	0.6065721
44.467155	0.6058058
44.483837	0.6052307
44.489227	0.60508496
44.498035	0.60487777
44.510445	0.6041104
44.521694	0.60335046
44.54907	0.60333514
44.555054	0.60332745
44.558075	0.6025668
44.594597	0.601806
44.68873	0.6017983
44.703716	0.6017752
44.723717	0.60102737
44.778004	0.6002947
44.77948	0.5995225
44.812553	0.598897
44.850796	0.59865737
44.883423	0.59788394
44.915745	0.5978762
44.92414	0.5971248
44.980663	0.5963578
45.001118	0.5963423
45.016636	0.5955895
45.057743	0.59558177
45.061325	0.5948125
45.08086	0.5940432
45.083054	0.5939732
45.184444	0.59319574
45.199844	0.5931724
45.229214	0.59240067
45.246395	0.59238505
45.322235	0.5916204
45.39091	0.5908388
45.412865	0.5908231
45.432484	0.5908153
45.433147	0.5900396
45.48148	0.59002393
45.594315	0.5899769
45.61401	0.58996904
45.640762	0.5899612
45.67701	0.58993757
45.698017	0.5891577
45.707462	0.58913404
45.792248	0.58911043
45.825047	0.58832073
45.858456	0.587562
45.876816	0.5867712
45.88912	0.5861304
45.91625	0.58612245
45.920334	0.58534646
45.981903	0.58533853
46.001915	0.5853227
46.006042	0.5845531
46.015186	0.58378357
46.01882	0.58377564
46.02505	0.5831566
46.045925	0.5823708
46.05646	0.5823549
46.059124	0.5815765
46.080593	0.58078223
46.08708	0.5807743
46.197906	0.57998747
46.264435	0.57921463
46.26536	0.5784727
46.26844	0.5776828
46.285606	0.57690084
46.293507	0.5761106
46.3169	0.57531226
46.34594	0.57454544
46.430046	0.57452947
46.436756	0.5745214
46.442913	0.57451344
46.467556	0.5745054
46.48184	0.5737922
46.497448	0.57299864
46.51189	0.57223684
46.589066	0.57218874
46.636593	0.57138526
46.649048	0.570581
46.727833	0.5705569
46.783764	0.56982356
46.812294	0.56904095
46.81547	0.5682417
46.848694	0.56823367
46.854027	0.56745803
46.855312	0.56745
46.868675	0.5666419
46.9288	0.5665207
46.95201	0.5657276
46.971745	0.56496644
47.030064	0.56418073
47.142075	0.5641726
47.18472	0.56415635
47.187027	0.563424
47.24904	0.5634159
47.33784	0.56260103
47.369415	0.5625847
47.37604	0.5618168
47.404964	0.561008
47.45307	0.56019044
47.502834	0.5593803
47.517536	0.55856925
47.5543	0.55780715
47.615612	0.55779076
47.674107	0.5570271
47.685513	0.5570189
47.698494	0.5561965
47.713566	0.55537397
47.7209	0.5553575
47.808506	0.554551
47.83176	0.5537265
47.836426	0.55371827
47.87508	0.5529345
47.92003	0.55211717
47.926247	0.5521089
48.015778	0.5512989
48.027397	0.55124927
48.02751	0.55045414
48.07299	0.550421
48.220287	0.5504127
48.27282	0.55037946
48.382313	0.54968846
48.465508	0.5489042
48.499863	0.54889584
48.511402	0.54807615
48.618103	0.5480594
48.6357	0.5473467
48.68505	0.546508
48.76522	0.5456684
48.869595	0.5448779
48.89775	0.5442205
49.06453	0.5434279
49.103226	0.5434194
49.114582	0.5425811
49.14175	0.5424286
49.195904	0.54174215
49.20826	0.54095316
49.21207	0.54011303
49.285847	0.5401045
49.294807	0.54009604
49.30508	0.5392459
49.421753	0.5392289
49.481346	0.5384959
49.487854	0.5383509
49.54842	0.5383338
49.552395	0.537522
49.658146	0.5375135
49.677048	0.5366657
49.7117	0.5366143
49.72485	0.535877
49.79209	0.5358684
49.83488	0.5350183
49.86613	0.5341761
49.94761	0.53416747
50.042545	0.533332
50.043976	0.5326243
50.07429	0.5317613
50.082775	0.5309582
50.089138	0.53011173
50.176838	0.5292652
50.198753	0.52923924
50.21167	0.5291873
50.232254	0.5283474
50.2414	0.52833873
50.29504	0.52833
50.30049	0.5281652
50.30247	0.5272978
50.316498	0.5264303
50.326294	0.5255799
50.32735	0.524712
50.36082	0.524686
50.399662	0.523887
50.411484	0.5230265
50.440426	0.52218324
50.47467	0.52214843
50.516426	0.5213041
50.54077	0.52046776
50.642986	0.52045906
50.670982	0.51958567
50.685497	0.5195682
50.760586	0.51870286
50.825424	0.5186679
50.886486	0.5186065
50.947083	0.51775527
50.978485	0.51774645
51.030815	0.51771134
51.033787	0.5168313
51.033787	0.51596874
51.12537	0.51595116
51.225067	0.51594234
51.26666	0.5159335
51.271473	0.5150582
51.27204	0.5142094
51.296696	0.51418287
51.333847	0.5141652
51.348206	0.5132976
51.404976	0.51242095
51.411396	0.51161426
51.41566	0.51072764
51.500706	0.50984097
51.59888	0.5097255
51.624672	0.50885344
51.651672	0.50884455
51.72339	0.50874656
51.81452	0.5078546
51.816433	0.50784564
51.893337	0.5069878
51.96142	0.50612867
52.022003	0.50528634
52.03641	0.5052325
52.05332	0.50519663
52.0709	0.5051697
52.10227	0.5051607
52.130714	0.50444186
52.151367	0.5036058
52.185486	0.5027154
52.20546	0.50182444
52.23697	0.50176144
52.306248	0.50088763
52.30654	0.49999458
52.306896	0.49911058
52.320457	0.49821755
52.334408	0.4981995
52.370735	0.49814534
52.372635	0.4972422
52.443096	0.49722412
52.472565	0.49631974
52.50955	0.49631068
52.52801	0.49544135
52.54095	0.4945355
52.575	0.49363846
52.68957	0.4936294
52.798374	0.49272075
52.812122	0.4918102
52.82204	0.49090856
52.86515	0.49005228
52.91887	0.49002492
52.949097	0.48916706
52.984177	0.48913968
52.98733	0.4882351
53.044094	0.4873213
53.114872	0.48654374
53.167942	0.48564607
53.21394	0.48472917
53.228382	0.48382983
53.257114	0.48381147
53.308662	0.4838023
53.357155	0.48368278
53.45123	0.4827994
53.492237	0.4819145
53.4932	0.4818407
53.49772	0.48093665
53.538605	0.4800325
53.55687	0.48001403
53.565765	0.47994938
53.602234	0.47921962
53.638107	0.4786465
53.64067	0.47772148
53.67723	0.4777122
53.682514	0.4776937
53.68705	0.4776752
53.705685	0.47674933
53.735756	0.4767401
53.8277	0.4758134
53.841137	0.47490367
53.922527	0.47397515
54.0002	0.47304523
54.14129	0.47220713
54.14802	0.4721791
54.34494	0.4712453
54.379066	0.4703081
54.38399	0.4693703
54.401257	0.4684512
54.404625	0.4675224
54.47912	0.46658418
54.491882	0.46625534
54.49727	0.4653156
54.513577	0.46528742
54.577934	0.4643849
54.58722	0.46412137
54.646873	0.46318
54.654972	0.4622376
54.67588	0.46221873
54.772556	0.46218103
54.798687	0.4612459
54.83524	0.461227
54.86916	0.46117026
54.929817	0.46114185
54.936016	0.4602135
54.982124	0.4601946
55.030014	0.4592464
55.105633	0.4592274
55.18828	0.4582961
55.237328	0.45822948
55.263657	0.4582104
55.347584	0.45725736
55.387215	0.45724782
55.47962	0.45631176
55.495438	0.455355
55.62893	0.45520186
55.63774	0.4542713
55.666782	0.45425212
55.691166	0.4542329
55.754116	0.4542233
56.090805	0.45421368
56.105488	0.45419434
56.13219	0.4541653
56.200798	0.45413628
56.20156	0.45411688
56.5203	0.45315737
56.622585	0.45220214
56.65891	0.45148933
56.693214	0.45147955
56.83763	0.45145023
56.894135	0.4514208
56.910957	0.45139137
56.955692	0.4513423
56.975594	0.4503699
57.054596	0.45028147
57.13733	0.44929755
57.144814	0.44918916
57.189533	0.44820365
57.30589	0.44816422
57.371517	0.4481148
57.45609	0.44810492
57.479294	0.44803554
57.514256	0.44715333
57.64202	0.44704422
57.676147	0.44608
57.687	0.4460203
57.723827	0.44502547
57.771393	0.44404992
57.868374	0.44309348
57.97756	0.4421055
58.008007	0.44110563
58.048836	0.44108564
58.152428	0.44102558
58.190044	0.440123
58.214916	0.43912953
58.242664	0.43812558
58.278343	0.43714124
58.304794	0.43616638
58.30624	0.435181
58.335526	0.43418553
58.374584	0.43321976
58.486942	0.43309894
58.57343	0.43308887
58.658848	0.43307877
58.786064	0.43297762
58.822918	0.43285593
58.831	0.43186182
58.834053	0.4308777
58.894344	0.43082696
58.946163	0.4298113
58.954914	0.42979097
58.96337	0.4288556
59.184742	0.42789978
59.211098	0.4268791
59.235733	0.4268689
59.386307	0.426685
59.400894	0.42666453
59.418594	0.42664403
59.487366	0.4266338
59.579067	0.42561817
59.579792	0.4245907
59.60625	0.42458043
59.684036	0.42457014
59.718197	0.42356145
59.724586	0.42263457
59.86083	0.4226037
59.888798	0.42157137
59.922863	0.42156103
60.0523	0.42071366
60.078556	0.41976088
60.08108	0.4188077
60.173714	0.41873515
60.176544	0.4187144
60.192574	0.4186729
60.21631	0.41765562
60.227737	0.41762444
60.280148	0.41662735
60.297604	0.41559818
60.3147	0.41456872
60.33827	0.41454792
60.404865	0.41452712
60.428673	0.4135479
60.492336	0.41253707
60.515095	0.412391
60.5303	0.41218227
60.540203	0.41217184
60.566715	0.4111487
60.585915	0.41113824
60.592514	0.4109606
60.65718	0.40996793
60.70226	0.40993655
60.7222	0.40890017
60.93335	0.40887922
60.971146	0.4078389
61.003304	0.40782842
61.07717	0.4067974
61.255672	0.40677637
61.30944	0.40666014
61.324368	0.405624
61.330547	0.40558168
61.37143	0.40452403
61.39466	0.40450284
61.41017	0.40348643
61.421135	0.40331697
61.49209	0.40235308
61.58783	0.40129262
61.61088	0.40025175
61.63335	0.40024114
61.644035	0.39925265
61.666924	0.39922076
61.688335	0.39815727
61.700764	0.39712536
61.761757	0.39607194
61.786736	0.3960613
61.838608	0.39604
61.87073	0.39602932
61.87865	0.39600798
62.025658	0.3949942
62.10646	0.39395663
62.152233	0.39293915
62.168484	0.39292842
62.31115	0.39188847
62.329784	0.3918777
62.35193	0.39185622
62.357758	0.39107126
62.35941	0.39100674
62.380833	0.39098525
62.452244	0.38990945
62.530567	0.38988793
62.5437	0.3888311
62.613052	0.38775253
62.700005	0.38667274
62.72799	0.38560227
62.75818	0.38453132
62.81555	0.38347068
62.827175	0.38239822
62.83156	0.38134724
62.940426	0.38133642
62.96059	0.38132557
62.971157	0.38025063
63.02	0.37916467
63.052536	0.37836045
63.062336	0.37731656
63.10916	0.37722957
63.12242	0.3772187
63.199326	0.37614098
63.20277	0.3761192
63.206776	0.37505105
63.22916	0.37499654
63.270374	0.37391704
63.423645	0.3738952
63.502926	0.3728124
63.529057	0.37173915
63.575592	0.37066546
63.599426	0.3695691
63.670616	0.36847228
63.70326	0.3684613
63.72103	0.3673627
63.82961	0.3662748
63.83342	0.36517406
63.83807	0.36516303
63.84703	0.36406213
63.94363	0.36374283
64.05309	0.36264008
64.06566	0.36155754
64.07717	0.36047482
64.10546	0.35939187
64.19454	0.3593808
64.3941	0.35914835
64.40303	0.35806006
64.40905	0.35803783
64.46742	0.35692707
64.514565	0.35690483
64.66759	0.35579225
64.77412	0.35574764
65.02808	0.3546306
65.08413	0.35461938
65.101	0.35349697
65.15904	0.35239676
65.19736	0.3523855
65.22073	0.3512724
65.298355	0.35015887
65.424614	0.350035
65.6822	0.34987706
65.695015	0.3498544
65.764824	0.34872147
65.77762	0.34764403
65.77782	0.34759864
65.82591	0.34757596
65.841446	0.34755325
65.8605	0.34753054
65.97599	0.34639478
65.98651	0.34527972
66.128815	0.34526837
66.168365	0.34525695
66.22482	0.34523413
66.25223	0.34420627
66.31521	0.34418342
66.32553	0.34303978
66.342575	0.3429826
66.39189	0.3429368
66.47035	0.34292537
66.47176	0.34179053
66.565094	0.3417447
66.62173	0.34070006
66.63622	0.34066558
66.64996	0.3406541
66.708565	0.3395162
66.712494	0.33840027
66.75475	0.33838877
66.875854	0.3374563
66.87771	0.3363376
67.06704	0.33631453
67.14707	0.33515793
67.16105	0.33508846
67.24022	0.33399972
67.27797	0.33311844
67.35571	0.33308363
67.42694	0.333072
67.446625	0.33300224
67.56686	0.332979
67.81362	0.3318254
67.88282	0.3307144
67.88358	0.32955545
67.906166	0.3283965
67.93412	0.3283848
67.95405	0.32837304
67.99022	0.32836133
67.99394	0.32718882
68.01249	0.3271771
68.07464	0.32716537
68.07612	0.32713014
68.115524	0.32596788
68.145706	0.3248872
68.222946	0.323759
68.239944	0.32373545
68.242966	0.32371193
68.25122	0.3227351
68.308075	0.32272336
68.461784	0.32154533
68.47176	0.32048276
68.49305	0.31930193
68.55686	0.31814438
68.56592	0.3169621
68.64229	0.31695026
68.70531	0.3167135
68.808784	0.31670165
68.90549	0.3166898
68.924416	0.31554902
68.92949	0.3144198
68.986786	0.31440794
69.36778	0.31346807
69.517586	0.3134561
69.54843	0.31339616
69.58048	0.31219676
69.61361	0.31218478
69.641335	0.31098425
69.65778	0.31097224
69.697205	0.30978298
69.703964	0.30950654
69.77313	0.30949453
69.821205	0.30947044
69.82312	0.3094584
69.82699	0.30830243
69.842125	0.3082663
70.03868	0.30825427
70.15128	0.30815765
70.255165	0.30702046
70.25634	0.30700833
70.33522	0.30694774
70.40803	0.30663237
70.43007	0.30541816
70.43334	0.30422786
70.474434	0.30417928
70.489944	0.30416712
70.618675	0.30295148
70.725006	0.30173364
70.73664	0.30058715
70.81558	0.30057496
70.840546	0.30036733
70.870995	0.30029404
70.978004	0.29996404
71.093605	0.29874
71.0964	0.29866645
71.17055	0.29860514
71.209625	0.29737777
71.39445	0.2973655
71.469185	0.29735318
71.50606	0.29613298
71.51786	0.29489982
71.52925	0.2948875
71.529274	0.29481348
71.58504	0.2947888
71.77913	0.2935543
72.00024	0.29236597
72.03565	0.2923411
72.17951	0.29232872
72.196205	0.29231626
72.23771	0.29124552
72.24124	0.2902489
72.24965	0.28900307
72.37114	0.28899062
72.42237	0.28778
72.528336	0.28654352
72.54651	0.28529274
72.58772	0.28528023
72.605156	0.28524268
72.64829	0.28400308
72.93936	0.28399056
72.99284	0.28351256
73.02329	0.28348738
73.151695	0.28224066
73.19056	0.2822028
73.267845	0.28101635
73.29462	0.2810037
73.385735	0.2809026
73.46791	0.28071275
73.52793	0.27944577
73.66035	0.27820313
73.67139	0.27697092
73.771545	0.27694553
73.81551	0.27692008
73.85964	0.27690735
73.87359	0.27686915
73.87782	0.27560788
74.1517	0.27433383
74.1594	0.27429548
74.20193	0.27407807
74.23892	0.27406526
74.30813	0.27402687
74.40318	0.27307856
74.41919	0.2727706
74.47557	0.27171823
74.62092	0.27044672
74.63963	0.26915985
74.696335	0.26914698
74.712555	0.2691341
74.861565	0.26910833
74.94548	0.2690567
75.04412	0.26776424
75.0904	0.26775128
75.174644	0.26645634
75.19704	0.26644337
75.3158	0.26514655
75.41971	0.2638477
75.5903	0.26254708
75.61822	0.26250795
75.65013	0.2622993
75.80473	0.26226017
75.91911	0.26220787
75.97066	0.26092482
76.15447	0.2608986
76.27928	0.26087233
76.33295	0.26084602
76.35581	0.25952962
76.36264	0.25951648
76.499565	0.25934526
76.526024	0.2593057
76.56693	0.2592265
76.670265	0.25793248
76.76882	0.25661027
76.826904	0.2554717
76.911446	0.25516698
76.95066	0.25386715
76.95225	0.2526197
77.02866	0.25139883
77.177345	0.25138554
77.35482	0.25137222
77.54595	0.2513589
77.58905	0.25123852
77.61346	0.25122514
77.796844	0.251185
78.00195	0.25093007
78.30648	0.25091663
78.34712	0.25090313
78.41038	0.2508896
78.449066	0.25086257
78.91492	0.25080845
78.91952	0.2506043
79.0784	0.25052264
79.207306	0.24915892
79.22942	0.24909061
79.25493	0.24772428
79.45274	0.24641216
79.52683	0.24506937
79.54915	0.24372533
79.56777	0.24239463
79.69637	0.24129689
80.18853	0.2412694
80.27015	0.239928
80.28399	0.23991416
80.30329	0.23859885
80.34693	0.237214
80.35558	0.23720014
80.380196	0.23604995
80.657776	0.23602223
80.89322	0.2346869
80.93091	0.23467295
81.25521	0.23464502
81.32535	0.23463102
81.395424	0.234617
81.441696	0.23321329
81.489746	0.23185094
81.64331	0.23048776
81.73116	0.22933324
81.81452	0.22931914
81.89484	0.22790821
81.99608	0.22653827
82.01563	0.22512423
82.03478	0.22511007
82.12077	0.22380853
82.1621	0.22376604
82.215126	0.22375187
82.39827	0.22233404
82.60849	0.22096989
82.70616	0.22085592
82.73283	0.21942963
82.86267	0.21801713
82.88152	0.21793139
82.95634	0.2179171
83.06863	0.21758805
83.349236	0.21751642
83.43048	0.21740143
83.50509	0.2160202
83.68394	0.21590498
83.73567	0.21589056
83.73747	0.21578947
83.74081	0.21434538
83.75847	0.21405655
83.88867	0.2126699
83.92333	0.21238054
84.00404	0.21236607
84.00922	0.21096085
84.09514	0.20951208
84.09547	0.20948307
84.145996	0.20806181
84.411354	0.20666873
84.427666	0.20665418
84.54783	0.20663962
84.712296	0.20655213
84.7594	0.20525193
84.886856	0.20387793
85.14609	0.2038633
85.19333	0.20383392
85.23458	0.20237942
85.24093	0.20099771
85.26456	0.20090951
85.322525	0.19949791
85.352066	0.19805591
85.3952	0.19790871
85.478424	0.19787927
85.57294	0.19786452
85.67987	0.19782025
85.74654	0.19752474
85.8985	0.19750994
85.95297	0.19607304
85.95899	0.19604339
86.02601	0.1959841
86.032845	0.19596925
86.06079	0.1959099
86.1242	0.19445544
86.14928	0.19442573
86.40038	0.19441088
86.46002	0.19439597
86.55699	0.19438107
86.6001	0.19435121
86.66881	0.19287269
86.77615	0.19285774
86.87263	0.19284278
86.97267	0.19134463
87.070335	0.19128464
87.11214	0.19122458
87.19245	0.18976736
87.32377	0.18972224
87.33005	0.18821631
87.34331	0.1868157
87.39845	0.18678556
87.40656	0.18669514
87.57253	0.18668006
87.90663	0.18666495
87.9725	0.18514897
87.99393	0.18366219
88.26328	0.18217506
88.305695	0.18065292
88.41035	0.180592
88.44201	0.17906733
88.50774	0.17755736
88.65042	0.17607681
88.681435	0.17462444
88.933556	0.17312567
89.01274	0.17311034
89.01414	0.17309499
89.33508	0.17303358
89.72772	0.17298737
89.80093	0.17287906
90.033844	0.1728326
90.079315	0.17278601
90.1469	0.17127916
90.38283	0.16974008
90.478325	0.16827492
90.490814	0.1667458
90.49707	0.16532569
90.60698	0.16524766
90.616135	0.16523203
90.627075	0.16520078
90.786606	0.16365351
90.792244	0.16211917
91.168976	0.16208786
91.38625	0.16185202
91.74678	0.16027603
91.991325	0.16014944
92.046486	0.15856302
92.098335	0.15854715
92.19982	0.15700652
92.23293	0.15695882
92.447914	0.15541595
92.611946	0.15540001
92.662895	0.15380287
92.853584	0.1537869
92.864105	0.15373886
93.32371	0.15213737
93.34787	0.15208909
93.577354	0.1520247
93.59254	0.15199243
93.65565	0.15049137
93.76138	0.15047522
93.76208	0.14885826
93.80626	0.14727363
93.853485	0.14585003
93.88656	0.1442315
94.11076	0.1442153
94.30316	0.14418285
94.412094	0.14255655
94.454765	0.14131914
94.95152	0.14130285
95.14145	0.1397145
95.1903	0.13969809
95.30443	0.13968167
95.46992	0.13807099
95.534294	0.13802159
95.680084	0.13800511
95.70952	0.13798861
95.71527	0.13788958
95.8586	0.13784006
96.149574	0.13782352
96.20605	0.13779037
96.27114	0.13777377
96.32065	0.13775717
96.400536	0.13774057
97.58687	0.13772394
98.09393	0.13610832
98.1583	0.13458583
98.25332	0.13448426
98.46621	0.13438259
98.50805	0.1326845
98.66076	0.13265052
98.67312	0.13145952
98.68812	0.13135742
98.76118	0.12965551
98.88227	0.12963848
99.037476	0.12962142
99.1051	0.12958726
99.21581	0.12789525
99.24583	0.12784392
99.44248	0.12760429
99.73052	0.12588938
99.82836	0.124238275
99.839134	0.1225167
100.01071	0.12249948
100.33957	0.12077475
100.69832	0.120757446
100.74355	0.120740086
100.8296	0.12072271
100.86085	0.119001254
100.86682	0.11898386
100.89646	0.11766185
100.93055	0.11592185
100.95623	0.11418126
101.02934	0.11378082
101.04286	0.11207338
101.31504	0.11203852
101.407295	0.11196864
101.48976	0.11191617
101.57822	0.11025345
101.74277	0.11021842
101.782745	0.108463824
102.01265	0.10844627
102.05734	0.10842868
102.05997	0.10675666
102.472244	0.10672145
102.52253	0.10670379
102.56764	0.10668611
103.24059	0.10661535
103.281876	0.10483493
103.34371	0.1047993
103.50153	0.10478148
103.572815	0.10303225
103.59216	0.10299653
103.651276	0.10121004
103.6773	0.10115642
103.758224	0.10112066
104.374794	0.10110276
104.388016	0.10108477
104.40914	0.10104876
104.69723	0.09978836
104.88953	0.0981092
104.92865	0.09805493
105.5413	0.098000646
105.61556	0.09618054
105.84196	0.096162334
106.04149	0.096125826
106.08843	0.09605268
106.5251	0.09601609
106.54914	0.09423413
106.718094	0.09399526
106.8512	0.09395845
107.16492	0.093921594
107.42521	0.09388463
107.62418	0.092476666
107.861755	0.09243955
108.01568	0.09242094
108.094505	0.09197388
108.11246	0.091917954
108.24339	0.09186202
108.25853	0.09001399
108.64197	0.089957975
108.64668	0.089920506
108.64668	0.08834664
108.82884	0.08814053
109.33342	0.088121764
109.87064	0.08808406
109.886826	0.08806511
109.9047	0.08618902
110.00853	0.086094245
110.04119	0.0855251
110.13998	0.08550613
110.31839	0.085449144
110.60478	0.08543012
110.84332	0.08523938
111.25228	0.08522026
111.26733	0.085124336
111.5411	0.08479813
111.624306	0.0847789
111.80829	0.08472115
111.8661	0.08464402
111.88064	0.08275343
112.36089	0.08261836
112.52592	0.08259899
112.82288	0.08257958
112.84645	0.08256013
113.50963	0.08254067
113.55185	0.082501516
113.743256	0.08236444
113.93834	0.08234482
113.971825	0.08043886
113.990906	0.07986887
114.10506	0.0779227
114.45185	0.075954914
114.896965	0.07591544
115.31325	0.07587581
115.350296	0.07577638
116.19805	0.07575649
116.44525	0.075275555
117.05289	0.075255476
117.40074	0.07323685
117.629364	0.071495675
117.74696	0.06946711
117.77124	0.06743652
117.79664	0.06696939
118.620514	0.06495825
119.15872	0.06489688
119.22578	0.06485578
119.23789	0.06483522
119.25171	0.06481466
119.97428	0.06477352
121.271866	0.06475283
121.322914	0.064711004
121.61796	0.06466916
121.735596	0.064375535
121.85869	0.06433354
122.40021	0.06431253
122.980125	0.06420699
123.39402	0.06418578
124.29009	0.06414322
124.37061	0.06412178
124.65336	0.06401455
125.16688	0.06399305
125.30294	0.06397146
125.57183	0.06394985
126.003914	0.06386323
126.14357	0.06379804
126.54821	0.06355875
126.61421	0.06353693
126.636604	0.06331857
126.67037	0.063296735
126.73183	0.06327489
126.86481	0.06323118
127.41408	0.0630124
127.809204	0.06299042
127.854546	0.06296838
128.25847	0.062946334
128.57758	0.06283574
128.6293	0.060662717
128.67004	0.058466632
128.92754	0.058377877
129.05891	0.056154467
129.5885	0.056132212
129.65588	0.056087516
129.7667	0.05385155
129.77081	0.051636048
131.37325	0.0493981
131.64627	0.04933013
131.6524	0.049284726
132.00075	0.047014326
132.12502	0.04699156
132.2292	0.046968777
132.31436	0.04473404
132.78992	0.042452224
132.89665	0.042246122
133.3737	0.042223204
134.1117	0.042200204
135.0097	0.042153947
135.20908	0.04210738
135.28206	0.041710988
135.2915	0.041664325
136.57568	0.04159433
136.80714	0.03923903
136.98042	0.039215438
137.01949	0.036853153
137.83707	0.036805894
139.89357	0.03442884
140.09544	0.034404714
140.9897	0.03203703
141.89578	0.03184252
141.93492	0.031622283
142.25797	0.031548854
142.48238	0.029144622
142.50523	0.028923478
142.6521	0.026539644
148.68907	0.024079552
149.9617	0.02405391
150.11064	0.024002187
150.94402	0.021465244
151.1772	0.02136112
151.22722	0.018832222
152.29803	0.018780062
152.65514	0.018753797
157.00008	0.018674819
157.21385	0.015994366
157.66037	0.015967254
159.51509	0.013248337
160.0042	0.013220829
160.97275	0.010461492
161.12944	0.010433732
166.8398	0.01035037
167.46954	0.010321598
168.30931	0.010292716
169.30849	0.010263691
170.20679	0.010234493
174.32176	0.01020514
175.6093	0.010175077
177.35858	0.010084224
178.49457	0.010053637
179.06908	0.010022855
180.50545	0.009991975
183.03743	0.0069102147
186.90073	0.0068470836
194.59763	0.0036239058
202.00163	0.0035232285
205.9463	1.4413729E-4
217.96246	3.75885E-5



DATASET #4

     Name: Poisson
   Points: 100
     Info: 

Data[x,y]:
0.0	  1.0
2.4218051	  0.92873526
4.8436103	  0.8625492
7.265415	  0.8010798
9.687221	  0.7439911
12.109025	  0.6909707
14.53083	  0.6417289
16.952635	  0.5959962
19.374441	  0.5535227
21.796246	  0.51407605
24.21805	  0.47744054
26.639856	  0.44341585
29.06166	  0.41181594
31.483465	  0.38246796
33.90527	  0.3552115
36.327076	  0.32989743
38.748882	  0.30638736
41.170685	  0.28455275
43.59249	  0.26427418
46.014297	  0.24544074
48.4361	  0.22794946
50.857906	  0.2117047
53.279713	  0.19661762
55.701515	  0.18260571
58.12332	  0.16959237
60.545128	  0.1575064
62.96693	  0.14628175
65.38874	  0.13585702
67.81054	  0.1261752
70.232346	  0.11718336
72.65415	  0.108832315
75.07596	  0.1010764
77.497765	  0.09387322
79.91957	  0.08718337
82.34137	  0.080970265
84.763176	  0.07519994
87.18498	  0.06984083
89.60679	  0.064863645
92.028595	  0.060241155
94.4504	  0.055948082
96.8722	  0.051960956
99.29401	  0.048257973
101.71581	  0.04481888
104.13762	  0.041624874
106.559425	  0.03865849
108.98123	  0.0359035
111.40303	  0.033344846
113.82484	  0.030968534
116.24664	  0.02876157
118.66845	  0.026711883
121.090256	  0.024808267
123.51206	  0.023040311
125.93386	  0.02139835
128.35567	  0.019873401
130.77748	  0.01845713
133.19928	  0.017141785
135.62108	  0.01592018
138.0429	  0.014785633
140.46469	  0.013731939
142.8865	  0.012753336
145.3083	  0.011844472
147.7301	  0.011000379
150.15192	  0.010216439
152.57372	  0.0094883675
154.99553	  0.008812182
157.41733	  0.008184183
159.83914	  0.00760094
162.26094	  0.0070592607
164.68274	  0.006556184
167.10455	  0.006088959
169.52635	  0.005655031
171.94817	  0.0052520265
174.36996	  0.0048777424
176.79176	  0.0045301314
179.21358	  0.0042072926
181.63538	  0.0039074607
184.05719	  0.0036289967
186.47899	  0.003370377
188.9008	  0.003130188
191.3226	  0.002907116
193.7444	  0.0026999412
196.16621	  0.0025075304
198.58801	  0.002328832
201.00983	  0.0021628682
203.43163	  0.002008732
205.85342	  0.0018655802
208.27524	  0.0017326301
210.69704	  0.0016091546
213.11885	  0.0014944787
215.54065	  0.001387975
217.96246	  0.0012890613
220.38426	  0.0011971967
222.80606	  0.0011118788
225.22787	  0.0010326409
227.64967	  9.590501E-4
230.07149	  8.907036E-4
232.49329	  8.2722784E-4
234.91508	  7.6827564E-4
237.3369	  7.135247E-4
239.7587	  6.6267553E-4



DATASET #5

     Name: Data Poisson
   Points: 100
     Info: 

Data[x,y]:
0.0	  1.0
2.4218051	  0.76586455
4.8436103	  0.5865485
7.265415	  0.4492167
9.687221	  0.34403914
12.109025	  0.26348737
14.53083	  0.20179564
16.952635	  0.15454812
19.374441	  0.11836293
21.796246	  0.09064997
24.21805	  0.0694256
26.639856	  0.053170606
29.06166	  0.04072148
31.483465	  0.031187138
33.90527	  0.023885123
36.327076	  0.01829277
38.748882	  0.014009783
41.170685	  0.010729596
43.59249	  0.008217418
46.014297	  0.0062934286
48.4361	  0.004819914
50.857906	  0.003691401
53.279713	  0.0028271133
55.701515	  0.0021651858
58.12332	  0.001658239
60.545128	  0.0012699865
62.96693	  9.726376E-4
65.38874	  7.4490864E-4
67.81054	  5.704991E-4
70.232346	  4.3692504E-4
72.65415	  3.346254E-4
75.07596	  2.5627774E-4
77.497765	  1.9627402E-4
79.91957	  1.5031932E-4
82.34137	  1.1512424E-4
84.763176	  8.816957E-5
87.18498	  6.752595E-5
89.60679	  5.1715728E-5
92.028595	  3.9607243E-5
94.4504	  3.0333784E-5
96.8722	  2.3231569E-5
99.29401	  1.7792236E-5
101.71581	  1.3626442E-5
104.13762	  1.0436009E-5
106.559425	  7.992569E-6
108.98123	  6.1212254E-6
111.40303	  4.6880295E-6
113.82484	  3.5903954E-6
116.24664	  2.7497565E-6
118.66845	  2.1059411E-6
121.090256	  1.6128656E-6
123.51206	  1.2352366E-6
125.93386	  9.460239E-7
128.35567	  7.2452616E-7
130.77748	  5.548889E-7
133.19928	  4.2496973E-7
135.62108	  3.2546924E-7
138.0429	  2.4926536E-7
140.46469	  1.9090349E-7
142.8865	  1.4620622E-7
145.3083	  1.1197416E-7
147.7301	  8.575704E-8
150.15192	  6.567828E-8
152.57372	  5.0300663E-8
154.99553	  3.8523496E-8
157.41733	  2.9503777E-8
159.83914	  2.2595897E-8
162.26094	  1.7305396E-8
164.68274	  1.3253589E-8
167.10455	  1.0150455E-8
169.52635	  7.773873E-9
171.94817	  5.953734E-9
174.36996	  4.5597535E-9
176.79176	  3.4921537E-9
179.21358	  2.6745166E-9
181.63538	  2.0483175E-9
184.05719	  1.5687337E-9
186.47899	  1.2014375E-9
188.9008	  9.201384E-10
191.3226	  7.047014E-10
193.7444	  5.397058E-10
196.16621	  4.1334153E-10
198.58801	  3.1656364E-10
201.00983	  2.4244487E-10
203.43163	  1.8567992E-10
205.85342	  1.4220566E-10
208.27524	  1.0891028E-10
210.69704	  8.341052E-11
213.11885	  6.388116E-11
215.54065	  4.8924316E-11
217.96246	  3.74694E-11
220.38426	  2.8696484E-11
222.80606	  2.197762E-11
225.22787	  1.683188E-11
227.64967	  1.289094E-11
230.07149	  9.872714E-12
232.49329	  7.561161E-12
234.91508	  5.7908253E-12
237.3369	  4.434988E-12
239.7587	  3.3965998E-12


