
X-Axis: Annual Probability
Y-Axis: Ln(RSQSim/UCERF3)
Number of Data Sets: 5


DATASET #1

Name: NEHRP City Mean
Num Points: 27
Info: 

X, Y Data:
1.0E-6	-0.10141998
1.5848932E-6	-0.10130799
2.5118864E-6	-0.1011443
3.9810716E-6	-0.1009069
6.3095736E-6	-0.100608684
1.0E-5	-0.100198865
1.5848931E-5	-0.09966409
2.5118865E-5	-0.09894841
3.981072E-5	-0.097975
6.309574E-5	-0.09662865
1.0E-4	-0.09472221
1.5848932E-4	-0.09198877
2.5118864E-4	-0.08805363
3.9810716E-4	-0.08222772
6.3095737E-4	-0.07344609
0.001	-0.059929937
0.0015848932	-0.039024416
0.0025118864	-0.0072836783
0.0039810715	0.03911648
0.0063095735	0.10353099
0.01	0.18674663
0.015848933	0.2861824
0.025118865	0.39836895
0.039810717	0.5202013
0.06309573	0.6488198
0.1	0.7958901
0.15848932	1.2513832



DATASET #2

Name: Mean
Num Points: 27
Info: 

X, Y Data:
1.0E-6	-0.06745874
1.5848932E-6	-0.0670415
2.5118864E-6	-0.06656685
3.9810716E-6	-0.06602226
6.3095736E-6	-0.0653903
1.0E-5	-0.06464582
1.5848931E-5	-0.06374987
2.5118865E-5	-0.06263638
3.981072E-5	-0.061181884
6.309574E-5	-0.05915028
1.0E-4	-0.056131434
1.5848932E-4	-0.05147971
2.5118864E-4	-0.044458203
3.9810716E-4	-0.034364857
6.3095737E-4	-0.020536046
0.001	-0.0024289275
0.0015848932	0.020403478
0.0025118864	0.04873816
0.0039810715	0.08385146
0.0063095735	0.12777287
0.01	0.17877138
0.015848933	0.23482732
0.025118865	0.29950374
0.039810717	0.37854213
0.06309573	0.48452803
0.1	0.67230755
0.15848932	1.1741004



DATASET #3

Name: StdDev
Num Points: 27
Info: 

X, Y Data:
1.0E-6	0.19975992
1.5848932E-6	0.19332895
2.5118864E-6	0.18634757
3.9810716E-6	0.17876358
6.3095736E-6	0.1705294
1.0E-5	0.16161275
1.5848931E-5	0.15201814
2.5118865E-5	0.1418303
3.981072E-5	0.13128938
6.309574E-5	0.12084901
1.0E-4	0.111047514
1.5848932E-4	0.101886675
2.5118864E-4	0.09314571
3.9810716E-4	0.085724786
6.3095737E-4	0.080819234
0.001	0.077412084
0.0015848932	0.07312889
0.0025118864	0.06974181
0.0039810715	0.07112612
0.0063095735	0.08072125
0.01	0.096500784
0.015848933	0.11443976
0.025118865	0.12797998
0.039810717	0.13264969
0.06309573	0.12759018
0.1	0.105596796
0.15848932	0.11783219



DATASET #4

Name: Median
Num Points: 27
Info: 

X, Y Data:
1.0E-6	-0.081566185
1.5848932E-6	-0.07745087
2.5118864E-6	-0.07290478
3.9810716E-6	-0.068631984
6.3095736E-6	-0.06495717
1.0E-5	-0.061107505
1.5848931E-5	-0.0570138
2.5118865E-5	-0.05295902
3.981072E-5	-0.04965859
6.309574E-5	-0.04724306
1.0E-4	-0.044161767
1.5848932E-4	-0.039929863
2.5118864E-4	-0.03389874
3.9810716E-4	-0.024949398
6.3095737E-4	-0.013393849
0.001	0.0032952544
0.0015848932	0.028478317
0.0025118864	0.06132639
0.0039810715	0.097476125
0.0063095735	0.13437575
0.01	0.187463
0.015848933	0.24954218
0.025118865	0.32544422
0.039810717	0.4126563
0.06309573	0.52442884
0.1	0.6825547
0.15848932	1.1664206



DATASET #5

Name: MeanAbsDiff
Num Points: 27
Info: 

X, Y Data:
1.0E-6	0.17011851
1.5848932E-6	0.16456468
2.5118864E-6	0.15853356
3.9810716E-6	0.15197209
6.3095736E-6	0.14485455
1.0E-5	0.1371695
1.5848931E-5	0.12895331
2.5118865E-5	0.12036315
3.981072E-5	0.111511275
6.309574E-5	0.102546066
1.0E-4	0.09361638
1.5848932E-4	0.08499133
2.5118864E-4	0.07668935
3.9810716E-4	0.06858679
6.3095737E-4	0.06076099
0.001	0.05443139
0.0015848932	0.055748776
0.0025118864	0.07056282
0.0039810715	0.09677748
0.0063095735	0.13603705
0.01	0.18525714
0.015848933	0.24191189
0.025118865	0.3046945
0.039810717	0.37945703
0.06309573	0.48452803
0.1	0.67230755
0.15848932	1.1741004


