
X-Axis: 1.0s SA (g)
Y-Axis: Annual Probabilitiy
Number of Data Sets: 6


DATASET #1

Name: UCERF3 Full
Num Points: 51
Info: 

X, Y Data:
1.0E-4	0.81096333
1.3E-4	0.8099265
1.6E-4	0.80839306
2.0E-4	0.8056163
2.5E-4	0.8011157
3.2E-4	0.7932869
4.0E-4	0.7827613
5.0E-4	0.7680765
6.3E-4	0.7475931
7.9E-4	0.7215795
0.001	0.6876919
0.00126	0.6476549
0.00158	0.6023723
0.002	0.54991513
0.00251	0.49583268
0.00316	0.4393743
0.00398	0.38317963
0.00501	0.32933134
0.00631	0.27906498
0.00794	0.23372027
0.01	0.19349977
0.01259	0.15877652
0.01585	0.12928434
0.01995	0.10458388
0.02512	0.0840241
0.03162	0.06703247
0.03981	0.05297352
0.05012	0.041364912
0.0631	0.031818796
0.07943	0.024051536
0.1	0.017827895
0.12589	0.012952758
0.15849	0.009222883
0.19953	0.006434676
0.25119	0.004391189
0.31623	0.0029184583
0.39811	0.0018761051
0.50119	0.00115629
0.63096	6.7677465E-4
0.79433	3.727592E-4
1.0	1.916625E-4
1.25893	9.138416E-5
1.58489	4.0191404E-5
1.99526	1.6235905E-5
2.51189	6.0047632E-6
3.16228	2.0283521E-6
3.98107	6.24719E-7
5.01187	1.7527655E-7
6.30957	4.4796003E-8
7.94328	1.0438045E-8
10.0	2.2218414E-9



DATASET #2

Name: UCERF3
Num Points: 401
Info: 

X, Y Data:
1.0E-4	0.17415835
1.0333392E-4	0.17409351
1.06779E-4	0.17402448
1.1033893E-4	0.17395101
1.14017545E-4	0.17387299
1.178188E-4	0.1737902
1.2174679E-4	0.17370248
1.2580573E-4	0.17360961
1.3E-4	0.17351145
1.334183E-4	0.17342986
1.369265E-4	0.17334475
1.4052694E-4	0.173256
1.4422205E-4	0.17316353
1.4801433E-4	0.17306726
1.5190631E-4	0.17296708
1.5590065E-4	0.1728629
1.6E-4	0.17275465
1.645257E-4	0.17263363
1.691794E-4	0.17250767
1.7396474E-4	0.17237666
1.7888544E-4	0.17224047
1.8394532E-4	0.17209898
1.8914833E-4	0.17195208
1.944985E-4	0.17179966
2.0E-4	0.17164159
2.0565712E-4	0.17147774
2.1147425E-4	0.17130798
2.1745593E-4	0.17113222
2.236068E-4	0.17095031
2.2993165E-4	0.17076214
2.364354E-4	0.17056754
2.4312311E-4	0.17036642
2.5E-4	0.17015861
2.5783465E-4	0.16992079
2.659148E-4	0.16967444
2.742482E-4	0.16941936
2.8284272E-4	0.16915534
2.917066E-4	0.16888222
3.0084825E-4	0.16859974
3.102764E-4	0.16830769
3.2E-4	0.16800587
3.290514E-4	0.16772443
3.383588E-4	0.16743465
3.4792948E-4	0.16713634
3.5777088E-4	0.16682933
3.6789064E-4	0.16651343
3.7829665E-4	0.16618846
3.88997E-4	0.16585423
4.0E-4	0.16551057
4.1131425E-4	0.16515724
4.229485E-4	0.1647941
4.3491187E-4	0.16442093
4.472136E-4	0.16403754
4.598633E-4	0.16364373
4.728708E-4	0.16323932
4.8624622E-4	0.16282406
5.0E-4	0.16239783
5.1465514E-4	0.16194455
5.2973983E-4	0.16147906
5.4526667E-4	0.16100112
5.612486E-4	0.16051053
5.77699E-4	0.1600071
5.946315E-4	0.15949064
6.120603E-4	0.15896097
6.3E-4	0.15841787
6.4807665E-4	0.15787289
6.6667196E-4	0.15731472
6.858008E-4	0.15674321
7.0547854E-4	0.15615824
7.257209E-4	0.15555967
7.465441E-4	0.15494739
7.6796475E-4	0.15432127
7.9E-4	0.15368123
8.136239E-4	0.15299968
8.379543E-4	0.15230286
8.630122E-4	0.15159069
8.8881946E-4	0.15086313
9.153984E-4	0.15012012
9.427722E-4	0.14936167
9.7096455E-4	0.14858776
0.001	0.14779842
0.0010293103	0.14700955
0.0010594797	0.14620593
0.0010905333	0.14538762
0.0011224973	0.14455469
0.001155398	0.14370725
0.001189263	0.14284539
0.0012241206	0.14196926
0.00126	0.14107901
0.0012961533	0.1401937
0.0013333439	0.13929519
0.0013716016	0.13838363
0.0014109571	0.13745923
0.0014514418	0.13652222
0.0014930882	0.13557282
0.0015359295	0.13461125
0.00158	0.13363779
0.0016272478	0.1326115
0.0016759086	0.13157292
0.0017260244	0.13052237
0.0017776389	0.12946023
0.0018307968	0.12838683
0.0018855444	0.12730257
0.0019419291	0.12620784
0.002	0.12510304
0.0020575977	0.12402936
0.002116854	0.1229471
0.002177817	0.12185665
0.0022405356	0.12075842
0.0023050604	0.11965283
0.0023714434	0.11854028
0.0024397383	0.11742121
0.00251	0.11629605
0.0025833033	0.1151495
0.0026587474	0.11399761
0.0027363948	0.11284084
0.0028163097	0.11167966
0.0028985585	0.11051456
0.0029832094	0.10934601
0.0030703326	0.1081745
0.00316	0.10700051
0.0032524571	0.10582236
0.0033476194	0.1046427
0.003445566	0.103461996
0.0035463783	0.102280736
0.0036501405	0.1010994
0.0037569385	0.09991846
0.003866861	0.09873839
0.00398	0.097559646
0.004096165	0.09638552
0.0042157196	0.09521363
0.0043387646	0.094044395
0.0044654002	0.09287826
0.0045957323	0.09171564
0.0047298684	0.09055695
0.0048679197	0.089402586
0.00501	0.08825293
0.005156579	0.08710566
0.0053074467	0.085963875
0.005462728	0.08482792
0.0056225527	0.08369814
0.0057870536	0.08257485
0.005956367	0.08145837
0.0061306343	0.08034898
0.00631	0.07924699
0.006493865	0.07815699
0.0066830874	0.07707483
0.0068778237	0.076000735
0.007078234	0.07493492
0.0072844843	0.07387758
0.0074967444	0.072828904
0.00771519	0.07178906
0.00794	0.07075821
0.008172275	0.06973252
0.008411343	0.06871615
0.008657407	0.06770922
0.008910668	0.06671182
0.009171338	0.06572402
0.009439633	0.0647459
0.009715778	0.06377751
0.01	0.062818885
0.010292081	0.0618715
0.010592694	0.060933884
0.010902087	0.060006045
0.011220517	0.059087966
0.011548247	0.058179624
0.011885551	0.05728098
0.012232705	0.056391988
0.01259	0.05551259
0.012957647	0.05464291
0.013336032	0.053782675
0.013725464	0.052931797
0.01412627	0.052090183
0.014538779	0.051257726
0.014963334	0.050434317
0.015400288	0.049619835
0.01585	0.048814155
0.016312422	0.04801786
0.016788337	0.04723008
0.017278135	0.04645068
0.017782224	0.045679506
0.01830102	0.044916417
0.01883495	0.044161253
0.019384459	0.043413863
0.01995	0.04267409
0.020533005	0.041940585
0.021133045	0.041214403
0.021750621	0.04049539
0.022386245	0.039783385
0.023040446	0.039078232
0.023713762	0.038379777
0.024406755	0.03768788
0.02512	0.03700239
0.025853088	0.03632407
0.02660757	0.035651866
0.027384069	0.034985654
0.02818323	0.034325305
0.029005712	0.033670712
0.029852198	0.033021763
0.030723387	0.032378364
0.03162	0.03174043
0.032543603	0.031107321
0.033494186	0.03047954
0.034472536	0.029857025
0.03547946	0.029239727
0.0365158	0.028627615
0.03758241	0.028020661
0.03868017	0.027418852
0.03981	0.026822185
0.040972695	0.026230738
0.042169347	0.025644459
0.04340095	0.025063384
0.044668525	0.024487555
0.04597312	0.023917023
0.047315817	0.023351854
0.04869773	0.022792118
0.05012	0.0222379
0.0515838	0.021689296
0.053090356	0.021146398
0.05464091	0.020609317
0.05623675	0.020078167
0.0578792	0.019553065
0.059569612	0.019034138
0.0613094	0.018521516
0.0631	0.018015333
0.06494172	0.017516034
0.066837184	0.017023437
0.06878798	0.016537681
0.070795715	0.016058901
0.072862044	0.015587237
0.074988686	0.015122822
0.077177405	0.014665787
0.07943	0.014216262
0.08174976	0.013774105
0.08413727	0.0133397095
0.08659451	0.012913185
0.08912351	0.0124946395
0.09172637	0.012084168
0.09440525	0.011681861
0.097162366	0.011287801
0.1	0.0109020565
0.102919795	0.010524781
0.10592484	0.010155931
0.109017625	0.009795548
0.112200715	0.009443662
0.11547674	0.009100292
0.11884842	0.008765445
0.12231855	0.008439121
0.12589	0.008121304
0.12956645	0.0078119105
0.13335027	0.0075109666
0.13724458	0.0072184266
0.14125264	0.0069342325
0.14537773	0.006658318
0.14962329	0.006390605
0.15399285	0.0061310083
0.15849	0.0058794315
0.16311829	0.0056357817
0.16788174	0.005399935
0.17278428	0.0051717726
0.17783	0.0049511683
0.18302307	0.0047379886
0.18836778	0.0045320955
0.19386858	0.0043333457
0.19953	0.0041415896
0.20535603	0.003956698
0.21135218	0.003778491
0.21752341	0.00360681
0.22387484	0.0034414944
0.23041171	0.003282382
0.23713945	0.0031293083
0.24406363	0.00298211
0.25119	0.0028406219
0.25852492	0.0027046716
0.26607406	0.0025741048
0.27384362	0.0024487593
0.28184006	0.0023284745
0.29007	0.0022130914
0.29854023	0.0021024533
0.30725783	0.0019964061
0.31623	0.0018947981
0.32546407	0.0017974816
0.33496782	0.0017043102
0.34474903	0.0016151418
0.3548159	0.0015298375
0.3651767	0.001448262
0.37584007	0.0013702834
0.3868148	0.0012957737
0.39811	0.001224608
0.40973493	0.001156666
0.42169935	0.0010918296
0.4340131	0.0010299851
0.44668642	9.71022E-4
0.4597298	9.1483345E-4
0.47315407	8.6131576E-4
0.4869703	8.103686E-4
0.50119	7.618949E-4
0.5158249	7.1580044E-4
0.5308872	6.7199406E-4
0.5463893	6.3038757E-4
0.5623441	5.908955E-4
0.57876474	5.534348E-4
0.59566486	5.179252E-4
0.61305845	4.8428882E-4
0.63096	4.5245013E-4
0.6493842	4.2233587E-4
0.6683464	3.9387486E-4
0.6878623	3.66998E-4
0.7079481	3.416383E-4
0.72862035	3.1773065E-4
0.7498962	2.9521185E-4
0.7717934	2.740205E-4
0.79433	2.54097E-4
0.8175246	2.3538346E-4
0.8413966	2.178237E-4
0.86596555	2.0136316E-4
0.8912519	1.8594896E-4
0.9172767	1.7152977E-4
0.9440614	1.5805589E-4
0.97162825	1.4547915E-4
1.0	1.3375297E-4
1.029201	1.2283199E-4
1.0592546	1.12673006E-4
1.090186	1.0323398E-4
1.1220205	9.447438E-5
1.1547846	8.6355205E-5
1.1885055	7.8838886E-5
1.223211	7.188938E-5
1.25893	6.5472064E-5
1.2956905	5.955402E-5
1.3335243	5.4103242E-5
1.3724631	4.9089427E-5
1.4125386	4.448366E-5
1.4537846	4.0258386E-5
1.4962348	3.6387424E-5
1.5399245	3.2845892E-5
1.58489	2.9610215E-5
1.6311698	2.6657997E-5
1.678801	2.3968256E-5
1.727823	2.1521104E-5
1.7782766	1.9297819E-5
1.8302034	1.728081E-5
1.8836465	1.5453566E-5
1.9386501	1.380063E-5
1.99526	1.2307547E-5
2.0535233	1.096082E-5
2.113488	9.7479E-6
2.1752036	8.6571035E-6
2.2387214	7.677593E-6
2.304094	6.799325E-6
2.3713756	6.0130155E-6
2.4406219	5.310093E-6
2.51189	4.6826635E-6
2.5852382	4.123475E-6
2.6607285	3.6258543E-6
2.7384229	3.1836992E-6
2.818386	2.7914277E-6
2.900684	2.443946E-6
2.9853854	2.1366131E-6
3.0725598	1.8652094E-6
3.16228	1.6259048E-6
3.2546198	1.4152304E-6
3.3496559	1.2300484E-6
3.447467	1.0675271E-6
3.5481343	9.2511596E-7
3.6517413	8.0052115E-7
3.7583735	6.916842E-7
3.8681195	5.967609E-7
3.98107	5.1410234E-7
4.097319	4.4223637E-7
4.2169633	3.7985214E-7
4.340101	3.257839E-7
4.466834	2.7899665E-7
4.5972676	2.385737E-7
4.7315106	2.0370422E-7
4.869673	1.7367253E-7
5.01187	1.4784818E-7
5.1582193	1.2567665E-7
5.3088417	1.06671294E-7
5.463863	9.040551E-8
5.62341	7.650628E-8
5.7876167	6.4647914E-8
5.9566183	5.4546604E-8
6.1305547	4.595553E-8
6.30957	3.8660353E-8
6.493813	3.2475246E-8
6.683436	2.7239498E-8
6.878596	2.2814278E-8
7.079455	1.9079934E-8
7.286179	1.5933496E-8
7.4989395	1.3286517E-8
7.7179127	1.1063144E-8
7.94328	9.198446E-9
8.175228	7.636971E-9
8.41395	6.3314105E-9
8.659641	5.2415032E-9
8.912508	4.3330033E-9
9.172758	3.576862E-9
9.440608	2.9484695E-9
9.716279	2.4270501E-9
10.0	1.9950241E-9



DATASET #3

Name: RSQSim
Num Points: 401
Info: 

X, Y Data:
1.0E-4	0.20603263
1.0333392E-4	0.20598985
1.06779E-4	0.20594402
1.1033893E-4	0.20589496
1.14017545E-4	0.2058425
1.178188E-4	0.20578645
1.2174679E-4	0.20572665
1.2580573E-4	0.20566289
1.3E-4	0.205595
1.334183E-4	0.20553818
1.369265E-4	0.20547855
1.4052694E-4	0.205416
1.4422205E-4	0.2053504
1.4801433E-4	0.20528165
1.5190631E-4	0.20520966
1.5590065E-4	0.20513429
1.6E-4	0.20505543
1.645257E-4	0.20496666
1.691794E-4	0.20487359
1.7396474E-4	0.20477605
1.7888544E-4	0.2046739
1.8394532E-4	0.20456697
1.8914833E-4	0.20445509
1.944985E-4	0.20433813
2.0E-4	0.20421588
2.0565712E-4	0.20408821
2.1147425E-4	0.20395492
2.1745593E-4	0.20381585
2.236068E-4	0.2036708
2.2993165E-4	0.2035196
2.364354E-4	0.20336208
2.4312311E-4	0.20319803
2.5E-4	0.20302728
2.5783465E-4	0.20283031
2.659148E-4	0.20262465
2.742482E-4	0.20241
2.8284272E-4	0.20218608
2.917066E-4	0.20195262
3.0084825E-4	0.20170934
3.102764E-4	0.20145598
3.2E-4	0.2011922
3.290514E-4	0.20094457
3.383588E-4	0.200688
3.4792948E-4	0.20042224
3.5777088E-4	0.20014709
3.6789064E-4	0.1998623
3.7829665E-4	0.19956768
3.88997E-4	0.19926295
4.0E-4	0.19894792
4.1131425E-4	0.19862233
4.229485E-4	0.19828597
4.3491187E-4	0.19793859
4.472136E-4	0.19757998
4.598633E-4	0.19720986
4.728708E-4	0.19682805
4.8624622E-4	0.19643427
5.0E-4	0.19602832
5.1465514E-4	0.1955948
5.2973983E-4	0.19514771
5.4526667E-4	0.1946868
5.612486E-4	0.19421184
5.77699E-4	0.19372258
5.946315E-4	0.19321878
6.120603E-4	0.19270022
6.3E-4	0.19216667
6.4807665E-4	0.19162948
6.6667196E-4	0.19107753
6.858008E-4	0.19051063
7.0547854E-4	0.1899286
7.257209E-4	0.18933128
7.465441E-4	0.18871853
7.6796475E-4	0.1880902
7.9E-4	0.18744616
8.136239E-4	0.18675852
8.379543E-4	0.18605362
8.630122E-4	0.18533133
8.8881946E-4	0.1845916
9.153984E-4	0.18383439
9.427722E-4	0.18305962
9.7096455E-4	0.18226731
0.001	0.18145746
0.0010293103	0.18064645
0.0010594797	0.17981865
0.0010905333	0.17897414
0.0011224973	0.178113
0.001155398	0.17723535
0.001189263	0.17634133
0.0012241206	0.17543109
0.00126	0.1745048
0.0012961533	0.1735824
0.0013333439	0.17264503
0.0013716016	0.17169291
0.0014109571	0.17072627
0.0014514418	0.16974539
0.0014930882	0.16875054
0.0015359295	0.16774204
0.00158	0.1667202
0.0016272478	0.16564202
0.0016759086	0.16455013
0.0017260244	0.16344489
0.0017776389	0.16232677
0.0018307968	0.16119616
0.0018855444	0.16005352
0.0019419291	0.15889932
0.002	0.157734
0.0020575977	0.15660107
0.002116854	0.15545869
0.002177817	0.15430729
0.0022405356	0.1531473
0.0023050604	0.15197916
0.0023714434	0.15080328
0.0024397383	0.14962013
0.00251	0.1484301
0.0025833033	0.14721696
0.0026587474	0.14599764
0.0027363948	0.14477257
0.0028163097	0.14354214
0.0028985585	0.14230679
0.0029832094	0.1410669
0.0030703326	0.13982284
0.00316	0.13857502
0.0032524571	0.13732149
0.0033476194	0.13606489
0.003445566	0.13480555
0.0035463783	0.13354376
0.0036501405	0.13227986
0.0037569385	0.13101411
0.003866861	0.1297468
0.00398	0.12847815
0.004096165	0.12721148
0.0042157196	0.12594396
0.0043387646	0.12467578
0.0044654002	0.123407125
0.0045957323	0.12213816
0.0047298684	0.12086904
0.0048679197	0.11959991
0.00501	0.11833089
0.005156579	0.11705908
0.0053074467	0.115787596
0.005462728	0.11451652
0.0056225527	0.11324592
0.0057870536	0.11197587
0.005956367	0.11070642
0.0061306343	0.109437615
0.00631	0.10816949
0.006493865	0.10690715
0.0066830874	0.105645545
0.0068778237	0.1043847
0.007078234	0.103124626
0.0072844843	0.10186535
0.0074967444	0.10060689
0.00771519	0.099349245
0.00794	0.098092444
0.008172275	0.09683162
0.008411343	0.09557168
0.008657407	0.09431266
0.008910668	0.093054585
0.009171338	0.0917975
0.009439633	0.090541445
0.009715778	0.08928647
0.01	0.08803264
0.010292081	0.08678195
0.010592694	0.08553255
0.010902087	0.084284544
0.011220517	0.083038025
0.011548247	0.08179311
0.011885551	0.08054992
0.012232705	0.0793086
0.01259	0.0780693
0.012957647	0.076832466
0.013336032	0.075597994
0.013725464	0.07436608
0.01412627	0.07313692
0.014538779	0.07191075
0.014963334	0.07068777
0.015400288	0.06946825
0.01585	0.068252444
0.016312422	0.067041695
0.016788337	0.065835185
0.017278135	0.06463321
0.017782224	0.06343607
0.01830102	0.062244065
0.01883495	0.06105752
0.019384459	0.059876755
0.01995	0.058702104
0.020533005	0.057532
0.021133045	0.05636872
0.021750621	0.05521261
0.022386245	0.05406402
0.023040446	0.052923307
0.023713762	0.051790833
0.024406755	0.05066695
0.02512	0.04955202
0.025853088	0.048447873
0.02660757	0.04735336
0.027384069	0.046268824
0.02818323	0.045194615
0.029005712	0.04413106
0.029852198	0.043078493
0.030723387	0.04203724
0.03162	0.041007612
0.032543603	0.039989017
0.033494186	0.038982667
0.034472536	0.037988845
0.03547946	0.037007824
0.0365158	0.03603986
0.03758241	0.0350852
0.03868017	0.03414408
0.03981	0.033216722
0.040972695	0.032303426
0.042169347	0.03140428
0.04340095	0.030519456
0.044668525	0.02964912
0.04597312	0.028793411
0.047315817	0.027952462
0.04869773	0.027126387
0.05012	0.026315283
0.0515838	0.02551924
0.053090356	0.024738321
0.05464091	0.02397258
0.05623675	0.023222055
0.0578792	0.022486774
0.059569612	0.021766743
0.0613094	0.021061962
0.0631	0.020372413
0.06494172	0.01969849
0.066837184	0.019039705
0.06878798	0.018396009
0.070795715	0.017767334
0.072862044	0.017153602
0.074988686	0.016554728
0.077177405	0.015970608
0.07943	0.015401138
0.08174976	0.014845868
0.08413727	0.014305017
0.08659451	0.013778451
0.08912351	0.013266024
0.09172637	0.012767584
0.09440525	0.012282971
0.097162366	0.011812019
0.1	0.011354554
0.102919795	0.010910503
0.10592484	0.010479566
0.109017625	0.010061553
0.112200715	0.009656266
0.11547674	0.009263507
0.11884842	0.008883067
0.12231855	0.008514739
0.12589	0.008158305
0.12956645	0.0078134835
0.13335027	0.007480123
0.13724458	0.007158
0.14125264	0.006846887
0.14537773	0.006546555
0.14962329	0.0062567717
0.15399285	0.0059773047
0.15849	0.005707918
0.16311829	0.005448388
0.16788174	0.005198464
0.17278428	0.004957909
0.17783	0.004726486
0.18302307	0.004503955
0.18836778	0.00429008
0.19386858	0.0040846234
0.19953	0.0038873488
0.20535603	0.0036980435
0.21135218	0.0035164498
0.21752341	0.0033423358
0.22387484	0.0031754717
0.23041171	0.0030156304
0.23713945	0.0028625869
0.24406363	0.0027161194
0.25119	0.0025760094
0.25852492	0.002442032
0.26607406	0.0023139857
0.27384362	0.0021916616
0.28184006	0.0020748558
0.29007	0.0019633682
0.29854023	0.0018570025
0.30725783	0.0017555678
0.31623	0.001658877
0.32546407	0.0015667485
0.33496782	0.0014790042
0.34474903	0.0013954713
0.3548159	0.001315982
0.3651767	0.0012403731
0.37584007	0.0011684869
0.3868148	0.0011001697
0.39811	0.0010352735
0.40973493	9.73655E-4
0.42169935	9.151751E-4
0.4340131	8.596996E-4
0.44668642	8.070993E-4
0.4597298	7.5724913E-4
0.47315407	7.100289E-4
0.4869703	6.653226E-4
0.50119	6.230184E-4
0.5158249	5.8300875E-4
0.5308872	5.451901E-4
0.5463893	5.0946284E-4
0.5623441	4.7573107E-4
0.57876474	4.439026E-4
0.59566486	4.138888E-4
0.61305845	3.8560445E-4
0.63096	3.5896758E-4
0.6493842	3.3389952E-4
0.6683464	3.1032448E-4
0.6878623	2.8816971E-4
0.7079481	2.6736537E-4
0.72862035	2.4784426E-4
0.7498962	2.2954184E-4
0.7717934	2.1239613E-4
0.79433	1.9634762E-4
0.8175246	1.8133914E-4
0.8413966	1.6731581E-4
0.86596555	1.5422494E-4
0.8912519	1.42016E-4
0.9172767	1.3064052E-4
0.9440614	1.20052E-4
0.97162825	1.1020594E-4
1.0	1.0105967E-4
1.029201	9.257217E-5
1.0592546	8.4704625E-5
1.090186	7.74197E-5
1.1220205	7.068177E-5
1.1547846	6.4456784E-5
1.1885055	5.8712318E-5
1.223211	5.3417476E-5
1.25893	4.8542857E-5
1.2956905	4.4060693E-5
1.3335243	3.994424E-5
1.3724631	3.6168345E-5
1.4125386	3.2709177E-5
1.4537846	2.9544188E-5
1.4962348	2.6652084E-5
1.5399245	2.4012767E-5
1.58489	2.1607302E-5
1.6311698	1.9417821E-5
1.678801	1.7427657E-5
1.727823	1.5621112E-5
1.7782766	1.3983477E-5
1.8302034	1.2501003E-5
1.8836465	1.1160847E-5
1.9386501	9.951039E-6
1.99526	8.860437E-6
2.0535233	7.878681E-6
2.113488	6.996174E-6
2.1752036	6.20402E-6
2.2387214	5.4939946E-6
2.304094	4.858507E-6
2.3713756	4.2905613E-6
2.4406219	3.7837233E-6
2.51189	3.3320844E-6
2.5852382	2.9302337E-6
2.6607285	2.5732088E-6
2.7384229	2.2564827E-6
2.818386	1.9759277E-6
2.900684	1.7277864E-6
2.9853854	1.508645E-6
3.0725598	1.3154073E-6
3.16228	1.1452698E-6
3.2546198	9.956996E-7
3.3496559	8.6441054E-7
3.447467	7.493446E-7
3.5481343	6.486518E-7
3.6517413	5.6067205E-7
3.7583735	4.8391865E-7
3.8681195	4.1706232E-7
3.98107	3.589168E-7
4.097319	3.0842511E-7
4.2169633	2.646479E-7
4.340101	2.2675108E-7
4.466834	1.9399566E-7
4.5972676	1.6572805E-7
4.7315106	1.4137127E-7
4.869673	1.2041687E-7
5.01187	1.02417566E-7
5.1582193	8.698066E-8
5.3088417	7.3761925E-8
5.463863	6.24602E-8
5.62341	5.2812496E-8
5.7876167	4.4589505E-8
5.9566183	3.7591697E-8
6.1305547	3.164575E-8
6.30957	2.6601365E-8
6.493813	2.2328447E-8
6.683436	1.8714593E-8
6.878596	1.5662856E-8
7.079455	1.308975E-8
7.286179	1.0923555E-8
7.4989395	9.1026795E-9
7.7179127	7.574433E-9
7.94328	6.293721E-9
8.175228	5.222076E-9
8.41395	4.3267363E-9
8.659641	3.5798213E-9
8.912508	2.9576652E-9
9.172758	2.4401967E-9
9.440608	2.0104494E-9
9.716279	1.654075E-9
10.0	1.3589844E-9



DATASET #4

Name: 1000yr
Num Points: 2
Info: 

X, Y Data:
0.001	0.001
10.0	0.001



DATASET #5

Name: 2500yr
Num Points: 2
Info: 

X, Y Data:
0.001	4.0E-4
10.0	4.0E-4



DATASET #6

Name: 10000yr
Num Points: 2
Info: 

X, Y Data:
0.001	1.0E-4
10.0	1.0E-4


