
X-Axis: Normalized Distance Along Strike
Y-Axis: Hypocenter Density
Number of Data Sets: 4


DATASET #1

     Name: 
   Points: 31
     Info: 

Data[x,y]:
0.05	  0.014875744
0.15	  0.02660133
0.25	  0.029751487
0.35	  0.033426672
0.45	  0.036751837
0.55	  0.04305215
0.65	  0.051277563
0.75	  0.051977597
0.85	  0.060728036
0.95	  0.07752888
1.05	  0.01960098
1.15	  0.01680084
1.25	  0.01260063
1.35	  0.01260063
1.45	  0.012425621
1.55	  0.012425621
1.65	  0.01260063
1.75	  0.01260063
1.85	  0.01680084
1.95	  0.01960098
2.05	  0.07752888
2.15	  0.060728036
2.25	  0.051977597
2.35	  0.051277563
2.45	  0.04305215
2.55	  0.036751837
2.65	  0.033426672
2.75	  0.029751487
2.85	  0.02660133
2.95	  0.014875744
3.05	  0.0



DATASET #2

     Name: 
   Points: 31
     Info: 

Data[x,y]:
0.05	  0.0
0.15	  0.0
0.25	  0.0
0.35	  0.0
0.45	  0.0
0.55	  0.0
0.65	  3.500175E-4
0.75	  1.7500875E-4
0.85	  8.7504374E-4
0.95	  0.0010500525
1.05	  0.003500175
1.15	  0.00560028
1.25	  0.00420021
1.35	  0.003500175
1.45	  0.0047252364
1.55	  0.0047252364
1.65	  0.003500175
1.75	  0.00420021
1.85	  0.00560028
1.95	  0.003500175
2.05	  0.0010500525
2.15	  8.7504374E-4
2.25	  1.7500875E-4
2.35	  3.500175E-4
2.45	  0.0
2.55	  0.0
2.65	  0.0
2.75	  0.0
2.85	  0.0
2.95	  0.0
3.05	  0.0



DATASET #3

Name: 
Num Points: 4
Info: 

X, Y Data:
0.021	  0.0010854043
0.021	  0.10745502
2.979	  0.10745502
2.979	  0.0010854043



DATASET #4

Name: 
Num Points: 4
Info: 

X, Y Data:
1.0	  0.0010854043
1.0	  0.09660098
2.0	  0.09660098
2.0	  0.0010854043


