
X-Axis: Normalized Distance Along Strike
Y-Axis: Hypocenter Density
Number of Data Sets: 4


DATASET #1

     Name: 
   Points: 31
     Info: 

Data[x,y]:
0.05	  0.00456621
0.15	  0.00913242
0.25	  0.01369863
0.35	  0.029680366
0.45	  0.02739726
0.55	  0.01826484
0.65	  0.043378994
0.75	  0.04109589
0.85	  0.06849315
0.95	  0.10273973
1.05	  0.05022831
1.15	  0.01369863
1.25	  0.025114154
1.35	  0.025114154
1.45	  0.02739726
1.55	  0.02739726
1.65	  0.025114154
1.75	  0.025114154
1.85	  0.01369863
1.95	  0.05022831
2.05	  0.10273973
2.15	  0.06849315
2.25	  0.04109589
2.35	  0.043378994
2.45	  0.01826484
2.55	  0.02739726
2.65	  0.029680366
2.75	  0.01369863
2.85	  0.00913242
2.95	  0.00456621
3.05	  0.0



DATASET #2

     Name: 
   Points: 31
     Info: 

Data[x,y]:
0.05	  0.0
0.15	  0.0
0.25	  0.0
0.35	  0.0
0.45	  0.0
0.55	  0.0
0.65	  0.0
0.75	  0.0
0.85	  0.0
0.95	  0.0
1.05	  0.002283105
1.15	  0.0
1.25	  0.0
1.35	  0.0
1.45	  0.0
1.55	  0.0
1.65	  0.0
1.75	  0.0
1.85	  0.0
1.95	  0.002283105
2.05	  0.0
2.15	  0.0
2.25	  0.0
2.35	  0.0
2.45	  0.0
2.55	  0.0
2.65	  0.0
2.75	  0.0
2.85	  0.0
2.95	  0.0
3.05	  0.0



DATASET #3

Name: 
Num Points: 4
Info: 

X, Y Data:
0.021	  0.0014383561
0.021	  0.14239725
2.979	  0.14239725
2.979	  0.0014383561



DATASET #4

Name: 
Num Points: 4
Info: 

X, Y Data:
1.0	  0.0014383561
1.0	  0.1280137
2.0	  0.1280137
2.0	  0.0014383561


