
X-Axis: Average Normalized Interevent Time
Y-Axis: Probability
Number of Data Sets: 3


DATASET #1

     Name: Bruce 2273 Histogram
   Points: 41
     Info: 

Data[x,y]:
0.05	  0.018340662
0.15	  0.00919926
0.25	  0.011397825
0.35	  0.01550567
0.45	  0.02314279
0.55	  0.03558204
0.65	  0.05114557
0.75	  0.077875495
0.85	  0.1036797
0.95	  0.12902106
1.05	  0.12583892
1.15	  0.11311039
1.25	  0.09170331
1.35	  0.06815552
1.45	  0.045244157
1.55	  0.032284193
1.65	  0.0194978
1.75	  0.010877112
1.85	  0.0064799814
1.95	  0.0034135617
2.05	  0.002603564
2.15	  0.0019671372
2.25	  9.835686E-4
2.35	  9.2571165E-4
2.45	  6.3642673E-4
2.55	  3.4714187E-4
2.65	  4.0499883E-4
2.75	  2.892849E-4
2.85	  1.15713956E-4
2.95	  5.7856978E-5
3.05	  0.0
3.15	  0.0
3.25	  1.7357094E-4
3.35	  0.0
3.45	  0.0
3.55	  0.0
3.65	  0.0
3.75	  0.0
3.85	  0.0
3.95	  0.0
4.05	  0.0



DATASET #2

     Name: Log-Normal Fit
   Points: 401
     Info: 

Data[x,y]:
0.005	  0.0
0.015	  1.9072147E-26
0.025	  1.89369E-21
0.035	  3.154086E-18
0.045	  6.478091E-16
0.055	  3.7813164E-14
0.065	  9.59504E-13
0.075	  1.3527477E-11
0.085	  1.2362716E-10
0.095	  8.1169804E-10
0.105	  4.113235E-9
0.115	  1.6940918E-8
0.125	  5.892747E-8
0.135	  1.7823152E-7
0.145	  4.794547E-7
0.155	  1.1677313E-6
0.165	  2.6119399E-6
0.175	  5.427902E-6
0.185	  1.0579692E-5
0.195	  1.9494264E-5
0.205	  3.4182045E-5
0.215	  5.7354297E-5
0.225	  9.252732E-5
0.235	  1.4410376E-4
0.245	  2.174228E-4
0.255	  3.1877268E-4
0.265	  4.5536214E-4
0.275	  6.352494E-4
0.285	  8.6723093E-4
0.295	  0.0011606932
0.305	  0.0015254344
0.315	  0.001971463
0.325	  0.0025087798
0.335	  0.0031471562
0.345	  0.0038959112
0.355	  0.0047636977
0.365	  0.005758307
0.375	  0.0068864916
0.385	  0.008153815
0.395	  0.009564528
0.405	  0.011121482
0.415	  0.01282606
0.425	  0.014678154
0.435	  0.016676161
0.445	  0.01881701
0.455	  0.021096209
0.465	  0.023507927
0.475	  0.026045075
0.485	  0.028699426
0.495	  0.031461723
0.505	  0.034321815
0.515	  0.037268788
0.525	  0.040291097
0.535	  0.043376714
0.545	  0.046513263
0.555	  0.04968814
0.565	  0.052888654
0.575	  0.056102127
0.585	  0.05931602
0.595	  0.06251804
0.605	  0.06569622
0.615	  0.06883898
0.625	  0.07193526
0.635	  0.07497452
0.645	  0.077946834
0.655	  0.0808429
0.665	  0.08365409
0.675	  0.08637249
0.685	  0.08899087
0.695	  0.091502756
0.705	  0.09390237
0.715	  0.09618468
0.725	  0.09834535
0.735	  0.10038072
0.745	  0.102287844
0.755	  0.10406441
0.765	  0.10570873
0.775	  0.107219726
0.785	  0.10859688
0.795	  0.109840214
0.805	  0.11095024
0.815	  0.111927964
0.825	  0.1127748
0.835	  0.11349257
0.845	  0.11408348
0.855	  0.11455003
0.865	  0.114895046
0.875	  0.11512162
0.885	  0.115233056
0.895	  0.11523289
0.905	  0.115124814
0.915	  0.11491267
0.925	  0.11460043
0.935	  0.11419216
0.945	  0.11369199
0.955	  0.113104135
0.965	  0.1124328
0.975	  0.11168222
0.985	  0.11085665
0.995	  0.109960295
1.005	  0.10899734
1.015	  0.107971914
1.025	  0.1068881
1.035	  0.10574991
1.045	  0.10456128
1.055	  0.10332604
1.065	  0.10204795
1.075	  0.10073066
1.085	  0.099377714
1.095	  0.097992554
1.105	  0.0965785
1.115	  0.09513876
1.125	  0.09367642
1.135	  0.092194445
1.145	  0.0906957
1.155	  0.089182906
1.165	  0.087658666
1.175	  0.08612548
1.185	  0.084585704
1.195	  0.0830416
1.205	  0.0814953
1.215	  0.07994882
1.225	  0.07840408
1.235	  0.07686287
1.245	  0.0753269
1.255	  0.07379774
1.265	  0.07227688
1.275	  0.07076573
1.285	  0.06926558
1.295	  0.06777762
1.305	  0.06630298
1.315	  0.06484267
1.325	  0.06339767
1.335	  0.06196882
1.345	  0.06055693
1.355	  0.059162714
1.365	  0.057786826
1.375	  0.056429856
1.385	  0.055092324
1.395	  0.05377469
1.405	  0.052477363
1.415	  0.0512007
1.425	  0.049944993
1.435	  0.0487105
1.445	  0.04749743
1.455	  0.04630594
1.465	  0.045136157
1.475	  0.04398817
1.485	  0.042862017
1.495	  0.041757725
1.505	  0.040675268
1.515	  0.039614607
1.525	  0.038575668
1.535	  0.03755835
1.545	  0.036562532
1.555	  0.03558807
1.565	  0.034634806
1.575	  0.03370255
1.585	  0.0327911
1.595	  0.031900253
1.605	  0.03102977
1.615	  0.030179413
1.625	  0.029348928
1.635	  0.02853805
1.645	  0.027746506
1.655	  0.026974015
1.665	  0.026220288
1.675	  0.02548503
1.685	  0.024767939
1.695	  0.024068713
1.705	  0.023387041
1.715	  0.02272261
1.725	  0.022075107
1.735	  0.021444216
1.745	  0.02082962
1.755	  0.020231
1.765	  0.019648036
1.775	  0.019080415
1.785	  0.018527817
1.795	  0.017989928
1.805	  0.017466433
1.815	  0.016957022
1.825	  0.016461384
1.835	  0.015979212
1.845	  0.015510201
1.855	  0.015054054
1.865	  0.01461047
1.875	  0.014179156
1.885	  0.013759823
1.895	  0.013352183
1.905	  0.012955954
1.915	  0.012570859
1.925	  0.012196624
1.935	  0.011832979
1.945	  0.011479659
1.955	  0.011136404
1.965	  0.010802958
1.975	  0.010479071
1.985	  0.010164495
1.995	  0.009858989
2.005	  0.009562315
2.015	  0.009274242
2.025	  0.008994542
2.035	  0.008722993
2.045	  0.008459373
2.055	  0.008203473
2.065	  0.007955082
2.075	  0.007713995
2.085	  0.007480013
2.095	  0.007252942
2.105	  0.0070325895
2.115	  0.0068187704
2.125	  0.006611302
2.135	  0.0064100074
2.145	  0.0062147127
2.155	  0.006025249
2.165	  0.005841452
2.175	  0.0056631607
2.185	  0.0054902174
2.195	  0.00532247
2.205	  0.005159769
2.215	  0.00500197
2.225	  0.004848931
2.235	  0.0047005145
2.245	  0.004556586
2.255	  0.0044170152
2.265	  0.004281675
2.275	  0.0041504414
2.285	  0.0040231943
2.295	  0.0038998157
2.305	  0.0037801927
2.315	  0.0036642135
2.325	  0.0035517707
2.335	  0.0034427594
2.345	  0.0033370776
2.355	  0.0032346258
2.365	  0.0031353082
2.375	  0.0030390306
2.385	  0.002945702
2.395	  0.0028552345
2.405	  0.0027675417
2.415	  0.0026825399
2.425	  0.0026001483
2.435	  0.0025202883
2.445	  0.0024428829
2.455	  0.002367858
2.465	  0.0022951416
2.475	  0.0022246635
2.485	  0.0021563554
2.495	  0.002090152
2.505	  0.0020259884
2.515	  0.0019638026
2.525	  0.0019035346
2.535	  0.0018451255
2.545	  0.0017885185
2.555	  0.0017336584
2.565	  0.0016804915
2.575	  0.0016289662
2.585	  0.0015790318
2.595	  0.0015306397
2.605	  0.0014837423
2.615	  0.0014382935
2.625	  0.0013942489
2.635	  0.0013515651
2.645	  0.0013102003
2.655	  0.0012701136
2.665	  0.0012312657
2.675	  0.0011936183
2.685	  0.0011571343
2.695	  0.0011217777
2.705	  0.0010875136
2.715	  0.0010543083
2.725	  0.0010221287
2.735	  9.909435E-4
2.745	  9.607216E-4
2.755	  9.3143317E-4
2.765	  9.030493E-4
2.775	  8.75542E-4
2.785	  8.4888394E-4
2.795	  8.230488E-4
2.805	  7.980111E-4
2.815	  7.7374605E-4
2.825	  7.5022964E-4
2.835	  7.274386E-4
2.845	  7.053505E-4
2.855	  6.839434E-4
2.865	  6.6319614E-4
2.875	  6.4308825E-4
2.885	  6.2359986E-4
2.895	  6.047117E-4
2.905	  5.8640516E-4
2.915	  5.686621E-4
2.925	  5.51465E-4
2.935	  5.34797E-4
2.945	  5.186415E-4
2.955	  5.0298264E-4
2.965	  4.87805E-4
2.975	  4.7309362E-4
2.985	  4.58834E-4
2.995	  4.4501212E-4
3.005	  4.3161435E-4
3.015	  4.1862752E-4
3.025	  4.060389E-4
3.035	  3.9383606E-4
3.045	  3.8200704E-4
3.055	  3.7054028E-4
3.065	  3.594245E-4
3.075	  3.486488E-4
3.085	  3.3820263E-4
3.095	  3.2807578E-4
3.105	  3.1825836E-4
3.115	  3.087407E-4
3.125	  2.995136E-4
3.135	  2.90568E-4
3.145	  2.818952E-4
3.155	  2.7348672E-4
3.165	  2.6533438E-4
3.175	  2.574303E-4
3.185	  2.4976674E-4
3.195	  2.4233627E-4
3.205	  2.3513171E-4
3.215	  2.2814605E-4
3.225	  2.2137251E-4
3.235	  2.1480458E-4
3.245	  2.0843586E-4
3.255	  2.0226023E-4
3.265	  1.9627172E-4
3.275	  1.9046456E-4
3.285	  1.8483317E-4
3.295	  1.793721E-4
3.305	  1.7407614E-4
3.315	  1.6894018E-4
3.325	  1.639593E-4
3.335	  1.5912871E-4
3.345	  1.5444383E-4
3.355	  1.4990014E-4
3.365	  1.4549331E-4
3.375	  1.4121913E-4
3.385	  1.3707356E-4
3.395	  1.3305261E-4
3.405	  1.291525E-4
3.415	  1.2536948E-4
3.425	  1.21699995E-4
3.435	  1.1814055E-4
3.445	  1.14687784E-4
3.455	  1.11338435E-4
3.465	  1.08089334E-4
3.475	  1.0493742E-4
3.485	  1.0187972E-4
3.495	  9.8913355E-5
3.505	  9.6035554E-5
3.515	  9.3243594E-5
3.525	  9.053487E-5
3.535	  8.790685E-5
3.545	  8.535707E-5
3.555	  8.288315E-5
3.565	  8.048277E-5
3.575	  7.815372E-5
3.585	  7.589381E-5
3.595	  7.370096E-5
3.605	  7.157312E-5
3.615	  6.950832E-5
3.625	  6.750466E-5
3.635	  6.556028E-5
3.645	  6.367338E-5
3.655	  6.184223E-5
3.665	  6.006514E-5
3.675	  5.834048E-5
3.685	  5.6666664E-5
3.695	  5.5042157E-5
3.705	  5.3465476E-5
3.715	  5.193517E-5
3.725	  5.0449853E-5
3.735	  4.9008166E-5
3.745	  4.7608795E-5
3.755	  4.625047E-5
3.765	  4.4931952E-5
3.775	  4.3652057E-5
3.785	  4.2409614E-5
3.795	  4.1203508E-5
3.805	  4.0032646E-5
3.815	  3.8895978E-5
3.825	  3.7792473E-5
3.835	  3.6721143E-5
3.845	  3.5681027E-5
3.855	  3.4671193E-5
3.865	  3.3690736E-5
3.875	  3.273878E-5
3.885	  3.1814474E-5
3.895	  3.0917E-5
3.905	  3.004555E-5
3.915	  2.9199358E-5
3.925	  2.837767E-5
3.935	  2.757976E-5
3.945	  2.6804917E-5
3.955	  2.6052465E-5
3.965	  2.5321733E-5
3.975	  2.4612082E-5
3.985	  2.3922887E-5
3.995	  2.3253542E-5
4.005	  2.260346E-5



DATASET #3

     Name: BPT Fit
   Points: 401
     Info: Mean = 100.0, Aperiodicity = 0.5, Duration = 30.0, Delta T = 1.0, Num Points = 500, Historic Open Interval = 0.0
Computed mean = 1.0160239

Data[x,y]:
0.0	  0.0
0.01	  0.0
0.02	  0.0
0.03	  0.0
0.04	  5.331702E-38
0.05	  7.7736506E-30
0.06	  2.0225212E-24
0.07	  1.4247886E-20
0.08	  1.0566679E-17
0.09	  1.7524732E-15
0.1	  1.020805E-13
0.11	  2.782323E-12
0.12	  4.2953457E-11
0.13	  4.2861417E-10
0.14	  3.0375533E-9
0.15	  1.6380673E-8
0.16	  7.0783365E-8
0.17	  2.5495305E-7
0.18	  7.892789E-7
0.19	  2.1514795E-6
0.2	  5.2645987E-6
0.21	  1.1746093E-5
0.22	  2.4202509E-5
0.23	  4.6540976E-5
0.24	  8.426E-5
0.25	  1.446799E-4
0.26	  2.3707803E-4
0.27	  3.7270383E-4
0.28	  5.646622E-4
0.29	  8.276672E-4
0.3	  0.0011776804
0.31	  0.0016314583
0.32	  0.0022060373
0.33	  0.0029181906
0.34	  0.0037838845
0.35	  0.004817768
0.36	  0.0060327114
0.37	  0.007439418
0.38	  0.009046119
0.39	  0.01085835
0.4	  0.012878826
0.41	  0.01510739
0.42	  0.01754105
0.43	  0.020174084
0.44	  0.022998195
0.45	  0.02600273
0.46	  0.02917492
0.47	  0.03250016
0.48	  0.035962287
0.49	  0.0395439
0.5	  0.043226626
0.51	  0.04699143
0.52	  0.050818883
0.53	  0.054689415
0.54	  0.058583565
0.55	  0.062482182
0.56	  0.06636663
0.57	  0.07021893
0.58	  0.07402194
0.59	  0.07775945
0.6	  0.08141626
0.61	  0.084978275
0.62	  0.08843258
0.63	  0.091767415
0.64	  0.09497225
0.65	  0.098037764
0.66	  0.10095582
0.67	  0.10371949
0.68	  0.106322944
0.69	  0.108761504
0.7	  0.11103154
0.71	  0.11313042
0.72	  0.11505648
0.73	  0.116808936
0.74	  0.11838784
0.75	  0.11979403
0.76	  0.12102904
0.77	  0.12209505
0.78	  0.122994825
0.79	  0.123731665
0.8	  0.12430933
0.81	  0.124731995
0.82	  0.1250042
0.83	  0.12513079
0.84	  0.12511687
0.85	  0.12496774
0.86	  0.12468891
0.87	  0.12428599
0.88	  0.123764716
0.89	  0.12313086
0.9	  0.12239024
0.91	  0.121548675
0.92	  0.12061196
0.93	  0.11958585
0.94	  0.118476026
0.95	  0.11728809
0.96	  0.11602754
0.97	  0.114699766
0.98	  0.11331001
0.99	  0.1118634
1.0	  0.1103649
1.01	  0.10881933
1.02	  0.10723134
1.03	  0.105605416
1.04	  0.10394588
1.05	  0.10225689
1.06	  0.10054239
1.07	  0.0988062
1.08	  0.09705195
1.09	  0.09528308
1.1	  0.09350288
1.11	  0.09171446
1.12	  0.08992077
1.13	  0.08812458
1.14	  0.08632853
1.15	  0.08453508
1.16	  0.08274654
1.17	  0.08096509
1.18	  0.07919274
1.19	  0.077431396
1.2	  0.0756828
1.21	  0.07394856
1.22	  0.072230205
1.23	  0.070529096
1.24	  0.0688465
1.25	  0.06718358
1.26	  0.06554137
1.27	  0.06392085
1.28	  0.06232285
1.29	  0.060748152
1.3	  0.059197426
1.31	  0.057671275
1.32	  0.056170218
1.33	  0.0546947
1.34	  0.0532451
1.35	  0.051821735
1.36	  0.05042485
1.37	  0.049054645
1.38	  0.047711253
1.39	  0.04639477
1.4	  0.04510523
1.41	  0.04384264
1.42	  0.04260695
1.43	  0.04139808
1.44	  0.04021591
1.45	  0.03906029
1.46	  0.037931047
1.47	  0.036827963
1.48	  0.035750814
1.49	  0.034699332
1.5	  0.03367325
1.51	  0.03267226
1.52	  0.031696055
1.53	  0.030744297
1.54	  0.029816646
1.55	  0.028912744
1.56	  0.02803222
1.57	  0.0271747
1.58	  0.026339794
1.59	  0.02552711
1.6	  0.02473625
1.61	  0.023966808
1.62	  0.023218378
1.63	  0.02249055
1.64	  0.021782909
1.65	  0.021095041
1.66	  0.020426534
1.67	  0.019776974
1.68	  0.019145947
1.69	  0.018533042
1.7	  0.017937848
1.71	  0.017359963
1.72	  0.016798979
1.73	  0.016254498
1.74	  0.015726125
1.75	  0.015213464
1.76	  0.014716133
1.77	  0.014233746
1.78	  0.0137659265
1.79	  0.013312303
1.8	  0.01287251
1.81	  0.012446185
1.82	  0.0120329745
1.83	  0.01163253
1.84	  0.011244508
1.85	  0.010868574
1.86	  0.010504396
1.87	  0.010151651
1.88	  0.009810021
1.89	  0.009479198
1.9	  0.009158874
1.91	  0.008848754
1.92	  0.008548545
1.93	  0.008257962
1.94	  0.007976728
1.95	  0.007704568
1.96	  0.007441219
1.97	  0.00718642
1.98	  0.006939918
1.99	  0.0067014657
2.0	  0.006470822
2.01	  0.0062477514
2.02	  0.0060320254
2.03	  0.0058234204
2.04	  0.0056217187
2.05	  0.005426709
2.06	  0.0052381847
2.07	  0.0050559444
2.08	  0.004879794
2.09	  0.0047095423
2.1	  0.004545005
2.11	  0.004386002
2.12	  0.004232359
2.13	  0.0040839054
2.14	  0.003940477
2.15	  0.0038019125
2.16	  0.0036680568
2.17	  0.0035387583
2.18	  0.00341387
2.19	  0.0032932495
2.2	  0.0031767583
2.21	  0.0030642617
2.22	  0.00295563
2.23	  0.0028507363
2.24	  0.002749458
2.25	  0.0026516763
2.26	  0.0025572756
2.27	  0.0024661443
2.28	  0.0023781739
2.29	  0.0022932591
2.3	  0.0022112986
2.31	  0.0021321932
2.32	  0.0020558478
2.33	  0.0019821692
2.34	  0.0019110685
2.35	  0.0018424582
2.36	  0.0017762543
2.37	  0.0017123757
2.38	  0.0016507432
2.39	  0.0015912806
2.4	  0.0015339141
2.41	  0.0014785723
2.42	  0.0014251857
2.43	  0.0013736878
2.44	  0.0013240135
2.45	  0.0012761003
2.46	  0.0012298875
2.47	  0.0011853166
2.48	  0.0011423309
2.49	  0.0011008757
2.5	  0.0010608978
2.51	  0.0010223461
2.52	  9.85171E-4
2.53	  9.493245E-4
2.54	  9.147606E-4
2.55	  8.8143424E-4
2.56	  8.4930245E-4
2.57	  8.183232E-4
2.58	  7.8845635E-4
2.59	  7.596627E-4
2.6	  7.319047E-4
2.61	  7.051458E-4
2.62	  6.793509E-4
2.63	  6.54486E-4
2.64	  6.305183E-4
2.65	  6.0741603E-4
2.66	  5.8514863E-4
2.67	  5.6368654E-4
2.68	  5.4300117E-4
2.69	  5.23065E-4
2.7	  5.0385133E-4
2.71	  4.8533452E-4
2.72	  4.6748976E-4
2.73	  4.502931E-4
2.74	  4.3372138E-4
2.75	  4.177523E-4
2.76	  4.0236436E-4
2.77	  3.8753674E-4
2.78	  3.7324935E-4
2.79	  3.5948283E-4
2.8	  3.4621853E-4
2.81	  3.3343837E-4
2.82	  3.2112497E-4
2.83	  3.0926158E-4
2.84	  2.9783192E-4
2.85	  2.8682043E-4
2.86	  2.7621203E-4
2.87	  2.6599213E-4
2.88	  2.5614674E-4
2.89	  2.466623E-4
2.9	  2.3752576E-4
2.91	  2.2872453E-4
2.92	  2.2024647E-4
2.93	  2.1207986E-4
2.94	  2.0421341E-4
2.95	  1.9663623E-4
2.96	  1.8933779E-4
2.97	  1.8230798E-4
2.98	  1.7553702E-4
2.99	  1.6901549E-4
3.0	  1.6273432E-4
3.01	  1.5668473E-4
3.02	  1.508583E-4
3.03	  1.4524686E-4
3.04	  1.3984258E-4
3.05	  1.346379E-4
3.06	  1.296255E-4
3.07	  1.2479837E-4
3.08	  1.2014974E-4
3.09	  1.1567305E-4
3.1	  1.1136202E-4
3.11	  1.0721056E-4
3.12	  1.0321284E-4
3.13	  9.9363206E-5
3.14	  9.5656236E-5
3.15	  9.208668E-5
3.16	  8.864949E-5
3.17	  8.53398E-5
3.18	  8.215293E-5
3.19	  7.9084355E-5
3.2	  7.612973E-5
3.21	  7.3284835E-5
3.22	  7.054565E-5
3.23	  6.7908266E-5
3.24	  6.536894E-5
3.25	  6.2924046E-5
3.26	  6.0570103E-5
3.27	  5.830375E-5
3.28	  5.6121757E-5
3.29	  5.4021E-5
3.3	  5.1998482E-5
3.31	  5.0051305E-5
3.32	  4.8176687E-5
3.33	  4.6371937E-5
3.34	  4.4634475E-5
3.35	  4.2961805E-5
3.36	  4.1351526E-5
3.37	  3.980133E-5
3.38	  3.8308983E-5
3.39	  3.6872345E-5
3.4	  3.548935E-5
3.41	  3.4158E-5
3.42	  3.2876385E-5
3.43	  3.1642656E-5
3.44	  3.0455034E-5
3.45	  2.9311806E-5
3.46	  2.8211321E-5
3.47	  2.715199E-5
3.48	  2.6132282E-5
3.49	  2.5150724E-5
3.5	  2.4205898E-5
3.51	  2.3296432E-5
3.52	  2.2421013E-5
3.53	  2.1578371E-5
3.54	  2.0767286E-5
3.55	  1.9986583E-5
3.56	  1.9235125E-5
3.57	  1.8511828E-5
3.58	  1.7815637E-5
3.59	  1.7145543E-5
3.6	  1.6500571E-5
3.61	  1.5879785E-5
3.62	  1.5282281E-5
3.63	  1.470719E-5
3.64	  1.4153674E-5
3.65	  1.3620927E-5
3.66	  1.3108174E-5
3.67	  1.2614668E-5
3.68	  1.2139688E-5
3.69	  1.1682542E-5
3.7	  1.1242564E-5
3.71	  1.081911E-5
3.72	  1.0411563E-5
3.73	  1.0019327E-5
3.74	  9.64183E-6
3.75	  9.2785185E-6
3.76	  8.928862E-6
3.77	  8.59235E-6
3.78	  8.26849E-6
3.79	  7.956807E-6
3.8	  7.656845E-6
3.81	  7.3681645E-6
3.82	  7.090343E-6
3.83	  6.8229733E-6
3.84	  6.565663E-6
3.85	  6.318036E-6
3.86	  6.0797274E-6
3.87	  5.850389E-6
3.88	  5.629683E-6
3.89	  5.4172865E-6
3.9	  5.2128867E-6
3.91	  5.016184E-6
3.92	  4.826889E-6
3.93	  4.6447235E-6
3.94	  4.46942E-6
3.95	  4.300721E-6
3.96	  4.138377E-6
3.97	  3.9821502E-6
3.98	  3.8318112E-6
3.99	  3.6871375E-6
4.0	  3.547917E-6


