
X-Axis: Normalized Interevent Time
Y-Axis: Probability
Number of Data Sets: 3


DATASET #1

     Name: mu0_5 Histogram
   Points: 41
     Info: 

Data[x,y]:
0.05	  0.033938926
0.15	  0.021825809
0.25	  0.022555131
0.35	  0.024249066
0.45	  0.026798528
0.55	  0.030027848
0.65	  0.0360324
0.75	  0.04978935
0.85	  0.07499035
0.95	  0.11081346
1.05	  0.14265448
1.15	  0.136095
1.25	  0.10287335
1.35	  0.06817909
1.45	  0.042948928
1.55	  0.027199974
1.65	  0.016941242
1.75	  0.010717255
1.85	  0.0069158925
1.95	  0.0044235075
2.05	  0.0029572495
2.15	  0.0019380988
2.25	  0.0013102461
2.35	  9.2465576E-4
2.45	  6.4307335E-4
2.55	  4.7564597E-4
2.65	  3.887613E-4
2.75	  2.9236372E-4
2.85	  2.1562618E-4
2.95	  1.9089259E-4
3.05	  1.5093833E-4
3.15	  9.639758E-5
3.25	  8.878725E-5
3.35	  6.722463E-5
3.45	  5.454074E-5
3.55	  3.0441342E-5
3.65	  4.502782E-5
3.75	  3.107554E-5
3.85	  1.7123255E-5
3.95	  2.0294228E-5
4.05	  9.195822E-5



DATASET #2

     Name: Log-Normal Fit
   Points: 401
     Info: 

Data[x,y]:
0.005	  0.0
0.015	  1.5665723E-20
0.025	  1.147099E-16
0.035	  3.5512036E-14
0.045	  2.1635788E-12
0.055	  4.943729E-11
0.065	  5.899787E-10
0.075	  4.4573474E-9
0.085	  2.4062894E-8
0.095	  1.00609654E-7
0.105	  3.445551E-7
0.115	  1.0061915E-6
0.125	  2.5812571E-6
0.135	  5.9497993E-6
0.145	  1.2539032E-5
0.155	  2.4494764E-5
0.165	  4.4842553E-5
0.175	  7.7619494E-5
0.185	  1.2796035E-4
0.195	  2.0212635E-4
0.205	  3.07471E-4
0.215	  4.523429E-4
0.225	  6.459309E-4
0.235	  8.980607E-4
0.245	  0.0012189555
0.255	  0.0016189731
0.265	  0.002108334
0.275	  0.0026968531
0.285	  0.0033936833
0.295	  0.0042070867
0.305	  0.0051442333
0.315	  0.0062110354
0.325	  0.007412022
0.335	  0.00875025
0.345	  0.010227254
0.355	  0.011843035
0.365	  0.01359608
0.375	  0.015483409
0.385	  0.017500654
0.395	  0.01964215
0.405	  0.021901056
0.415	  0.024269471
0.425	  0.026738575
0.435	  0.029298766
0.445	  0.0319398
0.455	  0.034650937
0.465	  0.037421063
0.475	  0.04023884
0.485	  0.04309281
0.495	  0.04597152
0.505	  0.04886364
0.515	  0.05175802
0.525	  0.054643825
0.535	  0.057510573
0.545	  0.060348216
0.555	  0.06314719
0.565	  0.065898456
0.575	  0.068593554
0.585	  0.07122459
0.595	  0.07378433
0.605	  0.0762661
0.615	  0.078663915
0.625	  0.08097238
0.635	  0.083186746
0.645	  0.08530285
0.655	  0.087317154
0.665	  0.08922668
0.675	  0.09102901
0.685	  0.09272227
0.695	  0.09430508
0.705	  0.09577657
0.715	  0.0971363
0.725	  0.09838424
0.735	  0.0995208
0.745	  0.10054674
0.755	  0.10146315
0.765	  0.10227142
0.775	  0.10297327
0.785	  0.103570625
0.795	  0.104065664
0.805	  0.104460776
0.815	  0.10475851
0.825	  0.10496158
0.835	  0.10507284
0.845	  0.10509526
0.855	  0.105031885
0.865	  0.10488586
0.875	  0.10466038
0.885	  0.10435866
0.895	  0.103983976
0.905	  0.1035396
0.915	  0.103028804
0.925	  0.10245486
0.935	  0.10182101
0.945	  0.10113048
0.955	  0.10038642
0.965	  0.09959196
0.975	  0.0987502
0.985	  0.09786413
0.995	  0.0969367
1.005	  0.0959708
1.015	  0.09496923
1.025	  0.093934715
1.035	  0.09286991
1.045	  0.09177737
1.055	  0.09065959
1.065	  0.089518964
1.075	  0.088357806
1.085	  0.08717834
1.095	  0.08598271
1.105	  0.08477297
1.115	  0.08355108
1.125	  0.082318924
1.135	  0.08107831
1.145	  0.07983096
1.155	  0.078578494
1.165	  0.07732247
1.175	  0.07606437
1.185	  0.0748056
1.195	  0.073547475
1.205	  0.072291255
1.215	  0.07103811
1.225	  0.06978917
1.235	  0.068545476
1.245	  0.067308
1.255	  0.06607767
1.265	  0.06485535
1.275	  0.06364184
1.285	  0.062437873
1.295	  0.06124415
1.305	  0.060061306
1.315	  0.058889937
1.325	  0.057730578
1.335	  0.05658373
1.345	  0.055449847
1.355	  0.054329336
1.365	  0.05322257
1.375	  0.052129887
1.385	  0.05105158
1.395	  0.049987912
1.405	  0.048939116
1.415	  0.04790539
1.425	  0.046886906
1.435	  0.045883805
1.445	  0.044896204
1.455	  0.043924198
1.465	  0.04296785
1.475	  0.042027205
1.485	  0.041102294
1.495	  0.04019312
1.505	  0.03929967
1.515	  0.038421918
1.525	  0.037559815
1.535	  0.0367133
1.545	  0.0358823
1.555	  0.03506673
1.565	  0.03426649
1.575	  0.033481468
1.585	  0.03271154
1.595	  0.03195658
1.605	  0.03121645
1.615	  0.030491
1.625	  0.029780077
1.635	  0.029083518
1.645	  0.028401159
1.655	  0.027732827
1.665	  0.027078344
1.675	  0.026437527
1.685	  0.025810193
1.695	  0.025196154
1.705	  0.024595214
1.715	  0.024007183
1.725	  0.023431864
1.735	  0.022869056
1.745	  0.022318564
1.755	  0.021780185
1.765	  0.02125372
1.775	  0.020738967
1.785	  0.020235723
1.795	  0.019743787
1.805	  0.019262958
1.815	  0.018793037
1.825	  0.01833382
1.835	  0.017885115
1.845	  0.017446717
1.855	  0.017018436
1.865	  0.01660007
1.875	  0.016191432
1.885	  0.015792329
1.895	  0.015402568
1.905	  0.015021963
1.915	  0.014650328
1.925	  0.01428748
1.935	  0.013933237
1.945	  0.013587419
1.955	  0.013249849
1.965	  0.012920353
1.975	  0.012598759
1.985	  0.012284896
1.995	  0.011978598
2.005	  0.011679701
2.015	  0.011388041
2.025	  0.01110346
2.035	  0.0108258
2.045	  0.010554907
2.055	  0.01029063
2.065	  0.01003282
2.075	  0.009781328
2.085	  0.009536014
2.095	  0.009296735
2.105	  0.009063351
2.115	  0.008835728
2.125	  0.008613733
2.135	  0.008397234
2.145	  0.008186102
2.155	  0.007980213
2.165	  0.0077794413
2.175	  0.007583668
2.185	  0.0073927743
2.195	  0.0072066444
2.205	  0.007025164
2.215	  0.006848223
2.225	  0.006675712
2.235	  0.006507524
2.245	  0.006343555
2.255	  0.006183704
2.265	  0.0060278694
2.275	  0.0058759553
2.285	  0.005727865
2.295	  0.005583505
2.305	  0.0054427856
2.315	  0.0053056157
2.325	  0.005171909
2.335	  0.00504158
2.345	  0.0049145455
2.355	  0.004790724
2.365	  0.0046700356
2.375	  0.004552403
2.385	  0.00443775
2.395	  0.004326003
2.405	  0.0042170887
2.415	  0.004110937
2.425	  0.0040074787
2.435	  0.0039066463
2.445	  0.0038083736
2.455	  0.0037125968
2.465	  0.0036192532
2.475	  0.0035282813
2.485	  0.0034396218
2.495	  0.0033532158
2.505	  0.0032690067
2.515	  0.0031869388
2.525	  0.0031069582
2.535	  0.0030290121
2.545	  0.0029530486
2.555	  0.0028790175
2.565	  0.0028068698
2.575	  0.0027365577
2.585	  0.0026680345
2.595	  0.0026012545
2.605	  0.0025361737
2.615	  0.0024727485
2.625	  0.0024109369
2.635	  0.0023506973
2.645	  0.0022919902
2.655	  0.002234776
2.665	  0.0021790168
2.675	  0.0021246753
2.685	  0.0020717152
2.695	  0.0020201013
2.705	  0.0019697992
2.715	  0.001920775
2.725	  0.0018729963
2.735	  0.0018264311
2.745	  0.0017810483
2.755	  0.0017368174
2.765	  0.0016937092
2.775	  0.0016516946
2.785	  0.0016107458
2.795	  0.0015708354
2.805	  0.0015319366
2.815	  0.0014940236
2.825	  0.001457071
2.835	  0.0014210544
2.845	  0.0013859494
2.855	  0.0013517329
2.865	  0.0013183819
2.875	  0.0012858743
2.885	  0.0012541884
2.895	  0.0012233031
2.905	  0.0011931979
2.915	  0.0011638528
2.925	  0.0011352482
2.935	  0.0011073651
2.945	  0.0010801851
2.955	  0.0010536901
2.965	  0.0010278624
2.975	  0.001002685
2.985	  9.781413E-4
2.995	  9.54215E-4
3.005	  9.3089015E-4
3.015	  9.0815144E-4
3.025	  8.8598387E-4
3.035	  8.643727E-4
3.045	  8.433038E-4
3.055	  8.227632E-4
3.065	  8.027374E-4
3.075	  7.8321324E-4
3.085	  7.641778E-4
3.095	  7.456187E-4
3.105	  7.275237E-4
3.115	  7.0988096E-4
3.125	  6.9267885E-4
3.135	  6.759062E-4
3.145	  6.59552E-4
3.155	  6.4360554E-4
3.165	  6.2805647E-4
3.175	  6.1289466E-4
3.185	  5.9811014E-4
3.195	  5.836934E-4
3.205	  5.6963495E-4
3.215	  5.5592577E-4
3.225	  5.425569E-4
3.235	  5.2951975E-4
3.245	  5.1680586E-4
3.255	  5.04407E-4
3.265	  4.923151E-4
3.275	  4.8052243E-4
3.285	  4.6902138E-4
3.295	  4.5780456E-4
3.305	  4.4686472E-4
3.315	  4.3619488E-4
3.325	  4.257882E-4
3.335	  4.1563797E-4
3.345	  4.0573772E-4
3.355	  3.9608116E-4
3.365	  3.8666205E-4
3.375	  3.7747447E-4
3.385	  3.685125E-4
3.395	  3.597705E-4
3.405	  3.5124287E-4
3.415	  3.4292426E-4
3.425	  3.3480933E-4
3.435	  3.26893E-4
3.445	  3.1917027E-4
3.455	  3.1163625E-4
3.465	  3.042862E-4
3.475	  2.9711548E-4
3.485	  2.901196E-4
3.495	  2.8329418E-4
3.505	  2.7663494E-4
3.515	  2.7013768E-4
3.525	  2.6379837E-4
3.535	  2.5761308E-4
3.545	  2.515779E-4
3.555	  2.456891E-4
3.565	  2.3994302E-4
3.575	  2.3433611E-4
3.585	  2.2886488E-4
3.595	  2.2352595E-4
3.605	  2.18316E-4
3.615	  2.1323185E-4
3.625	  2.0827034E-4
3.635	  2.0342844E-4
3.645	  1.9870317E-4
3.655	  1.9409163E-4
3.665	  1.8959098E-4
3.675	  1.851985E-4
3.685	  1.8091148E-4
3.695	  1.767273E-4
3.705	  1.7264344E-4
3.715	  1.6865741E-4
3.725	  1.647668E-4
3.735	  1.6096921E-4
3.745	  1.5726239E-4
3.755	  1.5364407E-4
3.765	  1.5011209E-4
3.775	  1.466643E-4
3.785	  1.4329863E-4
3.795	  1.4001309E-4
3.805	  1.3680567E-4
3.815	  1.3367446E-4
3.825	  1.306176E-4
3.835	  1.2763326E-4
3.845	  1.2471966E-4
3.855	  1.2187508E-4
3.865	  1.190978E-4
3.875	  1.163862E-4
3.885	  1.1373867E-4
3.895	  1.1115363E-4
3.905	  1.0862958E-4
3.915	  1.0616501E-4
3.925	  1.0375847E-4
3.935	  1.01408565E-4
3.945	  9.91139E-5
3.955	  9.687314E-5
3.965	  9.4684976E-5
3.975	  9.254812E-5
3.985	  9.046134E-5
3.995	  8.842341E-5
4.005	  8.643315E-5



DATASET #3

     Name: BPT Fit
   Points: 401
     Info: Mean = 100.0, Aperiodicity = 0.5, Duration = 30.0, Delta T = 1.0, Num Points = 500, Historic Open Interval = 0.0
Computed mean = 0.99955165

Data[x,y]:
0.0	  0.0
0.01	  0.0
0.02	  0.0
0.03	  2.91595E-39
0.04	  6.9318606E-29
0.05	  1.0678055E-22
0.06	  1.3411966E-18
0.07	  1.0867723E-15
0.08	  1.5950555E-13
0.09	  7.517003E-12
0.1	  1.6027543E-10
0.11	  1.9224022E-9
0.12	  1.4994558E-8
0.13	  8.4070614E-8
0.14	  3.6391432E-7
0.15	  1.2814713E-6
0.16	  3.8174758E-6
0.17	  9.91244E-6
0.18	  2.2961427E-5
0.19	  4.8325106E-5
0.2	  9.376579E-5
0.21	  1.6972217E-4
0.22	  2.8936172E-4
0.23	  4.6838546E-4
0.24	  7.2459754E-4
0.25	  0.0010772807
0.26	  0.0015464398
0.27	  0.002151981
0.28	  0.0029128927
0.29	  0.0038464882
0.3	  0.0049677473
0.31	  0.006288793
0.32	  0.007818513
0.33	  0.009562329
0.34	  0.0115221115
0.35	  0.013696216
0.36	  0.01607963
0.37	  0.018664217
0.38	  0.021439008
0.39	  0.024390569
0.4	  0.027503358
0.41	  0.030760136
0.42	  0.034142345
0.43	  0.03763049
0.44	  0.04120449
0.45	  0.044844016
0.46	  0.04852878
0.47	  0.0522388
0.48	  0.05595463
0.49	  0.059657566
0.5	  0.063329786
0.51	  0.06695448
0.52	  0.07051598
0.53	  0.07399981
0.54	  0.0773927
0.55	  0.08068267
0.56	  0.08385903
0.57	  0.08691231
0.58	  0.089834325
0.59	  0.09261805
0.6	  0.095257655
0.61	  0.097748406
0.62	  0.10008661
0.63	  0.102269575
0.64	  0.10429553
0.65	  0.10616357
0.66	  0.10787356
0.67	  0.10942612
0.68	  0.11082251
0.69	  0.1120646
0.7	  0.11315478
0.71	  0.114095934
0.72	  0.11489134
0.73	  0.115544684
0.74	  0.116059914
0.75	  0.116441295
0.76	  0.11669327
0.77	  0.116820514
0.78	  0.11682779
0.79	  0.11672003
0.8	  0.11650218
0.81	  0.11617928
0.82	  0.11575638
0.83	  0.11523851
0.84	  0.11463069
0.85	  0.1139379
0.86	  0.11316505
0.87	  0.112316966
0.88	  0.111398414
0.89	  0.11041402
0.9	  0.10936834
0.91	  0.10826577
0.92	  0.10711063
0.93	  0.10590705
0.94	  0.10465909
0.95	  0.103370614
0.96	  0.10204538
0.97	  0.10068699
0.98	  0.09929891
0.99	  0.09788445
1.0	  0.09644679
1.01	  0.094988964
1.02	  0.09351386
1.03	  0.09202424
1.04	  0.090522714
1.05	  0.08901178
1.06	  0.087493785
1.07	  0.08597095
1.08	  0.084445395
1.09	  0.0829191
1.1	  0.08139391
1.11	  0.07987161
1.12	  0.07835383
1.13	  0.0768421
1.14	  0.07533787
1.15	  0.07384247
1.16	  0.072357155
1.17	  0.07088307
1.18	  0.06942129
1.19	  0.06797279
1.2	  0.06653848
1.21	  0.06511919
1.22	  0.06371568
1.23	  0.06232864
1.24	  0.060958687
1.25	  0.05960639
1.26	  0.05827224
1.27	  0.056956694
1.28	  0.05566014
1.29	  0.05438292
1.3	  0.05312533
1.31	  0.051887624
1.32	  0.05067001
1.33	  0.049472652
1.34	  0.048295684
1.35	  0.047139205
1.36	  0.046003275
1.37	  0.044887926
1.38	  0.043793168
1.39	  0.04271897
1.4	  0.041665286
1.41	  0.04063205
1.42	  0.039619163
1.43	  0.03862651
1.44	  0.037653968
1.45	  0.03670138
1.46	  0.03576859
1.47	  0.03485541
1.48	  0.033961654
1.49	  0.033087116
1.5	  0.032231577
1.51	  0.031394817
1.52	  0.030576603
1.53	  0.029776689
1.54	  0.028994828
1.55	  0.028230764
1.56	  0.027484236
1.57	  0.026754979
1.58	  0.026042724
1.59	  0.025347197
1.6	  0.024668122
1.61	  0.024005221
1.62	  0.023358215
1.63	  0.02272682
1.64	  0.022110758
1.65	  0.021509746
1.66	  0.020923499
1.67	  0.02035174
1.68	  0.019794183
1.69	  0.019250551
1.7	  0.018720567
1.71	  0.018203953
1.72	  0.017700434
1.73	  0.017209738
1.74	  0.016731596
1.75	  0.016265739
1.76	  0.015811902
1.77	  0.015369825
1.78	  0.014939248
1.79	  0.014519916
1.8	  0.0141115775
1.81	  0.013713982
1.82	  0.013326886
1.83	  0.012950048
1.84	  0.012583228
1.85	  0.012226193
1.86	  0.011878713
1.87	  0.011540561
1.88	  0.011211514
1.89	  0.010891353
1.9	  0.010579863
1.91	  0.010276833
1.92	  0.009982055
1.93	  0.009695326
1.94	  0.009416447
1.95	  0.009145223
1.96	  0.008881461
1.97	  0.008624973
1.98	  0.008375576
1.99	  0.008133089
2.0	  0.007897336
2.01	  0.007668144
2.02	  0.0074453442
2.03	  0.0072287708
2.04	  0.0070182625
2.05	  0.0068136607
2.06	  0.0066148113
2.07	  0.0064215623
2.08	  0.0062337667
2.09	  0.0060512796
2.1	  0.005873961
2.11	  0.005701672
2.12	  0.005534278
2.13	  0.005371649
2.14	  0.0052136555
2.15	  0.005060173
2.16	  0.0049110795
2.17	  0.0047662556
2.18	  0.0046255854
2.19	  0.0044889553
2.2	  0.004356255
2.21	  0.004227376
2.22	  0.0041022142
2.23	  0.0039806664
2.24	  0.003862633
2.25	  0.0037480164
2.26	  0.0036367222
2.27	  0.0035286578
2.28	  0.003423733
2.29	  0.0033218602
2.3	  0.003222954
2.31	  0.0031269311
2.32	  0.0030337104
2.33	  0.002943213
2.34	  0.0028553626
2.35	  0.0027700835
2.36	  0.0026873036
2.37	  0.0026069514
2.38	  0.0025289585
2.39	  0.0024532576
2.4	  0.0023797832
2.41	  0.002308472
2.42	  0.002239262
2.43	  0.002172093
2.44	  0.0021069064
2.45	  0.0020436454
2.46	  0.0019822544
2.47	  0.0019226801
2.48	  0.0018648696
2.49	  0.0018087722
2.5	  0.0017543383
2.51	  0.0017015197
2.52	  0.0016502696
2.53	  0.0016005426
2.54	  0.0015522942
2.55	  0.0015054818
2.56	  0.0014600632
2.57	  0.0014159979
2.58	  0.0013732463
2.59	  0.0013317703
2.6	  0.0012915324
2.61	  0.0012524964
2.62	  0.001214627
2.63	  0.0011778901
2.64	  0.0011422524
2.65	  0.0011076815
2.66	  0.0010741461
2.67	  0.0010416158
2.68	  0.001010061
2.69	  9.794527E-4
2.7	  9.497632E-4
2.71	  9.209652E-4
2.72	  8.9303247E-4
2.73	  8.659393E-4
2.74	  8.396609E-4
2.75	  8.14173E-4
2.76	  7.8945234E-4
2.77	  7.654761E-4
2.78	  7.4222207E-4
2.79	  7.1966887E-4
2.8	  6.9779565E-4
2.81	  6.7658216E-4
2.82	  6.560087E-4
2.83	  6.3605636E-4
2.84	  6.1670644E-4
2.85	  5.9794105E-4
2.86	  5.797428E-4
2.87	  5.6209456E-4
2.88	  5.4498005E-4
2.89	  5.283833E-4
2.9	  5.1228877E-4
2.91	  4.9668143E-4
2.92	  4.8154668E-4
2.93	  4.6687038E-4
2.94	  4.5263878E-4
2.95	  4.388385E-4
2.96	  4.2545662E-4
2.97	  4.1248056E-4
2.98	  3.9989816E-4
2.99	  3.8769757E-4
3.0	  3.7586727E-4
3.01	  3.6439617E-4
3.02	  3.532734E-4
3.03	  3.4248855E-4
3.04	  3.3203137E-4
3.05	  3.21892E-4
3.06	  3.1206087E-4
3.07	  3.0252867E-4
3.08	  2.932864E-4
3.09	  2.8432527E-4
3.1	  2.7563685E-4
3.11	  2.672128E-4
3.12	  2.5904525E-4
3.13	  2.5112633E-4
3.14	  2.4344861E-4
3.15	  2.3600475E-4
3.16	  2.2878769E-4
3.17	  2.2179053E-4
3.18	  2.1500664E-4
3.19	  2.0842956E-4
3.2	  2.0205301E-4
3.21	  1.958709E-4
3.22	  1.8987738E-4
3.23	  1.8406668E-4
3.24	  1.7843327E-4
3.25	  1.7297178E-4
3.26	  1.6767698E-4
3.27	  1.625438E-4
3.28	  1.5756735E-4
3.29	  1.5274285E-4
3.3	  1.4806571E-4
3.31	  1.4353142E-4
3.32	  1.3913565E-4
3.33	  1.3487418E-4
3.34	  1.3074293E-4
3.35	  1.2673794E-4
3.36	  1.2285537E-4
3.37	  1.1909149E-4
3.38	  1.1544268E-4
3.39	  1.1190544E-4
3.4	  1.0847637E-4
3.41	  1.0515218E-4
3.42	  1.0192967E-4
3.43	  9.880574E-5
3.44	  9.577739E-5
3.45	  9.28417E-5
3.46	  8.999584E-5
3.47	  8.723708E-5
3.48	  8.456276E-5
3.49	  8.19703E-5
3.5	  7.94572E-5
3.51	  7.702104E-5
3.52	  7.465948E-5
3.53	  7.237023E-5
3.54	  7.015109E-5
3.55	  6.7999914E-5
3.56	  6.5914624E-5
3.57	  6.389321E-5
3.58	  6.193373E-5
3.59	  6.0034272E-5
3.6	  5.819301E-5
3.61	  5.640817E-5
3.62	  5.4678025E-5
3.63	  5.3000895E-5
3.64	  5.137517E-5
3.65	  4.979927E-5
3.66	  4.827167E-5
3.67	  4.6790898E-5
3.68	  4.535552E-5
3.69	  4.3964144E-5
3.7	  4.2615426E-5
3.71	  4.1308056E-5
3.72	  4.0040777E-5
3.73	  3.881235E-5
3.74	  3.76216E-5
3.75	  3.646736E-5
3.76	  3.5348523E-5
3.77	  3.4263994E-5
3.78	  3.321273E-5
3.79	  3.2193708E-5
3.8	  3.1205946E-5
3.81	  3.0248479E-5
3.82	  2.9320383E-5
3.83	  2.8420758E-5
3.84	  2.7548731E-5
3.85	  2.6703456E-5
3.86	  2.5884112E-5
3.87	  2.5089907E-5
3.88	  2.4320068E-5
3.89	  2.3573852E-5
3.9	  2.2850529E-5
3.91	  2.2149401E-5
3.92	  2.1469787E-5
3.93	  2.0811025E-5
3.94	  2.017248E-5
3.95	  1.9553529E-5
3.96	  1.8953571E-5
3.97	  1.8372024E-5
3.98	  1.7808325E-5
3.99	  1.7261924E-5
4.0	  1.6732292E-5


