
X-Axis: Normalized Interevent Time
Y-Axis: Probability
Number of Data Sets: 3


DATASET #1

     Name: mu0_5 Histogram
   Points: 41
     Info: 

Data[x,y]:
0.05	  0.002372546
0.15	  0.004285252
0.25	  0.009136029
0.35	  0.022480346
0.45	  0.027208418
0.55	  0.039916508
0.65	  0.061055347
0.75	  0.12314138
0.85	  0.20037034
0.95	  0.17772943
1.05	  0.10162472
1.15	  0.069338225
1.25	  0.040966686
1.35	  0.019131295
1.45	  0.013582762
1.55	  0.012780881
1.65	  0.011262398
1.75	  0.008959613
1.85	  0.0069237007
1.95	  0.0052899793
2.05	  0.0046277945
2.15	  0.004414279
2.25	  0.0038948792
2.35	  0.0036400007
2.45	  0.0031405622
2.55	  0.002708474
2.65	  0.0022827357
2.75	  0.0018539401
2.85	  0.0016975735
2.95	  0.0014979333
3.05	  0.0011486879
3.15	  0.0011966062
3.25	  0.001199546
3.35	  0.0010498527
3.45	  8.9186913E-4
3.55	  7.117197E-4
3.65	  6.31699E-4
3.75	  5.7025766E-4
3.85	  6.59862E-4
3.95	  5.412127E-4
4.05	  0.0040846714



DATASET #2

     Name: Log-Normal Fit
   Points: 401
     Info: 

Data[x,y]:
0.005	  0.0
0.015	  2.6684563E-13
0.025	  7.723846E-11
0.035	  2.9398892E-9
0.045	  3.9013177E-8
0.055	  2.7441632E-7
0.065	  1.2722867E-6
0.075	  4.4112153E-6
0.085	  1.2373643E-5
0.095	  2.957449E-5
0.105	  6.241983E-5
0.115	  1.1933892E-4
0.125	  2.1058894E-4
0.135	  3.4787267E-4
0.145	  5.438301E-4
0.155	  8.1146933E-4
0.165	  0.0011635949
0.175	  0.0016122797
0.185	  0.00216841
0.195	  0.0028413248
0.205	  0.0036385513
0.215	  0.00456564
0.225	  0.0056260866
0.235	  0.006821335
0.245	  0.00815084
0.255	  0.009612189
0.265	  0.011201252
0.275	  0.012912372
0.285	  0.014738555
0.295	  0.01667168
0.305	  0.018702703
0.315	  0.020821862
0.325	  0.023018863
0.335	  0.025283054
0.345	  0.027603596
0.355	  0.029969607
0.365	  0.03237028
0.375	  0.034795012
0.385	  0.037233494
0.395	  0.039675783
0.405	  0.04211238
0.415	  0.044534277
0.425	  0.046932995
0.435	  0.04930062
0.445	  0.051629808
0.455	  0.05391382
0.465	  0.056146495
0.475	  0.05832227
0.485	  0.060436156
0.495	  0.06248373
0.505	  0.06446113
0.515	  0.06636499
0.525	  0.06819249
0.535	  0.06994125
0.545	  0.071609385
0.555	  0.073195405
0.565	  0.07469823
0.575	  0.07611715
0.585	  0.07745181
0.595	  0.07870217
0.605	  0.079868466
0.615	  0.080951236
0.625	  0.08195122
0.635	  0.08286942
0.645	  0.083707
0.655	  0.08446532
0.665	  0.08514588
0.675	  0.08575035
0.685	  0.08628047
0.695	  0.08673813
0.705	  0.08712528
0.715	  0.08744394
0.725	  0.08769621
0.735	  0.08788421
0.745	  0.08801012
0.755	  0.08807612
0.765	  0.088084444
0.775	  0.08803728
0.785	  0.08793686
0.795	  0.08778538
0.805	  0.08758503
0.815	  0.087337986
0.825	  0.087046385
0.835	  0.086712345
0.845	  0.08633794
0.855	  0.08592521
0.865	  0.08547615
0.875	  0.08499272
0.885	  0.084476836
0.895	  0.08393036
0.905	  0.083355084
0.915	  0.082752794
0.925	  0.082125194
0.935	  0.08147394
0.945	  0.080800645
0.955	  0.080106854
0.965	  0.07939408
0.975	  0.078663774
0.985	  0.07791732
0.995	  0.07715608
1.005	  0.07638134
1.015	  0.07559435
1.025	  0.074796304
1.035	  0.073988356
1.045	  0.07317159
1.055	  0.072347075
1.065	  0.071515806
1.075	  0.070678756
1.085	  0.06983683
1.095	  0.06899092
1.105	  0.06814185
1.115	  0.06729042
1.125	  0.06643738
1.135	  0.065583445
1.145	  0.06472931
1.155	  0.063875616
1.165	  0.06302297
1.175	  0.06217195
1.185	  0.061323114
1.195	  0.060476966
1.205	  0.059633996
1.215	  0.058794662
1.225	  0.057959396
1.235	  0.057128597
1.245	  0.056302648
1.255	  0.0554819
1.265	  0.054666687
1.275	  0.05385731
1.285	  0.05305406
1.295	  0.052257203
1.305	  0.051466987
1.315	  0.050683632
1.325	  0.04990735
1.335	  0.049138334
1.345	  0.04837676
1.355	  0.047622785
1.365	  0.046876557
1.375	  0.0461382
1.385	  0.04540784
1.395	  0.04468557
1.405	  0.043971486
1.415	  0.04326567
1.425	  0.04256819
1.435	  0.0418791
1.445	  0.04119845
1.455	  0.040526282
1.465	  0.03986262
1.475	  0.03920749
1.485	  0.0385609
1.495	  0.03792286
1.505	  0.037293367
1.515	  0.03667241
1.525	  0.03605998
1.535	  0.03545605
1.545	  0.034860596
1.555	  0.034273587
1.565	  0.033694986
1.575	  0.033124756
1.585	  0.032562844
1.595	  0.032009207
1.605	  0.031463787
1.615	  0.030926531
1.625	  0.030397378
1.635	  0.029876264
1.645	  0.029363124
1.655	  0.02885789
1.665	  0.028360493
1.675	  0.027870858
1.685	  0.027388912
1.695	  0.026914576
1.705	  0.026447775
1.715	  0.025988426
1.725	  0.025536453
1.735	  0.02509177
1.745	  0.024654295
1.755	  0.024223944
1.765	  0.023800634
1.775	  0.023384277
1.785	  0.02297479
1.795	  0.022572083
1.805	  0.022176074
1.815	  0.021786671
1.825	  0.021403791
1.835	  0.021027345
1.845	  0.020657247
1.855	  0.020293409
1.865	  0.019935744
1.875	  0.019584166
1.885	  0.019238586
1.895	  0.018898921
1.905	  0.018565085
1.915	  0.01823699
1.925	  0.017914552
1.935	  0.017597688
1.945	  0.017286314
1.955	  0.016980346
1.965	  0.0166797
1.975	  0.016384298
1.985	  0.016094053
1.995	  0.01580889
2.005	  0.0155287245
2.015	  0.0152534805
2.025	  0.0149830775
2.035	  0.01471744
2.045	  0.014456489
2.055	  0.01420015
2.065	  0.013948348
2.075	  0.013701008
2.085	  0.013458056
2.095	  0.013219422
2.105	  0.012985031
2.115	  0.012754816
2.125	  0.012528703
2.135	  0.012306625
2.145	  0.012088515
2.155	  0.011874304
2.165	  0.011663926
2.175	  0.011457317
2.185	  0.01125441
2.195	  0.0110551445
2.205	  0.010859455
2.215	  0.010667281
2.225	  0.010478562
2.235	  0.010293236
2.245	  0.010111246
2.255	  0.009932534
2.265	  0.00975704
2.275	  0.00958471
2.285	  0.009415487
2.295	  0.0092493165
2.305	  0.009086145
2.315	  0.008925919
2.325	  0.008768586
2.335	  0.008614095
2.345	  0.0084623955
2.355	  0.008313437
2.365	  0.008167171
2.375	  0.008023549
2.385	  0.007882524
2.395	  0.007744049
2.405	  0.007608079
2.415	  0.0074745673
2.425	  0.007343471
2.435	  0.007214746
2.445	  0.0070883487
2.455	  0.0069642384
2.465	  0.0068423725
2.475	  0.006722711
2.485	  0.006605213
2.495	  0.0064898403
2.505	  0.006376554
2.515	  0.0062653148
2.525	  0.006156087
2.535	  0.006048833
2.545	  0.005943517
2.555	  0.005840104
2.565	  0.0057385587
2.575	  0.005638847
2.585	  0.005540936
2.595	  0.0054447916
2.605	  0.005350382
2.615	  0.0052576754
2.625	  0.005166641
2.635	  0.005077247
2.645	  0.0049894643
2.655	  0.004903263
2.665	  0.004818614
2.675	  0.004735489
2.685	  0.0046538594
2.695	  0.004573698
2.705	  0.004494978
2.715	  0.0044176728
2.725	  0.004341756
2.735	  0.0042672027
2.745	  0.004193987
2.755	  0.004122085
2.765	  0.004051472
2.775	  0.003982125
2.785	  0.0039140196
2.795	  0.0038471336
2.805	  0.0037814446
2.815	  0.0037169305
2.825	  0.0036535694
2.835	  0.0035913403
2.845	  0.0035302222
2.855	  0.0034701948
2.865	  0.0034112378
2.875	  0.0033533317
2.885	  0.0032964572
2.895	  0.003240595
2.905	  0.003185727
2.915	  0.0031318343
2.925	  0.0030788993
2.935	  0.0030269043
2.945	  0.0029758322
2.955	  0.0029256658
2.965	  0.0028763884
2.975	  0.002827984
2.985	  0.0027804363
2.995	  0.0027337295
3.005	  0.0026878484
3.015	  0.0026427777
3.025	  0.0025985027
3.035	  0.0025550087
3.045	  0.0025122813
3.055	  0.0024703064
3.065	  0.0024290704
3.075	  0.0023885597
3.085	  0.002348761
3.095	  0.0023096616
3.105	  0.002271248
3.115	  0.0022335083
3.125	  0.00219643
3.135	  0.0021600008
3.145	  0.0021242092
3.155	  0.0020890434
3.165	  0.0020544918
3.175	  0.0020205434
3.185	  0.0019871874
3.195	  0.0019544126
3.205	  0.0019222087
3.215	  0.0018905653
3.225	  0.0018594721
3.235	  0.0018289192
3.245	  0.0017988967
3.255	  0.001769395
3.265	  0.0017404046
3.275	  0.0017119164
3.285	  0.0016839212
3.295	  0.00165641
3.305	  0.0016293741
3.315	  0.001602805
3.325	  0.0015766941
3.335	  0.0015510332
3.345	  0.0015258142
3.355	  0.0015010291
3.365	  0.00147667
3.375	  0.0014527293
3.385	  0.0014291996
3.395	  0.0014060732
3.405	  0.0013833431
3.415	  0.001361002
3.425	  0.0013390431
3.435	  0.0013174594
3.445	  0.0012962442
3.455	  0.0012753909
3.465	  0.001254893
3.475	  0.0012347442
3.485	  0.0012149382
3.495	  0.0011954689
3.505	  0.0011763304
3.515	  0.0011575165
3.525	  0.0011390216
3.535	  0.0011208401
3.545	  0.0011029663
3.555	  0.0010853946
3.565	  0.0010681199
3.575	  0.0010511368
3.585	  0.00103444
3.595	  0.0010180246
3.605	  0.0010018855
3.615	  9.860179E-4
3.625	  9.7041694E-4
3.635	  9.550779E-4
3.645	  9.3999616E-4
3.655	  9.251672E-4
3.665	  9.1058644E-4
3.675	  8.9624966E-4
3.685	  8.8215247E-4
3.695	  8.6829066E-4
3.705	  8.546601E-4
3.715	  8.4125675E-4
3.725	  8.280766E-4
3.735	  8.1511575E-4
3.745	  8.023703E-4
3.755	  7.898365E-4
3.765	  7.775107E-4
3.775	  7.653892E-4
3.785	  7.534684E-4
3.795	  7.417449E-4
3.805	  7.3021516E-4
3.815	  7.188758E-4
3.825	  7.077236E-4
3.835	  6.967552E-4
3.845	  6.8596745E-4
3.855	  6.753572E-4
3.865	  6.6492136E-4
3.875	  6.546569E-4
3.885	  6.445609E-4
3.895	  6.346304E-4
3.905	  6.2486256E-4
3.915	  6.152545E-4
3.925	  6.058035E-4
3.935	  5.9650687E-4
3.945	  5.873619E-4
3.955	  5.783661E-4
3.965	  5.6951673E-4
3.975	  5.608114E-4
3.985	  5.522475E-4
3.995	  5.4382277E-4
4.005	  5.355347E-4



DATASET #3

     Name: BPT Fit
   Points: 401
     Info: Mean = 100.0, Aperiodicity = 0.5, Duration = 30.0, Delta T = 1.0, Num Points = 500, Historic Open Interval = 0.0
Computed mean = 0.99509144

Data[x,y]:
0.0	  0.0
0.01	  0.0
0.02	  8.2898373E-38
0.03	  1.0357656E-24
0.04	  3.193366E-18
0.05	  2.2987736E-14
0.06	  8.099262E-12
0.07	  5.1263516E-10
0.08	  1.11466E-8
0.09	  1.1924169E-7
0.1	  7.780206E-7
0.11	  3.548574E-6
0.12	  1.2387602E-5
0.13	  3.5234763E-5
0.14	  8.538195E-5
0.15	  1.8210779E-4
0.16	  3.503052E-4
0.17	  6.191473E-4
0.18	  0.0010200759
0.19	  0.0015844973
0.2	  0.0023415494
0.21	  0.003316211
0.22	  0.0045279083
0.23	  0.0059896694
0.24	  0.0077077984
0.25	  0.00968199
0.26	  0.011905791
0.27	  0.0143673
0.28	  0.017050007
0.29	  0.019933702
0.3	  0.022995392
0.31	  0.02621015
0.32	  0.029551923
0.33	  0.03299422
0.34	  0.036510702
0.35	  0.040075697
0.36	  0.04366457
0.37	  0.047254045
0.38	  0.05082242
0.39	  0.054349713
0.4	  0.057817776
0.41	  0.061210304
0.42	  0.06451286
0.43	  0.067712806
0.44	  0.07079929
0.45	  0.07376313
0.46	  0.076596715
0.47	  0.07929392
0.48	  0.081850015
0.49	  0.0842615
0.5	  0.08652603
0.51	  0.088642314
0.52	  0.09060998
0.53	  0.0924295
0.54	  0.09410206
0.55	  0.09562951
0.56	  0.097014256
0.57	  0.09825919
0.58	  0.09936759
0.59	  0.10034311
0.6	  0.101189665
0.61	  0.10191142
0.62	  0.102512695
0.63	  0.10299796
0.64	  0.10337178
0.65	  0.10363878
0.66	  0.10380362
0.67	  0.10387096
0.68	  0.10384543
0.69	  0.10373164
0.7	  0.10353411
0.71	  0.10325731
0.72	  0.10290562
0.73	  0.10248332
0.74	  0.10199457
0.75	  0.101443425
0.76	  0.100833826
0.77	  0.100169584
0.78	  0.09945438
0.79	  0.09869177
0.8	  0.09788517
0.81	  0.09703787
0.82	  0.096153036
0.83	  0.0952337
0.84	  0.094282754
0.85	  0.09330297
0.86	  0.092297
0.87	  0.09126737
0.88	  0.09021649
0.89	  0.089146644
0.9	  0.08806001
0.91	  0.08695864
0.92	  0.08584452
0.93	  0.08471948
0.94	  0.08358529
0.95	  0.08244361
0.96	  0.081296004
0.97	  0.08014395
0.98	  0.078988835
0.99	  0.077831976
1.0	  0.0766746
1.01	  0.07551786
1.02	  0.074362844
1.03	  0.07321056
1.04	  0.072061956
1.05	  0.07091792
1.06	  0.06977926
1.07	  0.068646766
1.08	  0.067521125
1.09	  0.06640302
1.1	  0.06529303
1.11	  0.064191744
1.12	  0.063099675
1.13	  0.062017284
1.14	  0.06094502
1.15	  0.059883274
1.16	  0.058832407
1.17	  0.057792746
1.18	  0.056764584
1.19	  0.055748183
1.2	  0.054743778
1.21	  0.05375158
1.22	  0.052771766
1.23	  0.051804494
1.24	  0.050849896
1.25	  0.04990809
1.26	  0.048979163
1.27	  0.048063193
1.28	  0.04716023
1.29	  0.046270322
1.3	  0.04539348
1.31	  0.044529725
1.32	  0.043679044
1.33	  0.04284142
1.34	  0.042016827
1.35	  0.041205216
1.36	  0.040406544
1.37	  0.03962075
1.38	  0.038847756
1.39	  0.03808749
1.4	  0.03733987
1.41	  0.036604796
1.42	  0.03588217
1.43	  0.03517189
1.44	  0.03447384
1.45	  0.033787914
1.46	  0.03311398
1.47	  0.032451924
1.48	  0.03180161
1.49	  0.031162914
1.5	  0.030535698
1.51	  0.029919824
1.52	  0.029315157
1.53	  0.028721552
1.54	  0.028138869
1.55	  0.02756696
1.56	  0.027005684
1.57	  0.026454892
1.58	  0.025914436
1.59	  0.02538417
1.6	  0.024863943
1.61	  0.02435361
1.62	  0.02385302
1.63	  0.023362026
1.64	  0.022880478
1.65	  0.022408228
1.66	  0.02194513
1.67	  0.021491038
1.68	  0.021045804
1.69	  0.020609284
1.7	  0.020181334
1.71	  0.019761808
1.72	  0.019350568
1.73	  0.018947471
1.74	  0.018552376
1.75	  0.018165147
1.76	  0.017785644
1.77	  0.017413735
1.78	  0.01704928
1.79	  0.016692154
1.8	  0.016342219
1.81	  0.015999347
1.82	  0.01566341
1.83	  0.015334282
1.84	  0.015011838
1.85	  0.014695953
1.86	  0.014386506
1.87	  0.014083377
1.88	  0.013786448
1.89	  0.013495602
1.9	  0.013210723
1.91	  0.012931699
1.92	  0.012658417
1.93	  0.012390768
1.94	  0.012128644
1.95	  0.011871938
1.96	  0.011620543
1.97	  0.011374359
1.98	  0.011133282
1.99	  0.010897214
2.0	  0.010666055
2.01	  0.010439708
2.02	  0.01021808
2.03	  0.010001076
2.04	  0.009788604
2.05	  0.009580576
2.06	  0.0093769
2.07	  0.009177492
2.08	  0.008982264
2.09	  0.008791134
2.1	  0.008604017
2.11	  0.008420834
2.12	  0.008241504
2.13	  0.00806595
2.14	  0.007894095
2.15	  0.0077258633
2.16	  0.0075611807
2.17	  0.0073999753
2.18	  0.0072421758
2.19	  0.007087712
2.2	  0.006936516
2.21	  0.00678852
2.22	  0.0066436585
2.23	  0.0065018665
2.24	  0.0063630803
2.25	  0.0062272386
2.26	  0.0060942797
2.27	  0.0059641437
2.28	  0.0058367723
2.29	  0.0057121078
2.3	  0.0055900943
2.31	  0.0054706754
2.32	  0.005353798
2.33	  0.005239409
2.34	  0.0051274556
2.35	  0.005017887
2.36	  0.0049106535
2.37	  0.004805706
2.38	  0.0047029965
2.39	  0.004602478
2.4	  0.004504104
2.41	  0.00440783
2.42	  0.0043136114
2.43	  0.0042214044
2.44	  0.0041311677
2.45	  0.0040428583
2.46	  0.003956436
2.47	  0.0038718618
2.48	  0.0037890952
2.49	  0.0037080988
2.5	  0.0036288346
2.51	  0.003551266
2.52	  0.003475357
2.53	  0.0034010725
2.54	  0.0033283778
2.55	  0.0032572392
2.56	  0.0031876236
2.57	  0.0031194985
2.58	  0.0030528323
2.59	  0.002987594
2.6	  0.0029237529
2.61	  0.0028612795
2.62	  0.0028001443
2.63	  0.0027403191
2.64	  0.0026817757
2.65	  0.0026244868
2.66	  0.0025684256
2.67	  0.0025135658
2.68	  0.0024598818
2.69	  0.0024073485
2.7	  0.0023559413
2.71	  0.002305636
2.72	  0.0022564088
2.73	  0.0022082373
2.74	  0.0021610982
2.75	  0.0021149695
2.76	  0.00206983
2.77	  0.002025658
2.78	  0.0019824333
2.79	  0.0019401349
2.8	  0.0018987434
2.81	  0.0018582393
2.82	  0.0018186035
2.83	  0.0017798173
2.84	  0.0017418626
2.85	  0.0017047215
2.86	  0.0016683765
2.87	  0.0016328106
2.88	  0.001598007
2.89	  0.0015639493
2.9	  0.0015306216
2.91	  0.001498008
2.92	  0.0014660935
2.93	  0.0014348627
2.94	  0.0014043011
2.95	  0.0013743945
2.96	  0.0013451285
2.97	  0.0013164894
2.98	  0.001288464
2.99	  0.0012610387
3.0	  0.0012342009
3.01	  0.0012079378
3.02	  0.0011822373
3.03	  0.001157087
3.04	  0.0011324752
3.05	  0.0011083904
3.06	  0.0010848211
3.07	  0.0010617563
3.08	  0.0010391852
3.09	  0.0010170972
3.1	  9.954817E-4
3.11	  9.7432884E-4
3.12	  9.536285E-4
3.13	  9.3337096E-4
3.14	  9.1354677E-4
3.15	  8.941465E-4
3.16	  8.7516115E-4
3.17	  8.565818E-4
3.18	  8.383996E-4
3.19	  8.2060613E-4
3.2	  8.0319296E-4
3.21	  7.8615197E-4
3.22	  7.694751E-4
3.23	  7.531546E-4
3.24	  7.371828E-4
3.25	  7.215521E-4
3.26	  7.062554E-4
3.27	  6.9128524E-4
3.28	  6.766348E-4
3.29	  6.6229707E-4
3.3	  6.482655E-4
3.31	  6.3453335E-4
3.32	  6.210943E-4
3.33	  6.0794206E-4
3.34	  5.9507036E-4
3.35	  5.824733E-4
3.36	  5.701449E-4
3.37	  5.580794E-4
3.38	  5.462712E-4
3.39	  5.347147E-4
3.4	  5.234046E-4
3.41	  5.123356E-4
3.42	  5.015024E-4
3.43	  4.9090007E-4
3.44	  4.8052362E-4
3.45	  4.703682E-4
3.46	  4.6042906E-4
3.47	  4.5070157E-4
3.48	  4.4118115E-4
3.49	  4.3186345E-4
3.5	  4.2274405E-4
3.51	  4.1381872E-4
3.52	  4.050833E-4
3.53	  3.965337E-4
3.54	  3.88166E-4
3.55	  3.7997623E-4
3.56	  3.719606E-4
3.57	  3.6411543E-4
3.58	  3.56437E-4
3.59	  3.4892178E-4
3.6	  3.4156625E-4
3.61	  3.3436698E-4
3.62	  3.2732068E-4
3.63	  3.2042403E-4
3.64	  3.1367387E-4
3.65	  3.07067E-4
3.66	  3.006004E-4
3.67	  2.9427107E-4
3.68	  2.8807606E-4
3.69	  2.8201248E-4
3.7	  2.7607757E-4
3.71	  2.7026853E-4
3.72	  2.645827E-4
3.73	  2.5901743E-4
3.74	  2.5357015E-4
3.75	  2.4823836E-4
3.76	  2.4301955E-4
3.77	  2.3791131E-4
3.78	  2.3291132E-4
3.79	  2.2801725E-4
3.8	  2.2322682E-4
3.81	  2.1853784E-4
3.82	  2.1394814E-4
3.83	  2.0945558E-4
3.84	  2.0505811E-4
3.85	  2.0075371E-4
3.86	  1.9654036E-4
3.87	  1.9241616E-4
3.88	  1.8837918E-4
3.89	  1.8442757E-4
3.9	  1.8055951E-4
3.91	  1.7677322E-4
3.92	  1.7306695E-4
3.93	  1.6943901E-4
3.94	  1.6588772E-4
3.95	  1.6241144E-4
3.96	  1.5900859E-4
3.97	  1.556776E-4
3.98	  1.5241693E-4
3.99	  1.4922512E-4
4.0	  1.4610065E-4


