
X-Axis: 10.0s SA (g)
Y-Axis: Annual Probabilitiy
Number of Data Sets: 5


DATASET #1

Name: UCERF3
Num Points: 401
Info: 

X, Y Data:
1.0E-4	0.06040086
1.0333392E-4	0.06034098
1.06779E-4	0.060276132
1.1033893E-4	0.060206033
1.14017545E-4	0.06013039
1.178188E-4	0.060048897
1.2174679E-4	0.059961252
1.2580573E-4	0.059867147
1.3E-4	0.05976628
1.334183E-4	0.05968145
1.369265E-4	0.05959204
1.4052694E-4	0.05949789
1.4422205E-4	0.059398852
1.4801433E-4	0.059294783
1.5190631E-4	0.059185527
1.5590065E-4	0.059070945
1.6E-4	0.058950894
1.645257E-4	0.058815625
1.691794E-4	0.05867371
1.7396474E-4	0.05852499
1.7888544E-4	0.058369305
1.8394532E-4	0.058206514
1.8914833E-4	0.05803647
1.944985E-4	0.057859037
2.0E-4	0.057674095
2.0565712E-4	0.057481524
2.1147425E-4	0.05728122
2.1745593E-4	0.057073083
2.236068E-4	0.056857027
2.2993165E-4	0.056632977
2.364354E-4	0.05640087
2.4312311E-4	0.05616065
2.5E-4	0.055912275
2.5783465E-4	0.05562797
2.659148E-4	0.055333626
2.742482E-4	0.05502924
2.8284272E-4	0.054714825
2.917066E-4	0.05439042
3.0084825E-4	0.054056067
3.102764E-4	0.05371185
3.2E-4	0.05335785
3.290514E-4	0.053029533
3.383588E-4	0.052693404
3.4792948E-4	0.052349567
3.5777088E-4	0.051998142
3.6789064E-4	0.051639255
3.7829665E-4	0.05127304
3.88997E-4	0.050899655
4.0E-4	0.05051925
4.1131425E-4	0.050132
4.229485E-4	0.049738083
4.3491187E-4	0.049337685
4.472136E-4	0.048931003
4.598633E-4	0.04851824
4.728708E-4	0.04809961
4.8624622E-4	0.047675334
5.0E-4	0.04724563
5.1465514E-4	0.046795107
5.2973983E-4	0.046339277
5.4526667E-4	0.045878403
5.612486E-4	0.04541276
5.77699E-4	0.044942625
5.946315E-4	0.044468272
6.120603E-4	0.043989986
6.3E-4	0.043508057
6.4807665E-4	0.04303287
6.6667196E-4	0.04255473
6.858008E-4	0.042073898
7.0547854E-4	0.041590653
7.257209E-4	0.041105255
7.465441E-4	0.040617976
7.6796475E-4	0.040129077
7.9E-4	0.039638817
8.136239E-4	0.03912701
8.379543E-4	0.0386143
8.630122E-4	0.038100965
8.8881946E-4	0.037587292
9.153984E-4	0.037073553
9.427722E-4	0.036560018
9.7096455E-4	0.03604694
0.001	0.035534587
0.0010293103	0.03503319
0.0010594797	0.03453295
0.0010905333	0.034034085
0.0011224973	0.033536814
0.001155398	0.03304134
0.001189263	0.03254786
0.0012241206	0.03205657
0.00126	0.03156765
0.0012961533	0.031091345
0.0013333439	0.03061764
0.0013716016	0.030146679
0.0014109571	0.029678611
0.0014514418	0.029213568
0.0014930882	0.028751679
0.0015359295	0.028293064
0.00158	0.027837835
0.0016272478	0.0273674
0.0016759086	0.026900867
0.0017260244	0.026438342
0.0017776389	0.025979923
0.0018307968	0.025525698
0.0018855444	0.02507575
0.0019419291	0.024630152
0.002	0.024188973
0.0020575977	0.023768103
0.002116854	0.023351442
0.002177817	0.022939038
0.0022405356	0.022530925
0.0023050604	0.022127142
0.0023714434	0.02172772
0.0024397383	0.021332685
0.00251	0.020942058
0.0025833033	0.020550532
0.0026587474	0.020163577
0.0027363948	0.019781208
0.0028163097	0.019403435
0.0028985585	0.019030267
0.0029832094	0.018661713
0.0030703326	0.018297775
0.00316	0.017938456
0.0032524571	0.017583115
0.0033476194	0.01723241
0.003445566	0.01688634
0.0035463783	0.016544903
0.0036501405	0.016208092
0.0037569385	0.015875906
0.003866861	0.015548336
0.00398	0.015225377
0.004096165	0.014907782
0.0042157196	0.01459476
0.0043387646	0.014286301
0.0044654002	0.013982397
0.0045957323	0.013683035
0.0047298684	0.013388204
0.0048679197	0.013097894
0.00501	0.012812089
0.005156579	0.012530114
0.0053074467	0.012252635
0.005462728	0.011979636
0.0056225527	0.011711096
0.0057870536	0.011446998
0.005956367	0.011187319
0.0061306343	0.010932034
0.00631	0.010681118
0.006493865	0.0104355225
0.0066830874	0.010194206
0.0068778237	0.009957137
0.007078234	0.009724283
0.0072844843	0.0094956085
0.0074967444	0.009271076
0.00771519	0.009050648
0.00794	0.008834281
0.008172275	0.008621114
0.008411343	0.00841195
0.008657407	0.008206742
0.008910668	0.008005438
0.009171338	0.007807988
0.009439633	0.0076143374
0.009715778	0.0074244314
0.01	0.0072382125
0.010292081	0.007055901
0.010592694	0.0068771485
0.010902087	0.0067018964
0.011220517	0.0065300833
0.011548247	0.006361648
0.011885551	0.006196529
0.012232705	0.0060346653
0.01259	0.005875994
0.012957647	0.0057204883
0.013336032	0.0055680512
0.013725464	0.005418623
0.01412627	0.005272143
0.014538779	0.005128553
0.014963334	0.004987795
0.015400288	0.004849812
0.01585	0.00471455
0.016312422	0.0045820726
0.016788337	0.0044522057
0.017278135	0.0043248986
0.017782224	0.004200103
0.01830102	0.0040777735
0.01883495	0.0039578644
0.019384459	0.003840334
0.01995	0.003725141
0.020533005	0.0036120652
0.021133045	0.003501259
0.021750621	0.003392688
0.022386245	0.003286319
0.023040446	0.0031821213
0.023713762	0.0030800654
0.024406755	0.002980124
0.02512	0.002882271
0.025853088	0.0027866098
0.02660757	0.0026929846
0.027384069	0.0026013742
0.02818323	0.002511758
0.029005712	0.0024241174
0.029852198	0.0023384343
0.030723387	0.0022546917
0.03162	0.0021728734
0.032543603	0.0020928935
0.033494186	0.0020148105
0.034472536	0.0019386092
0.03547946	0.0018642752
0.0365158	0.0017917946
0.03758241	0.0017211528
0.03868017	0.001652336
0.03981	0.0015853299
0.040972695	0.0015201273
0.042169347	0.0014567059
0.04340095	0.0013950506
0.044668525	0.0013351459
0.04597312	0.001276976
0.047315817	0.0012205242
0.04869773	0.0011657737
0.05012	0.0011127067
0.0515838	0.001061305
0.053090356	0.0010115494
0.05464091	9.6341997E-4
0.05623675	9.1689616E-4
0.0578792	8.719566E-4
0.059569612	8.2857924E-4
0.0613094	7.8674115E-4
0.0631	7.4641866E-4
0.06494172	7.076114E-4
0.066837184	6.7026814E-4
0.06878798	6.3436315E-4
0.070795715	5.9986964E-4
0.072862044	5.6676037E-4
0.074988686	5.350073E-4
0.077177405	5.045817E-4
0.07943	4.754545E-4
0.08174976	4.4757928E-4
0.08413727	4.2094363E-4
0.08659451	3.955167E-4
0.08912351	3.7126712E-4
0.09172637	3.4816316E-4
0.09440525	3.2617283E-4
0.097162366	3.0526373E-4
0.1	2.8540337E-4
0.102919795	2.6656344E-4
0.10592484	2.487062E-4
0.109017625	2.3179877E-4
0.112200715	2.1580831E-4
0.11547674	2.0070201E-4
0.11884842	1.8644719E-4
0.12231855	1.7301136E-4
0.12589	1.6036228E-4
0.12956645	1.4846573E-4
0.13335027	1.372926E-4
0.13724458	1.268117E-4
0.14125264	1.16992225E-4
0.14537773	1.0780392E-4
0.14962329	9.921706E-5
0.15399285	9.1202535E-5
0.15849	8.3731866E-5
0.16311829	7.677751E-5
0.16788174	7.0312075E-5
0.17278428	6.4309184E-5
0.17783	5.8743277E-5
0.18302307	5.3589563E-5
0.18836778	4.8824084E-5
0.19386858	4.4423705E-5
0.19953	4.036615E-5
0.20535603	3.6630438E-5
0.21135218	3.3195498E-5
0.21752341	3.0041661E-5
0.22387484	2.7150116E-5
0.23041171	2.4502922E-5
0.23713945	2.2082995E-5
0.24406363	1.9874107E-5
0.25119	1.7860864E-5
0.25852492	1.6028582E-5
0.26607406	1.4363634E-5
0.27384362	1.2853047E-5
0.28184006	1.1484612E-5
0.29007	1.0246866E-5
0.29854023	9.129066E-6
0.30725783	8.1211665E-6
0.31623	7.2137905E-6
0.32546407	6.398208E-6
0.33496782	5.666291E-6
0.34474903	5.010507E-6
0.3548159	4.4238786E-6
0.3651767	3.8999597E-6
0.37584007	3.4328045E-6
0.3868148	3.0169415E-6
0.39811	2.647344E-6
0.40973493	2.3194063E-6
0.42169935	2.0289106E-6
0.4340131	1.7720076E-6
0.44668642	1.5451907E-6
0.4597298	1.3452702E-6
0.47315407	1.1693521E-6
0.4869703	1.0148146E-6
0.50119	8.792882E-7
0.5158249	7.6063515E-7
0.5308872	6.569309E-7
0.5463893	5.664467E-7
0.5623441	4.876319E-7
0.57876474	4.1909908E-7
0.59566486	3.5960934E-7
0.61305845	3.0805816E-7
0.63096	2.6346348E-7
0.6493842	2.2495317E-7
0.6683464	1.917548E-7
0.6878623	1.631853E-7
0.7079481	1.3864208E-7
0.72862035	1.1759454E-7
0.7498962	9.9576226E-8
0.7717934	8.4178225E-8
0.79433	7.104252E-8
0.8175246	5.985638E-8
0.8413966	5.034721E-8
0.86596555	4.2277794E-8
0.8912519	3.5442206E-8
0.9172767	2.9661946E-8
0.9440614	2.4782747E-8
0.97162825	2.0671393E-8
1.0	1.7213155E-8
1.029201	1.430937E-8
1.0592546	1.18754535E-8
1.090186	9.839009E-9
1.1220205	8.138113E-9
1.1547846	6.7199935E-9
1.1885055	5.539709E-9
1.223211	4.5590833E-9
1.25893	3.7457912E-9
1.2956905	3.072497E-9
1.3335243	2.5160205E-9
1.3724631	2.0569102E-9
1.4125386	1.6788011E-9
1.4537846	1.3679254E-9
1.4962348	1.1127913E-9
1.5399245	9.0374674E-10
1.58489	7.3276585E-10
1.6311698	5.931593E-10
1.678801	4.793689E-10
1.727823	3.8677206E-10
1.7782766	3.11556E-10
1.8302034	2.505529E-10
1.8836465	2.0117341E-10
1.9386501	1.6126633E-10
1.99526	1.2904444E-10
2.0535233	1.0308987E-10
2.113488	8.223855E-11
2.1752036	6.546741E-11
2.2387214	5.203893E-11
2.304094	4.1278536E-11
2.3713756	3.268752E-11
2.4406219	2.5836555E-11
2.51189	2.0384694E-11
2.5852382	1.6039503E-11
2.6607285	1.2597701E-11
2.7384229	9.8688835E-12
2.818386	7.724599E-12
2.900684	6.0266236E-12
2.9853854	4.685141E-12
3.0725598	3.639644E-12
3.16228	2.8139713E-12
3.2546198	2.165268E-12
3.3496559	1.6635582E-12
3.447467	1.2749801E-12
3.5481343	9.763301E-13
3.6517413	7.361889E-13
3.7583735	5.5977445E-13
3.8681195	4.1899817E-13
3.98107	3.1530334E-13
4.097319	2.3325786E-13
4.2169633	1.7608137E-13
4.340101	1.2900792E-13
4.466834	9.592327E-14
4.5972676	7.1054274E-14
4.7315106	5.3179683E-14
4.869673	3.808065E-14
5.01187	2.7422509E-14
5.1582193	1.931788E-14
5.3088417	1.398881E-14
5.463863	9.769963E-15
5.62341	6.8833828E-15
5.7876167	4.6629367E-15
5.9566183	3.7747583E-15
6.1305547	2.7755576E-15
6.30957	1.8873791E-15
6.493813	7.771561E-16
6.683436	4.440892E-16
6.878596	3.330669E-16
7.079455	3.330669E-16
7.286179	0.0
7.4989395	0.0
7.7179127	0.0
7.94328	0.0
8.175228	0.0
8.41395	0.0
8.659641	0.0
8.912508	0.0
9.172758	0.0
9.440608	0.0
9.716279	0.0
10.0	0.0



DATASET #2

Name: RSQSim
Num Points: 401
Info: 

X, Y Data:
1.0E-4	0.08475444
1.0333392E-4	0.08470344
1.06779E-4	0.08464791
1.1033893E-4	0.084587544
1.14017545E-4	0.084522024
1.178188E-4	0.08445102
1.2174679E-4	0.08437419
1.2580573E-4	0.08429119
1.3E-4	0.08420165
1.334183E-4	0.084125906
1.369265E-4	0.084045656
1.4052694E-4	0.0839607
1.4422205E-4	0.08387085
1.4801433E-4	0.08377591
1.5190631E-4	0.083675675
1.5590065E-4	0.08356995
1.6E-4	0.083458535
1.645257E-4	0.083332226
1.691794E-4	0.08319885
1.7396474E-4	0.083058156
1.7888544E-4	0.0829099
1.8394532E-4	0.0827538
1.8914833E-4	0.08258963
1.944985E-4	0.082417116
2.0E-4	0.08223602
2.0565712E-4	0.08204609
2.1147425E-4	0.08184709
2.1745593E-4	0.08163876
2.236068E-4	0.08142087
2.2993165E-4	0.081193194
2.364354E-4	0.080955505
2.4312311E-4	0.08070758
2.5E-4	0.08044921
2.5783465E-4	0.08015096
2.659148E-4	0.079839416
2.742482E-4	0.079514325
2.8284272E-4	0.07917545
2.917066E-4	0.07882257
3.0084825E-4	0.078455485
3.102764E-4	0.078074016
3.2E-4	0.077677995
3.290514E-4	0.07730739
3.383588E-4	0.076924674
3.4792948E-4	0.07652979
3.5777088E-4	0.07612268
3.6789064E-4	0.075703286
3.7829665E-4	0.075271584
3.88997E-4	0.07482756
4.0E-4	0.074371226
4.1131425E-4	0.0739026
4.229485E-4	0.073421724
4.3491187E-4	0.07292866
4.472136E-4	0.07242347
4.598633E-4	0.07190627
4.728708E-4	0.07137716
4.8624622E-4	0.070836276
5.0E-4	0.07028377
5.1465514E-4	0.06969946
5.2973983E-4	0.06910308
5.4526667E-4	0.06849485
5.612486E-4	0.06787503
5.77699E-4	0.06724388
5.946315E-4	0.0666017
6.120603E-4	0.0659488
6.3E-4	0.06528551
6.4807665E-4	0.06462627
6.6667196E-4	0.06395773
6.858008E-4	0.06328027
7.0547854E-4	0.06259426
7.257209E-4	0.061900076
7.465441E-4	0.06119813
7.6796475E-4	0.06048883
7.9E-4	0.059772607
8.136239E-4	0.0590197
8.379543E-4	0.05826025
8.630122E-4	0.057494763
8.8881946E-4	0.05672376
9.153984E-4	0.05594776
9.427722E-4	0.055167295
9.7096455E-4	0.054382898
0.001	0.053595103
0.0010293103	0.052819937
0.0010594797	0.052042525
0.0010905333	0.051263373
0.0011224973	0.05048298
0.001155398	0.04970184
0.001189263	0.048920445
0.0012241206	0.04813928
0.00126	0.04735882
0.0012961533	0.046595696
0.0013333439	0.04583413
0.0013716016	0.04507454
0.0014109571	0.044317335
0.0014514418	0.04356291
0.0014930882	0.042811662
0.0015359295	0.04206396
0.00158	0.04132016
0.0016272478	0.040549967
0.0016759086	0.03978477
0.0017260244	0.039024923
0.0017776389	0.038270775
0.0018307968	0.037522648
0.0018855444	0.036780853
0.0019419291	0.036045678
0.002	0.035317395
0.0020575977	0.034622405
0.002116854	0.033934265
0.002177817	0.033253174
0.0022405356	0.032579318
0.0023050604	0.03191286
0.0023714434	0.031253953
0.0024397383	0.030602744
0.00251	0.029959353
0.0025833033	0.02931513
0.0026587474	0.028679168
0.0027363948	0.028051557
0.0028163097	0.027432375
0.0028985585	0.026821688
0.0029832094	0.02621955
0.0030703326	0.025626006
0.00316	0.025041087
0.0032524571	0.024463769
0.0033476194	0.023895143
0.003445566	0.02333521
0.0035463783	0.022783967
0.0036501405	0.022241397
0.0037569385	0.02170748
0.003866861	0.02118219
0.00398	0.02066549
0.004096165	0.02015855
0.0042157196	0.019660069
0.0043387646	0.019169996
0.0044654002	0.018688275
0.0045957323	0.01821484
0.0047298684	0.017749632
0.0048679197	0.017292578
0.00501	0.016843608
0.005156579	0.016401608
0.0053074467	0.015967578
0.005462728	0.015541435
0.0056225527	0.015123098
0.0057870536	0.0147124855
0.005956367	0.014309511
0.0061306343	0.013914088
0.00631	0.013526132
0.006493865	0.013147064
0.0066830874	0.01277523
0.0068778237	0.012410546
0.007078234	0.012052925
0.0072844843	0.011702284
0.0074967444	0.011358537
0.00771519	0.011021601
0.00794	0.010691393
0.008172275	0.010366585
0.008411343	0.010048393
0.008657407	0.009736737
0.008910668	0.00943154
0.009171338	0.009132721
0.009439633	0.008840208
0.009715778	0.008553924
0.01	0.008273796
0.010292081	0.008000171
0.010592694	0.007732543
0.010902087	0.0074708457
0.011220517	0.007215012
0.011548247	0.0069649774
0.011885551	0.006720679
0.012232705	0.006482055
0.01259	0.006249044
0.012957647	0.0060216375
0.013336032	0.0057997243
0.013725464	0.005583247
0.01412627	0.0053721503
0.014538779	0.0051663774
0.014963334	0.004965874
0.015400288	0.004770585
0.01585	0.0045804563
0.016312422	0.0043955985
0.016788337	0.0042157834
0.017278135	0.004040958
0.017782224	0.0038710672
0.01830102	0.0037060569
0.01883495	0.0035458717
0.019384459	0.0033904556
0.01995	0.003239752
0.020533005	0.0030934685
0.021133045	0.0029517962
0.021750621	0.0028146747
0.022386245	0.0026820428
0.023040446	0.0025538376
0.023713762	0.0024299948
0.024406755	0.0023104493
0.02512	0.0021951331
0.025853088	0.0020841248
0.02660757	0.0019771964
0.027384069	0.0018742759
0.02818323	0.0017752902
0.029005712	0.0016801646
0.029852198	0.0015888226
0.030723387	0.0015011862
0.03162	0.0014171762
0.032543603	0.0013366424
0.033494186	0.0012595783
0.034472536	0.0011859002
0.03547946	0.0011155235
0.0365158	0.0010483627
0.03758241	9.84331E-4
0.03868017	9.233412E-4
0.03981	8.6530525E-4
0.040972695	8.1014086E-4
0.042169347	7.577524E-4
0.04340095	7.0805073E-4
0.044668525	6.609468E-4
0.04597312	6.1635155E-4
0.047315817	5.741762E-4
0.04869773	5.3433224E-4
0.05012	4.967319E-4
0.0515838	4.6128815E-4
0.053090356	4.2791435E-4
0.05464091	3.9652523E-4
0.05623675	3.6703644E-4
0.0578792	3.39365E-4
0.059569612	3.134293E-4
0.0613094	2.8914917E-4
0.0631	2.6644615E-4
0.06494172	2.452563E-4
0.066837184	2.2548994E-4
0.06878798	2.0707419E-4
0.070795715	1.8993803E-4
0.072862044	1.7401256E-4
0.074988686	1.5923094E-4
0.077177405	1.4552857E-4
0.07943	1.3284296E-4
0.08174976	1.2110715E-4
0.08413727	1.1027103E-4
0.08659451	1.0027885E-4
0.08912351	9.107715E-5
0.09172637	8.261476E-5
0.09440525	7.484281E-5
0.097162366	6.7714675E-5
0.1	6.1185994E-5
0.102919795	5.5215984E-5
0.10592484	4.976304E-5
0.109017625	4.478934E-5
0.112200715	4.0259147E-5
0.11547674	3.6138747E-5
0.11884842	3.2396412E-5
0.12231855	2.900231E-5
0.12589	2.5928475E-5
0.12956645	2.3148197E-5
0.13335027	2.0637615E-5
0.13724458	1.8373881E-5
0.14125264	1.6335724E-5
0.14537773	1.4503376E-5
0.14962329	1.2858498E-5
0.15399285	1.1384109E-5
0.15849	1.0064516E-5
0.16311829	8.885288E-6
0.16788174	7.833036E-6
0.17278428	6.8955096E-6
0.17783	6.061469E-6
0.18302307	5.320622E-6
0.18836778	4.6635632E-6
0.19386858	4.0817094E-6
0.19953	3.567247E-6
0.20535603	3.1131242E-6
0.21135218	2.7128328E-6
0.21752341	2.3605392E-6
0.22387484	2.0509704E-6
0.23041171	1.779369E-6
0.23713945	1.5414508E-6
0.24406363	1.3333652E-6
0.25119	1.1516566E-6
0.25852492	9.932215E-7
0.26607406	8.5530604E-7
0.27384362	7.3544186E-7
0.28184006	6.314308E-7
0.29007	5.413188E-7
0.29854023	4.633721E-7
0.30725783	3.9605501E-7
0.31623	3.3801015E-7
0.32546407	2.8804004E-7
0.33496782	2.4508927E-7
0.34474903	2.0823035E-7
0.3548159	1.7664944E-7
0.3651767	1.4963365E-7
0.37584007	1.2655971E-7
0.3868148	1.0688371E-7
0.39811	9.0131785E-8
0.40973493	7.5892046E-8
0.42169935	6.380678E-8
0.4340131	5.35662E-8
0.44668642	4.4902393E-8
0.4597298	3.7584105E-8
0.47315407	3.141207E-8
0.4869703	2.6214902E-8
0.50119	2.1845457E-8
0.5158249	1.8177623E-8
0.5308872	1.510353E-8
0.5463893	1.253105E-8
0.5623441	1.0381661E-8
0.57876474	8.588533E-9
0.59566486	7.0949073E-9
0.61305845	5.8526552E-9
0.63096	4.821042E-9
0.6493842	3.96565E-9
0.6683464	3.257436E-9
0.6878623	2.6719582E-9
0.7079481	2.1886644E-9
0.72862035	1.7903099E-9
0.7498962	1.462451E-9
0.7717934	1.1930044E-9
0.79433	9.718837E-10
0.8175246	7.906883E-10
0.8413966	6.4241523E-10
0.86596555	5.212609E-10
0.8912519	4.223999E-10
0.9172767	3.41846E-10
0.9440614	2.7629932E-10
0.97162825	2.2303503E-10
1.0	1.7981161E-10
1.029201	1.4478352E-10
1.0592546	1.1643497E-10
1.090186	9.35253E-11
1.1220205	7.5029316E-11
1.1547846	6.012235E-11
1.1885055	4.8118842E-11
1.223211	3.8466896E-11
1.25893	3.0715652E-11
1.2956905	2.4498958E-11
1.3335243	1.9518165E-11
1.3724631	1.5533463E-11
1.4125386	1.2348567E-11
1.4537846	9.805934E-12
1.4962348	7.777556E-12
1.5399245	6.162182E-12
1.58489	4.8760995E-12
1.6311698	3.858247E-12
1.678801	3.046452E-12
1.727823	2.4037439E-12
1.7782766	1.8954838E-12
1.8302034	1.4913626E-12
1.8836465	1.174727E-12
1.9386501	9.221512E-13
1.99526	7.237544E-13
2.0535233	5.679901E-13
2.113488	4.4286796E-13
2.1752036	3.4761083E-13
2.2387214	2.7156055E-13
2.304094	2.1271873E-13
2.3713756	1.6620039E-13
2.4406219	1.284528E-13
2.51189	1.0080825E-13
2.5852382	7.760459E-14
2.6607285	6.039613E-14
2.7384229	4.6629367E-14
2.818386	3.5527137E-14
2.900684	2.7866598E-14
2.9853854	2.0206059E-14
3.0725598	1.5654145E-14
3.16228	1.23234756E-14
3.2546198	8.881784E-15
3.3496559	5.440093E-15
3.447467	3.2196468E-15
3.5481343	1.6653345E-15
3.6517413	8.881784E-16
3.7583735	6.661338E-16
3.8681195	4.440892E-16
3.98107	0.0
4.097319	0.0
4.2169633	0.0
4.340101	0.0
4.466834	0.0
4.5972676	0.0
4.7315106	0.0
4.869673	0.0
5.01187	0.0
5.1582193	0.0
5.3088417	0.0
5.463863	0.0
5.62341	0.0
5.7876167	0.0
5.9566183	0.0
6.1305547	0.0
6.30957	0.0
6.493813	0.0
6.683436	0.0
6.878596	0.0
7.079455	0.0
7.286179	0.0
7.4989395	0.0
7.7179127	0.0
7.94328	0.0
8.175228	0.0
8.41395	0.0
8.659641	0.0
8.912508	0.0
9.172758	0.0
9.440608	0.0
9.716279	0.0
10.0	0.0



DATASET #3

Name: 1000yr
Num Points: 2
Info: 

X, Y Data:
0.001	0.001
10.0	0.001



DATASET #4

Name: 2500yr
Num Points: 2
Info: 

X, Y Data:
0.001	4.0E-4
10.0	4.0E-4



DATASET #5

Name: 10000yr
Num Points: 2
Info: 

X, Y Data:
0.001	1.0E-4
10.0	1.0E-4


