
X-Axis: 10.0s SA (g)
Y-Axis: Annual Probabilitiy
Number of Data Sets: 5


DATASET #1

Name: UCERF3
Num Points: 401
Info: 

X, Y Data:
1.0E-4	0.050669417
1.0333392E-4	0.050635256
1.06779E-4	0.05059804
1.1033893E-4	0.05055757
1.14017545E-4	0.050513625
1.178188E-4	0.050465997
1.2174679E-4	0.050414454
1.2580573E-4	0.050358772
1.3E-4	0.05029871
1.334183E-4	0.050247915
1.369265E-4	0.050194103
1.4052694E-4	0.05013716
1.4422205E-4	0.050076954
1.4801433E-4	0.050013367
1.5190631E-4	0.049946275
1.5590065E-4	0.049875546
1.6E-4	0.04980106
1.645257E-4	0.04971668
1.691794E-4	0.04962766
1.7396474E-4	0.049533848
1.7888544E-4	0.049435094
1.8394532E-4	0.04933124
1.8914833E-4	0.04922215
1.944985E-4	0.049107667
2.0E-4	0.04898766
2.0565712E-4	0.048861988
2.1147425E-4	0.048730515
2.1745593E-4	0.04859312
2.236068E-4	0.04844967
2.2993165E-4	0.048300054
2.364354E-4	0.048144158
2.4312311E-4	0.04798188
2.5E-4	0.04781312
2.5783465E-4	0.047618765
2.659148E-4	0.04741625
2.742482E-4	0.047205485
2.8284272E-4	0.046986375
2.917066E-4	0.04675885
3.0084825E-4	0.046522845
3.102764E-4	0.046278317
3.2E-4	0.046025235
3.290514E-4	0.04578909
3.383588E-4	0.045545936
3.4792948E-4	0.045295782
3.5777088E-4	0.045038648
3.6789064E-4	0.04477456
3.7829665E-4	0.04450355
3.88997E-4	0.044225678
4.0E-4	0.043940995
4.1131425E-4	0.043649573
4.229485E-4	0.043351486
4.3491187E-4	0.04304683
4.472136E-4	0.042735696
4.598633E-4	0.042418197
4.728708E-4	0.042094447
4.8624622E-4	0.041764576
5.0E-4	0.04142871
5.1465514E-4	0.041074697
5.2973983E-4	0.040714577
5.4526667E-4	0.040348537
5.612486E-4	0.039976753
5.77699E-4	0.03959943
5.946315E-4	0.03921676
6.120603E-4	0.038828958
6.3E-4	0.038436234
6.4807665E-4	0.03804711
6.6667196E-4	0.037653692
6.858008E-4	0.037256196
7.0547854E-4	0.036854845
7.257209E-4	0.036449865
7.465441E-4	0.036041476
7.6796475E-4	0.03562991
7.9E-4	0.0352154
8.136239E-4	0.03478077
8.379543E-4	0.034343462
8.630122E-4	0.033903733
8.8881946E-4	0.033461843
9.153984E-4	0.03301806
9.427722E-4	0.032572635
9.7096455E-4	0.032125823
0.001	0.031677887
0.0010293103	0.031237852
0.0010594797	0.0307972
0.0010905333	0.03035616
0.0011224973	0.02991495
0.001155398	0.029473789
0.001189263	0.029032888
0.0012241206	0.028592452
0.00126	0.028152678
0.0012961533	0.027722863
0.0013333439	0.027294045
0.0013716016	0.02686639
0.0014109571	0.02644006
0.0014514418	0.026015209
0.0014930882	0.025591988
0.0015359295	0.025170539
0.00158	0.024750995
0.0016272478	0.024316175
0.0016759086	0.023883702
0.0017260244	0.023453707
0.0017776389	0.02302631
0.0018307968	0.022601632
0.0018855444	0.022179779
0.0019419291	0.021760855
0.002	0.021344956
0.0020575977	0.020947153
0.002116854	0.020552317
0.002177817	0.02016052
0.0022405356	0.01977183
0.0023050604	0.019386305
0.0023714434	0.019004008
0.0024397383	0.018624991
0.00251	0.018249307
0.0025833033	0.01787186
0.0026587474	0.017497938
0.0027363948	0.017127587
0.0028163097	0.016760848
0.0028985585	0.016397765
0.0029832094	0.016038377
0.0030703326	0.01568272
0.00316	0.015330832
0.0032524571	0.014982117
0.0033476194	0.014637255
0.003445566	0.014296278
0.0035463783	0.013959221
0.0036501405	0.013626114
0.0037569385	0.013296989
0.003866861	0.012971876
0.00398	0.0126508055
0.004096165	0.012334566
0.0042157196	0.012022405
0.0043387646	0.011714352
0.0044654002	0.011410434
0.0045957323	0.011110676
0.0047298684	0.010815105
0.0048679197	0.010523744
0.00501	0.010236617
0.005156579	0.00995308
0.0053074467	0.00967384
0.005462728	0.009398919
0.0056225527	0.009128332
0.0057870536	0.008862101
0.005956367	0.008600238
0.0061306343	0.00834276
0.00631	0.008089678
0.006493865	0.00784199
0.0066830874	0.007598685
0.0068778237	0.007359771
0.007078234	0.0071252533
0.0072844843	0.006895137
0.0074967444	0.0066694254
0.00771519	0.006448119
0.00794	0.0062312176
0.008172275	0.0060179005
0.008411343	0.0058090165
0.008657407	0.00560456
0.008910668	0.0054045236
0.009171338	0.0052088974
0.009439633	0.0050176717
0.009715778	0.0048308335
0.01	0.0046483683
0.010292081	0.004470531
0.010592694	0.00429702
0.010902087	0.0041278168
0.011220517	0.0039629005
0.011548247	0.0038022483
0.011885551	0.0036458364
0.012232705	0.0034936382
0.01259	0.0033456266
0.012957647	0.0032018034
0.013336032	0.0030621036
0.013725464	0.0029264942
0.01412627	0.0027949403
0.014538779	0.0026674045
0.014963334	0.0025438478
0.015400288	0.0024242294
0.01585	0.0023085058
0.016312422	0.002196731
0.016788337	0.002088752
0.017278135	0.0019845197
0.017782224	0.0018839822
0.01830102	0.0017870865
0.01883495	0.0016937768
0.019384459	0.0016039954
0.01995	0.0015176826
0.020533005	0.0014346439
0.021133045	0.0013549589
0.021750621	0.0012785615
0.022386245	0.0012053838
0.023040446	0.0011353561
0.023713762	0.0010684071
0.024406755	0.0010044635
0.02512	9.43451E-4
0.025853088	8.8537E-4
0.02660757	8.3005993E-4
0.027384069	7.774428E-4
0.02818323	7.274401E-4
0.029005712	6.799723E-4
0.029852198	6.349593E-4
0.030723387	5.9232063E-4
0.03162	5.5197557E-4
0.032543603	5.138106E-4
0.033494186	4.7778132E-4
0.034472536	4.4380696E-4
0.03547946	4.1180727E-4
0.0365158	3.8170247E-4
0.03758241	3.5341363E-4
0.03868017	3.2686268E-4
0.03981	3.0197256E-4
0.040972695	2.7867008E-4
0.042169347	2.5687786E-4
0.04340095	2.3652287E-4
0.044668525	2.1753373E-4
0.04597312	1.998407E-4
0.047315817	1.8337586E-4
0.04869773	1.6807315E-4
0.05012	1.5386849E-4
0.0515838	1.4069985E-4
0.053090356	1.2850715E-4
0.05464091	1.1723253E-4
0.05623675	1.0682025E-4
0.0578792	9.7216776E-5
0.059569612	8.837078E-5
0.0613094	8.023313E-5
0.0631	7.2756884E-5
0.06494172	6.590144E-5
0.066837184	5.9619386E-5
0.06878798	5.387035E-5
0.070795715	4.861607E-5
0.072862044	4.3820346E-5
0.074988686	3.9448973E-5
0.077177405	3.5469726E-5
0.07943	3.185227E-5
0.08174976	2.8566234E-5
0.08413727	2.5587155E-5
0.08659451	2.289E-5
0.08912351	2.0451389E-5
0.09172637	1.824952E-5
0.09440525	1.6264106E-5
0.097162366	1.4476302E-5
0.1	1.2868626E-5
0.102919795	1.1425233E-5
0.10592484	1.0130773E-5
0.109017625	8.971463E-6
0.112200715	7.934615E-6
0.11547674	7.008562E-6
0.11884842	6.1826004E-6
0.12231855	5.4469233E-6
0.12589	4.7925637E-6
0.12956645	4.2112283E-6
0.13335027	3.6955869E-6
0.13724458	3.2388473E-6
0.14125264	2.8348409E-6
0.14537773	2.4779742E-6
0.14962329	2.1631838E-6
0.15399285	1.8858946E-6
0.15849	1.6419782E-6
0.16311829	1.4277256E-6
0.16788174	1.2397828E-6
0.17278428	1.0751489E-6
0.17783	9.311349E-7
0.18302307	8.0533437E-7
0.18836778	6.955978E-7
0.19386858	6.000082E-7
0.19953	5.168588E-7
0.20535603	4.4464036E-7
0.21135218	3.8199636E-7
0.21752341	3.2773386E-7
0.22387484	2.807981E-7
0.23041171	2.402573E-7
0.23713945	2.0528954E-7
0.24406363	1.751716E-7
0.25119	1.4926782E-7
0.25852492	1.2701885E-7
0.26607406	1.07937595E-7
0.27384362	9.159654E-8
0.28184006	7.762224E-8
0.29007	6.568896E-8
0.29854023	5.5513226E-8
0.30725783	4.6848726E-8
0.31623	3.948162E-8
0.32546407	3.32267E-8
0.33496782	2.7923729E-8
0.34474903	2.343434E-8
0.3548159	1.9639195E-8
0.3651767	1.6435603E-8
0.37584007	1.3735315E-8
0.3868148	1.1462546E-8
0.39811	9.552395E-9
0.40973493	7.949362E-9
0.42169935	6.6060135E-9
0.4340131	5.481941E-9
0.44668642	4.5427284E-9
0.4597298	3.7591246E-9
0.47315407	3.1062766E-9
0.4869703	2.5631914E-9
0.50119	2.1120798E-9
0.5158249	1.7378803E-9
0.5308872	1.4279836E-9
0.5463893	1.1716824E-9
0.5623441	9.600103E-10
0.57876474	7.854778E-10
0.59566486	6.41737E-10
0.61305845	5.2357063E-10
0.63096	4.2656245E-10
0.6493842	3.4702607E-10
0.6683464	2.8193192E-10
0.6878623	2.2869484E-10
0.7079481	1.8524904E-10
0.72862035	1.4983648E-10
0.7498962	1.2101042E-10
0.7717934	9.7585495E-11
0.79433	7.8580475E-11
0.8175246	6.315648E-11
0.8413966	5.0680793E-11
0.86596555	4.0608295E-11
0.8912519	3.247891E-11
0.9172767	2.5929814E-11
0.9440614	2.0649593E-11
0.97162825	1.6427193E-11
1.0	1.3010704E-11
1.029201	1.0302981E-11
1.0592546	8.1313845E-12
1.090186	6.3948846E-12
1.1220205	5.0255355E-12
1.1547846	3.928524E-12
1.1885055	3.0752068E-12
1.223211	2.389533E-12
1.25893	1.8541835E-12
1.2956905	1.4399593E-12
1.3335243	1.1138868E-12
1.3724631	8.616441E-13
1.4125386	6.634693E-13
1.4537846	5.093703E-13
1.4962348	3.912426E-13
1.5399245	3.0198066E-13
1.58489	2.304823E-13
1.6311698	1.7430501E-13
1.678801	1.3400392E-13
1.727823	1.0236256E-13
1.7782766	7.771561E-14
1.8302034	5.9063865E-14
1.8836465	4.4630966E-14
1.9386501	3.330669E-14
1.99526	2.5646152E-14
2.0535233	1.8429702E-14
2.113488	1.3544721E-14
2.1752036	9.547918E-15
2.2387214	7.5495166E-15
2.304094	5.2180482E-15
2.3713756	3.8857806E-15
2.4406219	2.8865799E-15
2.51189	2.1094237E-15
2.5852382	1.4432899E-15
2.6607285	7.771561E-16
2.7384229	4.440892E-16
2.818386	4.440892E-16
2.900684	2.220446E-16
2.9853854	2.220446E-16
3.0725598	1.110223E-16
3.16228	1.110223E-16
3.2546198	0.0
3.3496559	0.0
3.447467	0.0
3.5481343	0.0
3.6517413	0.0
3.7583735	0.0
3.8681195	0.0
3.98107	0.0
4.097319	0.0
4.2169633	0.0
4.340101	0.0
4.466834	0.0
4.5972676	0.0
4.7315106	0.0
4.869673	0.0
5.01187	0.0
5.1582193	0.0
5.3088417	0.0
5.463863	0.0
5.62341	0.0
5.7876167	0.0
5.9566183	0.0
6.1305547	0.0
6.30957	0.0
6.493813	0.0
6.683436	0.0
6.878596	0.0
7.079455	0.0
7.286179	0.0
7.4989395	0.0
7.7179127	0.0
7.94328	0.0
8.175228	0.0
8.41395	0.0
8.659641	0.0
8.912508	0.0
9.172758	0.0
9.440608	0.0
9.716279	0.0
10.0	0.0



DATASET #2

Name: RSQSim
Num Points: 401
Info: 

X, Y Data:
1.0E-4	0.08421293
1.0333392E-4	0.08416515
1.06779E-4	0.08411298
1.1033893E-4	0.08405612
1.14017545E-4	0.08399423
1.178188E-4	0.08392699
1.2174679E-4	0.083854035
1.2580573E-4	0.083775006
1.3E-4	0.083689526
1.334183E-4	0.083617054
1.369265E-4	0.0835401
1.4052694E-4	0.08345847
1.4422205E-4	0.08337195
1.4801433E-4	0.083280355
1.5190631E-4	0.083183445
1.5590065E-4	0.08308102
1.6E-4	0.08297287
1.645257E-4	0.08285
1.691794E-4	0.08271998
1.7396474E-4	0.08258254
1.7888544E-4	0.082437396
1.8394532E-4	0.08228427
1.8914833E-4	0.082122885
1.944985E-4	0.08195295
2.0E-4	0.081774205
2.0565712E-4	0.08158637
2.1147425E-4	0.08138916
2.1745593E-4	0.08118231
2.236068E-4	0.080965556
2.2993165E-4	0.08073863
2.364354E-4	0.08050127
2.4312311E-4	0.08025324
2.5E-4	0.07999429
2.5783465E-4	0.0796948
2.659148E-4	0.07938134
2.742482E-4	0.07905362
2.8284272E-4	0.07871135
2.917066E-4	0.078354284
3.0084825E-4	0.07798215
3.102764E-4	0.077594735
3.2E-4	0.07719183
3.290514E-4	0.07681414
3.383588E-4	0.07642351
3.4792948E-4	0.07601984
3.5777088E-4	0.07560303
3.6789064E-4	0.075173
3.7829665E-4	0.074729696
3.88997E-4	0.07427307
4.0E-4	0.07380311
4.1131425E-4	0.07331979
4.229485E-4	0.07282314
4.3491187E-4	0.072313175
4.472136E-4	0.07178994
4.598633E-4	0.07125352
4.728708E-4	0.070704
4.8624622E-4	0.070141464
5.0E-4	0.06956606
5.1465514E-4	0.06895669
5.2973983E-4	0.06833384
5.4526667E-4	0.06769772
5.612486E-4	0.06704856
5.77699E-4	0.066386595
5.946315E-4	0.0657121
6.120603E-4	0.06502536
6.3E-4	0.06432669
6.4807665E-4	0.063631274
6.6667196E-4	0.06292505
6.858008E-4	0.06220836
7.0547854E-4	0.06148156
7.257209E-4	0.06074503
7.465441E-4	0.059999153
7.6796475E-4	0.05924433
7.9E-4	0.058480978
8.136239E-4	0.05767728
8.379543E-4	0.056865282
8.630122E-4	0.05604549
8.8881946E-4	0.055218432
9.153984E-4	0.054384626
9.427722E-4	0.05354461
9.7096455E-4	0.052698936
0.001	0.051848147
0.0010293103	0.051009573
0.0010594797	0.050167147
0.0010905333	0.0493214
0.0011224973	0.048472863
0.001155398	0.04762207
0.001189263	0.046769556
0.0012241206	0.04591585
0.00126	0.04506148
0.0012961533	0.044224713
0.0013333439	0.043388307
0.0013716016	0.042552747
0.0014109571	0.041718513
0.0014514418	0.040886078
0.0014930882	0.04005591
0.0015359295	0.03922847
0.00158	0.038404204
0.0016272478	0.037549533
0.0016759086	0.03669928
0.0017260244	0.03585393
0.0017776389	0.035013944
0.0018307968	0.03417978
0.0018855444	0.033351883
0.0019419291	0.032530673
0.002	0.03171657
0.0020575977	0.03093922
0.002116854	0.030169182
0.002177817	0.029406788
0.0022405356	0.028652357
0.0023050604	0.027906194
0.0023714434	0.027168592
0.0024397383	0.026439829
0.00251	0.025720168
0.0025833033	0.025000066
0.0026587474	0.024289828
0.0027363948	0.023589684
0.0028163097	0.022899853
0.0028985585	0.022220539
0.0029832094	0.02155193
0.0030703326	0.020894201
0.00316	0.020247513
0.0032524571	0.019610863
0.0033476194	0.018985573
0.003445566	0.018371765
0.0035463783	0.017769543
0.0036501405	0.017179003
0.0037569385	0.01660022
0.003866861	0.016033262
0.00398	0.015478183
0.004096165	0.014936318
0.0042157196	0.014406344
0.0043387646	0.01388828
0.0044654002	0.01338213
0.0045957323	0.01288789
0.0047298684	0.012405544
0.0048679197	0.011935063
0.00501	0.0114764115
0.005156579	0.0110284975
0.0053074467	0.010592364
0.005462728	0.010167944
0.0056225527	0.009755163
0.0057870536	0.009353938
0.005956367	0.008964171
0.0061306343	0.008585763
0.00631	0.008218606
0.006493865	0.007863982
0.0066830874	0.0075202775
0.0068778237	0.007187363
0.007078234	0.006865103
0.0072844843	0.0065533523
0.0074967444	0.006251963
0.00771519	0.0059607783
0.00794	0.005679639
0.008172275	0.0054073418
0.008411343	0.005144827
0.008657407	0.004891917
0.008910668	0.00464843
0.009171338	0.004414179
0.009439633	0.004188974
0.009715778	0.003972621
0.01	0.0037649237
0.010292081	0.0035659813
0.010592694	0.003375267
0.010902087	0.0031925773
0.011220517	0.0030177066
0.011548247	0.0028504478
0.011885551	0.0026905928
0.012232705	0.0025379322
0.01259	0.0023922564
0.012957647	0.0022533857
0.013336032	0.0021210772
0.013725464	0.0019951218
0.01412627	0.0018753108
0.014538779	0.0017614369
0.014963334	0.0016532943
0.015400288	0.0015506785
0.01585	0.0014533873
0.016312422	0.0013613013
0.016788337	0.0012741336
0.017278135	0.0011916902
0.017782224	0.00111378
0.01830102	0.0010402151
0.01883495	9.7081147E-4
0.019384459	9.053883E-4
0.01995	8.437691E-4
0.020533005	7.8568945E-4
0.021133045	7.3108386E-4
0.021750621	6.797876E-4
0.022386245	6.3164043E-4
0.023040446	5.864868E-4
0.023713762	5.441759E-4
0.024406755	5.0456164E-4
0.02512	4.675028E-4
0.025853088	4.3290813E-4
0.02660757	4.0059522E-4
0.027384069	3.7043812E-4
0.02818323	3.4231573E-4
0.029005712	3.1611184E-4
0.029852198	2.9171497E-4
0.030723387	2.6901855E-4
0.03162	2.479206E-4
0.032543603	2.2830717E-4
0.033494186	2.1010455E-4
0.034472536	1.9322422E-4
0.03547946	1.77582E-4
0.0365158	1.6309801E-4
0.03758241	1.4969648E-4
0.03868017	1.3730566E-4
0.03981	1.2585772E-4
0.040972695	1.1528973E-4
0.042169347	1.0553989E-4
0.04340095	9.655126E-5
0.044668525	8.827025E-5
0.04597312	8.064649E-5
0.047315817	7.363267E-5
0.04869773	6.718444E-5
0.05012	6.126025E-5
0.0515838	5.5821234E-5
0.053090356	5.083101E-5
0.05464091	4.625563E-5
0.05623675	4.2063424E-5
0.0578792	3.822488E-5
0.059569612	3.471252E-5
0.0613094	3.1500782E-5
0.0631	2.856591E-5
0.06494172	2.5887464E-5
0.066837184	2.3443085E-5
0.06878798	2.1213837E-5
0.070795715	1.9182187E-5
0.072862044	1.7331906E-5
0.074988686	1.5647985E-5
0.077177405	1.4116556E-5
0.07943	1.2724813E-5
0.08174976	1.1460214E-5
0.08413727	1.0312724E-5
0.08659451	9.272286E-6
0.08912351	8.329638E-6
0.09172637	7.47626E-6
0.09440525	6.7043156E-6
0.097162366	6.0066036E-6
0.1	5.3765107E-6
0.102919795	4.8080988E-6
0.10592484	4.295644E-6
0.109017625	3.834048E-6
0.112200715	3.4186405E-6
0.11547674	3.0451456E-6
0.11884842	2.7096523E-6
0.12231855	2.408586E-6
0.12589	2.1386807E-6
0.12956645	1.8969108E-6
0.13335027	1.680611E-6
0.13724458	1.4873018E-6
0.14125264	1.3147247E-6
0.14537773	1.160825E-6
0.14962329	1.0237345E-6
0.15399285	9.01756E-7
0.15849	7.933494E-7
0.16311829	6.971221E-7
0.16788174	6.1180435E-7
0.17278428	5.362516E-7
0.17783	4.6942915E-7
0.18302307	4.1040266E-7
0.18836778	3.5832923E-7
0.19386858	3.1244952E-7
0.19953	2.7208003E-7
0.20535603	2.3661043E-7
0.21135218	2.0548413E-7
0.21752341	1.7820666E-7
0.22387484	1.5433528E-7
0.23041171	1.3347396E-7
0.23713945	1.1526903E-7
0.24406363	9.9405014E-8
0.25119	8.560094E-8
0.25852492	7.360616E-8
0.26607406	6.3199664E-8
0.27384362	5.418462E-8
0.28184006	4.6386713E-8
0.29007	3.965183E-8
0.29854023	3.384396E-8
0.30725783	2.8843218E-8
0.31623	2.454411E-8
0.32546407	2.0853983E-8
0.33496782	1.7691521E-8
0.34474903	1.4985561E-8
0.3548159	1.2673873E-8
0.3651767	1.0702177E-8
0.37584007	9.023154E-9
0.3868148	7.595674E-9
0.39811	6.3840124E-9
0.40973493	5.3572227E-9
0.42169935	4.4885016E-9
0.4340131	3.754727E-9
0.44668642	3.1359475E-9
0.4597298	2.6149944E-9
0.47315407	2.1771336E-9
0.4869703	1.8097163E-9
0.50119	1.5019177E-9
0.5158249	1.2444932E-9
0.5308872	1.029552E-9
0.5463893	8.50383E-10
0.5623441	7.012837E-10
0.57876474	5.774079E-10
0.59566486	4.74664E-10
0.61305845	3.8958547E-10
0.63096	3.1925151E-10
0.6493842	2.612025E-10
0.6683464	2.1337554E-10
0.6878623	1.7402857E-10
0.7079481	1.4172052E-10
0.72862035	1.1522783E-10
0.7498962	9.354428E-11
0.7717934	7.582324E-11
0.79433	6.1364136E-11
0.8175246	4.9587112E-11
0.8413966	4.0009218E-11
0.86596555	3.2230774E-11
0.8912519	2.5927371E-11
0.9172767	2.0824453E-11
0.9440614	1.669942E-11
0.97162825	1.3371748E-11
1.0	1.0694556E-11
1.029201	8.53817E-12
1.0592546	6.806E-12
1.090186	5.4189986E-12
1.1220205	4.3076653E-12
1.1547846	3.4192649E-12
1.1885055	2.7101654E-12
1.223211	2.1445068E-12
1.25893	1.6950885E-12
1.2956905	1.3379298E-12
1.3335243	1.0548229E-12
1.3724631	8.298917E-13
1.4125386	6.5192296E-13
1.4537846	5.1159077E-13
1.4962348	4.0190073E-13
1.5399245	3.1441516E-13
1.58489	2.4580338E-13
1.6311698	1.9229063E-13
1.678801	1.4999113E-13
1.727823	1.1701751E-13
1.7782766	9.103829E-14
1.8302034	7.0166095E-14
1.8836465	5.4845017E-14
1.9386501	4.2077453E-14
1.99526	3.2640557E-14
2.0535233	2.5313085E-14
2.113488	1.9539925E-14
2.1752036	1.498801E-14
2.2387214	1.1435297E-14
2.304094	8.881784E-15
2.3713756	6.7723605E-15
2.4406219	5.440093E-15
2.51189	3.996803E-15
2.5852382	2.8865799E-15
2.6607285	2.1094237E-15
2.7384229	1.6653345E-15
2.818386	1.2212453E-15
2.900684	8.881784E-16
2.9853854	6.661338E-16
3.0725598	5.551115E-16
3.16228	3.330669E-16
3.2546198	2.220446E-16
3.3496559	1.110223E-16
3.447467	1.110223E-16
3.5481343	0.0
3.6517413	0.0
3.7583735	0.0
3.8681195	0.0
3.98107	0.0
4.097319	0.0
4.2169633	0.0
4.340101	0.0
4.466834	0.0
4.5972676	0.0
4.7315106	0.0
4.869673	0.0
5.01187	0.0
5.1582193	0.0
5.3088417	0.0
5.463863	0.0
5.62341	0.0
5.7876167	0.0
5.9566183	0.0
6.1305547	0.0
6.30957	0.0
6.493813	0.0
6.683436	0.0
6.878596	0.0
7.079455	0.0
7.286179	0.0
7.4989395	0.0
7.7179127	0.0
7.94328	0.0
8.175228	0.0
8.41395	0.0
8.659641	0.0
8.912508	0.0
9.172758	0.0
9.440608	0.0
9.716279	0.0
10.0	0.0



DATASET #3

Name: 1000yr
Num Points: 2
Info: 

X, Y Data:
0.001	0.001
10.0	0.001



DATASET #4

Name: 2500yr
Num Points: 2
Info: 

X, Y Data:
0.001	4.0E-4
10.0	4.0E-4



DATASET #5

Name: 10000yr
Num Points: 2
Info: 

X, Y Data:
0.001	1.0E-4
10.0	1.0E-4


