
X-Axis: 10.0s SA (g)
Y-Axis: Annual Probabilitiy
Number of Data Sets: 5


DATASET #1

Name: UCERF3
Num Points: 401
Info: 

X, Y Data:
1.0E-4	0.05106609
1.0333392E-4	0.051039804
1.06779E-4	0.051011086
1.1033893E-4	0.05097975
1.14017545E-4	0.050945614
1.178188E-4	0.050908495
1.2174679E-4	0.050868183
1.2580573E-4	0.050824486
1.3E-4	0.050777182
1.334183E-4	0.050737046
1.369265E-4	0.050694406
1.4052694E-4	0.05064915
1.4422205E-4	0.050601162
1.4801433E-4	0.050550327
1.5190631E-4	0.05049652
1.5590065E-4	0.050439622
1.6E-4	0.050379515
1.645257E-4	0.0503112
1.691794E-4	0.05023888
1.7396474E-4	0.0501624
1.7888544E-4	0.05008161
1.8394532E-4	0.049996346
1.8914833E-4	0.049906455
1.944985E-4	0.04981178
2.0E-4	0.049712174
2.0565712E-4	0.049607474
2.1147425E-4	0.049497534
2.1745593E-4	0.049382206
2.236068E-4	0.04926134
2.2993165E-4	0.04913479
2.364354E-4	0.04900242
2.4312311E-4	0.04886409
2.5E-4	0.048719667
2.5783465E-4	0.048552644
2.659148E-4	0.048377838
2.742482E-4	0.048195094
2.8284272E-4	0.04800426
2.917066E-4	0.04780519
3.0084825E-4	0.047597762
3.102764E-4	0.047381848
3.2E-4	0.04715734
3.290514E-4	0.04694692
3.383588E-4	0.046729334
3.4792948E-4	0.04650452
3.5777088E-4	0.046272427
3.6789064E-4	0.046033017
3.7829665E-4	0.04578626
3.88997E-4	0.04553213
4.0E-4	0.04527061
4.1131425E-4	0.0450017
4.229485E-4	0.0447254
4.3491187E-4	0.044441722
4.472136E-4	0.04415069
4.598633E-4	0.043852333
4.728708E-4	0.043546695
4.8624622E-4	0.04323382
5.0E-4	0.042913772
5.1465514E-4	0.0425748
5.2973983E-4	0.042228296
5.4526667E-4	0.04187435
5.612486E-4	0.041513067
5.77699E-4	0.04114457
5.946315E-4	0.040768985
6.120603E-4	0.040386446
6.3E-4	0.03999711
6.4807665E-4	0.039609414
6.6667196E-4	0.039215505
6.858008E-4	0.03881555
7.0547854E-4	0.03840972
7.257209E-4	0.037998207
7.465441E-4	0.03758119
7.6796475E-4	0.03715888
7.9E-4	0.03673148
8.136239E-4	0.03628113
8.379543E-4	0.035825748
8.630122E-4	0.03536559
8.8881946E-4	0.034900926
9.153984E-4	0.03443203
9.427722E-4	0.033959188
9.7096455E-4	0.033482686
0.001	0.033002824
0.0010293103	0.032529376
0.0010594797	0.032053273
0.0010905333	0.03157481
0.0011224973	0.031094288
0.001155398	0.030612001
0.001189263	0.030128252
0.0012241206	0.029643346
0.00126	0.029157585
0.0012961533	0.028681375
0.0013333439	0.028204927
0.0013716016	0.027728522
0.0014109571	0.027252445
0.0014514418	0.026776975
0.0014930882	0.02630239
0.0015359295	0.025828963
0.00158	0.025356965
0.0016272478	0.024867145
0.0016759086	0.024379453
0.0017260244	0.023894172
0.0017776389	0.023411581
0.0018307968	0.022931946
0.0018855444	0.022455527
0.0019419291	0.02198257
0.002	0.021513315
0.0020575977	0.02106487
0.002116854	0.020620268
0.002177817	0.020179689
0.0022405356	0.019743312
0.0023050604	0.019311298
0.0023714434	0.0188838
0.0024397383	0.018460961
0.00251	0.018042915
0.0025833033	0.01762408
0.0026587474	0.017210415
0.0027363948	0.016802022
0.0028163097	0.016399
0.0028985585	0.016001435
0.0029832094	0.015609401
0.0030703326	0.015222966
0.00316	0.014842186
0.0032524571	0.014466433
0.0033476194	0.014096445
0.003445566	0.013732258
0.0035463783	0.0133738965
0.0036501405	0.013021379
0.0037569385	0.012674718
0.003866861	0.01233392
0.00398	0.011998986
0.004096165	0.011670697
0.0042157196	0.011348229
0.0043387646	0.011031571
0.0044654002	0.010720705
0.0045957323	0.01041561
0.0047298684	0.010116262
0.0048679197	0.009822635
0.00501	0.009534701
0.005156579	0.009251764
0.0053074467	0.00897448
0.005462728	0.008702815
0.0056225527	0.00843673
0.0057870536	0.008176187
0.005956367	0.007921144
0.0061306343	0.007671562
0.00631	0.0074273963
0.006493865	0.007189547
0.0066830874	0.0069569834
0.0068778237	0.0067296587
0.007078234	0.006507527
0.0072844843	0.00629054
0.0074967444	0.0060786493
0.00771519	0.0058718044
0.00794	0.005669955
0.008172275	0.005472292
0.008411343	0.005279557
0.008657407	0.0050916946
0.008910668	0.004908649
0.009171338	0.004730363
0.009439633	0.0045567784
0.009715778	0.004387835
0.01	0.0042234724
0.010292081	0.0040638703
0.010592694	0.00390871
0.010902087	0.0037579283
0.011220517	0.0036114594
0.011548247	0.0034692374
0.011885551	0.0033311953
0.012232705	0.0031972649
0.01259	0.0030673775
0.012957647	0.0029414906
0.013336032	0.0028195046
0.013725464	0.0027013482
0.01412627	0.0025869498
0.014538779	0.0024762372
0.014963334	0.0023691375
0.015400288	0.0022655781
0.01585	0.0021654854
0.016312422	0.0020688714
0.016788337	0.0019755715
0.017278135	0.0018855125
0.017782224	0.0017986211
0.01830102	0.0017148245
0.01883495	0.0016340499
0.019384459	0.001556225
0.01995	0.001481278
0.020533005	0.0014090219
0.021133045	0.0013395102
0.021750621	0.0012726723
0.022386245	0.0012084384
0.023040446	0.0011467392
0.023713762	0.0010875063
0.024406755	0.001030672
0.02512	9.7616966E-4
0.025853088	9.2400186E-4
0.02660757	8.7402907E-4
0.027384069	8.261873E-4
0.02818323	7.804137E-4
0.029005712	7.3664606E-4
0.029852198	6.948233E-4
0.030723387	6.5488514E-4
0.03162	6.167723E-4
0.032543603	5.8039516E-4
0.033494186	5.457306E-4
0.034472536	5.1272195E-4
0.03547946	4.813136E-4
0.0365158	4.5145073E-4
0.03758241	4.230796E-4
0.03868017	3.9614725E-4
0.03981	3.7060183E-4
0.040972695	3.4639498E-4
0.042169347	3.2347362E-4
0.04340095	3.0178868E-4
0.044668525	2.8129193E-4
0.04597312	2.6193613E-4
0.047315817	2.4367501E-4
0.04869773	2.2646318E-4
0.05012	2.102563E-4
0.0515838	1.9501105E-4
0.053090356	1.806849E-4
0.05464091	1.6723643E-4
0.05623675	1.5462523E-4
0.0578792	1.4281191E-4
0.059569612	1.3175808E-4
0.0613094	1.2142643E-4
0.0631	1.11780675E-4
0.06494172	1.0279109E-4
0.066837184	9.44173E-5
0.06878798	8.6626314E-5
0.070795715	7.938623E-5
0.072862044	7.2666204E-5
0.074988686	6.643654E-5
0.077177405	6.0668597E-5
0.07943	5.533484E-5
0.08174976	5.0405983E-5
0.08413727	4.5859968E-5
0.08659451	4.167248E-5
0.08912351	3.782028E-5
0.09172637	3.4281184E-5
0.09440525	3.103407E-5
0.097162366	2.8058836E-5
0.1	2.5336396E-5
0.102919795	2.2849235E-5
0.10592484	2.0579559E-5
0.109017625	1.8511199E-5
0.112200715	1.6628917E-5
0.11547674	1.49183625E-5
0.11884842	1.336605E-5
0.12231855	1.1959327E-5
0.12589	1.0686348E-5
0.12956645	9.535829E-6
0.13335027	8.49769E-6
0.13724458	7.562303E-6
0.14125264	6.720715E-6
0.14537773	5.96462E-6
0.14962329	5.2863224E-6
0.15399285	4.6787072E-6
0.15849	4.1352073E-6
0.16311829	3.6497922E-6
0.16788174	3.216875E-6
0.17278428	2.8313495E-6
0.17783	2.4885373E-6
0.18302307	2.1841597E-6
0.18836778	1.9143113E-6
0.19386858	1.6754319E-6
0.19953	1.4642852E-6
0.20535603	1.277953E-6
0.21135218	1.1137441E-6
0.21752341	9.692509E-7
0.22387484	8.4229833E-7
0.23041171	7.3092554E-7
0.23713945	6.333684E-7
0.24406363	5.4804286E-7
0.25119	4.7352816E-7
0.25852492	4.0854957E-7
0.26607406	3.5197803E-7
0.27384362	3.0280037E-7
0.28184006	2.601155E-7
0.29007	2.2312283E-7
0.29854023	1.9111228E-7
0.30725783	1.6345518E-7
0.31623	1.3959642E-7
0.32546407	1.19045744E-7
0.33496782	1.0137162E-7
0.34474903	8.619485E-8
0.3548159	7.31826E-8
0.3651767	6.2043256E-8
0.37584007	5.252202E-8
0.3868148	4.439636E-8
0.39811	3.7472425E-8
0.40973493	3.1581617E-8
0.42169935	2.6577503E-8
0.4340131	2.2333193E-8
0.44668642	1.8738858E-8
0.4597298	1.56997E-8
0.47315407	1.3133889E-8
0.4869703	1.0971126E-8
0.50119	9.1508685E-9
0.5158249	7.621253E-9
0.5308872	6.33789E-9
0.5463893	5.2628195E-9
0.5623441	4.3635837E-9
0.57876474	3.6126129E-9
0.59566486	2.9863778E-9
0.61305845	2.4650064E-9
0.63096	2.0316664E-9
0.6493842	1.6719928E-9
0.6683464	1.3739271E-9
0.6878623	1.127282E-9
0.7079481	9.2356733E-10
0.72862035	7.555335E-10
0.7498962	6.171299E-10
0.7717934	5.033054E-10
0.79433	4.0981873E-10
0.8175246	3.3322634E-10
0.8413966	2.7053315E-10
0.86596555	2.1932123E-10
0.8912519	1.7750923E-10
0.9172767	1.4345924E-10
0.9440614	1.1577217E-10
0.97162825	9.326295E-11
1.0	7.501555E-11
1.029201	6.024925E-11
1.0592546	4.8322235E-11
1.090186	3.8675618E-11
1.1220205	3.091294E-11
1.1547846	2.4652058E-11
1.1885055	1.9627966E-11
1.223211	1.558853E-11
1.25893	1.2369217E-11
1.2956905	9.788503E-12
1.3335243	7.7187146E-12
1.3724631	6.0801364E-12
1.4125386	4.778844E-12
1.4537846	3.7421177E-12
1.4962348	2.9188874E-12
1.5399245	2.2674085E-12
1.58489	1.757483E-12
1.6311698	1.3606893E-12
1.678801	1.0492718E-12
1.727823	8.044676E-13
1.7782766	6.094014E-13
1.8302034	4.664047E-13
1.8836465	3.509415E-13
1.9386501	2.613465E-13
1.99526	1.936229E-13
2.0535233	1.4466206E-13
2.113488	1.0513812E-13
2.1752036	7.682743E-14
2.2387214	5.5289107E-14
2.304094	3.9301895E-14
2.3713756	2.6867397E-14
2.4406219	1.731948E-14
2.51189	1.15463195E-14
2.5852382	7.993606E-15
2.6607285	5.2180482E-15
2.7384229	2.9976022E-15
2.818386	2.1094237E-15
2.900684	1.9984014E-15
2.9853854	1.2212453E-15
3.0725598	8.881784E-16
3.16228	1.110223E-16
3.2546198	1.110223E-16
3.3496559	0.0
3.447467	0.0
3.5481343	0.0
3.6517413	0.0
3.7583735	0.0
3.8681195	0.0
3.98107	0.0
4.097319	0.0
4.2169633	0.0
4.340101	0.0
4.466834	0.0
4.5972676	0.0
4.7315106	0.0
4.869673	0.0
5.01187	0.0
5.1582193	0.0
5.3088417	0.0
5.463863	0.0
5.62341	0.0
5.7876167	0.0
5.9566183	0.0
6.1305547	0.0
6.30957	0.0
6.493813	0.0
6.683436	0.0
6.878596	0.0
7.079455	0.0
7.286179	0.0
7.4989395	0.0
7.7179127	0.0
7.94328	0.0
8.175228	0.0
8.41395	0.0
8.659641	0.0
8.912508	0.0
9.172758	0.0
9.440608	0.0
9.716279	0.0
10.0	0.0



DATASET #2

Name: RSQSim
Num Points: 401
Info: 

X, Y Data:
1.0E-4	0.08142372
1.0333392E-4	0.0813835
1.06779E-4	0.0813395
1.1033893E-4	0.08129146
1.14017545E-4	0.08123908
1.178188E-4	0.08118208
1.2174679E-4	0.08112013
1.2580573E-4	0.08105292
1.3E-4	0.08098011
1.334183E-4	0.080918275
1.369265E-4	0.080852546
1.4052694E-4	0.080782734
1.4422205E-4	0.08070865
1.4801433E-4	0.080630116
1.5190631E-4	0.08054692
1.5590065E-4	0.080458894
1.6E-4	0.08036582
1.645257E-4	0.08025996
1.691794E-4	0.08014777
1.7396474E-4	0.08002903
1.7888544E-4	0.07990347
1.8394532E-4	0.079770826
1.8914833E-4	0.079630844
1.944985E-4	0.07948325
2.0E-4	0.07932779
2.0565712E-4	0.0791642
2.1147425E-4	0.07899221
2.1745593E-4	0.07881156
2.236068E-4	0.078622
2.2993165E-4	0.07842326
2.364354E-4	0.07821509
2.4312311E-4	0.077997245
2.5E-4	0.077769466
2.5783465E-4	0.07750562
2.659148E-4	0.07722899
2.742482E-4	0.076939285
2.8284272E-4	0.076636195
2.917066E-4	0.07631942
3.0084825E-4	0.075988695
3.102764E-4	0.07564374
3.2E-4	0.07528432
3.290514E-4	0.07494677
3.383588E-4	0.07459704
3.4792948E-4	0.07423496
3.5777088E-4	0.073860414
3.6789064E-4	0.07347326
3.7829665E-4	0.07307339
3.88997E-4	0.0726607
4.0E-4	0.07223509
4.1131425E-4	0.071796514
4.229485E-4	0.0713449
4.3491187E-4	0.070880204
4.472136E-4	0.0704024
4.598633E-4	0.06991149
4.728708E-4	0.06940747
4.8624622E-4	0.06889037
5.0E-4	0.06836023
5.1465514E-4	0.06779748
5.2973983E-4	0.0672209
5.4526667E-4	0.06663058
5.612486E-4	0.066026665
5.77699E-4	0.0654093
5.946315E-4	0.06477866
6.120603E-4	0.06413493
6.3E-4	0.06347833
6.4807665E-4	0.06282312
6.6667196E-4	0.062156025
6.858008E-4	0.061477315
7.0547854E-4	0.060787268
7.257209E-4	0.060086183
7.465441E-4	0.05937437
7.6796475E-4	0.05865217
7.9E-4	0.057919934
8.136239E-4	0.057146978
8.379543E-4	0.056363974
8.630122E-4	0.055571374
8.8881946E-4	0.05476965
9.153984E-4	0.0539593
9.427722E-4	0.053140823
9.7096455E-4	0.05231475
0.001	0.051481616
0.0010293103	0.050658453
0.0010594797	0.049829565
0.0010905333	0.04899549
0.0011224973	0.048156783
0.001155398	0.047314
0.001189263	0.046467707
0.0012241206	0.04561847
0.00126	0.044766877
0.0012961533	0.04393123
0.0013333439	0.04309442
0.0013716016	0.042256992
0.0014109571	0.04141949
0.0014514418	0.04058247
0.0014930882	0.039746463
0.0015359295	0.038912017
0.00158	0.03807966
0.0016272478	0.037215494
0.0016759086	0.03635476
0.0017260244	0.03549804
0.0017776389	0.03464591
0.0018307968	0.03379893
0.0018855444	0.032957636
0.0019419291	0.032122575
0.002	0.03129426
0.0020575977	0.030502975
0.002116854	0.029718861
0.002177817	0.02894234
0.0022405356	0.028173817
0.0023050604	0.027413687
0.0023714434	0.026662324
0.0024397383	0.025920087
0.00251	0.02518732
0.0025833033	0.024454374
0.0026587474	0.023731817
0.0027363948	0.023019943
0.0028163097	0.02231904
0.0028985585	0.021629365
0.0029832094	0.020951165
0.0030703326	0.020284664
0.00316	0.019630065
0.0032524571	0.01898639
0.0033476194	0.018355018
0.003445566	0.017736092
0.0035463783	0.017129745
0.0036501405	0.016536089
0.0037569385	0.015955212
0.003866861	0.015387193
0.00398	0.014832088
0.004096165	0.014291228
0.0042157196	0.013763281
0.0043387646	0.013248256
0.0044654002	0.012746143
0.0045957323	0.0122569185
0.0047298684	0.011780541
0.0048679197	0.01131696
0.00501	0.010866105
0.005156579	0.0104268715
0.0053074467	0.010000249
0.005462728	0.009586133
0.0056225527	0.009184402
0.0057870536	0.008794928
0.005956367	0.008417568
0.0061306343	0.008052174
0.00631	0.0076985834
0.006493865	0.007357972
0.0066830874	0.0070287273
0.0068778237	0.0067106658
0.007078234	0.0064035975
0.0072844843	0.006107325
0.0074967444	0.0058216457
0.00771519	0.005546351
0.00794	0.0052812276
0.008172275	0.0050250846
0.008411343	0.0047787484
0.008657407	0.0045419917
0.008910668	0.0043145847
0.009171338	0.004096294
0.009439633	0.003886886
0.009715778	0.0036861245
0.01	0.0034937728
0.010292081	0.0033098706
0.010592694	0.0031338804
0.010902087	0.0029655667
0.011220517	0.0028046954
0.011548247	0.0026510328
0.011885551	0.0025043474
0.012232705	0.0023644099
0.01259	0.002230993
0.012957647	0.0021038996
0.013336032	0.001982878
0.013725464	0.0018677098
0.01412627	0.0017581806
0.014538779	0.001654079
0.014963334	0.0015551981
0.015400288	0.0014613348
0.01585	0.0013722904
0.016312422	0.0012879446
0.016788337	0.0012080258
0.017278135	0.0011323496
0.017782224	0.0010607361
0.01830102	9.930105E-4
0.01883495	9.290026E-4
0.019384459	8.6854724E-4
0.01995	8.1148423E-4
0.020533005	7.5757306E-4
0.021133045	7.067585E-4
0.021750621	6.588947E-4
0.022386245	6.1384036E-4
0.023040446	5.714594E-4
0.023713762	5.316204E-4
0.024406755	4.9419684E-4
0.02512	4.5906685E-4
0.025853088	4.2615613E-4
0.02660757	3.9530374E-4
0.027384069	3.6640198E-4
0.02818323	3.3934737E-4
0.029005712	3.140408E-4
0.029852198	2.9038725E-4
0.030723387	2.682958E-4
0.03162	2.476793E-4
0.032543603	2.2843828E-4
0.033494186	2.1051182E-4
0.034472536	1.9382381E-4
0.03547946	1.7830169E-4
0.0365158	1.6387625E-4
0.03758241	1.5048159E-4
0.03868017	1.3805497E-4
0.03981	1.265367E-4
0.040972695	1.1587128E-4
0.042169347	1.0600347E-4
0.04340095	9.6882184E-5
0.044668525	8.845898E-5
0.04597312	8.068797E-5
0.047315817	7.352568E-5
0.04869773	6.693104E-5
0.05012	6.0865194E-5
0.0515838	5.529152E-5
0.053090356	5.0175397E-5
0.05464091	4.5484227E-5
0.05623675	4.118733E-5
0.0578792	3.7255846E-5
0.059569612	3.3662665E-5
0.0613094	3.0382336E-5
0.0631	2.7391E-5
0.06494172	2.4667952E-5
0.066837184	2.2190354E-5
0.06878798	1.9938712E-5
0.070795715	1.7894832E-5
0.072862044	1.6041753E-5
0.074988686	1.4363685E-5
0.077177405	1.2845945E-5
0.07943	1.14748955E-5
0.08174976	1.0237184E-5
0.08413727	9.121943E-6
0.08659451	8.118318E-6
0.08912351	7.2162834E-6
0.09172637	6.4065903E-6
0.09440525	5.6807194E-6
0.097162366	5.0308354E-6
0.1	4.44974E-6
0.102919795	3.9309516E-6
0.10592484	3.46828E-6
0.109017625	3.0562005E-6
0.112200715	2.6896685E-6
0.11547674	2.3640844E-6
0.11884842	2.0752616E-6
0.12231855	1.8193938E-6
0.12589	1.5930268E-6
0.12956645	1.3929941E-6
0.13335027	1.2165087E-6
0.13724458	1.0610107E-6
0.14125264	9.241917E-7
0.14537773	8.039724E-7
0.14962329	6.9848386E-7
0.15399285	6.060482E-7
0.15849	5.251617E-7
0.16311829	4.5448164E-7
0.16788174	3.928025E-7
0.17278428	3.390522E-7
0.17783	2.9227616E-7
0.18302307	2.5162558E-7
0.18836778	2.1634705E-7
0.19386858	1.857729E-7
0.19953	1.5931232E-7
0.20535603	1.3644599E-7
0.21135218	1.1671029E-7
0.21752341	9.970002E-8
0.22387484	8.505893E-8
0.23041171	7.247431E-8
0.23713945	6.167211E-8
0.24406363	5.2412545E-8
0.25119	4.448613E-8
0.25852492	3.770973E-8
0.26607406	3.192476E-8
0.27384362	2.6992867E-8
0.28184006	2.2793902E-8
0.29007	1.9223771E-8
0.29854023	1.619236E-8
0.30725783	1.3621821E-8
0.31623	1.1444989E-8
0.32546407	9.6040305E-9
0.33496782	8.04916E-9
0.34474903	6.737653E-9
0.3548159	5.6328675E-9
0.3651767	4.7034368E-9
0.37584007	3.9225503E-9
0.3868148	3.267317E-9
0.39811	2.7182265E-9
0.40973493	2.2586706E-9
0.42169935	1.874549E-9
0.4340131	1.5538871E-9
0.44668642	1.2865381E-9
0.4597298	1.0639204E-9
0.47315407	8.787795E-10
0.4869703	7.2500006E-10
0.50119	5.974278E-10
0.5158249	4.91734E-10
0.5308872	4.042594E-10
0.5463893	3.3196845E-10
0.5623441	2.7228642E-10
0.57876474	2.2308255E-10
0.59566486	1.8255808E-10
0.61305845	1.4923107E-10
0.63096	1.2184187E-10
0.6493842	9.9370845E-11
0.6683464	8.095313E-11
0.6878623	6.5876304E-11
0.7079481	5.354872E-11
0.72862035	4.3479886E-11
0.7498962	3.526457E-11
0.7717934	2.8570368E-11
0.79433	2.3122504E-11
0.8175246	1.8694712E-11
0.8413966	1.5095702E-11
0.86596555	1.2177481E-11
0.8912519	9.812595E-12
0.9172767	7.899903E-12
0.9440614	6.352807E-12
0.97162825	5.1044724E-12
1.0	4.096057E-12
1.029201	3.2822634E-12
1.0592546	2.628009E-12
1.090186	2.1034285E-12
1.1220205	1.6798785E-12
1.1547846	1.3415935E-12
1.1885055	1.0694778E-12
1.223211	8.523182E-13
1.25893	6.779022E-13
1.2956905	5.3890226E-13
1.3335243	4.28102E-13
1.3724631	3.4028336E-13
1.4125386	2.697842E-13
1.4537846	2.1327384E-13
1.4962348	1.6897594E-13
1.5399245	1.3367085E-13
1.58489	1.05915277E-13
1.6311698	8.304468E-14
1.678801	6.5836225E-14
1.727823	5.1403326E-14
1.7782766	4.0412118E-14
1.8302034	3.130829E-14
1.8836465	2.4646951E-14
1.9386501	1.8984814E-14
1.99526	1.4543922E-14
2.0535233	1.1435297E-14
2.113488	8.548717E-15
2.1752036	6.661338E-15
2.2387214	4.9960036E-15
2.304094	3.996803E-15
2.3713756	3.1086245E-15
2.4406219	2.4424907E-15
2.51189	1.8873791E-15
2.5852382	1.4432899E-15
2.6607285	9.992007E-16
2.7384229	6.661338E-16
2.818386	3.330669E-16
2.900684	2.220446E-16
2.9853854	2.220446E-16
3.0725598	0.0
3.16228	0.0
3.2546198	0.0
3.3496559	0.0
3.447467	0.0
3.5481343	0.0
3.6517413	0.0
3.7583735	0.0
3.8681195	0.0
3.98107	0.0
4.097319	0.0
4.2169633	0.0
4.340101	0.0
4.466834	0.0
4.5972676	0.0
4.7315106	0.0
4.869673	0.0
5.01187	0.0
5.1582193	0.0
5.3088417	0.0
5.463863	0.0
5.62341	0.0
5.7876167	0.0
5.9566183	0.0
6.1305547	0.0
6.30957	0.0
6.493813	0.0
6.683436	0.0
6.878596	0.0
7.079455	0.0
7.286179	0.0
7.4989395	0.0
7.7179127	0.0
7.94328	0.0
8.175228	0.0
8.41395	0.0
8.659641	0.0
8.912508	0.0
9.172758	0.0
9.440608	0.0
9.716279	0.0
10.0	0.0



DATASET #3

Name: 1000yr
Num Points: 2
Info: 

X, Y Data:
0.001	0.001
10.0	0.001



DATASET #4

Name: 2500yr
Num Points: 2
Info: 

X, Y Data:
0.001	4.0E-4
10.0	4.0E-4



DATASET #5

Name: 10000yr
Num Points: 2
Info: 

X, Y Data:
0.001	1.0E-4
10.0	1.0E-4


