
X-Axis: 0.2s SA (g)
Y-Axis: Annual Probabilitiy
Number of Data Sets: 5


DATASET #1

Name: UCERF3
Num Points: 401
Info: 

X, Y Data:
1.0E-4	0.05323364
1.0333392E-4	0.05323364
1.06779E-4	0.05323364
1.1033893E-4	0.05323364
1.14017545E-4	0.05323364
1.178188E-4	0.05323364
1.2174679E-4	0.05323364
1.2580573E-4	0.05323364
1.3E-4	0.05323364
1.334183E-4	0.05323364
1.369265E-4	0.05323364
1.4052694E-4	0.05323364
1.4422205E-4	0.05323364
1.4801433E-4	0.05323364
1.5190631E-4	0.05323364
1.5590065E-4	0.05323364
1.6E-4	0.05323364
1.645257E-4	0.05323364
1.691794E-4	0.05323364
1.7396474E-4	0.05323364
1.7888544E-4	0.05323364
1.8394532E-4	0.05323364
1.8914833E-4	0.05323364
1.944985E-4	0.05323364
2.0E-4	0.05323364
2.0565712E-4	0.05323364
2.1147425E-4	0.05323364
2.1745593E-4	0.05323364
2.236068E-4	0.05323364
2.2993165E-4	0.05323364
2.364354E-4	0.05323364
2.4312311E-4	0.05323364
2.5E-4	0.05323364
2.5783465E-4	0.05323364
2.659148E-4	0.05323364
2.742482E-4	0.05323364
2.8284272E-4	0.05323364
2.917066E-4	0.05323364
3.0084825E-4	0.05323364
3.102764E-4	0.05323364
3.2E-4	0.05323364
3.290514E-4	0.05323364
3.383588E-4	0.05323364
3.4792948E-4	0.05323364
3.5777088E-4	0.05323364
3.6789064E-4	0.05323364
3.7829665E-4	0.05323364
3.88997E-4	0.05323364
4.0E-4	0.05323364
4.1131425E-4	0.05323364
4.229485E-4	0.05323364
4.3491187E-4	0.05323364
4.472136E-4	0.05323364
4.598633E-4	0.05323364
4.728708E-4	0.05323364
4.8624622E-4	0.05323364
5.0E-4	0.05323364
5.1465514E-4	0.05323364
5.2973983E-4	0.05323364
5.4526667E-4	0.05323364
5.612486E-4	0.05323364
5.77699E-4	0.05323364
5.946315E-4	0.05323364
6.120603E-4	0.05323364
6.3E-4	0.05323364
6.4807665E-4	0.05323364
6.6667196E-4	0.053233635
6.858008E-4	0.053233635
7.0547854E-4	0.053233635
7.257209E-4	0.053233635
7.465441E-4	0.053233635
7.6796475E-4	0.05323363
7.9E-4	0.05323363
8.136239E-4	0.05323363
8.379543E-4	0.053233627
8.630122E-4	0.053233627
8.8881946E-4	0.053233624
9.153984E-4	0.05323362
9.427722E-4	0.053233616
9.7096455E-4	0.053233612
0.001	0.053233605
0.0010293103	0.0532336
0.0010594797	0.053233594
0.0010905333	0.053233583
0.0011224973	0.053233575
0.001155398	0.05323356
0.001189263	0.053233545
0.0012241206	0.05323353
0.00126	0.05323351
0.0012961533	0.05323349
0.0013333439	0.053233463
0.0013716016	0.053233434
0.0014109571	0.053233396
0.0014514418	0.053233355
0.0014930882	0.053233307
0.0015359295	0.053233255
0.00158	0.05323319
0.0016272478	0.053233113
0.0016759086	0.053233027
0.0017260244	0.053232923
0.0017776389	0.053232804
0.0018307968	0.05323267
0.0018855444	0.053232513
0.0019419291	0.053232335
0.002	0.053232126
0.0020575977	0.0532319
0.002116854	0.053231638
0.002177817	0.053231344
0.0022405356	0.05323101
0.0023050604	0.05323063
0.0023714434	0.0532302
0.0024397383	0.053229712
0.00251	0.05322916
0.0025833033	0.053228527
0.0026587474	0.053227816
0.0027363948	0.05322701
0.0028163097	0.053226106
0.0028985585	0.05322509
0.0029832094	0.05322394
0.0030703326	0.05322266
0.00316	0.053221222
0.0032524571	0.053219605
0.0033476194	0.053217802
0.003445566	0.05321579
0.0035463783	0.053213544
0.0036501405	0.05321104
0.0037569385	0.053208258
0.003866861	0.053205162
0.00398	0.053201728
0.004096165	0.05319793
0.0042157196	0.053193726
0.0043387646	0.053189076
0.0044654002	0.053183943
0.0045957323	0.05317828
0.0047298684	0.053172037
0.0048679197	0.053165168
0.00501	0.053157613
0.005156579	0.053149294
0.0053074467	0.053140167
0.005462728	0.053130165
0.0056225527	0.053119212
0.0057870536	0.053107236
0.005956367	0.053094152
0.0061306343	0.053079877
0.00631	0.053064317
0.006493865	0.053047445
0.0066830874	0.0530291
0.0068778237	0.05300918
0.007078234	0.052987568
0.0072844843	0.052964147
0.0074967444	0.052938797
0.00771519	0.052911386
0.00794	0.052881777
0.008172275	0.052849703
0.008411343	0.052815124
0.008657407	0.052777886
0.008910668	0.052737836
0.009171338	0.052694798
0.009439633	0.052648608
0.009715778	0.05259909
0.01	0.05254606
0.010292081	0.052489433
0.010592694	0.05242893
0.010902087	0.052364368
0.011220517	0.05229555
0.011548247	0.05222228
0.011885551	0.05214436
0.012232705	0.052061584
0.01259	0.05197376
0.012957647	0.0518807
0.013336032	0.051782187
0.013725464	0.051678028
0.01412627	0.05156802
0.014538779	0.051451974
0.014963334	0.0513297
0.015400288	0.051201012
0.01585	0.051065736
0.016312422	0.050923828
0.016788337	0.050775006
0.017278135	0.050619114
0.017782224	0.050456014
0.01830102	0.05028556
0.01883495	0.05010763
0.019384459	0.04992212
0.01995	0.04972892
0.020533005	0.049527608
0.021133045	0.049318425
0.021750621	0.049101304
0.022386245	0.048876207
0.023040446	0.048643097
0.023713762	0.048401967
0.024406755	0.048152808
0.02512	0.047895644
0.025853088	0.047630865
0.02660757	0.04735818
0.027384069	0.047077652
0.02818323	0.04678935
0.029005712	0.04649338
0.029852198	0.046189837
0.030723387	0.045878846
0.03162	0.04556054
0.032543603	0.04523477
0.033494186	0.04490197
0.034472536	0.044562314
0.03547946	0.044215973
0.0365158	0.043863133
0.03758241	0.043503992
0.03868017	0.043138746
0.03981	0.042767607
0.040972695	0.042390823
0.042169347	0.042008575
0.04340095	0.041621074
0.044668525	0.04122854
0.04597312	0.040831197
0.047315817	0.040429264
0.04869773	0.040022958
0.05012	0.0396125
0.0515838	0.039198108
0.053090356	0.03877999
0.05464091	0.038358353
0.05623675	0.037933398
0.0578792	0.03750533
0.059569612	0.037074335
0.0613094	0.036640603
0.0631	0.03620432
0.06494172	0.03576593
0.066837184	0.035325337
0.06878798	0.034882694
0.070795715	0.034438163
0.072862044	0.033991892
0.074988686	0.033544026
0.077177405	0.033094704
0.07943	0.032644056
0.08174976	0.032191943
0.08413727	0.03173875
0.08659451	0.031284608
0.08912351	0.030829621
0.09172637	0.030373909
0.09440525	0.029917577
0.097162366	0.029460734
0.1	0.029003486
0.102919795	0.028546045
0.10592484	0.028088406
0.109017625	0.027630672
0.112200715	0.027172947
0.11547674	0.026715338
0.11884842	0.026257949
0.12231855	0.025800891
0.12589	0.025344273
0.12956645	0.024888124
0.13335027	0.02443265
0.13724458	0.02397797
0.14125264	0.023524212
0.14537773	0.023071505
0.14962329	0.022619983
0.15399285	0.022169787
0.15849	0.02172106
0.16311829	0.021273965
0.16788174	0.020828642
0.17278428	0.020385245
0.17783	0.019943934
0.18302307	0.019504879
0.18836778	0.019068245
0.19386858	0.018634206
0.19953	0.01820294
0.20535603	0.017774673
0.21135218	0.017349536
0.21752341	0.016927706
0.22387484	0.016509369
0.23041171	0.016094703
0.23713945	0.015683891
0.24406363	0.015277113
0.25119	0.014874545
0.25852492	0.014476336
0.26607406	0.014082683
0.27384362	0.013693754
0.28184006	0.013309708
0.29007	0.0129307015
0.29854023	0.0125568835
0.30725783	0.012188396
0.31623	0.011825374
0.32546407	0.011467946
0.33496782	0.011116225
0.34474903	0.010770322
0.3548159	0.010430336
0.3651767	0.010096355
0.37584007	0.009768461
0.3868148	0.009446722
0.39811	0.009131201
0.40973493	0.0088219475
0.42169935	0.008519001
0.4340131	0.008222394
0.44668642	0.007932146
0.4597298	0.007648271
0.47315407	0.0073707732
0.4869703	0.007099648
0.50119	0.006834884
0.5158249	0.0065764613
0.5308872	0.006324354
0.5463893	0.0060785306
0.5623441	0.0058389516
0.57876474	0.0056055747
0.59566486	0.005378351
0.61305845	0.005157228
0.63096	0.0049421503
0.6493842	0.004733058
0.6683464	0.004529889
0.6878623	0.0043325783
0.7079481	0.0041410583
0.72862035	0.0039552613
0.7498962	0.0037751158
0.7717934	0.0036005513
0.79433	0.0034314948
0.8175246	0.0032678726
0.8413966	0.0031096104
0.86596555	0.0029566328
0.8912519	0.002808864
0.9172767	0.002666227
0.9440614	0.0025286442
0.97162825	0.0023960373
1.0	0.0022683267
1.029201	0.0021454287
1.0592546	0.002027265
1.090186	0.001913753
1.1220205	0.0018048078
1.1547846	0.0017003439
1.1885055	0.0016002739
1.223211	0.0015045083
1.25893	0.0014129566
1.2956905	0.0013255293
1.3335243	0.0012421282
1.3724631	0.0011626568
1.4125386	0.001087017
1.4537846	0.0010151087
1.4962348	9.4682997E-4
1.5399245	8.820778E-4
1.58489	8.2074717E-4
1.6311698	7.627304E-4
1.678801	7.0792175E-4
1.727823	6.5621303E-4
1.7782766	6.074951E-4
1.8302034	5.6165823E-4
1.8836465	5.1859254E-4
1.9386501	4.781881E-4
1.99526	4.4033508E-4
2.0535233	4.0492392E-4
2.113488	3.7184643E-4
2.1752036	3.4099503E-4
2.2387214	3.1226352E-4
2.304094	2.8554714E-4
2.3713756	2.6074296E-4
2.4406219	2.3775004E-4
2.51189	2.164696E-4
2.5852382	1.9680565E-4
2.6607285	1.7866415E-4
2.7384229	1.6195417E-4
2.818386	1.4658771E-4
2.900684	1.324798E-4
2.9853854	1.1954862E-4
3.0725598	1.0771558E-4
3.16228	9.6905394E-5
3.2546198	8.704613E-5
3.3496559	7.806919E-5
3.447467	6.9909365E-5
3.5481343	6.250482E-5
3.6517413	5.579703E-5
3.7583735	4.9730785E-5
3.8681195	4.4254095E-5
3.98107	3.9318136E-5
4.097319	3.4877146E-5
4.2169633	3.0888397E-5
4.340101	2.731203E-5
4.466834	2.411096E-5
4.5972676	2.125078E-5
4.7315106	1.8699635E-5
4.869673	1.6428101E-5
5.01187	1.4409063E-5
5.1582193	1.2617595E-5
5.3088417	1.103083E-5
5.463863	9.627846E-6
5.62341	8.389536E-6
5.7876167	7.298493E-6
5.9566183	6.3388966E-6
6.1305547	5.4963975E-6
6.30957	4.7580124E-6
6.493813	4.112016E-6
6.683436	3.5478479E-6
6.878596	3.056014E-6
7.079455	2.6279986E-6
7.286179	2.2561792E-6
7.4989395	1.9337497E-6
7.7179127	1.654644E-6
7.94328	1.4134688E-6
8.175228	1.2054378E-6
8.41395	1.0263137E-6
8.659641	8.7235264E-7
8.912508	7.4025394E-7
9.172758	6.271135E-7
9.440608	5.303818E-7
9.716279	4.4782493E-7
10.0	3.7749004E-7



DATASET #2

Name: RSQSim
Num Points: 401
Info: 

X, Y Data:
1.0E-4	0.04770548
1.0333392E-4	0.04770548
1.06779E-4	0.04770548
1.1033893E-4	0.04770548
1.14017545E-4	0.04770548
1.178188E-4	0.04770548
1.2174679E-4	0.04770548
1.2580573E-4	0.04770548
1.3E-4	0.04770548
1.334183E-4	0.04770548
1.369265E-4	0.04770548
1.4052694E-4	0.04770548
1.4422205E-4	0.04770548
1.4801433E-4	0.04770548
1.5190631E-4	0.04770548
1.5590065E-4	0.04770548
1.6E-4	0.04770548
1.645257E-4	0.04770548
1.691794E-4	0.04770548
1.7396474E-4	0.04770548
1.7888544E-4	0.04770548
1.8394532E-4	0.04770548
1.8914833E-4	0.04770548
1.944985E-4	0.04770548
2.0E-4	0.04770548
2.0565712E-4	0.04770548
2.1147425E-4	0.04770548
2.1745593E-4	0.04770548
2.236068E-4	0.04770548
2.2993165E-4	0.04770548
2.364354E-4	0.04770548
2.4312311E-4	0.04770548
2.5E-4	0.04770548
2.5783465E-4	0.04770548
2.659148E-4	0.04770548
2.742482E-4	0.04770548
2.8284272E-4	0.04770548
2.917066E-4	0.04770548
3.0084825E-4	0.04770548
3.102764E-4	0.04770548
3.2E-4	0.04770548
3.290514E-4	0.04770548
3.383588E-4	0.04770548
3.4792948E-4	0.04770548
3.5777088E-4	0.04770548
3.6789064E-4	0.04770548
3.7829665E-4	0.04770548
3.88997E-4	0.04770548
4.0E-4	0.04770548
4.1131425E-4	0.04770548
4.229485E-4	0.04770548
4.3491187E-4	0.04770548
4.472136E-4	0.04770548
4.598633E-4	0.04770548
4.728708E-4	0.04770548
4.8624622E-4	0.04770548
5.0E-4	0.04770548
5.1465514E-4	0.04770548
5.2973983E-4	0.04770548
5.4526667E-4	0.04770548
5.612486E-4	0.04770548
5.77699E-4	0.04770548
5.946315E-4	0.04770548
6.120603E-4	0.04770548
6.3E-4	0.047705475
6.4807665E-4	0.047705475
6.6667196E-4	0.047705475
6.858008E-4	0.047705475
7.0547854E-4	0.04770547
7.257209E-4	0.04770547
7.465441E-4	0.047705468
7.6796475E-4	0.047705468
7.9E-4	0.047705464
8.136239E-4	0.04770546
8.379543E-4	0.047705457
8.630122E-4	0.047705453
8.8881946E-4	0.047705445
9.153984E-4	0.047705438
9.427722E-4	0.04770543
9.7096455E-4	0.047705423
0.001	0.047705412
0.0010293103	0.047705397
0.0010594797	0.047705382
0.0010905333	0.047705367
0.0011224973	0.047705345
0.001155398	0.047705323
0.001189263	0.047705293
0.0012241206	0.04770526
0.00126	0.047705222
0.0012961533	0.04770518
0.0013333439	0.047705133
0.0013716016	0.047705073
0.0014109571	0.04770501
0.0014514418	0.04770493
0.0014930882	0.047704846
0.0015359295	0.047704745
0.00158	0.04770463
0.0016272478	0.04770449
0.0016759086	0.047704335
0.0017260244	0.047704153
0.0017776389	0.047703948
0.0018307968	0.04770371
0.0018855444	0.047703438
0.0019419291	0.047703125
0.002	0.04770277
0.0020575977	0.047702383
0.002116854	0.047701947
0.002177817	0.047701452
0.0022405356	0.04770089
0.0023050604	0.04770026
0.0023714434	0.04769955
0.0024397383	0.04769875
0.00251	0.047697853
0.0025833033	0.047696833
0.0026587474	0.047695685
0.0027363948	0.047694404
0.0028163097	0.047692966
0.0028985585	0.04769136
0.0029832094	0.047689572
0.0030703326	0.047687575
0.00316	0.04768535
0.0032524571	0.047682874
0.0033476194	0.047680125
0.003445566	0.047677074
0.0035463783	0.047673695
0.0036501405	0.04766996
0.0037569385	0.047665827
0.003866861	0.047661267
0.00398	0.047656246
0.004096165	0.04765073
0.0042157196	0.047644667
0.0043387646	0.047638014
0.0044654002	0.04763072
0.0045957323	0.04762273
0.0047298684	0.047613993
0.0048679197	0.047604453
0.00501	0.04759404
0.005156579	0.04758267
0.0053074467	0.047570292
0.005462728	0.047556836
0.0056225527	0.04754222
0.0057870536	0.047526374
0.005956367	0.04750921
0.0061306343	0.047490634
0.00631	0.047470562
0.006493865	0.047448985
0.0066830874	0.047425732
0.0068778237	0.047400698
0.007078234	0.047373783
0.0072844843	0.047344875
0.0074967444	0.04731386
0.00771519	0.04728063
0.00794	0.04724506
0.008172275	0.04720688
0.008411343	0.047166094
0.008657407	0.047122583
0.008910668	0.047076203
0.009171338	0.04702683
0.009439633	0.046974327
0.009715778	0.04691856
0.01	0.046859384
0.010292081	0.04679676
0.010592694	0.046730466
0.010902087	0.046660352
0.011220517	0.046586286
0.011548247	0.046508122
0.011885551	0.046425723
0.012232705	0.046338946
0.01259	0.046247657
0.012957647	0.04615174
0.013336032	0.04605104
0.013725464	0.045945425
0.01412627	0.045834765
0.014538779	0.045718934
0.014963334	0.045597814
0.015400288	0.04547128
0.01585	0.04533922
0.016312422	0.04520165
0.016788337	0.04505835
0.017278135	0.044909224
0.017782224	0.044754174
0.01830102	0.044593114
0.01883495	0.044425964
0.019384459	0.04425265
0.01995	0.044073097
0.020533005	0.043886945
0.021133045	0.04369442
0.021750621	0.043495487
0.022386245	0.043290094
0.023040446	0.043078218
0.023713762	0.042859834
0.024406755	0.042634923
0.02512	0.04240348
0.025853088	0.04216583
0.02660757	0.041921675
0.027384069	0.04167103
0.02818323	0.04141392
0.029005712	0.041150372
0.029852198	0.04088043
0.030723387	0.04060414
0.03162	0.04032155
0.032543603	0.040032472
0.033494186	0.039737217
0.034472536	0.039435852
0.03547946	0.039128464
0.0365158	0.03881514
0.03758241	0.03849597
0.03868017	0.03817105
0.03981	0.037840486
0.040972695	0.037504427
0.042169347	0.03716294
0.04340095	0.03681615
0.044668525	0.036464173
0.04597312	0.036107138
0.047315817	0.03574517
0.04869773	0.0353784
0.05012	0.035006963
0.0515838	0.034631
0.053090356	0.034250647
0.05464091	0.033866048
0.05623675	0.033477347
0.0578792	0.033084687
0.059569612	0.032688223
0.0613094	0.032288097
0.0631	0.031884465
0.06494172	0.03147774
0.066837184	0.031067815
0.06878798	0.030654853
0.070795715	0.030239012
0.072862044	0.029820448
0.074988686	0.029399322
0.077177405	0.028975798
0.07943	0.028550038
0.08174976	0.02812195
0.08413727	0.027691958
0.08659451	0.02726023
0.08912351	0.02682694
0.09172637	0.026392259
0.09440525	0.025956362
0.097162366	0.025519429
0.1	0.02508164
0.102919795	0.024643281
0.10592484	0.024204435
0.109017625	0.023765283
0.112200715	0.023326019
0.11547674	0.022886831
0.11884842	0.022447916
0.12231855	0.022009468
0.12589	0.021571685
0.12956645	0.021134682
0.13335027	0.020698745
0.13724458	0.020264078
0.14125264	0.019830888
0.14537773	0.019399377
0.14962329	0.018969754
0.15399285	0.018542225
0.15849	0.018116994
0.16311829	0.01769429
0.16788174	0.0172743
0.17278428	0.016857227
0.17783	0.016443275
0.18302307	0.016032644
0.18836778	0.015625533
0.19386858	0.015222137
0.19953	0.014822647
0.20535603	0.014427301
0.21135218	0.01403623
0.21752341	0.013649613
0.22387484	0.013267621
0.23041171	0.012890422
0.23713945	0.012518174
0.24406363	0.012151029
0.25119	0.011789133
0.25852492	0.011432598
0.26607406	0.01108158
0.27384362	0.010736198
0.28184006	0.010396564
0.29007	0.010062782
0.29854023	0.009734945
0.30725783	0.009413138
0.31623	0.009097437
0.32546407	0.00878791
0.33496782	0.008484613
0.34474903	0.008187591
0.3548159	0.007896885
0.3651767	0.0076125246
0.37584007	0.00733453
0.3868148	0.0070629134
0.39811	0.0067976792
0.40973493	0.0065388256
0.42169935	0.006286339
0.4340131	0.006040201
0.44668642	0.005800386
0.4597298	0.0055668615
0.47315407	0.00533959
0.4869703	0.005118527
0.50119	0.0049036234
0.5158249	0.004694825
0.5308872	0.0044920733
0.5463893	0.0042953053
0.5623441	0.0041044555
0.57876474	0.0039194524
0.59566486	0.0037402245
0.61305845	0.003566695
0.63096	0.0033987858
0.6493842	0.0032364167
0.6683464	0.0030795052
0.6878623	0.0029279662
0.7079481	0.002781714
0.72862035	0.0026406609
0.7498962	0.0025047178
0.7717934	0.0023737946
0.79433	0.0022478
0.8175246	0.002126641
0.8413966	0.0020102249
0.86596555	0.0018984559
0.8912519	0.001791239
0.9172767	0.0016884772
0.9440614	0.001590073
0.97162825	0.0014959277
1.0	0.0014059416
1.029201	0.0013200119
1.0592546	0.0012380395
1.090186	0.001159922
1.1220205	0.0010855561
1.1547846	0.0010148378
1.1885055	9.476621E-4
1.223211	8.8392367E-4
1.25893	8.235164E-4
1.2956905	7.6633604E-4
1.3335243	7.122733E-4
1.3724631	6.6122116E-4
1.4125386	6.1307254E-4
1.4537846	5.6772045E-4
1.4962348	5.2505813E-4
1.5399245	4.8497942E-4
1.58489	4.473786E-4
1.6311698	4.1214994E-4
1.678801	3.7919072E-4
1.727823	3.4839826E-4
1.7782766	3.196714E-4
1.8302034	2.9291047E-4
1.8836465	2.6801755E-4
1.9386501	2.4489674E-4
1.99526	2.2345419E-4
2.0535233	2.0359817E-4
2.113488	1.8523973E-4
2.1752036	1.6829223E-4
2.2387214	1.5267174E-4
2.304094	1.3829708E-4
2.3713756	1.2508998E-4
2.4406219	1.12975074E-4
2.51189	1.0188E-4
2.5852382	9.17356E-5
2.6607285	8.247548E-5
2.7384229	7.403649E-5
2.818386	6.635859E-5
2.900684	5.9384765E-5
2.9853854	5.306109E-5
3.0725598	4.73366E-5
3.16228	4.21633E-5
3.2546198	3.7496073E-5
3.3496559	3.329259E-5
3.447467	2.9513256E-5
3.5481343	2.6121117E-5
3.6517413	2.3081757E-5
3.7583735	2.03632E-5
3.8681195	1.7935807E-5
3.98107	1.5772164E-5
4.097319	1.3846971E-5
4.2169633	1.2136954E-5
4.340101	1.0620724E-5
4.466834	9.278682E-6
4.5972676	8.092908E-6
4.7315106	7.0470514E-6
4.869673	6.1262313E-6
5.01187	5.3169324E-6
5.1582193	4.6069067E-6
5.3088417	3.9850815E-6
5.463863	3.4414652E-6
5.62341	2.967065E-6
5.7876167	2.5538036E-6
5.9566183	2.194441E-6
6.1305547	1.8825037E-6
6.30957	1.6122141E-6
6.493813	1.3784279E-6
6.683436	1.1765753E-6
6.878596	1.0026043E-6
7.079455	8.529302E-7
7.286179	7.2438866E-7
7.4989395	6.14192E-7
7.7179127	5.198898E-7
7.94328	4.3933264E-7
8.175228	3.7063904E-7
8.41395	3.1216564E-7
8.659641	2.6247983E-7
8.912508	2.2033554E-7
9.172758	1.8465111E-7
9.440608	1.5448958E-7
9.716279	1.2904096E-7
10.0	1.0760646E-7



DATASET #3

Name: 1000yr
Num Points: 2
Info: 

X, Y Data:
0.001	0.001
10.0	0.001



DATASET #4

Name: 2500yr
Num Points: 2
Info: 

X, Y Data:
0.001	4.0E-4
10.0	4.0E-4



DATASET #5

Name: 10000yr
Num Points: 2
Info: 

X, Y Data:
0.001	1.0E-4
10.0	1.0E-4


