
X-Axis: 0.2s SA (g)
Y-Axis: Annual Probabilitiy
Number of Data Sets: 5


DATASET #1

Name: UCERF3
Num Points: 401
Info: 

X, Y Data:
1.0E-4	0.05005162
1.0333392E-4	0.05005162
1.06779E-4	0.05005162
1.1033893E-4	0.05005162
1.14017545E-4	0.05005162
1.178188E-4	0.05005162
1.2174679E-4	0.05005162
1.2580573E-4	0.05005162
1.3E-4	0.05005162
1.334183E-4	0.05005162
1.369265E-4	0.05005162
1.4052694E-4	0.05005162
1.4422205E-4	0.05005162
1.4801433E-4	0.05005162
1.5190631E-4	0.05005162
1.5590065E-4	0.05005162
1.6E-4	0.05005162
1.645257E-4	0.05005162
1.691794E-4	0.05005162
1.7396474E-4	0.05005162
1.7888544E-4	0.05005162
1.8394532E-4	0.05005162
1.8914833E-4	0.05005162
1.944985E-4	0.05005162
2.0E-4	0.05005162
2.0565712E-4	0.05005162
2.1147425E-4	0.05005162
2.1745593E-4	0.05005162
2.236068E-4	0.05005162
2.2993165E-4	0.05005162
2.364354E-4	0.05005162
2.4312311E-4	0.05005162
2.5E-4	0.05005162
2.5783465E-4	0.05005162
2.659148E-4	0.05005162
2.742482E-4	0.05005162
2.8284272E-4	0.05005162
2.917066E-4	0.05005162
3.0084825E-4	0.05005162
3.102764E-4	0.05005162
3.2E-4	0.05005162
3.290514E-4	0.05005162
3.383588E-4	0.05005162
3.4792948E-4	0.05005162
3.5777088E-4	0.05005162
3.6789064E-4	0.05005162
3.7829665E-4	0.05005162
3.88997E-4	0.05005162
4.0E-4	0.05005162
4.1131425E-4	0.05005162
4.229485E-4	0.050051615
4.3491187E-4	0.050051615
4.472136E-4	0.050051615
4.598633E-4	0.050051615
4.728708E-4	0.050051615
4.8624622E-4	0.050051615
5.0E-4	0.050051615
5.1465514E-4	0.05005161
5.2973983E-4	0.05005161
5.4526667E-4	0.05005161
5.612486E-4	0.050051607
5.77699E-4	0.050051603
5.946315E-4	0.050051603
6.120603E-4	0.0500516
6.3E-4	0.050051596
6.4807665E-4	0.05005159
6.6667196E-4	0.050051585
6.858008E-4	0.050051577
7.0547854E-4	0.05005157
7.257209E-4	0.050051562
7.465441E-4	0.050051548
7.6796475E-4	0.050051536
7.9E-4	0.05005152
8.136239E-4	0.0500515
8.379543E-4	0.050051477
8.630122E-4	0.05005145
8.8881946E-4	0.050051417
9.153984E-4	0.05005138
9.427722E-4	0.05005133
9.7096455E-4	0.05005128
0.001	0.050051216
0.0010293103	0.05005114
0.0010594797	0.050051056
0.0010905333	0.05005096
0.0011224973	0.05005084
0.001155398	0.050050706
0.001189263	0.05005055
0.0012241206	0.050050363
0.00126	0.05005015
0.0012961533	0.050049912
0.0013333439	0.050049637
0.0013716016	0.050049316
0.0014109571	0.05004895
0.0014514418	0.050048534
0.0014930882	0.050048053
0.0015359295	0.050047502
0.00158	0.050046876
0.0016272478	0.050046127
0.0016759086	0.050045274
0.0017260244	0.0500443
0.0017776389	0.050043184
0.0018307968	0.050041914
0.0018855444	0.050040472
0.0019419291	0.050038833
0.002	0.050036978
0.0020575977	0.05003496
0.002116854	0.05003269
0.002177817	0.05003014
0.0022405356	0.05002728
0.0023050604	0.050024077
0.0023714434	0.050020497
0.0024397383	0.0500165
0.00251	0.050012045
0.0025833033	0.050007015
0.0026587474	0.050001413
0.0027363948	0.04999519
0.0028163097	0.049988285
0.0028985585	0.049980633
0.0029832094	0.04997217
0.0030703326	0.04996282
0.00316	0.049952503
0.0032524571	0.049941123
0.0033476194	0.049928606
0.003445566	0.049914856
0.0035463783	0.04989978
0.0036501405	0.049883272
0.0037569385	0.04986522
0.003866861	0.049845513
0.00398	0.04982403
0.004096165	0.0498007
0.0042157196	0.04977535
0.0043387646	0.049747836
0.0044654002	0.04971802
0.0045957323	0.049685754
0.0047298684	0.049650893
0.0048679197	0.04961327
0.00501	0.049572732
0.005156579	0.049529005
0.0053074467	0.049482007
0.005462728	0.049431574
0.0056225527	0.049377516
0.0057870536	0.049319662
0.005956367	0.04925783
0.0061306343	0.049191833
0.00631	0.049121484
0.006493865	0.049046908
0.0066830874	0.04896765
0.0068778237	0.04888352
0.007078234	0.04879434
0.0072844843	0.04869993
0.0074967444	0.048600107
0.00771519	0.048494704
0.00794	0.04838354
0.008172275	0.048265982
0.008411343	0.04814229
0.008657407	0.04801231
0.008910668	0.047875877
0.009171338	0.047732856
0.009439633	0.047583107
0.009715778	0.0474265
0.01	0.04726292
0.010292081	0.04709252
0.010592694	0.046914957
0.010902087	0.046730146
0.011220517	0.046538
0.011548247	0.04633846
0.011885551	0.046131473
0.012232705	0.045916993
0.01259	0.045694992
0.012957647	0.045465507
0.013336032	0.045228478
0.013725464	0.044983923
0.01412627	0.04473186
0.014538779	0.044472322
0.014963334	0.044205356
0.015400288	0.04393103
0.01585	0.04364941
0.016312422	0.043360848
0.016788337	0.043065194
0.017278135	0.04276255
0.017782224	0.04245305
0.01830102	0.042136814
0.01883495	0.041813992
0.019384459	0.041484736
0.01995	0.041149206
0.020533005	0.04080702
0.021133045	0.040458895
0.021750621	0.040105022
0.022386245	0.0397456
0.023040446	0.039380834
0.023713762	0.03901093
0.024406755	0.03863611
0.02512	0.038256593
0.025853088	0.037873123
0.02660757	0.03748542
0.027384069	0.037093718
0.02818323	0.036698245
0.029005712	0.036299236
0.029852198	0.03589693
0.030723387	0.035491567
0.03162	0.035083372
0.032543603	0.03467223
0.033494186	0.034258723
0.034472536	0.033843093
0.03547946	0.033425562
0.0365158	0.033006366
0.03758241	0.03258573
0.03868017	0.03216387
0.03981	0.03174101
0.040972695	0.0313174
0.042169347	0.030893214
0.04340095	0.03046865
0.044668525	0.03004391
0.04597312	0.029619182
0.047315817	0.029194657
0.04869773	0.028770518
0.05012	0.02834694
0.0515838	0.027924096
0.053090356	0.027502151
0.05464091	0.027081259
0.05623675	0.026661573
0.0578792	0.026243242
0.059569612	0.025826402
0.0613094	0.025411187
0.0631	0.024997726
0.06494172	0.024586398
0.066837184	0.024177056
0.06878798	0.02376981
0.070795715	0.023364766
0.072862044	0.022962015
0.074988686	0.022561654
0.077177405	0.02216377
0.07943	0.021768441
0.08174976	0.02137551
0.08413727	0.02098529
0.08659451	0.020597845
0.08912351	0.020213237
0.09172637	0.019831529
0.09440525	0.019452771
0.097162366	0.019077018
0.1	0.018704314
0.102919795	0.018334795
0.10592484	0.017968412
0.109017625	0.017605202
0.112200715	0.017245203
0.11547674	0.016888449
0.11884842	0.016534971
0.12231855	0.0161848
0.12589	0.015837964
0.12956645	0.015494427
0.13335027	0.015154282
0.13724458	0.014817554
0.14125264	0.014484269
0.14537773	0.014154452
0.14962329	0.013828128
0.15399285	0.013505321
0.15849	0.013186055
0.16311829	0.0128703695
0.16788174	0.012558275
0.17278428	0.012249797
0.17783	0.011944962
0.18302307	0.011643795
0.18836778	0.011346324
0.19386858	0.011052579
0.19953	0.010762584
0.20535603	0.010476406
0.21135218	0.010194038
0.21752341	0.009915511
0.22387484	0.009640856
0.23041171	0.0093701035
0.23713945	0.009103287
0.24406363	0.008840437
0.25119	0.008581588
0.25852492	0.008326755
0.26607406	0.008075988
0.27384362	0.007829321
0.28184006	0.0075867837
0.29007	0.00734841
0.29854023	0.0071142307
0.30725783	0.006884276
0.31623	0.006658575
0.32546407	0.0064371577
0.33496782	0.006220049
0.34474903	0.0060072737
0.3548159	0.005798855
0.3651767	0.005594813
0.37584007	0.005395166
0.3868148	0.005199931
0.39811	0.0050091203
0.40973493	0.004822745
0.42169935	0.004640811
0.4340131	0.004463321
0.44668642	0.0042902757
0.4597298	0.00412167
0.47315407	0.003957497
0.4869703	0.0037977442
0.50119	0.0036423956
0.5158249	0.003491431
0.5308872	0.003344826
0.5463893	0.0032025517
0.5623441	0.0030645751
0.57876474	0.0029308586
0.59566486	0.002801361
0.61305845	0.0026760362
0.63096	0.0025548346
0.6493842	0.0024377021
0.6683464	0.0023245816
0.6878623	0.002215411
0.7079481	0.0021101262
0.72862035	0.002008659
0.7498962	0.0019109386
0.7717934	0.001816891
0.79433	0.0017264399
0.8175246	0.001639507
0.8413966	0.0015560116
0.86596555	0.0014758713
0.8912519	0.0013990025
0.9172767	0.0013253201
0.9440614	0.0012547383
0.97162825	0.0011871705
1.0	0.00112253
1.029201	0.0010607279
1.0592546	0.0010016791
1.090186	9.4529695E-4
1.1220205	8.9149515E-4
1.1547846	8.4018835E-4
1.1885055	7.91292E-4
1.223211	7.447226E-4
1.25893	7.0039794E-4
1.2956905	6.582388E-4
1.3335243	6.181637E-4
1.3724631	5.800949E-4
1.4125386	5.43956E-4
1.4537846	5.0967245E-4
1.4962348	4.7717136E-4
1.5399245	4.463817E-4
1.58489	4.1723423E-4
1.6311698	3.8966074E-4
1.678801	3.6359654E-4
1.727823	3.3897784E-4
1.7782766	3.1574277E-4
1.8302034	2.938312E-4
1.8836465	2.731848E-4
1.9386501	2.5374704E-4
1.99526	2.3546313E-4
2.0535233	2.1827983E-4
2.113488	2.0214585E-4
2.1752036	1.8701142E-4
2.2387214	1.7282838E-4
2.304094	1.5955014E-4
2.3713756	1.4713166E-4
2.4406219	1.3552942E-4
2.51189	1.2470139E-4
2.5852382	1.1460713E-4
2.6607285	1.0520735E-4
2.7384229	9.646431E-5
2.818386	8.834167E-5
2.900684	8.080445E-5
2.9853854	7.381899E-5
3.0725598	6.735298E-5
3.16228	6.1375365E-5
3.2546198	5.585641E-5
3.3496559	5.0767605E-5
3.447467	4.608168E-5
3.5481343	4.177259E-5
3.6517413	3.781548E-5
3.7583735	3.4186665E-5
3.8681195	3.086362E-5
3.98107	2.7824926E-5
4.097319	2.505027E-5
4.2169633	2.2520439E-5
4.340101	2.0217241E-5
4.466834	1.812352E-5
4.5972676	1.6223097E-5
4.7315106	1.4500761E-5
4.869673	1.2942227E-5
5.01187	1.1534105E-5
5.1582193	1.0263872E-5
5.3088417	9.119832E-6
5.463863	8.091082E-6
5.62341	7.167486E-6
5.7876167	6.3396274E-6
5.9566183	5.598785E-6
6.1305547	4.9368905E-6
6.30957	4.3464993E-6
6.493813	3.8207527E-6
6.683436	3.353347E-6
6.878596	2.9384978E-6
7.079455	2.5709098E-6
7.286179	2.2457439E-6
7.4989395	1.9585877E-6
7.7179127	1.7054258E-6
7.94328	1.4826114E-6
8.175228	1.2868396E-6
8.41395	1.1151209E-6
8.659641	9.647573E-7
8.912508	8.333183E-7
9.172758	7.186192E-7
9.440608	6.187001E-7
9.716279	5.318062E-7
10.0	4.5637017E-7



DATASET #2

Name: RSQSim
Num Points: 401
Info: 

X, Y Data:
1.0E-4	0.04668687
1.0333392E-4	0.04668687
1.06779E-4	0.04668687
1.1033893E-4	0.04668687
1.14017545E-4	0.04668687
1.178188E-4	0.04668687
1.2174679E-4	0.04668687
1.2580573E-4	0.04668687
1.3E-4	0.04668687
1.334183E-4	0.04668687
1.369265E-4	0.04668687
1.4052694E-4	0.04668687
1.4422205E-4	0.04668687
1.4801433E-4	0.04668687
1.5190631E-4	0.04668687
1.5590065E-4	0.04668687
1.6E-4	0.04668687
1.645257E-4	0.04668687
1.691794E-4	0.04668687
1.7396474E-4	0.04668687
1.7888544E-4	0.04668687
1.8394532E-4	0.04668687
1.8914833E-4	0.04668687
1.944985E-4	0.04668687
2.0E-4	0.04668687
2.0565712E-4	0.04668687
2.1147425E-4	0.04668687
2.1745593E-4	0.04668687
2.236068E-4	0.04668687
2.2993165E-4	0.04668687
2.364354E-4	0.04668687
2.4312311E-4	0.04668687
2.5E-4	0.04668687
2.5783465E-4	0.04668687
2.659148E-4	0.04668687
2.742482E-4	0.04668687
2.8284272E-4	0.04668687
2.917066E-4	0.04668687
3.0084825E-4	0.04668687
3.102764E-4	0.04668687
3.2E-4	0.04668687
3.290514E-4	0.04668687
3.383588E-4	0.04668687
3.4792948E-4	0.04668687
3.5777088E-4	0.04668687
3.6789064E-4	0.04668687
3.7829665E-4	0.04668687
3.88997E-4	0.046686865
4.0E-4	0.046686865
4.1131425E-4	0.046686865
4.229485E-4	0.046686865
4.3491187E-4	0.046686865
4.472136E-4	0.046686865
4.598633E-4	0.046686865
4.728708E-4	0.046686865
4.8624622E-4	0.046686865
5.0E-4	0.046686865
5.1465514E-4	0.04668686
5.2973983E-4	0.04668686
5.4526667E-4	0.04668686
5.612486E-4	0.046686858
5.77699E-4	0.046686858
5.946315E-4	0.046686854
6.120603E-4	0.046686854
6.3E-4	0.04668685
6.4807665E-4	0.046686847
6.6667196E-4	0.046686843
6.858008E-4	0.046686836
7.0547854E-4	0.04668683
7.257209E-4	0.046686824
7.465441E-4	0.046686813
7.6796475E-4	0.046686802
7.9E-4	0.04668679
8.136239E-4	0.046686776
8.379543E-4	0.046686757
8.630122E-4	0.046686735
8.8881946E-4	0.04668671
9.153984E-4	0.04668668
9.427722E-4	0.046686642
9.7096455E-4	0.0466866
0.001	0.04668655
0.0010293103	0.046686493
0.0010594797	0.046686426
0.0010905333	0.046686344
0.0011224973	0.046686254
0.001155398	0.046686143
0.001189263	0.04668602
0.0012241206	0.04668587
0.00126	0.046685703
0.0012961533	0.04668551
0.0013333439	0.04668529
0.0013716016	0.046685033
0.0014109571	0.04668474
0.0014514418	0.0466844
0.0014930882	0.04668401
0.0015359295	0.04668357
0.00158	0.046683062
0.0016272478	0.04668246
0.0016759086	0.046681765
0.0017260244	0.04668097
0.0017776389	0.046680063
0.0018307968	0.046679027
0.0018855444	0.04667785
0.0019419291	0.04667651
0.002	0.046674985
0.0020575977	0.046673328
0.002116854	0.046671458
0.002177817	0.046669353
0.0022405356	0.04666699
0.0023050604	0.04666434
0.0023714434	0.046661366
0.0024397383	0.046658043
0.00251	0.046654332
0.0025833033	0.04665013
0.0026587474	0.046645444
0.0027363948	0.046640225
0.0028163097	0.04663442
0.0028985585	0.046627972
0.0029832094	0.046620823
0.0030703326	0.04661291
0.00316	0.04660416
0.0032524571	0.046594482
0.0033476194	0.04658381
0.003445566	0.04657206
0.0035463783	0.046559144
0.0036501405	0.04654496
0.0037569385	0.04652942
0.003866861	0.046512406
0.00398	0.046493806
0.004096165	0.04647356
0.0042157196	0.046451494
0.0043387646	0.046427485
0.0044654002	0.046401396
0.0045957323	0.046373084
0.0047298684	0.046342406
0.0048679197	0.046309207
0.00501	0.046273332
0.005156579	0.046234526
0.0053074467	0.046192694
0.005462728	0.04614767
0.0056225527	0.046099275
0.0057870536	0.046047322
0.005956367	0.04599163
0.0061306343	0.04593201
0.00631	0.045868263
0.006493865	0.04580048
0.0066830874	0.04572822
0.0068778237	0.045651287
0.007078234	0.045569487
0.0072844843	0.045482617
0.0074967444	0.045390487
0.00771519	0.0452929
0.00794	0.045189664
0.008172275	0.045080148
0.008411343	0.04496456
0.008657407	0.04484271
0.008910668	0.044714417
0.009171338	0.04457951
0.009439633	0.04443782
0.009715778	0.04428918
0.01	0.044133447
0.010292081	0.043970723
0.010592694	0.04380065
0.010902087	0.043623094
0.011220517	0.043437943
0.011548247	0.0432451
0.011885551	0.04304447
0.012232705	0.04283598
0.01259	0.042619564
0.012957647	0.04239522
0.013336032	0.04216286
0.013725464	0.041922472
0.01412627	0.041674044
0.014538779	0.04141758
0.014963334	0.041153107
0.015400288	0.040880658
0.01585	0.040600292
0.016312422	0.04031234
0.016788337	0.040016633
0.017278135	0.039713275
0.017782224	0.039402377
0.01830102	0.039084066
0.01883495	0.038758494
0.019384459	0.038425807
0.01995	0.038086187
0.020533005	0.03773924
0.021133045	0.03738571
0.021750621	0.037025813
0.022386245	0.036659766
0.023040446	0.036287803
0.023713762	0.03591016
0.024406755	0.035527084
0.02512	0.035138838
0.025853088	0.034746215
0.02660757	0.03434897
0.027384069	0.03394737
0.02818323	0.033541698
0.029005712	0.033132233
0.029852198	0.03271926
0.030723387	0.032303065
0.03162	0.031883933
0.032543603	0.031461775
0.033494186	0.031037243
0.034472536	0.03061062
0.03547946	0.03018218
0.0365158	0.029752204
0.03758241	0.029320957
0.03868017	0.028888704
0.03981	0.0284557
0.040972695	0.028022248
0.042169347	0.027588539
0.04340095	0.02715481
0.044668525	0.02672129
0.04597312	0.026288193
0.047315817	0.02585573
0.04869773	0.0254241
0.05012	0.024993498
0.0515838	0.024564104
0.053090356	0.024136089
0.05464091	0.023709616
0.05623675	0.02328484
0.0578792	0.022861905
0.059569612	0.02244095
0.0613094	0.022022098
0.0631	0.021605473
0.06494172	0.021191448
0.066837184	0.020779865
0.06878798	0.02037082
0.070795715	0.01996441
0.072862044	0.01956072
0.074988686	0.019159833
0.077177405	0.018761827
0.07943	0.018366775
0.08174976	0.017974513
0.08413727	0.017585348
0.08659451	0.01719935
0.08912351	0.01681658
0.09172637	0.016437104
0.09440525	0.016060984
0.097162366	0.015688283
0.1	0.015319066
0.102919795	0.014953484
0.10592484	0.014591512
0.109017625	0.0142332185
0.112200715	0.013878669
0.11547674	0.0135279335
0.11884842	0.013181085
0.12231855	0.012838194
0.12589	0.012499338
0.12956645	0.012164527
0.13335027	0.011833905
0.13724458	0.011507553
0.14125264	0.01118555
0.14537773	0.010867979
0.14962329	0.010554923
0.15399285	0.010246462
0.15849	0.00994268
0.16311829	0.00964367
0.16788174	0.009349501
0.17278428	0.009060251
0.17783	0.008775996
0.18302307	0.008496813
0.18836778	0.008222771
0.19386858	0.007953939
0.19953	0.0076903803
0.20535603	0.0074321856
0.21135218	0.0071793767
0.21752341	0.006932003
0.22387484	0.0066901064
0.23041171	0.006453725
0.23713945	0.006222888
0.24406363	0.0059976196
0.25119	0.0057779364
0.25852492	0.0055638333
0.26607406	0.005355326
0.27384362	0.00515241
0.28184006	0.00495507
0.29007	0.0047632866
0.29854023	0.00457703
0.30725783	0.0043962644
0.31623	0.0042209458
0.32546407	0.0040510246
0.33496782	0.0038864417
0.34474903	0.0037271327
0.3548159	0.0035730265
0.3651767	0.0034240459
0.37584007	0.003280108
0.3868148	0.0031411252
0.39811	0.0030070038
0.40973493	0.0028776473
0.42169935	0.002752953
0.4340131	0.0026328156
0.44668642	0.002517127
0.4597298	0.0024057757
0.47315407	0.0022986485
0.4869703	0.0021956305
0.50119	0.002096605
0.5158249	0.0020014548
0.5308872	0.001910062
0.5463893	0.0018223092
0.5623441	0.0017380788
0.57876474	0.0016572541
0.59566486	0.0015797192
0.61305845	0.0015053602
0.63096	0.0014340644
0.6493842	0.0013657211
0.6683464	0.0013002219
0.6878623	0.0012374606
0.7079481	0.001177334
0.72862035	0.0011197411
0.7498962	0.0010645844
0.7717934	0.0010117689
0.79433	9.612032E-4
0.8175246	9.127985E-4
0.8413966	8.6646964E-4
0.86596555	8.2213443E-4
0.8912519	7.797139E-4
0.9172767	7.3913235E-4
0.9440614	7.003171E-4
0.97162825	6.631986E-4
1.0	6.277103E-4
1.029201	5.9378776E-4
1.0592546	5.61371E-4
1.090186	5.304019E-4
1.1220205	5.0082494E-4
1.1547846	4.725871E-4
1.1885055	4.4563765E-4
1.223211	4.1992808E-4
1.25893	3.9541203E-4
1.2956905	3.7204605E-4
1.3335243	3.4978654E-4
1.3724631	3.2859267E-4
1.4125386	3.084252E-4
1.4537846	2.8924632E-4
1.4962348	2.710197E-4
1.5399245	2.5371017E-4
1.58489	2.3728375E-4
1.6311698	2.2170715E-4
1.678801	2.069489E-4
1.727823	1.9297804E-4
1.7782766	1.7976442E-4
1.8302034	1.6727867E-4
1.8836465	1.5549216E-4
1.9386501	1.4437696E-4
1.99526	1.3390575E-4
2.0535233	1.240518E-4
2.113488	1.1478909E-4
2.1752036	1.0609211E-4
2.2387214	9.793591E-5
2.304094	9.029609E-5
2.3713756	8.3148785E-5
2.4406219	7.647071E-5
2.51189	7.023909E-5
2.5852382	6.443182E-5
2.6607285	5.9027192E-5
2.7384229	5.4004144E-5
2.818386	4.9342223E-5
2.900684	4.502156E-5
2.9853854	4.10229E-5
3.0725598	3.7327613E-5
3.16228	3.39177E-5
3.2546198	3.0775805E-5
3.3496559	2.7885206E-5
3.447467	2.5229845E-5
3.5481343	2.2794324E-5
3.6517413	2.0563899E-5
3.7583735	1.8524492E-5
3.8681195	1.666268E-5
3.98107	1.4965697E-5
4.097319	1.3421417E-5
4.2169633	1.2018367E-5
4.340101	1.0745697E-5
4.466834	9.593172E-6
4.5972676	8.551158E-6
4.7315106	7.6106135E-6
4.869673	6.76306E-6
5.01187	6.000573E-6
5.1582193	5.315761E-6
5.3088417	4.7017406E-6
5.463863	4.15212E-6
5.62341	3.660975E-6
5.7876167	3.2228268E-6
5.9566183	2.8326203E-6
6.1305547	2.4857018E-6
6.30957	2.1777946E-6
6.493813	1.9049793E-6
6.683436	1.6636708E-6
6.878596	1.450597E-6
7.079455	1.2627778E-6
7.286179	1.0975051E-6
7.4989395	9.5232303E-7
7.7179127	8.250097E-7
7.94328	7.135588E-7
8.175228	6.161628E-7
8.41395	5.3119675E-7
8.659641	4.5720265E-7
8.912508	3.9287536E-7
9.172758	3.3704904E-7
9.440608	2.886843E-7
9.716279	2.4685653E-7
10.0	2.1074497E-7



DATASET #3

Name: 1000yr
Num Points: 2
Info: 

X, Y Data:
0.001	0.001
10.0	0.001



DATASET #4

Name: 2500yr
Num Points: 2
Info: 

X, Y Data:
0.001	4.0E-4
10.0	4.0E-4



DATASET #5

Name: 10000yr
Num Points: 2
Info: 

X, Y Data:
0.001	1.0E-4
10.0	1.0E-4


