
X-Axis: 0.2s SA (g)
Y-Axis: Annual Probabilitiy
Number of Data Sets: 5


DATASET #1

Name: UCERF3
Num Points: 401
Info: 

X, Y Data:
1.0E-4	0.048784044
1.0333392E-4	0.048784044
1.06779E-4	0.048784044
1.1033893E-4	0.048784044
1.14017545E-4	0.048784044
1.178188E-4	0.048784044
1.2174679E-4	0.048784044
1.2580573E-4	0.048784044
1.3E-4	0.048784044
1.334183E-4	0.048784044
1.369265E-4	0.048784044
1.4052694E-4	0.048784044
1.4422205E-4	0.048784044
1.4801433E-4	0.048784044
1.5190631E-4	0.048784044
1.5590065E-4	0.048784044
1.6E-4	0.048784044
1.645257E-4	0.048784044
1.691794E-4	0.048784044
1.7396474E-4	0.048784044
1.7888544E-4	0.048784044
1.8394532E-4	0.048784044
1.8914833E-4	0.048784044
1.944985E-4	0.048784044
2.0E-4	0.048784044
2.0565712E-4	0.048784044
2.1147425E-4	0.048784044
2.1745593E-4	0.048784044
2.236068E-4	0.048784044
2.2993165E-4	0.048784044
2.364354E-4	0.048784044
2.4312311E-4	0.048784044
2.5E-4	0.048784044
2.5783465E-4	0.048784044
2.659148E-4	0.048784044
2.742482E-4	0.048784044
2.8284272E-4	0.048784044
2.917066E-4	0.04878404
3.0084825E-4	0.04878404
3.102764E-4	0.04878404
3.2E-4	0.04878404
3.290514E-4	0.04878404
3.383588E-4	0.04878404
3.4792948E-4	0.04878404
3.5777088E-4	0.04878404
3.6789064E-4	0.04878404
3.7829665E-4	0.04878404
3.88997E-4	0.04878404
4.0E-4	0.04878404
4.1131425E-4	0.04878404
4.229485E-4	0.04878404
4.3491187E-4	0.04878404
4.472136E-4	0.04878404
4.598633E-4	0.04878404
4.728708E-4	0.048784036
4.8624622E-4	0.048784036
5.0E-4	0.048784036
5.1465514E-4	0.048784032
5.2973983E-4	0.048784032
5.4526667E-4	0.04878403
5.612486E-4	0.04878403
5.77699E-4	0.048784025
5.946315E-4	0.04878402
6.120603E-4	0.048784018
6.3E-4	0.048784014
6.4807665E-4	0.048784006
6.6667196E-4	0.048784
6.858008E-4	0.04878399
7.0547854E-4	0.04878398
7.257209E-4	0.04878397
7.465441E-4	0.048783954
7.6796475E-4	0.048783936
7.9E-4	0.048783917
8.136239E-4	0.04878389
8.379543E-4	0.04878386
8.630122E-4	0.048783828
8.8881946E-4	0.048783787
9.153984E-4	0.04878374
9.427722E-4	0.04878368
9.7096455E-4	0.04878361
0.001	0.04878353
0.0010293103	0.04878344
0.0010594797	0.048783332
0.0010905333	0.04878321
0.0011224973	0.048783064
0.001155398	0.048782893
0.001189263	0.0487827
0.0012241206	0.04878247
0.00126	0.04878221
0.0012961533	0.048781913
0.0013333439	0.048781574
0.0013716016	0.048781183
0.0014109571	0.048780736
0.0014514418	0.04878022
0.0014930882	0.048779637
0.0015359295	0.04877897
0.00158	0.048778206
0.0016272478	0.048777305
0.0016759086	0.048776273
0.0017260244	0.048775095
0.0017776389	0.048773758
0.0018307968	0.04877224
0.0018855444	0.048770513
0.0019419291	0.04876856
0.002	0.048766356
0.0020575977	0.048763964
0.002116854	0.04876128
0.002177817	0.04875827
0.0022405356	0.0487549
0.0023050604	0.048751142
0.0023714434	0.04874695
0.0024397383	0.04874228
0.00251	0.04873709
0.0025833033	0.04873124
0.0026587474	0.04872475
0.0027363948	0.04871755
0.0028163097	0.048709583
0.0028985585	0.04870078
0.0029832094	0.04869106
0.0030703326	0.048680354
0.00316	0.048668575
0.0032524571	0.04865561
0.0033476194	0.048641384
0.003445566	0.0486258
0.0035463783	0.048608754
0.0036501405	0.04859013
0.0037569385	0.04856982
0.003866861	0.048547704
0.00398	0.048523646
0.004096165	0.04849759
0.0042157196	0.04846934
0.0043387646	0.048438754
0.0044654002	0.048405692
0.0045957323	0.04837
0.0047298684	0.04833152
0.0048679197	0.048290096
0.00501	0.048245568
0.005156579	0.048197646
0.0053074467	0.048146266
0.005462728	0.04809125
0.0056225527	0.048032425
0.0057870536	0.04796961
0.005956367	0.04790263
0.0061306343	0.047831297
0.00631	0.047755435
0.006493865	0.047675196
0.0066830874	0.047590107
0.0068778237	0.047499992
0.007078234	0.04740468
0.0072844843	0.047303997
0.0074967444	0.047197774
0.00771519	0.047085855
0.00794	0.046968076
0.008172275	0.046843793
0.008411343	0.046713307
0.008657407	0.04657647
0.008910668	0.046433154
0.009171338	0.04628323
0.009439633	0.046126585
0.009715778	0.045963112
0.01	0.045792714
0.010292081	0.045615576
0.010592694	0.045431376
0.010902087	0.04524004
0.011220517	0.045041524
0.011548247	0.044835787
0.011885551	0.044622798
0.012232705	0.04440254
0.01259	0.044175018
0.012957647	0.043940287
0.013336032	0.04369833
0.013725464	0.043449175
0.01412627	0.04319288
0.014538779	0.042929497
0.014963334	0.042659115
0.015400288	0.042381812
0.01585	0.042097695
0.016312422	0.041807137
0.016788337	0.041510016
0.017278135	0.04120646
0.017782224	0.040896628
0.01830102	0.040580668
0.01883495	0.04025875
0.019384459	0.03993106
0.01995	0.039597776
0.020533005	0.039258543
0.021133045	0.038914107
0.021750621	0.038564675
0.022386245	0.038210474
0.023040446	0.03785172
0.023713762	0.037488658
0.024406755	0.037121516
0.02512	0.03675054
0.025853088	0.036376476
0.02660757	0.035999075
0.027384069	0.035618592
0.02818323	0.035235267
0.029005712	0.03484936
0.029852198	0.03446112
0.030723387	0.034070794
0.03162	0.033678632
0.032543603	0.033284534
0.033494186	0.03288909
0.034472536	0.03249254
0.03547946	0.032095123
0.0365158	0.03169707
0.03758241	0.031298604
0.03868017	0.030899951
0.03981	0.030501325
0.040972695	0.030102974
0.042169347	0.029705055
0.04340095	0.029307757
0.044668525	0.02891126
0.04597312	0.02851574
0.047315817	0.028121358
0.04869773	0.027728265
0.05012	0.027336609
0.0515838	0.026946519
0.053090356	0.026558114
0.05464091	0.026171507
0.05623675	0.025786798
0.0578792	0.025404071
0.059569612	0.025023406
0.0613094	0.02464487
0.0631	0.024268517
0.06494172	0.023894629
0.066837184	0.023523001
0.06878798	0.023153659
0.070795715	0.022786621
0.072862044	0.02242189
0.074988686	0.022059472
0.077177405	0.021699352
0.07943	0.02134152
0.08174976	0.020985737
0.08413727	0.020632196
0.08659451	0.020280864
0.08912351	0.01993171
0.09172637	0.019584691
0.09440525	0.019239774
0.097162366	0.018896917
0.1	0.01855608
0.102919795	0.01821731
0.10592484	0.017880484
0.109017625	0.01754557
0.112200715	0.017212538
0.11547674	0.016881363
0.11884842	0.016552027
0.12231855	0.016224515
0.12589	0.01589882
0.12956645	0.015574878
0.13335027	0.0152527625
0.13724458	0.014932487
0.14125264	0.014614078
0.14537773	0.014297566
0.14962329	0.013982995
0.15399285	0.013670414
0.15849	0.013359881
0.16311829	0.013051476
0.16788174	0.012745263
0.17278428	0.012441323
0.17783	0.012139747
0.18302307	0.011840632
0.18836778	0.01154408
0.19386858	0.011250202
0.19953	0.010959107
0.20535603	0.010670951
0.21135218	0.010385815
0.21752341	0.010103822
0.22387484	0.009825094
0.23041171	0.009549755
0.23713945	0.009277927
0.24406363	0.00900973
0.25119	0.008745283
0.25852492	0.008484683
0.26607406	0.008228059
0.27384362	0.007975516
0.28184006	0.0077271536
0.29007	0.007483065
0.29854023	0.007243337
0.30725783	0.0070080482
0.31623	0.0067772693
0.32546407	0.006551064
0.33496782	0.0063294857
0.34474903	0.0061125783
0.3548159	0.0059003783
0.3651767	0.0056929137
0.37584007	0.005490202
0.3868148	0.005292253
0.39811	0.005099069
0.40973493	0.004910643
0.42169935	0.0047269594
0.4340131	0.004547995
0.44668642	0.004373721
0.4597298	0.004204101
0.47315407	0.0040390925
0.4869703	0.0038786477
0.50119	0.0037227138
0.5158249	0.0035712332
0.5308872	0.0034241448
0.5463893	0.003281384
0.5623441	0.003142883
0.57876474	0.0030085724
0.59566486	0.0028783805
0.61305845	0.002752234
0.63096	0.0026300594
0.6493842	0.0025117819
0.6683464	0.002397327
0.6878623	0.0022866197
0.7079481	0.002179586
0.72862035	0.0020761522
0.7498962	0.0019762455
0.7717934	0.001879794
0.79433	0.0017867268
0.8175246	0.001696974
0.8413966	0.001610467
0.86596555	0.0015271379
0.8912519	0.0014469204
0.9172767	0.0013697487
0.9440614	0.0012955583
0.97162825	0.001224285
1.0	0.001155866
1.029201	0.0010902367
1.0592546	0.001027337
1.090186	9.671051E-4
1.1220205	9.094793E-4
1.1547846	8.5439807E-4
1.1885055	8.0179994E-4
1.223211	7.5162324E-4
1.25893	7.038061E-4
1.2956905	6.582882E-4
1.3335243	6.15005E-4
1.3724631	5.738937E-4
1.4125386	5.3489115E-4
1.4537846	4.979337E-4
1.4962348	4.6295743E-4
1.5399245	4.2989798E-4
1.58489	3.986908E-4
1.6311698	3.6927033E-4
1.678801	3.4157257E-4
1.727823	3.1553255E-4
1.7782766	2.9108545E-4
1.8302034	2.681666E-4
1.8836465	2.4671166E-4
1.9386501	2.2665669E-4
1.99526	2.0793841E-4
2.0535233	1.9049409E-4
2.113488	1.7426208E-4
2.1752036	1.5918163E-4
2.2387214	1.4519306E-4
2.304094	1.3223791E-4
2.3713756	1.20259116E-4
2.4406219	1.0920101E-4
2.51189	9.900953E-5
2.5852382	8.963234E-5
2.6607285	8.1018596E-5
2.7384229	7.3119365E-5
2.818386	6.588759E-5
2.900684	5.9278078E-5
2.9853854	5.3247597E-5
3.0725598	4.7754856E-5
3.16228	4.2760526E-5
3.2546198	3.8227263E-5
3.3496559	3.4119646E-5
3.447467	3.0404222E-5
3.5481343	2.704944E-5
3.6517413	2.4025629E-5
3.7583735	2.1304955E-5
3.8681195	1.886137E-5
3.98107	1.667056E-5
4.097319	1.4709868E-5
4.2169633	1.2958272E-5
4.340101	1.1396279E-5
4.466834	1.0005867E-5
4.5972676	8.770417E-6
4.7315106	7.674637E-6
4.869673	6.704495E-6
5.01187	5.847138E-6
5.1582193	5.0908266E-6
5.3088417	4.4248627E-6
5.463863	3.839518E-6
5.62341	3.3259673E-6
5.7876167	2.8762245E-6
5.9566183	2.4830779E-6
6.1305547	2.140031E-6
6.30957	1.8412442E-6
6.493813	1.5814807E-6
6.683436	1.356055E-6
6.878596	1.1607843E-6
7.079455	9.919427E-7
7.286179	8.462183E-7
7.4989395	7.2067485E-7
7.7179127	6.127139E-7
7.94328	5.2004145E-7
8.175228	4.406367E-7
8.41395	3.727233E-7
8.659641	3.1474326E-7
8.912508	2.6533306E-7
9.172758	2.2330187E-7
9.440608	1.8761199E-7
9.716279	1.5736114E-7
10.0	1.3176638E-7



DATASET #2

Name: RSQSim
Num Points: 401
Info: 

X, Y Data:
1.0E-4	0.04396934
1.0333392E-4	0.04396934
1.06779E-4	0.04396934
1.1033893E-4	0.04396934
1.14017545E-4	0.04396934
1.178188E-4	0.04396934
1.2174679E-4	0.04396934
1.2580573E-4	0.04396934
1.3E-4	0.04396934
1.334183E-4	0.04396934
1.369265E-4	0.04396934
1.4052694E-4	0.04396934
1.4422205E-4	0.04396934
1.4801433E-4	0.04396934
1.5190631E-4	0.04396934
1.5590065E-4	0.04396934
1.6E-4	0.04396934
1.645257E-4	0.04396934
1.691794E-4	0.04396934
1.7396474E-4	0.04396934
1.7888544E-4	0.04396934
1.8394532E-4	0.04396934
1.8914833E-4	0.04396934
1.944985E-4	0.04396934
2.0E-4	0.04396934
2.0565712E-4	0.04396934
2.1147425E-4	0.04396934
2.1745593E-4	0.04396934
2.236068E-4	0.04396934
2.2993165E-4	0.04396934
2.364354E-4	0.04396934
2.4312311E-4	0.04396934
2.5E-4	0.04396934
2.5783465E-4	0.04396934
2.659148E-4	0.04396934
2.742482E-4	0.04396934
2.8284272E-4	0.04396934
2.917066E-4	0.04396934
3.0084825E-4	0.04396934
3.102764E-4	0.04396934
3.2E-4	0.04396934
3.290514E-4	0.04396934
3.383588E-4	0.04396934
3.4792948E-4	0.04396934
3.5777088E-4	0.04396934
3.6789064E-4	0.04396934
3.7829665E-4	0.04396934
3.88997E-4	0.04396934
4.0E-4	0.04396934
4.1131425E-4	0.04396934
4.229485E-4	0.04396934
4.3491187E-4	0.04396934
4.472136E-4	0.04396934
4.598633E-4	0.04396934
4.728708E-4	0.04396934
4.8624622E-4	0.043969337
5.0E-4	0.043969337
5.1465514E-4	0.043969337
5.2973983E-4	0.043969337
5.4526667E-4	0.043969333
5.612486E-4	0.043969333
5.77699E-4	0.043969333
5.946315E-4	0.04396933
6.120603E-4	0.043969326
6.3E-4	0.043969322
6.4807665E-4	0.04396932
6.6667196E-4	0.043969315
6.858008E-4	0.04396931
7.0547854E-4	0.043969303
7.257209E-4	0.043969296
7.465441E-4	0.04396929
7.6796475E-4	0.043969277
7.9E-4	0.043969266
8.136239E-4	0.04396925
8.379543E-4	0.043969233
8.630122E-4	0.04396921
8.8881946E-4	0.043969188
9.153984E-4	0.043969158
9.427722E-4	0.04396912
9.7096455E-4	0.04396908
0.001	0.04396903
0.0010293103	0.043968976
0.0010594797	0.043968912
0.0010905333	0.043968834
0.0011224973	0.043968745
0.001155398	0.043968644
0.001189263	0.043968525
0.0012241206	0.043968383
0.00126	0.043968223
0.0012961533	0.04396804
0.0013333439	0.043967832
0.0013716016	0.04396759
0.0014109571	0.043967314
0.0014514418	0.043966997
0.0014930882	0.043966636
0.0015359295	0.04396622
0.00158	0.043965746
0.0016272478	0.043965183
0.0016759086	0.04396454
0.0017260244	0.043963805
0.0017776389	0.043962967
0.0018307968	0.04396201
0.0018855444	0.043960925
0.0019419291	0.043959692
0.002	0.043958295
0.0020575977	0.043956775
0.002116854	0.043955065
0.002177817	0.043953147
0.0022405356	0.043950994
0.0023050604	0.04394858
0.0023714434	0.043945882
0.0024397383	0.043942872
0.00251	0.043939512
0.0025833033	0.04393572
0.0026587474	0.04393149
0.0027363948	0.043926794
0.0028163097	0.04392158
0.0028985585	0.043915793
0.0029832094	0.04390939
0.0030703326	0.043902308
0.00316	0.043894492
0.0032524571	0.04388586
0.0033476194	0.043876357
0.003445566	0.043865908
0.0035463783	0.043854438
0.0036501405	0.043841865
0.0037569385	0.0438281
0.003866861	0.043813054
0.00398	0.04379663
0.004096165	0.04377877
0.0042157196	0.043759335
0.0043387646	0.043738212
0.0044654002	0.043715287
0.0045957323	0.043690443
0.0047298684	0.043663554
0.0048679197	0.04363449
0.00501	0.04360312
0.005156579	0.04356922
0.0053074467	0.043532725
0.005462728	0.043493483
0.0056225527	0.04345135
0.0057870536	0.04340617
0.005956367	0.043357786
0.0061306343	0.043306038
0.00631	0.04325077
0.006493865	0.043192055
0.0066830874	0.043129522
0.0068778237	0.043063007
0.007078234	0.042992346
0.0072844843	0.042917375
0.0074967444	0.042837925
0.00771519	0.042753838
0.00794	0.042664953
0.008172275	0.042570733
0.008411343	0.04247136
0.008657407	0.042366672
0.008910668	0.042256527
0.009171338	0.042140767
0.009439633	0.04201926
0.009715778	0.041891858
0.01	0.041758437
0.010292081	0.041619092
0.010592694	0.041473504
0.010902087	0.04132156
0.011220517	0.04116316
0.011548247	0.040998213
0.011885551	0.04082663
0.012232705	0.040648337
0.01259	0.04046327
0.012957647	0.040271405
0.013336032	0.04007266
0.013725464	0.039867003
0.01412627	0.039654396
0.014538779	0.03943483
0.014963334	0.039208297
0.015400288	0.0389748
0.01585	0.038734354
0.016312422	0.03848721
0.016788337	0.038233195
0.017278135	0.03797235
0.017782224	0.037704736
0.01830102	0.03743042
0.01883495	0.037149478
0.019384459	0.036861997
0.01995	0.03656808
0.020533005	0.036267333
0.021133045	0.035960354
0.021750621	0.03564727
0.022386245	0.03532821
0.023040446	0.035003327
0.023713762	0.03467277
0.024406755	0.034336705
0.02512	0.0339953
0.025853088	0.033649202
0.02660757	0.03329814
0.027384069	0.032942303
0.02818323	0.032581896
0.029005712	0.032217115
0.029852198	0.031848177
0.030723387	0.031475298
0.03162	0.031098697
0.032543603	0.030718263
0.033494186	0.03033456
0.034472536	0.029947823
0.03547946	0.029558288
0.0365158	0.0291662
0.03758241	0.028771799
0.03868017	0.028375335
0.03981	0.027977053
0.040972695	0.02757725
0.042169347	0.027176125
0.04340095	0.02677393
0.044668525	0.02637091
0.04597312	0.025967311
0.047315817	0.025563378
0.04869773	0.025159352
0.05012	0.024755467
0.0515838	0.02435196
0.053090356	0.023949059
0.05464091	0.023546984
0.05623675	0.023145953
0.0578792	0.022746177
0.059569612	0.022347858
0.0613094	0.021951191
0.0631	0.021556366
0.06494172	0.021163806
0.066837184	0.020773431
0.06878798	0.020385403
0.070795715	0.019999871
0.072862044	0.019616976
0.074988686	0.019236848
0.077177405	0.018859606
0.07943	0.018485364
0.08174976	0.018113997
0.08413727	0.017745823
0.08659451	0.01738092
0.08912351	0.017019361
0.09172637	0.01666121
0.09440525	0.016306516
0.097162366	0.015955325
0.1	0.0156076765
0.102919795	0.015263679
0.10592484	0.014923274
0.109017625	0.014586476
0.112200715	0.014253298
0.11547674	0.013923746
0.11884842	0.013597824
0.12231855	0.013275531
0.12589	0.012956864
0.12956645	0.01264176
0.13335027	0.012330272
0.13724458	0.012022398
0.14125264	0.011718131
0.14537773	0.011417466
0.14962329	0.011120399
0.15399285	0.010826932
0.15849	0.010537064
0.16311829	0.0102508105
0.16788174	0.009968168
0.17278428	0.009689148
0.17783	0.009413763
0.18302307	0.009142032
0.18836778	0.008873979
0.19386858	0.008609626
0.19953	0.008349007
0.20535603	0.008092185
0.21135218	0.007839164
0.21752341	0.0075899847
0.22387484	0.0073446906
0.23041171	0.0071033263
0.23713945	0.0068659405
0.24406363	0.0066325814
0.25119	0.0064033004
0.25852492	0.006178134
0.26607406	0.0059571494
0.27384362	0.005740397
0.28184006	0.0055279285
0.29007	0.005319793
0.29854023	0.0051160366
0.30725783	0.004916706
0.31623	0.0047218427
0.32546407	0.004531487
0.33496782	0.004345673
0.34474903	0.0041644317
0.3548159	0.003987789
0.3651767	0.003815768
0.37584007	0.0036483842
0.3868148	0.0034856494
0.39811	0.0033275685
0.40973493	0.003174143
0.42169935	0.0030253653
0.4340131	0.002881223
0.44668642	0.0027416986
0.4597298	0.002606767
0.47315407	0.0024763984
0.4869703	0.0023505562
0.50119	0.0022291983
0.5158249	0.002112277
0.5308872	0.0019997389
0.5463893	0.0018915251
0.5623441	0.0017875719
0.57876474	0.0016878105
0.59566486	0.0015921678
0.61305845	0.0015005659
0.63096	0.0014129234
0.6493842	0.0013291553
0.6683464	0.0012491725
0.6878623	0.0011728832
0.7079481	0.0011001932
0.72862035	0.0010310056
0.7498962	9.652216E-4
0.7717934	9.0274063E-4
0.79433	8.434608E-4
0.8175246	7.872791E-4
0.8413966	7.3409185E-4
0.86596555	6.837949E-4
0.8912519	6.362839E-4
0.9172767	5.914547E-4
0.9440614	5.4920354E-4
0.97162825	5.0942734E-4
1.0	4.7202397E-4
1.029201	4.3689148E-4
1.0592546	4.0393122E-4
1.090186	3.7304504E-4
1.1220205	3.4413653E-4
1.1547846	3.1711126E-4
1.1885055	2.9187682E-4
1.223211	2.6834293E-4
1.25893	2.4642175E-4
1.2956905	2.260286E-4
1.3335243	2.0707962E-4
1.3724631	1.8949449E-4
1.4125386	1.7319556E-4
1.4537846	1.5810785E-4
1.4962348	1.4415922E-4
1.5399245	1.312802E-4
1.58489	1.19404234E-4
1.6311698	1.08467175E-4
1.678801	9.840835E-5
1.727823	8.9169516E-5
1.7782766	8.069516E-5
1.8302034	7.293248E-5
1.8836465	6.583136E-5
1.9386501	5.934427E-5
1.99526	5.3426284E-5
2.0535233	4.80349E-5
2.113488	4.3130152E-5
2.1752036	3.8674378E-5
2.2387214	3.4632194E-5
2.304094	3.097043E-5
2.3713756	2.7658025E-5
2.4406219	2.466597E-5
2.51189	2.1967191E-5
2.5852382	1.953653E-5
2.6607285	1.7350521E-5
2.7384229	1.5387443E-5
2.818386	1.3627171E-5
2.900684	1.2051107E-5
2.9853854	1.0642089E-5
3.0725598	9.384311E-6
3.16228	8.263237E-6
3.2546198	7.265532E-6
3.3496559	6.3789753E-6
3.447467	5.592394E-6
3.5481343	4.8955903E-6
3.6517413	4.2792744E-6
3.7583735	3.7349964E-6
3.8681195	3.2550872E-6
3.98107	2.832598E-6
4.097319	2.4612425E-6
4.2169633	2.135349E-6
4.340101	1.8498056E-6
4.466834	1.6000143E-6
4.5972676	1.3818476E-6
4.7315106	1.1916064E-6
4.869673	1.0259828E-6
5.01187	8.820233E-7
5.1582193	7.5709613E-7
5.3088417	6.488605E-7
5.463863	5.5523844E-7
5.62341	4.7438851E-7
5.7876167	4.04682E-7
5.9566183	3.4468115E-7
6.1305547	2.9311903E-7
6.30957	2.4888132E-7
6.493813	2.1098978E-7
6.683436	1.7858738E-7
6.878596	1.5092448E-7
7.079455	1.273467E-7
7.286179	1.07283824E-7
7.4989395	9.0240036E-8
7.7179127	7.578486E-8
7.94328	6.354537E-8
8.175228	5.319902E-8
8.41395	4.4467424E-8
8.659641	3.7110702E-8
8.912508	3.0922592E-8
9.172758	2.5726024E-8
9.440608	2.1369301E-8
9.716279	1.7722698E-8
10.0	1.4675475E-8



DATASET #3

Name: 1000yr
Num Points: 2
Info: 

X, Y Data:
0.001	0.001
10.0	0.001



DATASET #4

Name: 2500yr
Num Points: 2
Info: 

X, Y Data:
0.001	4.0E-4
10.0	4.0E-4



DATASET #5

Name: 10000yr
Num Points: 2
Info: 

X, Y Data:
0.001	1.0E-4
10.0	1.0E-4


