
X-Axis: 2.0s SA (g)
Y-Axis: Annual Probabilitiy
Number of Data Sets: 5


DATASET #1

Name: UCERF3
Num Points: 401
Info: 

X, Y Data:
1.0E-4	0.17159042
1.0333392E-4	0.17152376
1.06779E-4	0.17145215
1.1033893E-4	0.17137527
1.14017545E-4	0.17129289
1.178188E-4	0.17120466
1.2174679E-4	0.17111033
1.2580573E-4	0.17100959
1.3E-4	0.17090212
1.334183E-4	0.17081209
1.369265E-4	0.17071748
1.4052694E-4	0.17061815
1.4422205E-4	0.17051391
1.4801433E-4	0.17040461
1.5190631E-4	0.17029007
1.5590065E-4	0.17017013
1.6E-4	0.1700446
1.645257E-4	0.16990328
1.691794E-4	0.16975509
1.7396474E-4	0.16959979
1.7888544E-4	0.16943717
1.8394532E-4	0.169267
1.8914833E-4	0.16908903
1.944985E-4	0.16890304
2.0E-4	0.16870879
2.0565712E-4	0.16850603
2.1147425E-4	0.16829452
2.1745593E-4	0.16807401
2.236068E-4	0.16784427
2.2993165E-4	0.16760503
2.364354E-4	0.16735604
2.4312311E-4	0.16709708
2.5E-4	0.16682783
2.5783465E-4	0.16651773
2.659148E-4	0.16619441
2.742482E-4	0.16585752
2.8284272E-4	0.16550672
2.917066E-4	0.16514166
3.0084825E-4	0.16476196
3.102764E-4	0.1643673
3.2E-4	0.16395733
3.290514E-4	0.16357325
3.383588E-4	0.16317613
3.4792948E-4	0.1627657
3.5777088E-4	0.16234171
3.6789064E-4	0.16190393
3.7829665E-4	0.1614521
3.88997E-4	0.160986
4.0E-4	0.1605054
4.1131425E-4	0.16001005
4.229485E-4	0.15949978
4.3491187E-4	0.15897436
4.472136E-4	0.15843359
4.598633E-4	0.15787728
4.728708E-4	0.15730526
4.8624622E-4	0.15671735
5.0E-4	0.1561134
5.1465514E-4	0.15547083
5.2973983E-4	0.15481077
5.4526667E-4	0.15413307
5.612486E-4	0.15343761
5.77699E-4	0.15272434
5.946315E-4	0.15199314
6.120603E-4	0.15124397
6.3E-4	0.1504768
6.4807665E-4	0.14970808
6.6667196E-4	0.14892209
6.858008E-4	0.14811882
7.0547854E-4	0.14729832
7.257209E-4	0.14646067
7.465441E-4	0.14560592
7.6796475E-4	0.14473417
7.9E-4	0.14384554
8.136239E-4	0.14290218
8.379543E-4	0.14194083
8.630122E-4	0.14096168
8.8881946E-4	0.13996494
9.153984E-4	0.13895087
9.427722E-4	0.13791972
9.7096455E-4	0.13687176
0.001	0.13580728
0.0010293103	0.13474791
0.0010594797	0.13367325
0.0010905333	0.13258368
0.0011224973	0.1314795
0.001155398	0.13036108
0.001189263	0.12922877
0.0012241206	0.12808295
0.00126	0.12692401
0.0012961533	0.1257768
0.0013333439	0.12461776
0.0013716016	0.12344728
0.0014109571	0.12226574
0.0014514418	0.12107356
0.0014930882	0.11987112
0.0015359295	0.11865883
0.00158	0.11743712
0.0016272478	0.11615502
0.0016759086	0.11486361
0.0017260244	0.113563366
0.0017776389	0.11225476
0.0018307968	0.11093827
0.0018855444	0.109614395
0.0019419291	0.1082836
0.002	0.10694639
0.0020575977	0.105652265
0.002116854	0.10435308
0.002177817	0.103049256
0.0022405356	0.10174126
0.0023050604	0.10042952
0.0023714434	0.0991145
0.0024397383	0.09779664
0.00251	0.0964764
0.0025833033	0.09513587
0.0026587474	0.09379383
0.0027363948	0.092450775
0.0028163097	0.09110718
0.0028985585	0.08976355
0.0029832094	0.08842036
0.0030703326	0.08707811
0.00316	0.085737295
0.0032524571	0.084395975
0.0033476194	0.083057106
0.003445566	0.08172119
0.0035463783	0.08038873
0.0036501405	0.07906025
0.0037569385	0.07773625
0.003866861	0.07641724
0.00398	0.07510373
0.004096165	0.07379937
0.0042157196	0.07250149
0.0043387646	0.071210586
0.0044654002	0.06992715
0.0045957323	0.06865166
0.0047298684	0.067384616
0.0048679197	0.06612647
0.00501	0.06487771
0.005156579	0.06363585
0.0053074467	0.062404305
0.005462728	0.061183516
0.0056225527	0.059973907
0.0057870536	0.05877588
0.005956367	0.05758983
0.0061306343	0.056416128
0.00631	0.055255137
0.006493865	0.054111764
0.0066830874	0.052981652
0.0068778237	0.0518651
0.007078234	0.050762396
0.0072844843	0.049673792
0.0074967444	0.048599526
0.00771519	0.047539815
0.00794	0.046494856
0.008172275	0.045460846
0.008411343	0.04444203
0.008657407	0.043438546
0.008910668	0.042450503
0.009171338	0.041477986
0.009439633	0.040521067
0.009715778	0.039579794
0.01	0.038654193
0.010292081	0.03774566
0.010592694	0.036852743
0.010902087	0.035975423
0.011220517	0.035113644
0.011548247	0.03426735
0.011885551	0.03343646
0.012232705	0.032620873
0.01259	0.03182049
0.012957647	0.03103536
0.013336032	0.03026517
0.013725464	0.029509775
0.01412627	0.028769024
0.014538779	0.02804275
0.014963334	0.027330784
0.015400288	0.026632948
0.01585	0.025949057
0.016312422	0.025279513
0.016788337	0.024623504
0.017278135	0.02398083
0.017782224	0.023351287
0.01830102	0.022734676
0.01883495	0.022130787
0.019384459	0.021539416
0.01995	0.020960355
0.020533005	0.02039248
0.021133045	0.01983654
0.021750621	0.019292327
0.022386245	0.018759638
0.023040446	0.01823827
0.023713762	0.017728023
0.024406755	0.017228695
0.02512	0.016740093
0.025853088	0.01626266
0.02660757	0.015795542
0.027384069	0.015338554
0.02818323	0.014891515
0.029005712	0.014454243
0.029852198	0.0140265655
0.030723387	0.0136083085
0.03162	0.013199305
0.032543603	0.012799041
0.033494186	0.01240772
0.034472536	0.012025183
0.03547946	0.011651276
0.0365158	0.011285846
0.03758241	0.010928747
0.03868017	0.010579834
0.03981	0.010238966
0.040972695	0.009906041
0.042169347	0.009580888
0.04340095	0.009263372
0.044668525	0.008953366
0.04597312	0.008650746
0.047315817	0.008355387
0.04869773	0.008067169
0.05012	0.007785977
0.0515838	0.0075116972
0.053090356	0.0072442167
0.05464091	0.006983426
0.05623675	0.0067292196
0.0578792	0.006481493
0.059569612	0.006240145
0.0613094	0.0060050758
0.0631	0.0057761883
0.06494172	0.005553527
0.066837184	0.005336852
0.06878798	0.005126072
0.070795715	0.0049210987
0.072862044	0.004721844
0.074988686	0.0045282226
0.077177405	0.0043401495
0.07943	0.0041575413
0.08174976	0.003980211
0.08413727	0.0038081887
0.08659451	0.003641394
0.08912351	0.003479747
0.09172637	0.003323169
0.09440525	0.0031715808
0.097162366	0.0030249043
0.1	0.0028830606
0.102919795	0.0027460041
0.10592484	0.0026136218
0.109017625	0.0024858343
0.112200715	0.0023625628
0.11547674	0.0022437277
0.11884842	0.0021292486
0.12231855	0.0020190445
0.12589	0.0019130337
0.12956645	0.0018111143
0.13335027	0.0017132238
0.13724458	0.0016192778
0.14125264	0.0015291909
0.14537773	0.001442877
0.14962329	0.0013602485
0.15399285	0.0012812177
0.15849	0.0012056951
0.16311829	0.0011335942
0.16788174	0.0010648208
0.17278428	9.992836E-4
0.17783	9.368909E-4
0.18302307	8.7755E-4
0.18836778	8.2116824E-4
0.19386858	7.676525E-4
0.19953	7.169096E-4
0.20535603	6.68852E-4
0.21135218	6.2338036E-4
0.21752341	5.804019E-4
0.22387484	5.398243E-4
0.23041171	5.015559E-4
0.23713945	4.6550576E-4
0.24406363	4.3158376E-4
0.25119	3.9970086E-4
0.25852492	3.6976734E-4
0.26607406	3.4169885E-4
0.27384362	3.154103E-4
0.28184006	2.9081822E-4
0.29007	2.678409E-4
0.29854023	2.4639838E-4
0.30725783	2.2641268E-4
0.31623	2.0780785E-4
0.32546407	1.9051017E-4
0.33496782	1.7444786E-4
0.34474903	1.5955155E-4
0.3548159	1.4575415E-4
0.3651767	1.3299099E-4
0.37584007	1.21199715E-4
0.3868148	1.1032047E-4
0.39811	1.0029579E-4
0.40973493	9.107072E-5
0.42169935	8.2592596E-5
0.4340131	7.4811265E-5
0.44668642	6.767897E-5
0.4597298	6.1150306E-5
0.47315407	5.518222E-5
0.4869703	4.9733935E-5
0.50119	4.4766915E-5
0.5158249	4.0244802E-5
0.5308872	3.613337E-5
0.5463893	3.240044E-5
0.5623441	2.9015828E-5
0.57876474	2.5951267E-5
0.59566486	2.3180333E-5
0.61305845	2.067837E-5
0.63096	1.8422412E-5
0.6493842	1.6391119E-5
0.6683464	1.456467E-5
0.6878623	1.2924715E-5
0.7079481	1.1454281E-5
0.72862035	1.0137705E-5
0.7498962	8.960556E-6
0.7717934	7.909558E-6
0.79433	6.9725234E-6
0.8175246	6.1382843E-6
0.8413966	5.396621E-6
0.86596555	4.7382014E-6
0.8912519	4.154518E-6
0.9172767	3.6378285E-6
0.9440614	3.181099E-6
0.97162825	2.7779508E-6
1.0	2.4226101E-6
1.029201	2.1098504E-6
1.0592546	1.8349732E-6
1.090186	1.5937385E-6
1.1220205	1.3823341E-6
1.1547846	1.197339E-6
1.1885055	1.0356877E-6
1.223211	8.9463896E-7
1.25893	7.7174474E-7
1.2956905	6.6482744E-7
1.3335243	5.719404E-7
1.3724631	4.9135923E-7
1.4125386	4.2155483E-7
1.4537846	3.6117316E-7
1.4962348	3.0901802E-7
1.5399245	2.6403353E-7
1.58489	2.2528997E-7
1.6311698	1.9196861E-7
1.678801	1.6335291E-7
1.727823	1.388138E-7
1.7782766	1.1780068E-7
1.8302034	9.9832924E-8
1.8836465	8.449111E-8
1.9386501	7.1410234E-8
1.99526	6.027307E-8
2.0535233	5.0804275E-8
2.113488	4.2765464E-8
2.1752036	3.59503E-8
2.2387214	3.0180832E-8
2.304094	2.5303441E-8
2.3713756	2.1186041E-8
2.4406219	1.7715125E-8
2.51189	1.47932875E-8
2.5852382	1.2337095E-8
2.6607285	1.0275231E-8
2.7384229	8.5467775E-9
2.818386	7.0998283E-9
2.900684	5.8901604E-9
2.9853854	4.880316E-9
3.0725598	4.0384056E-9
3.16228	3.3374563E-9
3.2546198	2.7546745E-9
3.3496559	2.2707676E-9
3.447467	1.869498E-9
3.5481343	1.5372023E-9
3.6517413	1.262403E-9
3.7583735	1.035441E-9
3.8681195	8.482437E-10
3.98107	6.9401784E-10
4.097319	5.6715144E-10
4.2169633	4.629117E-10
4.340101	3.773719E-10
4.466834	3.072499E-10
4.5972676	2.4986546E-10
4.7315106	2.0293378E-10
4.869673	1.6464818E-10
5.01187	1.3341006E-10
5.1582193	1.07958975E-10
5.3088417	8.7273966E-11
5.463863	7.043688E-11
5.62341	5.678924E-11
5.7876167	4.572842E-11
5.9566183	3.6765813E-11
6.1305547	2.951861E-11
6.30957	2.365641E-11
6.493813	1.8933077E-11
6.683436	1.5134893E-11
6.878596	1.2082779E-11
7.079455	9.617085E-12
7.286179	7.631673E-12
7.4989395	6.0450533E-12
7.7179127	4.779732E-12
7.94328	3.768763E-12
8.175228	2.961409E-12
8.41395	2.314704E-12
8.659641	1.8046675E-12
8.912508	1.4008794E-12
9.172758	1.0839107E-12
9.440608	8.288925E-13
9.716279	6.3238303E-13
10.0	4.725109E-13



DATASET #2

Name: RSQSim
Num Points: 401
Info: 

X, Y Data:
1.0E-4	0.20561749
1.0333392E-4	0.20559563
1.06779E-4	0.20557177
1.1033893E-4	0.20554574
1.14017545E-4	0.20551738
1.178188E-4	0.20548649
1.2174679E-4	0.20545289
1.2580573E-4	0.20541635
1.3E-4	0.20537668
1.334183E-4	0.20534292
1.369265E-4	0.2053069
1.4052694E-4	0.20526853
1.4422205E-4	0.20522766
1.4801433E-4	0.20518416
1.5190631E-4	0.20513788
1.5590065E-4	0.20508866
1.6E-4	0.20503634
1.645257E-4	0.2049765
1.691794E-4	0.20491268
1.7396474E-4	0.20484465
1.7888544E-4	0.20477219
1.8394532E-4	0.20469508
1.8914833E-4	0.20461303
1.944985E-4	0.2045258
2.0E-4	0.20443311
2.0565712E-4	0.20433469
2.1147425E-4	0.20423025
2.1745593E-4	0.20411947
2.236068E-4	0.20400205
2.2993165E-4	0.20387767
2.364354E-4	0.203746
2.4312311E-4	0.20360671
2.5E-4	0.20345943
2.5783465E-4	0.20328675
2.659148E-4	0.20310336
2.742482E-4	0.20290877
2.8284272E-4	0.20270242
2.917066E-4	0.20248379
3.0084825E-4	0.20225233
3.102764E-4	0.20200747
3.2E-4	0.20174867
3.290514E-4	0.20150223
3.383588E-4	0.2012435
3.4792948E-4	0.20097205
3.5777088E-4	0.20068741
3.6789064E-4	0.20038918
3.7829665E-4	0.2000769
3.88997E-4	0.19975011
4.0E-4	0.19940841
4.1131425E-4	0.19905135
4.229485E-4	0.1986785
4.3491187E-4	0.19828941
4.472136E-4	0.19788368
4.598633E-4	0.19746087
4.728708E-4	0.19702059
4.8624622E-4	0.19656242
5.0E-4	0.19608597
5.1465514E-4	0.19557282
5.2973983E-4	0.19503927
5.4526667E-4	0.19448487
5.612486E-4	0.1939093
5.77699E-4	0.19331215
5.946315E-4	0.19269311
6.120603E-4	0.19205186
6.3E-4	0.19138807
6.4807665E-4	0.190716
6.6667196E-4	0.19002184
6.858008E-4	0.1893054
7.0547854E-4	0.18856646
7.257209E-4	0.1878049
7.465441E-4	0.18702056
7.6796475E-4	0.18621334
7.9E-4	0.18538316
8.136239E-4	0.184494
8.379543E-4	0.18357986
8.630122E-4	0.18264073
8.8881946E-4	0.18167667
9.153984E-4	0.18068776
9.427722E-4	0.17967407
9.7096455E-4	0.17863579
0.001	0.17757308
0.0010293103	0.17650764
0.0010594797	0.17541914
0.0010905333	0.17430782
0.0011224973	0.173174
0.001155398	0.17201796
0.001189263	0.17084007
0.0012241206	0.16964065
0.00126	0.1684201
0.0012961533	0.16720484
0.0013333439	0.1659701
0.0013716016	0.16471632
0.0014109571	0.16344392
0.0014514418	0.16215336
0.0014930882	0.16084513
0.0015359295	0.15951966
0.00158	0.15817748
0.0016272478	0.15676224
0.0016759086	0.15532996
0.0017260244	0.15388122
0.0017776389	0.1524166
0.0018307968	0.1509367
0.0018855444	0.14944209
0.0019419291	0.14793338
0.002	0.14641117
0.0020575977	0.14493215
0.002116854	0.14344168
0.002177817	0.14194024
0.0022405356	0.14042836
0.0023050604	0.13890657
0.0023714434	0.13737535
0.0024397383	0.13583525
0.00251	0.13428672
0.0025833033	0.1327086
0.0026587474	0.13112283
0.0027363948	0.12952992
0.0028163097	0.12793037
0.0028985585	0.12632465
0.0029832094	0.12471325
0.0030703326	0.123096645
0.00316	0.121475294
0.0032524571	0.11984671
0.0033476194	0.1182143
0.003445566	0.11657854
0.0035463783	0.11493988
0.0036501405	0.113298796
0.0037569385	0.111655734
0.003866861	0.110011175
0.00398	0.10836557
0.004096165	0.10672336
0.0042157196	0.10508105
0.0043387646	0.10343911
0.0044654002	0.10179803
0.0045957323	0.100158274
0.0047298684	0.09852036
0.0048679197	0.09688477
0.00501	0.09525202
0.005156579	0.093618765
0.0053074467	0.091989405
0.005462728	0.09036448
0.0056225527	0.08874453
0.0057870536	0.087130114
0.005956367	0.08552179
0.0061306343	0.083920114
0.00631	0.08232568
0.006493865	0.080745384
0.0066830874	0.07917342
0.0068778237	0.07761037
0.007078234	0.07605683
0.0072844843	0.07451337
0.0074967444	0.07298059
0.00771519	0.07145907
0.00794	0.06994941
0.008172275	0.06844637
0.008411343	0.066956446
0.008657407	0.0654802
0.008910668	0.064018205
0.009171338	0.062571004
0.009439633	0.061139155
0.009715778	0.05972317
0.01	0.05832356
0.010292081	0.056942925
0.010592694	0.055579577
0.010902087	0.05423396
0.011220517	0.0529065
0.011548247	0.051597595
0.011885551	0.05030762
0.012232705	0.049036924
0.01259	0.047785822
0.012957647	0.046554882
0.013336032	0.04534408
0.013725464	0.044153646
0.01412627	0.04298378
0.014538779	0.041834652
0.014963334	0.040706396
0.015400288	0.039599113
0.01585	0.038512886
0.016312422	0.037448697
0.016788337	0.03640558
0.017278135	0.035383508
0.017782224	0.034382436
0.01830102	0.033402294
0.01883495	0.032442976
0.019384459	0.031504348
0.01995	0.030586261
0.020533005	0.029687086
0.021133045	0.02880814
0.021750621	0.027949195
0.022386245	0.027110016
0.023040446	0.026290338
0.023713762	0.02548989
0.024406755	0.024708379
0.02512	0.023945505
0.025853088	0.02320194
0.02660757	0.02247633
0.027384069	0.02176834
0.02818323	0.02107764
0.029005712	0.02040389
0.029852198	0.019746747
0.030723387	0.01910587
0.03162	0.018480914
0.032543603	0.017871007
0.033494186	0.01727637
0.034472536	0.016696667
0.03547946	0.016131565
0.0365158	0.015580743
0.03758241	0.015043881
0.03868017	0.014520669
0.03981	0.0140108075
0.040972695	0.013514059
0.042169347	0.013030078
0.04340095	0.012558595
0.044668525	0.012099343
0.04597312	0.01165207
0.047315817	0.01121653
0.04869773	0.01079249
0.05012	0.010379727
0.0515838	0.009978026
0.053090356	0.009587182
0.05464091	0.009206997
0.05623675	0.0088372845
0.0578792	0.008477863
0.059569612	0.008128562
0.0613094	0.0077892155
0.0631	0.0074596647
0.06494172	0.0071399556
0.066837184	0.0068297293
0.06878798	0.006528843
0.070795715	0.006237157
0.072862044	0.005954535
0.074988686	0.0056808437
0.077177405	0.0054159514
0.07943	0.0051597273
0.08174976	0.004911895
0.08413727	0.0046724817
0.08659451	0.0044413577
0.08912351	0.0042183916
0.09172637	0.0040034526
0.09440525	0.0037964056
0.097162366	0.0035971163
0.1	0.0034054467
0.102919795	0.0032213002
0.10592484	0.0030444872
0.109017625	0.0028748626
0.112200715	0.0027122782
0.11547674	0.002556583
0.11884842	0.002407623
0.12231855	0.002265242
0.12589	0.0021292802
0.12956645	0.0019995517
0.13335027	0.0018759189
0.13724458	0.0017582153
0.14125264	0.0016462723
0.14537773	0.0015399198
0.14962329	0.0014389862
0.15399285	0.0013432987
0.15849	0.0012526839
0.16311829	0.0011669716
0.16788174	0.0010859838
0.17278428	0.0010095468
0.17783	9.374874E-4
0.18302307	8.6963363E-4
0.18836778	8.058147E-4
0.19386858	7.4586144E-4
0.19953	6.8960676E-4
0.20535603	6.36892E-4
0.21135218	5.87548E-4
0.21752341	5.4141553E-4
0.22387484	4.983385E-4
0.23041171	4.5816423E-4
0.23713945	4.2074386E-4
0.24406363	3.8593225E-4
0.25119	3.5358834E-4
0.25852492	3.2357345E-4
0.26607406	2.9575726E-4
0.27384362	2.7001175E-4
0.28184006	2.4621355E-4
0.29007	2.242438E-4
0.29854023	2.0398847E-4
0.30725783	1.8533817E-4
0.31623	1.6818824E-4
0.32546407	1.5243892E-4
0.33496782	1.3799485E-4
0.34474903	1.2476544E-4
0.3548159	1.1266473E-4
0.3651767	1.0161124E-4
0.37584007	9.152787E-5
0.3868148	8.23419E-5
0.39811	7.398476E-5
0.40973493	6.639203E-5
0.42169935	5.9503112E-5
0.4340131	5.3261287E-5
0.44668642	4.76135E-5
0.4597298	4.2510215E-5
0.47315407	3.7905276E-5
0.4869703	3.3755736E-5
0.50119	3.0021714E-5
0.5158249	2.6666245E-5
0.5308872	2.365513E-5
0.5463893	2.095678E-5
0.5623441	1.854207E-5
0.57876474	1.6384194E-5
0.59566486	1.4458524E-5
0.61305845	1.2742472E-5
0.63096	1.1215359E-5
0.6493842	9.858291E-6
0.6683464	8.654021E-6
0.6878623	7.5868443E-6
0.7079481	6.6424836E-6
0.72862035	5.80798E-6
0.7498962	5.0715926E-6
0.7717934	4.422701E-6
0.79433	3.8517146E-6
0.8175246	3.3499907E-6
0.8413966	2.9097487E-6
0.86596555	2.524E-6
0.8912519	2.1864769E-6
0.9172767	1.8915678E-6
0.9440614	1.6342561E-6
0.97162825	1.4100661E-6
1.0	1.2150101E-6
1.029201	1.0455379E-6
1.0592546	8.9850573E-7
1.090186	7.711223E-7
1.1220205	6.609175E-7
1.1547846	5.657092E-7
1.1885055	4.835724E-7
1.223211	4.1281234E-7
1.25893	3.519388E-7
1.2956905	2.9964602E-7
1.3335243	2.5478548E-7
1.3724631	2.1635475E-7
1.4125386	1.8347829E-7
1.4537846	1.5539261E-7
1.4962348	1.3143305E-7
1.5399245	1.1102184E-7
1.58489	9.365764E-8
1.6311698	7.890564E-8
1.678801	6.639058E-8
1.727823	5.5787893E-8
1.7782766	4.681769E-8
1.8302034	3.9239037E-8
1.8836465	3.2844806E-8
1.9386501	2.7457244E-8
1.99526	2.2924036E-8
2.0535233	1.9114815E-8
2.113488	1.591832E-8
2.1752036	1.323958E-8
2.2387214	1.0997745E-8
2.304094	9.12405E-9
2.3713756	7.560133E-9
2.4406219	6.256483E-9
2.51189	5.171228E-9
2.5852382	4.2689763E-9
2.6607285	3.5198275E-9
2.7384229	2.8986034E-9
2.818386	2.3841333E-9
2.900684	1.9586173E-9
2.9853854	1.6071151E-9
3.0725598	1.3171294E-9
3.16228	1.0781942E-9
3.2546198	8.8157415E-10
3.3496559	7.199594E-10
3.447467	5.8729255E-10
3.5481343	4.785251E-10
3.6517413	3.8945647E-10
3.7583735	3.1660974E-10
3.8681195	2.570939E-10
3.98107	2.0853841E-10
4.097319	1.689624E-10
4.2169633	1.3674406E-10
4.340101	1.10544796E-10
4.466834	8.9265595E-11
4.5972676	7.201151E-11
4.7315106	5.8028027E-11
4.869673	4.6714188E-11
5.01187	3.7563508E-11
5.1582193	3.016931E-11
5.3088417	2.4211633E-11
5.463863	1.9401702E-11
5.62341	1.553957E-11
5.7876167	1.2431944E-11
5.9566183	9.940937E-12
6.1305547	7.931322E-12
6.30957	6.332046E-12
6.493813	5.042744E-12
6.683436	4.0090153E-12
6.878596	3.1872283E-12
7.079455	2.5306424E-12
7.286179	2.0096147E-12
7.4989395	1.5890622E-12
7.7179127	1.2603252E-12
7.94328	9.959811E-13
8.175228	7.884804E-13
8.41395	6.148415E-13
8.659641	4.8117066E-13
8.912508	3.7492232E-13
9.172758	2.896572E-13
9.440608	2.234879E-13
9.716279	1.6886492E-13
10.0	1.3022916E-13



DATASET #3

Name: 1000yr
Num Points: 2
Info: 

X, Y Data:
0.001	0.001
10.0	0.001



DATASET #4

Name: 2500yr
Num Points: 2
Info: 

X, Y Data:
0.001	4.0E-4
10.0	4.0E-4



DATASET #5

Name: 10000yr
Num Points: 2
Info: 

X, Y Data:
0.001	1.0E-4
10.0	1.0E-4


