
X-Axis: 2.0s SA (g)
Y-Axis: Annual Probabilitiy
Number of Data Sets: 5


DATASET #1

Name: UCERF3
Num Points: 401
Info: 

X, Y Data:
1.0E-4	0.1739343
1.0333392E-4	0.17387792
1.06779E-4	0.17381713
1.1033893E-4	0.17375164
1.14017545E-4	0.17368115
1.178188E-4	0.17360544
1.2174679E-4	0.17352417
1.2580573E-4	0.17343706
1.3E-4	0.17334381
1.334183E-4	0.17326543
1.369265E-4	0.17318286
1.4052694E-4	0.17309593
1.4422205E-4	0.17300446
1.4801433E-4	0.1729083
1.5190631E-4	0.17280728
1.5590065E-4	0.17270122
1.6E-4	0.17258994
1.645257E-4	0.17246436
1.691794E-4	0.17233232
1.7396474E-4	0.1721936
1.7888544E-4	0.17204799
1.8394532E-4	0.17189524
1.8914833E-4	0.17173512
1.944985E-4	0.1715674
2.0E-4	0.17139183
2.0565712E-4	0.17120817
2.1147425E-4	0.17101619
2.1745593E-4	0.17081562
2.236068E-4	0.17060623
2.2993165E-4	0.17038774
2.364354E-4	0.17015992
2.4312311E-4	0.1699225
2.5E-4	0.16967522
2.5783465E-4	0.16938986
2.659148E-4	0.16909175
2.742482E-4	0.16878055
2.8284272E-4	0.16845587
2.917066E-4	0.16811736
3.0084825E-4	0.16776465
3.102764E-4	0.16739736
3.2E-4	0.16701512
3.290514E-4	0.16665642
3.383588E-4	0.16628493
3.4792948E-4	0.16590035
3.5777088E-4	0.1655024
3.6789064E-4	0.16509083
3.7829665E-4	0.16466531
3.88997E-4	0.16422561
4.0E-4	0.16377142
4.1131425E-4	0.16330247
4.229485E-4	0.16281849
4.3491187E-4	0.1623192
4.472136E-4	0.16180432
4.598633E-4	0.1612736
4.728708E-4	0.16072677
4.8624622E-4	0.16016357
5.0E-4	0.15958375
5.1465514E-4	0.15896542
5.2973983E-4	0.15832873
5.4526667E-4	0.15767342
5.612486E-4	0.15699922
5.77699E-4	0.15630591
5.946315E-4	0.15559325
6.120603E-4	0.15486103
6.3E-4	0.15410905
6.4807665E-4	0.15335333
6.6667196E-4	0.15257832
6.858008E-4	0.15178387
7.0547854E-4	0.15096983
7.257209E-4	0.15013611
7.465441E-4	0.1492826
7.6796475E-4	0.14840922
7.9E-4	0.14751591
8.136239E-4	0.14656422
8.379543E-4	0.14559084
8.630122E-4	0.14459579
8.8881946E-4	0.14357908
9.153984E-4	0.14254078
9.427722E-4	0.141481
9.7096455E-4	0.14039981
0.001	0.13929738
0.0010293103	0.13819607
0.0010594797	0.1370747
0.0010905333	0.13593349
0.0011224973	0.1347727
0.001155398	0.1335926
0.001189263	0.13239351
0.0012241206	0.13117577
0.00126	0.12993973
0.0012961533	0.12871203
0.0013333439	0.12746756
0.0013716016	0.12620676
0.0014109571	0.12493009
0.0014514418	0.12363801
0.0014930882	0.122331046
0.0015359295	0.1210097
0.00158	0.11967455
0.0016272478	0.11826981
0.0016759086	0.116851375
0.0017260244	0.115419954
0.0017776389	0.11397627
0.0018307968	0.112521075
0.0018855444	0.11105513
0.0019419291	0.10957923
0.002	0.10809418
0.0020575977	0.106655344
0.002116854	0.10520954
0.002177817	0.10375752
0.0022405356	0.102300085
0.0023050604	0.10083799
0.0023714434	0.09937205
0.0024397383	0.09790305
0.00251	0.0964318
0.0025833033	0.09493864
0.0026587474	0.09344485
0.0027363948	0.091951236
0.0028163097	0.09045866
0.0028985585	0.08896795
0.0029832094	0.08747993
0.0030703326	0.08599542
0.00316	0.08451524
0.0032524571	0.08303749
0.0033476194	0.08156568
0.003445566	0.08010057
0.0035463783	0.07864294
0.0036501405	0.077193536
0.0037569385	0.07575307
0.003866861	0.07432225
0.00398	0.07290177
0.004096165	0.07149566
0.0042157196	0.07010113
0.0043387646	0.06871878
0.0044654002	0.0673492
0.0045957323	0.06599295
0.0047298684	0.06465055
0.0048679197	0.063322514
0.00501	0.062009312
0.005156579	0.06070833
0.0053074467	0.059423123
0.005462728	0.058154084
0.0056225527	0.05690157
0.0057870536	0.055665918
0.005956367	0.05444743
0.0061306343	0.053246383
0.00631	0.052063014
0.006493865	0.050902173
0.0066830874	0.049759276
0.0068778237	0.04863448
0.007078234	0.047527917
0.0072844843	0.046439692
0.0074967444	0.04536989
0.00771519	0.04431856
0.00794	0.043285735
0.008172275	0.04226751
0.008411343	0.04126792
0.008657407	0.040286936
0.008910668	0.039324492
0.009171338	0.03838051
0.009439633	0.037454892
0.009715778	0.03654751
0.01	0.035658244
0.010292081	0.03478825
0.010592694	0.03393599
0.010902087	0.03310128
0.011220517	0.03228392
0.011548247	0.031483702
0.011885551	0.030700408
0.012232705	0.029933803
0.01259	0.029183647
0.012957647	0.028449846
0.013336032	0.027731976
0.013725464	0.027029768
0.01412627	0.02634295
0.014538779	0.025671242
0.014963334	0.025014363
0.015400288	0.024372024
0.01585	0.023743935
0.016312422	0.02313035
0.016788337	0.022530405
0.017278135	0.021943806
0.017782224	0.02137026
0.01830102	0.020809473
0.01883495	0.020261157
0.019384459	0.01972502
0.01995	0.019200778
0.020533005	0.018687319
0.021133045	0.01818523
0.021750621	0.017694237
0.022386245	0.017214067
0.023040446	0.016744457
0.023713762	0.016285151
0.024406755	0.015835892
0.02512	0.01539644
0.025853088	0.014967126
0.02660757	0.014547123
0.027384069	0.014136209
0.02818323	0.01373417
0.029005712	0.013340799
0.029852198	0.012955898
0.030723387	0.012579276
0.03162	0.012210751
0.032543603	0.011849834
0.033494186	0.011496685
0.034472536	0.011151146
0.03547946	0.010813065
0.0365158	0.010482297
0.03758241	0.010158706
0.03868017	0.009842161
0.03981	0.009532538
0.040972695	0.009229755
0.042169347	0.008933664
0.04340095	0.008644161
0.044668525	0.008361144
0.04597312	0.008084519
0.047315817	0.007814195
0.04869773	0.007550085
0.05012	0.0072921067
0.0515838	0.007040182
0.053090356	0.006794233
0.05464091	0.0065541863
0.05623675	0.00631997
0.0578792	0.0060915146
0.059569612	0.0058687525
0.0613094	0.005651617
0.0631	0.005440043
0.06494172	0.0052340925
0.066837184	0.005033567
0.06878798	0.0048384024
0.070795715	0.0046485336
0.072862044	0.004463897
0.074988686	0.004284428
0.077177405	0.00411006
0.07943	0.0039407285
0.08174976	0.0037762683
0.08413727	0.0036167149
0.08659451	0.0034619998
0.08912351	0.003312053
0.09172637	0.0031668034
0.09440525	0.003026179
0.097162366	0.002890107
0.1	0.0027585125
0.102919795	0.0026313507
0.10592484	0.0025085127
0.109017625	0.0023899209
0.112200715	0.002275497
0.11547674	0.0021651613
0.11884842	0.0020588338
0.12231855	0.001956433
0.12589	0.0018578772
0.12956645	0.0017630657
0.13335027	0.0016719346
0.13724458	0.0015844002
0.14125264	0.001500378
0.14537773	0.0014197835
0.14962329	0.0013425315
0.15399285	0.0012685371
0.15849	0.0011977148
0.16311829	0.0011299821
0.16788174	0.0010652504
0.17278428	0.0010034346
0.17783	9.444499E-4
0.18302307	8.8821136E-4
0.18836778	8.346347E-4
0.19386858	7.8363606E-4
0.19953	7.351321E-4
0.20535603	6.8904547E-4
0.21135218	6.452882E-4
0.21752341	6.037791E-4
0.22387484	5.644378E-4
0.23041171	5.2718486E-4
0.23713945	4.9194193E-4
0.24406363	4.5863158E-4
0.25119	4.2717773E-4
0.25852492	3.9750352E-4
0.26607406	3.6953742E-4
0.27384362	3.432071E-4
0.28184006	3.1844171E-4
0.29007	2.9517183E-4
0.29854023	2.7332956E-4
0.30725783	2.5284864E-4
0.31623	2.336644E-4
0.32546407	2.1571397E-4
0.33496782	1.9893594E-4
0.34474903	1.832708E-4
0.3548159	1.6866079E-4
0.3651767	1.5504999E-4
0.37584007	1.4238428E-4
0.3868148	1.306114E-4
0.39811	1.19680895E-4
0.40973493	1.0954431E-4
0.42169935	1.0015483E-4
0.4340131	9.146763E-5
0.44668642	8.3439685E-5
0.4597298	7.602983E-5
0.47315407	6.919871E-5
0.4869703	6.290876E-5
0.50119	5.7124184E-5
0.5158249	5.1810915E-5
0.5308872	4.6936602E-5
0.5463893	4.2470558E-5
0.5623441	3.8383725E-5
0.57876474	3.4648623E-5
0.59566486	3.123932E-5
0.61305845	2.8131373E-5
0.63096	2.5301788E-5
0.6493842	2.2728967E-5
0.6683464	2.0392643E-5
0.6878623	1.8273844E-5
0.7079481	1.6354841E-5
0.72862035	1.4619084E-5
0.7498962	1.3051153E-5
0.7717934	1.16367055E-5
0.79433	1.0362421E-5
0.8175246	9.215952E-6
0.8413966	8.185864E-6
0.86596555	7.2615967E-6
0.8912519	6.4334026E-6
0.9172767	5.6923063E-6
0.9440614	5.030054E-6
0.97162825	4.4390695E-6
1.0	3.9124084E-6
1.029201	3.4437064E-6
1.0592546	3.0271729E-6
1.090186	2.6575156E-6
1.1220205	2.3299156E-6
1.1547846	2.0399928E-6
1.1885055	1.7837732E-6
1.223211	1.5576563E-6
1.25893	1.3583862E-6
1.2956905	1.1830291E-6
1.3335243	1.0289268E-6
1.3724631	8.936945E-7
1.4125386	7.751898E-7
1.4537846	6.71491E-7
1.4962348	5.808775E-7
1.5399245	5.0181075E-7
1.58489	4.3291786E-7
1.6311698	3.7297397E-7
1.678801	3.2089278E-7
1.727823	2.7570783E-7
1.7782766	2.3656214E-7
1.8302034	2.0269725E-7
1.8836465	1.7344281E-7
1.9386501	1.4820755E-7
1.99526	1.2647052E-7
2.0535233	1.07773666E-7
2.113488	9.171505E-8
2.1752036	7.794226E-8
2.2387214	6.614696E-8
2.304094	5.6059747E-8
2.3713756	4.744572E-8
2.4406219	4.0100304E-8
2.51189	3.3845716E-8
2.5852382	2.8527651E-8
2.6607285	2.4012309E-8
2.7384229	2.0184068E-8
2.818386	1.6943021E-8
2.900684	1.4203011E-8
2.9853854	1.1889926E-8
3.0725598	9.94002E-9
3.16228	8.298628E-9
3.2546198	6.9189046E-9
3.3496559	5.76076E-9
3.447467	4.790034E-9
3.5481343	3.977523E-9
3.6517413	3.298426E-9
3.7583735	2.7315963E-9
3.8681195	2.259136E-9
3.98107	1.8658732E-9
4.097319	1.5390526E-9
4.2169633	1.2677971E-9
4.340101	1.0429777E-9
4.466834	8.5686924E-10
4.5972676	7.030583E-10
4.7315106	5.7609795E-10
4.869673	4.7145654E-10
5.01187	3.8530035E-10
5.1582193	3.1448566E-10
5.3088417	2.563565E-10
5.463863	2.0870128E-10
5.62341	1.6968882E-10
5.7876167	1.3779833E-10
5.9566183	1.11754384E-10
6.1305547	9.0526364E-11
6.30957	7.323986E-11
6.493813	5.918099E-11
6.683436	4.7756465E-11
6.878596	3.8489545E-11
7.079455	3.0983105E-11
7.286179	2.4916513E-11
7.4989395	2.0007551E-11
7.7179127	1.6042945E-11
7.94328	1.28457245E-11
8.175228	1.0279888E-11
8.41395	8.211876E-12
8.659641	6.551426E-12
8.912508	5.220935E-12
9.172758	4.1481263E-12
9.440608	3.2945868E-12
9.716279	2.613021E-12
10.0	2.070788E-12



DATASET #2

Name: RSQSim
Num Points: 401
Info: 

X, Y Data:
1.0E-4	0.20634909
1.0333392E-4	0.20633383
1.06779E-4	0.20631711
1.1033893E-4	0.20629881
1.14017545E-4	0.20627882
1.178188E-4	0.20625694
1.2174679E-4	0.20623308
1.2580573E-4	0.20620705
1.3E-4	0.2061787
1.334183E-4	0.20615447
1.369265E-4	0.20612857
1.4052694E-4	0.2061009
1.4422205E-4	0.20607133
1.4801433E-4	0.20603979
1.5190631E-4	0.20600612
1.5590065E-4	0.20597024
1.6E-4	0.20593199
1.645257E-4	0.2058881
1.691794E-4	0.20584117
1.7396474E-4	0.205791
1.7888544E-4	0.20573738
1.8394532E-4	0.20568015
1.8914833E-4	0.20561905
1.944985E-4	0.20555392
2.0E-4	0.20548448
2.0565712E-4	0.20541051
2.1147425E-4	0.20533176
2.1745593E-4	0.20524797
2.236068E-4	0.20515887
2.2993165E-4	0.20506418
2.364354E-4	0.20496358
2.4312311E-4	0.20485681
2.5E-4	0.20474353
2.5783465E-4	0.20461023
2.659148E-4	0.20446812
2.742482E-4	0.20431672
2.8284272E-4	0.20415553
2.917066E-4	0.20398407
3.0084825E-4	0.20380178
3.102764E-4	0.20360816
3.2E-4	0.20340262
3.290514E-4	0.20320614
3.383588E-4	0.20299901
3.4792948E-4	0.20278084
3.5777088E-4	0.20255117
3.6789064E-4	0.20230953
3.7829665E-4	0.20205548
3.88997E-4	0.20178853
4.0E-4	0.20150821
4.1131425E-4	0.20121403
4.229485E-4	0.20090552
4.3491187E-4	0.20058218
4.472136E-4	0.20024352
4.598633E-4	0.19988903
4.728708E-4	0.19951823
4.8624622E-4	0.19913061
5.0E-4	0.19872569
5.1465514E-4	0.19828752
5.2973983E-4	0.19782971
5.4526667E-4	0.19735172
5.612486E-4	0.196853
5.77699E-4	0.19633304
5.946315E-4	0.1957913
6.120603E-4	0.19522731
6.3E-4	0.19464055
6.4807665E-4	0.19404346
6.6667196E-4	0.19342364
6.858008E-4	0.19278067
7.0547854E-4	0.19211417
7.257209E-4	0.19142374
7.465441E-4	0.19070902
7.6796475E-4	0.18996966
7.9E-4	0.18920535
8.136239E-4	0.1883824
8.379543E-4	0.18753177
8.630122E-4	0.18665315
8.8881946E-4	0.18574631
9.153984E-4	0.18481104
9.427722E-4	0.18384717
9.7096455E-4	0.18285455
0.001	0.18183309
0.0010293103	0.18080352
0.0010594797	0.17974615
0.0010905333	0.17866094
0.0011224973	0.17754798
0.001155398	0.17640732
0.001189263	0.1752391
0.0012241206	0.17404346
0.00126	0.1728206
0.0012961533	0.17159697
0.0013333439	0.1703477
0.0013716016	0.16907309
0.0014109571	0.16777343
0.0014514418	0.16644908
0.0014930882	0.16510044
0.0015359295	0.16372791
0.00158	0.16233192
0.0016272478	0.16085348
0.0016759086	0.15935068
0.0017260244	0.15782413
0.0017776389	0.15627447
0.0018307968	0.15470235
0.0018855444	0.1531085
0.0019419291	0.15149362
0.002	0.14985849
0.0020575977	0.14826447
0.002116854	0.14665309
0.002177817	0.14502506
0.0022405356	0.14338116
0.0023050604	0.14172216
0.0023714434	0.14004885
0.0024397383	0.13836204
0.00251	0.13666254
0.0025833033	0.13492735
0.0026587474	0.13318084
0.0027363948	0.13142394
0.0028163097	0.12965749
0.0028985585	0.12788242
0.0029832094	0.12609965
0.0030703326	0.12431007
0.00316	0.122514606
0.0032524571	0.12071088
0.0033476194	0.11890309
0.003445566	0.11709216
0.0035463783	0.115279004
0.0036501405	0.11346454
0.0037569385	0.11164966
0.003866861	0.10983529
0.00398	0.1080223
0.004096165	0.106215954
0.0042157196	0.104412735
0.0043387646	0.1026135
0.0044654002	0.1008191
0.0045957323	0.09903036
0.0047298684	0.09724809
0.0048679197	0.095473096
0.00501	0.09370615
0.005156579	0.09194386
0.0053074467	0.09019117
0.005462728	0.088448815
0.0056225527	0.08671749
0.0057870536	0.08499788
0.005956367	0.08329065
0.0061306343	0.08159644
0.00631	0.079915866
0.006493865	0.07825613
0.0066830874	0.07661106
0.0068778237	0.074981175
0.007078234	0.07336699
0.0072844843	0.07176898
0.0074967444	0.07018758
0.00771519	0.068623245
0.00794	0.067076355
0.008172275	0.06554138
0.008411343	0.06402471
0.008657407	0.06252668
0.008910668	0.06104759
0.009171338	0.05958771
0.009439633	0.05814729
0.009715778	0.05672655
0.01	0.055325687
0.010292081	0.053946987
0.010592694	0.052588433
0.010902087	0.051250156
0.011220517	0.049932268
0.011548247	0.048634853
0.011885551	0.047357988
0.012232705	0.046101723
0.01259	0.04486609
0.012957647	0.043651372
0.013336032	0.042457305
0.013725464	0.04128387
0.01412627	0.04013104
0.014538779	0.03899878
0.014963334	0.03788704
0.015400288	0.03679576
0.01585	0.03572487
0.016312422	0.034675226
0.016788337	0.033645764
0.017278135	0.032636393
0.017782224	0.03164701
0.01830102	0.03067751
0.01883495	0.029727772
0.019384459	0.028797679
0.01995	0.027887108
0.020533005	0.026994491
0.021133045	0.026121197
0.021750621	0.025267089
0.022386245	0.024432024
0.023040446	0.023615861
0.023713762	0.022818454
0.024406755	0.022039648
0.02512	0.021279292
0.025853088	0.020538213
0.02660757	0.01981522
0.027384069	0.019110147
0.02818323	0.018422829
0.029005712	0.017753096
0.029852198	0.017100774
0.030723387	0.016465684
0.03162	0.015847648
0.032543603	0.015245953
0.033494186	0.014660961
0.034472536	0.014092477
0.03547946	0.013540298
0.0365158	0.013004219
0.03758241	0.012484028
0.03868017	0.011979508
0.03981	0.011490437
0.040972695	0.011016641
0.042169347	0.010557829
0.04340095	0.010113763
0.044668525	0.009684198
0.04597312	0.009268885
0.047315817	0.008867568
0.04869773	0.008479989
0.05012	0.0081058815
0.0515838	0.0077449796
0.053090356	0.0073970063
0.05464091	0.0070616836
0.05623675	0.0067387302
0.0578792	0.0064278618
0.059569612	0.00612879
0.0613094	0.005841224
0.0631	0.005564872
0.06494172	0.0052996045
0.066837184	0.005044949
0.06878798	0.0048006093
0.070795715	0.004566292
0.072862044	0.0043417
0.074988686	0.0041265413
0.077177405	0.003920522
0.07943	0.0037233522
0.08174976	0.0035346318
0.08413727	0.003354196
0.08659451	0.0031817618
0.08912351	0.0030170502
0.09172637	0.0028597857
0.09440525	0.0027096977
0.097162366	0.0025665201
0.1	0.002429992
0.102919795	0.0022998888
0.10592484	0.002175927
0.109017625	0.002057863
0.112200715	0.001945459
0.11547674	0.0018384841
0.11884842	0.0017367131
0.12231855	0.001639928
0.12589	0.0015479169
0.12956645	0.0014604586
0.13335027	0.0013773728
0.13724458	0.001298468
0.14125264	0.001223559
0.14537773	0.0011524678
0.14962329	0.0010850226
0.15399285	0.001021058
0.15849	9.604153E-4
0.16311829	9.029442E-4
0.16788174	8.4849563E-4
0.17278428	7.969291E-4
0.17783	7.4810995E-4
0.18302307	7.019091E-4
0.18836778	6.5820303E-4
0.19386858	6.1687344E-4
0.19953	5.7780714E-4
0.20535603	5.409003E-4
0.21135218	5.060444E-4
0.21752341	4.731406E-4
0.22387484	4.420942E-4
0.23041171	4.1281478E-4
0.23713945	3.8521586E-4
0.24406363	3.5921484E-4
0.25119	3.3473264E-4
0.25852492	3.1169233E-4
0.26607406	2.900233E-4
0.27384362	2.6965654E-4
0.28184006	2.50526E-4
0.29007	2.3256852E-4
0.29854023	2.1572373E-4
0.30725783	1.9993389E-4
0.31623	1.8514374E-4
0.32546407	1.7130055E-4
0.33496782	1.5835367E-4
0.34474903	1.4625478E-4
0.3548159	1.3495763E-4
0.3651767	1.2441806E-4
0.37584007	1.1459379E-4
0.3868148	1.05444466E-4
0.39811	9.693147E-5
0.40973493	8.901802E-5
0.42169935	8.166888E-5
0.4340131	7.485045E-5
0.44668642	6.8530724E-5
0.4597298	6.267918E-5
0.47315407	5.726674E-5
0.4869703	5.2265736E-5
0.50119	4.764984E-5
0.5158249	4.3394037E-5
0.5308872	3.9474588E-5
0.5463893	3.5868965E-5
0.5623441	3.2555825E-5
0.57876474	2.9514953E-5
0.59566486	2.672725E-5
0.61305845	2.4174664E-5
0.63096	2.1840171E-5
0.6493842	1.9707733E-5
0.6683464	1.7762244E-5
0.6878623	1.5989515E-5
0.7079481	1.4376228E-5
0.72862035	1.2909896E-5
0.7498962	1.15788325E-5
0.7717934	1.0372114E-5
0.79433	9.279542E-6
0.8175246	8.291612E-6
0.8413966	7.3994797E-6
0.86596555	6.594923E-6
0.8912519	5.870314E-6
0.9172767	5.2185856E-6
0.9440614	4.633201E-6
0.97162825	4.1081216E-6
1.0	3.6377803E-6
1.029201	3.2170399E-6
1.0592546	2.8412005E-6
1.090186	2.5059373E-6
1.1220205	2.2072873E-6
1.1547846	1.9416257E-6
1.1885055	1.7056414E-6
1.223211	1.496316E-6
1.25893	1.3109018E-6
1.2956905	1.1469077E-6
1.3335243	1.0020608E-6
1.3724631	8.7430914E-7
1.4125386	7.6179737E-7
1.4537846	6.628508E-7
1.4962348	5.7596E-7
1.5399245	4.997669E-7
1.58489	4.3305184E-7
1.6311698	3.7471955E-7
1.678801	3.2379296E-7
1.727823	2.7939703E-7
1.7782766	2.407512E-7
1.8302034	2.0716027E-7
1.8836465	1.7800608E-7
1.9386501	1.5273999E-7
1.99526	1.3087583E-7
2.0535233	1.1198347E-7
2.113488	9.568327E-8
2.1752036	8.1640444E-8
2.2387214	6.956033E-8
2.304094	5.9184035E-8
2.3713756	5.0284484E-8
2.4406219	4.2662865E-8
2.51189	3.614536E-8
2.5852382	3.0580377E-8
2.6607285	2.5835694E-8
2.7384229	2.179641E-8
2.818386	1.8362753E-8
2.900684	1.5448245E-8
2.9853854	1.2978045E-8
3.0725598	1.0887538E-8
3.16228	9.120968E-9
3.2546198	7.630351E-9
3.3496559	6.374424E-9
3.447467	5.317804E-9
3.5481343	4.430168E-9
3.6517413	3.685571E-9
3.7583735	3.0618805E-9
3.8681195	2.5402205E-9
3.98107	2.1045474E-9
4.097319	1.7411965E-9
4.2169633	1.4386144E-9
4.340101	1.1869942E-9
4.466834	9.780576E-10
4.5972676	8.0481266E-10
4.7315106	6.6136696E-10
4.869673	5.427606E-10
5.01187	4.4483572E-10
5.1582193	3.640953E-10
5.3088417	2.9761504E-10
5.463863	2.4295743E-10
5.62341	1.9808544E-10
5.7876167	1.6127955E-10
5.9566183	1.3114332E-10
6.1305547	1.06497255E-10
6.30957	8.6372465E-11
6.493813	6.9970474E-11
6.683436	5.6613603E-11
6.878596	4.5748738E-11
7.079455	3.6910364E-11
7.286179	2.9747205E-11
7.4989395	2.3949287E-11
7.7179127	1.925804E-11
7.94328	1.5468626E-11
8.175228	1.2408408E-11
8.41395	9.941159E-12
8.659641	7.956524E-12
8.912508	6.3618E-12
9.172758	5.0801585E-12
9.440608	4.052203E-12
9.716279	3.2269742E-12
10.0	2.5672797E-12



DATASET #3

Name: 1000yr
Num Points: 2
Info: 

X, Y Data:
0.001	0.001
10.0	0.001



DATASET #4

Name: 2500yr
Num Points: 2
Info: 

X, Y Data:
0.001	4.0E-4
10.0	4.0E-4



DATASET #5

Name: 10000yr
Num Points: 2
Info: 

X, Y Data:
0.001	1.0E-4
10.0	1.0E-4


