
X-Axis: 0.2s SA (g)
Y-Axis: Annual Probabilitiy
Number of Data Sets: 5


DATASET #1

Name: UCERF3
Num Points: 401
Info: 

X, Y Data:
1.0E-4	0.059430905
1.0333392E-4	0.059430905
1.06779E-4	0.059430905
1.1033893E-4	0.059430905
1.14017545E-4	0.059430905
1.178188E-4	0.059430905
1.2174679E-4	0.059430905
1.2580573E-4	0.059430905
1.3E-4	0.059430905
1.334183E-4	0.059430905
1.369265E-4	0.059430905
1.4052694E-4	0.059430905
1.4422205E-4	0.059430905
1.4801433E-4	0.059430905
1.5190631E-4	0.059430905
1.5590065E-4	0.059430905
1.6E-4	0.059430905
1.645257E-4	0.059430905
1.691794E-4	0.059430905
1.7396474E-4	0.059430905
1.7888544E-4	0.059430905
1.8394532E-4	0.059430905
1.8914833E-4	0.059430905
1.944985E-4	0.059430905
2.0E-4	0.059430905
2.0565712E-4	0.059430905
2.1147425E-4	0.059430905
2.1745593E-4	0.059430905
2.236068E-4	0.059430905
2.2993165E-4	0.059430905
2.364354E-4	0.059430905
2.4312311E-4	0.059430905
2.5E-4	0.059430905
2.5783465E-4	0.059430905
2.659148E-4	0.059430905
2.742482E-4	0.059430905
2.8284272E-4	0.059430905
2.917066E-4	0.059430905
3.0084825E-4	0.059430905
3.102764E-4	0.059430905
3.2E-4	0.059430905
3.290514E-4	0.059430905
3.383588E-4	0.059430905
3.4792948E-4	0.0594309
3.5777088E-4	0.0594309
3.6789064E-4	0.0594309
3.7829665E-4	0.0594309
3.88997E-4	0.0594309
4.0E-4	0.0594309
4.1131425E-4	0.0594309
4.229485E-4	0.059430897
4.3491187E-4	0.059430897
4.472136E-4	0.059430897
4.598633E-4	0.059430894
4.728708E-4	0.059430894
4.8624622E-4	0.05943089
5.0E-4	0.059430886
5.1465514E-4	0.059430882
5.2973983E-4	0.05943088
5.4526667E-4	0.059430875
5.612486E-4	0.059430867
5.77699E-4	0.05943086
5.946315E-4	0.05943085
6.120603E-4	0.059430838
6.3E-4	0.059430823
6.4807665E-4	0.059430808
6.6667196E-4	0.05943079
6.858008E-4	0.059430767
7.0547854E-4	0.059430737
7.257209E-4	0.059430704
7.465441E-4	0.059430666
7.6796475E-4	0.059430618
7.9E-4	0.059430566
8.136239E-4	0.059430495
8.379543E-4	0.059430417
8.630122E-4	0.05943032
8.8881946E-4	0.059430208
9.153984E-4	0.059430074
9.427722E-4	0.059429917
9.7096455E-4	0.05942973
0.001	0.05942951
0.0010293103	0.05942926
0.0010594797	0.05942897
0.0010905333	0.05942863
0.0011224973	0.059428234
0.001155398	0.05942777
0.001189263	0.05942724
0.0012241206	0.05942662
0.00126	0.059425905
0.0012961533	0.0594251
0.0013333439	0.059424173
0.0013716016	0.05942311
0.0014109571	0.059421897
0.0014514418	0.05942051
0.0014930882	0.059418928
0.0015359295	0.059417125
0.00158	0.059415076
0.0016272478	0.059412643
0.0016759086	0.059409875
0.0017260244	0.059406728
0.0017776389	0.059403155
0.0018307968	0.059399106
0.0018855444	0.059394524
0.0019419291	0.059389353
0.002	0.059383526
0.0020575977	0.059377223
0.002116854	0.059370175
0.002177817	0.059362303
0.0022405356	0.059353527
0.0023050604	0.059343763
0.0023714434	0.059332915
0.0024397383	0.05932088
0.00251	0.05930755
0.0025833033	0.059292596
0.0026587474	0.05927607
0.0027363948	0.059257828
0.0028163097	0.059237733
0.0028985585	0.059215628
0.0029832094	0.059191354
0.0030703326	0.059164744
0.00316	0.059135612
0.0032524571	0.059103724
0.0033476194	0.059068922
0.003445566	0.05903101
0.0035463783	0.058989774
0.0036501405	0.058944996
0.0037569385	0.05889645
0.003866861	0.058843896
0.00398	0.058787096
0.004096165	0.05872596
0.0042157196	0.058660105
0.0043387646	0.058589272
0.0044654002	0.058513205
0.0045957323	0.05843164
0.0047298684	0.058344316
0.0048679197	0.05825096
0.00501	0.058151312
0.005156579	0.05804484
0.0053074467	0.05793151
0.005462728	0.057811048
0.0056225527	0.0576832
0.0057870536	0.057547703
0.005956367	0.05740431
0.0061306343	0.057252765
0.00631	0.057092838
0.006493865	0.056924984
0.0066830874	0.056748364
0.0068778237	0.056562766
0.007078234	0.056368
0.0072844843	0.056163874
0.0074967444	0.055950217
0.00771519	0.055726867
0.00794	0.055493683
0.008172275	0.055249564
0.008411343	0.054995283
0.008657407	0.05473074
0.008910668	0.054455843
0.009171338	0.054170527
0.009439633	0.05387474
0.009715778	0.05356844
0.01	0.053251617
0.010292081	0.05292477
0.010592694	0.05258743
0.010902087	0.052239634
0.011220517	0.05188142
0.011548247	0.051512845
0.011885551	0.05113398
0.012232705	0.050744914
0.01259	0.050345745
0.012957647	0.04993668
0.013336032	0.049517747
0.013725464	0.04908908
0.01412627	0.048650835
0.014538779	0.04820315
0.014963334	0.047746204
0.015400288	0.047280155
0.01585	0.046805184
0.016312422	0.04632192
0.016788337	0.045830123
0.017278135	0.04532999
0.017782224	0.044821728
0.01830102	0.044305533
0.01883495	0.043781616
0.019384459	0.043250192
0.01995	0.042711474
0.020533005	0.042164788
0.021133045	0.04161122
0.021750621	0.041051008
0.022386245	0.040484373
0.023040446	0.039911542
0.023713762	0.03933276
0.024406755	0.038748257
0.02512	0.03815827
0.025853088	0.03756386
0.02660757	0.036964472
0.027384069	0.036360368
0.02818323	0.035751805
0.029005712	0.03513904
0.029852198	0.034522347
0.030723387	0.033902
0.03162	0.033278286
0.032543603	0.03265094
0.033494186	0.03202081
0.034472536	0.031388205
0.03547946	0.03075344
0.0365158	0.030116843
0.03758241	0.02947875
0.03868017	0.028839506
0.03981	0.02819947
0.040972695	0.027559076
0.042169347	0.02691863
0.04340095	0.026278513
0.044668525	0.025639124
0.04597312	0.025000865
0.047315817	0.02436415
0.04869773	0.023729393
0.05012	0.023097029
0.0515838	0.02246749
0.053090356	0.021841215
0.05464091	0.021218644
0.05623675	0.02060023
0.0578792	0.019986417
0.059569612	0.019377654
0.0613094	0.018774396
0.0631	0.018177085
0.06494172	0.017586535
0.066837184	0.017002806
0.06878798	0.016426327
0.070795715	0.015857521
0.072862044	0.015296801
0.074988686	0.014744564
0.077177405	0.014201199
0.07943	0.013667076
0.08174976	0.013142238
0.08413727	0.012627349
0.08659451	0.012122729
0.08912351	0.011628673
0.09172637	0.011145462
0.09440525	0.010673348
0.097162366	0.010212562
0.1	0.009763311
0.102919795	0.00932588
0.10592484	0.008900313
0.109017625	0.008486741
0.112200715	0.008085266
0.11547674	0.007695964
0.11884842	0.007318886
0.12231855	0.006954055
0.12589	0.0066014687
0.12956645	0.0062610353
0.13335027	0.005932772
0.13724458	0.005616602
0.14125264	0.005312426
0.14537773	0.005020121
0.14962329	0.004739545
0.15399285	0.0044705328
0.15849	0.004212903
0.16311829	0.0039664647
0.16788174	0.0037309907
0.17278428	0.0035062488
0.17783	0.0032919936
0.18302307	0.0030879674
0.18836778	0.002893902
0.19386858	0.0027095191
0.19953	0.0025345332
0.20535603	0.0023686711
0.21135218	0.002211613
0.21752341	0.0020630579
0.22387484	0.0019227006
0.23041171	0.0017902355
0.23713945	0.0016653562
0.24406363	0.0015477574
0.25119	0.0014371352
0.25852492	0.0013331819
0.26607406	0.0012356074
0.27384362	0.0011441188
0.28184006	0.0010584283
0.29007	9.782537E-4
0.29854023	9.033192E-4
0.30725783	8.333563E-4
0.31623	7.6810346E-4
0.32546407	7.073076E-4
0.33496782	6.5072277E-4
0.34474903	5.9811166E-4
0.3548159	5.4924574E-4
0.3651767	5.0390494E-4
0.37584007	4.6187808E-4
0.3868148	4.2296262E-4
0.39811	3.869649E-4
0.40973493	3.5370016E-4
0.42169935	3.2299184E-4
0.4340131	2.9467212E-4
0.44668642	2.685816E-4
0.4597298	2.445691E-4
0.47315407	2.2249135E-4
0.4869703	2.0221299E-4
0.50119	1.8360616E-4
0.5158249	1.6655031E-4
0.5308872	1.5093203E-4
0.5463893	1.3664465E-4
0.5623441	1.2358808E-4
0.57876474	1.1166844E-4
0.59566486	1.00797886E-4
0.61305845	9.089427E-5
0.63096	8.1880906E-5
0.6493842	7.368629E-5
0.6683464	6.624382E-5
0.6878623	5.9491522E-5
0.7079481	5.337187E-5
0.72862035	4.783148E-5
0.7498962	4.2820873E-5
0.7717934	3.8294274E-5
0.79433	3.4209355E-5
0.8175246	3.052705E-5
0.8413966	2.7211325E-5
0.86596555	2.4228993E-5
0.8912519	2.1549535E-5
0.9172767	1.9144902E-5
0.9440614	1.6989357E-5
0.97162825	1.5059311E-5
1.0	1.3333172E-5
1.029201	1.1791159E-5
1.0592546	1.0415285E-5
1.090186	9.189108E-6
1.1220205	8.097646E-6
1.1547846	7.1272693E-6
1.1885055	6.2655963E-6
1.223211	5.501387E-6
1.25893	4.824456E-6
1.2956905	4.225606E-6
1.3335243	3.6964748E-6
1.3724631	3.229538E-6
1.4125386	2.8180134E-6
1.4537846	2.4557921E-6
1.4962348	2.1373814E-6
1.5399245	1.8578492E-6
1.58489	1.6127718E-6
1.6311698	1.3981822E-6
1.678801	1.2105456E-6
1.727823	1.0466977E-6
1.7782766	9.0381695E-7
1.8302034	7.793907E-7
1.8836465	6.711844E-7
1.9386501	5.772144E-7
1.99526	4.9572157E-7
2.0535233	4.2514787E-7
2.113488	3.6411717E-7
2.1752036	3.1141388E-7
2.2387214	2.6596695E-7
2.304094	2.2683356E-7
2.3713756	1.9318531E-7
2.4406219	1.642954E-7
2.51189	1.3952712E-7
2.5852382	1.1832377E-7
2.6607285	1.0019885E-7
2.7384229	8.472825E-8
2.818386	7.154291E-8
2.900684	6.0321945E-8
2.9853854	5.0787033E-8
3.0725598	4.2697042E-8
3.16228	3.5843293E-8
3.2546198	3.004567E-8
3.3496559	2.5148825E-8
3.447467	2.1019153E-8
3.5481343	1.7541717E-8
3.6517413	1.4618017E-8
3.7583735	1.2163615E-8
3.8681195	1.0106376E-8
3.98107	8.384621E-9
4.097319	6.945875E-9
4.2169633	5.745484E-9
4.340101	4.7455044E-9
4.466834	3.9137573E-9
4.5972676	3.2229965E-9
4.7315106	2.6502307E-9
4.869673	2.1760203E-9
5.01187	1.7840337E-9
5.1582193	1.4604936E-9
5.3088417	1.1938529E-9
5.463863	9.744494E-10
5.62341	7.942005E-10
5.7876167	6.4634664E-10
5.9566183	5.252453E-10
6.1305547	4.2621107E-10
6.30957	3.4533887E-10
6.493813	2.7940839E-10
6.683436	2.2574143E-10
6.878596	1.821141E-10
7.079455	1.467052E-10
7.286179	1.1801327E-10
7.4989395	9.479528E-11
7.7179127	7.604117E-11
7.94328	6.0904615E-11
8.175228	4.8718807E-11
8.41395	3.8914427E-11
8.659641	3.1039393E-11
8.912508	2.4726998E-11
9.172758	1.9667934E-11
9.440608	1.5626389E-11
9.716279	1.2395307E-11
10.0	9.817702E-12



DATASET #2

Name: RSQSim
Num Points: 401
Info: 

X, Y Data:
1.0E-4	0.066138096
1.0333392E-4	0.066138096
1.06779E-4	0.066138096
1.1033893E-4	0.066138096
1.14017545E-4	0.066138096
1.178188E-4	0.066138096
1.2174679E-4	0.066138096
1.2580573E-4	0.066138096
1.3E-4	0.066138096
1.334183E-4	0.066138096
1.369265E-4	0.066138096
1.4052694E-4	0.066138096
1.4422205E-4	0.066138096
1.4801433E-4	0.066138096
1.5190631E-4	0.066138096
1.5590065E-4	0.066138096
1.6E-4	0.066138096
1.645257E-4	0.066138096
1.691794E-4	0.066138096
1.7396474E-4	0.066138096
1.7888544E-4	0.066138096
1.8394532E-4	0.066138096
1.8914833E-4	0.066138096
1.944985E-4	0.066138096
2.0E-4	0.066138096
2.0565712E-4	0.066138096
2.1147425E-4	0.066138096
2.1745593E-4	0.066138096
2.236068E-4	0.066138096
2.2993165E-4	0.066138096
2.364354E-4	0.066138096
2.4312311E-4	0.066138096
2.5E-4	0.066138096
2.5783465E-4	0.066138096
2.659148E-4	0.066138096
2.742482E-4	0.066138096
2.8284272E-4	0.066138096
2.917066E-4	0.066138096
3.0084825E-4	0.066138096
3.102764E-4	0.066138096
3.2E-4	0.066138096
3.290514E-4	0.066138096
3.383588E-4	0.066138096
3.4792948E-4	0.06613809
3.5777088E-4	0.06613809
3.6789064E-4	0.06613809
3.7829665E-4	0.06613809
3.88997E-4	0.06613809
4.0E-4	0.06613809
4.1131425E-4	0.06613809
4.229485E-4	0.06613809
4.3491187E-4	0.06613809
4.472136E-4	0.06613809
4.598633E-4	0.06613809
4.728708E-4	0.06613809
4.8624622E-4	0.06613809
5.0E-4	0.06613808
5.1465514E-4	0.06613808
5.2973983E-4	0.06613808
5.4526667E-4	0.066138074
5.612486E-4	0.066138074
5.77699E-4	0.06613807
5.946315E-4	0.06613806
6.120603E-4	0.06613805
6.3E-4	0.066138044
6.4807665E-4	0.06613804
6.6667196E-4	0.06613803
6.858008E-4	0.066138014
7.0547854E-4	0.066138
7.257209E-4	0.06613798
7.465441E-4	0.066137955
7.6796475E-4	0.066137925
7.9E-4	0.066137895
8.136239E-4	0.06613786
8.379543E-4	0.06613781
8.630122E-4	0.06613775
8.8881946E-4	0.06613769
9.153984E-4	0.06613761
9.427722E-4	0.06613752
9.7096455E-4	0.06613741
0.001	0.066137284
0.0010293103	0.066137135
0.0010594797	0.06613697
0.0010905333	0.06613677
0.0011224973	0.06613653
0.001155398	0.06613626
0.001189263	0.06613595
0.0012241206	0.066135585
0.00126	0.06613516
0.0012961533	0.066134684
0.0013333439	0.06613413
0.0013716016	0.0661335
0.0014109571	0.06613278
0.0014514418	0.06613194
0.0014930882	0.06613099
0.0015359295	0.0661299
0.00158	0.066128656
0.0016272478	0.06612718
0.0016759086	0.06612549
0.0017260244	0.06612356
0.0017776389	0.06612136
0.0018307968	0.066118866
0.0018855444	0.06611602
0.0019419291	0.0661128
0.002	0.06610915
0.0020575977	0.06610519
0.002116854	0.066100724
0.002177817	0.066095725
0.0022405356	0.06609012
0.0023050604	0.06608385
0.0023714434	0.06607684
0.0024397383	0.06606902
0.00251	0.06606032
0.0025833033	0.06605049
0.0026587474	0.066039555
0.0027363948	0.06602742
0.0028163097	0.066013955
0.0028985585	0.065999046
0.0029832094	0.06598256
0.0030703326	0.065964356
0.00316	0.065944284
0.0032524571	0.06592215
0.0033476194	0.065897815
0.003445566	0.0658711
0.0035463783	0.0658418
0.0036501405	0.065809734
0.0037569385	0.06577467
0.003866861	0.065736406
0.00398	0.06569469
0.004096165	0.06564939
0.0042157196	0.065600164
0.0043387646	0.06554673
0.0044654002	0.06548882
0.0045957323	0.06542615
0.0047298684	0.0653584
0.0048679197	0.06528528
0.00501	0.06520646
0.005156579	0.0651214
0.0053074467	0.06502994
0.005462728	0.06493173
0.0056225527	0.0648264
0.0057870536	0.0647136
0.005956367	0.06459294
0.0061306343	0.06446406
0.00631	0.06432656
0.006493865	0.064180665
0.0066830874	0.06402545
0.0068778237	0.06386052
0.007078234	0.0636855
0.0072844843	0.063499995
0.0074967444	0.06330362
0.00771519	0.06309599
0.00794	0.062876716
0.008172275	0.06264451
0.008411343	0.06239983
0.008657407	0.062142313
0.008910668	0.061871607
0.009171338	0.06158737
0.009439633	0.061289273
0.009715778	0.060977004
0.01	0.06065027
0.010292081	0.060309324
0.010592694	0.059953414
0.010902087	0.059582308
0.011220517	0.059195787
0.011548247	0.058793657
0.011885551	0.058375746
0.012232705	0.057941917
0.01259	0.05749205
0.012957647	0.057026166
0.013336032	0.056544103
0.013725464	0.056045834
0.01412627	0.055531364
0.014538779	0.055000722
0.014963334	0.054453976
0.015400288	0.053891223
0.01585	0.0533126
0.016312422	0.052718814
0.016788337	0.05210955
0.017278135	0.051485043
0.017782224	0.050845563
0.01830102	0.05019141
0.01883495	0.049522925
0.019384459	0.04884048
0.01995	0.048144475
0.020533005	0.04743418
0.021133045	0.0467112
0.021750621	0.045976024
0.022386245	0.045229197
0.023040446	0.04447128
0.023713762	0.043702863
0.024406755	0.04292457
0.02512	0.04213705
0.025853088	0.04134204
0.02660757	0.040539186
0.027384069	0.0397292
0.02818323	0.038912814
0.029005712	0.03809078
0.029852198	0.037263863
0.030723387	0.036432847
0.03162	0.03559852
0.032543603	0.034760952
0.033494186	0.03392169
0.034472536	0.03308155
0.03547946	0.032241363
0.0365158	0.031401947
0.03758241	0.03056413
0.03868017	0.029728731
0.03981	0.028896568
0.040972695	0.028068544
0.042169347	0.027245361
0.04340095	0.02642781
0.044668525	0.025616659
0.04597312	0.024812667
0.047315817	0.02401657
0.04869773	0.023229089
0.05012	0.022450916
0.0515838	0.021682728
0.053090356	0.020925168
0.05464091	0.02017885
0.05623675	0.019444365
0.0578792	0.01872227
0.059569612	0.018013092
0.0613094	0.01731732
0.0631	0.016635414
0.06494172	0.015968213
0.066837184	0.015315669
0.06878798	0.014678131
0.070795715	0.014055911
0.072862044	0.013449285
0.074988686	0.012858489
0.077177405	0.012283722
0.07943	0.011725147
0.08174976	0.011182566
0.08413727	0.01065641
0.08659451	0.010146729
0.08912351	0.009653538
0.09172637	0.009176821
0.09440525	0.008716525
0.097162366	0.008272562
0.1	0.007844819
0.102919795	0.007433243
0.10592484	0.007037556
0.109017625	0.0066575534
0.112200715	0.0062930076
0.11547674	0.005943666
0.11884842	0.005609254
0.12231855	0.0052894754
0.12589	0.0049840175
0.12956645	0.0046924925
0.13335027	0.0044146157
0.13724458	0.0041500265
0.14125264	0.0038983533
0.14537773	0.0036592148
0.14962329	0.003432221
0.15399285	0.003216976
0.15849	0.0030130788
0.16311829	0.002820133
0.16788174	0.0026377244
0.17278428	0.0024654465
0.17783	0.0023028946
0.18302307	0.002149666
0.18836778	0.0020053622
0.19386858	0.0018695892
0.19953	0.001741959
0.20535603	0.0016221043
0.21135218	0.0015096357
0.21752341	0.0014041883
0.22387484	0.0013054063
0.23041171	0.0012129437
0.23713945	0.0011264647
0.24406363	0.0010456442
0.25119	9.7016833E-4
0.25852492	8.9972996E-4
0.26607406	8.340431E-4
0.27384362	7.728283E-4
0.28184006	7.1581773E-4
0.29007	6.6275545E-4
0.29854023	6.133972E-4
0.30725783	5.675102E-4
0.31623	5.248731E-4
0.32546407	4.852762E-4
0.33496782	4.4852006E-4
0.34474903	4.1441637E-4
0.3548159	3.8278723E-4
0.3651767	3.5346486E-4
0.37584007	3.2629125E-4
0.3868148	3.0111783E-4
0.39811	2.7780505E-4
0.40973493	2.5622224E-4
0.42169935	2.3624663E-4
0.4340131	2.1776356E-4
0.44668642	2.0066589E-4
0.4597298	1.8485359E-4
0.47315407	1.702334E-4
0.4869703	1.5671842E-4
0.50119	1.4422777E-4
0.5158249	1.3268624E-4
0.5308872	1.2202392E-4
0.5463893	1.1217588E-4
0.5623441	1.0308187E-4
0.57876474	9.468597E-5
0.59566486	8.693634E-5
0.61305845	7.978494E-5
0.63096	7.3187235E-5
0.6493842	6.710199E-5
0.6683464	6.1490966E-5
0.6878623	5.6318786E-5
0.7079481	5.155268E-5
0.72862035	4.7162295E-5
0.7498962	4.311953E-5
0.7717934	3.9398346E-5
0.79433	3.5974634E-5
0.8175246	3.2826054E-5
0.8413966	2.9931907E-5
0.86596555	2.7273005E-5
0.8912519	2.4831568E-5
0.9172767	2.2591108E-5
0.9440614	2.0536338E-5
0.97162825	1.8653078E-5
1.0	1.6928176E-5
1.029201	1.5349393E-5
1.0592546	1.3905453E-5
1.090186	1.2585855E-5
1.1220205	1.1380852E-5
1.1547846	1.0281405E-5
1.1885055	9.279125E-6
1.223211	8.366235E-6
1.25893	7.5355215E-6
1.2956905	6.7803267E-6
1.3335243	6.0944203E-6
1.3724631	5.472063E-6
1.4125386	4.907941E-6
1.4537846	4.3971368E-6
1.4962348	3.9351035E-6
1.5399245	3.5176386E-6
1.58489	3.1408604E-6
1.6311698	2.8011777E-6
1.678801	2.4952997E-6
1.727823	2.2201832E-6
1.7782766	1.973028E-6
1.8302034	1.7512598E-6
1.8836465	1.5525135E-6
1.9386501	1.3746195E-6
1.99526	1.2155895E-6
2.0535233	1.0736022E-6
2.113488	9.469949E-7
2.1752036	8.3424777E-7
2.2387214	7.33975E-7
2.304094	6.449144E-7
2.3713756	5.659176E-7
2.4406219	4.959419E-7
2.51189	4.3404114E-7
2.5852382	3.793592E-7
2.6607285	3.311201E-7
2.7384229	2.886238E-7
2.818386	2.51239E-7
2.900684	2.1839712E-7
2.9853854	1.8958701E-7
3.0725598	1.6434976E-7
3.16228	1.4227393E-7
3.2546198	1.2299138E-7
3.3496559	1.0617301E-7
3.447467	9.1525294E-8
3.5481343	7.878673E-8
3.6517413	6.7724756E-8
3.7583735	5.8132894E-8
3.8681195	4.9828092E-8
3.98107	4.2648345E-8
4.097319	3.6450494E-8
4.2169633	3.1108307E-8
4.340101	2.6510568E-8
4.466834	2.2559513E-8
4.5972676	1.9169308E-8
4.7315106	1.6264778E-8
4.869673	1.3780112E-8
5.01187	1.1657878E-8
5.1582193	9.847949E-9
5.3088417	8.306755E-9
5.463863	6.996416E-9
5.62341	5.88406E-9
5.7876167	4.9412194E-9
5.9566183	4.143293E-9
6.1305547	3.469074E-9
6.30957	2.9002492E-9
6.493813	2.4210913E-9
6.683436	2.0180932E-9
6.878596	1.6796715E-9
7.079455	1.3959185E-9
7.286179	1.1583783E-9
7.4989395	9.598282E-10
7.7179127	7.9412843E-10
7.94328	6.560572E-10
8.175228	5.411861E-10
8.41395	4.4576431E-10
8.659641	3.6662373E-10
8.912508	3.0108716E-10
9.172758	2.4690183E-10
9.440608	2.0217072E-10
9.716279	1.6529988E-10
10.0	1.3494939E-10



DATASET #3

Name: 1000yr
Num Points: 2
Info: 

X, Y Data:
0.001	0.001
10.0	0.001



DATASET #4

Name: 2500yr
Num Points: 2
Info: 

X, Y Data:
0.001	4.0E-4
10.0	4.0E-4



DATASET #5

Name: 10000yr
Num Points: 2
Info: 

X, Y Data:
0.001	1.0E-4
10.0	1.0E-4


