
X-Axis: Normalized Interevent Time
Y-Axis: Probability
Number of Data Sets: 3


DATASET #1

     Name: a0_003b0_008 Histogram
   Points: 41
     Info: 

Data[x,y]:
0.05	  0.029740892
0.15	  0.024305321
0.25	  0.026375093
0.35	  0.0313174
0.45	  0.037604094
0.55	  0.042091824
0.65	  0.04950045
0.75	  0.058814425
0.85	  0.08146586
0.95	  0.10791833
1.05	  0.12511486
1.15	  0.10197982
1.25	  0.07468591
1.35	  0.05254708
1.45	  0.039828613
1.55	  0.031172324
1.65	  0.022535374
1.75	  0.01587148
1.85	  0.011151626
1.95	  0.008366137
2.05	  0.0058901473
2.15	  0.004681168
2.25	  0.0038300466
2.35	  0.0029499095
2.45	  0.0018763359
2.55	  0.0015378217
2.65	  0.0012186512
2.75	  9.284961E-4
2.85	  9.188243E-4
2.95	  6.286693E-4
3.05	  5.512946E-4
3.15	  4.6424806E-4
3.25	  2.3212403E-4
3.35	  3.5785788E-4
3.45	  1.8376486E-4
3.55	  2.224522E-4
3.65	  1.7409302E-4
3.75	  2.0310853E-4
3.85	  1.16062016E-4
3.95	  1.2573384E-4
4.05	  5.2227906E-4



DATASET #2

     Name: Log-Normal Fit
   Points: 401
     Info: 

Data[x,y]:
0.005	  0.0
0.015	  4.419397E-15
0.025	  2.828988E-12
0.035	  1.8078293E-10
0.045	  3.5022527E-9
0.055	  3.3003474E-8
0.065	  1.9341725E-7
0.075	  8.131229E-7
0.085	  2.6812568E-6
0.095	  7.356855E-6
0.105	  1.7495628E-5
0.115	  3.7129626E-5
0.125	  7.184526E-5
0.135	  1.2882742E-4
0.145	  2.1676224E-4
0.155	  3.4561232E-4
0.165	  5.262919E-4
0.175	  7.702767E-4
0.185	  0.0010891837
0.195	  0.0014943532
0.205	  0.0019964583
0.215	  0.002605162
0.225	  0.0033288344
0.235	  0.004174335
0.245	  0.0051468615
0.255	  0.006249866
0.265	  0.007485025
0.275	  0.008852269
0.285	  0.010349843
0.295	  0.011974421
0.305	  0.013721229
0.315	  0.015584193
0.325	  0.017556112
0.335	  0.019628815
0.345	  0.021793336
0.355	  0.02404008
0.365	  0.026358986
0.375	  0.028739672
0.385	  0.03117158
0.395	  0.033644106
0.405	  0.03614671
0.415	  0.03866902
0.425	  0.04120092
0.435	  0.043732636
0.445	  0.046254784
0.455	  0.04875844
0.465	  0.05123516
0.475	  0.05367704
0.485	  0.056076705
0.495	  0.058427356
0.505	  0.060722757
0.515	  0.06295724
0.525	  0.06512571
0.535	  0.067223616
0.545	  0.06924696
0.555	  0.07119227
0.565	  0.073056586
0.575	  0.07483741
0.585	  0.07653272
0.595	  0.07814096
0.605	  0.07966094
0.615	  0.08109188
0.625	  0.082433365
0.635	  0.08368531
0.645	  0.08484794
0.655	  0.08592177
0.665	  0.086907566
0.675	  0.08780634
0.685	  0.088619314
0.695	  0.08934791
0.705	  0.0899937
0.715	  0.09055844
0.725	  0.091043994
0.735	  0.09145236
0.745	  0.09178562
0.755	  0.09204594
0.765	  0.092235565
0.775	  0.09235679
0.785	  0.092411965
0.795	  0.09240344
0.805	  0.09233362
0.815	  0.092204906
0.825	  0.09201969
0.835	  0.09178039
0.845	  0.09148937
0.855	  0.09114901
0.865	  0.09076164
0.875	  0.09032958
0.885	  0.08985509
0.895	  0.08934041
0.905	  0.08878773
0.915	  0.08819919
0.925	  0.08757688
0.935	  0.086922854
0.945	  0.08623909
0.955	  0.08552753
0.965	  0.08479004
0.975	  0.08402845
0.985	  0.08324453
0.995	  0.082439974
1.005	  0.08161643
1.015	  0.08077549
1.025	  0.07991868
1.035	  0.07904749
1.045	  0.078163326
1.055	  0.07726755
1.065	  0.07636147
1.075	  0.07544633
1.085	  0.07452334
1.095	  0.07359363
1.105	  0.07265831
1.115	  0.07171842
1.125	  0.070774935
1.135	  0.06982883
1.145	  0.06888099
1.155	  0.06793228
1.165	  0.06698349
1.175	  0.06603542
1.185	  0.06508877
1.195	  0.06414425
1.205	  0.063202485
1.215	  0.06226411
1.225	  0.06132969
1.235	  0.060399767
1.245	  0.059474852
1.255	  0.058555417
1.265	  0.057641912
1.275	  0.056734752
1.285	  0.05583432
1.295	  0.054940976
1.305	  0.054055057
1.315	  0.05317687
1.325	  0.052306697
1.335	  0.051444802
1.345	  0.050591424
1.355	  0.04974678
1.365	  0.048911076
1.375	  0.048084483
1.385	  0.04726716
1.395	  0.046459258
1.405	  0.0456609
1.415	  0.044872206
1.425	  0.044093262
1.435	  0.043324158
1.445	  0.04256496
1.455	  0.041815724
1.465	  0.041076496
1.475	  0.04034731
1.485	  0.039628193
1.495	  0.03891915
1.505	  0.03822019
1.515	  0.0375313
1.525	  0.03685247
1.535	  0.03618368
1.545	  0.035524897
1.555	  0.034876086
1.565	  0.034237202
1.575	  0.033608194
1.585	  0.03298901
1.595	  0.03237959
1.605	  0.031779863
1.615	  0.031189762
1.625	  0.030609215
1.635	  0.03003814
1.645	  0.029476456
1.655	  0.02892408
1.665	  0.028380921
1.675	  0.027846888
1.685	  0.027321888
1.695	  0.026805824
1.705	  0.0262986
1.715	  0.025800113
1.725	  0.025310263
1.735	  0.024828948
1.745	  0.024356062
1.755	  0.0238915
1.765	  0.023435153
1.775	  0.022986919
1.785	  0.022546684
1.795	  0.022114346
1.805	  0.021689791
1.815	  0.021272913
1.825	  0.0208636
1.835	  0.020461746
1.845	  0.02006724
1.855	  0.019679971
1.865	  0.019299835
1.875	  0.018926721
1.885	  0.018560521
1.895	  0.018201128
1.905	  0.017848436
1.915	  0.017502336
1.925	  0.017162723
1.935	  0.016829494
1.945	  0.016502546
1.955	  0.01618177
1.965	  0.015867071
1.975	  0.015558342
1.985	  0.015255486
1.995	  0.0149584
2.005	  0.0146669885
2.015	  0.0143811535
2.025	  0.014100797
2.035	  0.0138258245
2.045	  0.013556143
2.055	  0.013291658
2.065	  0.013032278
2.075	  0.012777912
2.085	  0.012528472
2.095	  0.012283866
2.105	  0.012044011
2.115	  0.011808818
2.125	  0.011578203
2.135	  0.011352083
2.145	  0.011130374
2.155	  0.010912997
2.165	  0.010699869
2.175	  0.010490913
2.185	  0.010286052
2.195	  0.010085207
2.205	  0.009888305
2.215	  0.009695271
2.225	  0.009506032
2.235	  0.009320517
2.245	  0.009138654
2.255	  0.008960375
2.265	  0.008785609
2.275	  0.008614292
2.285	  0.008446357
2.295	  0.0082817385
2.305	  0.008120373
2.315	  0.007962197
2.325	  0.0078071496
2.335	  0.0076551703
2.345	  0.007506199
2.355	  0.0073601776
2.365	  0.0072170487
2.375	  0.0070767556
2.385	  0.006939243
2.395	  0.0068044565
2.405	  0.0066723423
2.415	  0.0065428484
2.425	  0.006415923
2.435	  0.006291516
2.445	  0.006169577
2.455	  0.0060500577
2.465	  0.0059329104
2.475	  0.0058180876
2.485	  0.005705544
2.495	  0.0055952338
2.505	  0.005487113
2.515	  0.005381138
2.525	  0.005277266
2.535	  0.005175455
2.545	  0.0050756643
2.555	  0.0049778535
2.565	  0.004881983
2.575	  0.0047880146
2.585	  0.0046959096
2.595	  0.0046056304
2.605	  0.0045171417
2.615	  0.0044304063
2.625	  0.0043453905
2.635	  0.0042620585
2.645	  0.004180377
2.655	  0.0041003134
2.665	  0.0040218346
2.675	  0.0039449087
2.685	  0.0038695054
2.695	  0.003795593
2.705	  0.0037231422
2.715	  0.0036521235
2.725	  0.0035825078
2.735	  0.0035142675
2.745	  0.003447374
2.755	  0.003381801
2.765	  0.003317522
2.775	  0.00325451
2.785	  0.0031927403
2.795	  0.0031321878
2.805	  0.0030728276
2.815	  0.003014636
2.825	  0.0029575895
2.835	  0.002901665
2.845	  0.0028468396
2.855	  0.0027930913
2.865	  0.0027403987
2.875	  0.0026887404
2.885	  0.0026380955
2.895	  0.0025884435
2.905	  0.0025397644
2.915	  0.002492039
2.925	  0.0024452475
2.935	  0.0023993717
2.945	  0.0023543928
2.955	  0.0023102928
2.965	  0.002267054
2.975	  0.0022246593
2.985	  0.0021830916
2.995	  0.0021423341
3.005	  0.0021023706
3.015	  0.0020631854
3.025	  0.0020247626
3.035	  0.001987087
3.045	  0.0019501436
3.055	  0.0019139176
3.065	  0.0018783947
3.075	  0.0018435608
3.085	  0.001809402
3.095	  0.0017759049
3.105	  0.0017430562
3.115	  0.001710843
3.125	  0.0016792523
3.135	  0.0016482718
3.145	  0.0016178894
3.155	  0.001588093
3.165	  0.001558871
3.175	  0.0015302119
3.185	  0.0015021043
3.195	  0.0014745374
3.205	  0.0014475004
3.215	  0.0014209826
3.225	  0.0013949737
3.235	  0.0013694636
3.245	  0.0013444425
3.255	  0.0013199004
3.265	  0.0012958279
3.275	  0.0012722157
3.285	  0.0012490546
3.295	  0.0012263356
3.305	  0.0012040501
3.315	  0.0011821894
3.325	  0.001160745
3.335	  0.0011397088
3.345	  0.0011190725
3.355	  0.0010988285
3.365	  0.0010789688
3.375	  0.0010594858
3.385	  0.0010403722
3.395	  0.0010216207
3.405	  0.0010032239
3.415	  9.851753E-4
3.425	  9.674675E-4
3.435	  9.500941E-4
3.445	  9.3304843E-4
3.455	  9.163241E-4
3.465	  8.999147E-4
3.475	  8.838142E-4
3.485	  8.6801633E-4
3.495	  8.5251534E-4
3.505	  8.373053E-4
3.515	  8.2238053E-4
3.525	  8.077355E-4
3.535	  7.9336466E-4
3.545	  7.7926274E-4
3.555	  7.654244E-4
3.565	  7.518445E-4
3.575	  7.385181E-4
3.585	  7.254401E-4
3.595	  7.126058E-4
3.605	  7.0001034E-4
3.615	  6.876492E-4
3.625	  6.755177E-4
3.635	  6.636115E-4
3.645	  6.5192615E-4
3.655	  6.404574E-4
3.665	  6.29201E-4
3.675	  6.181529E-4
3.685	  6.0730905E-4
3.695	  5.966654E-4
3.705	  5.8621826E-4
3.715	  5.7596376E-4
3.725	  5.6589814E-4
3.735	  5.560178E-4
3.745	  5.463191E-4
3.755	  5.367987E-4
3.765	  5.27453E-4
3.775	  5.182788E-4
3.785	  5.092726E-4
3.795	  5.004314E-4
3.805	  4.917519E-4
3.815	  4.8323104E-4
3.825	  4.7486575E-4
3.835	  4.6665312E-4
3.845	  4.5859016E-4
3.855	  4.5067407E-4
3.865	  4.42902E-4
3.875	  4.3527124E-4
3.885	  4.2777907E-4
3.895	  4.2042288E-4
3.905	  4.1320003E-4
3.915	  4.0610807E-4
3.925	  3.9914442E-4
3.935	  3.923067E-4
3.945	  3.8559255E-4
3.955	  3.7899954E-4
3.965	  3.7252545E-4
3.975	  3.66168E-4
3.985	  3.59925E-4
3.995	  3.5379428E-4
4.005	  3.4777372E-4



DATASET #3

     Name: BPT Fit
   Points: 401
     Info: Mean = 100.0, Aperiodicity = 0.5, Duration = 30.0, Delta T = 1.0, Num Points = 500, Historic Open Interval = 0.0
Computed mean = 0.9977663

Data[x,y]:
0.0	  0.0
0.01	  0.0
0.02	  2.62E-43
0.03	  2.7086907E-28
0.04	  7.5797605E-21
0.05	  2.0473729E-16
0.06	  1.7403346E-13
0.07	  2.0648002E-11
0.08	  7.1877293E-10
0.09	  1.1081247E-8
0.1	  9.680437E-8
0.11	  5.6034E-7
0.12	  2.384745E-6
0.13	  8.01807E-6
0.14	  2.2416585E-5
0.15	  5.4101056E-5
0.16	  1.1591706E-4
0.17	  2.2525628E-4
0.18	  4.0364207E-4
0.19	  6.7573675E-4
0.2	  0.001067939
0.21	  0.001606786
0.22	  0.0023173694
0.23	  0.0032219307
0.24	  0.0043387436
0.25	  0.005681339
0.26	  0.007258074
0.27	  0.009072015
0.28	  0.011121099
0.29	  0.013398487
0.3	  0.015893092
0.31	  0.018590175
0.32	  0.021472009
0.33	  0.02451854
0.34	  0.027708037
0.35	  0.03101768
0.36	  0.034424115
0.37	  0.037903935
0.38	  0.041434065
0.39	  0.04499214
0.4	  0.04855676
0.41	  0.052107703
0.42	  0.05562609
0.43	  0.059094507
0.44	  0.062497064
0.45	  0.06581942
0.46	  0.06904881
0.47	  0.07217399
0.48	  0.07518523
0.49	  0.07807423
0.5	  0.080834046
0.51	  0.08345906
0.52	  0.08594481
0.53	  0.088288
0.54	  0.09048635
0.55	  0.0925385
0.56	  0.094443984
0.57	  0.09620308
0.58	  0.09781678
0.59	  0.09928667
0.6	  0.10061488
0.61	  0.10180403
0.62	  0.102857135
0.63	  0.103777565
0.64	  0.104568966
0.65	  0.10523526
0.66	  0.10578055
0.67	  0.10620909
0.68	  0.10652527
0.69	  0.10673355
0.7	  0.10683846
0.71	  0.10684452
0.72	  0.1067563
0.73	  0.10657831
0.74	  0.10631507
0.75	  0.105970986
0.76	  0.10555044
0.77	  0.10505772
0.78	  0.10449701
0.79	  0.10387241
0.8	  0.10318791
0.81	  0.10244739
0.82	  0.101654604
0.83	  0.10081318
0.84	  0.099926636
0.85	  0.09899837
0.86	  0.098031625
0.87	  0.097029544
0.88	  0.09599514
0.89	  0.094931304
0.9	  0.093840785
0.91	  0.092726216
0.92	  0.09159014
0.93	  0.09043493
0.94	  0.08926289
0.95	  0.08807619
0.96	  0.0868769
0.97	  0.08566698
0.98	  0.08444827
0.99	  0.083222546
1.0	  0.081991464
1.01	  0.08075659
1.02	  0.0795194
1.03	  0.07828128
1.04	  0.07704355
1.05	  0.07580744
1.06	  0.07457408
1.07	  0.07334457
1.08	  0.07211991
1.09	  0.070901036
1.1	  0.069688834
1.11	  0.068484105
1.12	  0.06728761
1.13	  0.066100046
1.14	  0.064922065
1.15	  0.06375425
1.16	  0.06259716
1.17	  0.061451294
1.18	  0.060317095
1.19	  0.059194993
1.2	  0.058085356
1.21	  0.056988522
1.22	  0.0559048
1.23	  0.054834455
1.24	  0.053777725
1.25	  0.052734822
1.26	  0.051705923
1.27	  0.050691184
1.28	  0.049690735
1.29	  0.048704676
1.3	  0.047733095
1.31	  0.046776053
1.32	  0.045833595
1.33	  0.044905744
1.34	  0.04399251
1.35	  0.04309388
1.36	  0.04220983
1.37	  0.04134033
1.38	  0.040485326
1.39	  0.039644755
1.4	  0.038818542
1.41	  0.038006607
1.42	  0.03720886
1.43	  0.036425184
1.44	  0.035655484
1.45	  0.034899637
1.46	  0.034157515
1.47	  0.033428986
1.48	  0.03271392
1.49	  0.03201217
1.5	  0.03132359
1.51	  0.030648027
1.52	  0.029985327
1.53	  0.029335335
1.54	  0.028697886
1.55	  0.028072817
1.56	  0.027459962
1.57	  0.026859155
1.58	  0.026270222
1.59	  0.025692998
1.6	  0.025127305
1.61	  0.024572972
1.62	  0.024029827
1.63	  0.023497697
1.64	  0.022976406
1.65	  0.022465782
1.66	  0.021965649
1.67	  0.021475837
1.68	  0.020996172
1.69	  0.020526484
1.7	  0.0200666
1.71	  0.01961635
1.72	  0.019175567
1.73	  0.018744083
1.74	  0.018321732
1.75	  0.017908348
1.76	  0.01750377
1.77	  0.017107835
1.78	  0.01672038
1.79	  0.016341254
1.8	  0.015970293
1.81	  0.015607347
1.82	  0.01525226
1.83	  0.014904883
1.84	  0.0145650655
1.85	  0.014232662
1.86	  0.013907525
1.87	  0.0135895135
1.88	  0.013278485
1.89	  0.012974302
1.9	  0.012676826
1.91	  0.0123859225
1.92	  0.012101458
1.93	  0.011823302
1.94	  0.011551327
1.95	  0.011285405
1.96	  0.011025411
1.97	  0.010771223
1.98	  0.010522721
1.99	  0.010279787
2.0	  0.010042302
2.01	  0.009810154
2.02	  0.00958323
2.03	  0.00936142
2.04	  0.0091446135
2.05	  0.008932707
2.06	  0.008725594
2.07	  0.008523173
2.08	  0.008325342
2.09	  0.008132004
2.1	  0.007943061
2.11	  0.0077584176
2.12	  0.0075779813
2.13	  0.00740166
2.14	  0.0072293645
2.15	  0.0070610065
2.16	  0.0068965
2.17	  0.0067357603
2.18	  0.006578705
2.19	  0.0064252517
2.2	  0.0062753223
2.21	  0.0061288383
2.22	  0.005985723
2.23	  0.005845902
2.24	  0.0057093017
2.25	  0.0055758506
2.26	  0.005445478
2.27	  0.0053181155
2.28	  0.0051936954
2.29	  0.005072152
2.3	  0.0049534203
2.31	  0.004837437
2.32	  0.0047241403
2.33	  0.00461347
2.34	  0.004505366
2.35	  0.004399771
2.36	  0.0042966274
2.37	  0.0041958797
2.38	  0.0040974743
2.39	  0.004001357
2.4	  0.003907476
2.41	  0.0038157809
2.42	  0.0037262212
2.43	  0.0036387483
2.44	  0.0035533144
2.45	  0.003469873
2.46	  0.0033883783
2.47	  0.0033087858
2.48	  0.0032310516
2.49	  0.0031551335
2.5	  0.0030809892
2.51	  0.0030085784
2.52	  0.0029378608
2.53	  0.0028687974
2.54	  0.00280135
2.55	  0.0027354816
2.56	  0.0026711556
2.57	  0.0026083363
2.58	  0.0025469887
2.59	  0.0024870788
2.6	  0.0024285736
2.61	  0.00237144
2.62	  0.0023156465
2.63	  0.0022611623
2.64	  0.0022079563
2.65	  0.0021559994
2.66	  0.0021052621
2.67	  0.0020557165
2.68	  0.0020073343
2.69	  0.001960089
2.7	  0.0019139537
2.71	  0.0018689026
2.72	  0.0018249105
2.73	  0.0017819528
2.74	  0.001740005
2.75	  0.0016990439
2.76	  0.0016590462
2.77	  0.0016199894
2.78	  0.0015818515
2.79	  0.0015446112
2.8	  0.0015082472
2.81	  0.0014727393
2.82	  0.0014380672
2.83	  0.0014042114
2.84	  0.0013711528
2.85	  0.0013388727
2.86	  0.0013073529
2.87	  0.0012765754
2.88	  0.0012465229
2.89	  0.0012171784
2.9	  0.0011885252
2.91	  0.0011605471
2.92	  0.0011332284
2.93	  0.0011065534
2.94	  0.001080507
2.95	  0.0010550744
2.96	  0.0010302414
2.97	  0.0010059936
2.98	  9.823174E-4
2.99	  9.591992E-4
3.0	  9.366261E-4
3.01	  9.145852E-4
3.02	  8.9306384E-4
3.03	  8.720499E-4
3.04	  8.515314E-4
3.05	  8.3149667E-4
3.06	  8.1193435E-4
3.07	  7.928332E-4
3.08	  7.7418255E-4
3.09	  7.559716E-4
3.1	  7.3819E-4
3.11	  7.208278E-4
3.12	  7.038749E-4
3.13	  6.8732176E-4
3.14	  6.7115895E-4
3.15	  6.553772E-4
3.16	  6.399676E-4
3.17	  6.249214E-4
3.18	  6.102299E-4
3.19	  5.958848E-4
3.2	  5.8187795E-4
3.21	  5.6820136E-4
3.22	  5.548472E-4
3.23	  5.4180785E-4
3.24	  5.29076E-4
3.25	  5.166442E-4
3.26	  5.045055E-4
3.27	  4.9265294E-4
3.28	  4.810798E-4
3.29	  4.6977945E-4
3.3	  4.5874543E-4
3.31	  4.479715E-4
3.32	  4.374515E-4
3.33	  4.2717942E-4
3.34	  4.1714942E-4
3.35	  4.0735578E-4
3.36	  3.9779293E-4
3.37	  3.884554E-4
3.38	  3.7933787E-4
3.39	  3.7043515E-4
3.4	  3.617422E-4
3.41	  3.53254E-4
3.42	  3.4496575E-4
3.43	  3.3687273E-4
3.44	  3.2897032E-4
3.45	  3.2125405E-4
3.46	  3.1371947E-4
3.47	  3.0636234E-4
3.48	  2.9917844E-4
3.49	  2.9216366E-4
3.5	  2.8531408E-4
3.51	  2.7862572E-4
3.52	  2.720948E-4
3.53	  2.6571762E-4
3.54	  2.5949054E-4
3.55	  2.5341E-4
3.56	  2.4747255E-4
3.57	  2.4167483E-4
3.58	  2.3601351E-4
3.59	  2.3048538E-4
3.6	  2.2508732E-4
3.61	  2.1981623E-4
3.62	  2.1466911E-4
3.63	  2.0964305E-4
3.64	  2.047352E-4
3.65	  1.9994275E-4
3.66	  1.9526298E-4
3.67	  1.9069324E-4
3.68	  1.8623093E-4
3.69	  1.818735E-4
3.7	  1.7761851E-4
3.71	  1.734635E-4
3.72	  1.6940615E-4
3.73	  1.6544413E-4
3.74	  1.615752E-4
3.75	  1.5779717E-4
3.76	  1.5410788E-4
3.77	  1.5050525E-4
3.78	  1.4698722E-4
3.79	  1.4355182E-4
3.8	  1.401971E-4
3.81	  1.3692112E-4
3.82	  1.3372207E-4
3.83	  1.3059811E-4
3.84	  1.2754748E-4
3.85	  1.2456844E-4
3.86	  1.21659315E-4
3.87	  1.18818454E-4
3.88	  1.1604424E-4
3.89	  1.1333511E-4
3.9	  1.10689536E-4
3.91	  1.0810601E-4
3.92	  1.0558307E-4
3.93	  1.03119295E-4
3.94	  1.00713296E-4
3.95	  9.83637E-5
3.96	  9.606918E-5
3.97	  9.382845E-5
3.98	  9.1640235E-5
3.99	  8.95033E-5
4.0	  8.741643E-5


