
X-Axis: 5.0s SA (g)
Y-Axis: Annual Probabilitiy
Number of Data Sets: 5


DATASET #1

Name: UCERF3
Num Points: 401
Info: 

X, Y Data:
1.0E-4	0.051562466
1.0333392E-4	0.05156203
1.06779E-4	0.051561523
1.1033893E-4	0.05156093
1.14017545E-4	0.05156024
1.178188E-4	0.05155944
1.2174679E-4	0.051558513
1.2580573E-4	0.05155744
1.3E-4	0.0515562
1.334183E-4	0.051555086
1.369265E-4	0.05155384
1.4052694E-4	0.051552452
1.4422205E-4	0.051550902
1.4801433E-4	0.051549178
1.5190631E-4	0.05154726
1.5590065E-4	0.051545125
1.6E-4	0.05154276
1.645257E-4	0.051539928
1.691794E-4	0.051536772
1.7396474E-4	0.051533252
1.7888544E-4	0.051529337
1.8394532E-4	0.05152499
1.8914833E-4	0.05152016
1.944985E-4	0.05151481
2.0E-4	0.05150889
2.0565712E-4	0.051502343
2.1147425E-4	0.05149512
2.1745593E-4	0.051487155
2.236068E-4	0.051478386
2.2993165E-4	0.051468745
2.364354E-4	0.051458154
2.4312311E-4	0.051446542
2.5E-4	0.051433828
2.5783465E-4	0.051418364
2.659148E-4	0.051401313
2.742482E-4	0.051382545
2.8284272E-4	0.051361915
2.917066E-4	0.051339276
3.0084825E-4	0.051314473
3.102764E-4	0.05128734
3.2E-4	0.0512577
3.290514E-4	0.0512286
3.383588E-4	0.05119717
3.4792948E-4	0.051163264
3.5777088E-4	0.051126726
3.6789064E-4	0.051087406
3.7829665E-4	0.051045142
3.88997E-4	0.050999768
4.0E-4	0.05095112
4.1131425E-4	0.05089902
4.229485E-4	0.050843295
4.3491187E-4	0.05078376
4.472136E-4	0.050720233
4.598633E-4	0.05065253
4.728708E-4	0.050580453
4.8624622E-4	0.05050382
5.0E-4	0.050422434
5.1465514E-4	0.050332922
5.2973983E-4	0.050237887
5.4526667E-4	0.050137118
5.612486E-4	0.050030388
5.77699E-4	0.049917493
5.946315E-4	0.04979822
6.120603E-4	0.049672354
6.3E-4	0.049539696
6.4807665E-4	0.049403016
6.6667196E-4	0.049259443
6.858008E-4	0.0491088
7.0547854E-4	0.048950918
7.257209E-4	0.048785627
7.465441E-4	0.04861277
7.6796475E-4	0.048432205
7.9E-4	0.048243783
8.136239E-4	0.048039038
8.379543E-4	0.047825497
8.630122E-4	0.047603033
8.8881946E-4	0.047371544
9.153984E-4	0.04713093
9.427722E-4	0.046881113
9.7096455E-4	0.04662203
0.001	0.04635363
0.0010293103	0.046081405
0.0010594797	0.04580018
0.0010905333	0.045509953
0.0011224973	0.045210745
0.001155398	0.044902597
0.001189263	0.04458555
0.0012241206	0.04425967
0.00126	0.043925054
0.0012961533	0.043589007
0.0013333439	0.043244787
0.0013716016	0.042892516
0.0014109571	0.042532332
0.0014514418	0.042164396
0.0014930882	0.041788872
0.0015359295	0.041405953
0.00158	0.04101583
0.0016272478	0.04060206
0.0016759086	0.04018095
0.0017260244	0.039752785
0.0017776389	0.039317835
0.0018307968	0.038876396
0.0018855444	0.038428776
0.0019419291	0.037975293
0.002	0.037516274
0.0020575977	0.037069052
0.002116854	0.036617316
0.002177817	0.036161374
0.0022405356	0.035701547
0.0023050604	0.035238165
0.0023714434	0.034771558
0.0024397383	0.03430205
0.00251	0.03382998
0.0025833033	0.033349082
0.0026587474	0.03286624
0.0027363948	0.032381803
0.0028163097	0.031896114
0.0028985585	0.031409517
0.0029832094	0.030922351
0.0030703326	0.03043495
0.00316	0.02994764
0.0032524571	0.029459855
0.0033476194	0.028972799
0.003445566	0.028486783
0.0035463783	0.028002102
0.0036501405	0.027519047
0.0037569385	0.027037898
0.003866861	0.026558919
0.00398	0.02608237
0.004096165	0.025609633
0.0042157196	0.025139786
0.0043387646	0.02467305
0.0044654002	0.024209628
0.0045957323	0.023749715
0.0047298684	0.023293491
0.0048679197	0.022841122
0.00501	0.022392761
0.005156579	0.0219475
0.0053074467	0.021506535
0.005462728	0.021069985
0.0056225527	0.02063795
0.0057870536	0.02021052
0.005956367	0.019787775
0.0061306343	0.019369783
0.00631	0.018956598
0.006493865	0.01854989
0.0066830874	0.018148031
0.0068778237	0.017751047
0.007078234	0.017358955
0.0072844843	0.016971763
0.0074967444	0.016589476
0.00771519	0.016212083
0.00794	0.015839577
0.008172275	0.015470518
0.008411343	0.015106344
0.008657407	0.014747028
0.008910668	0.014392542
0.009171338	0.014042852
0.009439633	0.013697927
0.009715778	0.013357728
0.01	0.013022221
0.010292081	0.012691872
0.010592694	0.012366128
0.010902087	0.012044953
0.011220517	0.011728314
0.011548247	0.011416177
0.011885551	0.011108513
0.012232705	0.010805296
0.01259	0.010506499
0.012957647	0.010212166
0.013336032	0.009922212
0.013725464	0.009636622
0.01412627	0.009355385
0.014538779	0.0090784915
0.014963334	0.008805938
0.015400288	0.008537723
0.01585	0.008273849
0.016312422	0.008014552
0.016788337	0.0077596027
0.017278135	0.0075090113
0.017782224	0.0072627924
0.01830102	0.0070209615
0.01883495	0.006783537
0.019384459	0.0065505393
0.01995	0.006321989
0.020533005	0.006097546
0.021133045	0.005877609
0.021750621	0.005662202
0.022386245	0.0054513467
0.023040446	0.005245065
0.023713762	0.0050433776
0.024406755	0.004846304
0.02512	0.0046538613
0.025853088	0.0044663134
0.02660757	0.0042834114
0.027384069	0.0041051647
0.02818323	0.003931579
0.029005712	0.0037626573
0.029852198	0.0035983978
0.030723387	0.0034387952
0.03162	0.00328384
0.032543603	0.003133387
0.033494186	0.0029875564
0.034472536	0.0028463244
0.03547946	0.002709662
0.0365158	0.0025775363
0.03758241	0.0024499085
0.03868017	0.0023267353
0.03981	0.0022079688
0.040972695	0.002093569
0.042169347	0.0019834638
0.04340095	0.0018775916
0.044668525	0.0017758855
0.04597312	0.0016782748
0.047315817	0.0015846848
0.04869773	0.0014950369
0.05012	0.001409249
0.0515838	0.0013272363
0.053090356	0.0012489099
0.05464091	0.0011741787
0.05623675	0.0011029493
0.0578792	0.001035126
0.059569612	9.706115E-4
0.0613094	9.093069E-4
0.0631	8.51112E-4
0.06494172	7.959597E-4
0.066837184	7.4371084E-4
0.06878798	6.9426367E-4
0.070795715	6.4751634E-4
0.072862044	6.0336734E-4
0.074988686	5.6171557E-4
0.077177405	5.224607E-4
0.07943	4.855034E-4
0.08174976	4.5072526E-4
0.08413727	4.1805237E-4
0.08659451	3.8738947E-4
0.08912351	3.586431E-4
0.09172637	3.3172176E-4
0.09440525	3.065361E-4
0.097162366	2.8299892E-4
0.1	2.6102547E-4
0.102919795	2.4053818E-4
0.10592484	2.2145183E-4
0.109017625	2.0368928E-4
0.112200715	1.8717606E-4
0.11547674	1.718404E-4
0.11884842	1.5761322E-4
0.12231855	1.4442824E-4
0.12589	1.322219E-4
0.12956645	1.20931254E-4
0.13335027	1.1050062E-4
0.13724458	1.0087455E-4
0.14125264	9.200024E-5
0.14537773	8.3827494E-5
0.14962329	7.630867E-5
0.15399285	6.9398644E-5
0.15849	6.3054686E-5
0.16311829	5.723671E-5
0.16788174	5.1906383E-5
0.17278428	4.7027872E-5
0.17783	4.256749E-5
0.18302307	3.8493607E-5
0.18836778	3.4776556E-5
0.19386858	3.1388572E-5
0.19953	2.8303692E-5
0.20535603	2.549801E-5
0.21135218	2.2948547E-5
0.21752341	2.0634276E-5
0.22387484	1.8535651E-5
0.23041171	1.6634523E-5
0.23713945	1.4914068E-5
0.24406363	1.3358706E-5
0.25119	1.1954031E-5
0.25852492	1.0686661E-5
0.26607406	9.544422E-6
0.27384362	8.51601E-6
0.28184006	7.5910298E-6
0.29007	6.7599285E-6
0.29854023	6.0139423E-6
0.30725783	5.34504E-6
0.31623	4.745871E-6
0.32546407	4.2097204E-6
0.33496782	3.730449E-6
0.34474903	3.3024635E-6
0.3548159	2.9206703E-6
0.3651767	2.5804356E-6
0.37584007	2.2775494E-6
0.3868148	2.0081916E-6
0.39811	1.7688999E-6
0.40973493	1.5565413E-6
0.42169935	1.3682803E-6
0.4340131	1.2015576E-6
0.44668642	1.0540641E-6
0.4597298	9.237199E-7
0.47315407	8.086533E-7
0.4869703	7.0718147E-7
0.50119	6.177939E-7
0.5158249	5.39136E-7
0.5308872	4.6999432E-7
0.5463893	4.092834E-7
0.5623441	3.560331E-7
0.57876474	3.0937764E-7
0.59566486	2.685451E-7
0.61305845	2.3284817E-7
0.63096	2.0167545E-7
0.6493842	1.7448401E-7
0.6683464	1.5079178E-7
0.6878623	1.3017173E-7
0.7079481	1.1224575E-7
0.72862035	9.66796E-8
0.7498962	8.3178044E-8
0.7717934	7.148072E-8
0.79433	6.135826E-8
0.8175246	5.26088E-8
0.8413966	4.5054936E-8
0.86596555	3.8540946E-8
0.8912519	3.293029E-8
0.9172767	2.810348E-8
0.9440614	2.3955922E-8
0.97162825	2.0396328E-8
1.0	1.7345007E-8
1.029201	1.4732496E-8
1.0592546	1.2498474E-8
1.090186	1.0590462E-8
1.1220205	8.962856E-9
1.1547846	7.5761815E-9
1.1885055	6.396244E-9
1.223211	5.3934754E-9
1.25893	4.5423176E-9
1.2956905	3.820799E-9
1.3335243	3.2098924E-9
1.3724631	2.693311E-9
1.4125386	2.2570594E-9
1.4537846	1.8891078E-9
1.4962348	1.5791516E-9
1.5399245	1.318402E-9
1.58489	1.0993065E-9
1.6311698	9.154577E-10
1.678801	7.6138984E-10
1.727823	6.324462E-10
1.7782766	5.24667E-10
1.8302034	4.3470028E-10
1.8836465	3.5968628E-10
1.9386501	2.9724245E-10
1.99526	2.4532598E-10
2.0535233	2.0220703E-10
2.113488	1.6646151E-10
2.1752036	1.3686285E-10
2.2387214	1.123831E-10
2.304094	9.2154395E-11
2.3713756	7.5480844E-11
2.4406219	6.173062E-11
2.51189	5.0433657E-11
2.5852382	4.1147974E-11
2.6607285	3.3527403E-11
2.7384229	2.7287395E-11
2.818386	2.2178037E-11
2.900684	1.800382E-11
2.9853854	1.4592327E-11
3.0725598	1.1811663E-11
3.16228	9.547807E-12
3.2546198	7.71061E-12
3.3496559	6.2141403E-12
3.447467	5.002998E-12
3.5481343	4.0185633E-12
3.6517413	3.2270853E-12
3.7583735	2.5861535E-12
3.8681195	2.071343E-12
3.98107	1.6583401E-12
4.097319	1.3209434E-12
4.2169633	1.0546009E-12
4.340101	8.3799634E-13
4.466834	6.6635586E-13
4.5972676	5.2902127E-13
4.7315106	4.1944226E-13
4.869673	3.320677E-13
5.01187	2.603473E-13
5.1582193	2.0439206E-13
5.3088417	1.6198154E-13
5.463863	1.264544E-13
5.62341	9.980905E-14
5.7876167	7.749357E-14
5.9566183	6.017409E-14
6.1305547	4.62963E-14
6.30957	3.663736E-14
6.493813	2.7755576E-14
6.683436	2.2426505E-14
6.878596	1.687539E-14
7.079455	1.3100632E-14
7.286179	9.436896E-15
7.4989395	7.438494E-15
7.7179127	5.551115E-15
7.94328	4.107825E-15
8.175228	3.1086245E-15
8.41395	2.4424907E-15
8.659641	1.4432899E-15
8.912508	1.110223E-15
9.172758	5.551115E-16
9.440608	4.440892E-16
9.716279	3.330669E-16
10.0	2.220446E-16



DATASET #2

Name: RSQSim
Num Points: 401
Info: 

X, Y Data:
1.0E-4	0.05287711
1.0333392E-4	0.052876666
1.06779E-4	0.05287615
1.1033893E-4	0.05287555
1.14017545E-4	0.05287485
1.178188E-4	0.05287404
1.2174679E-4	0.0528731
1.2580573E-4	0.05287202
1.3E-4	0.052870773
1.334183E-4	0.052869655
1.369265E-4	0.052868403
1.4052694E-4	0.05286701
1.4422205E-4	0.05286546
1.4801433E-4	0.052863736
1.5190631E-4	0.052861817
1.5590065E-4	0.05285969
1.6E-4	0.052857332
1.645257E-4	0.052854512
1.691794E-4	0.05285137
1.7396474E-4	0.052847877
1.7888544E-4	0.05284399
1.8394532E-4	0.05283968
1.8914833E-4	0.052834902
1.944985E-4	0.05282961
2.0E-4	0.052823756
2.0565712E-4	0.052817296
2.1147425E-4	0.05281017
2.1745593E-4	0.052802317
2.236068E-4	0.05279368
2.2993165E-4	0.052784197
2.364354E-4	0.052773785
2.4312311E-4	0.052762378
2.5E-4	0.052749895
2.5783465E-4	0.05273472
2.659148E-4	0.052718006
2.742482E-4	0.052699614
2.8284272E-4	0.052679416
2.917066E-4	0.052657258
3.0084825E-4	0.052632995
3.102764E-4	0.05260646
3.2E-4	0.052577488
3.290514E-4	0.052549057
3.383588E-4	0.05251835
3.4792948E-4	0.052485228
3.5777088E-4	0.052449543
3.6789064E-4	0.052411143
3.7829665E-4	0.052369874
3.88997E-4	0.052325565
4.0E-4	0.052278057
4.1131425E-4	0.052227173
4.229485E-4	0.05217274
4.3491187E-4	0.052114572
4.472136E-4	0.052052487
4.598633E-4	0.0519863
4.728708E-4	0.05191581
4.8624622E-4	0.05184083
5.0E-4	0.051761165
5.1465514E-4	0.051673494
5.2973983E-4	0.05158036
5.4526667E-4	0.05148153
5.612486E-4	0.051376782
5.77699E-4	0.051265888
5.946315E-4	0.051148627
6.120603E-4	0.05102477
6.3E-4	0.050894093
6.4807665E-4	0.050759308
6.6667196E-4	0.05061757
6.858008E-4	0.050468672
7.0547854E-4	0.050312426
7.257209E-4	0.05014863
7.465441E-4	0.0499771
7.6796475E-4	0.049797658
7.9E-4	0.049610127
8.136239E-4	0.049406018
8.379543E-4	0.04919277
8.630122E-4	0.04897022
8.8881946E-4	0.0487382
9.153984E-4	0.04849657
9.427722E-4	0.04824519
9.7096455E-4	0.04798394
0.001	0.047712717
0.0010293103	0.047437016
0.0010594797	0.04715156
0.0010905333	0.04685629
0.0011224973	0.046551153
0.001155398	0.046236124
0.001189263	0.045911185
0.0012241206	0.04557634
0.00126	0.045231603
0.0012961533	0.04488447
0.0013333439	0.044527933
0.0013716016	0.04416205
0.0014109571	0.043786902
0.0014514418	0.043402582
0.0014930882	0.0430092
0.0015359295	0.04260688
0.00158	0.042195763
0.0016272478	0.04175837
0.0016759086	0.041311797
0.0017260244	0.040856257
0.0017776389	0.040391978
0.0018307968	0.03991921
0.0018855444	0.03943821
0.0019419291	0.038949266
0.002	0.03845267
0.0020575977	0.037967216
0.002116854	0.037475236
0.002177817	0.036977038
0.0022405356	0.036472928
0.0023050604	0.03596324
0.0023714434	0.0354483
0.0024397383	0.034928463
0.00251	0.034404073
0.0025833033	0.03386813
0.0026587474	0.03332826
0.0027363948	0.03278486
0.0028163097	0.032238323
0.0028985585	0.031689048
0.0029832094	0.031137438
0.0030703326	0.030583901
0.00316	0.030028844
0.0032524571	0.02947166
0.0033476194	0.028913772
0.003445566	0.02835559
0.0035463783	0.027797518
0.0036501405	0.027239963
0.0037569385	0.026683327
0.003866861	0.026128002
0.00398	0.025574377
0.004096165	0.025024163
0.0042157196	0.024476392
0.0043387646	0.023931433
0.0044654002	0.023389637
0.0045957323	0.02285135
0.0047298684	0.022316905
0.0048679197	0.021786628
0.00501	0.02126083
0.005156579	0.02073858
0.0053074467	0.02022142
0.005462728	0.019709626
0.0056225527	0.019203462
0.0057870536	0.018703174
0.005956367	0.018209001
0.0061306343	0.01772116
0.00631	0.01723986
0.006493865	0.016767174
0.0066830874	0.016301345
0.0068778237	0.01584253
0.007078234	0.015390883
0.0072844843	0.014946533
0.0074967444	0.014509602
0.00771519	0.0140801985
0.00794	0.013658415
0.008172275	0.013242736
0.008411343	0.012834889
0.008657407	0.01243493
0.008910668	0.012042903
0.009171338	0.0116588455
0.009439633	0.0112827765
0.009715778	0.0109147085
0.01	0.010554645
0.010292081	0.010203111
0.010592694	0.009859532
0.010902087	0.009523882
0.011220517	0.009196126
0.011548247	0.008876223
0.011885551	0.008564126
0.012232705	0.008259778
0.01259	0.007963117
0.012957647	0.0076741404
0.013336032	0.007392707
0.013725464	0.007118739
0.01412627	0.006852154
0.014538779	0.0065928656
0.014963334	0.0063407826
0.015400288	0.0060958103
0.01585	0.005857852
0.016312422	0.0056270114
0.016788337	0.0054029697
0.017278135	0.005185621
0.017782224	0.004974858
0.01830102	0.0047705723
0.01883495	0.004572653
0.019384459	0.004380989
0.01995	0.004195466
0.020533005	0.0040156823
0.021133045	0.0038418293
0.021750621	0.0036737907
0.022386245	0.0035114498
0.023040446	0.0033546886
0.023713762	0.003203389
0.024406755	0.003057433
0.02512	0.0029167018
0.025853088	0.002781256
0.02660757	0.0026507848
0.027384069	0.0025251706
0.02818323	0.0024042954
0.029005712	0.0022880416
0.029852198	0.002176293
0.030723387	0.0020689322
0.03162	0.0019658434
0.032543603	0.0018668259
0.033494186	0.0017718574
0.034472536	0.0016808235
0.03547946	0.0015936109
0.0365158	0.0015101071
0.03758241	0.0014302005
0.03868017	0.001353781
0.03981	0.0012807391
0.040972695	0.0012109746
0.042169347	0.0011443727
0.04340095	0.0010808278
0.044668525	0.0010202364
0.04597312	9.6249604E-4
0.047315817	9.0750627E-4
0.04869773	8.551681E-4
0.05012	8.0538436E-4
0.0515838	7.5805985E-4
0.053090356	7.1310083E-4
0.05464091	6.704156E-4
0.05623675	6.299145E-4
0.0578792	5.9151E-4
0.059569612	5.551163E-4
0.0613094	5.2064995E-4
0.0631	4.8802956E-4
0.06494172	4.571948E-4
0.066837184	4.2804756E-4
0.06878798	4.0051303E-4
0.070795715	3.7451863E-4
0.072862044	3.4999396E-4
0.074988686	3.2687082E-4
0.077177405	3.050832E-4
0.07943	2.8456724E-4
0.08174976	2.6525007E-4
0.08413727	2.4708474E-4
0.08659451	2.3001386E-4
0.08912351	2.1398203E-4
0.09172637	1.98936E-4
0.09440525	1.8482459E-4
0.097162366	1.715986E-4
0.1	1.5921083E-4
0.102919795	1.4761876E-4
0.10592484	1.3677597E-4
0.109017625	1.2664103E-4
0.112200715	1.1717428E-4
0.11547674	1.0833785E-4
0.11884842	1.00095596E-4
0.12231855	9.241303E-5
0.12589	8.525729E-5
0.12956645	7.859583E-5
0.13335027	7.24003E-5
0.13724458	6.664237E-5
0.14125264	6.129514E-5
0.14537773	5.633306E-5
0.14962329	5.173192E-5
0.15399285	4.746876E-5
0.15849	4.3521835E-5
0.16311829	3.987074E-5
0.16788174	3.6495854E-5
0.17278428	3.337881E-5
0.17783	3.0502264E-5
0.18302307	2.7849872E-5
0.18836778	2.540622E-5
0.19386858	2.3156797E-5
0.19953	2.1087952E-5
0.20535603	1.9187064E-5
0.21135218	1.7441824E-5
0.21752341	1.5840915E-5
0.22387484	1.4373731E-5
0.23041171	1.3030331E-5
0.23713945	1.1801411E-5
0.24406363	1.0678272E-5
0.25119	9.652778E-6
0.25852492	8.717281E-6
0.26607406	7.86477E-6
0.27384362	7.088644E-6
0.28184006	6.38276E-6
0.29007	5.7414054E-6
0.29854023	5.15927E-6
0.30725783	4.631427E-6
0.31623	4.1533085E-6
0.32546407	3.7206844E-6
0.33496782	3.3296358E-6
0.34474903	2.9765433E-6
0.3548159	2.6580656E-6
0.3651767	2.3711202E-6
0.37584007	2.1128683E-6
0.3868148	1.8806965E-6
0.39811	1.6722033E-6
0.40973493	1.4851851E-6
0.42169935	1.3176181E-6
0.4340131	1.1676501E-6
0.44668642	1.0335871E-6
0.4597298	9.138804E-7
0.47315407	8.0711726E-7
0.4869703	7.120097E-7
0.50119	6.2738513E-7
0.5158249	5.521775E-7
0.5308872	4.8541875E-7
0.5463893	4.2623108E-7
0.5623441	3.7381926E-7
0.57876474	3.2746405E-7
0.59566486	2.8651573E-7
0.61305845	2.5038804E-7
0.63096	2.1855294E-7
0.6493842	1.905353E-7
0.6683464	1.6590806E-7
0.6878623	1.4428814E-7
0.7079481	1.2533218E-7
0.72862035	1.08732976E-7
0.7498962	9.421599E-8
0.7717934	8.153624E-8
0.79433	7.047538E-8
0.8175246	6.083915E-8
0.8413966	5.2454887E-8
0.86596555	4.516938E-8
0.8912519	3.8846864E-8
0.9172767	3.33672E-8
0.9440614	2.8624251E-8
0.97162825	2.4524356E-8
1.0	2.0984983E-8
1.029201	1.7933463E-8
1.0592546	1.5306105E-8
1.090186	1.3046934E-8
1.1220205	1.11069545E-8
1.1547846	9.443283E-9
1.1885055	8.018467E-9
1.223211	6.79985E-9
1.25893	5.7589924E-9
1.2956905	4.8711843E-9
1.3335243	4.114899E-9
1.3724631	3.4715357E-9
1.4125386	2.9249585E-9
1.4537846	2.4612334E-9
1.4962348	2.0683368E-9
1.5399245	1.7359008E-9
1.58489	1.4550053E-9
1.6311698	1.2179667E-9
1.678801	1.0182232E-9
1.727823	8.501274E-10
1.7782766	7.088533E-10
1.8302034	5.9026206E-10
1.8836465	4.908759E-10
1.9386501	4.0771841E-10
1.99526	3.3820646E-10
2.0535233	2.8016822E-10
2.113488	2.3177871E-10
2.1752036	1.9151225E-10
2.2387214	1.5803614E-10
2.304094	1.3024515E-10
2.3713756	1.0720125E-10
2.4406219	8.812251E-11
2.51189	7.2347905E-11
2.5852382	5.9317884E-11
2.6607285	4.8575033E-11
2.7384229	3.9725445E-11
2.818386	3.2446823E-11
2.900684	2.6468716E-11
2.9853854	2.1566193E-11
3.0725598	1.7547852E-11
3.16228	1.4261037E-11
3.2546198	1.1572854E-11
3.3496559	9.379719E-12
3.447467	7.595369E-12
3.5481343	6.1410876E-12
3.6517413	4.9599214E-12
3.7583735	4.001466E-12
3.8681195	3.2238656E-12
3.98107	2.5947022E-12
4.097319	2.0849988E-12
4.2169633	1.6732171E-12
4.340101	1.3409274E-12
4.466834	1.0740298E-12
4.5972676	8.5886853E-13
4.7315106	6.8622885E-13
4.869673	5.4678484E-13
5.01187	4.3665072E-13
5.1582193	3.4661163E-13
5.3088417	2.753353E-13
5.463863	2.1882496E-13
5.62341	1.7441604E-13
5.7876167	1.3655743E-13
5.9566183	1.080247E-13
6.1305547	8.426593E-14
6.30957	6.661338E-14
6.493813	5.1958438E-14
6.683436	4.141132E-14
6.878596	3.141931E-14
7.079455	2.3980817E-14
7.286179	1.8873791E-14
7.4989395	1.44329E-14
7.7179127	1.12132525E-14
7.94328	8.65974E-15
8.175228	5.884182E-15
8.41395	4.8849813E-15
8.659641	3.8857806E-15
8.912508	2.9976022E-15
9.172758	2.220446E-15
9.440608	1.6653345E-15
9.716279	1.2212453E-15
10.0	7.771561E-16



DATASET #3

Name: 1000yr
Num Points: 2
Info: 

X, Y Data:
0.001	0.001
10.0	0.001



DATASET #4

Name: 2500yr
Num Points: 2
Info: 

X, Y Data:
0.001	4.0E-4
10.0	4.0E-4



DATASET #5

Name: 10000yr
Num Points: 2
Info: 

X, Y Data:
0.001	1.0E-4
10.0	1.0E-4


