
X-Axis: 5.0s SA (g)
Y-Axis: Annual Probabilitiy
Number of Data Sets: 5


DATASET #1

Name: UCERF3
Num Points: 401
Info: 

X, Y Data:
1.0E-4	0.057477817
1.0333392E-4	0.05747714
1.06779E-4	0.057476353
1.1033893E-4	0.057475436
1.14017545E-4	0.05747438
1.178188E-4	0.05747315
1.2174679E-4	0.057471734
1.2580573E-4	0.057470102
1.3E-4	0.057468228
1.334183E-4	0.057466548
1.369265E-4	0.057464678
1.4052694E-4	0.057462595
1.4422205E-4	0.057460286
1.4801433E-4	0.05745772
1.5190631E-4	0.057454877
1.5590065E-4	0.05745173
1.6E-4	0.05744825
1.645257E-4	0.057444107
1.691794E-4	0.057439502
1.7396474E-4	0.057434395
1.7888544E-4	0.057428736
1.8394532E-4	0.05742248
1.8914833E-4	0.057415567
1.944985E-4	0.05740794
2.0E-4	0.057399545
2.0565712E-4	0.05739031
2.1147425E-4	0.057380162
2.1745593E-4	0.057369035
2.236068E-4	0.057356846
2.2993165E-4	0.057343513
2.364354E-4	0.05732895
2.4312311E-4	0.057313066
2.5E-4	0.057295762
2.5783465E-4	0.05727485
2.659148E-4	0.05725193
2.742482E-4	0.057226863
2.8284272E-4	0.05719949
2.917066E-4	0.057169646
3.0084825E-4	0.057137165
3.102764E-4	0.057101868
3.2E-4	0.057063576
3.290514E-4	0.05702623
3.383588E-4	0.056986142
3.4792948E-4	0.05694317
3.5777088E-4	0.056897167
3.6789064E-4	0.05684798
3.7829665E-4	0.056795456
3.88997E-4	0.056739442
4.0E-4	0.056679785
4.1131425E-4	0.05661633
4.229485E-4	0.056548912
4.3491187E-4	0.056477383
4.472136E-4	0.056401577
4.598633E-4	0.05632134
4.728708E-4	0.056236524
4.8624622E-4	0.056146972
5.0E-4	0.056052525
5.1465514E-4	0.055949397
5.2973983E-4	0.055840705
5.4526667E-4	0.055726286
5.612486E-4	0.055605996
5.77699E-4	0.05547968
5.946315E-4	0.0553472
6.120603E-4	0.055208422
6.3E-4	0.055063214
6.4807665E-4	0.054914676
6.6667196E-4	0.05475975
6.858008E-4	0.05459833
7.0547854E-4	0.05443033
7.257209E-4	0.054255664
7.465441E-4	0.054074254
7.6796475E-4	0.05388603
7.9E-4	0.053690933
8.136239E-4	0.053480357
8.379543E-4	0.053262215
8.630122E-4	0.053036474
8.8881946E-4	0.05280309
9.153984E-4	0.052562058
9.427722E-4	0.052313358
9.7096455E-4	0.05205699
0.001	0.05179296
0.0010293103	0.051526677
0.0010594797	0.05125307
0.0010905333	0.05097217
0.0011224973	0.05068402
0.001155398	0.050388668
0.001189263	0.050086163
0.0012241206	0.04977657
0.00126	0.049459953
0.0012961533	0.049143177
0.0013333439	0.048819814
0.0013716016	0.048489943
0.0014109571	0.04815365
0.0014514418	0.047811028
0.0014930882	0.04746217
0.0015359295	0.047107168
0.00158	0.04674614
0.0016272478	0.046363793
0.0016759086	0.04597515
0.0017260244	0.04558033
0.0017776389	0.045179475
0.0018307968	0.04477272
0.0018855444	0.044360213
0.0019419291	0.043942098
0.002	0.04351853
0.0020575977	0.04310537
0.002116854	0.042687435
0.002177817	0.042264864
0.0022405356	0.04183781
0.0023050604	0.041406423
0.0023714434	0.040970854
0.0024397383	0.040531263
0.00251	0.040087808
0.0025833033	0.03963442
0.0026587474	0.039177403
0.0027363948	0.038716927
0.0028163097	0.03825317
0.0028985585	0.03778631
0.0029832094	0.03731653
0.0030703326	0.03684401
0.00316	0.03636894
0.0032524571	0.035890624
0.0033476194	0.035410114
0.003445566	0.034927603
0.0035463783	0.034443278
0.0036501405	0.03395733
0.0037569385	0.033469938
0.003866861	0.0329813
0.00398	0.032491595
0.004096165	0.032002196
0.0042157196	0.03151211
0.0043387646	0.031021517
0.0044654002	0.030530596
0.0045957323	0.030039527
0.0047298684	0.029548483
0.0048679197	0.02905764
0.00501	0.028567169
0.005156579	0.028076077
0.0053074467	0.02758569
0.005462728	0.027096178
0.0056225527	0.026607696
0.0057870536	0.026120402
0.005956367	0.025634449
0.0061306343	0.02514999
0.00631	0.024667172
0.006493865	0.024188058
0.0066830874	0.023710856
0.0068778237	0.023235701
0.007078234	0.02276273
0.0072844843	0.022292074
0.0074967444	0.021823864
0.00771519	0.02135823
0.00794	0.020895295
0.008172275	0.020433398
0.008411343	0.019974474
0.008657407	0.019518645
0.008910668	0.019066034
0.009171338	0.018616762
0.009439633	0.018170951
0.009715778	0.01772872
0.01	0.01729019
0.010292081	0.016856145
0.010592694	0.016426029
0.010902087	0.015999962
0.011220517	0.015578062
0.011548247	0.015160451
0.011885551	0.014747246
0.012232705	0.01433857
0.01259	0.013934541
0.012957647	0.013535366
0.013336032	0.013141076
0.013725464	0.012751789
0.01412627	0.012367623
0.014538779	0.011988696
0.014963334	0.011615123
0.015400288	0.011247019
0.01585	0.010884498
0.016312422	0.010527988
0.016788337	0.010177269
0.017278135	0.009832445
0.017782224	0.009493618
0.01830102	0.009160887
0.01883495	0.008834345
0.019384459	0.008514083
0.01995	0.008200184
0.020533005	0.007892233
0.021133045	0.00759082
0.021750621	0.007296014
0.022386245	0.0070078764
0.023040446	0.0067264624
0.023713762	0.00645182
0.024406755	0.0061839893
0.02512	0.005923004
0.025853088	0.005669225
0.02660757	0.005422315
0.027384069	0.0051822825
0.02818323	0.0049491273
0.029005712	0.0047228425
0.029852198	0.0045034112
0.030723387	0.004290809
0.03162	0.004085002
0.032543603	0.0038857767
0.033494186	0.0036932677
0.034472536	0.0035074165
0.03547946	0.0033281571
0.0365158	0.0031554159
0.03758241	0.002989111
0.03868017	0.0028291545
0.03981	0.0026754502
0.040972695	0.0025279128
0.042169347	0.0023864156
0.04340095	0.0022508446
0.044668525	0.00212108
0.04597312	0.0019969966
0.047315817	0.001878465
0.04869773	0.0017653513
0.05012	0.001657518
0.0515838	0.0015548248
0.053090356	0.0014571272
0.05464091	0.0013642791
0.05623675	0.0012761321
0.0578792	0.0011925364
0.059569612	0.0011133414
0.0613094	0.0010383956
0.0631	9.67547E-4
0.06494172	9.006851E-4
0.066837184	8.3761313E-4
0.06878798	7.781812E-4
0.070795715	7.222407E-4
0.072862044	6.696447E-4
0.074988686	6.2024797E-4
0.077177405	5.739077E-4
0.07943	5.3048343E-4
0.08174976	4.8981386E-4
0.08413727	4.5179098E-4
0.08659451	4.1628306E-4
0.08912351	3.8316162E-4
0.09172637	3.5230178E-4
0.09440525	3.2358227E-4
0.097162366	2.968856E-4
0.1	2.7209823E-4
0.102919795	2.4911578E-4
0.10592484	2.2782652E-4
0.109017625	2.0812893E-4
0.112200715	1.8992556E-4
0.11547674	1.7312301E-4
0.11884842	1.5763202E-4
0.12231855	1.4336726E-4
0.12589	1.3024746E-4
0.12956645	1.1819301E-4
0.13335027	1.0713306E-4
0.13724458	9.699789E-5
0.14125264	8.7721484E-5
0.14537773	7.924147E-5
0.14962329	7.1499E-5
0.15399285	6.443862E-5
0.15849	5.8008194E-5
0.16311829	5.215902E-5
0.16788174	4.6844925E-5
0.17278428	4.202299E-5
0.17783	3.7653102E-5
0.18302307	3.3697852E-5
0.18836778	3.0122399E-5
0.19386858	2.6894353E-5
0.19953	2.3983643E-5
0.20535603	2.1362705E-5
0.21135218	1.900539E-5
0.21752341	1.6887883E-5
0.22387484	1.4988222E-5
0.23041171	1.3286173E-5
0.23713945	1.1763141E-5
0.24406363	1.0402048E-5
0.25119	9.187245E-6
0.25852492	8.104343E-6
0.26607406	7.1403356E-6
0.27384362	6.2832833E-6
0.28184006	5.522309E-6
0.29007	4.847522E-6
0.29854023	4.249941E-6
0.30725783	3.721423E-6
0.31623	3.2545981E-6
0.32546407	2.8428074E-6
0.33496782	2.4800368E-6
0.34474903	2.1608698E-6
0.3548159	1.8804346E-6
0.3651767	1.634356E-6
0.37584007	1.4187078E-6
0.3868148	1.2299763E-6
0.39811	1.0650205E-6
0.40973493	9.210359E-7
0.42169935	7.9552115E-7
0.4340131	6.862513E-7
0.44668642	5.9124955E-7
0.4597298	5.0876145E-7
0.47315407	4.37234E-7
0.4869703	3.7529287E-7
0.50119	3.2172392E-7
0.5158249	2.7545642E-7
0.5308872	2.355479E-7
0.5463893	2.0117005E-7
0.5623441	1.7159505E-7
0.57876474	1.4618554E-7
0.59566486	1.2438366E-7
0.61305845	1.0570173E-7
0.63096	8.971415E-8
0.6493842	7.6050284E-8
0.6683464	6.438761E-8
0.6878623	5.4446183E-8
0.7079481	4.5982965E-8
0.72862035	3.8787515E-8
0.7498962	3.267786E-8
0.7717934	2.7496847E-8
0.79433	2.3109044E-8
0.8175246	1.9397715E-8
0.8413966	1.6262673E-8
0.86596555	1.3617811E-8
0.8912519	1.1389311E-8
0.9172767	9.514038E-9
0.9440614	7.938017E-9
0.97162825	6.6151506E-9
1.0	5.5061493E-9
1.029201	4.5776423E-9
1.0592546	3.801173E-9
1.090186	3.1527083E-9
1.1220205	2.611821E-9
1.1547846	2.1612148E-9
1.1885055	1.7862308E-9
1.223211	1.4745913E-9
1.25893	1.2159266E-9
1.2956905	1.0014853E-9
1.3335243	8.239259E-10
1.3724631	6.770746E-10
1.4125386	5.55762E-10
1.4537846	4.5564752E-10
1.4962348	3.7318748E-10
1.5399245	3.052656E-10
1.58489	2.494095E-10
1.6311698	2.0356006E-10
1.678801	1.6595203E-10
1.727823	1.3514134E-10
1.7782766	1.09903864E-10
1.8302034	8.930112E-11
1.8836465	7.2462925E-11
1.9386501	5.87258E-11
1.99526	4.754097E-11
2.0535233	3.845413E-11
2.113488	3.1061598E-11
2.1752036	2.5058955E-11
2.2387214	2.018119E-11
2.304094	1.6247004E-11
2.3713756	1.3057555E-11
2.4406219	1.0468071E-11
2.51189	8.3901774E-12
2.5852382	6.7074124E-12
2.6607285	5.3578253E-12
2.7384229	4.2641446E-12
2.818386	3.385514E-12
2.900684	2.688516E-12
2.9853854	2.1317392E-12
3.0725598	1.6904256E-12
3.16228	1.3309354E-12
3.2546198	1.0487167E-12
3.3496559	8.224532E-13
3.447467	6.4237504E-13
3.5481343	5.038192E-13
3.6517413	3.9501735E-13
3.7583735	3.0642155E-13
3.8681195	2.33924E-13
3.98107	1.8240964E-13
4.097319	1.3766766E-13
4.2169633	1.0458301E-13
4.340101	7.949197E-14
4.466834	5.739853E-14
4.5972676	4.42979E-14
4.7315106	3.1086245E-14
4.869673	2.3758773E-14
5.01187	1.498801E-14
5.1582193	9.103829E-15
5.3088417	6.217249E-15
5.463863	3.7747583E-15
5.62341	2.8865799E-15
5.7876167	1.7763568E-15
5.9566183	1.2212453E-15
6.1305547	5.551115E-16
6.30957	4.440892E-16
6.493813	4.440892E-16
6.683436	1.110223E-16
6.878596	0.0
7.079455	0.0
7.286179	0.0
7.4989395	0.0
7.7179127	0.0
7.94328	0.0
8.175228	0.0
8.41395	0.0
8.659641	0.0
8.912508	0.0
9.172758	0.0
9.440608	0.0
9.716279	0.0
10.0	0.0



DATASET #2

Name: RSQSim
Num Points: 401
Info: 

X, Y Data:
1.0E-4	0.048641678
1.0333392E-4	0.04864142
1.06779E-4	0.048641115
1.1033893E-4	0.04864076
1.14017545E-4	0.048640348
1.178188E-4	0.048639864
1.2174679E-4	0.048639305
1.2580573E-4	0.048638653
1.3E-4	0.0486379
1.334183E-4	0.04863722
1.369265E-4	0.04863646
1.4052694E-4	0.048635606
1.4422205E-4	0.048634652
1.4801433E-4	0.048633587
1.5190631E-4	0.048632402
1.5590065E-4	0.04863108
1.6E-4	0.048629608
1.645257E-4	0.048627842
1.691794E-4	0.048625864
1.7396474E-4	0.048623655
1.7888544E-4	0.048621193
1.8394532E-4	0.048618443
1.8914833E-4	0.048615385
1.944985E-4	0.048611984
2.0E-4	0.048608206
2.0565712E-4	0.048604015
2.1147425E-4	0.048599377
2.1745593E-4	0.048594244
2.236068E-4	0.048588574
2.2993165E-4	0.04858232
2.364354E-4	0.048575427
2.4312311E-4	0.048567843
2.5E-4	0.0485595
2.5783465E-4	0.048549324
2.659148E-4	0.04853806
2.742482E-4	0.048525605
2.8284272E-4	0.048511863
2.917066E-4	0.04849672
3.0084825E-4	0.048480056
3.102764E-4	0.048461746
3.2E-4	0.048441663
3.290514E-4	0.048421867
3.383588E-4	0.0484004
3.4792948E-4	0.048377145
3.5777088E-4	0.048351984
3.6789064E-4	0.0483248
3.7829665E-4	0.04829546
3.88997E-4	0.048263833
4.0E-4	0.048229776
4.1131425E-4	0.048193153
4.229485E-4	0.04815381
4.3491187E-4	0.0481116
4.472136E-4	0.048066363
4.598633E-4	0.04801794
4.728708E-4	0.047966167
4.8624622E-4	0.047910873
5.0E-4	0.047851887
5.1465514E-4	0.047786716
5.2973983E-4	0.047717195
5.4526667E-4	0.04764313
5.612486E-4	0.047564313
5.77699E-4	0.047480535
5.946315E-4	0.047391597
6.120603E-4	0.047297288
6.3E-4	0.047197398
6.4807665E-4	0.047093976
6.6667196E-4	0.04698481
6.858008E-4	0.04686971
7.0547854E-4	0.046748478
7.257209E-4	0.046620935
7.465441E-4	0.04648689
7.6796475E-4	0.046346165
7.9E-4	0.04619858
8.136239E-4	0.046037383
8.379543E-4	0.045868374
8.630122E-4	0.04569138
8.8881946E-4	0.045506217
9.153984E-4	0.045312736
9.427722E-4	0.04511078
9.7096455E-4	0.044900216
0.001	0.04468091
0.0010293103	0.044457294
0.0010594797	0.04422507
0.0010905333	0.043984156
0.0011224973	0.043734476
0.001155398	0.043475974
0.001189263	0.043208614
0.0012241206	0.04293236
0.00126	0.042647213
0.0012961533	0.042359356
0.0013333439	0.04206299
0.0013716016	0.041758146
0.0014109571	0.04144487
0.0014514418	0.04112323
0.0014930882	0.0407933
0.0015359295	0.04045518
0.00158	0.04010898
0.0016272478	0.03973993
0.0016759086	0.039362412
0.0017260244	0.0389766
0.0017776389	0.03858269
0.0018307968	0.0381809
0.0018855444	0.03777145
0.0019419291	0.037354592
0.002	0.036930583
0.0020575977	0.036515515
0.002116854	0.036094323
0.002177817	0.035667274
0.0022405356	0.035234656
0.0023050604	0.034796756
0.0023714434	0.03435387
0.0024397383	0.03390632
0.00251	0.033454407
0.0025833033	0.032992102
0.0026587474	0.032525998
0.0027363948	0.032056432
0.0028163097	0.031583764
0.0028985585	0.03110834
0.0029832094	0.030630523
0.0030703326	0.030150667
0.00316	0.029669126
0.0032524571	0.029185373
0.0033476194	0.028700642
0.003445566	0.028215284
0.0035463783	0.027729642
0.0036501405	0.02724406
0.0037569385	0.026758868
0.003866861	0.0262744
0.00398	0.02579097
0.004096165	0.025310049
0.0042157196	0.024830772
0.0043387646	0.024353424
0.0044654002	0.023878286
0.0045957323	0.023405625
0.0047298684	0.022935692
0.0048679197	0.022468735
0.00501	0.022004982
0.005156579	0.021543566
0.0053074467	0.021085797
0.005462728	0.02063187
0.0056225527	0.020181965
0.0057870536	0.019736253
0.005956367	0.01929489
0.0061306343	0.018858017
0.00631	0.01842577
0.006493865	0.017999966
0.0066830874	0.017578973
0.0068778237	0.017162887
0.007078234	0.016751798
0.0072844843	0.016345777
0.0074967444	0.015944893
0.00771519	0.0155492015
0.00794	0.015158752
0.008172275	0.014772098
0.008411343	0.014390802
0.008657407	0.014014893
0.008910668	0.013644393
0.009171338	0.013279318
0.009439633	0.012919679
0.009715778	0.012565484
0.01	0.012216737
0.010292081	0.01187396
0.010592694	0.011536613
0.010902087	0.011204691
0.011220517	0.010878188
0.011548247	0.010557096
0.011885551	0.01024141
0.012232705	0.009931118
0.01259	0.0096262125
0.012957647	0.009326751
0.013336032	0.0090326555
0.013725464	0.008743918
0.01412627	0.008460529
0.014538779	0.008182483
0.014963334	0.007909771
0.015400288	0.0076423883
0.01585	0.007380327
0.016312422	0.0071238116
0.016788337	0.0068725976
0.017278135	0.0066266796
0.017782224	0.0063860533
0.01830102	0.0061507127
0.01883495	0.005920652
0.019384459	0.005695865
0.01995	0.0054763444
0.020533005	0.0052617365
0.021133045	0.0050523942
0.021750621	0.004848306
0.022386245	0.004649459
0.023040446	0.0044558374
0.023713762	0.004267424
0.024406755	0.0040841983
0.02512	0.0039061375
0.025853088	0.0037334445
0.02660757	0.0035658472
0.027384069	0.0034033135
0.02818323	0.0032458068
0.029005712	0.003093288
0.029852198	0.0029457132
0.030723387	0.0028030355
0.03162	0.0026652038
0.032543603	0.0025320477
0.033494186	0.0024036318
0.034472536	0.002279893
0.03547946	0.0021607643
0.0365158	0.0020461753
0.03758241	0.0019360513
0.03868017	0.0018303145
0.03981	0.0017288834
0.040972695	0.0016316839
0.042169347	0.0015386168
0.04340095	0.0014495911
0.044668525	0.0013645135
0.04597312	0.001283288
0.047315817	0.0012058166
0.04869773	0.0011319992
0.05012	0.0010617338
0.0515838	9.949176E-4
0.053090356	9.3144557E-4
0.05464091	8.712123E-4
0.05623675	8.141116E-4
0.0578792	7.6003704E-4
0.059569612	7.088818E-4
0.0613094	6.6053943E-4
0.0631	6.149037E-4
0.06494172	5.7189545E-4
0.066837184	5.313804E-4
0.06878798	4.9325527E-4
0.070795715	4.574178E-4
0.072862044	4.237674E-4
0.074988686	3.9220502E-4
0.077177405	3.6263355E-4
0.07943	3.3495793E-4
0.08174976	3.090701E-4
0.08413727	2.848965E-4
0.08659451	2.6234868E-4
0.08912351	2.4134082E-4
0.09172637	2.2178961E-4
0.09440525	2.0361447E-4
0.097162366	1.8673754E-4
0.1	1.7108377E-4
0.102919795	1.5658425E-4
0.10592484	1.4316573E-4
0.109017625	1.3076168E-4
0.112200715	1.193084E-4
0.11547674	1.08745066E-4
0.11884842	9.901362E-5
0.12231855	9.005876E-5
0.12589	8.182794E-5
0.12956645	7.426986E-5
0.13335027	6.7338886E-5
0.13724458	6.0990278E-5
0.14125264	5.5181772E-5
0.14537773	4.987353E-5
0.14962329	4.5028046E-5
0.15399285	4.0610063E-5
0.15849	3.658651E-5
0.16311829	3.292654E-5
0.16788174	2.9600993E-5
0.17278428	2.6582797E-5
0.17783	2.384671E-5
0.18302307	2.136923E-5
0.18836778	1.9128507E-5
0.19386858	1.710426E-5
0.19953	1.5277692E-5
0.20535603	1.3631597E-5
0.21135218	1.21496705E-5
0.21752341	1.0817088E-5
0.22387484	9.620187E-6
0.23041171	8.546398E-6
0.23713945	7.5841785E-6
0.24406363	6.7229357E-6
0.25119	5.9529684E-6
0.25852492	5.265361E-6
0.26607406	4.6520604E-6
0.27384362	4.1056733E-6
0.28184006	3.6194656E-6
0.29007	3.1873135E-6
0.29854023	2.8036552E-6
0.30725783	2.4634458E-6
0.31623	2.1621174E-6
0.32546407	1.8955399E-6
0.33496782	1.6599796E-6
0.34474903	1.4520712E-6
0.3548159	1.2687834E-6
0.3651767	1.1073903E-6
0.37584007	9.65443E-7
0.3868148	8.4074503E-7
0.39811	7.313293E-7
0.40973493	6.3543644E-7
0.42169935	5.514935E-7
0.4340131	4.780979E-7
0.44668642	4.1400023E-7
0.4597298	3.5808876E-7
0.47315407	3.093757E-7
0.4869703	2.669846E-7
0.50119	2.3013877E-7
0.5158249	1.9815079E-7
0.5308872	1.7041332E-7
0.5463893	1.4639019E-7
0.5623441	1.2560885E-7
0.57876474	1.0765328E-7
0.59566486	9.215784E-8
0.61305845	7.8801484E-8
0.63096	6.73027E-8
0.6493842	5.7415093E-8
0.6683464	4.892311E-8
0.6878623	4.163854E-8
0.7079481	3.5397267E-8
0.72862035	3.005632E-8
0.7498962	2.5491364E-8
0.7717934	2.1594367E-8
0.79433	1.8271649E-8
0.8175246	1.544201E-8
0.8413966	1.3035218E-8
0.86596555	1.0990581E-8
0.8912519	9.2557135E-9
0.9172767	7.7854825E-9
0.9440614	6.541045E-9
0.97162825	5.4890177E-9
1.0	4.6007322E-9
1.029201	3.8516124E-9
1.0592546	3.2206475E-9
1.090186	2.68984E-9
1.1220205	2.2438589E-9
1.1547846	1.869596E-9
1.1885055	1.5559043E-9
1.223211	1.2933069E-9
1.25893	1.0737491E-9
1.2956905	8.904161E-10
1.3335243	7.3751105E-10
1.3724631	6.101458E-10
1.4125386	5.041756E-10
1.4537846	4.1611337E-10
1.4962348	3.4302705E-10
1.5399245	2.8244163E-10
1.58489	2.3228441E-10
1.6311698	1.908037E-10
1.678801	1.5654955E-10
1.727823	1.2829737E-10
1.7782766	1.0501833E-10
1.8302034	8.586498E-11
1.8836465	7.012246E-11
1.9386501	5.7201244E-11
1.99526	4.659928E-11
2.0535233	3.791545E-11
2.113488	3.0838776E-11
2.1752036	2.5060287E-11
2.2387214	2.031253E-11
2.304094	1.6412982E-11
2.3713756	1.32492906E-11
2.4406219	1.0697665E-11
2.51189	8.632539E-12
2.5852382	6.958656E-12
2.6607285	5.6068483E-12
2.7384229	4.510059E-12
2.818386	3.6249892E-12
2.900684	2.9055647E-12
2.9853854	2.3275826E-12
3.0725598	1.8628432E-12
3.16228	1.4888091E-12
3.2546198	1.1844969E-12
3.3496559	9.439116E-13
3.447467	7.537304E-13
3.5481343	5.989653E-13
3.6517413	4.769518E-13
3.7583735	3.778089E-13
3.8681195	2.9976022E-13
3.98107	2.3703262E-13
4.097319	1.8574031E-13
4.2169633	1.468825E-13
4.340101	1.1479706E-13
4.466834	8.815171E-14
4.5972676	6.9166894E-14
4.7315106	5.3401727E-14
4.869673	4.1855408E-14
5.01187	3.2529535E-14
5.1582193	2.5202063E-14
5.3088417	1.976197E-14
5.463863	1.4876989E-14
5.62341	1.1657342E-14
5.7876167	9.103829E-15
5.9566183	6.661338E-15
6.1305547	4.9960036E-15
6.30957	3.7747583E-15
6.493813	2.6645353E-15
6.683436	2.1094237E-15
6.878596	1.4432899E-15
7.079455	9.992007E-16
7.286179	4.440892E-16
7.4989395	3.330669E-16
7.7179127	3.330669E-16
7.94328	2.220446E-16
8.175228	1.110223E-16
8.41395	1.110223E-16
8.659641	1.110223E-16
8.912508	1.110223E-16
9.172758	0.0
9.440608	0.0
9.716279	0.0
10.0	0.0



DATASET #3

Name: 1000yr
Num Points: 2
Info: 

X, Y Data:
0.001	0.001
10.0	0.001



DATASET #4

Name: 2500yr
Num Points: 2
Info: 

X, Y Data:
0.001	4.0E-4
10.0	4.0E-4



DATASET #5

Name: 10000yr
Num Points: 2
Info: 

X, Y Data:
0.001	1.0E-4
10.0	1.0E-4


