
X-Axis: 5.0s SA (g)
Y-Axis: Annual Probabilitiy
Number of Data Sets: 5


DATASET #1

Name: UCERF3
Num Points: 401
Info: 

X, Y Data:
1.0E-4	0.05213762
1.0333392E-4	0.052137494
1.06779E-4	0.052137345
1.1033893E-4	0.052137174
1.14017545E-4	0.05213697
1.178188E-4	0.052136727
1.2174679E-4	0.052136447
1.2580573E-4	0.052136123
1.3E-4	0.052135743
1.334183E-4	0.0521354
1.369265E-4	0.052135013
1.4052694E-4	0.05213458
1.4422205E-4	0.052134093
1.4801433E-4	0.05213355
1.5190631E-4	0.052132934
1.5590065E-4	0.05213225
1.6E-4	0.052131485
1.645257E-4	0.05213056
1.691794E-4	0.052129526
1.7396474E-4	0.05212836
1.7888544E-4	0.052127052
1.8394532E-4	0.052125588
1.8914833E-4	0.052123945
1.944985E-4	0.052122116
2.0E-4	0.052120067
2.0565712E-4	0.052117787
2.1147425E-4	0.052115247
2.1745593E-4	0.052112423
2.236068E-4	0.052109282
2.2993165E-4	0.0521058
2.364354E-4	0.052101936
2.4312311E-4	0.052097663
2.5E-4	0.052092936
2.5783465E-4	0.05208713
2.659148E-4	0.052080657
2.742482E-4	0.052073456
2.8284272E-4	0.052065454
2.917066E-4	0.052056573
3.0084825E-4	0.05204673
3.102764E-4	0.052035842
3.2E-4	0.05202381
3.290514E-4	0.052011866
3.383588E-4	0.051998828
3.4792948E-4	0.05198461
3.5777088E-4	0.051969122
3.6789064E-4	0.051952273
3.7829665E-4	0.05193396
3.88997E-4	0.05191408
4.0E-4	0.05189253
4.1131425E-4	0.051869188
4.229485E-4	0.051843937
4.3491187E-4	0.05181665
4.472136E-4	0.051787198
4.598633E-4	0.051755443
4.728708E-4	0.051721245
4.8624622E-4	0.051684454
5.0E-4	0.05164492
5.1465514E-4	0.051600914
5.2973983E-4	0.051553614
5.4526667E-4	0.05150283
5.612486E-4	0.05144838
5.77699E-4	0.051390056
5.946315E-4	0.05132766
6.120603E-4	0.051260985
6.3E-4	0.05118982
6.4807665E-4	0.051115572
6.6667196E-4	0.051036607
6.858008E-4	0.050952718
7.0547854E-4	0.05086369
7.257209E-4	0.050769318
7.465441E-4	0.050669383
7.6796475E-4	0.050563674
7.9E-4	0.050451975
8.136239E-4	0.050329037
8.379543E-4	0.050199136
8.630122E-4	0.050062027
8.8881946E-4	0.04991748
9.153984E-4	0.04976527
9.427722E-4	0.04960517
9.7096455E-4	0.049436953
0.001	0.04926042
0.0010293103	0.04907906
0.0010594797	0.048889324
0.0010905333	0.04869103
0.0011224973	0.048484016
0.001155398	0.048268132
0.001189263	0.048043225
0.0012241206	0.047809172
0.00126	0.047565855
0.0012961533	0.047318507
0.0013333439	0.047062095
0.0013716016	0.04679654
0.0014109571	0.046521798
0.0014514418	0.046237823
0.0014930882	0.04594459
0.0015359295	0.045642093
0.00158	0.04533034
0.0016272478	0.04499581
0.0016759086	0.044651315
0.0017260244	0.044296924
0.0017776389	0.043932725
0.0018307968	0.04355883
0.0018855444	0.043175366
0.0019419291	0.042782485
0.002	0.042380363
0.0020575977	0.04198432
0.002116854	0.041580062
0.002177817	0.041167792
0.0022405356	0.040747732
0.0023050604	0.040320117
0.0023714434	0.039885204
0.0024397383	0.03944326
0.00251	0.03899456
0.0025833033	0.038533036
0.0026587474	0.038065188
0.0027363948	0.03759135
0.0028163097	0.037111863
0.0028985585	0.036627077
0.0029832094	0.036137346
0.0030703326	0.03564305
0.00316	0.035144553
0.0032524571	0.034641314
0.0033476194	0.03413463
0.003445566	0.03362489
0.0035463783	0.03311248
0.0036501405	0.032597795
0.0037569385	0.032081224
0.003866861	0.03156316
0.00398	0.031043982
0.004096165	0.03052533
0.0042157196	0.030006332
0.0043387646	0.029487353
0.0044654002	0.028968757
0.0045957323	0.0284509
0.0047298684	0.027934127
0.0048679197	0.027418775
0.00501	0.02690517
0.005156579	0.02639242
0.0053074467	0.025882052
0.005462728	0.02537436
0.0056225527	0.024869628
0.0057870536	0.024368126
0.005956367	0.023870112
0.0061306343	0.023375832
0.00631	0.022885513
0.006493865	0.02240131
0.0066830874	0.021921458
0.0068778237	0.021446144
0.007078234	0.020975545
0.0072844843	0.020509822
0.0074967444	0.020049127
0.00771519	0.019593598
0.00794	0.01914336
0.008172275	0.018696807
0.008411343	0.018255807
0.008657407	0.017820451
0.008910668	0.017390823
0.009171338	0.016966995
0.009439633	0.01654903
0.009715778	0.016136982
0.01	0.015730893
0.010292081	0.015331414
0.010592694	0.014937943
0.010902087	0.014550503
0.011220517	0.014169113
0.011548247	0.01379378
0.011885551	0.013424508
0.012232705	0.013061299
0.01259	0.012704146
0.012957647	0.0123531185
0.013336032	0.012008123
0.013725464	0.011669144
0.01412627	0.011336163
0.014538779	0.011009156
0.014963334	0.010688101
0.015400288	0.010372972
0.01585	0.01006374
0.016312422	0.009760648
0.016788337	0.009463382
0.017278135	0.009171912
0.017782224	0.008886205
0.01830102	0.008606227
0.01883495	0.008331944
0.019384459	0.00806332
0.01995	0.00780032
0.020533005	0.007542491
0.021133045	0.0072902297
0.021750621	0.0070434986
0.022386245	0.0068022595
0.023040446	0.0065664724
0.023713762	0.0063360976
0.024406755	0.006111095
0.02512	0.005891423
0.025853088	0.0056773247
0.02660757	0.005468458
0.027384069	0.005264779
0.02818323	0.0050662435
0.029005712	0.0048728054
0.029852198	0.0046844175
0.030723387	0.0045010326
0.03162	0.0043226006
0.032543603	0.00414892
0.033494186	0.0039800988
0.034472536	0.0038160828
0.03547946	0.0036568174
0.0365158	0.0035022458
0.03758241	0.0033523103
0.03868017	0.003206951
0.03981	0.0030661074
0.040972695	0.0029297317
0.042169347	0.0027977433
0.04340095	0.0026700767
0.044668525	0.0025466648
0.04597312	0.0024274383
0.047315817	0.0023123275
0.04869773	0.0022012605
0.05012	0.0020941645
0.0515838	0.0019909656
0.053090356	0.0018915875
0.05464091	0.0017959535
0.05623675	0.0017039857
0.0578792	0.0016156053
0.059569612	0.0015307324
0.0613094	0.0014492861
0.0631	0.0013711853
0.06494172	0.0012963937
0.066837184	0.0012247787
0.06878798	0.0011562573
0.070795715	0.0010907463
0.072862044	0.0010281621
0.074988686	9.6842094E-4
0.077177405	9.1143936E-4
0.07943	8.5713377E-4
0.08174976	8.053904E-4
0.08413727	7.5615966E-4
0.08659451	7.093589E-4
0.08912351	6.649058E-4
0.09172637	6.2271906E-4
0.09440525	5.8271777E-4
0.097162366	5.448221E-4
0.1	5.08953E-4
0.102919795	4.7504072E-4
0.10592484	4.4299953E-4
0.109017625	4.1275396E-4
0.112200715	3.8422982E-4
0.11547674	3.5735435E-4
0.11884842	3.3205617E-4
0.12231855	3.0826544E-4
0.12589	2.859139E-4
0.12956645	2.64931E-4
0.13335027	2.4525623E-4
0.13724458	2.2682635E-4
0.14125264	2.0957984E-4
0.14537773	1.9345703E-4
0.14962329	1.7840008E-4
0.15399285	1.6435297E-4
0.15849	1.5126154E-4
0.16311829	1.3907405E-4
0.16788174	1.2773953E-4
0.17278428	1.1720949E-4
0.17783	1.0743729E-4
0.18302307	9.837818E-5
0.18836778	8.998926E-5
0.19386858	8.222946E-5
0.19953	7.505952E-5
0.20535603	6.8442736E-5
0.21135218	6.23425E-5
0.21752341	5.672482E-5
0.22387484	5.15574E-5
0.23041171	4.6809575E-5
0.23713945	4.245229E-5
0.24406363	3.8458053E-5
0.25119	3.4800876E-5
0.25852492	3.1456028E-5
0.26607406	2.840065E-5
0.27384362	2.5613004E-5
0.28184006	2.3072665E-5
0.29007	2.0760466E-5
0.29854023	1.8658462E-5
0.30725783	1.6749858E-5
0.31623	1.5018977E-5
0.32546407	1.3451202E-5
0.33496782	1.2032904E-5
0.34474903	1.075142E-5
0.3548159	9.594992E-6
0.3651767	8.552722E-6
0.37584007	7.61452E-6
0.3868148	6.7710625E-6
0.39811	6.0137413E-6
0.40973493	5.334631E-6
0.42169935	4.726429E-6
0.4340131	4.1824296E-6
0.44668642	3.6964839E-6
0.4597298	3.262958E-6
0.47315407	2.8766995E-6
0.4869703	2.5330041E-6
0.50119	2.2275817E-6
0.5158249	1.9565266E-6
0.5308872	1.7162888E-6
0.5463893	1.5036464E-6
0.5623441	1.3156792E-6
0.57876474	1.1497451E-6
0.59566486	1.0034568E-6
0.61305845	8.74661E-7
0.63096	7.614182E-7
0.6493842	6.619849E-7
0.6683464	5.747941E-7
0.6878623	4.984423E-7
0.7079481	4.3167316E-7
0.72862035	3.7336216E-7
0.7498962	3.225075E-7
0.7717934	2.7821713E-7
0.79433	2.3969605E-7
0.8175246	2.0623854E-7
0.8413966	1.7721862E-7
0.86596555	1.5208246E-7
0.8912519	1.3033956E-7
0.9172767	1.1155851E-7
0.9440614	9.535863E-8
0.97162825	8.140406E-8
1.0	6.9399995E-8
1.029201	5.9087863E-8
1.0592546	5.0241873E-8
1.090186	4.2663846E-8
1.1220205	3.6181E-8
1.1547846	3.064298E-8
1.1885055	2.5918427E-8
1.223211	2.1893523E-8
1.25893	1.8469366E-8
1.2956905	1.556028E-8
1.3335243	1.3092315E-8
1.3724631	1.1001379E-8
1.4125386	9.232281E-9
1.4537846	7.73757E-9
1.4962348	6.476364E-9
1.5399245	5.413635E-9
1.58489	4.5194786E-9
1.6311698	3.768103E-9
1.678801	3.1376017E-9
1.727823	2.6092417E-9
1.7782766	2.1670594E-9
1.8302034	1.7974962E-9
1.8836465	1.4890514E-9
1.9386501	1.2319753E-9
1.99526	1.0179974E-9
2.0535233	8.4011254E-10
2.113488	6.9239925E-10
2.1752036	5.6999727E-10
2.2387214	4.686621E-10
2.304094	3.8477532E-10
2.3713756	3.1554548E-10
2.4406219	2.5843805E-10
2.51189	2.1143731E-10
2.5852382	1.7274171E-10
2.6607285	1.4094004E-10
2.7384229	1.1478951E-10
2.818386	9.3389296E-11
2.900684	7.5890405E-11
2.9853854	6.1591066E-11
3.0725598	4.9923954E-11
3.16228	4.0383474E-11
3.2546198	3.2636782E-11
3.3496559	2.633116E-11
3.447467	2.1201041E-11
3.5481343	1.705358E-11
3.6517413	1.3680612E-11
3.7583735	1.0967227E-11
3.8681195	8.769874E-12
3.98107	7.004397E-12
4.097319	5.576317E-12
4.2169633	4.429679E-12
4.340101	3.5164094E-12
4.466834	2.7735592E-12
4.5972676	2.18503E-12
4.7315106	1.7142954E-12
4.869673	1.3413715E-12
5.01187	1.0432766E-12
5.1582193	8.1112894E-13
5.3088417	6.2339023E-13
5.463863	4.718448E-13
5.62341	3.6115555E-13
5.7876167	2.717826E-13
5.9566183	2.0505819E-13
6.1305547	1.5387691E-13
6.30957	1.1224355E-13
6.493813	8.260059E-14
6.683436	6.228351E-14
6.878596	4.3187676E-14
7.079455	3.130829E-14
7.286179	2.2981617E-14
7.4989395	1.6098234E-14
7.7179127	1.110223E-14
7.94328	7.660539E-15
8.175228	5.551115E-15
8.41395	3.996803E-15
8.659641	2.220446E-15
8.912508	1.110223E-15
9.172758	4.440892E-16
9.440608	3.330669E-16
9.716279	3.330669E-16
10.0	0.0



DATASET #2

Name: RSQSim
Num Points: 401
Info: 

X, Y Data:
1.0E-4	0.048908867
1.0333392E-4	0.048908573
1.06779E-4	0.048908234
1.1033893E-4	0.04890784
1.14017545E-4	0.04890738
1.178188E-4	0.048906848
1.2174679E-4	0.048906237
1.2580573E-4	0.048905533
1.3E-4	0.048904724
1.334183E-4	0.048903998
1.369265E-4	0.04890319
1.4052694E-4	0.04890229
1.4422205E-4	0.048901293
1.4801433E-4	0.048900183
1.5190631E-4	0.048898954
1.5590065E-4	0.04889759
1.6E-4	0.04889608
1.645257E-4	0.048894282
1.691794E-4	0.048892282
1.7396474E-4	0.048890058
1.7888544E-4	0.048887588
1.8394532E-4	0.048884854
1.8914833E-4	0.048881825
1.944985E-4	0.04887848
2.0E-4	0.048874784
2.0565712E-4	0.04887071
2.1147425E-4	0.04886622
2.1745593E-4	0.04886128
2.236068E-4	0.048855856
2.2993165E-4	0.0488499
2.364354E-4	0.048843373
2.4312311E-4	0.048836224
2.5E-4	0.048828408
2.5783465E-4	0.04881892
2.659148E-4	0.048808474
2.742482E-4	0.04879699
2.8284272E-4	0.04878438
2.917066E-4	0.048770554
3.0084825E-4	0.048755422
3.102764E-4	0.04873888
3.2E-4	0.048720818
3.290514E-4	0.048703093
3.383588E-4	0.048683953
3.4792948E-4	0.0486633
3.5777088E-4	0.04864105
3.6789064E-4	0.04861709
3.7829665E-4	0.048591334
3.88997E-4	0.048563667
4.0E-4	0.048533984
4.1131425E-4	0.048502166
4.229485E-4	0.048468098
4.3491187E-4	0.04843166
4.472136E-4	0.04839273
4.598633E-4	0.048351176
4.728708E-4	0.04830687
4.8624622E-4	0.048259676
5.0E-4	0.048209455
5.1465514E-4	0.0481541
5.2973983E-4	0.048095193
5.4526667E-4	0.048032563
5.612486E-4	0.047966056
5.77699E-4	0.04789549
5.946315E-4	0.04782071
6.120603E-4	0.047741536
6.3E-4	0.047657795
6.4807665E-4	0.047571197
6.6667196E-4	0.047479894
6.858008E-4	0.04738371
7.0547854E-4	0.047282487
7.257209E-4	0.047176056
7.465441E-4	0.047064252
7.6796475E-4	0.046946913
7.9E-4	0.046823878
8.136239E-4	0.04668949
8.379543E-4	0.046548568
8.630122E-4	0.04640093
8.8881946E-4	0.046246406
9.153984E-4	0.04608483
9.427722E-4	0.04591603
9.7096455E-4	0.04573985
0.001	0.04555614
0.0010293103	0.045368563
0.0010594797	0.04517347
0.0010905333	0.044970736
0.0011224973	0.04476024
0.001155398	0.04454187
0.001189263	0.044315524
0.0012241206	0.044081107
0.00126	0.04383853
0.0012961533	0.04359301
0.0013333439	0.043339536
0.0013716016	0.043078046
0.0014109571	0.0428085
0.0014514418	0.04253087
0.0014930882	0.042245124
0.0015359295	0.04195125
0.00158	0.041649256
0.0016272478	0.041326076
0.0016759086	0.04099411
0.0017260244	0.040653408
0.0017776389	0.04030401
0.0018307968	0.039945986
0.0018855444	0.039579418
0.0019419291	0.0392044
0.002	0.038821038
0.0020575977	0.038443863
0.002116854	0.03805918
0.002177817	0.03766712
0.0022405356	0.03726784
0.0023050604	0.036861494
0.0023714434	0.03644825
0.0024397383	0.0360283
0.00251	0.035601832
0.0025833033	0.035163004
0.0026587474	0.034717917
0.0027363948	0.034266815
0.0028163097	0.03380994
0.0028985585	0.033347566
0.0029832094	0.03287995
0.0030703326	0.032407377
0.00316	0.031930137
0.0032524571	0.031447645
0.0033476194	0.030961081
0.003445566	0.030470757
0.0035463783	0.029976998
0.0036501405	0.02948013
0.0037569385	0.028980492
0.003866861	0.028478421
0.00398	0.027974263
0.004096165	0.027469585
0.0042157196	0.026963525
0.0043387646	0.026456429
0.0044654002	0.025948651
0.0045957323	0.02544054
0.0047298684	0.02493245
0.0048679197	0.024424726
0.00501	0.02391772
0.005156579	0.023410577
0.0053074467	0.022904845
0.005462728	0.02240086
0.0056225527	0.02189896
0.0057870536	0.021399474
0.005956367	0.020902723
0.0061306343	0.020409022
0.00631	0.019918678
0.006493865	0.019433929
0.0066830874	0.018953092
0.0068778237	0.018476449
0.007078234	0.018004261
0.0072844843	0.017536791
0.0074967444	0.017074281
0.00771519	0.016616967
0.00794	0.016165074
0.008172275	0.01571709
0.008411343	0.015274982
0.008657407	0.014838944
0.008910668	0.014409155
0.009171338	0.013985777
0.009439633	0.013568966
0.009715778	0.013158861
0.01	0.01275559
0.010292081	0.0123598715
0.010592694	0.011971186
0.010902087	0.011589622
0.011220517	0.011215261
0.011548247	0.010848171
0.011885551	0.010488408
0.012232705	0.010136017
0.01259	0.009791035
0.012957647	0.00945356
0.013336032	0.009123531
0.013725464	0.008800955
0.01412627	0.008485825
0.014538779	0.0081781335
0.014963334	0.007877858
0.015400288	0.0075849723
0.01585	0.0072994414
0.016312422	0.0070214695
0.016788337	0.006750749
0.017278135	0.0064872256
0.017782224	0.006230839
0.01830102	0.0059815245
0.01883495	0.005739211
0.019384459	0.0055038244
0.01995	0.0052752853
0.020533005	0.005053154
0.021133045	0.0048377225
0.021750621	0.0046289004
0.022386245	0.004426594
0.023040446	0.004230707
0.023713762	0.004041141
0.024406755	0.003857794
0.02512	0.0036805635
0.025853088	0.00350957
0.02660757	0.0033444648
0.027384069	0.0031851395
0.02818323	0.0030314845
0.029005712	0.002883389
0.029852198	0.0027407408
0.030723387	0.0026034266
0.03162	0.0024713327
0.032543603	0.0023442341
0.033494186	0.002222134
0.034472536	0.002104916
0.03547946	0.0019924627
0.0365158	0.0018846568
0.03758241	0.001781381
0.03868017	0.0016825171
0.03981	0.0015879474
0.040972695	0.001497564
0.042169347	0.001411238
0.04340095	0.0013288519
0.044668525	0.0012502886
0.04597312	0.0011754311
0.047315817	0.0011041631
0.04869773	0.0010363692
0.05012	9.7193464E-4
0.0515838	9.107456E-4
0.053090356	8.5268886E-4
0.05464091	7.976526E-4
0.05623675	7.455261E-4
0.0578792	6.962003E-4
0.059569612	6.495673E-4
0.0613094	6.055209E-4
0.0631	5.639565E-4
0.06494172	5.247954E-4
0.066837184	4.8790983E-4
0.06878798	4.5320106E-4
0.070795715	4.205725E-4
0.072862044	3.8992954E-4
0.074988686	3.6117993E-4
0.077177405	3.342337E-4
0.07943	3.090031E-4
0.08174976	2.8538928E-4
0.08413727	2.63325E-4
0.08659451	2.4272992E-4
0.08912351	2.2352622E-4
0.09172637	2.0563869E-4
0.09440525	1.8899472E-4
0.097162366	1.735243E-4
0.1	1.5916006E-4
0.102919795	1.4584037E-4
0.10592484	1.3349952E-4
0.109017625	1.2207801E-4
0.112200715	1.1151892E-4
0.11547674	1.01767866E-4
0.11884842	9.2772956E-5
0.12231855	8.448477E-5
0.12589	7.68563E-5
0.12956645	6.98416E-5
0.13335027	6.339985E-5
0.13724458	5.7490954E-5
0.14125264	5.2076983E-5
0.14537773	4.7122143E-5
0.14962329	4.2592692E-5
0.15399285	3.8456867E-5
0.15849	3.468482E-5
0.16311829	3.124868E-5
0.16788174	2.8122031E-5
0.17278428	2.5280315E-5
0.17783	2.270059E-5
0.18302307	2.0361453E-5
0.18836778	1.8242965E-5
0.19386858	1.6326583E-5
0.19953	1.459508E-5
0.20535603	1.3032663E-5
0.21135218	1.1624324E-5
0.21752341	1.0356385E-5
0.22387484	9.216223E-6
0.23041171	8.1921935E-6
0.23713945	7.2735797E-6
0.24406363	6.450527E-6
0.25119	5.713991E-6
0.25852492	5.055639E-6
0.26607406	4.4679314E-6
0.27384362	3.94393E-6
0.28184006	3.4773038E-6
0.29007	3.0622818E-6
0.29854023	2.693613E-6
0.30725783	2.3665255E-6
0.31623	2.0766897E-6
0.32546407	1.8201845E-6
0.33496782	1.5934581E-6
0.34474903	1.3933043E-6
0.3548159	1.2168299E-6
0.3651767	1.0614291E-6
0.37584007	9.2475767E-7
0.3868148	8.0471006E-7
0.39811	6.993976E-7
0.40973493	6.071293E-7
0.42169935	5.263917E-7
0.4340131	4.5583366E-7
0.44668642	3.9425038E-7
0.4597298	3.40569E-7
0.47315407	2.938355E-7
0.4869703	2.5320287E-7
0.50119	2.1792002E-7
0.5158249	1.8732199E-7
0.5308872	1.6082099E-7
0.5463893	1.3789806E-7
0.5623441	1.18095755E-7
0.57876474	1.010114E-7
0.59566486	8.629105E-8
0.61305845	7.362405E-8
0.63096	6.273815E-8
0.6493842	5.3395116E-8
0.6683464	4.5386685E-8
0.6878623	3.8531166E-8
0.7079481	3.2670222E-8
0.72862035	2.7666113E-8
0.7498962	2.3399158E-8
0.7717934	1.976551E-8
0.79433	1.6675223E-8
0.8175246	1.4050471E-8
0.8413966	1.1824037E-8
0.86596555	9.9379625E-9
0.8912519	8.342277E-9
0.9172767	6.994047E-9
0.9440614	5.8563834E-9
0.97162825	4.89765E-9
1.0	4.0907526E-9
1.029201	3.4125236E-9
1.0592546	2.8432092E-9
1.090186	2.3659352E-9
1.1220205	1.9663355E-9
1.1547846	1.6321925E-9
1.1885055	1.3531453E-9
1.223211	1.120413E-9
1.25893	9.2656893E-10
1.2956905	7.65335E-10
1.3335243	6.3138283E-10
1.3724631	5.2023685E-10
1.4125386	4.2814186E-10
1.4537846	3.519186E-10
1.4962348	2.8891478E-10
1.5399245	2.369085E-10
1.58489	1.9403068E-10
1.6311698	1.5871959E-10
1.678801	1.2968193E-10
1.727823	1.05830344E-10
1.7782766	8.6263996E-11
1.8302034	7.022971E-11
1.8836465	5.7111427E-11
1.9386501	4.6384896E-11
1.99526	3.7628234E-11
2.0535233	3.049061E-11
2.113488	2.4676705E-11
2.1752036	1.9946045E-11
2.2387214	1.6103674E-11
2.304094	1.2990831E-11
2.3713756	1.0463741E-11
2.4406219	8.413159E-12
2.51189	6.7517103E-12
2.5852382	5.415668E-12
2.6607285	4.341194E-12
2.7384229	3.4739989E-12
2.818386	2.7740032E-12
2.900684	2.21545E-12
2.9853854	1.7681412E-12
3.0725598	1.4116486E-12
3.16228	1.1241008E-12
3.2546198	8.9572794E-13
3.3496559	7.0954354E-13
3.447467	5.6277205E-13
3.5481343	4.4364512E-13
3.6517413	3.4761083E-13
3.7583735	2.7200464E-13
3.8681195	2.1393998E-13
3.98107	1.6853186E-13
4.097319	1.318945E-13
4.2169633	1.04360964E-13
4.340101	8.1712415E-14
4.466834	6.494805E-14
4.5972676	4.8849813E-14
4.7315106	3.6970427E-14
4.869673	2.8754776E-14
5.01187	2.2093438E-14
5.1582193	1.6764368E-14
5.3088417	1.26565425E-14
5.463863	8.9928065E-15
5.62341	6.550316E-15
5.7876167	4.5519144E-15
5.9566183	3.2196468E-15
6.1305547	2.553513E-15
6.30957	1.6653345E-15
6.493813	8.881784E-16
6.683436	7.771561E-16
6.878596	4.440892E-16
7.079455	3.330669E-16
7.286179	2.220446E-16
7.4989395	2.220446E-16
7.7179127	1.110223E-16
7.94328	1.110223E-16
8.175228	1.110223E-16
8.41395	1.110223E-16
8.659641	1.110223E-16
8.912508	0.0
9.172758	0.0
9.440608	0.0
9.716279	0.0
10.0	0.0



DATASET #3

Name: 1000yr
Num Points: 2
Info: 

X, Y Data:
0.001	0.001
10.0	0.001



DATASET #4

Name: 2500yr
Num Points: 2
Info: 

X, Y Data:
0.001	4.0E-4
10.0	4.0E-4



DATASET #5

Name: 10000yr
Num Points: 2
Info: 

X, Y Data:
0.001	1.0E-4
10.0	1.0E-4


