
X-Axis: Normalized Distance Along Strike
Y-Axis: Hypocenter Density
Number of Data Sets: 4


DATASET #1

     Name: 
   Points: 31
     Info: 

Data[x,y]:
0.05	  0.021442374
0.15	  0.025307348
0.25	  0.025821306
0.35	  0.029151762
0.45	  0.033140086
0.55	  0.03492866
0.65	  0.040088814
0.75	  0.042453025
0.85	  0.049381193
0.95	  0.060667735
1.05	  0.032153282
1.15	  0.028247194
1.25	  0.027383743
1.35	  0.02541014
1.45	  0.024423338
1.55	  0.024423338
1.65	  0.02541014
1.75	  0.027383743
1.85	  0.028247194
1.95	  0.032153282
2.05	  0.060667735
2.15	  0.049381193
2.25	  0.042453025
2.35	  0.040088814
2.45	  0.03492866
2.55	  0.033140086
2.65	  0.029151762
2.75	  0.025821306
2.85	  0.025307348
2.95	  0.021442374
3.05	  0.0



DATASET #2

     Name: 
   Points: 31
     Info: 

Data[x,y]:
0.05	  0.0
0.15	  0.0
0.25	  0.0
0.35	  0.0
0.45	  0.0
0.55	  0.0
0.65	  0.0
0.75	  0.0
0.85	  0.0
0.95	  0.0
1.05	  0.0026725875
1.15	  0.0058796923
1.25	  0.0057152254
1.35	  0.005982484
1.45	  0.006085276
1.55	  0.006085276
1.65	  0.005982484
1.75	  0.0057152254
1.85	  0.0058796923
1.95	  0.0026725875
2.05	  0.0
2.15	  0.0
2.25	  0.0
2.35	  0.0
2.45	  0.0
2.55	  0.0
2.65	  0.0
2.75	  0.0
2.85	  0.0
2.95	  0.0
3.05	  0.0



DATASET #3

Name: 
Num Points: 4
Info: 

X, Y Data:
0.021	  8.493483E-4
0.021	  0.08408548
2.979	  0.08408548
2.979	  8.493483E-4



DATASET #4

Name: 
Num Points: 4
Info: 

X, Y Data:
1.0	  8.493483E-4
1.0	  0.075592
2.0	  0.075592
2.0	  8.493483E-4


