
X-Axis: Annual Probability
Y-Axis: Ln(RSQSim/UCERF3)
Number of Data Sets: 5


DATASET #1

Name: NEHRP City Mean
Num Points: 27
Info: 

X, Y Data:
1.0E-6	0.023844553
1.5848932E-6	0.023512142
2.5118864E-6	0.023210429
3.9810716E-6	0.02294124
6.3095736E-6	0.022739597
1.0E-5	0.022644196
1.5848931E-5	0.022662794
2.5118865E-5	0.022840092
3.981072E-5	0.02323144
6.309574E-5	0.02391949
1.0E-4	0.024999145
1.5848932E-4	0.0266951
2.5118864E-4	0.029375741
3.9810716E-4	0.03360331
6.3095737E-4	0.040090527
0.001	0.049700294
0.0015848932	0.06446521
0.0025118864	0.088203765
0.0039810715	0.12416713
0.0063095735	0.17560369
0.01	0.2468837
0.015848933	0.34071177
0.025118865	0.46030545
0.039810717	0.61287755
0.06309573	0.79414964
0.1	1.0059866
0.15848932	1.7754819



DATASET #2

Name: Mean
Num Points: 27
Info: 

X, Y Data:
1.0E-6	-0.01300359
1.5848932E-6	-0.012385373
2.5118864E-6	-0.011779916
3.9810716E-6	-0.011188673
6.3095736E-6	-0.01060387
1.0E-5	-0.010007394
1.5848931E-5	-0.009376462
2.5118865E-5	-0.00869538
3.981072E-5	-0.0079550855
6.309574E-5	-0.007121235
1.0E-4	-0.0060488535
1.5848932E-4	-0.0043883747
2.5118864E-4	-8.364397E-4
3.9810716E-4	0.0060863695
6.3095737E-4	0.017164089
0.001	0.031649612
0.0015848932	0.049816996
0.0025118864	0.0720899
0.0039810715	0.09898473
0.0063095735	0.1324964
0.01	0.1722496
0.015848933	0.21801451
0.025118865	0.2774738
0.039810717	0.36838233
0.06309573	0.52013344
0.1	0.8250767
0.15848932	1.6683542



DATASET #3

Name: StdDev
Num Points: 27
Info: 

X, Y Data:
1.0E-6	0.15057443
1.5848932E-6	0.14584847
2.5118864E-6	0.14088202
3.9810716E-6	0.135664
6.3095736E-6	0.13017994
1.0E-5	0.12441363
1.5848931E-5	0.11838194
2.5118865E-5	0.11226817
3.981072E-5	0.10660067
6.309574E-5	0.102411404
1.0E-4	0.101245515
1.5848932E-4	0.10512085
2.5118864E-4	0.109457545
3.9810716E-4	0.10963279
6.3095737E-4	0.109133236
0.001	0.11283211
0.0015848932	0.110769644
0.0025118864	0.10647615
0.0039810715	0.108101234
0.0063095735	0.1190371
0.01	0.13707657
0.015848933	0.15737908
0.025118865	0.18025278
0.039810717	0.19343075
0.06309573	0.19420485
0.1	0.18681666
0.15848932	0.28354892



DATASET #4

Name: Median
Num Points: 27
Info: 

X, Y Data:
1.0E-6	-0.011787254
1.5848932E-6	-0.011053296
2.5118864E-6	-0.01016715
3.9810716E-6	-0.009765687
6.3095736E-6	-0.009913865
1.0E-5	-0.009480081
1.5848931E-5	-0.009145701
2.5118865E-5	-0.0089402385
3.981072E-5	-0.008722028
6.309574E-5	-0.007904965
1.0E-4	-0.0058074757
1.5848932E-4	-0.0016218891
2.5118864E-4	0.005390996
3.9810716E-4	0.016359944
6.3095737E-4	0.027399752
0.001	0.038092375
0.0015848932	0.055062454
0.0025118864	0.07034431
0.0039810715	0.09723916
0.0063095735	0.13955711
0.01	0.1889539
0.015848933	0.24743822
0.025118865	0.32066423
0.039810717	0.41639733
0.06309573	0.5752321
0.1	0.80491006
0.15848932	1.590139



DATASET #5

Name: MeanAbsDiff
Num Points: 27
Info: 

X, Y Data:
1.0E-6	0.11146967
1.5848932E-6	0.10803989
2.5118864E-6	0.104510024
3.9810716E-6	0.10096812
6.3095736E-6	0.097352505
1.0E-5	0.09360684
1.5848931E-5	0.089713305
2.5118865E-5	0.08571108
3.981072E-5	0.0817054
6.309574E-5	0.07781881
1.0E-4	0.074240625
1.5848932E-4	0.07130332
2.5118864E-4	0.0691891
3.9810716E-4	0.06891009
6.3095737E-4	0.06973754
0.001	0.075519025
0.0015848932	0.08431319
0.0025118864	0.09716523
0.0039810715	0.11702031
0.0063095735	0.14599895
0.01	0.1847909
0.015848933	0.23235768
0.025118865	0.29247203
0.039810717	0.37371692
0.06309573	0.52013344
0.1	0.8250767
0.15848932	1.6683542


