
X-Axis: Period (s)
Y-Axis: PSA (g)
Number of Data Sets: 16


DATASET #1

Name: ASK2014 ±σ
Num Points: 22
Info: 

X, Y Data:
0.01	0.027250528	[0.01450903	0.051181316]
0.02	0.027582083	[0.014689959	0.051788524]
0.03	0.028541155	[0.015220623	0.053519327]
0.05	0.032144524	[0.017042562	0.060628824]
0.075	0.038229972	[0.020138372	0.07257442]
0.1	0.043789275	[0.02288287	0.08379633]
0.15	0.055002086	[0.02845048	0.10633317]
0.2	0.06387219	[0.032790527	0.1244157]
0.25	0.06813572	[0.03472068	0.13370927]
0.3	0.067915395	[0.03431631	0.13441132]
0.4	0.069276616	[0.034707263	0.13827796]
0.5	0.06693649	[0.033249177	0.13475503]
0.75	0.05126503	[0.025138248	0.10454602]
1.0	0.03867122	[0.018718127	0.07989385]
1.5	0.026285151	[0.012612669	0.054778982]
2.0	0.019423122	[0.009238965	0.040833324]
3.0	0.01223078	[0.0058688186	0.025489284]
4.0	0.008952079	[0.0043330975	0.018494789]
5.0	0.0070157223	[0.0033958377	0.01449432]
6.0	0.0061665974	[0.0029848334	0.012740048]
7.5	0.0052915565	[0.0025612854	0.010932234]
10.0	0.0040868972	[0.0019781913	0.008443436]



DATASET #2

Name: 
Num Points: 22
Info: 

X, Y Data:
0.01	0.051181316
0.02	0.051788524
0.03	0.053519327
0.05	0.060628824
0.075	0.07257442
0.1	0.08379633
0.15	0.10633317
0.2	0.1244157
0.25	0.13370927
0.3	0.13441132
0.4	0.13827796
0.5	0.13475503
0.75	0.10454602
1.0	0.07989385
1.5	0.054778982
2.0	0.040833324
3.0	0.025489284
4.0	0.018494789
5.0	0.01449432
6.0	0.012740048
7.5	0.010932234
10.0	0.008443436



DATASET #3

Name: 
Num Points: 22
Info: 

X, Y Data:
0.01	0.01450903
0.02	0.014689959
0.03	0.015220623
0.05	0.017042562
0.075	0.020138372
0.1	0.02288287
0.15	0.02845048
0.2	0.032790527
0.25	0.03472068
0.3	0.03431631
0.4	0.034707263
0.5	0.033249177
0.75	0.025138248
1.0	0.018718127
1.5	0.012612669
2.0	0.009238965
3.0	0.0058688186
4.0	0.0043330975
5.0	0.0033958377
6.0	0.0029848334
7.5	0.0025612854
10.0	0.0019781913



DATASET #4

Name: BSSA2014 ±σ
Num Points: 21
Info: 

X, Y Data:
0.01	0.029826898	[0.016121604	0.055183332]
0.02	0.028958455	[0.01562574	0.05366735]
0.03	0.029129263	[0.015409602	0.055063974]
0.05	0.030900106	[0.015458334	0.06176711]
0.075	0.036831353	[0.017748501	0.07643173]
0.1	0.044138797	[0.021213157	0.09184081]
0.15	0.05703828	[0.028427232	0.11444539]
0.2	0.06430038	[0.03342578	0.123693116]
0.25	0.066132165	[0.034949888	0.12513527]
0.3	0.065517224	[0.034914892	0.12294202]
0.4	0.05956711	[0.031558346	0.1124343]
0.5	0.05288515	[0.027431497	0.10195721]
0.75	0.03864006	[0.019393483	0.07698741]
1.0	0.029228974	[0.014541779	0.058750235]
1.5	0.019169403	[0.0095713595	0.038392246]
2.0	0.0138069475	[0.0068555195	0.027807055]
3.0	0.009085106	[0.0044748452	0.018445138]
4.0	0.0070390226	[0.0034676401	0.014288634]
5.0	0.0056771794	[0.0028010043	0.011506717]
7.5	0.0037492719	[0.0018822422	0.0074682417]
10.0	0.0023655216	[0.0012354456	0.0045292904]



DATASET #5

Name: 
Num Points: 21
Info: 

X, Y Data:
0.01	0.055183332
0.02	0.05366735
0.03	0.055063974
0.05	0.06176711
0.075	0.07643173
0.1	0.09184081
0.15	0.11444539
0.2	0.123693116
0.25	0.12513527
0.3	0.12294202
0.4	0.1124343
0.5	0.10195721
0.75	0.07698741
1.0	0.058750235
1.5	0.038392246
2.0	0.027807055
3.0	0.018445138
4.0	0.014288634
5.0	0.011506717
7.5	0.0074682417
10.0	0.0045292904



DATASET #6

Name: 
Num Points: 21
Info: 

X, Y Data:
0.01	0.016121604
0.02	0.01562574
0.03	0.015409602
0.05	0.015458334
0.075	0.017748501
0.1	0.021213157
0.15	0.028427232
0.2	0.03342578
0.25	0.034949888
0.3	0.034914892
0.4	0.031558346
0.5	0.027431497
0.75	0.019393483
1.0	0.014541779
1.5	0.0095713595
2.0	0.0068555195
3.0	0.0044748452
4.0	0.0034676401
5.0	0.0028010043
7.5	0.0018822422
10.0	0.0012354456



DATASET #7

Name: CB2014 ±σ
Num Points: 21
Info: 

X, Y Data:
0.01	0.03071591	[0.01713212	0.055070076]
0.02	0.030871397	[0.017154794	0.0555555]
0.03	0.033046152	[0.01809284	0.06035802]
0.05	0.037799623	[0.02008175	0.07114975]
0.075	0.04205186	[0.02155981	0.08202108]
0.1	0.045872837	[0.023251818	0.09050119]
0.15	0.05027697	[0.02604077	0.097069845]
0.2	0.05413239	[0.028520197	0.10274529]
0.25	0.06087295	[0.032556478	0.11381809]
0.3	0.06582488	[0.03470986	0.12483239]
0.4	0.061893146	[0.03234229	0.11844436]
0.5	0.056890704	[0.029251555	0.11064547]
0.75	0.04571482	[0.022430189	0.093171075]
1.0	0.034304604	[0.016690971	0.07050554]
1.5	0.0242863	[0.0117853405	0.050047293]
2.0	0.016713649	[0.008207668	0.034034763]
3.0	0.010516122	[0.005156135	0.021448009]
4.0	0.0072134887	[0.003642353	0.014285934]
5.0	0.0049032457	[0.002450935	0.009809243]
7.5	0.002447127	[0.001215242	0.0049277674]
10.0	0.0014016711	[6.9769815E-4	0.002815948]



DATASET #8

Name: 
Num Points: 21
Info: 

X, Y Data:
0.01	0.055070076
0.02	0.0555555
0.03	0.06035802
0.05	0.07114975
0.075	0.08202108
0.1	0.09050119
0.15	0.097069845
0.2	0.10274529
0.25	0.11381809
0.3	0.12483239
0.4	0.11844436
0.5	0.11064547
0.75	0.093171075
1.0	0.07050554
1.5	0.050047293
2.0	0.034034763
3.0	0.021448009
4.0	0.014285934
5.0	0.009809243
7.5	0.0049277674
10.0	0.002815948



DATASET #9

Name: 
Num Points: 21
Info: 

X, Y Data:
0.01	0.01713212
0.02	0.017154794
0.03	0.01809284
0.05	0.02008175
0.075	0.02155981
0.1	0.023251818
0.15	0.02604077
0.2	0.028520197
0.25	0.032556478
0.3	0.03470986
0.4	0.03234229
0.5	0.029251555
0.75	0.022430189
1.0	0.016690971
1.5	0.0117853405
2.0	0.008207668
3.0	0.005156135
4.0	0.003642353
5.0	0.002450935
7.5	0.001215242
10.0	6.9769815E-4



DATASET #10

Name: CY2014 ±σ
Num Points: 24
Info: 

X, Y Data:
0.01	0.03123224	[0.017759757	0.054924894]
0.02	0.03128192	[0.017751947	0.055123996]
0.03	0.03255607	[0.018242784	0.058099546]
0.04	0.03524361	[0.019577298	0.06344657]
0.05	0.038417768	[0.021202734	0.06961012]
0.075	0.046109285	[0.025148958	0.08453894]
0.1	0.05155847	[0.0278556	0.09543057]
0.12	0.054493688	[0.029251788	0.10151728]
0.15	0.057238933	[0.030480186	0.107489355]
0.17	0.05858527	[0.031059694	0.11050445]
0.2	0.060132608	[0.03169142	0.11409809]
0.25	0.060395136	[0.03157362	0.115525946]
0.3	0.05935006	[0.03082265	0.11428055]
0.4	0.05446816	[0.028002825	0.10594576]
0.5	0.049539063	[0.025279019	0.09708125]
0.75	0.038171362	[0.01925494	0.07567164]
1.0	0.029949801	[0.01503013	0.059679497]
1.5	0.020872977	[0.010405699	0.04186948]
2.0	0.01579533	[0.007877627	0.03167101]
3.0	0.010361261	[0.0051950286	0.020665089]
4.0	0.0068360106	[0.003439169	0.013587888]
5.0	0.0046027894	[0.0023229464	0.009120171]
7.5	0.0021272495	[0.0010800255	0.004189892]
10.0	0.0011926508	[6.0810964E-4	0.0023390776]



DATASET #11

Name: 
Num Points: 24
Info: 

X, Y Data:
0.01	0.054924894
0.02	0.055123996
0.03	0.058099546
0.04	0.06344657
0.05	0.06961012
0.075	0.08453894
0.1	0.09543057
0.12	0.10151728
0.15	0.107489355
0.17	0.11050445
0.2	0.11409809
0.25	0.115525946
0.3	0.11428055
0.4	0.10594576
0.5	0.09708125
0.75	0.07567164
1.0	0.059679497
1.5	0.04186948
2.0	0.03167101
3.0	0.020665089
4.0	0.013587888
5.0	0.009120171
7.5	0.004189892
10.0	0.0023390776



DATASET #12

Name: 
Num Points: 24
Info: 

X, Y Data:
0.01	0.017759757
0.02	0.017751947
0.03	0.018242784
0.04	0.019577298
0.05	0.021202734
0.075	0.025148958
0.1	0.0278556
0.12	0.029251788
0.15	0.030480186
0.17	0.031059694
0.2	0.03169142
0.25	0.03157362
0.3	0.03082265
0.4	0.028002825
0.5	0.025279019
0.75	0.01925494
1.0	0.01503013
1.5	0.010405699
2.0	0.007877627
3.0	0.0051950286
4.0	0.003439169
5.0	0.0023229464
7.5	0.0010800255
10.0	6.0810964E-4



DATASET #13

Name: Psa5_N
Num Points: 63
Info: 

X, Y Data:
0.01	0.0079545
0.011	0.0079548
0.012	0.0079551
0.013	0.0079555
0.015	0.0079563
0.017	0.0079572
0.02	0.0079588
0.022	0.00796
0.025	0.0079621
0.029	0.0079653
0.032	0.0079679
0.035	0.0079709
0.04	0.0079764
0.045	0.0079827
0.05	0.0079897
0.055	0.0079975
0.06	0.008006
0.065	0.0080154
0.075	0.0080365
0.085	0.0080609
0.1	0.0081039
0.11	0.008137
0.12	0.0081738
0.13	0.0082147
0.15	0.0083089
0.17	0.0084218
0.2	0.0086318
0.22	0.0088025
0.24	0.0089975
0.26	0.0092306
0.28	0.0095112
0.3	0.0097498
0.35	0.011644
0.4	0.018088
0.45	0.024098
0.5	0.02507
0.55	0.031882
0.6	0.026183
0.65	0.024029
0.75	0.024398
0.85	0.026798
1.0	0.017668
1.1	0.015729
1.2	0.012619
1.3	0.012693
1.5	0.013508
1.7	0.010646
2.0	0.0098703
2.2	0.0076733
2.4	0.0052239
2.6	0.0046619
2.8	0.0044267
3.0	0.0041646
3.5	0.0034145
4.0	0.0038937
4.4	0.0040119
5.0	0.0033371
5.5	0.0039024
6.0	0.0042507
6.5	0.0052755
7.5	0.0049727
8.5	0.0043729
10.0	0.0034829



DATASET #14

Name: Psa5_E
Num Points: 63
Info: 

X, Y Data:
0.01	0.010207
0.011	0.010207
0.012	0.010208
0.013	0.010208
0.015	0.010209
0.017	0.010211
0.02	0.010213
0.022	0.010215
0.025	0.010217
0.029	0.010222
0.032	0.010225
0.035	0.010229
0.04	0.010237
0.045	0.010245
0.05	0.010255
0.055	0.010265
0.06	0.010277
0.065	0.010289
0.075	0.010318
0.085	0.01035
0.1	0.010407
0.11	0.01045
0.12	0.010498
0.13	0.01055
0.15	0.010669
0.17	0.010806
0.2	0.011049
0.22	0.011234
0.24	0.011448
0.26	0.011642
0.28	0.01217
0.3	0.012575
0.35	0.016217
0.4	0.020041
0.45	0.020345
0.5	0.027048
0.55	0.030611
0.6	0.037939
0.65	0.044429
0.75	0.03893
0.85	0.037976
1.0	0.025256
1.1	0.024616
1.2	0.02375
1.3	0.0225
1.5	0.016615
1.7	0.013771
2.0	0.010932
2.2	0.009238
2.4	0.0081149
2.6	0.0078204
2.8	0.0072192
3.0	0.0066204
3.5	0.0041915
4.0	0.0028829
4.4	0.0033234
5.0	0.002802
5.5	0.0032452
6.0	0.0027384
6.5	0.0024053
7.5	0.0021004
8.5	0.0015899
10.0	0.0013705



DATASET #15

Name: RotD50
Num Points: 63
Info: 

X, Y Data:
0.01	0.0087763
0.011	0.0087767
0.012	0.0087771
0.013	0.0087775
0.015	0.0087785
0.017	0.0087796
0.02	0.0087815
0.022	0.0087829
0.025	0.0087853
0.029	0.008789
0.032	0.0087921
0.035	0.0087955
0.04	0.0088019
0.045	0.0088092
0.05	0.0088173
0.055	0.0088264
0.06	0.0088363
0.065	0.0088471
0.075	0.0088714
0.085	0.0088993
0.1	0.0089482
0.11	0.0089855
0.12	0.0090267
0.13	0.0090719
0.15	0.0091746
0.17	0.0092945
0.2	0.0095078
0.22	0.0097207
0.24	0.0099688
0.26	0.010267
0.28	0.010621
0.3	0.011036
0.35	0.014118
0.4	0.01961
0.45	0.022501
0.5	0.025081
0.55	0.03094
0.6	0.031587
0.65	0.037617
0.75	0.032859
0.85	0.03402
1.0	0.021795
1.1	0.020009
1.2	0.019018
1.3	0.018266
1.5	0.014709
1.7	0.012308
2.0	0.010263
2.2	0.0085857
2.4	0.0072402
2.6	0.0065342
2.8	0.0060841
3.0	0.0057147
3.5	0.0036991
4.0	0.0035216
4.4	0.0033246
5.0	0.0034344
5.5	0.0035334
6.0	0.0034193
6.5	0.0037402
7.5	0.0035875
8.5	0.0031544
10.0	0.0025174



DATASET #16

Name: RotD100
Num Points: 63
Info: 

X, Y Data:
0.01	0.012366
0.011	0.012366
0.012	0.012367
0.013	0.012368
0.015	0.012369
0.017	0.01237
0.02	0.012373
0.022	0.012375
0.025	0.012378
0.029	0.012384
0.032	0.012388
0.035	0.012393
0.04	0.012402
0.045	0.012412
0.05	0.012424
0.055	0.012437
0.06	0.012451
0.065	0.012466
0.075	0.0125
0.085	0.012539
0.1	0.012608
0.11	0.012661
0.12	0.012719
0.13	0.012783
0.15	0.012928
0.17	0.013097
0.2	0.013398
0.22	0.013632
0.24	0.013905
0.26	0.01418
0.28	0.014412
0.3	0.014894
0.35	0.019909
0.4	0.026796
0.45	0.024832
0.5	0.030791
0.55	0.032229
0.6	0.043459
0.65	0.048942
0.75	0.045336
0.85	0.04238
1.0	0.030785
1.1	0.027926
1.2	0.026875
1.3	0.025832
1.5	0.017639
1.7	0.017402
2.0	0.01245
2.2	0.010386
2.4	0.0081693
2.6	0.0078337
2.8	0.0074573
3.0	0.0068247
3.5	0.0047407
4.0	0.0042825
4.4	0.0040429
5.0	0.0037581
5.5	0.0045496
6.0	0.0043618
6.5	0.0052764
7.5	0.0050402
8.5	0.0044478
10.0	0.0035211


