
X-Axis: Period (s)
Y-Axis: PSA (g)
Number of Data Sets: 16


DATASET #1

Name: ASK2014 ±σ
Num Points: 22
Info: 

X, Y Data:
0.01	0.08514541	[0.045532644	0.15922071]
0.02	0.08666571	[0.04638944	0.1619107]
0.03	0.09031505	[0.04853839	0.1680486]
0.05	0.10405182	[0.055887662	0.193724]
0.075	0.13055673	[0.07000909	0.24346924]
0.1	0.15578905	[0.08301657	0.29235402]
0.15	0.19811611	[0.10409249	0.37706843]
0.2	0.22009803	[0.11380819	0.42565605]
0.25	0.21869121	[0.11144092	0.42915875]
0.3	0.20240396	[0.10227074	0.40057757]
0.4	0.1766874	[0.088519566	0.35267273]
0.5	0.15734597	[0.07815803	0.31676534]
0.75	0.11441158	[0.056102693	0.23332228]
1.0	0.08630513	[0.04177449	0.1783044]
1.5	0.057371672	[0.027529227	0.119564146]
2.0	0.041461438	[0.019721895	0.08716459]
3.0	0.025798757	[0.0123792775	0.053765323]
4.0	0.018662421	[0.009033218	0.03855613]
5.0	0.014585328	[0.007059773	0.030132951]
6.0	0.012384724	[0.005994609	0.025586553]
7.5	0.010115092	[0.004896033	0.020897545]
10.0	0.007283228	[0.003525319	0.015046981]



DATASET #2

Name: 
Num Points: 22
Info: 

X, Y Data:
0.01	0.15922071
0.02	0.1619107
0.03	0.1680486
0.05	0.193724
0.075	0.24346924
0.1	0.29235402
0.15	0.37706843
0.2	0.42565605
0.25	0.42915875
0.3	0.40057757
0.4	0.35267273
0.5	0.31676534
0.75	0.23332228
1.0	0.1783044
1.5	0.119564146
2.0	0.08716459
3.0	0.053765323
4.0	0.03855613
5.0	0.030132951
6.0	0.025586553
7.5	0.020897545
10.0	0.015046981



DATASET #3

Name: 
Num Points: 22
Info: 

X, Y Data:
0.01	0.045532644
0.02	0.04638944
0.03	0.04853839
0.05	0.055887662
0.075	0.07000909
0.1	0.08301657
0.15	0.10409249
0.2	0.11380819
0.25	0.11144092
0.3	0.10227074
0.4	0.088519566
0.5	0.07815803
0.75	0.056102693
1.0	0.04177449
1.5	0.027529227
2.0	0.019721895
3.0	0.0123792775
4.0	0.009033218
5.0	0.007059773
6.0	0.005994609
7.5	0.004896033
10.0	0.003525319



DATASET #4

Name: BSSA2014 ±σ
Num Points: 21
Info: 

X, Y Data:
0.01	0.09449104	[0.051514	0.17332293]
0.02	0.09260303	[0.050331615	0.17037643]
0.03	0.09542521	[0.050831076	0.1791418]
0.05	0.110016376	[0.055650264	0.21749407]
0.075	0.13555165	[0.06632494	0.27703378]
0.1	0.15887856	[0.07820289	0.32278088]
0.15	0.1937696	[0.09989951	0.3758443]
0.2	0.20525342	[0.11027253	0.38204408]
0.25	0.19921964	[0.10843603	0.36600807]
0.3	0.18858518	[0.102884896	0.34567145]
0.4	0.16255113	[0.087719634	0.30121955]
0.5	0.14054339	[0.07414355	0.2664081]
0.75	0.0988054	[0.050232455	0.1943466]
1.0	0.07355582	[0.0368051	0.14700295]
1.5	0.046664577	[0.02329981	0.09345925]
2.0	0.033066444	[0.016418375	0.06659549]
3.0	0.021780167	[0.010727765	0.04421943]
4.0	0.016728839	[0.008241143	0.03395816]
5.0	0.013417691	[0.0066200146	0.027195472]
7.5	0.008641421	[0.004338241	0.017213002]
10.0	0.005444942	[0.0028437409	0.010425491]



DATASET #5

Name: 
Num Points: 21
Info: 

X, Y Data:
0.01	0.17332293
0.02	0.17037643
0.03	0.1791418
0.05	0.21749407
0.075	0.27703378
0.1	0.32278088
0.15	0.3758443
0.2	0.38204408
0.25	0.36600807
0.3	0.34567145
0.4	0.30121955
0.5	0.2664081
0.75	0.1943466
1.0	0.14700295
1.5	0.09345925
2.0	0.06659549
3.0	0.04421943
4.0	0.03395816
5.0	0.027195472
7.5	0.017213002
10.0	0.010425491



DATASET #6

Name: 
Num Points: 21
Info: 

X, Y Data:
0.01	0.051514
0.02	0.050331615
0.03	0.050831076
0.05	0.055650264
0.075	0.06632494
0.1	0.07820289
0.15	0.09989951
0.2	0.11027253
0.25	0.10843603
0.3	0.102884896
0.4	0.087719634
0.5	0.07414355
0.75	0.050232455
1.0	0.0368051
1.5	0.02329981
2.0	0.016418375
3.0	0.010727765
4.0	0.008241143
5.0	0.0066200146
7.5	0.004338241
10.0	0.0028437409



DATASET #7

Name: CB2014 ±σ
Num Points: 21
Info: 

X, Y Data:
0.01	0.09384377	[0.052924234	0.16640115]
0.02	0.09483697	[0.053301897	0.16873793]
0.03	0.10356784	[0.057456985	0.18668395]
0.05	0.12562881	[0.06796453	0.23221816]
0.075	0.14908773	[0.07797839	0.28504246]
0.1	0.16608274	[0.08585979	0.32126185]
0.15	0.18330696	[0.09654773	0.34802938]
0.2	0.18685593	[0.099665344	0.35032374]
0.25	0.19394992	[0.10456903	0.35972956]
0.3	0.19571844	[0.103684366	0.36944538]
0.4	0.17691869	[0.092462994	0.3385162]
0.5	0.15389395	[0.07912781	0.29930493]
0.75	0.11154004	[0.05472764	0.22732902]
1.0	0.08379563	[0.040770926	0.17222342]
1.5	0.05695929	[0.027640464	0.117377214]
2.0	0.040632606	[0.019953689	0.08274203]
3.0	0.026004147	[0.012750032	0.053036388]
4.0	0.018250557	[0.009215371	0.036144268]
5.0	0.012787282	[0.006391847	0.025581738]
7.5	0.0060566836	[0.003007746	0.012196315]
10.0	0.0033520565	[0.0016685253	0.0067342594]



DATASET #8

Name: 
Num Points: 21
Info: 

X, Y Data:
0.01	0.16640115
0.02	0.16873793
0.03	0.18668395
0.05	0.23221816
0.075	0.28504246
0.1	0.32126185
0.15	0.34802938
0.2	0.35032374
0.25	0.35972956
0.3	0.36944538
0.4	0.3385162
0.5	0.29930493
0.75	0.22732902
1.0	0.17222342
1.5	0.117377214
2.0	0.08274203
3.0	0.053036388
4.0	0.036144268
5.0	0.025581738
7.5	0.012196315
10.0	0.0067342594



DATASET #9

Name: 
Num Points: 21
Info: 

X, Y Data:
0.01	0.052924234
0.02	0.053301897
0.03	0.057456985
0.05	0.06796453
0.075	0.07797839
0.1	0.08585979
0.15	0.09654773
0.2	0.099665344
0.25	0.10456903
0.3	0.103684366
0.4	0.092462994
0.5	0.07912781
0.75	0.05472764
1.0	0.040770926
1.5	0.027640464
2.0	0.019953689
3.0	0.012750032
4.0	0.009215371
5.0	0.006391847
7.5	0.003007746
10.0	0.0016685253



DATASET #10

Name: CY2014 ±σ
Num Points: 24
Info: 

X, Y Data:
0.01	0.085889265	[0.0490205	0.15048738]
0.02	0.08653415	[0.049273834	0.1519703]
0.03	0.09341521	[0.052538544	0.16609524]
0.04	0.10378055	[0.05791824	0.18595874]
0.05	0.11643378	[0.064655885	0.20967658]
0.075	0.14761373	[0.081296705	0.26802826]
0.1	0.16918802	[0.09243761	0.30966386]
0.12	0.18060087	[0.098053984	0.33263993]
0.15	0.1899357	[0.10227487	0.3527315]
0.17	0.1930005	[0.10342488	0.360157]
0.2	0.19435993	[0.103449106	0.36516297]
0.25	0.18842626	[0.09934029	0.35740235]
0.3	0.17794959	[0.093083516	0.34018978]
0.4	0.15407418	[0.07964456	0.29805994]
0.5	0.1338515	[0.06859452	0.2611903]
0.75	0.09528178	[0.048180092	0.18843088]
1.0	0.07073427	[0.035553176	0.14072827]
1.5	0.045073316	[0.022493843	0.09031821]
2.0	0.032534987	[0.016243953	0.065164275]
3.0	0.019991325	[0.010028442	0.03985196]
4.0	0.012964153	[0.006522595	0.02576724]
5.0	0.00868167	[0.0043814857	0.017202247]
7.5	0.0039967233	[0.0020291759	0.007872063]
10.0	0.0022371653	[0.0011406876	0.0043876246]



DATASET #11

Name: 
Num Points: 24
Info: 

X, Y Data:
0.01	0.15048738
0.02	0.1519703
0.03	0.16609524
0.04	0.18595874
0.05	0.20967658
0.075	0.26802826
0.1	0.30966386
0.12	0.33263993
0.15	0.3527315
0.17	0.360157
0.2	0.36516297
0.25	0.35740235
0.3	0.34018978
0.4	0.29805994
0.5	0.2611903
0.75	0.18843088
1.0	0.14072827
1.5	0.09031821
2.0	0.065164275
3.0	0.03985196
4.0	0.02576724
5.0	0.017202247
7.5	0.007872063
10.0	0.0043876246



DATASET #12

Name: 
Num Points: 24
Info: 

X, Y Data:
0.01	0.0490205
0.02	0.049273834
0.03	0.052538544
0.04	0.05791824
0.05	0.064655885
0.075	0.081296705
0.1	0.09243761
0.12	0.098053984
0.15	0.10227487
0.17	0.10342488
0.2	0.103449106
0.25	0.09934029
0.3	0.093083516
0.4	0.07964456
0.5	0.06859452
0.75	0.048180092
1.0	0.035553176
1.5	0.022493843
2.0	0.016243953
3.0	0.010028442
4.0	0.006522595
5.0	0.0043814857
7.5	0.0020291759
10.0	0.0011406876



DATASET #13

Name: Psa5_N
Num Points: 63
Info: 

X, Y Data:
0.01	0.072797
0.011	0.0728
0.012	0.072804
0.013	0.072809
0.015	0.072819
0.017	0.07283
0.02	0.072849
0.022	0.072864
0.025	0.072889
0.029	0.072927
0.032	0.072959
0.035	0.072994
0.04	0.07306
0.045	0.073136
0.05	0.07322
0.055	0.073314
0.06	0.073417
0.065	0.07353
0.075	0.073783
0.085	0.074077
0.1	0.074593
0.11	0.074992
0.12	0.075436
0.13	0.075928
0.15	0.077066
0.17	0.078434
0.2	0.081574
0.22	0.084327
0.24	0.087662
0.26	0.091951
0.28	0.099195
0.3	0.11041
0.35	0.1382
0.4	0.22855
0.45	0.29285
0.5	0.28333
0.55	0.286
0.6	0.20728
0.65	0.21172
0.75	0.21001
0.85	0.19343
1.0	0.14382
1.1	0.12744
1.2	0.12116
1.3	0.13973
1.5	0.10187
1.7	0.093987
2.0	0.078744
2.2	0.058586
2.4	0.055561
2.6	0.055578
2.8	0.048386
3.0	0.036714
3.5	0.023557
4.0	0.02082
4.4	0.018809
5.0	0.024645
5.5	0.027466
6.0	0.025596
6.5	0.020618
7.5	0.015817
8.5	0.013554
10.0	0.011391



DATASET #14

Name: Psa5_E
Num Points: 63
Info: 

X, Y Data:
0.01	0.083574
0.011	0.083578
0.012	0.083582
0.013	0.083586
0.015	0.083596
0.017	0.083607
0.02	0.083626
0.022	0.08364
0.025	0.083665
0.029	0.083702
0.032	0.083734
0.035	0.083769
0.04	0.083834
0.045	0.083908
0.05	0.08399
0.055	0.084082
0.06	0.084183
0.065	0.084293
0.075	0.08454
0.085	0.084825
0.1	0.085326
0.11	0.085711
0.12	0.086137
0.13	0.086607
0.15	0.087686
0.17	0.088965
0.2	0.091304
0.22	0.093147
0.24	0.095128
0.26	0.096996
0.28	0.099203
0.3	0.098015
0.35	0.11754
0.4	0.15001
0.45	0.24181
0.5	0.28284
0.55	0.28942
0.6	0.33014
0.65	0.25655
0.75	0.17833
0.85	0.23752
1.0	0.20293
1.1	0.15994
1.2	0.15453
1.3	0.14374
1.5	0.078624
1.7	0.086016
2.0	0.053556
2.2	0.054367
2.4	0.056986
2.6	0.058018
2.8	0.047461
3.0	0.035494
3.5	0.030524
4.0	0.031494
4.4	0.037133
5.0	0.033206
5.5	0.026019
6.0	0.020505
6.5	0.019188
7.5	0.016203
8.5	0.013449
10.0	0.0097077



DATASET #15

Name: RotD50
Num Points: 63
Info: 

X, Y Data:
0.01	0.078371
0.011	0.078375
0.012	0.078379
0.013	0.078383
0.015	0.078393
0.017	0.078404
0.02	0.078423
0.022	0.078437
0.025	0.078462
0.029	0.0785
0.032	0.078531
0.035	0.078566
0.04	0.078632
0.045	0.078706
0.05	0.07879
0.055	0.078882
0.06	0.078983
0.065	0.079094
0.075	0.079344
0.085	0.079632
0.1	0.080139
0.11	0.080529
0.12	0.080963
0.13	0.081442
0.15	0.082546
0.17	0.083863
0.2	0.0863
0.22	0.088245
0.24	0.090334
0.26	0.093521
0.28	0.099199
0.3	0.10489
0.35	0.13076
0.4	0.1933
0.45	0.26966
0.5	0.28308
0.55	0.28771
0.6	0.2746
0.65	0.2264
0.75	0.1907
0.85	0.21726
1.0	0.17388
1.1	0.14451
1.2	0.13878
1.3	0.14175
1.5	0.091077
1.7	0.090184
2.0	0.067625
2.2	0.056525
2.4	0.056314
2.6	0.05681
2.8	0.047876
3.0	0.036126
3.5	0.025377
4.0	0.026779
4.4	0.029172
5.0	0.029407
5.5	0.026808
6.0	0.023163
6.5	0.019941
7.5	0.016011
8.5	0.013501
10.0	0.01059



DATASET #16

Name: RotD100
Num Points: 63
Info: 

X, Y Data:
0.01	0.11083
0.011	0.11084
0.012	0.11084
0.013	0.11085
0.015	0.11086
0.017	0.11088
0.02	0.11091
0.022	0.11093
0.025	0.11096
0.029	0.11101
0.032	0.11106
0.035	0.11111
0.04	0.1112
0.045	0.11131
0.05	0.11142
0.055	0.11155
0.06	0.1117
0.065	0.11185
0.075	0.11221
0.085	0.11262
0.1	0.11333
0.11	0.11388
0.12	0.1145
0.13	0.11517
0.15	0.11673
0.17	0.1186
0.2	0.12204
0.22	0.12479
0.24	0.12773
0.26	0.13045
0.28	0.13371
0.3	0.12997
0.35	0.16493
0.4	0.27322
0.45	0.37367
0.5	0.39874
0.55	0.40688
0.6	0.3699
0.65	0.27466
0.75	0.25699
0.85	0.30627
1.0	0.24556
1.1	0.20134
1.2	0.19438
1.3	0.19952
1.5	0.11925
1.7	0.12086
2.0	0.091721
2.2	0.078699
2.4	0.073472
2.6	0.080238
2.8	0.064563
3.0	0.050381
3.5	0.031901
4.0	0.037417
4.4	0.040923
5.0	0.039771
5.5	0.037594
6.0	0.032542
6.5	0.027958
7.5	0.022626
8.5	0.01896
10.0	0.014914


