
X-Axis: Normalized Interevent Time
Y-Axis: Probability
Number of Data Sets: 3


DATASET #1

     Name: Bruce 4660 Histogram
   Points: 41
     Info: 

Data[x,y]:
0.05	  0.016349487
0.15	  0.018376824
0.25	  0.024262639
0.35	  0.028055718
0.45	  0.03923877
0.55	  0.046890326
0.65	  0.050814204
0.75	  0.06147407
0.85	  0.09966647
0.95	  0.15355438
1.05	  0.14197895
1.15	  0.09011837
1.25	  0.07363809
1.35	  0.042443268
1.45	  0.02838271
1.55	  0.017330457
1.65	  0.012621804
1.75	  0.010790661
1.85	  0.0065397946
1.95	  0.004970244
2.05	  0.0041854684
2.15	  0.0032698973
2.25	  0.0026813159
2.35	  0.0027467138
2.45	  0.0019619383
2.55	  0.002485122
2.65	  0.0019619383
2.75	  0.0017657445
2.85	  0.0014387548
2.95	  0.0018965404
3.05	  0.0010463671
3.15	  8.501733E-4
3.25	  8.501733E-4
3.35	  5.2318355E-4
3.45	  6.539795E-4
3.55	  3.9238768E-4
3.65	  6.539795E-4
3.75	  3.9238768E-4
3.85	  3.2698974E-4
3.95	  1.9619384E-4
4.05	  0.00222353



DATASET #2

     Name: Log-Normal Fit
   Points: 401
     Info: 

Data[x,y]:
0.005	  0.0
0.015	  1.0627974E-13
0.025	  3.694039E-11
0.035	  1.5843711E-9
0.045	  2.2936995E-8
0.055	  1.7253285E-7
0.065	  8.439594E-7
0.075	  3.057614E-6
0.085	  8.898196E-6
0.095	  2.1944383E-5
0.105	  4.7584395E-5
0.115	  9.3146235E-5
0.125	  1.6781907E-4
0.135	  2.823839E-4
0.145	  4.4879797E-4
0.155	  6.796891E-4
0.165	  9.878159E-4
0.175	  0.001385541
0.185	  0.0018843544
0.195	  0.0024944707
0.205	  0.003224513
0.215	  0.004081289
0.225	  0.005069654
0.235	  0.0061924565
0.245	  0.0074505527
0.255	  0.00884288
0.265	  0.010366574
0.275	  0.012017128
0.285	  0.013788566
0.295	  0.015673637
0.305	  0.017664013
0.315	  0.019750493
0.325	  0.021923183
0.335	  0.024171693
0.345	  0.026485303
0.355	  0.02885312
0.365	  0.031264223
0.375	  0.03370778
0.385	  0.036173165
0.395	  0.03865006
0.405	  0.0411285
0.415	  0.04359899
0.425	  0.046052516
0.435	  0.048480585
0.445	  0.050875284
0.455	  0.053229276
0.465	  0.055535804
0.475	  0.057788722
0.485	  0.059982464
0.495	  0.062112045
0.505	  0.06417306
0.515	  0.06616163
0.525	  0.06807445
0.535	  0.06990868
0.545	  0.07166198
0.555	  0.07333248
0.565	  0.074918725
0.575	  0.07641967
0.585	  0.077834636
0.595	  0.07916332
0.605	  0.08040571
0.615	  0.081562124
0.625	  0.082633115
0.635	  0.083619505
0.645	  0.08452234
0.655	  0.08534285
0.665	  0.08608245
0.675	  0.08674273
0.685	  0.087325394
0.695	  0.08783228
0.705	  0.08826533
0.715	  0.08862657
0.725	  0.0889181
0.735	  0.08914208
0.745	  0.089300714
0.755	  0.08939624
0.765	  0.089430936
0.775	  0.08940707
0.785	  0.08932694
0.795	  0.08919282
0.805	  0.08900699
0.815	  0.0887717
0.825	  0.0884892
0.835	  0.08816168
0.845	  0.08779132
0.855	  0.087380275
0.865	  0.08693063
0.875	  0.086444445
0.885	  0.08592374
0.895	  0.08537046
0.905	  0.084786534
0.915	  0.08417382
0.925	  0.08353413
0.935	  0.08286922
0.945	  0.08218078
0.955	  0.08147049
0.965	  0.080739915
0.975	  0.0799906
0.985	  0.07922404
0.995	  0.078441665
1.005	  0.07764484
1.015	  0.0768349
1.025	  0.076013125
1.035	  0.07518072
1.045	  0.07433886
1.055	  0.073488675
1.065	  0.07263123
1.075	  0.07176755
1.085	  0.07089862
1.095	  0.07002537
1.105	  0.06914869
1.115	  0.068269424
1.125	  0.06738838
1.135	  0.066506326
1.145	  0.06562399
1.155	  0.06474205
1.165	  0.06386118
1.175	  0.06298197
1.185	  0.062105015
1.195	  0.061230864
1.205	  0.060360037
1.215	  0.059493016
1.225	  0.058630265
1.235	  0.057772208
1.245	  0.056919247
1.255	  0.056071762
1.265	  0.0552301
1.275	  0.054394588
1.285	  0.053565532
1.295	  0.05274321
1.305	  0.051927887
1.315	  0.0511198
1.325	  0.050319172
1.335	  0.0495262
1.345	  0.048741076
1.355	  0.047963962
1.365	  0.047195014
1.375	  0.046434365
1.385	  0.04568214
1.395	  0.044938445
1.405	  0.04420338
1.415	  0.043477017
1.425	  0.042759437
1.435	  0.042050693
1.445	  0.041350838
1.455	  0.04065991
1.465	  0.039977934
1.475	  0.03930494
1.485	  0.038640924
1.495	  0.037985902
1.505	  0.037339866
1.515	  0.036702804
1.525	  0.036074698
1.535	  0.035455525
1.545	  0.034845255
1.555	  0.03424385
1.565	  0.03365127
1.575	  0.033067472
1.585	  0.032492403
1.595	  0.031926006
1.605	  0.031368226
1.615	  0.030819
1.625	  0.030278264
1.635	  0.029745944
1.645	  0.029221974
1.655	  0.028706277
1.665	  0.028198775
1.675	  0.027699392
1.685	  0.027208045
1.695	  0.026724651
1.705	  0.026249127
1.715	  0.025781387
1.725	  0.025321344
1.735	  0.024868906
1.745	  0.024423987
1.755	  0.023986496
1.765	  0.023556342
1.775	  0.02313343
1.785	  0.022717673
1.795	  0.022308977
1.805	  0.021907246
1.815	  0.021512387
1.825	  0.02112431
1.835	  0.020742921
1.845	  0.020368123
1.855	  0.019999828
1.865	  0.019637939
1.875	  0.019282365
1.885	  0.018933015
1.895	  0.018589793
1.905	  0.018252611
1.915	  0.017921379
1.925	  0.017596
1.935	  0.017276393
1.945	  0.016962463
1.955	  0.016654123
1.965	  0.016351284
1.975	  0.016053861
1.985	  0.015761767
1.995	  0.015474915
2.005	  0.015193221
2.015	  0.014916602
2.025	  0.014644974
2.035	  0.014378255
2.045	  0.014116364
2.055	  0.013859221
2.065	  0.013606745
2.075	  0.013358859
2.085	  0.013115486
2.095	  0.012876548
2.105	  0.01264197
2.115	  0.012411677
2.125	  0.012185596
2.135	  0.011963653
2.145	  0.011745779
2.155	  0.011531901
2.165	  0.011321949
2.175	  0.011115855
2.185	  0.010913551
2.195	  0.0107149705
2.205	  0.010520048
2.215	  0.010328718
2.225	  0.010140917
2.235	  0.0099565815
2.245	  0.009775651
2.255	  0.009598061
2.265	  0.009423756
2.275	  0.009252674
2.285	  0.009084758
2.295	  0.00891995
2.305	  0.008758194
2.315	  0.008599433
2.325	  0.008443615
2.335	  0.008290686
2.345	  0.008140591
2.355	  0.00799328
2.365	  0.007848701
2.375	  0.007706806
2.385	  0.0075675426
2.395	  0.007430864
2.405	  0.0072967224
2.415	  0.0071650706
2.425	  0.0070358627
2.435	  0.0069090533
2.445	  0.0067845983
2.455	  0.0066624535
2.465	  0.0065425765
2.475	  0.006424925
2.485	  0.0063094567
2.495	  0.006196132
2.505	  0.00608491
2.515	  0.0059757526
2.525	  0.0058686202
2.535	  0.0057634753
2.545	  0.0056602806
2.555	  0.0055589993
2.565	  0.0054595964
2.575	  0.0053620357
2.585	  0.0052662827
2.595	  0.0051723043
2.605	  0.0050800666
2.615	  0.0049895365
2.625	  0.0049006823
2.635	  0.0048134727
2.645	  0.0047278763
2.655	  0.004643863
2.665	  0.0045614024
2.675	  0.0044804662
2.685	  0.004401025
2.695	  0.0043230504
2.705	  0.0042465157
2.715	  0.0041713924
2.725	  0.004097655
2.735	  0.0040252768
2.745	  0.003954232
2.755	  0.0038844964
2.765	  0.003816044
2.775	  0.0037488514
2.785	  0.0036828942
2.795	  0.0036181498
2.805	  0.0035545945
2.815	  0.0034922066
2.825	  0.0034309635
2.835	  0.0033708438
2.845	  0.0033118264
2.855	  0.0032538902
2.865	  0.0031970148
2.875	  0.0031411806
2.885	  0.0030863676
2.895	  0.0030325565
2.905	  0.0029797284
2.915	  0.002927865
2.925	  0.0028769479
2.935	  0.0028269591
2.945	  0.0027778815
2.955	  0.0027296976
2.965	  0.0026823906
2.975	  0.0026359442
2.985	  0.002590342
2.995	  0.002545568
3.005	  0.002501607
3.015	  0.0024584432
3.025	  0.0024160617
3.035	  0.0023744483
3.045	  0.002333588
3.055	  0.0022934668
3.065	  0.002254071
3.075	  0.0022153868
3.085	  0.0021774007
3.095	  0.0021401
3.105	  0.0021034717
3.115	  0.0020675028
3.125	  0.0020321815
3.135	  0.0019974953
3.145	  0.0019634324
3.155	  0.0019299814
3.165	  0.0018971305
3.175	  0.0018648687
3.185	  0.0018331847
3.195	  0.0018020682
3.205	  0.0017715081
3.215	  0.0017414944
3.225	  0.0017120166
3.235	  0.0016830651
3.245	  0.0016546297
3.255	  0.001626701
3.265	  0.0015992696
3.275	  0.0015723261
3.285	  0.0015458615
3.295	  0.001519867
3.305	  0.0014943338
3.315	  0.0014692533
3.325	  0.0014446172
3.335	  0.0014204172
3.345	  0.0013966452
3.355	  0.0013732935
3.365	  0.0013503539
3.375	  0.0013278192
3.385	  0.0013056817
3.395	  0.0012839341
3.405	  0.0012625693
3.415	  0.0012415802
3.425	  0.0012209598
3.435	  0.0012007013
3.445	  0.0011807983
3.455	  0.001161244
3.465	  0.0011420321
3.475	  0.0011231562
3.485	  0.0011046103
3.495	  0.0010863882
3.505	  0.0010684842
3.515	  0.0010508922
3.525	  0.0010336066
3.535	  0.0010166218
3.545	  9.999324E-4
3.555	  9.835329E-4
3.565	  9.674181E-4
3.575	  9.515826E-4
3.585	  9.360216E-4
3.595	  9.2072994E-4
3.605	  9.057027E-4
3.615	  8.909352E-4
3.625	  8.764226E-4
3.635	  8.6216035E-4
3.645	  8.481439E-4
3.655	  8.3436875E-4
3.665	  8.208306E-4
3.675	  8.075251E-4
3.685	  7.944481E-4
3.695	  7.815954E-4
3.705	  7.689631E-4
3.715	  7.5654703E-4
3.725	  7.4434344E-4
3.735	  7.323484E-4
3.745	  7.205583E-4
3.755	  7.089693E-4
3.765	  6.975779E-4
3.775	  6.863805E-4
3.785	  6.7537365E-4
3.795	  6.645539E-4
3.805	  6.539179E-4
3.815	  6.4346247E-4
3.825	  6.331842E-4
3.835	  6.2308006E-4
3.845	  6.131469E-4
3.855	  6.033817E-4
3.865	  5.937815E-4
3.875	  5.843432E-4
3.885	  5.750641E-4
3.895	  5.659413E-4
3.905	  5.56972E-4
3.915	  5.4815353E-4
3.925	  5.3948315E-4
3.935	  5.3095835E-4
3.945	  5.225764E-4
3.955	  5.143349E-4
3.965	  5.062313E-4
3.975	  4.982632E-4
3.985	  4.9042824E-4
3.995	  4.8272402E-4
4.005	  4.7514823E-4



DATASET #3

     Name: BPT Fit
   Points: 401
     Info: Mean = 100.0, Aperiodicity = 0.5, Duration = 30.0, Delta T = 1.0, Num Points = 500, Historic Open Interval = 0.0
Computed mean = 0.99249655

Data[x,y]:
0.0	  0.0
0.01	  0.0
0.02	  5.703529E-39
0.03	  1.8197372E-25
0.04	  8.962369E-19
0.05	  8.542954E-15
0.06	  3.628696E-12
0.07	  2.6243652E-10
0.08	  6.305468E-9
0.09	  7.288884E-8
0.1	  5.059309E-7
0.11	  2.4270712E-6
0.12	  8.8356865E-6
0.13	  2.6037522E-5
0.14	  6.503255E-5
0.15	  1.4237664E-4
0.16	  2.8018645E-4
0.17	  5.0522696E-4
0.18	  8.472632E-4
0.19	  0.0013369948
0.2	  0.002003914
0.21	  0.0028743707
0.22	  0.0039700316
0.23	  0.005306825
0.24	  0.0068943794
0.25	  0.00873591
0.26	  0.010828468
0.27	  0.013163475
0.28	  0.015727432
0.29	  0.018502746
0.3	  0.021468572
0.31	  0.024601677
0.32	  0.027877226
0.33	  0.0312695
0.34	  0.03475252
0.35	  0.038300615
0.36	  0.041888833
0.37	  0.04549332
0.38	  0.049091566
0.39	  0.052662637
0.4	  0.056187283
0.41	  0.059648022
0.42	  0.06302918
0.43	  0.06631687
0.44	  0.069498986
0.45	  0.07256509
0.46	  0.0755064
0.47	  0.07831564
0.48	  0.08098698
0.49	  0.083515905
0.5	  0.08589914
0.51	  0.08813452
0.52	  0.09022087
0.53	  0.092157945
0.54	  0.09394631
0.55	  0.095587224
0.56	  0.09708261
0.57	  0.098434895
0.58	  0.09964703
0.59	  0.10072233
0.6	  0.10166446
0.61	  0.10247737
0.62	  0.10316523
0.63	  0.1037324
0.64	  0.10418335
0.65	  0.10452267
0.66	  0.104755
0.67	  0.10488502
0.68	  0.10491739
0.69	  0.10485679
0.7	  0.10470782
0.71	  0.10447505
0.72	  0.104162954
0.73	  0.10377594
0.74	  0.10331831
0.75	  0.10279426
0.76	  0.10220786
0.77	  0.10156308
0.78	  0.10086376
0.79	  0.1001136
0.8	  0.099316195
0.81	  0.09847499
0.82	  0.097593285
0.83	  0.096674286
0.84	  0.09572104
0.85	  0.09473648
0.86	  0.09372339
0.87	  0.092684455
0.88	  0.09162221
0.89	  0.090539105
0.9	  0.089437425
0.91	  0.08831939
0.92	  0.08718707
0.93	  0.08604244
0.94	  0.084887385
0.95	  0.08372367
0.96	  0.08255298
0.97	  0.08137687
0.98	  0.08019686
0.99	  0.07901433
1.0	  0.07783062
1.01	  0.076646954
1.02	  0.0754645
1.03	  0.07428435
1.04	  0.073107526
1.05	  0.07193497
1.06	  0.07076758
1.07	  0.06960617
1.08	  0.068451524
1.09	  0.06730434
1.1	  0.0661653
1.11	  0.06503498
1.12	  0.06391397
1.13	  0.06280277
1.14	  0.06170186
1.15	  0.06061167
1.16	  0.05953259
1.17	  0.05846498
1.18	  0.057409164
1.19	  0.056365423
1.2	  0.055334024
1.21	  0.054315187
1.22	  0.053309113
1.23	  0.052315984
1.24	  0.051335942
1.25	  0.050369114
1.26	  0.04941561
1.27	  0.04847551
1.28	  0.04754888
1.29	  0.04663577
1.3	  0.0457362
1.31	  0.044850197
1.32	  0.043977756
1.33	  0.043118857
1.34	  0.04227348
1.35	  0.041441582
1.36	  0.040623114
1.37	  0.03981801
1.38	  0.03902621
1.39	  0.03824762
1.4	  0.037482165
1.41	  0.03672974
1.42	  0.035990253
1.43	  0.035263587
1.44	  0.03454963
1.45	  0.033848263
1.46	  0.033159357
1.47	  0.032482784
1.48	  0.031818412
1.49	  0.031166103
1.5	  0.030525718
1.51	  0.02989711
1.52	  0.029280137
1.53	  0.02867465
1.54	  0.028080497
1.55	  0.02749753
1.56	  0.026925594
1.57	  0.026364533
1.58	  0.025814198
1.59	  0.02527443
1.6	  0.024745071
1.61	  0.024225969
1.62	  0.023716964
1.63	  0.023217903
1.64	  0.02272863
1.65	  0.022248987
1.66	  0.02177882
1.67	  0.021317976
1.68	  0.020866299
1.69	  0.020423638
1.7	  0.01998984
1.71	  0.019564759
1.72	  0.019148238
1.73	  0.018740134
1.74	  0.0183403
1.75	  0.017948588
1.76	  0.017564856
1.77	  0.017188959
1.78	  0.016820757
1.79	  0.01646011
1.8	  0.016106881
1.81	  0.015760934
1.82	  0.015422132
1.83	  0.0150903445
1.84	  0.014765439
1.85	  0.014447286
1.86	  0.014135758
1.87	  0.013830729
1.88	  0.013532075
1.89	  0.013239673
1.9	  0.012953403
1.91	  0.012673146
1.92	  0.012398785
1.93	  0.0121302055
1.94	  0.011867293
1.95	  0.011609936
1.96	  0.0113580255
1.97	  0.011111452
1.98	  0.010870112
1.99	  0.010633898
2.0	  0.010402709
2.01	  0.0101764435
2.02	  0.009955003
2.03	  0.009738289
2.04	  0.009526205
2.05	  0.009318659
2.06	  0.009115557
2.07	  0.008916809
2.08	  0.008722325
2.09	  0.0085320175
2.1	  0.008345801
2.11	  0.008163591
2.12	  0.007985305
2.13	  0.007810861
2.14	  0.007640179
2.15	  0.0074731815
2.16	  0.0073097916
2.17	  0.0071499334
2.18	  0.0069935336
2.19	  0.0068405196
2.2	  0.00669082
2.21	  0.0065443655
2.22	  0.0064010876
2.23	  0.0062609194
2.24	  0.0061237947
2.25	  0.00598965
2.26	  0.005858421
2.27	  0.0057300464
2.28	  0.005604466
2.29	  0.00548162
2.3	  0.00536145
2.31	  0.005243899
2.32	  0.0051289108
2.33	  0.005016431
2.34	  0.0049064066
2.35	  0.0047987835
2.36	  0.0046935114
2.37	  0.0045905393
2.38	  0.0044898177
2.39	  0.004391298
2.4	  0.0042949338
2.41	  0.0042006774
2.42	  0.0041084844
2.43	  0.0040183095
2.44	  0.0039301096
2.45	  0.0038438414
2.46	  0.0037594638
2.47	  0.0036769353
2.48	  0.0035962162
2.49	  0.003517267
2.5	  0.0034400495
2.51	  0.003364526
2.52	  0.0032906595
2.53	  0.0032184145
2.54	  0.0031477553
2.55	  0.0030786472
2.56	  0.003011057
2.57	  0.0029449512
2.58	  0.0028802974
2.59	  0.002817064
2.6	  0.0027552203
2.61	  0.0026947358
2.62	  0.0026355805
2.63	  0.0025777256
2.64	  0.0025211424
2.65	  0.0024658036
2.66	  0.0024116815
2.67	  0.0023587497
2.68	  0.002306982
2.69	  0.002256353
2.7	  0.0022068378
2.71	  0.0021584118
2.72	  0.002111051
2.73	  0.0020647324
2.74	  0.0020194328
2.75	  0.00197513
2.76	  0.0019318023
2.77	  0.0018894279
2.78	  0.001847986
2.79	  0.0018074563
2.8	  0.0017678184
2.81	  0.0017290529
2.82	  0.0016911405
2.83	  0.0016540627
2.84	  0.0016178008
2.85	  0.001582337
2.86	  0.0015476538
2.87	  0.0015137339
2.88	  0.0014805605
2.89	  0.0014481173
2.9	  0.0014163881
2.91	  0.0013853572
2.92	  0.0013550093
2.93	  0.0013253291
2.94	  0.0012963021
2.95	  0.0012679138
2.96	  0.0012401503
2.97	  0.0012129976
2.98	  0.0011864424
2.99	  0.0011604715
3.0	  0.0011350719
3.01	  0.001110231
3.02	  0.0010859367
3.03	  0.0010621768
3.04	  0.0010389395
3.05	  0.0010162132
3.06	  9.939867E-4
3.07	  9.7224914E-4
3.08	  9.509895E-4
3.09	  9.3019736E-4
3.1	  9.0986234E-4
3.11	  8.8997436E-4
3.12	  8.705236E-4
3.13	  8.5150043E-4
3.14	  8.3289534E-4
3.15	  8.1469916E-4
3.16	  7.9690287E-4
3.17	  7.794976E-4
3.18	  7.624747E-4
3.19	  7.458259E-4
3.2	  7.2954275E-4
3.21	  7.136173E-4
3.22	  6.980416E-4
3.23	  6.8280793E-4
3.24	  6.679088E-4
3.25	  6.533368E-4
3.26	  6.390847E-4
3.27	  6.251455E-4
3.28	  6.115122E-4
3.29	  5.981781E-4
3.3	  5.8513664E-4
3.31	  5.723813E-4
3.32	  5.5990583E-4
3.33	  5.4770405E-4
3.34	  5.3576985E-4
3.35	  5.240974E-4
3.36	  5.126809E-4
3.37	  5.0151476E-4
3.38	  4.905934E-4
3.39	  4.7991142E-4
3.4	  4.6946356E-4
3.41	  4.5924468E-4
3.42	  4.4924972E-4
3.43	  4.3947375E-4
3.44	  4.2991195E-4
3.45	  4.2055955E-4
3.46	  4.11412E-4
3.47	  4.0246476E-4
3.48	  3.9371342E-4
3.49	  3.8515366E-4
3.5	  3.7678124E-4
3.51	  3.685921E-4
3.52	  3.6058214E-4
3.53	  3.5274745E-4
3.54	  3.4508415E-4
3.55	  3.3758848E-4
3.56	  3.3025673E-4
3.57	  3.2308535E-4
3.58	  3.1607074E-4
3.59	  3.0920948E-4
3.6	  3.024982E-4
3.61	  2.959336E-4
3.62	  2.8951245E-4
3.63	  2.8323158E-4
3.64	  2.7708794E-4
3.65	  2.710785E-4
3.66	  2.6520027E-4
3.67	  2.594504E-4
3.68	  2.538261E-4
3.69	  2.4832456E-4
3.7	  2.4294309E-4
3.71	  2.3767907E-4
3.72	  2.325299E-4
3.73	  2.2749307E-4
3.74	  2.2256612E-4
3.75	  2.1774661E-4
3.76	  2.1303221E-4
3.77	  2.0842059E-4
3.78	  2.0390951E-4
3.79	  1.9949676E-4
3.8	  1.9518018E-4
3.81	  1.9095765E-4
3.82	  1.8682712E-4
3.83	  1.8278656E-4
3.84	  1.7883402E-4
3.85	  1.7496753E-4
3.86	  1.7118524E-4
3.87	  1.6748528E-4
3.88	  1.6386587E-4
3.89	  1.6032522E-4
3.9	  1.5686161E-4
3.91	  1.5347336E-4
3.92	  1.5015883E-4
3.93	  1.4691637E-4
3.94	  1.4374442E-4
3.95	  1.4064144E-4
3.96	  1.3760591E-4
3.97	  1.3463637E-4
3.98	  1.3173136E-4
3.99	  1.2888947E-4
4.0	  1.2610933E-4


