
X-Axis: Normalized Interevent Time
Y-Axis: Probability
Number of Data Sets: 3


DATASET #1

     Name: UseIT 600k Mod Params Histogram
   Points: 41
     Info: 

Data[x,y]:
0.05	  0.004740842
0.15	  0.007389807
0.25	  0.01217987
0.35	  0.01824967
0.45	  0.026724568
0.55	  0.04155564
0.65	  0.05973148
0.75	  0.07976428
0.85	  0.1271548
0.95	  0.18023254
1.05	  0.1765231
1.15	  0.10721597
1.25	  0.04484895
1.35	  0.021936743
1.45	  0.015685722
1.55	  0.013260487
1.65	  0.011246915
1.75	  0.009304938
1.85	  0.007087772
1.95	  0.005667085
2.05	  0.004526061
2.15	  0.003841447
2.25	  0.0030136453
2.35	  0.0026243548
2.45	  0.0021701825
2.55	  0.0019464524
2.65	  0.0015325516
2.75	  0.0014229239
2.85	  0.0012372278
2.95	  9.575651E-4
3.05	  8.1214047E-4
3.15	  7.4949604E-4
3.25	  6.2644447E-4
3.35	  6.0630875E-4
3.45	  4.2061272E-4
3.55	  3.9600238E-4
3.65	  2.5952698E-4
3.75	  2.4162857E-4
3.85	  2.5952698E-4
3.95	  2.5057778E-4
4.05	  0.0016041453



DATASET #2

     Name: Log-Normal Fit
   Points: 401
     Info: 

Data[x,y]:
0.005	  0.0
0.015	  7.7872685E-19
0.025	  2.6740462E-15
0.035	  5.076255E-13
0.045	  2.1702215E-11
0.055	  3.771487E-10
0.065	  3.6121752E-9
0.075	  2.27601E-8
0.085	  1.0545678E-7
0.095	  3.868994E-7
0.105	  1.1831221E-6
0.115	  3.1287366E-6
0.125	  7.352533E-6
0.135	  1.5673979E-5
0.145	  3.0796877E-5
0.155	  5.647465E-5
0.165	  9.76248E-5
0.175	  1.603763E-4
0.185	  2.52042E-4
0.195	  3.810159E-4
0.205	  5.566025E-4
0.215	  7.8879023E-4
0.225	  0.0010879845
0.235	  0.0014647174
0.245	  0.0019293494
0.255	  0.0024917794
0.265	  0.003161175
0.275	  0.003945732
0.285	  0.0048524737
0.295	  0.005887086
0.305	  0.0070538046
0.315	  0.008355336
0.325	  0.009792826
0.335	  0.011365865
0.345	  0.013072525
0.355	  0.014909427
0.365	  0.016871834
0.375	  0.018953765
0.385	  0.021148114
0.395	  0.023446789
0.405	  0.025840858
0.415	  0.02832069
0.425	  0.030876096
0.435	  0.033496473
0.445	  0.036170926
0.455	  0.03888842
0.465	  0.041637875
0.475	  0.044408277
0.485	  0.04718878
0.495	  0.049968805
0.505	  0.05273809
0.515	  0.055486772
0.525	  0.058205456
0.535	  0.060885224
0.545	  0.06351771
0.555	  0.066095114
0.565	  0.06861019
0.575	  0.07105632
0.585	  0.07342747
0.595	  0.07571822
0.605	  0.07792372
0.615	  0.08003974
0.625	  0.0820626
0.635	  0.08398919
0.645	  0.08581691
0.655	  0.0875437
0.665	  0.08916799
0.675	  0.09068864
0.685	  0.09210499
0.695	  0.09341675
0.705	  0.09462404
0.715	  0.09572735
0.725	  0.096727446
0.735	  0.09762544
0.745	  0.098422706
0.755	  0.09912086
0.765	  0.09972176
0.775	  0.100227445
0.785	  0.10064013
0.795	  0.10096222
0.805	  0.10119621
0.815	  0.10134474
0.825	  0.10141053
0.835	  0.101396404
0.845	  0.10130522
0.855	  0.10113989
0.865	  0.100903384
0.875	  0.10059866
0.885	  0.10022871
0.895	  0.09979651
0.905	  0.09930503
0.915	  0.09875722
0.925	  0.098156
0.935	  0.097504236
0.945	  0.09680478
0.955	  0.096060425
0.965	  0.09527389
0.975	  0.094447866
0.985	  0.093584955
0.995	  0.09268771
1.005	  0.09175861
1.015	  0.090800054
1.025	  0.08981439
1.035	  0.088803865
1.045	  0.08777067
1.055	  0.08671692
1.065	  0.08564463
1.075	  0.08455578
1.085	  0.08345223
1.095	  0.08233579
1.105	  0.08120819
1.115	  0.080071084
1.125	  0.07892606
1.135	  0.077774614
1.145	  0.076618195
1.155	  0.07545816
1.165	  0.074295826
1.175	  0.07313242
1.185	  0.07196911
1.195	  0.070807
1.205	  0.06964715
1.215	  0.068490535
1.225	  0.067338094
1.235	  0.06619069
1.245	  0.06504915
1.255	  0.06391424
1.265	  0.062786676
1.275	  0.061667133
1.285	  0.060556233
1.295	  0.05945455
1.305	  0.05836262
1.315	  0.057280943
1.325	  0.05620997
1.335	  0.055150118
1.345	  0.054101773
1.355	  0.053065278
1.365	  0.052040946
1.375	  0.051029064
1.385	  0.050029885
1.395	  0.04904363
1.405	  0.048070494
1.415	  0.04711066
1.425	  0.046164263
1.435	  0.04523143
1.445	  0.044312272
1.455	  0.043406863
1.465	  0.04251527
1.475	  0.041637536
1.485	  0.040773682
1.495	  0.039923728
1.505	  0.039087664
1.515	  0.038265474
1.525	  0.03745712
1.535	  0.036662564
1.545	  0.03588174
1.555	  0.03511459
1.565	  0.034361027
1.575	  0.033620972
1.585	  0.03289432
1.595	  0.032180972
1.605	  0.031480815
1.615	  0.030793728
1.625	  0.030119589
1.635	  0.029458262
1.645	  0.028809614
1.655	  0.028173503
1.665	  0.02754978
1.675	  0.026938302
1.685	  0.026338913
1.695	  0.025751453
1.705	  0.025175769
1.715	  0.024611695
1.725	  0.02405907
1.735	  0.02351773
1.745	  0.022987505
1.755	  0.022468232
1.765	  0.021959739
1.775	  0.021461857
1.785	  0.020974418
1.795	  0.020497251
1.805	  0.02003019
1.815	  0.019573059
1.825	  0.019125693
1.835	  0.018687923
1.845	  0.018259581
1.855	  0.017840499
1.865	  0.01743051
1.875	  0.017029453
1.885	  0.01663716
1.895	  0.01625347
1.905	  0.01587822
1.915	  0.015511253
1.925	  0.01515241
1.935	  0.014801534
1.945	  0.014458471
1.955	  0.014123067
1.965	  0.013795173
1.975	  0.013474637
1.985	  0.013161312
1.995	  0.012855054
2.005	  0.012555718
2.015	  0.012263164
2.025	  0.011977252
2.035	  0.011697844
2.045	  0.011424805
2.055	  0.011158002
2.065	  0.010897304
2.075	  0.010642582
2.085	  0.010393708
2.095	  0.010150559
2.105	  0.009913011
2.115	  0.0096809445
2.125	  0.009454239
2.135	  0.00923278
2.145	  0.009016452
2.155	  0.008805145
2.165	  0.008598745
2.175	  0.008397146
2.185	  0.008200242
2.195	  0.008007928
2.205	  0.007820102
2.215	  0.007636665
2.225	  0.0074575176
2.235	  0.007282563
2.245	  0.0071117077
2.255	  0.0069448585
2.265	  0.006781925
2.275	  0.0066228183
2.285	  0.0064674513
2.295	  0.006315739
2.305	  0.006167597
2.315	  0.006022945
2.325	  0.005881701
2.335	  0.0057437886
2.345	  0.005609129
2.355	  0.0054776487
2.365	  0.005349274
2.375	  0.0052239317
2.385	  0.0051015527
2.395	  0.0049820673
2.405	  0.004865409
2.415	  0.004751511
2.425	  0.004640309
2.435	  0.00453174
2.445	  0.004425743
2.455	  0.004322257
2.465	  0.0042212233
2.475	  0.004122584
2.485	  0.004026283
2.495	  0.003932265
2.505	  0.0038404765
2.515	  0.0037508646
2.525	  0.003663378
2.535	  0.0035779665
2.545	  0.0034945807
2.555	  0.003413173
2.565	  0.0033336962
2.575	  0.0032561044
2.585	  0.003180353
2.595	  0.0031063983
2.605	  0.0030341975
2.615	  0.002963709
2.625	  0.002894892
2.635	  0.0028277065
2.645	  0.0027621137
2.655	  0.0026980757
2.665	  0.0026355553
2.675	  0.0025745162
2.685	  0.0025149235
2.695	  0.0024567419
2.705	  0.0023999384
2.715	  0.0023444796
2.725	  0.0022903334
2.735	  0.0022374685
2.745	  0.0021858544
2.755	  0.0021354607
2.765	  0.0020862585
2.775	  0.0020382195
2.785	  0.0019913153
2.795	  0.0019455191
2.805	  0.0019008042
2.815	  0.0018571449
2.825	  0.0018145157
2.835	  0.0017728918
2.845	  0.0017322495
2.855	  0.0016925649
2.865	  0.0016538153
2.875	  0.0016159782
2.885	  0.0015790317
2.895	  0.0015429545
2.905	  0.0015077258
2.915	  0.0014733252
2.925	  0.0014397328
2.935	  0.0014069295
2.945	  0.0013748962
2.955	  0.0013436144
2.965	  0.0013130662
2.975	  0.0012832341
2.985	  0.0012541008
2.995	  0.0012256496
3.005	  0.0011978643
3.015	  0.0011707289
3.025	  0.0011442279
3.035	  0.0011183461
3.045	  0.0010930686
3.055	  0.001068381
3.065	  0.0010442693
3.075	  0.0010207198
3.085	  9.977188E-4
3.095	  9.7525335E-4
3.105	  9.5331075E-4
3.115	  9.3187846E-4
3.125	  9.1094425E-4
3.135	  8.9049636E-4
3.145	  8.705231E-4
3.155	  8.5101323E-4
3.165	  8.3195564E-4
3.175	  8.1333966E-4
3.185	  7.951547E-4
3.195	  7.7739055E-4
3.205	  7.6003716E-4
3.215	  7.430848E-4
3.225	  7.26524E-4
3.235	  7.103454E-4
3.245	  6.9453986E-4
3.255	  6.7909865E-4
3.265	  6.640131E-4
3.275	  6.4927473E-4
3.285	  6.348754E-4
3.295	  6.20807E-4
3.305	  6.070617E-4
3.315	  5.9363194E-4
3.325	  5.805102E-4
3.335	  5.6768913E-4
3.345	  5.551618E-4
3.355	  5.4292113E-4
3.365	  5.3096045E-4
3.375	  5.192731E-4
3.385	  5.0785264E-4
3.395	  4.9669284E-4
3.405	  4.857875E-4
3.415	  4.7513066E-4
3.425	  4.6471646E-4
3.435	  4.5453923E-4
3.445	  4.445934E-4
3.455	  4.348735E-4
3.465	  4.253743E-4
3.475	  4.1609057E-4
3.485	  4.0701727E-4
3.495	  3.9814948E-4
3.505	  3.894824E-4
3.515	  3.8101128E-4
3.525	  3.7273165E-4
3.535	  3.6463895E-4
3.545	  3.5672882E-4
3.555	  3.4899707E-4
3.565	  3.4143945E-4
3.575	  3.34052E-4
3.585	  3.2683066E-4
3.595	  3.197716E-4
3.605	  3.1287113E-4
3.615	  3.0612544E-4
3.625	  2.99531E-4
3.635	  2.9308433E-4
3.645	  2.8678193E-4
3.655	  2.806205E-4
3.665	  2.745968E-4
3.675	  2.6870758E-4
3.685	  2.6294976E-4
3.695	  2.5732032E-4
3.705	  2.518163E-4
3.715	  2.4643476E-4
3.725	  2.4117294E-4
3.735	  2.3602803E-4
3.745	  2.3099735E-4
3.755	  2.260783E-4
3.765	  2.2126827E-4
3.775	  2.1656477E-4
3.785	  2.1196538E-4
3.795	  2.0746769E-4
3.805	  2.0306937E-4
3.815	  1.9876815E-4
3.825	  1.945618E-4
3.835	  1.9044815E-4
3.845	  1.8642508E-4
3.855	  1.8249053E-4
3.865	  1.7864248E-4
3.875	  1.7487895E-4
3.885	  1.7119801E-4
3.895	  1.675978E-4
3.905	  1.6407647E-4
3.915	  1.6063222E-4
3.925	  1.5726329E-4
3.935	  1.5396801E-4
3.945	  1.5074467E-4
3.955	  1.4759165E-4
3.965	  1.4450737E-4
3.975	  1.4149028E-4
3.985	  1.3853883E-4
3.995	  1.3565156E-4
4.005	  1.32827E-4



DATASET #3

     Name: BPT Fit
   Points: 401
     Info: Mean = 100.0, Aperiodicity = 0.5, Duration = 30.0, Delta T = 1.0, Num Points = 500, Historic Open Interval = 0.0
Computed mean = 0.9982575

Data[x,y]:
0.0	  0.0
0.01	  0.0
0.02	  0.0
0.03	  8.0335755E-36
0.04	  2.309047E-26
0.05	  1.0022548E-20
0.06	  5.4150912E-17
0.07	  2.4036135E-14
0.08	  2.2476593E-12
0.09	  7.464005E-11
0.1	  1.2033375E-9
0.11	  1.1487557E-8
0.12	  7.4110915E-8
0.13	  3.5400197E-7
0.14	  1.3361904E-6
0.15	  4.179859E-6
0.16	  1.1229854E-5
0.17	  2.66273E-5
0.18	  5.6911136E-5
0.19	  1.1148464E-4
0.2	  2.0284005E-4
0.21	  3.4647968E-4
0.22	  5.6052645E-4
0.23	  8.6506584E-4
0.24	  0.0012812939
0.25	  0.0018305625
0.26	  0.0025334116
0.27	  0.0034086655
0.28	  0.004472655
0.29	  0.0057385974
0.3	  0.0072161644
0.31	  0.008911221
0.32	  0.010825749
0.33	  0.012957905
0.34	  0.015302224
0.35	  0.017849902
0.36	  0.020589165
0.37	  0.023505677
0.38	  0.026582977
0.39	  0.029802918
0.4	  0.033146102
0.41	  0.03659229
0.42	  0.040120777
0.43	  0.04371075
0.44	  0.047341585
0.45	  0.050993115
0.46	  0.05464586
0.47	  0.058281206
0.48	  0.06188157
0.49	  0.06543049
0.5	  0.06891273
0.51	  0.07231434
0.52	  0.07562264
0.53	  0.07882632
0.54	  0.08191533
0.55	  0.08488092
0.56	  0.08771559
0.57	  0.09041303
0.58	  0.09296807
0.59	  0.09537664
0.6	  0.09763567
0.61	  0.099743046
0.62	  0.10169753
0.63	  0.1034987
0.64	  0.10514687
0.65	  0.106643036
0.66	  0.10798878
0.67	  0.109186254
0.68	  0.11023807
0.69	  0.11114728
0.7	  0.111917295
0.71	  0.11255185
0.72	  0.11305496
0.73	  0.11343084
0.74	  0.11368392
0.75	  0.11381874
0.76	  0.11384
0.77	  0.11375242
0.78	  0.11356082
0.79	  0.11327002
0.8	  0.11288484
0.81	  0.1124101
0.82	  0.111850545
0.83	  0.1112109
0.84	  0.11049578
0.85	  0.10970977
0.86	  0.10885731
0.87	  0.10794277
0.88	  0.10697038
0.89	  0.10594427
0.9	  0.10486845
0.91	  0.10374679
0.92	  0.10258303
0.93	  0.10138079
0.94	  0.100143544
0.95	  0.098874636
0.96	  0.09757726
0.97	  0.096254505
0.98	  0.094909295
0.99	  0.09354444
1.0	  0.09216261
1.01	  0.090766355
1.02	  0.0893581
1.03	  0.08794013
1.04	  0.08651464
1.05	  0.08508367
1.06	  0.08364918
1.07	  0.08221301
1.08	  0.08077688
1.09	  0.07934242
1.1	  0.07791115
1.11	  0.076484516
1.12	  0.07506384
1.13	  0.07365038
1.14	  0.0722453
1.15	  0.07084967
1.16	  0.069464505
1.17	  0.06809073
1.18	  0.06672919
1.19	  0.065380685
1.2	  0.06404592
1.21	  0.062725574
1.22	  0.061420225
1.23	  0.060130432
1.24	  0.058856677
1.25	  0.057599396
1.26	  0.056358982
1.27	  0.05513578
1.28	  0.053930085
1.29	  0.052742165
1.3	  0.051572237
1.31	  0.050420485
1.32	  0.04928706
1.33	  0.048172083
1.34	  0.04707564
1.35	  0.045997795
1.36	  0.044938575
1.37	  0.04389799
1.38	  0.04287603
1.39	  0.041872658
1.4	  0.040887814
1.41	  0.03992142
1.42	  0.03897339
1.43	  0.03804361
1.44	  0.03713196
1.45	  0.036238298
1.46	  0.03536248
1.47	  0.034504335
1.48	  0.033663694
1.49	  0.03284038
1.5	  0.032034196
1.51	  0.031244945
1.52	  0.030472418
1.53	  0.029716406
1.54	  0.02897669
1.55	  0.028253045
1.56	  0.027545244
1.57	  0.026853055
1.58	  0.026176242
1.59	  0.02551457
1.6	  0.024867794
1.61	  0.024235677
1.62	  0.023617974
1.63	  0.023014441
1.64	  0.022424834
1.65	  0.021848906
1.66	  0.021286413
1.67	  0.02073711
1.68	  0.020200754
1.69	  0.019677103
1.7	  0.01916591
1.71	  0.018666942
1.72	  0.018179955
1.73	  0.017704712
1.74	  0.01724098
1.75	  0.016788527
1.76	  0.016347118
1.77	  0.015916528
1.78	  0.0154965315
1.79	  0.015086903
1.8	  0.014687424
1.81	  0.014297875
1.82	  0.013918043
1.83	  0.013547716
1.84	  0.013186684
1.85	  0.012834743
1.86	  0.012491688
1.87	  0.012157323
1.88	  0.011831448
1.89	  0.011513873
1.9	  0.011204408
1.91	  0.010902863
1.92	  0.010609059
1.93	  0.010322813
1.94	  0.010043949
1.95	  0.009772293
1.96	  0.009507677
1.97	  0.00924993
1.98	  0.00899889
1.99	  0.008754398
2.0	  0.008516293
2.01	  0.008284423
2.02	  0.008058635
2.03	  0.00783878
2.04	  0.007624716
2.05	  0.007416298
2.06	  0.007213388
2.07	  0.007015849
2.08	  0.006823548
2.09	  0.0066363546
2.1	  0.0064541404
2.11	  0.006276781
2.12	  0.006104155
2.13	  0.0059361416
2.14	  0.005772625
2.15	  0.0056134905
2.16	  0.0054586274
2.17	  0.0053079254
2.18	  0.0051612793
2.19	  0.0050185844
2.2	  0.0048797396
2.21	  0.004744645
2.22	  0.0046132044
2.23	  0.0044853226
2.24	  0.0043609072
2.25	  0.0042398684
2.26	  0.0041221185
2.27	  0.004007571
2.28	  0.003896142
2.29	  0.00378775
2.3	  0.0036823151
2.31	  0.0035797597
2.32	  0.0034800079
2.33	  0.0033829852
2.34	  0.0032886197
2.35	  0.0031968406
2.36	  0.0031075797
2.37	  0.00302077
2.38	  0.0029363455
2.39	  0.0028542436
2.4	  0.0027744013
2.41	  0.0026967588
2.42	  0.002621257
2.43	  0.002547838
2.44	  0.0024764466
2.45	  0.0024070276
2.46	  0.002339528
2.47	  0.0022738962
2.48	  0.0022100818
2.49	  0.0021480354
2.5	  0.0020877093
2.51	  0.0020290567
2.52	  0.0019720322
2.53	  0.001916592
2.54	  0.0018626924
2.55	  0.0018102919
2.56	  0.0017593494
2.57	  0.0017098251
2.58	  0.0016616804
2.59	  0.0016148776
2.6	  0.0015693799
2.61	  0.0015251517
2.62	  0.0014821579
2.63	  0.0014403649
2.64	  0.0013997396
2.65	  0.00136025
2.66	  0.0013218648
2.67	  0.0012845537
2.68	  0.0012482869
2.69	  0.0012130357
2.7	  0.0011787722
2.71	  0.0011454689
2.72	  0.0011130995
2.73	  0.0010816379
2.74	  0.0010510593
2.75	  0.0010213391
2.76	  9.924534E-4
2.77	  9.643792E-4
2.78	  9.370939E-4
2.79	  9.105757E-4
2.8	  8.848032E-4
2.81	  8.597557E-4
2.82	  8.35413E-4
2.83	  8.1175554E-4
2.84	  7.887643E-4
2.85	  7.664205E-4
2.86	  7.447063E-4
2.87	  7.236041E-4
2.88	  7.0309674E-4
2.89	  6.8316766E-4
2.9	  6.6380075E-4
2.91	  6.4498023E-4
2.92	  6.2669086E-4
2.93	  6.0891773E-4
2.94	  5.916465E-4
2.95	  5.74863E-4
2.96	  5.585536E-4
2.97	  5.427051E-4
2.98	  5.273045E-4
2.99	  5.1233923E-4
3.0	  4.977971E-4
3.01	  4.8366626E-4
3.02	  4.699351E-4
3.03	  4.5659242E-4
3.04	  4.4362733E-4
3.05	  4.310292E-4
3.06	  4.187877E-4
3.07	  4.068928E-4
3.08	  3.9533476E-4
3.09	  3.841041E-4
3.1	  3.7319158E-4
3.11	  3.6258824E-4
3.12	  3.522854E-4
3.13	  3.4227458E-4
3.14	  3.3254753E-4
3.15	  3.2309623E-4
3.16	  3.1391295E-4
3.17	  3.0499013E-4
3.18	  2.9632036E-4
3.19	  2.8789655E-4
3.2	  2.7971173E-4
3.21	  2.7175917E-4
3.22	  2.6403228E-4
3.23	  2.565247E-4
3.24	  2.4923024E-4
3.25	  2.4214285E-4
3.26	  2.352567E-4
3.27	  2.2856607E-4
3.28	  2.2206546E-4
3.29	  2.1574947E-4
3.3	  2.0961289E-4
3.31	  2.0365063E-4
3.32	  1.9785776E-4
3.33	  1.9222949E-4
3.34	  1.8676113E-4
3.35	  1.8144818E-4
3.36	  1.7628622E-4
3.37	  1.7127099E-4
3.38	  1.6639831E-4
3.39	  1.6166414E-4
3.4	  1.5706457E-4
3.41	  1.5259576E-4
3.42	  1.4825402E-4
3.43	  1.4403574E-4
3.44	  1.3993742E-4
3.45	  1.3595565E-4
3.46	  1.3208712E-4
3.47	  1.2832863E-4
3.48	  1.2467704E-4
3.49	  1.2112932E-4
3.5	  1.1768253E-4
3.51	  1.14333794E-4
3.52	  1.1108033E-4
3.53	  1.0791943E-4
3.54	  1.0484847E-4
3.55	  1.0186489E-4
3.56	  9.896621E-5
3.57	  9.615001E-5
3.58	  9.341396E-5
3.59	  9.075577E-5
3.6	  8.817323E-5
3.61	  8.5664185E-5
3.62	  8.322656E-5
3.63	  8.085831E-5
3.64	  7.855747E-5
3.65	  7.632212E-5
3.66	  7.41504E-5
3.67	  7.204049E-5
3.68	  6.9990645E-5
3.69	  6.799915E-5
3.7	  6.606435E-5
3.71	  6.418463E-5
3.72	  6.235841E-5
3.73	  6.0584192E-5
3.74	  5.8860478E-5
3.75	  5.7185836E-5
3.76	  5.555887E-5
3.77	  5.3978223E-5
3.78	  5.2442574E-5
3.79	  5.095065E-5
3.8	  4.9501195E-5
3.81	  4.809301E-5
3.82	  4.6724916E-5
3.83	  4.5395773E-5
3.84	  4.410447E-5
3.85	  4.2849926E-5
3.86	  4.1631105E-5
3.87	  4.0446983E-5
3.88	  3.929657E-5
3.89	  3.8178914E-5
3.9	  3.7093072E-5
3.91	  3.603815E-5
3.92	  3.5013254E-5
3.93	  3.401754E-5
3.94	  3.305017E-5
3.95	  3.2110343E-5
3.96	  3.119727E-5
3.97	  3.0310188E-5
3.98	  2.944836E-5
3.99	  2.8611064E-5
4.0	  2.7797605E-5


