
X-Axis: Average Normalized Interevent Time
Y-Axis: Probability
Number of Data Sets: 3


DATASET #1

     Name: UseIT 600k Mod Params Histogram
   Points: 41
     Info: 

Data[x,y]:
0.05	  0.006649851
0.15	  0.02820454
0.25	  0.070671864
0.35	  0.112497136
0.45	  0.08589773
0.55	  0.11469846
0.65	  0.12795231
0.75	  0.13253841
0.85	  0.15977986
0.95	  0.12547581
1.05	  0.03315753
1.15	  0.0024764962
1.25	  0.0
1.35	  0.0
1.45	  0.0
1.55	  0.0
1.65	  0.0
1.75	  0.0
1.85	  0.0
1.95	  0.0
2.05	  0.0
2.15	  0.0
2.25	  0.0
2.35	  0.0
2.45	  0.0
2.55	  0.0
2.65	  0.0
2.75	  0.0
2.85	  0.0
2.95	  0.0
3.05	  0.0
3.15	  0.0
3.25	  0.0
3.35	  0.0
3.45	  0.0
3.55	  0.0
3.65	  0.0
3.75	  0.0
3.85	  0.0
3.95	  0.0
4.05	  0.0



DATASET #2

     Name: Log-Normal Fit
   Points: 401
     Info: 

Data[x,y]:
0.005	  0.0
0.015	  6.502762E-19
0.025	  6.2387072E-15
0.035	  2.1233126E-12
0.045	  1.3172613E-10
0.055	  2.9444747E-9
0.065	  3.3587806E-8
0.075	  2.3917812E-7
0.085	  1.2065453E-6
0.095	  4.689137E-6
0.105	  1.4880251E-5
0.115	  4.0196224E-5
0.125	  9.5313524E-5
0.135	  2.0304292E-4
0.145	  3.9559003E-4
0.155	  7.1484817E-4
0.165	  0.0012115511
0.175	  0.0019433191
0.185	  0.0029718056
0.195	  0.004359267
0.205	  0.0061649256
0.215	  0.0084414715
0.225	  0.011232002
0.235	  0.014567607
0.245	  0.018465722
0.255	  0.022929275
0.265	  0.02794661
0.275	  0.03349209
0.285	  0.03952726
0.295	  0.04600247
0.305	  0.052858755
0.315	  0.06002991
0.325	  0.06744459
0.335	  0.07502843
0.345	  0.08270591
0.355	  0.09040221
0.365	  0.09804474
0.375	  0.10556442
0.385	  0.11289683
0.395	  0.11998298
0.405	  0.12676993
0.415	  0.1332112
0.425	  0.13926695
0.435	  0.14490402
0.445	  0.15009584
0.455	  0.15482219
0.465	  0.15906885
0.475	  0.16282733
0.485	  0.16609429
0.495	  0.16887116
0.505	  0.1711636
0.515	  0.17298107
0.525	  0.17433625
0.535	  0.17524463
0.545	  0.17572401
0.555	  0.17579415
0.565	  0.17547622
0.575	  0.17479259
0.585	  0.17376637
0.595	  0.17242119
0.605	  0.17078087
0.615	  0.16886918
0.625	  0.16670974
0.635	  0.16432564
0.645	  0.16173948
0.655	  0.15897314
0.665	  0.15604773
0.675	  0.15298343
0.685	  0.14979951
0.695	  0.14651427
0.705	  0.14314495
0.715	  0.13970779
0.725	  0.13621797
0.735	  0.13268965
0.745	  0.12913598
0.755	  0.12556906
0.765	  0.122000076
0.775	  0.11843922
0.785	  0.11489582
0.795	  0.1113783
0.805	  0.107894264
0.815	  0.10445054
0.825	  0.10105319
0.835	  0.09770759
0.845	  0.09441846
0.855	  0.09118987
0.865	  0.08802535
0.875	  0.08492787
0.885	  0.08189992
0.895	  0.07894353
0.905	  0.07606029
0.915	  0.07325142
0.925	  0.07051778
0.935	  0.06785992
0.945	  0.065278076
0.955	  0.06277223
0.965	  0.060342137
0.975	  0.057987317
0.985	  0.05570712
0.995	  0.05350071
1.005	  0.05136711
1.015	  0.049305227
1.025	  0.047313828
1.035	  0.0453916
1.045	  0.043537147
1.055	  0.041749
1.065	  0.040025637
1.075	  0.038365487
1.085	  0.03676694
1.095	  0.035228364
1.105	  0.033748113
1.115	  0.032324523
1.125	  0.030955931
1.135	  0.029640675
1.145	  0.028377099
1.155	  0.02716356
1.165	  0.02599843
1.175	  0.02488011
1.185	  0.023807012
1.195	  0.022777582
1.205	  0.02179029
1.215	  0.020843644
1.225	  0.019936176
1.235	  0.019066455
1.245	  0.018233087
1.255	  0.01743471
1.265	  0.016670002
1.275	  0.015937675
1.285	  0.0152364755
1.295	  0.014565194
1.305	  0.013922653
1.315	  0.013307713
1.325	  0.012719273
1.335	  0.012156264
1.345	  0.011617658
1.355	  0.011102457
1.365	  0.010609702
1.375	  0.010138466
1.385	  0.009687856
1.395	  0.00925701
1.405	  0.008845099
1.415	  0.008451327
1.425	  0.008074923
1.435	  0.007715151
1.445	  0.0073713004
1.455	  0.007042688
1.465	  0.0067286594
1.475	  0.006428585
1.485	  0.0061418605
1.495	  0.0058679064
1.505	  0.005606166
1.515	  0.005356107
1.525	  0.0051172166
1.535	  0.004889005
1.545	  0.0046710023
1.555	  0.0044627585
1.565	  0.0042638425
1.575	  0.0040738406
1.585	  0.0038923584
1.595	  0.0037190167
1.605	  0.0035534534
1.615	  0.0033953218
1.625	  0.0032442901
1.635	  0.0031000413
1.645	  0.0029622715
1.655	  0.0028306905
1.665	  0.0027050206
1.675	  0.0025849966
1.685	  0.002470365
1.695	  0.0023608827
1.705	  0.0022563185
1.715	  0.0021564504
1.725	  0.002061067
1.735	  0.0019699659
1.745	  0.0018829538
1.755	  0.0017998464
1.765	  0.0017204671
1.775	  0.0016446474
1.785	  0.0015722268
1.795	  0.0015030513
1.805	  0.0014369742
1.815	  0.0013738554
1.825	  0.0013135612
1.835	  0.0012559637
1.845	  0.001200941
1.855	  0.0011483767
1.865	  0.0010981596
1.875	  0.0010501833
1.885	  0.0010043468
1.895	  9.60553E-4
1.905	  9.1870985E-4
1.915	  8.7872904E-4
1.925	  8.4052654E-4
1.935	  8.040219E-4
1.945	  7.6913845E-4
1.955	  7.3580316E-4
1.965	  7.03946E-4
1.975	  6.735004E-4
1.985	  6.444027E-4
1.995	  6.165921E-4
2.005	  5.900107E-4
2.015	  5.6460313E-4
2.025	  5.4031657E-4
2.035	  5.171006E-4
2.045	  4.9490714E-4
2.055	  4.7369028E-4
2.065	  4.534061E-4
2.075	  4.340128E-4
2.085	  4.1547042E-4
2.095	  3.9774086E-4
2.105	  3.8078774E-4
2.115	  3.6457632E-4
2.125	  3.490734E-4
2.135	  3.342474E-4
2.145	  3.2006804E-4
2.155	  3.0650652E-4
2.165	  2.935353E-4
2.175	  2.8112807E-4
2.185	  2.6925973E-4
2.195	  2.579064E-4
2.205	  2.470451E-4
2.215	  2.3665406E-4
2.225	  2.2671241E-4
2.235	  2.1720024E-4
2.245	  2.0809856E-4
2.255	  1.993892E-4
2.265	  1.9105482E-4
2.275	  1.8307888E-4
2.285	  1.7544559E-4
2.295	  1.6813983E-4
2.305	  1.6114721E-4
2.315	  1.5445394E-4
2.325	  1.4804689E-4
2.335	  1.419135E-4
2.345	  1.3604175E-4
2.355	  1.304202E-4
2.365	  1.2503793E-4
2.375	  1.1988444E-4
2.385	  1.1494977E-4
2.395	  1.1022437E-4
2.405	  1.0569913E-4
2.415	  1.0136534E-4
2.425	  9.7214666E-5
2.435	  9.323917E-5
2.445	  8.9431254E-5
2.455	  8.578365E-5
2.465	  8.228943E-5
2.475	  7.894195E-5
2.485	  7.573488E-5
2.495	  7.266217E-5
2.505	  6.971803E-5
2.515	  6.689692E-5
2.525	  6.419356E-5
2.535	  6.1602885E-5
2.545	  5.912007E-5
2.555	  5.674049E-5
2.565	  5.4459728E-5
2.575	  5.2273565E-5
2.585	  5.0177958E-5
2.595	  4.8169048E-5
2.605	  4.6243145E-5
2.615	  4.4396715E-5
2.625	  4.262638E-5
2.635	  4.0928913E-5
2.645	  3.930123E-5
2.655	  3.7740367E-5
2.665	  3.624351E-5
2.675	  3.4807945E-5
2.685	  3.343109E-5
2.695	  3.2110474E-5
2.705	  3.084373E-5
2.715	  2.9628594E-5
2.725	  2.8462897E-5
2.735	  2.7344568E-5
2.745	  2.6271624E-5
2.755	  2.5242165E-5
2.765	  2.4254374E-5
2.775	  2.3306517E-5
2.785	  2.2396924E-5
2.795	  2.1524007E-5
2.805	  2.0686239E-5
2.815	  1.9882164E-5
2.825	  1.911038E-5
2.835	  1.8369554E-5
2.845	  1.7658404E-5
2.855	  1.6975702E-5
2.865	  1.6320279E-5
2.875	  1.5691006E-5
2.885	  1.5086811E-5
2.895	  1.45066615E-5
2.905	  1.394957E-5
2.915	  1.341459E-5
2.925	  1.2900819E-5
2.935	  1.2407387E-5
2.945	  1.1933465E-5
2.955	  1.1478256E-5
2.965	  1.1040999E-5
2.975	  1.0620962E-5
2.985	  1.0217445E-5
2.995	  9.82978E-6
3.005	  9.457321E-6
3.015	  9.0994545E-6
3.025	  8.75559E-6
3.035	  8.425162E-6
3.045	  8.10763E-6
3.055	  7.802471E-6
3.065	  7.5091907E-6
3.075	  7.2273106E-6
3.085	  6.956373E-6
3.095	  6.6959396E-6
3.105	  6.44559E-6
3.115	  6.2049207E-6
3.125	  5.9735457E-6
3.135	  5.7510947E-6
3.145	  5.5372116E-6
3.155	  5.331556E-6
3.165	  5.133801E-6
3.175	  4.9436335E-6
3.185	  4.7607527E-6
3.195	  4.5848697E-6
3.205	  4.4157086E-6
3.215	  4.253004E-6
3.225	  4.096502E-6
3.235	  3.945957E-6
3.245	  3.8011358E-6
3.255	  3.6618133E-6
3.265	  3.527774E-6
3.275	  3.3988108E-6
3.285	  3.2747255E-6
3.295	  3.155327E-6
3.305	  3.0404328E-6
3.315	  2.9298672E-6
3.325	  2.8234617E-6
3.335	  2.721055E-6
3.345	  2.6224911E-6
3.355	  2.5276217E-6
3.365	  2.4363035E-6
3.375	  2.3483992E-6
3.385	  2.2637769E-6
3.395	  2.1823098E-6
3.405	  2.1038766E-6
3.415	  2.0283605E-6
3.425	  1.9556496E-6
3.435	  1.8856358E-6
3.445	  1.818216E-6
3.455	  1.7532908E-6
3.465	  1.6907649E-6
3.475	  1.6305465E-6
3.485	  1.5725478E-6
3.495	  1.5166843E-6
3.505	  1.4628745E-6
3.515	  1.4110406E-6
3.525	  1.3611075E-6
3.535	  1.3130032E-6
3.545	  1.2666585E-6
3.555	  1.2220069E-6
3.565	  1.1789843E-6
3.575	  1.1375295E-6
3.585	  1.0975833E-6
3.595	  1.0590892E-6
3.605	  1.0219923E-6
3.615	  9.862404E-7
3.625	  9.51783E-7
3.635	  9.1857174E-7
3.645	  8.8656E-7
3.655	  8.55703E-7
3.665	  8.259576E-7
3.675	  7.9728255E-7
3.685	  7.6963795E-7
3.695	  7.429856E-7
3.705	  7.172886E-7
3.715	  6.9251155E-7
3.725	  6.686205E-7
3.735	  6.455826E-7
3.745	  6.2336636E-7
3.755	  6.0194157E-7
3.765	  5.8127904E-7
3.775	  5.613507E-7
3.785	  5.421296E-7
3.795	  5.235898E-7
3.805	  5.0570634E-7
3.815	  4.884552E-7
3.825	  4.7181328E-7
3.835	  4.557583E-7
3.845	  4.4026888E-7
3.855	  4.253244E-7
3.865	  4.1090507E-7
3.875	  3.9699182E-7
3.885	  3.8356626E-7
3.895	  3.706107E-7
3.905	  3.5810817E-7
3.915	  3.4604227E-7
3.925	  3.3439724E-7
3.935	  3.231579E-7
3.945	  3.1230962E-7
3.955	  3.0183838E-7
3.965	  2.9173057E-7
3.975	  2.819732E-7
3.985	  2.7255368E-7
3.995	  2.6345992E-7
4.005	  2.5468026E-7



DATASET #3

     Name: BPT Fit
   Points: 401
     Info: Mean = 100.0, Aperiodicity = 0.5, Duration = 30.0, Delta T = 1.0, Num Points = 500, Historic Open Interval = 0.0
Computed mean = 0.6385298

Data[x,y]:
0.0	  0.0
0.01	  0.0
0.02	  9.0E-44
0.03	  3.009644E-28
0.04	  1.4966864E-20
0.05	  5.6347025E-16
0.06	  5.9121436E-13
0.07	  8.07755E-11
0.08	  3.100557E-9
0.09	  5.1206012E-8
0.1	  4.695893E-7
0.11	  2.8117108E-6
0.12	  1.2242222E-5
0.13	  4.1753985E-5
0.14	  1.1762737E-4
0.15	  2.8453546E-4
0.16	  6.083947E-4
0.17	  0.0011756299
0.18	  0.002088587
0.19	  0.0034578587
0.2	  0.0053929207
0.21	  0.007992637
0.22	  0.011336962
0.23	  0.015480716
0.24	  0.02044989
0.25	  0.026240436
0.26	  0.03281929
0.27	  0.04012715
0.28	  0.04808248
0.29	  0.056586236
0.3	  0.06552686
0.31	  0.074785195
0.32	  0.08423901
0.33	  0.093767054
0.34	  0.10325239
0.35	  0.11258516
0.36	  0.12166463
0.37	  0.13040064
0.38	  0.13871448
0.39	  0.14653935
0.4	  0.15382037
0.41	  0.16051425
0.42	  0.16658881
0.43	  0.17202222
0.44	  0.17680214
0.45	  0.18092477
0.46	  0.18439399
0.47	  0.18722025
0.48	  0.18941969
0.49	  0.19101325
0.5	  0.19202577
0.51	  0.19248521
0.52	  0.19242191
0.53	  0.19186796
0.54	  0.19085662
0.55	  0.18942173
0.56	  0.18759736
0.57	  0.18541738
0.58	  0.18291514
0.59	  0.18012318
0.6	  0.17707303
0.61	  0.17379506
0.62	  0.17031825
0.63	  0.1666702
0.64	  0.16287698
0.65	  0.15896314
0.66	  0.15495165
0.67	  0.15086387
0.68	  0.14671966
0.69	  0.14253733
0.7	  0.13833368
0.71	  0.1341241
0.72	  0.12992257
0.73	  0.12574176
0.74	  0.12159307
0.75	  0.117486686
0.76	  0.113431685
0.77	  0.10943608
0.78	  0.10550689
0.79	  0.10165019
0.8	  0.09787122
0.81	  0.09417441
0.82	  0.09056344
0.83	  0.08704135
0.84	  0.08361052
0.85	  0.08027278
0.86	  0.07702946
0.87	  0.07388139
0.88	  0.070829
0.89	  0.06787232
0.9	  0.065011084
0.91	  0.06224467
0.92	  0.059572212
0.93	  0.056992605
0.94	  0.054504536
0.95	  0.052106515
0.96	  0.04979689
0.97	  0.04757388
0.98	  0.045435593
0.99	  0.043380048
1.0	  0.041405182
1.01	  0.039508883
1.02	  0.037688985
1.03	  0.035943296
1.04	  0.034269605
1.05	  0.032665685
1.06	  0.031129317
1.07	  0.029658288
1.08	  0.028250393
1.09	  0.02690346
1.1	  0.025615335
1.11	  0.0243839
1.12	  0.023207076
1.13	  0.02208282
1.14	  0.021009132
1.15	  0.019984059
1.16	  0.019005697
1.17	  0.018072186
1.18	  0.017181722
1.19	  0.016332548
1.2	  0.015522963
1.21	  0.014751313
1.22	  0.014016001
1.23	  0.013315479
1.24	  0.012648253
1.25	  0.012012879
1.26	  0.011407966
1.27	  0.01083217
1.28	  0.010284199
1.29	  0.009762808
1.3	  0.009266799
1.31	  0.008795021
1.32	  0.0083463695
1.33	  0.007919781
1.34	  0.007514238
1.35	  0.007128761
1.36	  0.006762415
1.37	  0.006414301
1.38	  0.0060835597
1.39	  0.0057693673
1.4	  0.005470936
1.41	  0.005187513
1.42	  0.004918377
1.43	  0.004662839
1.44	  0.004420242
1.45	  0.0041899565
1.46	  0.003971382
1.47	  0.0037639465
1.48	  0.0035671026
1.49	  0.0033803289
1.5	  0.003203128
1.51	  0.0030350257
1.52	  0.0028755695
1.53	  0.0027243288
1.54	  0.0025808932
1.55	  0.0024448715
1.56	  0.0023158914
1.57	  0.0021935983
1.58	  0.0020776552
1.59	  0.0019677402
1.6	  0.0018635482
1.61	  0.0017647882
1.62	  0.0016711839
1.63	  0.001582472
1.64	  0.0014984027
1.65	  0.0014187382
1.66	  0.0013432525
1.67	  0.0012717309
1.68	  0.0012039691
1.69	  0.0011397735
1.7	  0.0010789598
1.71	  0.0010213531
1.72	  9.6678705E-4
1.73	  9.1510406E-4
1.74	  8.6615427E-4
1.75	  8.197955E-4
1.76	  7.758927E-4
1.77	  7.343177E-4
1.78	  6.9494895E-4
1.79	  6.576711E-4
1.8	  6.2237453E-4
1.81	  5.889555E-4
1.82	  5.573153E-4
1.83	  5.273606E-4
1.84	  4.9900264E-4
1.85	  4.7215744E-4
1.86	  4.4674517E-4
1.87	  4.2269024E-4
1.88	  3.9992097E-4
1.89	  3.783694E-4
1.9	  3.5797112E-4
1.91	  3.38665E-4
1.92	  3.203932E-4
1.93	  3.0310082E-4
1.94	  2.8673589E-4
1.95	  2.712491E-4
1.96	  2.5659375E-4
1.97	  2.427256E-4
1.98	  2.2960274E-4
1.99	  2.1718544E-4
2.0	  2.0543608E-4
2.01	  1.9431903E-4
2.02	  1.8380048E-4
2.03	  1.738485E-4
2.04	  1.6443276E-4
2.05	  1.5552458E-4
2.06	  1.470968E-4
2.07	  1.3912367E-4
2.08	  1.3158085E-4
2.09	  1.2444523E-4
2.1	  1.17694995E-4
2.11	  1.1130943E-4
2.12	  1.0526898E-4
2.13	  9.955508E-5
2.14	  9.415018E-5
2.15	  8.903766E-5
2.16	  8.420179E-5
2.17	  7.962767E-5
2.18	  7.530122E-5
2.19	  7.120908E-5
2.2	  6.7338624E-5
2.21	  6.367791E-5
2.22	  6.0215603E-5
2.23	  5.6941015E-5
2.24	  5.3844004E-5
2.25	  5.091498E-5
2.26	  4.814487E-5
2.27	  4.5525085E-5
2.28	  4.30475E-5
2.29	  4.0704424E-5
2.3	  3.8488583E-5
2.31	  3.6393092E-5
2.32	  3.4411438E-5
2.33	  3.2537453E-5
2.34	  3.076531E-5
2.35	  2.908949E-5
2.36	  2.7504775E-5
2.37	  2.6006228E-5
2.38	  2.4589175E-5
2.39	  2.3249198E-5
2.4	  2.1982118E-5
2.41	  2.0783977E-5
2.42	  1.9651034E-5
2.43	  1.857975E-5
2.44	  1.7566781E-5
2.45	  1.6608958E-5
2.46	  1.5703285E-5
2.47	  1.484693E-5
2.48	  1.4037213E-5
2.49	  1.32716E-5
2.5	  1.2547693E-5
2.51	  1.1863225E-5
2.52	  1.1216051E-5
2.53	  1.0604143E-5
2.54	  1.0025584E-5
2.55	  9.478557E-6
2.56	  8.9613495E-6
2.57	  8.472337E-6
2.58	  8.009984E-6
2.59	  7.5728417E-6
2.6	  7.159536E-6
2.61	  6.7687693E-6
2.62	  6.3993143E-6
2.63	  6.05001E-6
2.64	  5.7197594E-6
2.65	  5.407524E-6
2.66	  5.112322E-6
2.67	  4.833226E-6
2.68	  4.5693578E-6
2.69	  4.319887E-6
2.7	  4.08403E-6
2.71	  3.8610438E-6
2.72	  3.6502272E-6
2.73	  3.4509162E-6
2.74	  3.2624837E-6
2.75	  3.0843364E-6
2.76	  2.9159132E-6
2.77	  2.7566841E-6
2.78	  2.6061473E-6
2.79	  2.4638289E-6
2.8	  2.32928E-6
2.81	  2.2020774E-6
2.82	  2.0818197E-6
2.83	  1.9681283E-6
2.84	  1.8606446E-6
2.85	  1.75903E-6
2.86	  1.6629642E-6
2.87	  1.5721444E-6
2.88	  1.4862841E-6
2.89	  1.4051126E-6
2.9	  1.328374E-6
2.91	  1.2558262E-6
2.92	  1.1872406E-6
2.93	  1.1224007E-6
2.94	  1.0611021E-6
2.95	  1.0031515E-6
2.96	  9.483659E-7
2.97	  8.965726E-7
2.98	  8.476082E-7
2.99	  8.0131815E-7
3.0	  7.5755645E-7
3.01	  7.16185E-7
3.02	  6.7707333E-7
3.03	  6.4009794E-7
3.04	  6.0514213E-7
3.05	  5.720957E-7
3.06	  5.4085433E-7
3.07	  5.1131934E-7
3.08	  4.833976E-7
3.09	  4.5700102E-7
3.1	  4.3204622E-7
3.11	  4.084545E-7
3.12	  3.8615136E-7
3.13	  3.6506643E-7
3.14	  3.4513315E-7
3.15	  3.2628864E-7
3.16	  3.084734E-7
3.17	  2.916312E-7
3.18	  2.7570889E-7
3.19	  2.6065624E-7
3.2	  2.464257E-7
3.21	  2.329724E-7
3.22	  2.2025385E-7
3.23	  2.0822993E-7
3.24	  1.9686269E-7
3.25	  1.8611625E-7
3.26	  1.759567E-7
3.27	  1.6635198E-7
3.28	  1.5727178E-7
3.29	  1.4868746E-7
3.3	  1.4057191E-7
3.31	  1.3289953E-7
3.32	  1.2564611E-7
3.33	  1.18788776E-7
3.34	  1.1230588E-7
3.35	  1.0617697E-7
3.36	  1.0038271E-7
3.37	  9.490481E-8
3.38	  8.9726015E-8
3.39	  8.482996E-8
3.4	  8.0201225E-8
3.41	  7.582519E-8
3.42	  7.168806E-8
3.43	  6.7776796E-8
3.44	  6.407904E-8
3.45	  6.058315E-8
3.46	  5.727809E-8
3.47	  5.4153446E-8
3.48	  5.1199358E-8
3.49	  4.8406513E-8
3.5	  4.5766107E-8
3.51	  4.3269814E-8
3.52	  4.0909768E-8
3.53	  3.8678525E-8
3.54	  3.656905E-8
3.55	  3.4574697E-8
3.56	  3.268918E-8
3.57	  3.0906556E-8
3.58	  2.9221203E-8
3.59	  2.7627816E-8
3.6	  2.6121372E-8
3.61	  2.4697123E-8
3.62	  2.335058E-8
3.63	  2.2077504E-8
3.64	  2.0873884E-8
3.65	  1.9735927E-8
3.66	  1.866005E-8
3.67	  1.7642861E-8
3.68	  1.668116E-8
3.69	  1.5771917E-8
3.7	  1.491227E-8
3.71	  1.409951E-8
3.72	  1.33310785E-8
3.73	  1.2604557E-8
3.74	  1.1917658E-8
3.75	  1.1268218E-8
3.76	  1.0654196E-8
3.77	  1.0073655E-8
3.78	  9.524771E-9
3.79	  9.005816E-9
3.8	  8.515157E-9
3.81	  8.051249E-9
3.82	  7.612633E-9
3.83	  7.1979303E-9
3.84	  6.8058355E-9
3.85	  6.4351147E-9
3.86	  6.0846026E-9
3.87	  5.7531966E-9
3.88	  5.439855E-9
3.89	  5.1435913E-9
3.9	  4.863475E-9
3.91	  4.598625E-9
3.92	  4.3482093E-9
3.93	  4.1114396E-9
3.94	  3.8875725E-9
3.95	  3.6759042E-9
3.96	  3.4757695E-9
3.97	  3.2865395E-9
3.98	  3.1076193E-9
3.99	  2.9384473E-9
4.0	  2.7784917E-9


