
X-Axis: Average Normalized Interevent Time
Y-Axis: Probability
Number of Data Sets: 3


DATASET #1

     Name: Bruce 3014 Histogram
   Points: 41
     Info: 

Data[x,y]:
0.05	  2.497253E-4
0.15	  0.0018979122
0.25	  0.009139946
0.35	  0.026271101
0.45	  0.038457695
0.55	  0.0611827
0.65	  0.08610529
0.75	  0.12246529
0.85	  0.18549596
0.95	  0.23184498
1.05	  0.1613725
1.15	  0.059035063
1.25	  0.013385276
1.35	  0.0021975827
1.45	  7.99121E-4
1.55	  9.989012E-5
1.65	  0.0
1.75	  0.0
1.85	  0.0
1.95	  0.0
2.05	  0.0
2.15	  0.0
2.25	  0.0
2.35	  0.0
2.45	  0.0
2.55	  0.0
2.65	  0.0
2.75	  0.0
2.85	  0.0
2.95	  0.0
3.05	  0.0
3.15	  0.0
3.25	  0.0
3.35	  0.0
3.45	  0.0
3.55	  0.0
3.65	  0.0
3.75	  0.0
3.85	  0.0
3.95	  0.0
4.05	  0.0



DATASET #2

     Name: Log-Normal Fit
   Points: 401
     Info: 

Data[x,y]:
0.005	  0.0
0.015	  0.0
0.025	  3.1378E-41
0.035	  1.3279712E-34
0.045	  7.200873E-30
0.055	  2.9008622E-26
0.065	  2.1182021E-23
0.075	  4.667746E-21
0.085	  4.2597705E-19
0.095	  1.9841313E-17
0.105	  5.45216E-16
0.115	  9.810373E-15
0.125	  1.2490126E-13
0.135	  1.1935272E-12
0.145	  8.961875E-12
0.155	  5.4830536E-11
0.165	  2.8142044E-10
0.175	  1.240771E-9
0.185	  4.7918265E-9
0.195	  1.6475031E-8
0.205	  5.1118185E-8
0.215	  1.4479275E-7
0.225	  3.7809454E-7
0.235	  9.178928E-7
0.245	  2.086788E-6
0.255	  4.4709677E-6
0.265	  9.077277E-6
0.275	  1.7548557E-5
0.285	  3.2442236E-5
0.295	  5.7570927E-5
0.305	  9.839562E-5
0.315	  1.6245319E-4
0.325	  2.597911E-4
0.335	  4.03375E-4
0.345	  6.094301E-4
0.355	  8.976762E-4
0.365	  0.001291419
0.375	  0.0018174663
0.385	  0.0025058482
0.395	  0.0033893324
0.405	  0.0045027393
0.415	  0.0058820746
0.425	  0.0075635086
0.435	  0.009582249
0.445	  0.011971351
0.455	  0.014760507
0.465	  0.017974906
0.475	  0.021634152
0.485	  0.025751363
0.495	  0.03033242
0.505	  0.035375424
0.515	  0.040870406
0.525	  0.046799228
0.535	  0.053135764
0.545	  0.05984625
0.555	  0.06688987
0.565	  0.074219495
0.575	  0.0817826
0.585	  0.08952222
0.595	  0.09737807
0.605	  0.10528762
0.615	  0.11318725
0.625	  0.12101334
0.635	  0.1287033
0.645	  0.13619657
0.655	  0.14343548
0.665	  0.15036604
0.675	  0.15693863
0.685	  0.16310847
0.695	  0.16883609
0.705	  0.1740876
0.715	  0.17883487
0.725	  0.18305562
0.735	  0.18673335
0.745	  0.18985721
0.755	  0.19242184
0.765	  0.19442706
0.775	  0.1958775
0.785	  0.19678235
0.795	  0.19715479
0.805	  0.1970117
0.815	  0.1963731
0.825	  0.19526182
0.835	  0.19370297
0.845	  0.19172348
0.855	  0.18935184
0.865	  0.1866175
0.875	  0.18355064
0.885	  0.18018177
0.895	  0.17654148
0.905	  0.17266001
0.915	  0.16856718
0.925	  0.16429202
0.935	  0.15986271
0.945	  0.1553063
0.955	  0.15064861
0.965	  0.1459142
0.975	  0.14112617
0.985	  0.13630623
0.995	  0.13147452
1.005	  0.12664972
1.015	  0.12184898
1.025	  0.117087916
1.035	  0.1123807
1.045	  0.10774005
1.055	  0.103177294
1.065	  0.09870241
1.075	  0.09432409
1.085	  0.09004983
1.095	  0.085885964
1.105	  0.081837736
1.115	  0.07790939
1.125	  0.07410424
1.135	  0.070424736
1.145	  0.06687253
1.155	  0.06344853
1.165	  0.06015303
1.175	  0.056985687
1.185	  0.05394565
1.195	  0.051031593
1.205	  0.048241764
1.215	  0.045574054
1.225	  0.043026034
1.235	  0.04059501
1.245	  0.038278054
1.255	  0.036072053
1.265	  0.033973746
1.275	  0.031979743
1.285	  0.030086577
1.295	  0.028290708
1.305	  0.026588565
1.315	  0.024976559
1.325	  0.023451108
1.335	  0.02200865
1.345	  0.020645654
1.355	  0.019358648
1.365	  0.018144215
1.375	  0.016999008
1.385	  0.015919762
1.395	  0.014903299
1.405	  0.013946527
1.415	  0.013046453
1.425	  0.012200182
1.435	  0.011404921
1.445	  0.010657979
1.455	  0.009956768
1.465	  0.009298804
1.475	  0.008681706
1.485	  0.008103197
1.495	  0.0075610997
1.505	  0.0070533347
1.515	  0.006577922
1.525	  0.006132975
1.535	  0.005716701
1.545	  0.0053273947
1.555	  0.0049634394
1.565	  0.004623302
1.575	  0.0043055294
1.585	  0.0040087476
1.595	  0.0037316564
1.605	  0.003473028
1.615	  0.0032317028
1.625	  0.0030065873
1.635	  0.00279665
1.645	  0.0026009192
1.655	  0.002418481
1.665	  0.0022484746
1.675	  0.002090091
1.685	  0.0019425697
1.695	  0.0018051969
1.705	  0.001677302
1.715	  0.0015582561
1.725	  0.0014474696
1.735	  0.0013443895
1.745	  0.0012484981
1.755	  0.0011593103
1.765	  0.0010763721
1.775	  9.992588E-4
1.785	  9.275732E-4
1.795	  8.609437E-4
1.805	  7.990233E-4
1.815	  7.414877E-4
1.825	  6.88034E-4
1.835	  6.383794E-4
1.845	  5.9226016E-4
1.855	  5.4942985E-4
1.865	  5.0965894E-4
1.875	  4.7273323E-4
1.885	  4.3845308E-4
1.895	  4.066324E-4
1.905	  3.7709787E-4
1.915	  3.4968802E-4
1.925	  3.2425247E-4
1.935	  3.0065118E-4
1.945	  2.7875384E-4
1.955	  2.5843916E-4
1.965	  2.3959433E-4
1.975	  2.2211432E-4
1.985	  2.0590152E-4
1.995	  1.9086513E-4
2.005	  1.7692074E-4
2.015	  1.6398988E-4
2.025	  1.5199963E-4
2.035	  1.4088221E-4
2.045	  1.3057467E-4
2.055	  1.210185E-4
2.065	  1.1215938E-4
2.075	  1.03946855E-4
2.085	  9.633406E-5
2.095	  8.92775E-5
2.105	  8.273679E-5
2.115	  7.667444E-5
2.125	  7.105566E-5
2.135	  6.584816E-5
2.145	  6.1021976E-5
2.155	  5.6549306E-5
2.165	  5.2404364E-5
2.175	  4.8563223E-5
2.185	  4.5003686E-5
2.195	  4.1705174E-5
2.205	  3.864859E-5
2.215	  3.581624E-5
2.225	  3.31917E-5
2.235	  3.075975E-5
2.245	  2.8506283E-5
2.255	  2.641821E-5
2.265	  2.4483405E-5
2.275	  2.2690621E-5
2.285	  2.102944E-5
2.295	  1.94902E-5
2.305	  1.8063949E-5
2.315	  1.674239E-5
2.325	  1.551783E-5
2.335	  1.4383145E-5
2.345	  1.3331732E-5
2.355	  1.235747E-5
2.365	  1.1454688E-5
2.375	  1.0618134E-5
2.385	  9.842939E-6
2.395	  9.124592E-6
2.405	  8.458914E-6
2.415	  7.842033E-6
2.425	  7.270362E-6
2.435	  6.740577E-6
2.445	  6.2496006E-6
2.455	  5.794579E-6
2.465	  5.3728704E-6
2.475	  4.9820264E-6
2.485	  4.6197792E-6
2.495	  4.284028E-6
2.505	  3.9728266E-6
2.515	  3.6843721E-6
2.525	  3.416994E-6
2.535	  3.1691452E-6
2.545	  2.9393923E-6
2.555	  2.7264073E-6
2.565	  2.5289603E-6
2.575	  2.3459115E-6
2.585	  2.1762055E-6
2.595	  2.018864E-6
2.605	  1.8729813E-6
2.615	  1.7377178E-6
2.625	  1.6122958E-6
2.635	  1.495995E-6
2.645	  1.3881479E-6
2.655	  1.2881361E-6
2.665	  1.1953866E-6
2.675	  1.1093688E-6
2.685	  1.0295905E-6
2.695	  9.555963E-7
2.705	  8.869638E-7
2.715	  8.233017E-7
2.725	  7.642476E-7
2.735	  7.0946544E-7
2.745	  6.5864396E-7
2.755	  6.114946E-7
2.765	  5.6775013E-7
2.775	  5.271627E-7
2.785	  4.895027E-7
2.795	  4.545574E-7
2.805	  4.2212952E-7
2.815	  3.920362E-7
2.825	  3.6410808E-7
2.835	  3.3818802E-7
2.845	  3.141305E-7
2.855	  2.9180052E-7
2.865	  2.7107302E-7
2.875	  2.5183198E-7
2.885	  2.3396989E-7
2.895	  2.1738705E-7
2.905	  2.0199106E-7
2.915	  1.8769622E-7
2.925	  1.7442305E-7
2.935	  1.6209789E-7
2.945	  1.5065241E-7
2.955	  1.4002325E-7
2.965	  1.3015165E-7
2.975	  1.209831E-7
2.985	  1.12467085E-7
2.995	  1.04556705E-7
3.005	  9.720849E-8
3.015	  9.038211E-8
3.025	  8.404013E-8
3.035	  7.814787E-8
3.045	  7.267311E-8
3.055	  6.758598E-8
3.065	  6.285877E-8
3.075	  5.8465755E-8
3.085	  5.4383076E-8
3.095	  5.058859E-8
3.105	  4.7061743E-8
3.115	  4.3783473E-8
3.125	  4.0736076E-8
3.135	  3.7903124E-8
3.145	  3.5269377E-8
3.155	  3.2820676E-8
3.165	  3.0543887E-8
3.175	  2.8426811E-8
3.185	  2.6458132E-8
3.195	  2.4627333E-8
3.205	  2.2924658E-8
3.215	  2.1341041E-8
3.225	  1.9868072E-8
3.235	  1.8497934E-8
3.245	  1.722337E-8
3.255	  1.6037642E-8
3.265	  1.4934491E-8
3.275	  1.3908103E-8
3.285	  1.2953077E-8
3.295	  1.2064397E-8
3.305	  1.1237402E-8
3.315	  1.0467764E-8
3.325	  9.75146E-9
3.335	  9.0847525E-9
3.345	  8.46417E-9
3.355	  7.8864835E-9
3.365	  7.348695E-9
3.375	  6.8480186E-9
3.385	  6.3818635E-9
3.395	  5.947822E-9
3.405	  5.5436566E-9
3.415	  5.1672875E-9
3.425	  4.8167803E-9
3.435	  4.490338E-9
3.445	  4.1862886E-9
3.455	  3.9030787E-9
3.465	  3.6392633E-9
3.475	  3.3934981E-9
3.485	  3.1645342E-9
3.495	  2.9512093E-9
3.505	  2.7524423E-9
3.515	  2.5672284E-9
3.525	  2.3946323E-9
3.535	  2.2337843E-9
3.545	  2.0838749E-9
3.555	  1.9441517E-9
3.565	  1.813914E-9
3.575	  1.6925102E-9
3.585	  1.5793341E-9
3.595	  1.4738211E-9
3.605	  1.3754461E-9
3.615	  1.2837204E-9
3.625	  1.1981891E-9
3.635	  1.1184288E-9
3.645	  1.0440453E-9
3.655	  9.746718E-10
3.665	  9.099667E-10
3.675	  8.49612E-10
3.685	  7.933115E-10
3.695	  7.407897E-10
3.705	  6.9178974E-10
3.715	  6.460725E-10
3.725	  6.034154E-10
3.735	  5.6361105E-10
3.745	  5.2646626E-10
3.755	  4.918012E-10
3.765	  4.5944817E-10
3.775	  4.2925108E-10
3.785	  4.0106443E-10
3.795	  3.7475276E-10
3.805	  3.5018968E-10
3.815	  3.272576E-10
3.825	  3.0584685E-10
3.835	  2.8585517E-10
3.845	  2.6718736E-10
3.855	  2.4975463E-10
3.865	  2.3347427E-10
3.875	  2.1826907E-10
3.885	  2.0406715E-10
3.895	  1.9080147E-10
3.905	  1.7840952E-10
3.915	  1.6683302E-10
3.925	  1.5601762E-10
3.935	  1.4591263E-10
3.945	  1.3647079E-10
3.955	  1.2764804E-10
3.965	  1.1940325E-10
3.975	  1.1169807E-10
3.985	  1.0449673E-10
3.995	  9.776586E-11
4.005	  9.147432E-11



DATASET #3

     Name: BPT Fit
   Points: 401
     Info: Mean = 100.0, Aperiodicity = 0.5, Duration = 30.0, Delta T = 1.0, Num Points = 500, Historic Open Interval = 0.0
Computed mean = 0.84697765

Data[x,y]:
0.0	  0.0
0.01	  0.0
0.02	  0.0
0.03	  0.0
0.04	  0.0
0.05	  0.0
0.06	  2.26E-43
0.07	  2.7162332E-36
0.08	  5.2740557E-31
0.09	  6.556959E-27
0.1	  1.1929917E-23
0.11	  5.3732328E-21
0.12	  8.503098E-19
0.13	  6.0238144E-17
0.14	  2.2709828E-15
0.15	  5.1717043E-14
0.16	  7.823002E-13
0.17	  8.451784E-12
0.18	  6.900057E-11
0.19	  4.4505083E-10
0.2	  2.349994E-9
0.21	  1.04549045E-8
0.22	  4.0122327E-8
0.23	  1.354249E-7
0.24	  4.085829E-7
0.25	  1.1169303E-6
0.26	  2.7984693E-6
0.27	  6.4894284E-6
0.28	  1.4044876E-5
0.29	  2.8574945E-5
0.3	  5.4994613E-5
0.31	  1.0066574E-4
0.32	  1.760894E-4
0.33	  2.9558773E-4
0.34	  4.7790186E-4
0.35	  7.4662745E-4
0.36	  0.001130415
0.37	  0.0016628758
0.38	  0.0023821567
0.39	  0.003330173
0.4	  0.0045515182
0.41	  0.0060920944
0.42	  0.007997527
0.43	  0.010311455
0.44	  0.013073773
0.45	  0.016318941
0.46	  0.020074422
0.47	  0.024359336
0.48	  0.02918341
0.49	  0.03454623
0.5	  0.040436834
0.51	  0.046833683
0.52	  0.053704925
0.53	  0.061009023
0.54	  0.06869561
0.55	  0.0767066
0.56	  0.08497746
0.57	  0.093438625
0.58	  0.10201693
0.59	  0.11063718
0.6	  0.11922352
0.61	  0.1277009
0.62	  0.13599631
0.63	  0.14404005
0.64	  0.15176667
0.65	  0.15911585
0.66	  0.16603313
0.67	  0.17247045
0.68	  0.17838648
0.69	  0.18374687
0.7	  0.18852435
0.71	  0.1926986
0.72	  0.19625616
0.73	  0.19919014
0.74	  0.20149978
0.75	  0.20319018
0.76	  0.20427167
0.77	  0.20475946
0.78	  0.20467292
0.79	  0.2040352
0.8	  0.20287257
0.81	  0.20121397
0.82	  0.1990904
0.83	  0.19653451
0.84	  0.19358003
0.85	  0.19026144
0.86	  0.18661349
0.87	  0.18267088
0.88	  0.1784679
0.89	  0.17403819
0.9	  0.16941446
0.91	  0.16462827
0.92	  0.15970987
0.93	  0.15468805
0.94	  0.14959005
0.95	  0.14444141
0.96	  0.13926603
0.97	  0.13408601
0.98	  0.12892172
0.99	  0.123791784
1.0	  0.118713096
1.01	  0.11370087
1.02	  0.10876867
1.03	  0.1039285
1.04	  0.099190846
1.05	  0.09456476
1.06	  0.09005792
1.07	  0.08567676
1.08	  0.08142649
1.09	  0.07731122
1.1	  0.07333404
1.11	  0.06949709
1.12	  0.06580166
1.13	  0.06224824
1.14	  0.05883663
1.15	  0.05556599
1.16	  0.05243492
1.17	  0.04944152
1.18	  0.046583463
1.19	  0.043858033
1.2	  0.04126221
1.21	  0.03879269
1.22	  0.03644595
1.23	  0.034218285
1.24	  0.032105852
1.25	  0.030104699
1.26	  0.028210798
1.27	  0.026420083
1.28	  0.024728462
1.29	  0.023131857
1.3	  0.021626206
1.31	  0.020207498
1.32	  0.018871777
1.33	  0.017615162
1.34	  0.016433852
1.35	  0.015324143
1.36	  0.0142824305
1.37	  0.013305221
1.38	  0.012389128
1.39	  0.011530887
1.4	  0.0107273515
1.41	  0.009975494
1.42	  0.009272409
1.43	  0.008615315
1.44	  0.008001549
1.45	  0.0074285697
1.46	  0.006893953
1.47	  0.006395389
1.48	  0.0059306836
1.49	  0.0054977518
1.5	  0.0050946157
1.51	  0.004719401
1.52	  0.004370334
1.53	  0.004045739
1.54	  0.0037440308
1.55	  0.0034637167
1.56	  0.0032033874
1.57	  0.0029617166
1.58	  0.0027374562
1.59	  0.0025294328
1.6	  0.0023365435
1.61	  0.002157754
1.62	  0.0019920936
1.63	  0.0018386524
1.64	  0.0016965785
1.65	  0.0015650742
1.66	  0.0014433935
1.67	  0.0013308391
1.68	  0.0012267596
1.69	  0.0011305466
1.7	  0.0010416326
1.71	  9.594884E-4
1.72	  8.836205E-4
1.73	  8.1356947E-4
1.74	  7.4890733E-4
1.75	  6.892358E-4
1.76	  6.341845E-4
1.77	  5.834091E-4
1.78	  5.365894E-4
1.79	  4.9342826E-4
1.8	  4.536495E-4
1.81	  4.16997E-4
1.82	  3.8323307E-4
1.83	  3.5213731E-4
1.84	  3.235054E-4
1.85	  2.9714807E-4
1.86	  2.728899E-4
1.87	  2.5056856E-4
1.88	  2.3003371E-4
1.89	  2.1114633E-4
1.9	  1.9377776E-4
1.91	  1.7780907E-4
1.92	  1.6313032E-4
1.93	  1.4963989E-4
1.94	  1.3724394E-4
1.95	  1.2585577E-4
1.96	  1.1539539E-4
1.97	  1.0578891E-4
1.98	  9.696818E-5
1.99	  8.887033E-5
2.0	  8.143738E-5
2.01	  7.461587E-5
2.02	  6.835654E-5
2.03	  6.261397E-5
2.04	  5.734634E-5
2.05	  5.251512E-5
2.06	  4.808483E-5
2.07	  4.4022807E-5
2.08	  4.0298994E-5
2.09	  3.688572E-5
2.1	  3.3757544E-5
2.11	  3.0891046E-5
2.12	  2.8264703E-5
2.13	  2.5858724E-5
2.14	  2.365491E-5
2.15	  2.163654E-5
2.16	  1.978825E-5
2.17	  1.8095921E-5
2.18	  1.6546588E-5
2.19	  1.5128344E-5
2.2	  1.3830253E-5
2.21	  1.2642277E-5
2.22	  1.1555205E-5
2.23	  1.05605795E-5
2.24	  9.650642E-6
2.25	  8.818276E-6
2.26	  8.056952E-6
2.27	  7.360681E-6
2.28	  6.7239744E-6
2.29	  6.1417963E-6
2.3	  5.6095328E-6
2.31	  5.122953E-6
2.32	  4.6781815E-6
2.33	  4.271666E-6
2.34	  3.9001516E-6
2.35	  3.5606581E-6
2.36	  3.2504545E-6
2.37	  2.9670405E-6
2.38	  2.7081257E-6
2.39	  2.4716142E-6
2.4	  2.2555867E-6
2.41	  2.058286E-6
2.42	  1.878105E-6
2.43	  1.7135717E-6
2.44	  1.56334E-6
2.45	  1.4261782E-6
2.46	  1.3009593E-6
2.47	  1.1866528E-6
2.48	  1.0823159E-6
2.49	  9.870864E-7
2.5	  9.001762E-7
2.51	  8.2086456E-7
2.52	  7.484924E-7
2.53	  6.824576E-7
2.54	  6.2220954E-7
2.55	  5.672451E-7
2.56	  5.1710435E-7
2.57	  4.713673E-7
2.58	  4.2965E-7
2.59	  3.9160176E-7
2.6	  3.569022E-7
2.61	  3.2525872E-7
2.62	  2.9640404E-7
2.63	  2.7009406E-7
2.64	  2.4610588E-7
2.65	  2.2423602E-7
2.66	  2.042986E-7
2.67	  1.86124E-7
2.68	  1.6955735E-7
2.69	  1.544573E-7
2.7	  1.406948E-7
2.71	  1.2815211E-7
2.72	  1.1672178E-7
2.73	  1.0630573E-7
2.74	  9.681449E-8
2.75	  8.816642E-8
2.76	  8.028706E-8
2.77	  7.3108446E-8
2.78	  6.656861E-8
2.79	  6.061102E-8
2.8	  5.5184127E-8
2.81	  5.0240903E-8
2.82	  4.5738464E-8
2.83	  4.163771E-8
2.84	  3.790299E-8
2.85	  3.4501795E-8
2.86	  3.140449E-8
2.87	  2.858405E-8
2.88	  2.6015854E-8
2.89	  2.3677446E-8
2.9	  2.1548361E-8
2.91	  1.9609953E-8
2.92	  1.784522E-8
2.93	  1.6238673E-8
2.94	  1.4776195E-8
2.95	  1.3444924E-8
2.96	  1.2233141E-8
2.97	  1.1130165E-8
2.98	  1.012627E-8
2.99	  9.21259E-9
3.0	  8.381053E-9
3.01	  7.624305E-9
3.02	  6.935644E-9
3.03	  6.3089702E-9
3.04	  5.7387255E-9
3.05	  5.219848E-9
3.06	  4.747729E-9
3.07	  4.31817E-9
3.08	  3.9273487E-9
3.09	  3.571785E-9
3.1	  3.2483098E-9
3.11	  2.9540372E-9
3.12	  2.6863405E-9
3.13	  2.4428277E-9
3.14	  2.221322E-9
3.15	  2.019841E-9
3.16	  1.8365808E-9
3.17	  1.6698988E-9
3.18	  1.5183004E-9
3.19	  1.3804251E-9
3.2	  1.2550345E-9
3.21	  1.1410018E-9
3.22	  1.0373016E-9
3.23	  9.430002E-10
3.24	  8.5724866E-10
3.25	  7.79274E-10
3.26	  7.083731E-10
3.27	  6.439061E-10
3.28	  5.8529087E-10
3.29	  5.3199783E-10
3.3	  4.8354504E-10
3.31	  4.3949414E-10
3.32	  3.9944634E-10
3.33	  3.630389E-10
3.34	  3.299418E-10
3.35	  2.998548E-10
3.36	  2.7250494E-10
3.37	  2.4764385E-10
3.38	  2.2504562E-10
3.39	  2.0450484E-10
3.4	  1.8583465E-10
3.41	  1.6886514E-10
3.42	  1.5344177E-10
3.43	  1.3942403E-10
3.44	  1.2668411E-10
3.45	  1.15105814E-10
3.46	  1.04583474E-10
3.47	  9.502101E-11
3.48	  8.6331074E-11
3.49	  7.8434224E-11
3.5	  7.125825E-11
3.51	  6.473749E-11
3.52	  5.881226E-11
3.53	  5.3428276E-11
3.54	  4.8536217E-11
3.55	  4.4091227E-11
3.56	  4.005254E-11
3.57	  3.6383094E-11
3.58	  3.3049202E-11
3.59	  3.002024E-11
3.6	  2.7268379E-11
3.61	  2.4768316E-11
3.62	  2.249706E-11
3.63	  2.0433709E-11
3.64	  1.855927E-11
3.65	  1.6856481E-11
3.66	  1.5309655E-11
3.67	  1.390453E-11
3.68	  1.2628153E-11
3.69	  1.1468747E-11
3.7	  1.0415613E-11
3.71	  9.4590264E-12
3.72	  8.590154E-12
3.73	  7.800965E-12
3.74	  7.0841657E-12
3.75	  6.4331275E-12
3.76	  5.8418275E-12
3.77	  5.3047935E-12
3.78	  4.817054E-12
3.79	  4.374092E-12
3.8	  3.971802E-12
3.81	  3.6064574E-12
3.82	  3.2746698E-12
3.83	  2.9733622E-12
3.84	  2.6997389E-12
3.85	  2.45126E-12
3.86	  2.2256188E-12
3.87	  2.0207193E-12
3.88	  1.8346579E-12
3.89	  1.6657051E-12
3.9	  1.5122903E-12
3.91	  1.3729865E-12
3.92	  1.2464976E-12
3.93	  1.1316466E-12
3.94	  1.0273642E-12
3.95	  9.326792E-13
3.96	  8.467096E-13
3.97	  7.686543E-13
3.98	  6.977857E-13
3.99	  6.3344306E-13
4.0	  5.750262E-13


