
X-Axis: Normalized Distance Along Strike
Y-Axis: Hypocenter Density
Number of Data Sets: 4


DATASET #1

     Name: 
   Points: 31
     Info: 

Data[x,y]:
0.05	  0.0031884506
0.15	  0.0074963327
0.25	  0.011811935
0.35	  0.0190149
0.45	  0.026569135
0.55	  0.03449008
0.65	  0.042696673
0.75	  0.0499807
0.85	  0.0598124
0.95	  0.07526056
1.05	  0.037292518
1.15	  0.03341311
1.25	  0.032154713
1.35	  0.031934686
1.45	  0.034883812
1.55	  0.034883812
1.65	  0.031934686
1.75	  0.032154713
1.85	  0.03341311
1.95	  0.037269358
2.05	  0.07528372
2.15	  0.0598124
2.25	  0.0499807
2.35	  0.042696673
2.45	  0.03449008
2.55	  0.026569135
2.65	  0.0190149
2.75	  0.011811935
2.85	  0.0074963327
2.95	  0.0031845905
3.05	  3.8601097E-6



DATASET #2

     Name: 
   Points: 31
     Info: 

Data[x,y]:
0.05	  7.720219E-6
0.15	  2.7020767E-5
0.25	  3.8601097E-6
0.35	  1.1580329E-5
0.45	  1.9300549E-5
0.55	  1.9300549E-5
0.65	  7.7202196E-5
0.75	  1.2738362E-4
0.85	  3.4354976E-4
0.95	  0.0010229291
1.05	  0.004967961
1.15	  0.005917548
1.25	  0.005960009
1.35	  0.0057477034
1.45	  0.0059677293
1.55	  0.0059677293
1.65	  0.0057477034
1.75	  0.005960009
1.85	  0.005917548
1.95	  0.004967961
2.05	  0.0010229291
2.15	  3.4354976E-4
2.25	  1.2738362E-4
2.35	  7.7202196E-5
2.45	  1.9300549E-5
2.55	  1.9300549E-5
2.65	  1.1580329E-5
2.75	  3.8601097E-6
2.85	  2.7020767E-5
2.95	  7.720219E-6
3.05	  0.0



DATASET #3

Name: 
Num Points: 4
Info: 

X, Y Data:
0.021	  0.001053972
0.021	  0.104343235
2.979	  0.104343235
2.979	  0.001053972



DATASET #4

Name: 
Num Points: 4
Info: 

X, Y Data:
1.0	  0.001053972
1.0	  0.09380351
2.0	  0.09380351
2.0	  0.001053972


