
X-Axis: PGA (g)
Y-Axis: Annual Probabilitiy
Number of Data Sets: 6


DATASET #1

Name: UCERF3 Full
Num Points: 51
Info: 

X, Y Data:
1.0E-4	0.8288505
1.3E-4	0.8287435
1.6E-4	0.8285603
2.0E-4	0.82818156
2.5E-4	0.827484
3.2E-4	0.82610893
4.0E-4	0.8240413
5.0E-4	0.82086235
6.3E-4	0.8160047
7.9E-4	0.8092703
0.001	0.7996662
0.00126	0.7871303
0.00158	0.7712706
0.002	0.75029397
0.00251	0.7250847
0.00316	0.6938622
0.00398	0.65638185
0.00501	0.6126591
0.00631	0.56281346
0.00794	0.50804853
0.01	0.44934028
0.01259	0.38883844
0.01585	0.32859242
0.01995	0.27082434
0.02512	0.21738485
0.03162	0.16999418
0.03981	0.12950745
0.05012	0.09628569
0.0631	0.07003202
0.07943	0.049990438
0.1	0.035084877
0.12589	0.024207525
0.15849	0.016340693
0.19953	0.010691321
0.25119	0.0066934344
0.31623	0.0039530518
0.39811	0.0021733134
0.50119	0.0011001342
0.63096	5.086531E-4
0.79433	2.1377768E-4
1.0	8.1543505E-5
1.25893	2.8277447E-5
1.58489	8.959869E-6
1.99526	2.6139714E-6
2.51189	7.0866116E-7
3.16228	1.8002503E-7
3.98107	4.3060716E-8
5.01187	9.697284E-9
6.30957	2.047735E-9
7.94328	4.0288162E-10
10.0	7.334333E-11



DATASET #2

Name: UCERF3
Num Points: 401
Info: 

X, Y Data:
1.0E-4	0.05213829
1.0333392E-4	0.05213829
1.06779E-4	0.05213829
1.1033893E-4	0.05213829
1.14017545E-4	0.05213829
1.178188E-4	0.05213829
1.2174679E-4	0.05213829
1.2580573E-4	0.05213829
1.3E-4	0.05213829
1.334183E-4	0.05213829
1.369265E-4	0.05213829
1.4052694E-4	0.05213829
1.4422205E-4	0.05213829
1.4801433E-4	0.05213829
1.5190631E-4	0.05213829
1.5590065E-4	0.05213829
1.6E-4	0.05213829
1.645257E-4	0.05213829
1.691794E-4	0.05213829
1.7396474E-4	0.05213829
1.7888544E-4	0.05213829
1.8394532E-4	0.05213829
1.8914833E-4	0.05213829
1.944985E-4	0.05213829
2.0E-4	0.05213829
2.0565712E-4	0.05213829
2.1147425E-4	0.05213829
2.1745593E-4	0.05213829
2.236068E-4	0.05213829
2.2993165E-4	0.05213829
2.364354E-4	0.05213829
2.4312311E-4	0.05213829
2.5E-4	0.05213829
2.5783465E-4	0.05213829
2.659148E-4	0.05213829
2.742482E-4	0.05213829
2.8284272E-4	0.05213829
2.917066E-4	0.05213829
3.0084825E-4	0.05213829
3.102764E-4	0.05213829
3.2E-4	0.05213829
3.290514E-4	0.05213829
3.383588E-4	0.05213829
3.4792948E-4	0.05213829
3.5777088E-4	0.05213829
3.6789064E-4	0.05213829
3.7829665E-4	0.052138288
3.88997E-4	0.052138288
4.0E-4	0.052138288
4.1131425E-4	0.052138288
4.229485E-4	0.052138284
4.3491187E-4	0.052138284
4.472136E-4	0.052138284
4.598633E-4	0.05213828
4.728708E-4	0.052138276
4.8624622E-4	0.052138276
5.0E-4	0.052138273
5.1465514E-4	0.05213827
5.2973983E-4	0.05213826
5.4526667E-4	0.052138258
5.612486E-4	0.05213825
5.77699E-4	0.052138243
5.946315E-4	0.05213823
6.120603E-4	0.05213822
6.3E-4	0.052138206
6.4807665E-4	0.05213819
6.6667196E-4	0.052138172
6.858008E-4	0.05213815
7.0547854E-4	0.052138127
7.257209E-4	0.052138098
7.465441E-4	0.05213806
7.6796475E-4	0.052138023
7.9E-4	0.052137975
8.136239E-4	0.05213792
8.379543E-4	0.05213785
8.630122E-4	0.052137773
8.8881946E-4	0.052137684
9.153984E-4	0.05213758
9.427722E-4	0.05213746
9.7096455E-4	0.05213732
0.001	0.05213716
0.0010293103	0.052136973
0.0010594797	0.052136764
0.0010905333	0.05213652
0.0011224973	0.052136242
0.001155398	0.052135926
0.001189263	0.05213556
0.0012241206	0.052135147
0.00126	0.052134674
0.0012961533	0.052134145
0.0013333439	0.05213355
0.0013716016	0.05213287
0.0014109571	0.052132107
0.0014514418	0.05213124
0.0014930882	0.052130263
0.0015359295	0.052129164
0.00158	0.052127928
0.0016272478	0.05212648
0.0016759086	0.052124843
0.0017260244	0.052123
0.0017776389	0.05212093
0.0018307968	0.052118607
0.0018855444	0.052116003
0.0019419291	0.052113086
0.002	0.052109826
0.0020575977	0.052106332
0.002116854	0.052102447
0.002177817	0.05209814
0.0022405356	0.052093375
0.0023050604	0.0520881
0.0023714434	0.052082278
0.0024397383	0.052075855
0.00251	0.05206878
0.0025833033	0.052060887
0.0026587474	0.0520522
0.0027363948	0.052042656
0.0028163097	0.052032188
0.0028985585	0.052020717
0.0029832094	0.052008167
0.0030703326	0.05199445
0.00316	0.051979482
0.0032524571	0.05196314
0.0033476194	0.051945347
0.003445566	0.051926006
0.0035463783	0.051905006
0.0036501405	0.051882237
0.0037569385	0.051857583
0.003866861	0.05183092
0.00398	0.05180213
0.004096165	0.05177115
0.0042157196	0.05173779
0.0043387646	0.051701903
0.0044654002	0.051663358
0.0045957323	0.051622007
0.0047298684	0.051577702
0.0048679197	0.051530294
0.00501	0.05147963
0.005156579	0.051425423
0.0053074467	0.051367633
0.005462728	0.0513061
0.0056225527	0.051240664
0.0057870536	0.05117116
0.005956367	0.051097438
0.0061306343	0.05101933
0.00631	0.05093668
0.006493865	0.050849687
0.0066830874	0.050757874
0.0068778237	0.050661094
0.007078234	0.050559193
0.0072844843	0.050452027
0.0074967444	0.050339453
0.00771519	0.05022133
0.00794	0.05009753
0.008172275	0.049967393
0.008411343	0.049831275
0.008657407	0.049689047
0.008910668	0.04954059
0.009171338	0.049385794
0.009439633	0.049224548
0.009715778	0.049056754
0.01	0.04888231
0.010292081	0.04870141
0.010592694	0.048513696
0.010902087	0.048319094
0.011220517	0.04811752
0.011548247	0.047908895
0.011885551	0.047693156
0.012232705	0.047470223
0.01259	0.047240037
0.012957647	0.047002584
0.013336032	0.046757758
0.013725464	0.046505492
0.01412627	0.046245735
0.014538779	0.045978423
0.014963334	0.045703508
0.015400288	0.04542093
0.01585	0.04513064
0.016312422	0.04483285
0.016788337	0.044527262
0.017278135	0.044213817
0.017782224	0.043892473
0.01830102	0.043563183
0.01883495	0.043225907
0.019384459	0.042880602
0.01995	0.04252724
0.020533005	0.04216519
0.021133045	0.041795
0.021750621	0.041416656
0.022386245	0.04103015
0.023040446	0.04063549
0.023713762	0.040232684
0.024406755	0.039821763
0.02512	0.039402764
0.025853088	0.038976323
0.02660757	0.038541958
0.027384069	0.038099755
0.02818323	0.037649818
0.029005712	0.03719228
0.029852198	0.03672729
0.030723387	0.036255017
0.03162	0.03577565
0.032543603	0.035288975
0.033494186	0.034795653
0.034472536	0.034295943
0.03547946	0.033790134
0.0365158	0.03327853
0.03758241	0.03276146
0.03868017	0.03223928
0.03981	0.031712364
0.040972695	0.031181162
0.042169347	0.030646026
0.04340095	0.03010738
0.044668525	0.029565668
0.04597312	0.02902134
0.047315817	0.02847486
0.04869773	0.027926702
0.05012	0.027377343
0.0515838	0.026827265
0.053090356	0.02627695
0.05464091	0.025726875
0.05623675	0.025177518
0.0578792	0.024629347
0.059569612	0.024082825
0.0613094	0.0235384
0.0631	0.02299651
0.06494172	0.022457914
0.066837184	0.021922674
0.06878798	0.021391176
0.070795715	0.02086378
0.072862044	0.020340838
0.074988686	0.019822666
0.077177405	0.019309565
0.07943	0.018801814
0.08174976	0.018299362
0.08413727	0.017802747
0.08659451	0.017312178
0.08912351	0.016827838
0.09172637	0.016349891
0.09440525	0.015878478
0.097162366	0.015413723
0.1	0.014955728
0.102919795	0.01450469
0.10592484	0.014060567
0.109017625	0.013623416
0.112200715	0.013193283
0.11547674	0.012770202
0.11884842	0.012354197
0.12231855	0.011945287
0.12589	0.011543482
0.12956645	0.011148715
0.13335027	0.01076107
0.13724458	0.010380549
0.14125264	0.010007157
0.14537773	0.009640896
0.14962329	0.009281771
0.15399285	0.008929792
0.15849	0.008584968
0.16311829	0.008247328
0.16788174	0.007916875
0.17278428	0.0075936303
0.17783	0.007277618
0.18302307	0.006968867
0.18836778	0.0066674068
0.19386858	0.00637327
0.19953	0.0060864915
0.20535603	0.005807139
0.21135218	0.005535212
0.21752341	0.0052707433
0.22387484	0.0050137644
0.23041171	0.0047643026
0.23713945	0.004522382
0.24406363	0.0042880196
0.25119	0.004061227
0.25852492	0.0038419953
0.26607406	0.0036303343
0.27384362	0.003426231
0.28184006	0.003229662
0.29007	0.0030405938
0.29854023	0.002858981
0.30725783	0.0026847676
0.31623	0.0025178848
0.32546407	0.0023582536
0.33496782	0.00220578
0.34474903	0.0020603598
0.3548159	0.0019218766
0.3651767	0.0017902025
0.37584007	0.0016651985
0.3868148	0.0015467153
0.39811	0.0014345935
0.40973493	0.0013286653
0.42169935	0.001228753
0.4340131	0.0011346721
0.44668642	0.0010462316
0.4597298	9.6323463E-4
0.47315407	8.8547973E-4
0.4869703	8.127618E-4
0.50119	7.448728E-4
0.5158249	6.8160304E-4
0.5308872	6.227422E-4
0.5463893	5.680801E-4
0.5623441	5.1740743E-4
0.57876474	4.7051694E-4
0.59566486	4.272041E-4
0.61305845	3.8726785E-4
0.63096	3.505113E-4
0.6493842	3.1674252E-4
0.6683464	2.8577453E-4
0.6878623	2.5742647E-4
0.7079481	2.3152368E-4
0.72862035	2.0789806E-4
0.7498962	1.8638842E-4
0.7717934	1.6684065E-4
0.79433	1.4910789E-4
0.8175246	1.3305059E-4
0.8413966	1.1853662E-4
0.86596555	1.0544114E-4
0.8912519	9.364664E-5
0.9172767	8.304279E-5
0.9440614	7.35263E-5
0.97162825	6.500075E-5
1.0	5.737636E-5
1.029201	5.0569623E-5
1.0592546	4.450356E-5
1.090186	3.9106886E-5
1.1220205	3.4313958E-5
1.1547846	3.0064457E-5
1.1885055	2.630311E-5
1.223211	2.29794E-5
1.25893	2.0047257E-5
1.2956905	1.7464878E-5
1.3335243	1.5194122E-5
1.3724631	1.3200579E-5
1.4125386	1.14531695E-5
1.4537846	9.923893E-6
1.4962348	8.587577E-6
1.5399245	7.421646E-6
1.58489	6.4058922E-6
1.6311698	5.522251E-6
1.678801	4.7546732E-6
1.727823	4.0888626E-6
1.7782766	3.512133E-6
1.8302034	3.0132503E-6
1.8836465	2.5822872E-6
1.9386501	2.210487E-6
1.99526	1.8901427E-6
2.0535233	1.61448E-6
2.113488	1.3775622E-6
2.1752036	1.1741905E-6
2.2387214	9.998215E-7
2.304094	8.5049345E-7
2.3713756	7.2275424E-7
2.4406219	6.1360413E-7
2.51189	5.204399E-7
2.5852382	4.410049E-7
2.6607285	3.733457E-7
2.7384229	3.15776E-7
2.818386	2.6683938E-7
2.900684	2.2528205E-7
2.9853854	1.9002482E-7
3.0725598	1.6014074E-7
3.16228	1.3483627E-7
3.2546198	1.1342915E-7
3.3496559	9.5335444E-8
3.447467	8.005626E-8
3.5481343	6.71652E-8
3.6517413	5.6298855E-8
3.7583735	4.7147545E-8
3.8681195	3.9447404E-8
3.98107	3.297415E-8
4.097319	2.7537094E-8
4.2169633	2.2974593E-8
4.340101	1.9149766E-8
4.466834	1.5946103E-8
4.5972676	1.3265218E-8
4.7315106	1.1023822E-8
4.869673	9.151809E-9
5.01187	7.589891E-9
5.1582193	6.287899E-9
5.3088417	5.203706E-9
5.463863	4.301812E-9
5.62341	3.5522911E-9
5.7876167	2.930102E-9
5.9566183	2.4141593E-9
6.1305547	1.9867548E-9
6.30957	1.6331624E-9
6.493813	1.3409127E-9
6.683436	1.0996286E-9
6.878596	9.0064123E-10
7.079455	7.3675044E-10
7.286179	6.019315E-10
7.4989395	4.9116167E-10
7.7179127	4.0023684E-10
7.94328	3.2571712E-10
8.175228	2.6473967E-10
8.41395	2.1489377E-10
8.659641	1.7419333E-10
8.912508	1.4100587E-10
9.172758	1.14002696E-10
9.440608	9.2024055E-11
9.716279	7.4173334E-11
10.0	5.969947E-11



DATASET #3

Name: RSQSim
Num Points: 401
Info: 

X, Y Data:
1.0E-4	0.06395732
1.0333392E-4	0.06395732
1.06779E-4	0.06395732
1.1033893E-4	0.06395732
1.14017545E-4	0.06395732
1.178188E-4	0.06395732
1.2174679E-4	0.06395732
1.2580573E-4	0.06395732
1.3E-4	0.06395732
1.334183E-4	0.06395732
1.369265E-4	0.06395732
1.4052694E-4	0.06395732
1.4422205E-4	0.06395732
1.4801433E-4	0.06395732
1.5190631E-4	0.06395732
1.5590065E-4	0.06395732
1.6E-4	0.06395732
1.645257E-4	0.06395732
1.691794E-4	0.06395732
1.7396474E-4	0.06395732
1.7888544E-4	0.06395732
1.8394532E-4	0.06395732
1.8914833E-4	0.06395732
1.944985E-4	0.06395732
2.0E-4	0.06395732
2.0565712E-4	0.06395732
2.1147425E-4	0.06395732
2.1745593E-4	0.06395732
2.236068E-4	0.06395732
2.2993165E-4	0.06395732
2.364354E-4	0.06395732
2.4312311E-4	0.06395732
2.5E-4	0.06395732
2.5783465E-4	0.06395732
2.659148E-4	0.06395732
2.742482E-4	0.06395732
2.8284272E-4	0.06395732
2.917066E-4	0.06395732
3.0084825E-4	0.06395732
3.102764E-4	0.06395732
3.2E-4	0.06395732
3.290514E-4	0.06395732
3.383588E-4	0.06395732
3.4792948E-4	0.06395732
3.5777088E-4	0.06395732
3.6789064E-4	0.06395732
3.7829665E-4	0.06395732
3.88997E-4	0.06395732
4.0E-4	0.06395731
4.1131425E-4	0.06395731
4.229485E-4	0.06395731
4.3491187E-4	0.06395731
4.472136E-4	0.063957304
4.598633E-4	0.063957304
4.728708E-4	0.0639573
4.8624622E-4	0.0639573
5.0E-4	0.06395729
5.1465514E-4	0.06395728
5.2973983E-4	0.063957274
5.4526667E-4	0.06395727
5.612486E-4	0.06395726
5.77699E-4	0.063957244
5.946315E-4	0.06395723
6.120603E-4	0.063957214
6.3E-4	0.06395719
6.4807665E-4	0.06395717
6.6667196E-4	0.06395714
6.858008E-4	0.06395711
7.0547854E-4	0.063957065
7.257209E-4	0.06395702
7.465441E-4	0.063956976
7.6796475E-4	0.06395691
7.9E-4	0.06395684
8.136239E-4	0.06395676
8.379543E-4	0.06395666
8.630122E-4	0.063956544
8.8881946E-4	0.06395642
9.153984E-4	0.06395626
9.427722E-4	0.06395608
9.7096455E-4	0.06395588
0.001	0.06395564
0.0010293103	0.063955374
0.0010594797	0.06395507
0.0010905333	0.063954726
0.0011224973	0.06395432
0.001155398	0.06395387
0.001189263	0.063953355
0.0012241206	0.06395277
0.00126	0.063952096
0.0012961533	0.06395135
0.0013333439	0.06395052
0.0013716016	0.06394957
0.0014109571	0.063948505
0.0014514418	0.063947305
0.0014930882	0.063945964
0.0015359295	0.06394445
0.00158	0.06394277
0.0016272478	0.06394079
0.0016759086	0.06393858
0.0017260244	0.06393611
0.0017776389	0.063933335
0.0018307968	0.06393024
0.0018855444	0.06392679
0.0019419291	0.06392295
0.002	0.06391868
0.0020575977	0.06391412
0.002116854	0.06390908
0.002177817	0.06390353
0.0022405356	0.06389742
0.0023050604	0.063890696
0.0023714434	0.06388331
0.0024397383	0.06387521
0.00251	0.06386634
0.0025833033	0.06385649
0.0026587474	0.06384572
0.0027363948	0.063833944
0.0028163097	0.0638211
0.0028985585	0.063807115
0.0029832094	0.063791886
0.0030703326	0.06377534
0.00316	0.06375738
0.0032524571	0.06373788
0.0033476194	0.063716754
0.003445566	0.0636939
0.0035463783	0.06366923
0.0036501405	0.0636426
0.0037569385	0.06361391
0.003866861	0.06358302
0.00398	0.0635498
0.004096165	0.06351422
0.0042157196	0.06347605
0.0043387646	0.06343515
0.0044654002	0.06339138
0.0045957323	0.063344575
0.0047298684	0.06329458
0.0048679197	0.06324124
0.00501	0.06318437
0.005156579	0.063123666
0.0053074467	0.06305907
0.005462728	0.06299039
0.0056225527	0.06291745
0.0057870536	0.062840044
0.005956367	0.062757984
0.0061306343	0.06267106
0.00631	0.06257906
0.006493865	0.06248217
0.0066830874	0.062379826
0.0068778237	0.062271796
0.007078234	0.062157866
0.0072844843	0.062037803
0.0074967444	0.061911378
0.00771519	0.06177835
0.00794	0.061638493
0.008172275	0.06149097
0.008411343	0.06133607
0.008657407	0.061173547
0.008910668	0.06100315
0.009171338	0.06082462
0.009439633	0.060637724
0.009715778	0.060442194
0.01	0.060237788
0.010292081	0.060024593
0.010592694	0.05980205
0.010902087	0.059569925
0.011220517	0.05932797
0.011548247	0.059075955
0.011885551	0.058813643
0.012232705	0.058540817
0.01259	0.058257252
0.012957647	0.05796281
0.013336032	0.05765722
0.013725464	0.057340294
0.01412627	0.05701185
0.014538779	0.056671713
0.014963334	0.05631972
0.015400288	0.05595573
0.01585	0.055579603
0.016312422	0.055191576
0.016788337	0.054791212
0.017278135	0.05437842
0.017782224	0.05395313
0.01830102	0.053515285
0.01883495	0.053064853
0.019384459	0.052601814
0.01995	0.05212617
0.020533005	0.051637135
0.021133045	0.051135525
0.021750621	0.050621398
0.022386245	0.05009485
0.023040446	0.049555987
0.023713762	0.049004942
0.024406755	0.048441883
0.02512	0.047866985
0.025853088	0.047281258
0.02660757	0.04668417
0.027384069	0.046075974
0.02818323	0.04545696
0.029005712	0.044827435
0.029852198	0.044187743
0.030723387	0.043538235
0.03162	0.04287931
0.032543603	0.042210784
0.033494186	0.04153367
0.034472536	0.040848445
0.03547946	0.040155586
0.0365158	0.03945561
0.03758241	0.038749058
0.03868017	0.038036477
0.03981	0.037318453
0.040972695	0.036595657
0.042169347	0.035868626
0.04340095	0.035137985
0.044668525	0.03440438
0.04597312	0.03366846
0.047315817	0.03293089
0.04869773	0.032192346
0.05012	0.031453498
0.0515838	0.030715032
0.053090356	0.029977625
0.05464091	0.029241953
0.05623675	0.028508687
0.0578792	0.027778497
0.059569612	0.027052034
0.0613094	0.026329946
0.0631	0.025612859
0.06494172	0.024901835
0.066837184	0.024197012
0.06878798	0.023498962
0.070795715	0.022808233
0.072862044	0.022125352
0.074988686	0.021450818
0.077177405	0.0207851
0.07943	0.020128647
0.08174976	0.019481484
0.08413727	0.018844396
0.08659451	0.018217737
0.08912351	0.017601833
0.09172637	0.016996982
0.09440525	0.016403444
0.097162366	0.015821457
0.1	0.015251225
0.102919795	0.01469306
0.10592484	0.0141469715
0.109017625	0.013613083
0.112200715	0.0130914925
0.11547674	0.012582271
0.11884842	0.012085471
0.12231855	0.01160112
0.12589	0.0111292275
0.12956645	0.010669692
0.13335027	0.010222579
0.13724458	0.0097878445
0.14125264	0.009365427
0.14537773	0.008955254
0.14962329	0.008557237
0.15399285	0.008171278
0.15849	0.007797268
0.16311829	0.007435103
0.16788174	0.0070846383
0.17278428	0.006745738
0.17783	0.006418257
0.18302307	0.006102045
0.18836778	0.005796944
0.19386858	0.0055027893
0.19953	0.005219412
0.20535603	0.004946668
0.21135218	0.0046843425
0.21752341	0.004432249
0.22387484	0.004190197
0.23041171	0.0039579915
0.23713945	0.0037354315
0.24406363	0.003522313
0.25119	0.0033184264
0.25852492	0.003123547
0.26607406	0.0029374706
0.27384362	0.0027599768
0.28184006	0.0025908411
0.29007	0.0024298362
0.29854023	0.0022767312
0.30725783	0.002131293
0.31623	0.0019932864
0.32546407	0.001862475
0.33496782	0.0017386191
0.34474903	0.0016214788
0.3548159	0.0015108143
0.3651767	0.0014063853
0.37584007	0.0013079523
0.3868148	0.0012152765
0.39811	0.0011281209
0.40973493	0.0010462512
0.42169935	9.69434E-4
0.4340131	8.9744E-4
0.44668642	8.3004346E-4
0.4597298	7.6702243E-4
0.47315407	7.081596E-4
0.4869703	6.532423E-4
0.50119	6.020633E-4
0.5158249	5.5442087E-4
0.5308872	5.101191E-4
0.5463893	4.6896836E-4
0.5623441	4.307853E-4
0.57876474	3.9539317E-4
0.59566486	3.6262194E-4
0.61305845	3.3230838E-4
0.63096	3.0429615E-4
0.6493842	2.78436E-4
0.6683464	2.5458535E-4
0.6878623	2.3260865E-4
0.7079481	2.123772E-4
0.72862035	1.9376902E-4
0.7498962	1.7666875E-4
0.7717934	1.6096748E-4
0.79433	1.4656266E-4
0.8175246	1.3335784E-4
0.8413966	1.2126245E-4
0.86596555	1.101917E-4
0.8912519	1.0006624E-4
0.9172767	9.0812006E-5
0.9440614	8.235993E-5
0.97162825	7.4645766E-5
1.0	6.760977E-5
1.029201	6.119636E-5
1.0592546	5.535435E-5
1.090186	5.0036193E-5
1.1220205	4.5197947E-5
1.1547846	4.0799026E-5
1.1885055	3.680202E-5
1.223211	3.3172448E-5
1.25893	2.9878584E-5
1.2956905	2.6891374E-5
1.3335243	2.4183875E-5
1.3724631	2.173149E-5
1.4125386	1.951165E-5
1.4537846	1.7503668E-5
1.4962348	1.568859E-5
1.5399245	1.404907E-5
1.58489	1.2569224E-5
1.6311698	1.1234493E-5
1.678801	1.0031643E-5
1.727823	8.948537E-6
1.7782766	7.974089E-6
1.8302034	7.0981787E-6
1.8836465	6.3115667E-6
1.9386501	5.6058248E-6
1.99526	4.9732657E-6
2.0535233	4.406878E-6
2.113488	3.9002816E-6
2.1752036	3.447662E-6
2.2387214	3.0437254E-6
2.304094	2.6836567E-6
2.3713756	2.3630776E-6
2.4406219	2.0780103E-6
2.51189	1.8248431E-6
2.5852382	1.6003027E-6
2.6607285	1.4014149E-6
2.7384229	1.2254903E-6
2.818386	1.070095E-6
2.900684	9.3302936E-7
2.9853854	8.123073E-7
3.0725598	7.061377E-7
3.16228	6.129073E-7
3.2546198	5.3116486E-7
3.3496559	4.5960635E-7
3.447467	3.9706197E-7
3.5481343	3.4248373E-7
3.6517413	2.9493432E-7
3.7583735	2.5357645E-7
3.8681195	2.1766351E-7
3.98107	1.8653097E-7
4.097319	1.5958794E-7
4.2169633	1.3631053E-7
4.340101	1.16234574E-7
4.466834	9.894971E-8
4.5972676	8.409382E-8
4.7315106	7.134792E-8
4.869673	6.043159E-8
5.01187	5.1098716E-8
5.1582193	4.3133802E-8
5.3088417	3.6348442E-8
5.463863	3.057827E-8
5.62341	2.5680201E-8
5.7876167	2.1529877E-8
5.9566183	1.8019467E-8
6.1305547	1.5055658E-8
6.30957	1.255785E-8
6.493813	1.0456536E-8
6.683436	8.692002E-9
6.878596	7.2129316E-9
7.079455	5.975348E-9
7.286179	4.941679E-9
7.4989395	4.079901E-9
7.7179127	3.3627225E-9
7.94328	2.76694E-9
8.175228	2.272885E-9
8.41395	1.8639081E-9
8.659641	1.5259697E-9
8.912508	1.2472257E-9
9.172758	1.017704E-9
9.440608	8.290315E-10
9.716279	6.7423755E-10
10.0	5.474511E-10



DATASET #4

Name: 1000yr
Num Points: 2
Info: 

X, Y Data:
0.001	0.001
10.0	0.001



DATASET #5

Name: 2500yr
Num Points: 2
Info: 

X, Y Data:
0.001	4.0E-4
10.0	4.0E-4



DATASET #6

Name: 10000yr
Num Points: 2
Info: 

X, Y Data:
0.001	1.0E-4
10.0	1.0E-4


