
X-Axis: 2.0s SA (g)
Y-Axis: Annual Probabilitiy
Number of Data Sets: 5


DATASET #1

Name: UCERF3
Num Points: 401
Info: 

X, Y Data:
1.0E-4	0.17455447
1.0333392E-4	0.17451365
1.06779E-4	0.17446911
1.1033893E-4	0.17442055
1.14017545E-4	0.1743677
1.178188E-4	0.1743102
1.2174679E-4	0.1742478
1.2580573E-4	0.1741801
1.3E-4	0.17410678
1.334183E-4	0.17404452
1.369265E-4	0.1739783
1.4052694E-4	0.17390794
1.4422205E-4	0.17383324
1.4801433E-4	0.17375396
1.5190631E-4	0.17366992
1.5590065E-4	0.17358088
1.6E-4	0.17348664
1.645257E-4	0.17337926
1.691794E-4	0.17326528
1.7396474E-4	0.17314442
1.7888544E-4	0.17301635
1.8394532E-4	0.17288075
1.8914833E-4	0.17273732
1.944985E-4	0.17258571
2.0E-4	0.17242558
2.0565712E-4	0.17225662
2.1147425E-4	0.17207846
2.1745593E-4	0.17189075
2.236068E-4	0.17169313
2.2993165E-4	0.17148528
2.364354E-4	0.17126678
2.4312311E-4	0.17103732
2.5E-4	0.1707965
2.5783465E-4	0.17051643
2.659148E-4	0.17022151
2.742482E-4	0.16991127
2.8284272E-4	0.16958518
2.917066E-4	0.16924278
3.0084825E-4	0.16888356
3.102764E-4	0.16850702
3.2E-4	0.16811271
3.290514E-4	0.16774058
3.383588E-4	0.1673532
3.4792948E-4	0.1669502
3.5777088E-4	0.16653126
3.6789064E-4	0.16609609
3.7829665E-4	0.16564435
3.88997E-4	0.16517575
4.0E-4	0.16468997
4.1131425E-4	0.16418678
4.229485E-4	0.16366586
4.3491187E-4	0.16312699
4.472136E-4	0.16256991
4.598633E-4	0.1619944
4.728708E-4	0.16140026
4.8624622E-4	0.1607873
5.0E-4	0.16015531
5.1465514E-4	0.15948057
5.2973983E-4	0.1587851
5.4526667E-4	0.1580688
5.612486E-4	0.15733156
5.77699E-4	0.15657328
5.946315E-4	0.15579389
6.120603E-4	0.15499339
6.3E-4	0.15417174
6.4807665E-4	0.15334669
6.6667196E-4	0.15250143
6.858008E-4	0.15163603
7.0547854E-4	0.15075058
7.257209E-4	0.14984521
7.465441E-4	0.14892006
7.6796475E-4	0.1479753
7.9E-4	0.14701112
8.136239E-4	0.14598647
8.379543E-4	0.14494127
8.630122E-4	0.14387588
8.8881946E-4	0.14279062
9.153984E-4	0.14168587
9.427722E-4	0.14056206
9.7096455E-4	0.13941959
0.001	0.13825895
0.0010293103	0.13710386
0.0010594797	0.13593227
0.0010905333	0.13474469
0.0011224973	0.13354167
0.001155398	0.1323238
0.001189263	0.13109164
0.0012241206	0.1298458
0.00126	0.12858692
0.0012961533	0.12734216
0.0013333439	0.12608616
0.0013716016	0.124819525
0.0014109571	0.12354293
0.0014514418	0.12225703
0.0014930882	0.120962515
0.0015359295	0.11966006
0.00158	0.11835036
0.0016272478	0.11697927
0.0016759086	0.11560188
0.0017260244	0.114219
0.0017776389	0.112831436
0.0018307968	0.11143999
0.0018855444	0.11004546
0.0019419291	0.108648665
0.002	0.10725039
0.0020575977	0.105902396
0.002116854	0.10455446
0.002177817	0.10320728
0.0022405356	0.10186153
0.0023050604	0.100517884
0.0023714434	0.099177
0.0024397383	0.09783952
0.00251	0.09650607
0.0025833033	0.09515884
0.0026587474	0.093817
0.0027363948	0.09248116
0.0028163097	0.09115188
0.0028985585	0.08982973
0.0029832094	0.088515244
0.0030703326	0.08720894
0.00316	0.085911304
0.0032524571	0.08462045
0.0033476194	0.08333922
0.003445566	0.082068026
0.0035463783	0.08080726
0.0036501405	0.0795573
0.0037569385	0.078318484
0.003866861	0.07709114
0.00398	0.07587556
0.004096165	0.0746749
0.0042157196	0.07348646
0.0043387646	0.07231048
0.0044654002	0.07114713
0.0045957323	0.0699966
0.0047298684	0.06885905
0.0048679197	0.06773459
0.00501	0.066623345
0.005156579	0.06552281
0.0053074467	0.06443571
0.005462728	0.06336209
0.0056225527	0.062301986
0.0057870536	0.061255407
0.005956367	0.06022235
0.0061306343	0.059202794
0.00631	0.05819671
0.006493865	0.057207983
0.0066830874	0.056232505
0.0068778237	0.055270206
0.007078234	0.054320995
0.0072844843	0.053384777
0.0074967444	0.052461445
0.00771519	0.051550884
0.00794	0.05065297
0.008172275	0.04976415
0.008411343	0.0488878
0.008657407	0.048023783
0.008910668	0.04717194
0.009171338	0.046332117
0.009439633	0.045504153
0.009715778	0.04468789
0.01	0.043883156
0.010292081	0.043091
0.010592694	0.042310003
0.010902087	0.041539997
0.011220517	0.04078081
0.011548247	0.040032275
0.011885551	0.039294217
0.012232705	0.03856647
0.01259	0.037848864
0.012957647	0.037141386
0.013336032	0.036443714
0.013725464	0.035755675
0.01412627	0.03507711
0.014538779	0.03440786
0.014963334	0.033747766
0.015400288	0.03309667
0.01585	0.03245442
0.016312422	0.03182143
0.016788337	0.031196969
0.017278135	0.030580891
0.017782224	0.029973058
0.01830102	0.029373327
0.01883495	0.028781565
0.019384459	0.028197633
0.01995	0.027621407
0.020533005	0.027051833
0.021133045	0.026489737
0.021750621	0.025934996
0.022386245	0.025387494
0.023040446	0.024847116
0.023713762	0.024313755
0.024406755	0.023787305
0.02512	0.02326766
0.025853088	0.022755412
0.02660757	0.022249762
0.027384069	0.021750621
0.02818323	0.021257905
0.029005712	0.020771535
0.029852198	0.020291435
0.030723387	0.019817535
0.03162	0.019349767
0.032543603	0.018887669
0.033494186	0.018431598
0.034472536	0.017981503
0.03547946	0.01753734
0.0365158	0.01709907
0.03758241	0.016666653
0.03868017	0.016240062
0.03981	0.01581927
0.040972695	0.015404304
0.042169347	0.0149951
0.04340095	0.014591648
0.044668525	0.01419394
0.04597312	0.013801975
0.047315817	0.013415755
0.04869773	0.013035284
0.05012	0.012660574
0.0515838	0.012291637
0.053090356	0.011928489
0.05464091	0.0115711475
0.05623675	0.011219631
0.0578792	0.010873963
0.059569612	0.010534168
0.0613094	0.01020027
0.0631	0.009872295
0.06494172	0.009550469
0.066837184	0.00923461
0.06878798	0.008924742
0.070795715	0.00862089
0.072862044	0.008323077
0.074988686	0.008031324
0.077177405	0.007745649
0.07943	0.007466071
0.08174976	0.0071924394
0.08413727	0.0069249365
0.08659451	0.0066635697
0.08912351	0.0064083436
0.09172637	0.0061592576
0.09440525	0.0059163086
0.097162366	0.005679488
0.1	0.005448785
0.102919795	0.005224235
0.10592484	0.00500576
0.109017625	0.0047933348
0.112200715	0.004586927
0.11547674	0.0043865023
0.11884842	0.004192019
0.12231855	0.004003432
0.12589	0.0038206913
0.12956645	0.003643708
0.13335027	0.0034724588
0.13724458	0.0033068797
0.14125264	0.0031469017
0.14537773	0.0029924524
0.14962329	0.0028434545
0.15399285	0.0026998275
0.15849	0.0025614866
0.16311829	0.0024283486
0.16788174	0.0023003162
0.17278428	0.0021772939
0.17783	0.0020591838
0.18302307	0.001945885
0.18836778	0.001837294
0.19386858	0.0017333048
0.19953	0.0016338094
0.20535603	0.0015387094
0.21135218	0.0014478806
0.21752341	0.00136121
0.22387484	0.0012785834
0.23041171	0.0011998854
0.23713945	0.0011250001
0.24406363	0.0010538107
0.25119	9.862005E-4
0.25852492	9.220484E-4
0.26607406	8.61242E-4
0.27384362	8.036648E-4
0.28184006	7.492007E-4
0.29007	6.9773453E-4
0.29854023	6.49152E-4
0.30725783	6.0333975E-4
0.31623	5.6018605E-4
0.32546407	5.195807E-4
0.33496782	4.8141467E-4
0.34474903	4.4558098E-4
0.3548159	4.1197462E-4
0.3651767	3.804927E-4
0.37584007	3.510345E-4
0.3868148	3.2350168E-4
0.39811	2.9779828E-4
0.40973493	2.7383104E-4
0.42169935	2.5150907E-4
0.4340131	2.3074423E-4
0.44668642	2.1145123E-4
0.4597298	1.9354756E-4
0.47315407	1.7695357E-4
0.4869703	1.615925E-4
0.50119	1.4739047E-4
0.5158249	1.3427655E-4
0.5308872	1.2218271E-4
0.5463893	1.11043875E-4
0.5623441	1.00797806E-4
0.57876474	9.138517E-5
0.59566486	8.274943E-5
0.61305845	7.483687E-5
0.63096	6.7596506E-5
0.6493842	6.098006E-5
0.6683464	5.4941822E-5
0.6878623	4.9438677E-5
0.7079481	4.4429988E-5
0.72862035	3.987752E-5
0.7498962	3.5745375E-5
0.7717934	3.1999894E-5
0.79433	2.8609582E-5
0.8175246	2.5545012E-5
0.8413966	2.2778744E-5
0.86596555	2.0285232E-5
0.8912519	1.8040739E-5
0.9172767	1.6023243E-5
0.9440614	1.4212355E-5
0.97162825	1.2589225E-5
1.0	1.1136459E-5
1.029201	9.838005E-6
1.0592546	8.679168E-6
1.090186	7.646424E-6
1.1220205	6.727382E-6
1.1547846	5.9107088E-6
1.1885055	5.1860543E-6
1.223211	4.543986E-6
1.25893	3.9759225E-6
1.2956905	3.4740867E-6
1.3335243	3.0313886E-6
1.3724631	2.6414332E-6
1.4125386	2.2984414E-6
1.4537846	1.997202E-6
1.4962348	1.7330221E-6
1.5399245	1.5016863E-6
1.58489	1.2994101E-6
1.6311698	1.1228008E-6
1.678801	9.688347E-7
1.727823	8.348082E-7
1.7782766	7.1831226E-7
1.8302034	6.1720425E-7
1.8836465	5.295823E-7
1.9386501	4.5376032E-7
1.99526	3.8824706E-7
2.0535233	3.317248E-7
2.113488	2.8303253E-7
2.1752036	2.4114792E-7
2.2387214	2.0517288E-7
2.304094	1.7431961E-7
2.3713756	1.4789815E-7
2.4406219	1.2530543E-7
2.51189	1.0601535E-7
2.5852382	8.956965E-8
2.6607285	7.556946E-8
2.7384229	6.366875E-8
2.818386	5.3567536E-8
2.900684	4.5006367E-8
2.9853854	3.7761104E-8
3.0725598	3.1638436E-8
3.16228	2.6471985E-8
3.2546198	2.2118803E-8
3.3496559	1.845615E-8
3.447467	1.5378951E-8
3.5481343	1.2797437E-8
3.6517413	1.0634826E-8
3.7583735	8.825771E-9
3.8681195	7.314537E-9
3.98107	6.0539063E-9
4.097319	5.003881E-9
4.2169633	4.1305035E-9
4.340101	3.4050682E-9
4.466834	2.8033331E-9
4.5972676	2.3049118E-9
4.7315106	1.8926416E-9
4.869673	1.5521092E-9
5.01187	1.2712058E-9
5.1582193	1.0398175E-9
5.3088417	8.4945795E-10
5.463863	6.9306383E-10
5.62341	5.647647E-10
5.7876167	4.5963788E-10
5.9566183	3.736138E-10
6.1305547	3.0331848E-10
6.30957	2.459426E-10
6.493813	1.9918711E-10
6.683436	1.6112156E-10
6.878596	1.301651E-10
7.079455	1.0503143E-10
7.286179	8.464973E-11
7.4989395	6.813716E-11
7.7179127	5.4785954E-11
7.94328	4.399825E-11
8.175228	3.5283998E-11
8.41395	2.8274938E-11
8.659641	2.2623792E-11
8.912508	1.8088975E-11
9.172758	1.4442447E-11
9.440608	1.15163434E-11
9.716279	9.170109E-12
10.0	7.284062E-12



DATASET #2

Name: RSQSim
Num Points: 401
Info: 

X, Y Data:
1.0E-4	0.2708442
1.0333392E-4	0.27080518
1.06779E-4	0.27076247
1.1033893E-4	0.27071574
1.14017545E-4	0.2706647
1.178188E-4	0.27060896
1.2174679E-4	0.2705482
1.2580573E-4	0.270482
1.3E-4	0.27041003
1.334183E-4	0.27034864
1.369265E-4	0.27028313
1.4052694E-4	0.27021328
1.4422205E-4	0.27013883
1.4801433E-4	0.27005956
1.5190631E-4	0.26997516
1.5590065E-4	0.2698854
1.6E-4	0.26978996
1.645257E-4	0.2696808
1.691794E-4	0.26956442
1.7396474E-4	0.26944044
1.7888544E-4	0.26930848
1.8394532E-4	0.26916808
1.8914833E-4	0.26901886
1.944985E-4	0.26886037
2.0E-4	0.2686922
2.0565712E-4	0.26851383
2.1147425E-4	0.26832485
2.1745593E-4	0.26812473
2.236068E-4	0.26791298
2.2993165E-4	0.26768914
2.364354E-4	0.26745266
2.4312311E-4	0.267203
2.5E-4	0.26693967
2.5783465E-4	0.26663172
2.659148E-4	0.26630563
2.742482E-4	0.2659606
2.8284272E-4	0.26559588
2.917066E-4	0.26521072
3.0084825E-4	0.26480433
3.102764E-4	0.26437595
3.2E-4	0.2639248
3.290514E-4	0.26349673
3.383588E-4	0.26304886
3.4792948E-4	0.2625806
3.5777088E-4	0.2620914
3.6789064E-4	0.2615807
3.7829665E-4	0.26104796
3.88997E-4	0.26049262
4.0E-4	0.25991422
4.1131425E-4	0.25931218
4.229485E-4	0.25868604
4.3491187E-4	0.2580353
4.472136E-4	0.2573595
4.598633E-4	0.25665823
4.728708E-4	0.25593102
4.8624622E-4	0.2551775
5.0E-4	0.25439724
5.1465514E-4	0.25356066
5.2973983E-4	0.2526947
5.4526667E-4	0.25179902
5.612486E-4	0.25087336
5.77699E-4	0.24991748
5.946315E-4	0.24893114
6.120603E-4	0.24791417
6.3E-4	0.24686642
6.4807665E-4	0.24581052
6.6667196E-4	0.24472497
6.858008E-4	0.24360976
7.0547854E-4	0.24246491
7.257209E-4	0.2412905
7.465441E-4	0.24008662
7.6796475E-4	0.23885344
7.9E-4	0.23759115
8.136239E-4	0.23624566
8.379543E-4	0.23486915
8.630122E-4	0.23346198
8.8881946E-4	0.23202454
9.153984E-4	0.23055728
9.427722E-4	0.22906071
9.7096455E-4	0.22753534
0.001	0.22598177
0.0010293103	0.2244318
0.0010594797	0.22285594
0.0010905333	0.22125483
0.0011224973	0.21962917
0.001155398	0.21797968
0.001189263	0.21630709
0.0012241206	0.21461219
0.00126	0.21289577
0.0012961533	0.2111949
0.0013333439	0.20947497
0.0013716016	0.20773678
0.0014109571	0.2059811
0.0014514418	0.2042088
0.0014930882	0.20242071
0.0015359295	0.20061766
0.00158	0.19880047
0.0016272478	0.19689363
0.0016759086	0.19497333
0.0017260244	0.19304055
0.0017776389	0.19109622
0.0018307968	0.18914126
0.0018855444	0.1871766
0.0019419291	0.18520318
0.002	0.18322189
0.0020575977	0.18130614
0.002116854	0.17938468
0.002177817	0.17745824
0.0022405356	0.1755276
0.0023050604	0.17359345
0.0023714434	0.17165649
0.0024397383	0.16971742
0.00251	0.16777685
0.0025833033	0.1658085
0.0026587474	0.1638399
0.0027363948	0.1618717
0.0028163097	0.15990445
0.0028985585	0.1579387
0.0029832094	0.15597503
0.0030703326	0.1540139
0.00316	0.15205581
0.0032524571	0.15009767
0.0033476194	0.14814346
0.003445566	0.14619362
0.0035463783	0.14424853
0.0036501405	0.14230855
0.0037569385	0.14037405
0.003866861	0.13844533
0.00398	0.13652271
0.004096165	0.1346111
0.0042157196	0.13270612
0.0043387646	0.13080803
0.0044654002	0.12891707
0.0045957323	0.12703347
0.0047298684	0.12515745
0.0048679197	0.12328921
0.00501	0.12142897
0.005156579	0.119572505
0.0053074467	0.11772445
0.005462728	0.11588497
0.0056225527	0.11405425
0.0057870536	0.112232454
0.005956367	0.11041976
0.0061306343	0.10861634
0.00631	0.106822364
0.006493865	0.10504511
0.0066830874	0.10327758
0.0068778237	0.10151993
0.007078234	0.09977235
0.0072844843	0.09803502
0.0074967444	0.09630814
0.00771519	0.09459189
0.00794	0.092886485
0.008172275	0.09118554
0.008411343	0.08949595
0.008657407	0.08781792
0.008910668	0.08615169
0.009171338	0.08449748
0.009439633	0.08285555
0.009715778	0.08122614
0.01	0.0796095
0.010292081	0.078008346
0.010592694	0.07642044
0.010902087	0.07484605
0.011220517	0.07328546
0.011548247	0.07173893
0.011885551	0.07020673
0.012232705	0.06868916
0.01259	0.067186475
0.012957647	0.06569929
0.013336032	0.064227544
0.013725464	0.062771514
0.01412627	0.06133147
0.014538779	0.059907686
0.014963334	0.058500417
0.015400288	0.057109926
0.01585	0.055736464
0.016312422	0.05438149
0.016788337	0.053043995
0.017278135	0.051724207
0.017782224	0.050422344
0.01830102	0.049138617
0.01883495	0.04787322
0.019384459	0.046626344
0.01995	0.045398165
0.020533005	0.04418688
0.021133045	0.04299466
0.021750621	0.041821647
0.022386245	0.040667966
0.023040446	0.039533723
0.023713762	0.038419012
0.024406755	0.03732392
0.02512	0.03624851
0.025853088	0.03519424
0.02660757	0.034159698
0.027384069	0.033144895
0.02818323	0.032149855
0.029005712	0.031174563
0.029852198	0.030219005
0.030723387	0.02928315
0.03162	0.02836695
0.032543603	0.027469564
0.033494186	0.026591739
0.034472536	0.025733385
0.03547946	0.024894407
0.0365158	0.024074692
0.03758241	0.02327412
0.03868017	0.022492552
0.03981	0.021729846
0.040972695	0.020985927
0.042169347	0.020260539
0.04340095	0.019553501
0.044668525	0.01886463
0.04597312	0.018193724
0.047315817	0.017540578
0.04869773	0.016904974
0.05012	0.016286688
0.0515838	0.015685493
0.053090356	0.015101142
0.05464091	0.01453339
0.05623675	0.013981983
0.0578792	0.013446661
0.059569612	0.012927156
0.0613094	0.012423199
0.0631	0.011934512
0.06494172	0.011461112
0.066837184	0.011002399
0.06878798	0.010558087
0.070795715	0.010127887
0.072862044	0.009711506
0.074988686	0.009308651
0.077177405	0.008919027
0.07943	0.0085423365
0.08174976	0.008178069
0.08413727	0.007826159
0.08659451	0.007486309
0.08912351	0.007158226
0.09172637	0.006841616
0.09440525	0.0065361876
0.097162366	0.006241652
0.1	0.005957724
0.102919795	0.005684185
0.10592484	0.0054206857
0.109017625	0.005166951
0.112200715	0.0049227094
0.11547674	0.0046876944
0.11884842	0.0044616424
0.12231855	0.004244297
0.12589	0.004035404
0.12956645	0.0038346776
0.13335027	0.0036419164
0.13724458	0.0034568824
0.14125264	0.0032793428
0.14537773	0.0031090698
0.14962329	0.0029458408
0.15399285	0.0027894392
0.15849	0.0026396522
0.16311829	0.0024962786
0.16788174	0.00235911
0.17278428	0.0022279483
0.17783	0.0021026009
0.18302307	0.0019828794
0.18836778	0.0018686001
0.19386858	0.0017595832
0.19953	0.0016556531
0.20535603	0.0015566503
0.21135218	0.0014623939
0.21752341	0.0013727201
0.22387484	0.0012874686
0.23041171	0.0012064826
0.23713945	0.0011296085
0.24406363	0.0010566962
0.25119	9.875984E-4
0.25852492	9.221673E-4
0.26607406	8.6026645E-4
0.27384362	8.0175773E-4
0.28184006	7.4650615E-4
0.29007	6.9437956E-4
0.29854023	6.452485E-4
0.30725783	5.989866E-4
0.31623	5.554701E-4
0.32546407	5.1457854E-4
0.33496782	4.7619356E-4
0.34474903	4.4020006E-4
0.3548159	4.0648587E-4
0.3651767	3.7494162E-4
0.37584007	3.4546095E-4
0.3868148	3.179404E-4
0.39811	2.922796E-4
0.40973493	2.6838123E-4
0.42169935	2.4615077E-4
0.4340131	2.2549689E-4
0.44668642	2.0633136E-4
0.4597298	1.8856904E-4
0.47315407	1.7212794E-4
0.4869703	1.5692912E-4
0.50119	1.428968E-4
0.5158249	1.2995825E-4
0.5308872	1.18043885E-4
0.5463893	1.0708714E-4
0.5623441	9.702449E-5
0.57876474	8.779541E-5
0.59566486	7.934234E-5
0.61305845	7.16106E-5
0.63096	6.454837E-5
0.6493842	5.8106623E-5
0.6683464	5.2239026E-5
0.6878623	4.6901896E-5
0.7079481	4.2054126E-5
0.72862035	3.765709E-5
0.7498962	3.3674565E-5
0.7717934	3.007265E-5
0.79433	2.6819655E-5
0.8175246	2.388603E-5
0.8413966	2.1244261E-5
0.86596555	1.8868783E-5
0.8912519	1.6735874E-5
0.9172767	1.4823581E-5
0.9440614	1.3111611E-5
0.97162825	1.1581244E-5
1.0	1.0215244E-5
1.029201	8.997741E-6
1.0592546	7.91424E-6
1.090186	6.951433E-6
1.1220205	6.097157E-6
1.1547846	5.340316E-6
1.1885055	4.6708055E-6
1.223211	4.079441E-6
1.25893	3.5578898E-6
1.2956905	3.098623E-6
1.3335243	2.694797E-6
1.3724631	2.3402577E-6
1.4125386	2.0294615E-6
1.4537846	1.7574253E-6
1.4962348	1.5196771E-6
1.5399245	1.3122111E-6
1.58489	1.1314456E-6
1.6311698	9.7418E-7
1.678801	8.375717E-7
1.727823	7.190878E-7
1.7782766	6.1648007E-7
1.8302034	5.277565E-7
1.8836465	4.5115507E-7
1.9386501	3.8512005E-7
1.99526	3.282804E-7
2.0535233	2.7942963E-7
2.113488	2.3750883E-7
2.1752036	2.0158942E-7
2.2387214	1.7085877E-7
2.304094	1.4460704E-7
2.3713756	1.2221523E-7
2.4406219	1.0314455E-7
2.51189	8.692678E-8
2.5852382	7.3155995E-8
2.6607285	6.148027E-8
2.7384229	5.159562E-8
2.818386	4.3239737E-8
2.900684	3.618664E-8
2.9853854	3.0242017E-8
3.0725598	2.523901E-8
3.16228	2.1034666E-8
3.2546198	1.750665E-8
3.3496559	1.4550481E-8
3.447467	1.2077054E-8
3.5481343	1.0010515E-8
3.6517413	8.286424E-9
3.7583735	6.850086E-9
3.8681195	5.6551714E-9
3.98107	4.6625197E-9
4.097319	3.8390384E-9
4.2169633	3.1568579E-9
4.340101	2.592524E-9
4.466834	2.1263267E-9
4.5972676	1.7417163E-9
4.7315106	1.424865E-9
4.869673	1.1641829E-9
5.01187	9.499949E-10
5.1582193	7.742479E-10
5.3088417	6.30231E-10
5.463863	5.123775E-10
5.62341	4.160483E-10
5.7876167	3.3742753E-10
5.9566183	2.7333646E-10
6.1305547	2.2115909E-10
6.30957	1.7873303E-10
6.493813	1.4427703E-10
6.683436	1.1632717E-10
6.878596	9.367962E-11
7.079455	7.5363826E-11
7.286179	6.0555005E-11
7.4989395	4.860523E-11
7.7179127	3.8971937E-11
7.94328	3.1214364E-11
8.175228	2.4973357E-11
8.41395	1.9958146E-11
8.659641	1.5931478E-11
8.912508	1.2703505E-11
9.172758	1.0120793E-11
9.440608	8.0569995E-12
9.716279	6.402101E-12
10.0	5.082823E-12



DATASET #3

Name: 1000yr
Num Points: 2
Info: 

X, Y Data:
0.001	0.001
10.0	0.001



DATASET #4

Name: 2500yr
Num Points: 2
Info: 

X, Y Data:
0.001	4.0E-4
10.0	4.0E-4



DATASET #5

Name: 10000yr
Num Points: 2
Info: 

X, Y Data:
0.001	1.0E-4
10.0	1.0E-4


