
X-Axis: 2.0s SA (g)
Y-Axis: Annual Probabilitiy
Number of Data Sets: 5


DATASET #1

Name: UCERF3
Num Points: 401
Info: 

X, Y Data:
1.0E-4	0.17483912
1.0333392E-4	0.17482594
1.06779E-4	0.17481118
1.1033893E-4	0.17479475
1.14017545E-4	0.17477642
1.178188E-4	0.17475604
1.2174679E-4	0.1747334
1.2580573E-4	0.17470826
1.3E-4	0.17468043
1.334183E-4	0.1746563
1.369265E-4	0.17463018
1.4052694E-4	0.17460194
1.4422205E-4	0.17457141
1.4801433E-4	0.17453843
1.5190631E-4	0.17450286
1.5590065E-4	0.17446452
1.6E-4	0.17442322
1.645257E-4	0.17437531
1.691794E-4	0.1743235
1.7396474E-4	0.17426756
1.7888544E-4	0.17420718
1.8394532E-4	0.17414208
1.8914833E-4	0.17407197
1.944985E-4	0.17399652
2.0E-4	0.17391542
2.0565712E-4	0.17382829
2.1147425E-4	0.17373481
2.1745593E-4	0.1736346
2.236068E-4	0.17352727
2.2993165E-4	0.17341243
2.364354E-4	0.17328966
2.4312311E-4	0.17315853
2.5E-4	0.1730186
2.5783465E-4	0.17285301
2.659148E-4	0.17267548
2.742482E-4	0.17248535
2.8284272E-4	0.17228197
2.917066E-4	0.17206463
3.0084825E-4	0.17183267
3.102764E-4	0.17158535
3.2E-4	0.17132196
3.290514E-4	0.17106943
3.383588E-4	0.17080261
3.4792948E-4	0.17052096
3.5777088E-4	0.17022389
3.6789064E-4	0.16991086
3.7829665E-4	0.16958131
3.88997E-4	0.16923463
4.0E-4	0.1688703
4.1131425E-4	0.16848774
4.229485E-4	0.16808638
4.3491187E-4	0.16766566
4.472136E-4	0.16722505
4.598633E-4	0.16676398
4.728708E-4	0.16628192
4.8624622E-4	0.16577837
5.0E-4	0.16525279
5.1465514E-4	0.16468468
5.2973983E-4	0.1640919
5.4526667E-4	0.16347392
5.612486E-4	0.16283023
5.77699E-4	0.16216037
5.946315E-4	0.1614639
6.120603E-4	0.1607404
6.3E-4	0.15998949
6.4807665E-4	0.15922725
6.6667196E-4	0.15843809
6.858008E-4	0.15762173
7.0547854E-4	0.15677792
7.257209E-4	0.15590647
7.465441E-4	0.15500721
7.6796475E-4	0.15408002
7.9E-4	0.15312481
8.136239E-4	0.15210003
8.379543E-4	0.15104476
8.630122E-4	0.14995907
8.8881946E-4	0.14884305
9.153984E-4	0.14769681
9.427722E-4	0.14652057
9.7096455E-4	0.14531454
0.001	0.14407904
0.0010293103	0.14283943
0.0010594797	0.14157218
0.0010905333	0.14027771
0.0011224973	0.1389565
0.001155398	0.13760906
0.001189263	0.13623597
0.0012241206	0.13483779
0.00126	0.13341522
0.0012961533	0.13199918
0.0013333439	0.13056108
0.0013716016	0.12910166
0.0014109571	0.12762167
0.0014514418	0.1261219
0.0014930882	0.124603175
0.0015359295	0.123066366
0.00158	0.12151236
0.0016272478	0.119876444
0.0016759086	0.11822393
0.0017260244	0.11655589
0.0017776389	0.11487346
0.0018307968	0.11317776
0.0018855444	0.111469954
0.0019419291	0.10975122
0.002	0.10802273
0.0020575977	0.1063491
0.002116854	0.10466861
0.002177817	0.10298234
0.0022405356	0.10129139
0.0023050604	0.09959683
0.0023714434	0.09789974
0.0024397383	0.096201226
0.00251	0.09450234
0.0025833033	0.0927806
0.0026587474	0.091060676
0.0027363948	0.089343674
0.0028163097	0.08763066
0.0028985585	0.085922696
0.0029832094	0.08422083
0.0030703326	0.082526065
0.00316	0.08083941
0.0032524571	0.07915879
0.0033476194	0.07748825
0.003445566	0.075828716
0.0035463783	0.07418109
0.0036501405	0.07254624
0.0037569385	0.07092504
0.003866861	0.06931828
0.00398	0.067726746
0.004096165	0.06615498
0.0042157196	0.064599834
0.0043387646	0.063062
0.0044654002	0.061542116
0.0045957323	0.0600408
0.0047298684	0.058558643
0.0048679197	0.057096183
0.00501	0.055653933
0.005156579	0.054229032
0.0053074467	0.05282537
0.005462728	0.051443353
0.0056225527	0.05008336
0.0057870536	0.048745744
0.005956367	0.0474308
0.0061306343	0.046138808
0.00631	0.044870008
0.006493865	0.04362954
0.0066830874	0.042412452
0.0068778237	0.041218888
0.007078234	0.04004896
0.0072844843	0.038902737
0.0074967444	0.037780274
0.00771519	0.03668158
0.00794	0.03560665
0.008172275	0.03455139
0.008411343	0.033519965
0.008657407	0.032512285
0.008910668	0.031528216
0.009171338	0.030567618
0.009439633	0.029630316
0.009715778	0.028716113
0.01	0.027824795
0.010292081	0.026957432
0.010592694	0.026112385
0.010902087	0.025289373
0.011220517	0.024488103
0.011548247	0.02370826
0.011885551	0.022949519
0.012232705	0.022211535
0.01259	0.021493955
0.012957647	0.020796562
0.013336032	0.020118818
0.013725464	0.019460335
0.01412627	0.018820722
0.014538779	0.01819957
0.014963334	0.017596478
0.015400288	0.017011028
0.01585	0.016442806
0.016312422	0.01589188
0.016788337	0.015357316
0.017278135	0.014838694
0.017782224	0.014335597
0.01830102	0.013847609
0.01883495	0.013374317
0.019384459	0.012915314
0.01995	0.012470194
0.020533005	0.012037866
0.021133045	0.011618672
0.021750621	0.011212226
0.022386245	0.010818148
0.023040446	0.010436067
0.023713762	0.01006562
0.024406755	0.009706453
0.02512	0.0093582235
0.025853088	0.009021043
0.02660757	0.008694113
0.027384069	0.008377124
0.02818323	0.00806977
0.029005712	0.007771764
0.029852198	0.007482822
0.030723387	0.0072026756
0.03162	0.006931064
0.032543603	0.0066675097
0.033494186	0.0064120153
0.034472536	0.006164351
0.03547946	0.005924296
0.0365158	0.005691639
0.03758241	0.005466179
0.03868017	0.0052477214
0.03981	0.0050360817
0.040972695	0.0048311055
0.042169347	0.0046325983
0.04340095	0.004440398
0.044668525	0.004254348
0.04597312	0.004074299
0.047315817	0.0039001056
0.04869773	0.00373163
0.05012	0.003568738
0.0515838	0.0034113005
0.053090356	0.0032591908
0.05464091	0.0031122873
0.05623675	0.0029704706
0.0578792	0.0028336253
0.059569612	0.0027016376
0.0613094	0.0025743966
0.0631	0.002451793
0.06494172	0.0023337924
0.066837184	0.0022202097
0.06878798	0.0021109406
0.070795715	0.0020058812
0.072862044	0.0019049288
0.074988686	0.0018079814
0.077177405	0.0017149374
0.07943	0.0016256961
0.08174976	0.0015401066
0.08413727	0.0014581237
0.08659451	0.0013796478
0.08912351	0.0013045794
0.09172637	0.0012328201
0.09440525	0.0011642713
0.097162366	0.0010988353
0.1	0.0010364149
0.102919795	9.769276E-4
0.10592484	9.202623E-4
0.109017625	8.66324E-4
0.112200715	8.150188E-4
0.11547674	7.662536E-4
0.11884842	7.199367E-4
0.12231855	6.759773E-4
0.12589	6.3428615E-4
0.12956645	5.9476786E-4
0.13335027	5.573442E-4
0.13724458	5.219303E-4
0.14125264	4.8844283E-4
0.14537773	4.5680048E-4
0.14962329	4.269235E-4
0.15399285	3.987342E-4
0.15849	3.7215676E-4
0.16311829	3.4711845E-4
0.16788174	3.2354638E-4
0.17278428	3.0137092E-4
0.17783	2.8052457E-4
0.18302307	2.60942E-4
0.18836778	2.4255998E-4
0.19386858	2.2531752E-4
0.19953	2.0915574E-4
0.20535603	1.9401974E-4
0.21135218	1.7985296E-4
0.21752341	1.66603E-4
0.22387484	1.5421958E-4
0.23041171	1.4265449E-4
0.23713945	1.318616E-4
0.24406363	1.21796715E-4
0.25119	1.12417685E-4
0.25852492	1.0368369E-4
0.26607406	9.555697E-5
0.27384362	8.800096E-5
0.28184006	8.098088E-5
0.29007	7.446365E-5
0.29854023	6.841787E-5
0.30725783	6.281375E-5
0.31623	5.7623045E-5
0.32546407	5.2819054E-5
0.33496782	4.837644E-5
0.34474903	4.4271295E-5
0.3548159	4.0481034E-5
0.3651767	3.6984355E-5
0.37584007	3.376116E-5
0.3868148	3.0792537E-5
0.39811	2.8060671E-5
0.40973493	2.5548843E-5
0.42169935	2.3241295E-5
0.4340131	2.1123264E-5
0.44668642	1.9180896E-5
0.4597298	1.7401213E-5
0.47315407	1.5772064E-5
0.4869703	1.4282079E-5
0.50119	1.2920633E-5
0.5158249	1.1677801E-5
0.5308872	1.054433E-5
0.5463893	9.5115865E-6
0.5623441	8.571537E-6
0.57876474	7.716703E-6
0.59566486	6.940134E-6
0.61305845	6.2353747E-6
0.63096	5.596437E-6
0.6493842	5.017772E-6
0.6683464	4.494238E-6
0.6878623	4.0210825E-6
0.7079481	3.5939124E-6
0.72862035	3.2086734E-6
0.7498962	2.8616278E-6
0.7717934	2.5493316E-6
0.79433	2.2686168E-6
0.8175246	2.0165735E-6
0.8413966	1.7905278E-6
0.86596555	1.5880295E-6
0.8912519	1.4068341E-6
0.9172767	1.2448882E-6
0.9440614	1.1003162E-6
0.97162825	9.714063E-7
1.0	8.565992E-7
1.029201	7.544714E-7
1.0592546	6.6373445E-7
1.090186	5.83216E-7
1.1220205	5.1185253E-7
1.1547846	4.486813E-7
1.1885055	3.9283088E-7
1.223211	3.435146E-7
1.25893	3.000227E-7
1.2956905	2.61717E-7
1.3335243	2.2802038E-7
1.3724631	1.9841609E-7
1.4125386	1.7244042E-7
1.4537846	1.4967804E-7
1.4962348	1.2975741E-7
1.5399245	1.12346264E-7
1.58489	9.714837E-8
1.6311698	8.3899515E-8
1.678801	7.236521E-8
1.727823	6.233691E-8
1.7782766	5.3629524E-8
1.8302034	4.6079098E-8
1.8836465	3.9540694E-8
1.9386501	3.388625E-8
1.99526	2.9002814E-8
2.0535233	2.4790907E-8
2.113488	2.1163107E-8
2.1752036	1.8042659E-8
2.2387214	1.5362216E-8
2.304094	1.3062897E-8
2.3713756	1.10932215E-8
2.4406219	9.4082E-9
2.51189	7.9686675E-9
2.5852382	6.7405352E-9
2.6607285	5.6941576E-9
2.7384229	4.803919E-9
2.818386	4.0475303E-9
2.900684	3.4057686E-9
2.9853854	2.862001E-9
3.0725598	2.401879E-9
3.16228	2.0130704E-9
3.2546198	1.6849769E-9
3.3496559	1.408513E-9
3.447467	1.1758587E-9
3.5481343	9.803494E-10
3.6517413	8.162965E-10
3.7583735	6.787798E-10
3.8681195	5.636833E-10
3.98107	4.6749393E-10
4.097319	3.8719117E-10
4.2169633	3.2029157E-10
4.340101	2.6458524E-10
4.466834	2.1827651E-10
4.5972676	1.7985058E-10
4.7315106	1.4798063E-10
4.869673	1.2161161E-10
5.01187	9.9786734E-11
5.1582193	8.178247E-11
5.3088417	6.693579E-11
5.463863	5.4716787E-11
5.62341	4.4671045E-11
5.7876167	3.641676E-11
5.9566183	2.964229E-11
6.1305547	2.4109492E-11
6.30957	1.9579005E-11
6.493813	1.5885626E-11
6.683436	1.2866819E-11
6.878596	1.04115605E-11
7.079455	8.419709E-12
7.286179	6.795342E-12
7.4989395	5.4772853E-12
7.7179127	4.4066972E-12
7.94328	3.544831E-12
8.175228	2.8468339E-12
8.41395	2.2782887E-12
8.659641	1.8205437E-12
8.912508	1.4539481E-12
9.172758	1.1588508E-12
9.440608	9.189316E-13
9.716279	7.2997164E-13
10.0	5.755396E-13



DATASET #2

Name: RSQSim
Num Points: 401
Info: 

X, Y Data:
1.0E-4	0.27116597
1.0333392E-4	0.27116042
1.06779E-4	0.27115417
1.1033893E-4	0.27114713
1.14017545E-4	0.2711392
1.178188E-4	0.2711303
1.2174679E-4	0.2711203
1.2580573E-4	0.27110907
1.3E-4	0.2710965
1.334183E-4	0.2710855
1.369265E-4	0.2710735
1.4052694E-4	0.27106038
1.4422205E-4	0.27104607
1.4801433E-4	0.2710305
1.5190631E-4	0.2710135
1.5590065E-4	0.27099502
1.6E-4	0.2709749
1.645257E-4	0.27095136
1.691794E-4	0.27092564
1.7396474E-4	0.27089754
1.7888544E-4	0.2708669
1.8394532E-4	0.27083352
1.8914833E-4	0.27079716
1.944985E-4	0.27075762
2.0E-4	0.27071464
2.0565712E-4	0.27066794
2.1147425E-4	0.27061725
2.1745593E-4	0.2705623
2.236068E-4	0.27050275
2.2993165E-4	0.27043828
2.364354E-4	0.27036858
2.4312311E-4	0.27029324
2.5E-4	0.27021188
2.5783465E-4	0.2701144
2.659148E-4	0.27000844
2.742482E-4	0.26989347
2.8284272E-4	0.26976877
2.917066E-4	0.2696337
3.0084825E-4	0.2694876
3.102764E-4	0.2693296
3.2E-4	0.26915902
3.290514E-4	0.2689933
3.383588E-4	0.26881593
3.4792948E-4	0.26862633
3.5777088E-4	0.2684238
3.6789064E-4	0.2682076
3.7829665E-4	0.26797706
3.88997E-4	0.2677314
4.0E-4	0.26746985
4.1131425E-4	0.26719162
4.229485E-4	0.26689592
4.3491187E-4	0.26658186
4.472136E-4	0.26624864
4.598633E-4	0.26589534
4.728708E-4	0.26552108
4.8624622E-4	0.26512495
5.0E-4	0.26470602
5.1465514E-4	0.2642471
5.2973983E-4	0.2637616
5.4526667E-4	0.26324856
5.612486E-4	0.26270682
5.77699E-4	0.2621353
5.946315E-4	0.26153287
6.120603E-4	0.2608985
6.3E-4	0.26023102
6.4807665E-4	0.25954428
6.6667196E-4	0.25882375
6.858008E-4	0.25806838
7.0547854E-4	0.25727716
7.257209E-4	0.2564491
7.465441E-4	0.25558323
7.6796475E-4	0.25467858
7.9E-4	0.2537342
8.136239E-4	0.25270733
8.379543E-4	0.25163537
8.630122E-4	0.2505174
8.8881946E-4	0.24935246
9.153984E-4	0.24813968
9.427722E-4	0.24687827
9.7096455E-4	0.24556744
0.001	0.24420649
0.0010293103	0.2428229
0.0010594797	0.24138996
0.0010905333	0.2399072
0.0011224973	0.23837423
0.001155398	0.2367907
0.001189263	0.23515634
0.0012241206	0.23347096
0.00126	0.23173447
0.0012961533	0.22998448
0.0013333439	0.22818549
0.0013716016	0.22633766
0.0014109571	0.22444119
0.0014514418	0.22249639
0.0014930882	0.22050364
0.0015359295	0.21846344
0.00158	0.2163763
0.0016272478	0.2141532
0.0016759086	0.21188074
0.0017260244	0.20955983
0.0017776389	0.2071915
0.0018307968	0.20477688
0.0018855444	0.20231722
0.0019419291	0.19981383
0.002	0.19726814
0.0020575977	0.1947766
0.002116854	0.19224863
0.002177817	0.18968575
0.0022405356	0.18708956
0.0023050604	0.18446171
0.0023714434	0.18180394
0.0024397383	0.17911802
0.00251	0.17640583
0.0025833033	0.1736311
0.0026587474	0.17083335
0.0027363948	0.16801468
0.0028163097	0.16517723
0.0028985585	0.16232316
0.0029832094	0.15945469
0.0030703326	0.15657409
0.00316	0.15368357
0.0032524571	0.15078016
0.0033476194	0.1478714
0.003445566	0.14495964
0.0035463783	0.14204717
0.0036501405	0.1391363
0.0037569385	0.13622932
0.003866861	0.13332853
0.00398	0.13043617
0.004096165	0.12756139
0.0042157196	0.12469939
0.0043387646	0.121852316
0.0044654002	0.11902225
0.0045957323	0.11621124
0.0047298684	0.113421276
0.0048679197	0.11065429
0.00501	0.10791214
0.005156579	0.105190225
0.0053074467	0.10249682
0.005462728	0.099833585
0.0056225527	0.09720212
0.0057870536	0.094603926
0.005956367	0.09204043
0.0061306343	0.08951296
0.00631	0.087022774
0.006493865	0.084580764
0.0066830874	0.08217795
0.0068778237	0.079815306
0.007078234	0.077493705
0.0072844843	0.075213954
0.0074967444	0.07297674
0.00771519	0.07078268
0.00794	0.06863228
0.008172275	0.0665179
0.008411343	0.06444832
0.008657407	0.06242382
0.008910668	0.06044459
0.009171338	0.058510724
0.009439633	0.05662226
0.009715778	0.054779142
0.01	0.05298125
0.010292081	0.05123105
0.010592694	0.049525484
0.010902087	0.047864243
0.011220517	0.04624694
0.011548247	0.044673145
0.011885551	0.043142367
0.012232705	0.04165408
0.01259	0.040207695
0.012957647	0.038802903
0.013336032	0.037438724
0.013725464	0.03611446
0.01412627	0.034829404
0.014538779	0.033582803
0.014963334	0.032373887
0.015400288	0.03120187
0.01585	0.03006595
0.016312422	0.028966287
0.016788337	0.027901022
0.017278135	0.026869323
0.017782224	0.025870362
0.01830102	0.024903303
0.01883495	0.023967318
0.019384459	0.02306158
0.01995	0.022185268
0.020533005	0.021336207
0.021133045	0.02051505
0.021750621	0.019721
0.022386245	0.018953277
0.023040446	0.018211115
0.023713762	0.017493764
0.024406755	0.016800491
0.02512	0.01613058
0.025853088	0.015484187
0.02660757	0.01485972
0.027384069	0.014256522
0.02818323	0.013673956
0.029005712	0.0131114
0.029852198	0.012568256
0.030723387	0.012043942
0.03162	0.011537895
0.032543603	0.011049149
0.033494186	0.01057763
0.034472536	0.010122828
0.03547946	0.00968425
0.0365158	0.009261419
0.03758241	0.008853873
0.03868017	0.008461166
0.03981	0.008082867
0.040972695	0.0077185966
0.042169347	0.0073679066
0.04340095	0.0070304032
0.044668525	0.006705704
0.04597312	0.006393438
0.047315817	0.0060932436
0.04869773	0.005804769
0.05012	0.005527671
0.0515838	0.0052616154
0.053090356	0.0050062737
0.05464091	0.004761326
0.05623675	0.004526458
0.0578792	0.004301363
0.059569612	0.0040857396
0.0613094	0.0038792924
0.0631	0.0036817307
0.06494172	0.0034928862
0.066837184	0.0033123516
0.06878798	0.003139852
0.070795715	0.0029751174
0.072862044	0.002817882
0.074988686	0.0026678843
0.077177405	0.0025248684
0.07943	0.0023885819
0.08174976	0.002258701
0.08413727	0.0021350668
0.08659451	0.0020174405
0.08912351	0.001905589
0.09172637	0.0017992831
0.09440525	0.0016982991
0.097162366	0.0016024184
0.1	0.0015114273
0.102919795	0.0014251384
0.10592484	0.0013433262
0.109017625	0.0012657937
0.112200715	0.0011923495
0.11547674	0.0011228074
0.11884842	0.0010569874
0.12231855	9.947153E-4
0.12589	9.3582197E-4
0.12956645	8.801344E-4
0.13335027	8.275071E-4
0.13724458	7.777888E-4
0.14125264	7.3083385E-4
0.14537773	6.865024E-4
0.14962329	6.4466026E-4
0.15399285	6.051789E-4
0.15849	5.679352E-4
0.16311829	5.328129E-4
0.16788174	4.996981E-4
0.17278428	4.684836E-4
0.17783	4.3906725E-4
0.18302307	4.1135185E-4
0.18836778	3.8524493E-4
0.19386858	3.6065865E-4
0.19953	3.3750964E-4
0.20535603	3.1572135E-4
0.21135218	2.9521596E-4
0.21752341	2.7592242E-4
0.22387484	2.577735E-4
0.23041171	2.4070563E-4
0.23713945	2.2465864E-4
0.24406363	2.0957562E-4
0.25119	1.9540283E-4
0.25852492	1.8208858E-4
0.26607406	1.6958585E-4
0.27384362	1.5784927E-4
0.28184006	1.4683594E-4
0.29007	1.365054E-4
0.29854023	1.2681936E-4
0.30725783	1.1774166E-4
0.31623	1.092381E-4
0.32546407	1.0127639E-4
0.33496782	9.3825896E-5
0.34474903	8.685767E-5
0.3548159	8.034431E-5
0.3651767	7.425988E-5
0.37584007	6.8579815E-5
0.3868148	6.3280815E-5
0.39811	5.8340822E-5
0.40973493	5.373893E-5
0.42169935	4.945526E-5
0.4340131	4.5470977E-5
0.44668642	4.176822E-5
0.4597298	3.8330036E-5
0.47315407	3.5140336E-5
0.4869703	3.218386E-5
0.50119	2.9446117E-5
0.5158249	2.6913369E-5
0.5308872	2.4572586E-5
0.5463893	2.2411414E-5
0.5623441	2.0418143E-5
0.57876474	1.8581683E-5
0.59566486	1.6891532E-5
0.61305845	1.5337755E-5
0.63096	1.39109625E-5
0.6493842	1.26022815E-5
0.6683464	1.14033355E-5
0.6878623	1.0306227E-5
0.7079481	9.303514E-6
0.72862035	8.388199E-6
0.7498962	7.5536964E-6
0.7717934	6.7938286E-6
0.79433	6.1028E-6
0.8175246	5.475182E-6
0.8413966	4.905897E-6
0.86596555	4.3902014E-6
0.8912519	3.9236697E-6
0.9172767	3.50218E-6
0.9440614	3.121898E-6
0.97162825	2.7792619E-6
1.0	2.4709686E-6
1.029201	2.1939527E-6
1.0592546	1.945394E-6
1.090186	1.7226819E-6
1.1220205	1.5234098E-6
1.1547846	1.3453637E-6
1.1885055	1.1865096E-6
1.223211	1.0449818E-6
1.25893	9.1907236E-7
1.2956905	8.0722396E-7
1.3335243	7.0800655E-7
1.3724631	6.201222E-7
1.4125386	5.423904E-7
1.4537846	4.7373948E-7
1.4962348	4.1319802E-7
1.5399245	3.598871E-7
1.58489	3.1301283E-7
1.6311698	2.7185837E-7
1.678801	2.3578073E-7
1.727823	2.0420093E-7
1.7782766	1.7659967E-7
1.8302034	1.5251192E-7
1.8836465	1.3152204E-7
1.9386501	1.1325918E-7
1.99526	9.7393006E-8
2.0535233	8.362969E-8
2.113488	7.170868E-8
2.1752036	6.1398985E-8
2.2387214	5.24963E-8
2.304094	4.482024E-8
2.3713756	3.8211805E-8
2.4406219	3.253113E-8
2.51189	2.765535E-8
2.5852382	2.3476812E-8
2.6607285	1.9901162E-8
2.7384229	1.6846037E-8
2.818386	1.4239606E-8
2.900684	1.2019322E-8
2.9853854	1.0130819E-8
3.0725598	8.526939E-9
3.16228	7.1668285E-9
3.2546198	6.015165E-9
3.3496559	5.0414597E-9
3.447467	4.219434E-9
3.5481343	3.5265026E-9
3.6517413	2.9432514E-9
3.7583735	2.4530444E-9
3.8681195	2.0416513E-9
3.98107	1.6969022E-9
4.097319	1.4084311E-9
4.2169633	1.1673937E-9
4.340101	9.662902E-10
4.466834	7.9874507E-10
4.5972676	6.5936123E-10
4.7315106	5.435665E-10
4.869673	4.4750958E-10
5.01187	3.6793557E-10
5.1582193	3.0211078E-10
5.3088417	2.4774083E-10
5.463863	2.0288804E-10
5.62341	1.6593982E-10
5.7876167	1.355378E-10
5.9566183	1.1056245E-10
6.1305547	9.0087604E-11
6.30957	7.331713E-11
6.493813	5.958667E-11
6.683436	4.8351878E-11
6.878596	3.9189763E-11
7.079455	3.1732394E-11
7.286179	2.5664137E-11
7.4989395	2.0731084E-11
7.7179127	1.6727841E-11
7.94328	1.3479884E-11
8.175228	1.0850543E-11
8.41395	8.7228E-12
8.659641	7.0053963E-12
8.912508	5.619838E-12
9.172758	4.504397E-12
9.440608	3.6054493E-12
9.716279	2.8832492E-12
10.0	2.3020474E-12



DATASET #3

Name: 1000yr
Num Points: 2
Info: 

X, Y Data:
0.001	0.001
10.0	0.001



DATASET #4

Name: 2500yr
Num Points: 2
Info: 

X, Y Data:
0.001	4.0E-4
10.0	4.0E-4



DATASET #5

Name: 10000yr
Num Points: 2
Info: 

X, Y Data:
0.001	1.0E-4
10.0	1.0E-4


