
X-Axis: Normalized Interevent Time
Y-Axis: Probability
Number of Data Sets: 3


DATASET #1

     Name: ddot0_5 Histogram
   Points: 41
     Info: 

Data[x,y]:
0.05	  0.06188802
0.15	  0.04142056
0.25	  0.042470705
0.35	  0.042628434
0.45	  0.04355821
0.55	  0.045903396
0.65	  0.047754638
0.75	  0.048638754
0.85	  0.056222215
0.95	  0.067458354
1.05	  0.07557312
1.15	  0.074473165
1.25	  0.06737119
1.35	  0.0553298
1.45	  0.04490721
1.55	  0.036605664
1.65	  0.031545874
1.75	  0.026573246
1.85	  0.021094227
1.95	  0.015660865
2.05	  0.011352363
2.15	  0.009040383
2.25	  0.0068404735
2.35	  0.0053627985
2.45	  0.0043375576
2.55	  0.003540609
2.65	  0.0027602639
2.75	  0.0020836878
2.85	  0.001606349
2.95	  0.0013988104
3.05	  0.0010459947
3.15	  7.761945E-4
3.25	  5.312989E-4
3.35	  3.777203E-4
3.45	  4.233788E-4
3.55	  3.1130796E-4
3.65	  2.1999095E-4
3.75	  1.7433245E-4
3.85	  1.4112626E-4
3.95	  1.3282473E-4
4.05	  4.6488654E-4



DATASET #2

     Name: Log-Normal Fit
   Points: 401
     Info: 

Data[x,y]:
0.005	  1.7319479E-13
0.015	  6.0165195E-10
0.025	  3.8698847E-8
0.035	  5.4649433E-7
0.045	  3.5140351E-6
0.055	  1.4145296E-5
0.065	  4.2004296E-5
0.075	  1.0106529E-4
0.085	  2.087672E-4
0.095	  3.8450083E-4
0.105	  6.4796186E-4
0.115	  0.0010176721
0.125	  0.0015098259
0.135	  0.00213751
0.145	  0.0029102745
0.155	  0.0038339999
0.165	  0.004910992
0.175	  0.00614024
0.185	  0.007517777
0.195	  0.009037098
0.205	  0.0106896
0.215	  0.012465017
0.225	  0.014351826
0.235	  0.01633763
0.245	  0.018409487
0.255	  0.020554204
0.265	  0.022758588
0.275	  0.025009647
0.285	  0.027294764
0.295	  0.029601827
0.305	  0.03191933
0.315	  0.034236453
0.325	  0.0365431
0.335	  0.038829956
0.345	  0.041088473
0.355	  0.043310888
0.365	  0.045490205
0.375	  0.04762019
0.385	  0.049695324
0.395	  0.051710792
0.405	  0.053662434
0.415	  0.055546712
0.425	  0.057360683
0.435	  0.05910194
0.445	  0.06076858
0.455	  0.06235917
0.465	  0.0638727
0.475	  0.06530857
0.485	  0.066666506
0.495	  0.06794658
0.505	  0.06914914
0.515	  0.07027479
0.525	  0.071324386
0.535	  0.07229895
0.545	  0.07319973
0.555	  0.07402808
0.565	  0.07478554
0.575	  0.0754737
0.585	  0.07609432
0.595	  0.07664919
0.605	  0.077140175
0.615	  0.077569194
0.625	  0.07793821
0.635	  0.07824921
0.645	  0.07850419
0.655	  0.07870518
0.665	  0.078854166
0.675	  0.07895318
0.685	  0.07900419
0.695	  0.07900919
0.705	  0.07897011
0.715	  0.07888888
0.725	  0.07876739
0.735	  0.07860748
0.745	  0.07841097
0.755	  0.078179635
0.765	  0.077915214
0.775	  0.07761938
0.785	  0.07729378
0.795	  0.07694002
0.805	  0.07655964
0.815	  0.07615414
0.825	  0.07572499
0.835	  0.07527359
0.845	  0.074801296
0.855	  0.07430943
0.865	  0.07379925
0.875	  0.073272
0.885	  0.072728835
0.895	  0.072170906
0.905	  0.07159928
0.915	  0.07101503
0.925	  0.07041915
0.935	  0.06981259
0.945	  0.06919629
0.955	  0.068571135
0.965	  0.06793796
0.975	  0.06729759
0.985	  0.06665079
0.995	  0.06599831
1.005	  0.06534085
1.015	  0.06467907
1.025	  0.06401364
1.035	  0.06334514
1.045	  0.06267418
1.055	  0.0620013
1.065	  0.061327025
1.075	  0.06065186
1.085	  0.059976276
1.095	  0.059300724
1.105	  0.058625627
1.115	  0.05795139
1.125	  0.05727839
1.135	  0.056606997
1.145	  0.05593754
1.155	  0.055270344
1.165	  0.054605708
1.175	  0.05394392
1.185	  0.05328524
1.195	  0.05262993
1.205	  0.05197821
1.215	  0.05133031
1.225	  0.05068643
1.235	  0.05004676
1.245	  0.049411483
1.255	  0.04878076
1.265	  0.048154745
1.275	  0.047533583
1.285	  0.0469174
1.295	  0.04630632
1.305	  0.04570045
1.315	  0.04509989
1.325	  0.04450474
1.335	  0.043915074
1.345	  0.04333097
1.355	  0.042752497
1.365	  0.04217971
1.375	  0.041612666
1.385	  0.041051406
1.395	  0.040495977
1.405	  0.039946403
1.415	  0.03940272
1.425	  0.038864944
1.435	  0.038333092
1.445	  0.03780718
1.455	  0.037287213
1.465	  0.036773194
1.475	  0.036265124
1.485	  0.035762995
1.495	  0.035266798
1.505	  0.034776524
1.515	  0.034292158
1.525	  0.033813678
1.535	  0.03334106
1.545	  0.03287429
1.555	  0.032413334
1.565	  0.031958163
1.575	  0.031508747
1.585	  0.031065052
1.595	  0.030627046
1.605	  0.030194687
1.615	  0.02976794
1.625	  0.029346764
1.635	  0.028931115
1.645	  0.028520953
1.655	  0.02811623
1.665	  0.027716905
1.675	  0.027322927
1.685	  0.026934253
1.695	  0.026550831
1.705	  0.026172614
1.715	  0.02579955
1.725	  0.025431592
1.735	  0.025068685
1.745	  0.024710782
1.755	  0.024357827
1.765	  0.024009772
1.775	  0.02366656
1.785	  0.02332814
1.795	  0.02299446
1.805	  0.022665467
1.815	  0.022341106
1.825	  0.022021325
1.835	  0.02170607
1.845	  0.021395288
1.855	  0.021088924
1.865	  0.020786928
1.875	  0.020489244
1.885	  0.020195821
1.895	  0.019906605
1.905	  0.019621542
1.915	  0.019340582
1.925	  0.019063674
1.935	  0.018790763
1.945	  0.018521797
1.955	  0.018256728
1.965	  0.017995503
1.975	  0.017738072
1.985	  0.017484384
1.995	  0.017234389
2.005	  0.016988039
2.015	  0.016745284
2.025	  0.016506074
2.035	  0.016270362
2.045	  0.016038101
2.055	  0.015809242
2.065	  0.015583739
2.075	  0.015361544
2.085	  0.015142612
2.095	  0.014926897
2.105	  0.014714356
2.115	  0.01450494
2.125	  0.0142986085
2.135	  0.014095316
2.145	  0.013895019
2.155	  0.013697675
2.165	  0.013503242
2.175	  0.0133116795
2.185	  0.013122943
2.195	  0.012936994
2.205	  0.012753792
2.215	  0.012573296
2.225	  0.012395468
2.235	  0.012220268
2.245	  0.012047658
2.255	  0.011877599
2.265	  0.011710055
2.275	  0.0115449885
2.285	  0.011382363
2.295	  0.011222142
2.305	  0.01106429
2.315	  0.010908773
2.325	  0.010755555
2.335	  0.010604602
2.345	  0.010455882
2.355	  0.010309359
2.365	  0.010165002
2.375	  0.010022778
2.385	  0.009882656
2.395	  0.009744603
2.405	  0.009608589
2.415	  0.009474583
2.425	  0.009342555
2.435	  0.009212475
2.445	  0.009084314
2.455	  0.0089580435
2.465	  0.008833634
2.475	  0.008711058
2.485	  0.008590287
2.495	  0.008471294
2.505	  0.008354054
2.515	  0.008238538
2.525	  0.008124721
2.535	  0.008012578
2.545	  0.007902081
2.555	  0.007793208
2.565	  0.0076859333
2.575	  0.007580232
2.585	  0.0074760807
2.595	  0.007373456
2.605	  0.0072723343
2.615	  0.0071726935
2.625	  0.00707451
2.635	  0.006977763
2.645	  0.0068824296
2.655	  0.0067884885
2.665	  0.006695919
2.675	  0.0066047
2.685	  0.0065148105
2.695	  0.006426231
2.705	  0.006338941
2.715	  0.006252921
2.725	  0.006168152
2.735	  0.006084615
2.745	  0.0060022906
2.755	  0.0059211613
2.765	  0.005841208
2.775	  0.0057624136
2.785	  0.00568476
2.795	  0.00560823
2.805	  0.0055328063
2.815	  0.0054584723
2.825	  0.0053852117
2.835	  0.005313008
2.845	  0.005241845
2.855	  0.005171707
2.865	  0.0051025786
2.875	  0.0050344444
2.885	  0.004967289
2.895	  0.004901098
2.905	  0.0048358566
2.915	  0.0047715507
2.925	  0.004708166
2.935	  0.004645688
2.945	  0.0045841034
2.955	  0.004523399
2.965	  0.004463561
2.975	  0.004404577
2.985	  0.004346433
2.995	  0.004289117
3.005	  0.004232617
3.015	  0.00417692
3.025	  0.0041220137
3.035	  0.0040678866
3.045	  0.0040145274
3.055	  0.0039619235
3.065	  0.003910064
3.075	  0.0038589383
3.085	  0.0038085347
3.095	  0.0037588426
3.105	  0.003709851
3.115	  0.0036615499
3.125	  0.0036139286
3.135	  0.003566977
3.145	  0.0035206852
3.155	  0.0034750432
3.165	  0.0034300413
3.175	  0.0033856698
3.185	  0.0033419195
3.195	  0.0032987813
3.205	  0.0032562457
3.215	  0.0032143039
3.225	  0.0031729469
3.235	  0.003132166
3.245	  0.003091953
3.255	  0.0030522994
3.265	  0.0030131964
3.275	  0.0029746362
3.285	  0.0029366107
3.295	  0.002899112
3.305	  0.0028621322
3.315	  0.002825664
3.325	  0.002789699
3.335	  0.0027542308
3.345	  0.0027192512
3.355	  0.0026847536
3.365	  0.0026507305
3.375	  0.0026171752
3.385	  0.0025840807
3.395	  0.0025514401
3.405	  0.002519247
3.415	  0.0024874946
3.425	  0.0024561766
3.435	  0.0024252862
3.445	  0.0023948178
3.455	  0.002364765
3.465	  0.0023351214
3.475	  0.0023058814
3.485	  0.0022770388
3.495	  0.002248588
3.505	  0.0022205235
3.515	  0.0021928393
3.525	  0.0021655299
3.535	  0.00213859
3.545	  0.0021120142
3.555	  0.0020857975
3.565	  0.002059934
3.575	  0.0020344192
3.585	  0.002009248
3.595	  0.0019844149
3.605	  0.0019599155
3.615	  0.001935745
3.625	  0.0019118985
3.635	  0.0018883713
3.645	  0.0018651589
3.655	  0.0018422568
3.665	  0.0018196603
3.675	  0.0017973654
3.685	  0.0017753674
3.695	  0.0017536624
3.705	  0.0017322458
3.715	  0.0017111138
3.725	  0.0016902622
3.735	  0.0016696871
3.745	  0.0016493844
3.755	  0.0016293502
3.765	  0.0016095809
3.775	  0.0015900726
3.785	  0.0015708215
3.795	  0.0015518242
3.805	  0.0015330767
3.815	  0.0015145759
3.825	  0.001496318
3.835	  0.0014782996
3.845	  0.0014605175
3.855	  0.0014429683
3.865	  0.0014256485
3.875	  0.0014085551
3.885	  0.0013916848
3.895	  0.0013750345
3.905	  0.001358601
3.915	  0.0013423815
3.925	  0.0013263728
3.935	  0.001310572
3.945	  0.0012949762
3.955	  0.0012795825
3.965	  0.0012643882
3.975	  0.0012493903
3.985	  0.0012345861
3.995	  0.0012199731
4.005	  0.0012055485



DATASET #3

     Name: BPT Fit
   Points: 401
     Info: Mean = 100.0, Aperiodicity = 0.5, Duration = 30.0, Delta T = 1.0, Num Points = 500, Historic Open Interval = 0.0
Computed mean = 0.99087393

Data[x,y]:
0.0	  0.0
0.01	  0.0
0.02	  1.3311998E-27
0.03	  4.5330383E-18
0.04	  2.31302E-13
0.05	  1.424225E-10
0.06	  9.757847E-9
0.07	  1.9202469E-7
0.08	  1.7406638E-6
0.09	  9.4394545E-6
0.1	  3.5801557E-5
0.11	  1.048552E-4
0.12	  2.5326406E-4
0.13	  5.2789826E-4
0.14	  9.806972E-4
0.15	  0.0016625144
0.16	  0.002617519
0.17	  0.0038791276
0.18	  0.0054677846
0.19	  0.0073904507
0.2	  0.009641414
0.21	  0.012203968
0.22	  0.015052553
0.23	  0.01815503
0.24	  0.021474868
0.25	  0.024973093
0.26	  0.028609956
0.27	  0.03234626
0.28	  0.036144394
0.29	  0.039969075
0.3	  0.043787856
0.31	  0.04757142
0.32	  0.051293734
0.33	  0.05493205
0.34	  0.05846684
0.35	  0.061881658
0.36	  0.06516292
0.37	  0.06829972
0.38	  0.071283564
0.39	  0.07410817
0.4	  0.07676919
0.41	  0.07926401
0.42	  0.08159153
0.43	  0.08375196
0.44	  0.08574662
0.45	  0.08757781
0.46	  0.08924862
0.47	  0.09076279
0.48	  0.0921246
0.49	  0.093338795
0.5	  0.09441042
0.51	  0.09534477
0.52	  0.096147336
0.53	  0.096823715
0.54	  0.097379565
0.55	  0.09782055
0.56	  0.0981523
0.57	  0.098380424
0.58	  0.09851039
0.59	  0.0985476
0.6	  0.0984973
0.61	  0.09836461
0.62	  0.098154485
0.63	  0.09787172
0.64	  0.097520955
0.65	  0.097106636
0.66	  0.09663305
0.67	  0.09610428
0.68	  0.09552428
0.69	  0.09489679
0.7	  0.09422541
0.71	  0.093513526
0.72	  0.092764415
0.73	  0.09198115
0.74	  0.091166675
0.75	  0.09032376
0.76	  0.08945505
0.77	  0.08856305
0.78	  0.0876501
0.79	  0.08671843
0.8	  0.08577016
0.81	  0.08480726
0.82	  0.08383161
0.83	  0.08284496
0.84	  0.081848964
0.85	  0.08084518
0.86	  0.079835065
0.87	  0.07881999
0.88	  0.077801235
0.89	  0.07678
0.9	  0.0757574
0.91	  0.074734494
0.92	  0.07371226
0.93	  0.0726916
0.94	  0.07167336
0.95	  0.07065834
0.96	  0.06964727
0.97	  0.06864082
0.98	  0.06763962
0.99	  0.06664426
1.0	  0.06565526
1.01	  0.06467312
1.02	  0.06369829
1.03	  0.06273119
1.04	  0.061772197
1.05	  0.060821652
1.06	  0.05987987
1.07	  0.05894713
1.08	  0.058023695
1.09	  0.05710979
1.1	  0.056205623
1.11	  0.055311367
1.12	  0.054427188
1.13	  0.05355322
1.14	  0.052689586
1.15	  0.051836386
1.16	  0.050993703
1.17	  0.050161608
1.18	  0.04934015
1.19	  0.048529375
1.2	  0.047729306
1.21	  0.046939958
1.22	  0.04616134
1.23	  0.045393433
1.24	  0.044636235
1.25	  0.043889713
1.26	  0.043153834
1.27	  0.042428557
1.28	  0.041713834
1.29	  0.04100961
1.3	  0.040315818
1.31	  0.0396324
1.32	  0.038959276
1.33	  0.03829637
1.34	  0.037643604
1.35	  0.037000887
1.36	  0.036368135
1.37	  0.035745256
1.38	  0.03513215
1.39	  0.03452872
1.4	  0.03393487
1.41	  0.033350494
1.42	  0.032775484
1.43	  0.03220974
1.44	  0.031653147
1.45	  0.031105604
1.46	  0.030566998
1.47	  0.030037217
1.48	  0.02951615
1.49	  0.029003685
1.5	  0.02849971
1.51	  0.028004112
1.52	  0.027516777
1.53	  0.027037593
1.54	  0.026566448
1.55	  0.026103226
1.56	  0.025647817
1.57	  0.02520011
1.58	  0.024759991
1.59	  0.02432735
1.6	  0.023902077
1.61	  0.023484062
1.62	  0.023073195
1.63	  0.022669367
1.64	  0.022272471
1.65	  0.021882402
1.66	  0.021499053
1.67	  0.021122316
1.68	  0.020752093
1.69	  0.020388277
1.7	  0.020030767
1.71	  0.019679463
1.72	  0.019334264
1.73	  0.018995073
1.74	  0.018661791
1.75	  0.018334322
1.76	  0.018012572
1.77	  0.017696446
1.78	  0.017385852
1.79	  0.017080696
1.8	  0.01678089
1.81	  0.016486345
1.82	  0.016196972
1.83	  0.015912682
1.84	  0.015633391
1.85	  0.015359016
1.86	  0.015089473
1.87	  0.014824677
1.88	  0.0145645505
1.89	  0.014309012
1.9	  0.014057984
1.91	  0.013811388
1.92	  0.013569148
1.93	  0.013331189
1.94	  0.013097437
1.95	  0.0128678195
1.96	  0.012642264
1.97	  0.012420701
1.98	  0.012203059
1.99	  0.011989272
2.0	  0.011779272
2.01	  0.011572992
2.02	  0.011370367
2.03	  0.011171334
2.04	  0.010975828
2.05	  0.01078379
2.06	  0.010595156
2.07	  0.010409866
2.08	  0.010227864
2.09	  0.010049089
2.1	  0.009873485
2.11	  0.009700996
2.12	  0.009531567
2.13	  0.009365143
2.14	  0.009201671
2.15	  0.0090411
2.16	  0.008883376
2.17	  0.008728449
2.18	  0.008576271
2.19	  0.008426791
2.2	  0.008279962
2.21	  0.008135737
2.22	  0.00799407
2.23	  0.007854912
2.24	  0.0077182227
2.25	  0.0075839553
2.26	  0.0074520675
2.27	  0.0073225163
2.28	  0.00719526
2.29	  0.007070258
2.3	  0.0069474694
2.31	  0.0068268552
2.32	  0.006708376
2.33	  0.0065919934
2.34	  0.0064776707
2.35	  0.00636537
2.36	  0.006255056
2.37	  0.0061466927
2.38	  0.006040245
2.39	  0.0059356783
2.4	  0.0058329594
2.41	  0.0057320553
2.42	  0.005632933
2.43	  0.005535561
2.44	  0.0054399073
2.45	  0.005345942
2.46	  0.005253634
2.47	  0.0051629543
2.48	  0.005073873
2.49	  0.0049863616
2.5	  0.0049003926
2.51	  0.0048159375
2.52	  0.0047329697
2.53	  0.004651462
2.54	  0.0045713894
2.55	  0.004492725
2.56	  0.004415444
2.57	  0.0043395218
2.58	  0.0042649335
2.59	  0.0041916557
2.6	  0.004119665
2.61	  0.004048938
2.62	  0.0039794524
2.63	  0.0039111855
2.64	  0.003844116
2.65	  0.0037782227
2.66	  0.0037134837
2.67	  0.003649879
2.68	  0.0035873882
2.69	  0.0035259915
2.7	  0.003465669
2.71	  0.0034064017
2.72	  0.0033481708
2.73	  0.0032909578
2.74	  0.0032347443
2.75	  0.003179513
2.76	  0.0031252457
2.77	  0.0030719258
2.78	  0.003019536
2.79	  0.0029680599
2.8	  0.0029174811
2.81	  0.002867784
2.82	  0.002818952
2.83	  0.0027709708
2.84	  0.0027238247
2.85	  0.0026774989
2.86	  0.0026319786
2.87	  0.0025872497
2.88	  0.0025432983
2.89	  0.0025001103
2.9	  0.0024576723
2.91	  0.002415971
2.92	  0.002374993
2.93	  0.0023347258
2.94	  0.0022951567
2.95	  0.0022562735
2.96	  0.0022180637
2.97	  0.0021805156
2.98	  0.0021436175
2.99	  0.0021073576
3.0	  0.002071725
3.01	  0.0020367082
3.02	  0.0020022967
3.03	  0.0019684795
3.04	  0.0019352464
3.05	  0.0019025868
3.06	  0.0018704907
3.07	  0.0018389481
3.08	  0.0018079493
3.09	  0.0017774845
3.1	  0.0017475447
3.11	  0.0017181203
3.12	  0.0016892023
3.13	  0.0016607818
3.14	  0.0016328502
3.15	  0.0016053985
3.16	  0.0015784187
3.17	  0.0015519022
3.18	  0.001525841
3.19	  0.001500227
3.2	  0.0014750526
3.21	  0.0014503096
3.22	  0.001425991
3.23	  0.0014020889
3.24	  0.0013785963
3.25	  0.0013555059
3.26	  0.0013328106
3.27	  0.0013105036
3.28	  0.0012885779
3.29	  0.0012670271
3.3	  0.0012458445
3.31	  0.0012250236
3.32	  0.0012045583
3.33	  0.0011844422
3.34	  0.0011646692
3.35	  0.0011452334
3.36	  0.0011261288
3.37	  0.0011073498
3.38	  0.0010888906
3.39	  0.0010707456
3.4	  0.0010529095
3.41	  0.0010353768
3.42	  0.0010181422
3.43	  0.0010012005
3.44	  9.845466E-4
3.45	  9.681757E-4
3.46	  9.520827E-4
3.47	  9.362627E-4
3.48	  9.2071114E-4
3.49	  9.054233E-4
3.5	  8.903946E-4
3.51	  8.756205E-4
3.52	  8.610967E-4
3.53	  8.4681873E-4
3.54	  8.327825E-4
3.55	  8.189836E-4
3.56	  8.054181E-4
3.57	  7.92082E-4
3.58	  7.789711E-4
3.59	  7.660818E-4
3.6	  7.5341004E-4
3.61	  7.409522E-4
3.62	  7.2870456E-4
3.63	  7.1666343E-4
3.64	  7.0482533E-4
3.65	  6.9318677E-4
3.66	  6.817442E-4
3.67	  6.7049434E-4
3.68	  6.594339E-4
3.69	  6.4855954E-4
3.7	  6.3786807E-4
3.71	  6.2735635E-4
3.72	  6.1702135E-4
3.73	  6.0686E-4
3.74	  5.968693E-4
3.75	  5.870463E-4
3.76	  5.773882E-4
3.77	  5.678921E-4
3.78	  5.5855524E-4
3.79	  5.4937496E-4
3.8	  5.4034847E-4
3.81	  5.314732E-4
3.82	  5.2274653E-4
3.83	  5.1416596E-4
3.84	  5.05729E-4
3.85	  4.974331E-4
3.86	  4.8927596E-4
3.87	  4.8125512E-4
3.88	  4.7336833E-4
3.89	  4.6561327E-4
3.9	  4.5798768E-4
3.91	  4.5048934E-4
3.92	  4.4311615E-4
3.93	  4.3586592E-4
3.94	  4.2873656E-4
3.95	  4.21726E-4
3.96	  4.1483226E-4
3.97	  4.0805334E-4
3.98	  4.0138728E-4
3.99	  3.9483217E-4
4.0	  3.8838608E-4


