
X-Axis: Normalized Interevent Time
Y-Axis: Probability
Number of Data Sets: 3


DATASET #1

     Name: ddot0_5 Histogram
   Points: 41
     Info: 

Data[x,y]:
0.05	  0.012653411
0.15	  0.009052905
0.25	  0.011456995
0.35	  0.01505919
0.45	  0.01994359
0.55	  0.027068168
0.65	  0.03838373
0.75	  0.058834076
0.85	  0.10355832
0.95	  0.16631684
1.05	  0.19062418
1.15	  0.14747676
1.25	  0.08791031
1.35	  0.045068145
1.45	  0.024178961
1.55	  0.014592513
1.65	  0.009335059
1.75	  0.006137436
1.85	  0.0039528934
1.95	  0.0024500557
2.05	  0.0015307721
2.15	  0.0010149279
2.25	  7.17434E-4
2.35	  5.364375E-4
2.45	  4.0880352E-4
2.55	  3.2194785E-4
2.65	  2.5419134E-4
2.75	  2.0199813E-4
2.85	  1.6095073E-4
2.95	  1.2924873E-4
3.05	  1.07189124E-4
3.15	  8.726401E-5
3.25	  7.464261E-5
3.35	  6.151078E-5
3.45	  5.1840558E-5
3.55	  4.3376793E-5
3.65	  3.6750556E-5
3.75	  3.1377178E-5
3.85	  2.5456256E-5
3.95	  2.2087455E-5
4.05	  1.28265E-4



DATASET #2

     Name: Log-Normal Fit
   Points: 401
     Info: 

Data[x,y]:
0.005	  0.0
0.015	  3.0907482E-33
0.025	  6.7851575E-27
0.035	  8.257804E-23
0.045	  7.061667E-20
0.055	  1.2300339E-17
0.065	  7.4899704E-16
0.075	  2.1736861E-14
0.085	  3.6497175E-13
0.095	  4.033839E-12
0.105	  3.211141E-11
0.115	  1.9648316E-10
0.125	  9.698762E-10
0.135	  4.0069863E-9
0.145	  1.42574885E-8
0.155	  4.4688573E-8
0.165	  1.2564313E-7
0.175	  3.2155458E-7
0.185	  7.5821305E-7
0.195	  1.6638152E-6
0.205	  3.4264754E-6
0.215	  6.669681E-6
0.225	  1.2345427E-5
0.235	  2.184265E-5
0.245	  3.7106398E-5
0.255	  6.076121E-5
0.265	  9.623062E-5
0.275	  1.4784407E-4
0.285	  2.209221E-4
0.295	  3.2183196E-4
0.305	  4.5800666E-4
0.315	  6.3792284E-4
0.325	  8.710349E-4
0.335	  0.0011676655
0.345	  0.0015388541
0.355	  0.0019961696
0.365	  0.0025514914
0.375	  0.0032167675
0.385	  0.004003758
0.395	  0.004923774
0.405	  0.005987416
0.415	  0.0072043287
0.425	  0.008582968
0.435	  0.010130402
0.445	  0.011852127
0.455	  0.013751936
0.465	  0.015831811
0.475	  0.018091857
0.485	  0.020530267
0.495	  0.023143334
0.505	  0.0259255
0.515	  0.02886941
0.525	  0.031966027
0.535	  0.03520476
0.545	  0.038573597
0.555	  0.042059273
0.565	  0.045647454
0.575	  0.049322896
0.585	  0.053069662
0.595	  0.056871276
0.605	  0.060710933
0.615	  0.064571664
0.625	  0.06843651
0.635	  0.072288685
0.645	  0.076111734
0.655	  0.07988964
0.665	  0.083606996
0.675	  0.087249056
0.685	  0.09080187
0.695	  0.09425237
0.705	  0.09758839
0.715	  0.10079877
0.725	  0.10387334
0.735	  0.10680301
0.745	  0.10957972
0.755	  0.112196475
0.765	  0.11464735
0.775	  0.11692744
0.785	  0.11903286
0.795	  0.1209607
0.805	  0.122709
0.815	  0.1242767
0.825	  0.1256636
0.835	  0.1268703
0.845	  0.12789816
0.855	  0.12874924
0.865	  0.12942624
0.875	  0.12993245
0.885	  0.13027169
0.895	  0.13044828
0.905	  0.13046695
0.915	  0.13033281
0.925	  0.13005127
0.935	  0.12962805
0.945	  0.12906907
0.955	  0.12838046
0.965	  0.12756845
0.975	  0.12663941
0.985	  0.12559977
0.995	  0.12445596
1.005	  0.12321444
1.015	  0.12188163
1.025	  0.12046389
1.035	  0.11896752
1.045	  0.11739869
1.055	  0.11576346
1.065	  0.11406777
1.075	  0.11231738
1.085	  0.110517904
1.095	  0.108674765
1.105	  0.10679322
1.115	  0.104878314
1.125	  0.10293492
1.135	  0.10096767
1.145	  0.09898103
1.155	  0.09697923
1.165	  0.09496632
1.175	  0.09294611
1.185	  0.09092223
1.195	  0.08889809
1.205	  0.086876914
1.215	  0.08486172
1.225	  0.082855314
1.235	  0.080860354
1.245	  0.078879274
1.255	  0.07691435
1.265	  0.07496768
1.275	  0.07304121
1.285	  0.07113668
1.295	  0.06925573
1.305	  0.06739982
1.315	  0.065570265
1.325	  0.06376825
1.335	  0.061994847
1.345	  0.06025097
1.355	  0.05853745
1.365	  0.056854982
1.375	  0.055204168
1.385	  0.053585507
1.395	  0.051999405
1.405	  0.05044618
1.415	  0.048926063
1.425	  0.04743922
1.435	  0.045985732
1.445	  0.04456562
1.455	  0.043178845
1.465	  0.0418253
1.475	  0.040504828
1.485	  0.03921723
1.495	  0.037962258
1.505	  0.03673962
1.515	  0.03554899
1.525	  0.034390002
1.535	  0.033262268
1.545	  0.03216536
1.555	  0.031098839
1.565	  0.030062234
1.575	  0.029055057
1.585	  0.028076805
1.595	  0.027126959
1.605	  0.026204983
1.615	  0.02531034
1.625	  0.024442475
1.635	  0.023600833
1.645	  0.02278485
1.655	  0.02199396
1.665	  0.02122759
1.675	  0.020485176
1.685	  0.019766144
1.695	  0.019069929
1.705	  0.018395962
1.715	  0.017743682
1.725	  0.01711253
1.735	  0.016501956
1.745	  0.015911408
1.755	  0.015340347
1.765	  0.014788237
1.775	  0.014254553
1.785	  0.013738774
1.795	  0.0132403895
1.805	  0.012758898
1.815	  0.012293805
1.825	  0.011844627
1.835	  0.011410887
1.845	  0.010992122
1.855	  0.010587875
1.865	  0.0101977
1.875	  0.009821162
1.885	  0.009457833
1.895	  0.009107298
1.905	  0.008769151
1.915	  0.008442995
1.925	  0.008128444
1.935	  0.00782512
1.945	  0.0075326585
1.955	  0.0072507015
1.965	  0.0069789016
1.975	  0.00671692
1.985	  0.0064644297
1.995	  0.00622111
2.005	  0.005986651
2.015	  0.0057607517
2.025	  0.0055431193
2.035	  0.00533347
2.045	  0.0051315287
2.055	  0.004937028
2.065	  0.004749709
2.075	  0.0045693205
2.085	  0.0043956195
2.095	  0.0042283707
2.105	  0.004067346
2.115	  0.003912324
2.125	  0.0037630918
2.135	  0.0036194418
2.145	  0.0034811744
2.155	  0.0033480956
2.165	  0.0032200185
2.175	  0.0030967623
2.185	  0.002978152
2.195	  0.0028640183
2.205	  0.0027541982
2.215	  0.0026485338
2.225	  0.002546873
2.235	  0.0024490682
2.245	  0.002354978
2.255	  0.0022644645
2.265	  0.0021773956
2.275	  0.0020936439
2.285	  0.0020130859
2.295	  0.0019356026
2.305	  0.0018610795
2.315	  0.0017894058
2.325	  0.0017204749
2.335	  0.001654184
2.345	  0.0015904338
2.355	  0.0015291286
2.365	  0.0014701766
2.375	  0.0014134886
2.385	  0.0013589794
2.395	  0.0013065663
2.405	  0.0012561699
2.415	  0.0012077136
2.425	  0.0011611239
2.435	  0.0011163295
2.445	  0.0010732621
2.455	  0.0010318559
2.465	  9.920476E-4
2.475	  9.5377595E-4
2.485	  9.169823E-4
2.495	  8.816099E-4
2.505	  8.476045E-4
2.515	  8.149135E-4
2.525	  7.8348647E-4
2.535	  7.532749E-4
2.545	  7.2423194E-4
2.555	  6.963128E-4
2.565	  6.694741E-4
2.575	  6.436741E-4
2.585	  6.1887293E-4
2.595	  5.95032E-4
2.605	  5.721142E-4
2.615	  5.500839E-4
2.625	  5.2890676E-4
2.635	  5.085498E-4
2.645	  4.889813E-4
2.655	  4.701708E-4
2.665	  4.5208886E-4
2.675	  4.347073E-4
2.685	  4.1799893E-4
2.695	  4.0193772E-4
2.705	  3.8649855E-4
2.715	  3.7165725E-4
2.725	  3.5739067E-4
2.735	  3.4367648E-4
2.745	  3.3049326E-4
2.755	  3.1782035E-4
2.765	  3.0563792E-4
2.775	  2.9392698E-4
2.785	  2.8266915E-4
2.795	  2.7184686E-4
2.805	  2.6144317E-4
2.815	  2.514418E-4
2.825	  2.4182709E-4
2.835	  2.3258406E-4
2.845	  2.2369823E-4
2.855	  2.1515571E-4
2.865	  2.0694315E-4
2.875	  1.9904773E-4
2.885	  1.9145712E-4
2.895	  1.8415946E-4
2.905	  1.7714337E-4
2.915	  1.7039789E-4
2.925	  1.639125E-4
2.935	  1.576771E-4
2.945	  1.5168198E-4
2.955	  1.4591777E-4
2.965	  1.4037553E-4
2.975	  1.3504662E-4
2.985	  1.2992274E-4
2.995	  1.2499596E-4
3.005	  1.2025859E-4
3.015	  1.157033E-4
3.025	  1.11323E-4
3.035	  1.0711092E-4
3.045	  1.0306052E-4
3.055	  9.9165525E-5
3.065	  9.541991E-5
3.075	  9.1817885E-5
3.085	  8.835388E-5
3.095	  8.502255E-5
3.105	  8.181875E-5
3.115	  7.873753E-5
3.125	  7.5774165E-5
3.135	  7.292408E-5
3.145	  7.018289E-5
3.155	  6.754639E-5
3.165	  6.501052E-5
3.175	  6.25714E-5
3.185	  6.0225284E-5
3.195	  5.796858E-5
3.205	  5.579784E-5
3.215	  5.370974E-5
3.225	  5.1701092E-5
3.235	  4.9768834E-5
3.245	  4.7910016E-5
3.255	  4.612181E-5
3.265	  4.44015E-5
3.275	  4.2746462E-5
3.285	  4.1154188E-5
3.295	  3.9622264E-5
3.305	  3.814837E-5
3.315	  3.673027E-5
3.325	  3.536583E-5
3.335	  3.4052977E-5
3.345	  3.2789736E-5
3.355	  3.1574207E-5
3.365	  3.0404557E-5
3.375	  2.9279025E-5
3.385	  2.8195924E-5
3.395	  2.7153628E-5
3.405	  2.6150576E-5
3.415	  2.5185265E-5
3.425	  2.4256255E-5
3.435	  2.3362154E-5
3.445	  2.2501634E-5
3.455	  2.1673408E-5
3.465	  2.0876249E-5
3.475	  2.0108968E-5
3.485	  1.9370427E-5
3.495	  1.8659535E-5
3.505	  1.7975235E-5
3.515	  1.7316517E-5
3.525	  1.6682408E-5
3.535	  1.6071974E-5
3.545	  1.5484315E-5
3.555	  1.4918564E-5
3.565	  1.43738935E-5
3.575	  1.38495025E-5
3.585	  1.3344623E-5
3.595	  1.2858516E-5
3.605	  1.239047E-5
3.615	  1.1939804E-5
3.625	  1.1505859E-5
3.635	  1.1088005E-5
3.645	  1.0685633E-5
3.655	  1.029816E-5
3.665	  9.925024E-6
3.675	  9.565683E-6
3.685	  9.219621E-6
3.695	  8.886334E-6
3.705	  8.5653455E-6
3.715	  8.256191E-6
3.725	  7.958426E-6
3.735	  7.671623E-6
3.745	  7.3953724E-6
3.755	  7.129277E-6
3.765	  6.8729564E-6
3.775	  6.6260454E-6
3.785	  6.388191E-6
3.795	  6.1590554E-6
3.805	  5.938313E-6
3.815	  5.7256493E-6
3.825	  5.5207634E-6
3.835	  5.3233657E-6
3.845	  5.1331767E-6
3.855	  4.949928E-6
3.865	  4.7733615E-6
3.875	  4.6032287E-6
3.885	  4.4392905E-6
3.895	  4.281317E-6
3.905	  4.1290864E-6
3.915	  3.9823863E-6
3.925	  3.841011E-6
3.935	  3.7047641E-6
3.945	  3.5734556E-6
3.955	  3.4469028E-6
3.965	  3.3249298E-6
3.975	  3.2073676E-6
3.985	  3.0940537E-6
3.995	  2.984831E-6
4.005	  2.8795494E-6



DATASET #3

     Name: BPT Fit
   Points: 401
     Info: Mean = 100.0, Aperiodicity = 0.5, Duration = 30.0, Delta T = 1.0, Num Points = 500, Historic Open Interval = 0.0
Computed mean = 0.9997011

Data[x,y]:
0.0	  0.0
0.01	  0.0
0.02	  0.0
0.03	  0.0
0.04	  0.0
0.05	  1.9110169E-37
0.06	  1.3048908E-30
0.07	  9.454955E-26
0.08	  4.0162158E-22
0.09	  2.5822232E-19
0.1	  4.4370574E-17
0.11	  2.9246633E-15
0.12	  9.4072394E-14
0.13	  1.7439799E-12
0.14	  2.098423E-11
0.15	  1.7877291E-10
0.16	  1.1510022E-9
0.17	  5.886284E-9
0.18	  2.485412E-8
0.19	  8.933015E-8
0.2	  2.800459E-7
0.21	  7.810067E-7
0.22	  1.9691254E-6
0.23	  4.548418E-6
0.24	  9.732477E-6
0.25	  1.9471372E-5
0.26	  3.671045E-5
0.27	  6.566055E-5
0.28	  1.1205346E-4
0.29	  1.8335448E-4
0.3	  2.8890528E-4
0.31	  4.3997559E-4
0.32	  6.497098E-4
0.33	  9.3296304E-4
0.34	  0.0013060311
0.35	  0.0017862855
0.36	  0.002391733
0.37	  0.003140522
0.38	  0.004050419
0.39	  0.005138288
0.4	  0.006419579
0.41	  0.007907874
0.42	  0.009614476
0.43	  0.011548081
0.44	  0.013714522
0.45	  0.016116597
0.46	  0.018753987
0.47	  0.02162324
0.48	  0.024717856
0.49	  0.028028402
0.5	  0.03154272
0.51	  0.035246145
0.52	  0.03912181
0.53	  0.04315094
0.54	  0.047313143
0.55	  0.051586796
0.56	  0.055949315
0.57	  0.060377527
0.58	  0.064847946
0.59	  0.06933708
0.6	  0.07382169
0.61	  0.07827908
0.62	  0.082687244
0.63	  0.08702512
0.64	  0.09127272
0.65	  0.0954113
0.66	  0.099423446
0.67	  0.103293166
0.68	  0.10700595
0.69	  0.1105488
0.7	  0.1139103
0.71	  0.11708055
0.72	  0.12005116
0.73	  0.122815266
0.74	  0.12536745
0.75	  0.12770367
0.76	  0.12982124
0.77	  0.13171872
0.78	  0.1333959
0.79	  0.13485362
0.8	  0.13609378
0.81	  0.13711923
0.82	  0.13793366
0.83	  0.13854153
0.84	  0.13894804
0.85	  0.13915892
0.86	  0.13918051
0.87	  0.13901956
0.88	  0.13868323
0.89	  0.13817899
0.9	  0.13751456
0.91	  0.13669786
0.92	  0.13573694
0.93	  0.13463996
0.94	  0.13341509
0.95	  0.13207048
0.96	  0.1306143
0.97	  0.12905455
0.98	  0.12739918
0.99	  0.12565596
1.0	  0.12383255
1.01	  0.12193634
1.02	  0.119974576
1.03	  0.11795424
1.04	  0.115882084
1.05	  0.11376463
1.06	  0.111608125
1.07	  0.109418556
1.08	  0.10720165
1.09	  0.10496285
1.1	  0.10270733
1.11	  0.10043999
1.12	  0.09816548
1.13	  0.09588817
1.14	  0.09361215
1.15	  0.09134129
1.16	  0.08907916
1.17	  0.08682912
1.18	  0.08459429
1.19	  0.08237752
1.2	  0.08018149
1.21	  0.078008614
1.22	  0.07586113
1.23	  0.073741056
1.24	  0.07165023
1.25	  0.0695903
1.26	  0.067562744
1.27	  0.065568864
1.28	  0.06360982
1.29	  0.06168661
1.3	  0.05980009
1.31	  0.05795099
1.32	  0.056139905
1.33	  0.054367322
1.34	  0.052633613
1.35	  0.050939042
1.36	  0.049283784
1.37	  0.047667917
1.38	  0.046091437
1.39	  0.04455427
1.4	  0.04305626
1.41	  0.04159719
1.42	  0.040176786
1.43	  0.038794715
1.44	  0.037450593
1.45	  0.03614399
1.46	  0.034874436
1.47	  0.033641428
1.48	  0.03244442
1.49	  0.03128285
1.5	  0.030156119
1.51	  0.029063608
1.52	  0.028004684
1.53	  0.026978688
1.54	  0.025984956
1.55	  0.025022807
1.56	  0.024091555
1.57	  0.023190502
1.58	  0.022318952
1.59	  0.0214762
1.6	  0.020661542
1.61	  0.019874277
1.62	  0.0191137
1.63	  0.018379116
1.64	  0.01766983
1.65	  0.016985154
1.66	  0.016324405
1.67	  0.015686909
1.68	  0.015072002
1.69	  0.014479025
1.7	  0.013907332
1.71	  0.013356285
1.72	  0.012825259
1.73	  0.012313638
1.74	  0.011820818
1.75	  0.01134621
1.76	  0.010889233
1.77	  0.01044932
1.78	  0.010025917
1.79	  0.009618482
1.8	  0.009226486
1.81	  0.008849413
1.82	  0.008486761
1.83	  0.008138037
1.84	  0.0078027663
1.85	  0.0074804816
1.86	  0.007170732
1.87	  0.006873077
1.88	  0.0065870895
1.89	  0.0063123545
1.9	  0.006048469
1.91	  0.0057950416
1.92	  0.0055516935
1.93	  0.0053180563
1.94	  0.005093774
1.95	  0.004878501
1.96	  0.0046719033
1.97	  0.004473657
1.98	  0.004283448
1.99	  0.004100975
2.0	  0.0039259437
2.01	  0.003758071
2.02	  0.0035970833
2.03	  0.0034427159
2.04	  0.0032947138
2.05	  0.0031528298
2.06	  0.0030168265
2.07	  0.0028864737
2.08	  0.00276155
2.09	  0.0026418415
2.1	  0.0025271422
2.11	  0.0024172536
2.12	  0.002311984
2.13	  0.002211149
2.14	  0.002114571
2.15	  0.0020220785
2.16	  0.0019335072
2.17	  0.001848698
2.18	  0.0017674986
2.19	  0.0016897618
2.2	  0.0016153462
2.21	  0.001544116
2.22	  0.0014759403
2.23	  0.0014106934
2.24	  0.0013482545
2.25	  0.0012885071
2.26	  0.0012313399
2.27	  0.0011766453
2.28	  0.0011243202
2.29	  0.0010742657
2.3	  0.0010263866
2.31	  9.805916E-4
2.32	  9.3679305E-4
2.33	  8.949066E-4
2.34	  8.548515E-4
2.35	  8.165502E-4
2.36	  7.7992823E-4
2.37	  7.449142E-4
2.38	  7.1143964E-4
2.39	  6.7943876E-4
2.4	  6.4884854E-4
2.41	  6.196085E-4
2.42	  5.9166073E-4
2.43	  5.649496E-4
2.44	  5.3942186E-4
2.45	  5.1502645E-4
2.46	  4.9171434E-4
2.47	  4.6943873E-4
2.48	  4.4815458E-4
2.49	  4.278189E-4
2.5	  4.0839033E-4
2.51	  3.898294E-4
2.52	  3.7209823E-4
2.53	  3.5516056E-4
2.54	  3.3898166E-4
2.55	  3.2352825E-4
2.56	  3.0876853E-4
2.57	  2.9467198E-4
2.58	  2.8120942E-4
2.59	  2.6835292E-4
2.6	  2.560757E-4
2.61	  2.443522E-4
2.62	  2.3315793E-4
2.63	  2.2246943E-4
2.64	  2.1226428E-4
2.65	  2.0252101E-4
2.66	  1.932191E-4
2.67	  1.843389E-4
2.68	  1.7586163E-4
2.69	  1.677693E-4
2.7	  1.6004474E-4
2.71	  1.5267152E-4
2.72	  1.456339E-4
2.73	  1.3891686E-4
2.74	  1.3250601E-4
2.75	  1.2638762E-4
2.76	  1.2054855E-4
2.77	  1.1497625E-4
2.78	  1.09658686E-4
2.79	  1.045844E-4
2.8	  9.9742414E-5
2.81	  9.512225E-5
2.82	  9.0713875E-5
2.83	  8.6507716E-5
2.84	  8.2494626E-5
2.85	  7.866586E-5
2.86	  7.501306E-5
2.87	  7.152823E-5
2.88	  6.8203764E-5
2.89	  6.503236E-5
2.9	  6.2007064E-5
2.91	  5.9121223E-5
2.92	  5.6368488E-5
2.93	  5.3742784E-5
2.94	  5.1238323E-5
2.95	  4.8849564E-5
2.96	  4.657123E-5
2.97	  4.4398264E-5
2.98	  4.2325853E-5
2.99	  4.0349387E-5
3.0	  3.8464474E-5
3.01	  3.666692E-5
3.02	  3.495271E-5
3.03	  3.3318025E-5
3.04	  3.1759213E-5
3.05	  3.0272782E-5
3.06	  2.8855407E-5
3.07	  2.750391E-5
3.08	  2.6215255E-5
3.09	  2.498655E-5
3.1	  2.3815031E-5
3.11	  2.2698061E-5
3.12	  2.163312E-5
3.13	  2.0617808E-5
3.14	  1.9649831E-5
3.15	  1.8727002E-5
3.16	  1.7847231E-5
3.17	  1.7008526E-5
3.18	  1.6208987E-5
3.19	  1.54468E-5
3.2	  1.4720234E-5
3.21	  1.4027634E-5
3.22	  1.33674275E-5
3.23	  1.273811E-5
3.24	  1.2138247E-5
3.25	  1.1566472E-5
3.26	  1.1021476E-5
3.27	  1.0502016E-5
3.28	  1.0006904E-5
3.29	  9.535006E-6
3.3	  9.085242E-6
3.31	  8.65658E-6
3.32	  8.2480365E-6
3.33	  7.8586745E-6
3.34	  7.4875993E-6
3.35	  7.133957E-6
3.36	  6.7969336E-6
3.37	  6.4757537E-6
3.38	  6.169677E-6
3.39	  5.8779974E-6
3.4	  5.600042E-6
3.41	  5.335169E-6
3.42	  5.082766E-6
3.43	  4.8422494E-6
3.44	  4.6130626E-6
3.45	  4.394675E-6
3.46	  4.186581E-6
3.47	  3.988298E-6
3.48	  3.799365E-6
3.49	  3.6193446E-6
3.5	  3.447818E-6
3.51	  3.2843868E-6
3.52	  3.1286709E-6
3.53	  2.980308E-6
3.54	  2.8389522E-6
3.55	  2.7042747E-6
3.56	  2.5759614E-6
3.57	  2.453713E-6
3.58	  2.337244E-6
3.59	  2.226283E-6
3.6	  2.1205701E-6
3.61	  2.0198588E-6
3.62	  1.923913E-6
3.63	  1.8325087E-6
3.64	  1.7454316E-6
3.65	  1.662478E-6
3.66	  1.5834531E-6
3.67	  1.508172E-6
3.68	  1.4364579E-6
3.69	  1.3681425E-6
3.7	  1.3030655E-6
3.71	  1.2410738E-6
3.72	  1.182022E-6
3.73	  1.1257711E-6
3.74	  1.0721886E-6
3.75	  1.0211487E-6
3.76	  9.725311E-7
3.77	  9.2622116E-7
3.78	  8.821099E-7
3.79	  8.4009326E-7
3.8	  8.0007214E-7
3.81	  7.6195215E-7
3.82	  7.2564325E-7
3.83	  6.910597E-7
3.84	  6.5811986E-7
3.85	  6.267458E-7
3.86	  5.968634E-7
3.87	  5.6840196E-7
3.88	  5.4129407E-7
3.89	  5.154757E-7
3.9	  4.9088555E-7
3.91	  4.6746553E-7
3.92	  4.4516003E-7
3.93	  4.2391622E-7
3.94	  4.036837E-7
3.95	  3.8441453E-7
3.96	  3.6606292E-7
3.97	  3.485853E-7
3.98	  3.319402E-7
3.99	  3.1608812E-7
4.0	  3.009913E-7


