
X-Axis: Normalized Interevent Time
Y-Axis: Probability
Number of Data Sets: 3


DATASET #1

     Name: Bruce 2457 Histogram
   Points: 41
     Info: 

Data[x,y]:
0.05	  0.02317341
0.15	  0.025653746
0.25	  0.03670895
0.35	  0.04740982
0.45	  0.03245695
0.55	  0.07306357
0.65	  0.0685281
0.75	  0.055063426
0.85	  0.09949685
0.95	  0.13953653
1.05	  0.14166254
1.15	  0.0795833
1.25	  0.020338742
1.35	  0.018567076
1.45	  0.014882007
1.55	  0.013819006
1.65	  0.0148111405
1.75	  0.012401672
1.85	  0.011905606
1.95	  0.0090709375
2.05	  0.007866204
2.15	  0.005244136
2.25	  0.0055276025
2.35	  0.003826802
2.45	  0.003755935
2.55	  0.0036142017
2.65	  0.003968535
2.75	  0.003543335
2.85	  0.0031890015
2.95	  0.0020551344
3.05	  0.0015590674
3.15	  0.0017716675
3.25	  0.0017008008
3.35	  0.0011338672
3.45	  8.504004E-4
3.55	  9.921337E-4
3.65	  4.960669E-4
3.75	  0.0012047339
3.85	  8.504004E-4
3.95	  0.0010630005
4.05	  0.007653604



DATASET #2

     Name: Log-Normal Fit
   Points: 401
     Info: 

Data[x,y]:
0.005	  7.7057305E-10
0.015	  2.7117275E-7
0.025	  5.2547493E-6
0.035	  3.3324646E-5
0.045	  1.19726385E-4
0.055	  3.0870756E-4
0.065	  6.434967E-4
0.075	  0.0011593897
0.085	  0.00188058
0.095	  0.002819712
0.105	  0.0039790017
0.115	  0.0053520673
0.125	  0.006925938
0.135	  0.008682952
0.145	  0.0106024
0.155	  0.012661881
0.165	  0.014838371
0.175	  0.017109033
0.185	  0.019451799
0.195	  0.021845799
0.205	  0.024271611
0.215	  0.026711434
0.225	  0.029149149
0.235	  0.03157034
0.245	  0.033962253
0.255	  0.036313727
0.265	  0.038615115
0.275	  0.04085818
0.285	  0.043035977
0.295	  0.045142766
0.305	  0.047173873
0.315	  0.04912562
0.325	  0.050995182
0.335	  0.05278054
0.345	  0.05448034
0.355	  0.05609386
0.365	  0.057620898
0.375	  0.05906172
0.385	  0.060417
0.395	  0.06168775
0.405	  0.06287527
0.415	  0.06398113
0.425	  0.065007076
0.435	  0.06595506
0.445	  0.06682713
0.455	  0.067625485
0.465	  0.06835239
0.475	  0.069010146
0.485	  0.06960114
0.495	  0.07012777
0.505	  0.07059242
0.515	  0.07099749
0.525	  0.07134538
0.535	  0.07163844
0.545	  0.07187901
0.555	  0.07206936
0.565	  0.072211765
0.575	  0.07230841
0.585	  0.072361454
0.595	  0.07237298
0.605	  0.07234503
0.615	  0.07227958
0.625	  0.07217854
0.635	  0.07204378
0.645	  0.07187707
0.655	  0.071680166
0.665	  0.071454726
0.675	  0.07120237
0.685	  0.07092464
0.695	  0.070623025
0.705	  0.07029896
0.715	  0.06995384
0.725	  0.06958895
0.735	  0.06920558
0.745	  0.06880495
0.755	  0.068388194
0.765	  0.06795645
0.775	  0.06751076
0.785	  0.06705216
0.795	  0.06658161
0.805	  0.06610003
0.815	  0.065608315
0.825	  0.0651073
0.835	  0.0645978
0.845	  0.064080566
0.855	  0.063556336
0.865	  0.0630258
0.875	  0.06248963
0.885	  0.061948434
0.895	  0.061402816
0.905	  0.060853347
0.915	  0.06030056
0.925	  0.059744965
0.935	  0.059187043
0.945	  0.05862726
0.955	  0.05806604
0.965	  0.0575038
0.975	  0.056940924
0.985	  0.056377783
0.995	  0.055814724
1.005	  0.055252068
1.015	  0.054690134
1.025	  0.054129202
1.035	  0.05356955
1.045	  0.053011443
1.055	  0.052455116
1.065	  0.051900797
1.075	  0.0513487
1.085	  0.05079903
1.095	  0.05025197
1.105	  0.049707696
1.115	  0.04916637
1.125	  0.04862815
1.135	  0.048093174
1.145	  0.047561575
1.155	  0.047033474
1.165	  0.046508987
1.175	  0.045988217
1.185	  0.045471266
1.195	  0.04495821
1.205	  0.044449147
1.215	  0.04394414
1.225	  0.04344326
1.235	  0.042946566
1.245	  0.042454116
1.255	  0.04196596
1.265	  0.04148214
1.275	  0.0410027
1.285	  0.04052766
1.295	  0.040057067
1.305	  0.039590932
1.315	  0.039129287
1.325	  0.03867214
1.335	  0.03821951
1.345	  0.037771404
1.355	  0.03732783
1.365	  0.03688879
1.375	  0.03645428
1.385	  0.036024306
1.395	  0.035598855
1.405	  0.035177927
1.415	  0.034761507
1.425	  0.034349583
1.435	  0.033942144
1.445	  0.033539172
1.455	  0.033140644
1.465	  0.03274655
1.475	  0.032356862
1.485	  0.03197156
1.495	  0.03159062
1.505	  0.031214012
1.515	  0.030841716
1.525	  0.0304737
1.535	  0.030109938
1.545	  0.0297504
1.555	  0.029395053
1.565	  0.029043868
1.575	  0.028696813
1.585	  0.028353853
1.595	  0.028014956
1.605	  0.027680088
1.615	  0.027349215
1.625	  0.0270223
1.635	  0.02669931
1.645	  0.02638021
1.655	  0.026064958
1.665	  0.025753526
1.675	  0.025445871
1.685	  0.025141958
1.695	  0.024841752
1.705	  0.024545213
1.715	  0.024252307
1.725	  0.023962993
1.735	  0.023677235
1.745	  0.023394996
1.755	  0.023116238
1.765	  0.022840926
1.775	  0.02256902
1.785	  0.022300482
1.795	  0.022035277
1.805	  0.021773368
1.815	  0.021514716
1.825	  0.021259286
1.835	  0.02100704
1.845	  0.020757942
1.855	  0.020511957
1.865	  0.020269046
1.875	  0.020029176
1.885	  0.019792309
1.895	  0.019558411
1.905	  0.019327445
1.915	  0.019099379
1.925	  0.018874176
1.935	  0.0186518
1.945	  0.01843222
1.955	  0.018215401
1.965	  0.018001307
1.975	  0.017789908
1.985	  0.017581169
1.995	  0.017375058
2.005	  0.01717154
2.015	  0.016970586
2.025	  0.016772162
2.035	  0.016576236
2.045	  0.01638278
2.055	  0.016191758
2.065	  0.016003143
2.075	  0.015816905
2.085	  0.01563301
2.095	  0.015451431
2.105	  0.015272139
2.115	  0.015095103
2.125	  0.014920294
2.135	  0.014747686
2.145	  0.014577248
2.155	  0.014408954
2.165	  0.014242776
2.175	  0.014078686
2.185	  0.013916657
2.195	  0.013756664
2.205	  0.013598678
2.215	  0.013442675
2.225	  0.013288628
2.235	  0.013136513
2.245	  0.012986303
2.255	  0.012837975
2.265	  0.012691504
2.275	  0.012546865
2.285	  0.012404035
2.295	  0.01226299
2.305	  0.012123706
2.315	  0.01198616
2.325	  0.01185033
2.335	  0.0117161935
2.345	  0.011583729
2.355	  0.011452912
2.365	  0.011323723
2.375	  0.01119614
2.385	  0.011070142
2.395	  0.0109457085
2.405	  0.010822818
2.415	  0.0107014505
2.425	  0.010581587
2.435	  0.010463207
2.445	  0.010346291
2.455	  0.010230819
2.465	  0.010116773
2.475	  0.010004134
2.485	  0.009892884
2.495	  0.009783003
2.505	  0.009674475
2.515	  0.00956728
2.525	  0.009461403
2.535	  0.009356826
2.545	  0.00925353
2.555	  0.0091515
2.565	  0.0090507185
2.575	  0.008951169
2.585	  0.008852837
2.595	  0.008755704
2.605	  0.008659756
2.615	  0.008564977
2.625	  0.008471352
2.635	  0.008378864
2.645	  0.008287501
2.655	  0.008197246
2.665	  0.008108085
2.675	  0.008020004
2.685	  0.007932989
2.695	  0.007847026
2.705	  0.007762101
2.715	  0.0076782
2.725	  0.00759531
2.735	  0.0075134183
2.745	  0.007432511
2.755	  0.0073525757
2.765	  0.0072736
2.775	  0.007195571
2.785	  0.007118476
2.795	  0.0070423037
2.805	  0.0069670416
2.815	  0.006892678
2.825	  0.0068192007
2.835	  0.006746599
2.845	  0.006674861
2.855	  0.006603976
2.865	  0.0065339324
2.875	  0.00646472
2.885	  0.0063963267
2.895	  0.0063287434
2.905	  0.0062619587
2.915	  0.0061959624
2.925	  0.006130745
2.935	  0.006066296
2.945	  0.006002605
2.955	  0.0059396634
2.965	  0.0058774604
2.975	  0.005815987
2.985	  0.005755234
2.995	  0.0056951917
3.005	  0.0056358515
3.015	  0.005577204
3.025	  0.0055192406
3.035	  0.0054619526
3.045	  0.005405331
3.055	  0.0053493674
3.065	  0.005294054
3.075	  0.0052393815
3.085	  0.005185343
3.095	  0.0051319287
3.105	  0.0050791325
3.115	  0.0050269454
3.125	  0.00497536
3.135	  0.0049243686
3.145	  0.004873964
3.155	  0.0048241382
3.165	  0.004774885
3.175	  0.0047261952
3.185	  0.0046780636
3.195	  0.0046304823
3.205	  0.0045834444
3.215	  0.0045369435
3.225	  0.0044909725
3.235	  0.0044455244
3.245	  0.004400593
3.255	  0.0043561724
3.265	  0.0043122554
3.275	  0.0042688358
3.285	  0.0042259074
3.295	  0.0041834647
3.305	  0.0041415007
3.315	  0.00410001
3.325	  0.0040589864
3.335	  0.0040184245
3.345	  0.0039783185
3.355	  0.0039386624
3.365	  0.0038994509
3.375	  0.0038606785
3.385	  0.0038223395
3.395	  0.0037844288
3.405	  0.003746941
3.415	  0.003709871
3.425	  0.0036732138
3.435	  0.003636964
3.445	  0.0036011164
3.455	  0.0035656665
3.465	  0.0035306094
3.475	  0.0034959402
3.485	  0.003461654
3.495	  0.0034277462
3.505	  0.0033942123
3.515	  0.0033610477
3.525	  0.003328248
3.535	  0.0032958083
3.545	  0.0032637247
3.555	  0.003231993
3.565	  0.0032006083
3.575	  0.0031695669
3.585	  0.0031388642
3.595	  0.0031084965
3.605	  0.0030784598
3.615	  0.0030487499
3.625	  0.003019363
3.635	  0.0029902947
3.645	  0.002961542
3.655	  0.0029331006
3.665	  0.0029049667
3.675	  0.002877137
3.685	  0.0028496073
3.695	  0.0028223745
3.705	  0.0027954348
3.715	  0.002768785
3.725	  0.0027424213
3.735	  0.0027163404
3.745	  0.002690539
3.755	  0.0026650135
3.765	  0.0026397612
3.775	  0.0026147782
3.785	  0.0025900619
3.795	  0.0025656086
3.805	  0.0025414156
3.815	  0.0025174797
3.825	  0.0024937978
3.835	  0.0024703671
3.845	  0.0024471844
3.855	  0.0024242469
3.865	  0.0024015517
3.875	  0.0023790959
3.885	  0.0023568769
3.895	  0.0023348916
3.905	  0.0023131375
3.915	  0.002291612
3.925	  0.0022703123
3.935	  0.0022492358
3.945	  0.0022283795
3.955	  0.0022077416
3.965	  0.0021873189
3.975	  0.0021671094
3.985	  0.0021471102
3.995	  0.002127319
4.005	  0.0021077339



DATASET #3

     Name: BPT Fit
   Points: 401
     Info: Mean = 100.0, Aperiodicity = 0.5, Duration = 30.0, Delta T = 1.0, Num Points = 500, Historic Open Interval = 0.0
Computed mean = 0.9698057

Data[x,y]:
0.0	  0.0
0.01	  6.1135E-40
0.02	  1.6888628E-19
0.03	  8.412328E-13
0.04	  1.6448224E-9
0.05	  1.4329326E-7
0.06	  2.6690466E-6
0.07	  2.073951E-5
0.08	  9.373423E-5
0.09	  2.960787E-4
0.1	  7.293127E-4
0.11	  0.0015015331
0.12	  0.002705439
0.13	  0.0044032065
0.14	  0.006620541
0.15	  0.009348279
0.16	  0.012548566
0.17	  0.016162885
0.18	  0.020120043
0.19	  0.024343083
0.2	  0.028754696
0.21	  0.033281118
0.22	  0.037854675
0.23	  0.042415258
0.24	  0.04691095
0.25	  0.051298082
0.26	  0.055540908
0.27	  0.059610993
0.28	  0.0634865
0.29	  0.06715142
0.3	  0.0705948
0.31	  0.073809996
0.32	  0.07679397
0.33	  0.07954669
0.34	  0.08207058
0.35	  0.08437001
0.36	  0.0864509
0.37	  0.08832036
0.38	  0.08998637
0.39	  0.091457546
0.4	  0.09274291
0.41	  0.09385174
0.42	  0.09479338
0.43	  0.09557719
0.44	  0.09621239
0.45	  0.09670803
0.46	  0.09707292
0.47	  0.097315595
0.48	  0.097444266
0.49	  0.09746682
0.5	  0.097390786
0.51	  0.097223364
0.52	  0.09697136
0.53	  0.09664127
0.54	  0.09623922
0.55	  0.09577098
0.56	  0.095242016
0.57	  0.094657466
0.58	  0.09402216
0.59	  0.09334062
0.6	  0.09261711
0.61	  0.09185561
0.62	  0.09105983
0.63	  0.09023326
0.64	  0.08937916
0.65	  0.08850056
0.66	  0.08760028
0.67	  0.08668096
0.68	  0.08574507
0.69	  0.084794864
0.7	  0.08383248
0.71	  0.082859874
0.72	  0.08187887
0.73	  0.08089118
0.74	  0.07989835
0.75	  0.078901835
0.76	  0.07790297
0.77	  0.07690301
0.78	  0.07590308
0.79	  0.07490423
0.8	  0.073907435
0.81	  0.07291358
0.82	  0.07192349
0.83	  0.070937894
0.84	  0.06995749
0.85	  0.06898289
0.86	  0.068014674
0.87	  0.067053355
0.88	  0.066099405
0.89	  0.06515323
0.9	  0.06421524
0.91	  0.06328576
0.92	  0.0623651
0.93	  0.061453532
0.94	  0.0605513
0.95	  0.059658617
0.96	  0.058775667
0.97	  0.05790261
0.98	  0.057039585
0.99	  0.05618671
1.0	  0.05534408
1.01	  0.05451177
1.02	  0.05368984
1.03	  0.052878335
1.04	  0.05207729
1.05	  0.051286712
1.06	  0.05050661
1.07	  0.04973698
1.08	  0.048977796
1.09	  0.04822903
1.1	  0.047490653
1.11	  0.046762615
1.12	  0.046044864
1.13	  0.045337334
1.14	  0.04463997
1.15	  0.043952696
1.16	  0.04327543
1.17	  0.0426081
1.18	  0.041950617
1.19	  0.041302886
1.2	  0.040664822
1.21	  0.040036324
1.22	  0.039417297
1.23	  0.038807638
1.24	  0.038207244
1.25	  0.037616014
1.26	  0.037033837
1.27	  0.036460605
1.28	  0.03589621
1.29	  0.035340548
1.3	  0.034793504
1.31	  0.034254964
1.32	  0.033724822
1.33	  0.033202965
1.34	  0.032689277
1.35	  0.032183655
1.36	  0.031685982
1.37	  0.031196145
1.38	  0.030714039
1.39	  0.030239549
1.4	  0.029772567
1.41	  0.029312983
1.42	  0.02886069
1.43	  0.02841558
1.44	  0.027977545
1.45	  0.02754648
1.46	  0.02712228
1.47	  0.026704838
1.48	  0.026294054
1.49	  0.025889825
1.5	  0.025492048
1.51	  0.025100626
1.52	  0.024715457
1.53	  0.024336446
1.54	  0.023963494
1.55	  0.023596507
1.56	  0.02323539
1.57	  0.02288005
1.58	  0.022530394
1.59	  0.022186331
1.6	  0.021847773
1.61	  0.021514632
1.62	  0.02118682
1.63	  0.02086425
1.64	  0.020546837
1.65	  0.0202345
1.66	  0.019927153
1.67	  0.01962472
1.68	  0.019327115
1.69	  0.019034263
1.7	  0.018746085
1.71	  0.018462507
1.72	  0.01818345
1.73	  0.017908841
1.74	  0.017638609
1.75	  0.017372679
1.76	  0.017110983
1.77	  0.01685345
1.78	  0.01660001
1.79	  0.016350599
1.8	  0.016105149
1.81	  0.015863596
1.82	  0.015625872
1.83	  0.015391915
1.84	  0.015161665
1.85	  0.01493506
1.86	  0.014712039
1.87	  0.014492543
1.88	  0.014276515
1.89	  0.014063896
1.9	  0.01385463
1.91	  0.013648663
1.92	  0.013445938
1.93	  0.013246404
1.94	  0.013050007
1.95	  0.012856695
1.96	  0.012666417
1.97	  0.012479124
1.98	  0.012294766
1.99	  0.012113295
2.0	  0.011934662
2.01	  0.011758822
2.02	  0.011585728
2.03	  0.011415336
2.04	  0.0112475995
2.05	  0.011082477
2.06	  0.010919924
2.07	  0.010759898
2.08	  0.010602359
2.09	  0.010447265
2.1	  0.010294576
2.11	  0.010144253
2.12	  0.009996258
2.13	  0.00985055
2.14	  0.009707095
2.15	  0.009565854
2.16	  0.009426792
2.17	  0.009289872
2.18	  0.00915506
2.19	  0.0090223225
2.2	  0.0088916235
2.21	  0.008762931
2.22	  0.008636213
2.23	  0.008511437
2.24	  0.0083885705
2.25	  0.008267583
2.26	  0.008148446
2.27	  0.008031126
2.28	  0.007915596
2.29	  0.0078018256
2.3	  0.007689788
2.31	  0.0075794538
2.32	  0.0074707964
2.33	  0.0073637883
2.34	  0.007258403
2.35	  0.007154614
2.36	  0.007052397
2.37	  0.006951725
2.38	  0.006852574
2.39	  0.0067549204
2.4	  0.0066587385
2.41	  0.006564006
2.42	  0.0064707
2.43	  0.006378796
2.44	  0.0062882733
2.45	  0.0061991094
2.46	  0.006111282
2.47	  0.006024771
2.48	  0.0059395544
2.49	  0.005855612
2.5	  0.0057729236
2.51	  0.0056914696
2.52	  0.00561123
2.53	  0.005532186
2.54	  0.0054543186
2.55	  0.005377609
2.56	  0.0053020385
2.57	  0.00522759
2.58	  0.0051542455
2.59	  0.0050819875
2.6	  0.005010799
2.61	  0.0049406635
2.62	  0.004871564
2.63	  0.004803485
2.64	  0.004736409
2.65	  0.004670322
2.66	  0.0046052076
2.67	  0.004541051
2.68	  0.004477837
2.69	  0.004415551
2.7	  0.004354179
2.71	  0.004293706
2.72	  0.0042341184
2.73	  0.0041754027
2.74	  0.0041175447
2.75	  0.004060532
2.76	  0.004004351
2.77	  0.003948989
2.78	  0.0038944331
2.79	  0.0038406712
2.8	  0.0037876908
2.81	  0.00373548
2.82	  0.0036840267
2.83	  0.0036333196
2.84	  0.0035833472
2.85	  0.0035340982
2.86	  0.0034855613
2.87	  0.0034377258
2.88	  0.0033905809
2.89	  0.003344116
2.9	  0.003298321
2.91	  0.0032531854
2.92	  0.0032086992
2.93	  0.0031648527
2.94	  0.0031216359
2.95	  0.0030790393
2.96	  0.0030370536
2.97	  0.0029956694
2.98	  0.0029548777
2.99	  0.0029146695
3.0	  0.0028750359
3.01	  0.0028359683
3.02	  0.0027974583
3.03	  0.0027594971
3.04	  0.0027220768
3.05	  0.0026851892
3.06	  0.0026488262
3.07	  0.0026129798
3.08	  0.0025776424
3.09	  0.0025428066
3.1	  0.0025084643
3.11	  0.0024746086
3.12	  0.002441232
3.13	  0.0024083275
3.14	  0.002375888
3.15	  0.0023439066
3.16	  0.0023123762
3.17	  0.0022812905
3.18	  0.0022506425
3.19	  0.002220426
3.2	  0.0021906346
3.21	  0.0021612616
3.22	  0.0021323012
3.23	  0.0021037473
3.24	  0.0020755937
3.25	  0.0020478345
3.26	  0.0020204638
3.27	  0.0019934762
3.28	  0.0019668657
3.29	  0.001940627
3.3	  0.0019147544
3.31	  0.0018892427
3.32	  0.0018640865
3.33	  0.0018392807
3.34	  0.00181482
3.35	  0.0017906995
3.36	  0.0017669142
3.37	  0.001743459
3.38	  0.0017203293
3.39	  0.0016975203
3.4	  0.0016750273
3.41	  0.0016528456
3.42	  0.001630971
3.43	  0.0016093986
3.44	  0.0015881242
3.45	  0.0015671436
3.46	  0.0015464523
3.47	  0.0015260463
3.48	  0.0015059214
3.49	  0.0014860734
3.5	  0.0014664985
3.51	  0.0014471926
3.52	  0.001428152
3.53	  0.0014093727
3.54	  0.001390851
3.55	  0.0013725832
3.56	  0.0013545656
3.57	  0.0013367946
3.58	  0.0013192667
3.59	  0.0013019785
3.6	  0.0012849264
3.61	  0.0012681071
3.62	  0.0012515172
3.63	  0.0012351534
3.64	  0.0012190127
3.65	  0.0012030916
3.66	  0.0011873872
3.67	  0.0011718962
3.68	  0.0011566158
3.69	  0.0011415428
3.7	  0.0011266744
3.71	  0.0011120075
3.72	  0.0010975394
3.73	  0.0010832674
3.74	  0.0010691884
3.75	  0.0010552998
3.76	  0.001041599
3.77	  0.0010280831
3.78	  0.0010147499
3.79	  0.0010015963
3.8	  9.886202E-4
3.81	  9.758189E-4
3.82	  9.6318993E-4
3.83	  9.507309E-4
3.84	  9.384394E-4
3.85	  9.263131E-4
3.86	  9.143497E-4
3.87	  9.025468E-4
3.88	  8.9090224E-4
3.89	  8.794138E-4
3.9	  8.6807925E-4
3.91	  8.568965E-4
3.92	  8.4586337E-4
3.93	  8.349778E-4
3.94	  8.2423765E-4
3.95	  8.13641E-4
3.96	  8.031858E-4
3.97	  7.9287007E-4
3.98	  7.826918E-4
3.99	  7.7264925E-4
4.0	  7.627404E-4


