
X-Axis: Normalized Interevent Time
Y-Axis: Probability
Number of Data Sets: 3


DATASET #1

     Name: Bruce 2457 Histogram
   Points: 41
     Info: 

Data[x,y]:
0.05	  0.0061257337
0.15	  0.0145427
0.25	  0.02167203
0.35	  0.025658019
0.45	  0.034794547
0.55	  0.072836585
0.65	  0.095275514
0.75	  0.07105662
0.85	  0.17494793
0.95	  0.19464117
1.05	  0.11460897
1.15	  0.023518274
1.25	  0.018007953
1.35	  0.013794736
1.45	  0.011588714
1.55	  0.01264912
1.65	  0.012914221
1.75	  0.010907025
1.85	  0.008028782
1.95	  0.006087862
2.05	  0.004506722
2.15	  0.0038534368
2.25	  0.004639273
2.35	  0.004146942
2.45	  0.004260557
2.55	  0.0037019504
2.65	  0.002859307
2.75	  0.0024332514
2.85	  0.002376444
2.95	  0.0017326263
3.05	  0.001969324
3.15	  0.0015148646
3.25	  0.0014107176
3.35	  0.0014012498
3.45	  0.0010414694
3.55	  0.0010130657
3.65	  0.0012971028
3.75	  8.8998297E-4
3.85	  7.85836E-4
3.95	  8.80515E-4
4.05	  0.009628858



DATASET #2

     Name: Log-Normal Fit
   Points: 401
     Info: 

Data[x,y]:
0.005	  9.616313E-10
0.015	  3.1838016E-7
0.025	  5.9726704E-6
0.035	  3.7066933E-5
0.045	  1.3110835E-4
0.055	  3.340637E-4
0.065	  6.8983773E-4
0.075	  0.0012333994
0.085	  0.0019878903
0.095	  0.0029644917
0.105	  0.0041638063
0.115	  0.0055778744
0.125	  0.007192297
0.135	  0.008988194
0.145	  0.010943875
0.155	  0.013036184
0.165	  0.015241562
0.175	  0.01753682
0.185	  0.019899715
0.195	  0.022309316
0.205	  0.024746265
0.215	  0.0271929
0.225	  0.029633308
0.235	  0.032053325
0.245	  0.03444048
0.255	  0.03678392
0.265	  0.039074298
0.275	  0.041303694
0.285	  0.04346548
0.295	  0.045554202
0.305	  0.047565486
0.315	  0.049495913
0.325	  0.051342923
0.335	  0.05310473
0.345	  0.054780204
0.355	  0.05636882
0.365	  0.057870563
0.375	  0.059285868
0.385	  0.060615554
0.395	  0.061860774
0.405	  0.06302295
0.415	  0.064103745
0.425	  0.06510501
0.435	  0.06602878
0.445	  0.06687717
0.455	  0.06765244
0.465	  0.068356894
0.475	  0.0689929
0.485	  0.06956286
0.495	  0.0700692
0.505	  0.07051433
0.515	  0.07090067
0.525	  0.07123062
0.535	  0.07150654
0.545	  0.07173076
0.555	  0.07190558
0.565	  0.07203325
0.575	  0.072115935
0.585	  0.072155796
0.595	  0.07215491
0.605	  0.07211529
0.615	  0.072038904
0.625	  0.07192765
0.635	  0.07178337
0.645	  0.07160783
0.655	  0.07140275
0.665	  0.07116978
0.675	  0.0709105
0.685	  0.07062645
0.695	  0.07031911
0.705	  0.06998987
0.715	  0.06964009
0.725	  0.06927109
0.735	  0.06888409
0.745	  0.0684803
0.755	  0.06806085
0.765	  0.06762684
0.775	  0.06717931
0.785	  0.06671926
0.795	  0.066247635
0.805	  0.06576535
0.815	  0.06527327
0.825	  0.06477222
0.835	  0.064262986
0.845	  0.063746326
0.855	  0.06322294
0.865	  0.062693514
0.875	  0.062158696
0.885	  0.06161909
0.895	  0.061075293
0.905	  0.060527842
0.915	  0.05997727
0.925	  0.059424076
0.935	  0.05886873
0.945	  0.058311675
0.955	  0.057753336
0.965	  0.057194117
0.975	  0.056634393
0.985	  0.05607452
0.995	  0.05551484
1.005	  0.05495567
1.015	  0.054397307
1.025	  0.053840037
1.035	  0.05328413
1.045	  0.05272983
1.055	  0.052177377
1.065	  0.05162699
1.075	  0.05107888
1.085	  0.050533235
1.095	  0.04999024
1.105	  0.049450066
1.115	  0.04891287
1.125	  0.048378803
1.135	  0.047848
1.145	  0.047320586
1.155	  0.046796683
1.165	  0.0462764
1.175	  0.045759838
1.185	  0.045247093
1.195	  0.044738244
1.205	  0.04423337
1.215	  0.04373255
1.225	  0.043235842
1.235	  0.042743307
1.245	  0.042254996
1.255	  0.041770954
1.265	  0.04129123
1.275	  0.040815856
1.285	  0.040344868
1.295	  0.039878286
1.305	  0.03941614
1.315	  0.03895845
1.325	  0.038505226
1.335	  0.03805648
1.345	  0.03761223
1.355	  0.03717247
1.365	  0.036737207
1.375	  0.03630644
1.385	  0.035880167
1.395	  0.03545838
1.405	  0.035041068
1.415	  0.034628227
1.425	  0.03421984
1.435	  0.033815894
1.445	  0.03341637
1.455	  0.033021253
1.465	  0.03263052
1.475	  0.032244153
1.485	  0.031862125
1.495	  0.031484414
1.505	  0.031110996
1.515	  0.03074184
1.525	  0.030376922
1.535	  0.030016214
1.545	  0.029659681
1.555	  0.029307298
1.565	  0.028959032
1.575	  0.02861485
1.585	  0.02827472
1.595	  0.027938608
1.605	  0.027606482
1.615	  0.027278306
1.625	  0.026954046
1.635	  0.026633667
1.645	  0.026317133
1.655	  0.02600441
1.665	  0.025695458
1.675	  0.025390243
1.685	  0.02508873
1.695	  0.024790881
1.705	  0.024496658
1.715	  0.024206026
1.725	  0.023918947
1.735	  0.023635384
1.745	  0.023355301
1.755	  0.02307866
1.765	  0.022805424
1.775	  0.022535557
1.785	  0.022269022
1.795	  0.02200578
1.805	  0.021745797
1.815	  0.021489035
1.825	  0.021235459
1.835	  0.020985032
1.845	  0.020737717
1.855	  0.02049348
1.865	  0.020252282
1.875	  0.02001409
1.885	  0.01977887
1.895	  0.019546585
1.905	  0.0193172
1.915	  0.01909068
1.925	  0.018866993
1.935	  0.018646104
1.945	  0.018427977
1.955	  0.018212581
1.965	  0.017999882
1.975	  0.017789848
1.985	  0.017582443
1.995	  0.017377637
2.005	  0.017175399
2.015	  0.016975695
2.025	  0.016778493
2.035	  0.016583765
2.045	  0.016391477
2.055	  0.016201599
2.065	  0.016014101
2.075	  0.015828954
2.085	  0.015646126
2.095	  0.01546559
2.105	  0.015287316
2.115	  0.015111275
2.125	  0.014937438
2.135	  0.014765779
2.145	  0.014596267
2.155	  0.014428876
2.165	  0.01426358
2.175	  0.0141003495
2.185	  0.013939161
2.195	  0.013779985
2.205	  0.013622798
2.215	  0.013467573
2.225	  0.013314284
2.235	  0.013162908
2.245	  0.013013419
2.255	  0.012865792
2.265	  0.012720004
2.275	  0.01257603
2.285	  0.0124338465
2.295	  0.012293431
2.305	  0.01215476
2.315	  0.012017811
2.325	  0.01188256
2.335	  0.011748987
2.345	  0.011617069
2.355	  0.011486785
2.365	  0.011358112
2.375	  0.011231031
2.385	  0.01110552
2.395	  0.010981558
2.405	  0.010859126
2.415	  0.010738203
2.425	  0.0106187705
2.435	  0.010500807
2.445	  0.010384295
2.455	  0.010269214
2.465	  0.0101555465
2.475	  0.010043274
2.485	  0.009932377
2.495	  0.009822839
2.505	  0.009714641
2.515	  0.009607765
2.525	  0.009502195
2.535	  0.009397914
2.545	  0.009294904
2.555	  0.009193148
2.565	  0.009092632
2.575	  0.008993337
2.585	  0.008895249
2.595	  0.008798351
2.605	  0.008702628
2.615	  0.008608065
2.625	  0.0085146455
2.635	  0.008422355
2.645	  0.008331181
2.655	  0.008241106
2.665	  0.008152116
2.675	  0.008064198
2.685	  0.0079773385
2.695	  0.007891522
2.705	  0.007806736
2.715	  0.0077229664
2.725	  0.0076402007
2.735	  0.0075584254
2.745	  0.007477628
2.755	  0.0073977956
2.765	  0.0073189153
2.775	  0.007240975
2.785	  0.007163963
2.795	  0.0070878663
2.805	  0.0070126737
2.815	  0.0069383737
2.825	  0.006864954
2.835	  0.0067924038
2.845	  0.006720712
2.855	  0.0066498667
2.865	  0.006579858
2.875	  0.0065106745
2.885	  0.0064423056
2.895	  0.006374741
2.905	  0.0063079703
2.915	  0.0062419833
2.925	  0.0061767697
2.935	  0.00611232
2.945	  0.006048624
2.955	  0.0059856726
2.965	  0.0059234556
2.975	  0.005861964
2.985	  0.0058011883
2.995	  0.00574112
3.005	  0.005681749
3.015	  0.0056230673
3.025	  0.005565066
3.035	  0.0055077355
3.045	  0.0054510687
3.055	  0.005395056
3.065	  0.00533969
3.075	  0.0052849622
3.085	  0.005230864
3.095	  0.005177388
3.105	  0.005124526
3.115	  0.005072271
3.125	  0.0050206142
3.135	  0.0049695484
3.145	  0.004919067
3.155	  0.0048691616
3.165	  0.0048198253
3.175	  0.0047710515
3.185	  0.0047228322
3.195	  0.0046751606
3.205	  0.0046280306
3.215	  0.004581435
3.225	  0.004535367
3.235	  0.00448982
3.245	  0.0044447873
3.255	  0.004400263
3.265	  0.004356241
3.275	  0.004312714
3.285	  0.0042696767
3.295	  0.0042271228
3.305	  0.004185046
3.315	  0.0041434406
3.325	  0.004102301
3.335	  0.004061621
3.345	  0.004021396
3.355	  0.0039816187
3.365	  0.0039422847
3.375	  0.0039033883
3.385	  0.003864924
3.395	  0.0038268866
3.405	  0.003789271
3.415	  0.0037520719
3.425	  0.003715284
3.435	  0.0036789025
3.445	  0.0036429225
3.455	  0.0036073388
3.465	  0.0035721466
3.475	  0.0035373415
3.485	  0.0035029184
3.495	  0.003468873
3.505	  0.0034352003
3.515	  0.0034018962
3.525	  0.0033689558
3.535	  0.003336375
3.545	  0.0033041495
3.555	  0.0032722747
3.565	  0.0032407467
3.575	  0.003209561
3.585	  0.0031787138
3.595	  0.003148201
3.605	  0.0031180182
3.615	  0.0030881616
3.625	  0.0030586275
3.635	  0.0030294121
3.645	  0.003000511
3.655	  0.0029719213
3.665	  0.0029436385
3.675	  0.0029156595
3.685	  0.0028879803
3.695	  0.0028605976
3.705	  0.0028335075
3.715	  0.002806707
3.725	  0.0027801923
3.735	  0.0027539604
3.745	  0.0027280075
3.755	  0.0027023307
3.765	  0.0026769263
3.775	  0.0026517916
3.785	  0.0026269231
3.795	  0.0026023176
3.805	  0.0025779724
3.815	  0.002553884
3.825	  0.0025300495
3.835	  0.0025064661
3.845	  0.002483131
3.855	  0.0024600406
3.865	  0.0024371927
3.875	  0.0024145844
3.885	  0.0023922126
3.895	  0.0023700749
3.905	  0.0023481683
3.915	  0.0023264901
3.925	  0.002305038
3.935	  0.002283809
3.945	  0.002262801
3.955	  0.0022420108
3.965	  0.0022214362
3.975	  0.0022010747
3.985	  0.002180924
3.995	  0.0021609815
4.005	  0.0021412447



DATASET #3

     Name: BPT Fit
   Points: 401
     Info: Mean = 100.0, Aperiodicity = 0.5, Duration = 30.0, Delta T = 1.0, Num Points = 500, Historic Open Interval = 0.0
Computed mean = 0.9694445

Data[x,y]:
0.0	  0.0
0.01	  1.614607E-39
0.02	  2.7096418E-19
0.03	  1.1431725E-12
0.04	  2.0572026E-9
0.05	  1.7052189E-7
0.06	  3.072725E-6
0.07	  2.3318633E-5
0.08	  1.03542196E-4
0.09	  3.2259617E-4
0.1	  7.859619E-4
0.11	  0.0016037368
0.12	  0.0028681539
0.13	  0.004638793
0.14	  0.0069374065
0.15	  0.009750351
0.16	  0.013035432
0.17	  0.016730355
0.18	  0.020760942
0.19	  0.025048086
0.2	  0.029513124
0.21	  0.034081623
0.22	  0.0386858
0.23	  0.043265857
0.24	  0.047770515
0.25	  0.05215694
0.26	  0.056390338
0.27	  0.0604433
0.28	  0.06429502
0.29	  0.06793051
0.3	  0.071339756
0.31	  0.074517004
0.32	  0.07746004
0.33	  0.08016959
0.34	  0.0826487
0.35	  0.084902346
0.36	  0.08693694
0.37	  0.08876005
0.38	  0.09038001
0.39	  0.09180576
0.4	  0.0930466
0.41	  0.094112
0.42	  0.0950115
0.43	  0.095754586
0.44	  0.096350595
0.45	  0.09680865
0.46	  0.09713763
0.47	  0.09734609
0.48	  0.09744226
0.49	  0.09743403
0.5	  0.09732893
0.51	  0.09713412
0.52	  0.09685641
0.53	  0.09650222
0.54	  0.09607765
0.55	  0.09558844
0.56	  0.095039986
0.57	  0.09443738
0.58	  0.093785405
0.59	  0.09308852
0.6	  0.09235093
0.61	  0.09157656
0.62	  0.09076908
0.63	  0.08993192
0.64	  0.089068264
0.65	  0.088181116
0.66	  0.08727323
0.67	  0.086347215
0.68	  0.08540546
0.69	  0.0844502
0.7	  0.08348351
0.71	  0.08250732
0.72	  0.0815234
0.73	  0.08053342
0.74	  0.0795389
0.75	  0.07854125
0.76	  0.07754177
0.77	  0.07654167
0.78	  0.07554206
0.79	  0.07454396
0.8	  0.0735483
0.81	  0.07255596
0.82	  0.07156771
0.83	  0.070584275
0.84	  0.06960633
0.85	  0.06863446
0.86	  0.06766921
0.87	  0.0667111
0.88	  0.06576056
0.89	  0.064817995
0.9	  0.06388378
0.91	  0.06295823
0.92	  0.062041655
0.93	  0.061134297
0.94	  0.06023639
0.95	  0.05934814
0.96	  0.05846971
0.97	  0.05760126
0.98	  0.056742907
0.99	  0.055894762
1.0	  0.055056915
1.01	  0.05422943
1.02	  0.053412363
1.03	  0.052605744
1.04	  0.0518096
1.05	  0.051023945
1.06	  0.050248772
1.07	  0.049484067
1.08	  0.048729803
1.09	  0.047985956
1.1	  0.047252476
1.11	  0.046529315
1.12	  0.04581642
1.13	  0.045113727
1.14	  0.044421162
1.15	  0.043738656
1.16	  0.04306613
1.17	  0.04240349
1.18	  0.04175066
1.19	  0.041107543
1.2	  0.040474042
1.21	  0.039850064
1.22	  0.039235506
1.23	  0.03863027
1.24	  0.038034245
1.25	  0.037447326
1.26	  0.03686941
1.27	  0.036300387
1.28	  0.035740145
1.29	  0.035188574
1.3	  0.034645565
1.31	  0.034111008
1.32	  0.033584785
1.33	  0.03306679
1.34	  0.032556906
1.35	  0.032055028
1.36	  0.03156104
1.37	  0.031074831
1.38	  0.030596292
1.39	  0.030125313
1.4	  0.02966178
1.41	  0.029205589
1.42	  0.028756628
1.43	  0.028314792
1.44	  0.027879974
1.45	  0.027452068
1.46	  0.027030969
1.47	  0.026616573
1.48	  0.026208779
1.49	  0.025807481
1.5	  0.025412584
1.51	  0.025023984
1.52	  0.024641585
1.53	  0.024265287
1.54	  0.023894997
1.55	  0.02353062
1.56	  0.02317206
1.57	  0.022819225
1.58	  0.022472024
1.59	  0.022130366
1.6	  0.021794165
1.61	  0.021463329
1.62	  0.021137774
1.63	  0.020817414
1.64	  0.020502165
1.65	  0.020191945
1.66	  0.01988667
1.67	  0.019586263
1.68	  0.019290641
1.69	  0.018999727
1.7	  0.018713446
1.71	  0.01843172
1.72	  0.018154476
1.73	  0.017881637
1.74	  0.017613135
1.75	  0.017348897
1.76	  0.017088853
1.77	  0.016832933
1.78	  0.01658107
1.79	  0.016333198
1.8	  0.01608925
1.81	  0.01584916
1.82	  0.015612868
1.83	  0.015380309
1.84	  0.015151422
1.85	  0.014926145
1.86	  0.01470442
1.87	  0.014486189
1.88	  0.0142713925
1.89	  0.014059975
1.9	  0.013851879
1.91	  0.013647052
1.92	  0.01344544
1.93	  0.013246988
1.94	  0.013051645
1.95	  0.012859359
1.96	  0.012670081
1.97	  0.01248376
1.98	  0.012300349
1.99	  0.012119798
2.0	  0.011942062
2.01	  0.011767092
2.02	  0.011594845
2.03	  0.011425275
2.04	  0.011258339
2.05	  0.011093993
2.06	  0.010932194
2.07	  0.010772901
2.08	  0.010616072
2.09	  0.0104616685
2.1	  0.01030965
2.11	  0.010159976
2.12	  0.010012609
2.13	  0.009867513
2.14	  0.009724649
2.15	  0.00958398
2.16	  0.009445472
2.17	  0.009309089
2.18	  0.009174797
2.19	  0.00904256
2.2	  0.008912347
2.21	  0.008784125
2.22	  0.00865786
2.23	  0.008533521
2.24	  0.008411077
2.25	  0.008290498
2.26	  0.008171752
2.27	  0.008054811
2.28	  0.007939645
2.29	  0.007826226
2.3	  0.007714525
2.31	  0.007604515
2.32	  0.007496169
2.33	  0.0073894598
2.34	  0.007284361
2.35	  0.0071808468
2.36	  0.0070788926
2.37	  0.006978472
2.38	  0.0068795616
2.39	  0.0067821373
2.4	  0.0066861743
2.41	  0.00659165
2.42	  0.006498542
2.43	  0.006406827
2.44	  0.0063164826
2.45	  0.0062274877
2.46	  0.0061398204
2.47	  0.00605346
2.48	  0.0059683854
2.49	  0.0058845766
2.5	  0.0058020134
2.51	  0.0057206764
2.52	  0.005640546
2.53	  0.005561603
2.54	  0.0054838285
2.55	  0.005407205
2.56	  0.0053317137
2.57	  0.005257337
2.58	  0.005184057
2.59	  0.0051118573
2.6	  0.005040721
2.61	  0.0049706306
2.62	  0.0049015703
2.63	  0.0048335236
2.64	  0.0047664754
2.65	  0.0047004097
2.66	  0.004635311
2.67	  0.004571165
2.68	  0.0045079566
2.69	  0.0044456706
2.7	  0.004384293
2.71	  0.0043238103
2.72	  0.004264208
2.73	  0.0042054732
2.74	  0.0041475915
2.75	  0.004090551
2.76	  0.004034337
2.77	  0.003978939
2.78	  0.0039243423
2.79	  0.003870536
2.8	  0.0038175075
2.81	  0.0037652447
2.82	  0.0037137363
2.83	  0.0036629704
2.84	  0.0036129358
2.85	  0.0035636213
2.86	  0.0035150158
2.87	  0.0034671086
2.88	  0.0034198891
2.89	  0.003373347
2.9	  0.0033274714
2.91	  0.003282253
2.92	  0.0032376812
2.93	  0.0031937466
2.94	  0.0031504391
2.95	  0.0031077496
2.96	  0.0030656687
2.97	  0.0030241872
2.98	  0.0029832958
2.99	  0.002942986
3.0	  0.0029032489
3.01	  0.0028640758
3.02	  0.0028254585
3.03	  0.0027873884
3.04	  0.0027498573
3.05	  0.002712857
3.06	  0.0026763799
3.07	  0.002640418
3.08	  0.0026049637
3.09	  0.0025700093
3.1	  0.0025355474
3.11	  0.0025015706
3.12	  0.0024680716
3.13	  0.0024350437
3.14	  0.0024024795
3.15	  0.0023703724
3.16	  0.0023387154
3.17	  0.002307502
3.18	  0.0022767254
3.19	  0.0022463794
3.2	  0.0022164576
3.21	  0.0021869536
3.22	  0.0021578614
3.23	  0.0021291748
3.24	  0.002100888
3.25	  0.0020729948
3.26	  0.0020454896
3.27	  0.002018367
3.28	  0.001991621
3.29	  0.0019652462
3.3	  0.0019392371
3.31	  0.0019135886
3.32	  0.0018882952
3.33	  0.0018633517
3.34	  0.0018387531
3.35	  0.0018144945
3.36	  0.0017905707
3.37	  0.0017669769
3.38	  0.0017437084
3.39	  0.0017207604
3.4	  0.0016981283
3.41	  0.0016758074
3.42	  0.0016537934
3.43	  0.0016320817
3.44	  0.0016106679
3.45	  0.0015895478
3.46	  0.0015687172
3.47	  0.0015481719
3.48	  0.0015279076
3.49	  0.0015079204
3.5	  0.0014882064
3.51	  0.0014687617
3.52	  0.0014495822
3.53	  0.0014306642
3.54	  0.001412004
3.55	  0.0013935979
3.56	  0.0013754423
3.57	  0.0013575335
3.58	  0.0013398681
3.59	  0.0013224424
3.6	  0.0013052532
3.61	  0.0012882972
3.62	  0.0012715709
3.63	  0.0012550711
3.64	  0.0012387945
3.65	  0.0012227381
3.66	  0.0012068986
3.67	  0.0011912731
3.68	  0.0011758583
3.69	  0.0011606516
3.7	  0.0011456496
3.71	  0.0011308498
3.72	  0.0011162491
3.73	  0.0011018448
3.74	  0.0010876341
3.75	  0.0010736143
3.76	  0.0010597828
3.77	  0.0010461367
3.78	  0.0010326736
3.79	  0.0010193909
3.8	  0.001006286
3.81	  9.933565E-4
3.82	  9.805998E-4
3.83	  9.6801354E-4
3.84	  9.555954E-4
3.85	  9.4334304E-4
3.86	  9.31254E-4
3.87	  9.1932615E-4
3.88	  9.075572E-4
3.89	  8.959449E-4
3.9	  8.8448706E-4
3.91	  8.7318156E-4
3.92	  8.620263E-4
3.93	  8.5101917E-4
3.94	  8.401581E-4
3.95	  8.2944107E-4
3.96	  8.188661E-4
3.97	  8.084312E-4
3.98	  7.981344E-4
3.99	  7.879739E-4
4.0	  7.779477E-4


