
X-Axis: Normalized Distance Along Strike
Y-Axis: Hypocenter Density
Number of Data Sets: 4


DATASET #1

     Name: 
   Points: 31
     Info: 

Data[x,y]:
0.05	  0.01908867
0.15	  0.038793102
0.25	  0.033866994
0.35	  0.04187192
0.45	  0.056034483
0.55	  0.04187192
0.65	  0.038793102
0.75	  0.035098523
0.85	  0.04187192
0.95	  0.056034483
1.05	  0.03263547
1.15	  0.017857144
1.25	  0.023399014
1.35	  0.009236453
1.45	  0.013546798
1.55	  0.013546798
1.65	  0.009236453
1.75	  0.023399014
1.85	  0.017857144
1.95	  0.03263547
2.05	  0.056034483
2.15	  0.04187192
2.25	  0.035098523
2.35	  0.038793102
2.45	  0.04187192
2.55	  0.056034483
2.65	  0.04187192
2.75	  0.033866994
2.85	  0.038793102
2.95	  0.01908867
3.05	  0.0



DATASET #2

     Name: 
   Points: 31
     Info: 

Data[x,y]:
0.05	  0.0
0.15	  0.0
0.25	  0.0
0.35	  0.0
0.45	  0.0
0.55	  0.0
0.65	  0.0
0.75	  0.0
0.85	  6.1576354E-4
0.95	  6.1576354E-4
1.05	  0.0049261083
1.15	  0.005541872
1.25	  0.01046798
1.35	  0.0036945813
1.45	  0.0061576352
1.55	  0.0061576352
1.65	  0.0036945813
1.75	  0.01046798
1.85	  0.005541872
1.95	  0.0049261083
2.05	  6.1576354E-4
2.15	  6.1576354E-4
2.25	  0.0
2.35	  0.0
2.45	  0.0
2.55	  0.0
2.65	  0.0
2.75	  0.0
2.85	  0.0
2.95	  0.0
3.05	  0.0



DATASET #3

Name: 
Num Points: 4
Info: 

X, Y Data:
0.021	  7.8448275E-4
0.021	  0.077663794
2.979	  0.077663794
2.979	  7.8448275E-4



DATASET #4

Name: 
Num Points: 4
Info: 

X, Y Data:
1.0	  7.8448275E-4
1.0	  0.069818966
2.0	  0.069818966
2.0	  7.8448275E-4


