
X-Axis: Annual Probability
Y-Axis: Ln(RSQSim/UCERF3)
Number of Data Sets: 15


DATASET #1

Name: PSA_0=0.0
Num Points: 25
Info: 

X, Y Data:
1.0E-6	-0.080740586
1.5848932E-6	-0.08306767
2.5118864E-6	-0.08577983
3.9810716E-6	-0.0889829
6.3095736E-6	-0.0927442
1.0E-5	-0.09710032
1.5848931E-5	-0.10199505
2.5118865E-5	-0.10737783
3.981072E-5	-0.11354198
6.309574E-5	-0.1208721
1.0E-4	-0.12999813
1.5848932E-4	-0.14312634
2.5118864E-4	-0.15450291
3.9810716E-4	-0.1624041
6.3095737E-4	-0.16600978
0.001	-0.17051245
0.0015848932	-0.1739749
0.0025118864	-0.1759858
0.0039810715	-0.17694487
0.0063095735	-0.16741921
0.01	-0.16726571
0.015848933	-0.18948199
0.025118865	-0.20944326
0.039810717	-0.0732943
0.06309573	-0.5683915



DATASET #2

Name: 0.1
Num Points: 23
Info: 

X, Y Data:
1.0E-6	-0.0805274
1.5848932E-6	-0.08285866
2.5118864E-6	-0.085573405
3.9810716E-6	-0.08876735
6.3095736E-6	-0.09250137
1.0E-5	-0.0968055
1.5848931E-5	-0.10160428
2.5118865E-5	-0.10683202
3.981072E-5	-0.11274514
6.309574E-5	-0.11973202
1.0E-4	-0.1282682
1.5848932E-4	-0.14060266
2.5118864E-4	-0.15012501
3.9810716E-4	-0.15491448
6.3095737E-4	-0.15625282
0.001	-0.16257465
0.0015848932	-0.16756634
0.0025118864	-0.17347185
0.0039810715	-0.19320415
0.0063095735	-0.23688655
0.01	-0.3736127
0.015848933	-0.6149518
0.025118865	-1.0799035



DATASET #3

Name: 0.2
Num Points: 22
Info: 

X, Y Data:
1.0E-6	-0.0801043
1.5848932E-6	-0.08241662
2.5118864E-6	-0.08511785
3.9810716E-6	-0.08829081
6.3095736E-6	-0.09197779
1.0E-5	-0.09619091
1.5848931E-5	-0.10083728
2.5118865E-5	-0.10582586
3.981072E-5	-0.11139477
6.309574E-5	-0.1178767
1.0E-4	-0.12571248
1.5848932E-4	-0.1373489
2.5118864E-4	-0.14550953
3.9810716E-4	-0.14894512
6.3095737E-4	-0.1533501
0.001	-0.16413172
0.0015848932	-0.17163244
0.0025118864	-0.18966845
0.0039810715	-0.2322563
0.0063095735	-0.3737934
0.01	-0.55909014
0.015848933	-1.0535562



DATASET #4

Name: 0.4
Num Points: 21
Info: 

X, Y Data:
1.0E-6	-0.07937253
1.5848932E-6	-0.08171979
2.5118864E-6	-0.084472686
3.9810716E-6	-0.08770249
6.3095736E-6	-0.09137194
1.0E-5	-0.095493376
1.5848931E-5	-0.09996741
2.5118865E-5	-0.10468889
3.981072E-5	-0.1098789
6.309574E-5	-0.11587165
1.0E-4	-0.123359606
1.5848932E-4	-0.13439457
2.5118864E-4	-0.14089988
3.9810716E-4	-0.14518933
6.3095737E-4	-0.15287846
0.001	-0.16080797
0.0015848932	-0.17990273
0.0025118864	-0.2203465
0.0039810715	-0.3459092
0.0063095735	-0.4220789
0.01	-0.61682373



DATASET #5

Name: 0.8
Num Points: 18
Info: 

X, Y Data:
1.0E-6	-0.07987175
1.5848932E-6	-0.082700655
2.5118864E-6	-0.08580477
3.9810716E-6	-0.089192085
6.3095736E-6	-0.09291639
1.0E-5	-0.09697999
1.5848931E-5	-0.10129137
2.5118865E-5	-0.105985165
3.981072E-5	-0.11127041
6.309574E-5	-0.11653709
1.0E-4	-0.12093822
1.5848932E-4	-0.1243864
2.5118864E-4	-0.12560646
3.9810716E-4	-0.13176091
6.3095737E-4	-0.14487112
0.001	-0.1715975
0.0015848932	-0.24425933
0.0025118864	-0.23102



DATASET #6

Name: PSA_0=1.2
Num Points: 16
Info: 

X, Y Data:
1.0E-6	-0.082356036
1.5848932E-6	-0.085383765
2.5118864E-6	-0.088684075
3.9810716E-6	-0.09217235
6.3095736E-6	-0.09565373
1.0E-5	-0.09911088
1.5848931E-5	-0.10237856
2.5118865E-5	-0.10468829
3.981072E-5	-0.10617941
6.309574E-5	-0.10729261
1.0E-4	-0.10877919
1.5848932E-4	-0.11397152
2.5118864E-4	-0.1258205
3.9810716E-4	-0.1551315
6.3095737E-4	-0.18478501
0.001	-0.15401366



DATASET #7

Name: 
Num Points: 25
Info: 

X, Y Data:
1.0E-6	0.15912816
1.5848932E-6	0.15714143
2.5118864E-6	0.15642154
3.9810716E-6	0.15635514
6.3095736E-6	0.15101077
1.0E-5	0.1496453
1.5848931E-5	0.14695254
2.5118865E-5	0.14582051
3.981072E-5	0.1465924
6.309574E-5	0.14304538
1.0E-4	0.14266405
1.5848932E-4	0.16065513
2.5118864E-4	0.18475
3.9810716E-4	0.20213747
6.3095737E-4	0.20696422
0.001	0.22374928
0.0015848932	0.23049776
0.0025118864	0.25522268
0.0039810715	0.31765985
0.0063095735	0.27056235
0.01	0.27057555
0.015848933	0.3161557
0.025118865	0.40610403
0.039810717	0.3738346
0.06309573	0.4141446



DATASET #8

Name: 
Num Points: 23
Info: 

X, Y Data:
1.0E-6	0.15913086
1.5848932E-6	0.15714347
2.5118864E-6	0.15642278
3.9810716E-6	0.15635619
6.3095736E-6	0.15101303
1.0E-5	0.14964864
1.5848931E-5	0.14695935
2.5118865E-5	0.1458335
3.981072E-5	0.1466208
6.309574E-5	0.14308442
1.0E-4	0.14273249
1.5848932E-4	0.16076279
2.5118864E-4	0.18505199
3.9810716E-4	0.20296605
6.3095737E-4	0.20842822
0.001	0.22498535
0.0015848932	0.23122466
0.0025118864	0.25552738
0.0039810715	0.31670225
0.0063095735	0.28411636
0.01	0.37200016
0.015848933	0.5825177
0.025118865	1.0299003



DATASET #9

Name: 
Num Points: 22
Info: 

X, Y Data:
1.0E-6	0.15913707
1.5848932E-6	0.1571487
2.5118864E-6	0.15642649
3.9810716E-6	0.15635955
6.3095736E-6	0.15101925
1.0E-5	0.14965744
1.5848931E-5	0.14697577
2.5118865E-5	0.14586279
3.981072E-5	0.1466788
6.309574E-5	0.14316733
1.0E-4	0.14287186
1.5848932E-4	0.1609599
2.5118864E-4	0.18548176
3.9810716E-4	0.20382121
6.3095737E-4	0.20894973
0.001	0.22472131
0.0015848932	0.23074308
0.0025118864	0.25399446
0.0039810715	0.31780702
0.0063095735	0.3518422
0.01	0.51926893
0.015848933	0.98238266



DATASET #10

Name: 
Num Points: 21
Info: 

X, Y Data:
1.0E-6	0.15915045
1.5848932E-6	0.15715946
2.5118864E-6	0.15643398
3.9810716E-6	0.15636571
6.3095736E-6	0.1510287
1.0E-5	0.1496705
1.5848931E-5	0.14699923
2.5118865E-5	0.14590421
3.981072E-5	0.14675869
6.309574E-5	0.1432839
1.0E-4	0.14304042
1.5848932E-4	0.16119558
2.5118864E-4	0.18602431
3.9810716E-4	0.20444678
6.3095737E-4	0.20903815
0.001	0.22529759
0.0015848932	0.22998239
0.0025118864	0.25391304
0.0039810715	0.3469824
0.0063095735	0.384611
0.01	0.5696822



DATASET #11

Name: 
Num Points: 18
Info: 

X, Y Data:
1.0E-6	0.15914094
1.5848932E-6	0.1571452
2.5118864E-6	0.15642142
3.9810716E-6	0.15635441
6.3095736E-6	0.1510094
1.0E-5	0.1496466
1.5848931E-5	0.14696556
2.5118865E-5	0.14585769
3.981072E-5	0.14668477
6.309574E-5	0.14324212
1.0E-4	0.14325404
1.5848932E-4	0.16239129
2.5118864E-4	0.18862174
3.9810716E-4	0.20722544
6.3095737E-4	0.21069485
0.001	0.22360168
0.0015848932	0.2341766
0.0025118864	0.25475243



DATASET #12

Name: 
Num Points: 16
Info: 

X, Y Data:
1.0E-6	0.159117
1.5848932E-6	0.15713745
2.5118864E-6	0.15643299
3.9810716E-6	0.1563744
6.3095736E-6	0.15101402
1.0E-5	0.14963809
1.5848931E-5	0.14694685
2.5118865E-5	0.14590424
3.981072E-5	0.14701912
6.309574E-5	0.14409702
1.0E-4	0.14493486
1.5848932E-4	0.16427502
2.5118864E-4	0.18857709
3.9810716E-4	0.2029382
6.3095737E-4	0.20542558
0.001	0.22662273



DATASET #13

Name: NEHRP City Mean
Num Points: 24
Info: 

X, Y Data:
1.0E-6	-0.051756628
1.5848932E-6	-0.054843623
2.5118864E-6	-0.058278803
3.9810716E-6	-0.06209394
6.3095736E-6	-0.06632122
1.0E-5	-0.07096667
1.5848931E-5	-0.07605594
2.5118865E-5	-0.08158262
3.981072E-5	-0.087535456
6.309574E-5	-0.09390452
1.0E-4	-0.10069756
1.5848932E-4	-0.107962534
2.5118864E-4	-0.115785524
3.9810716E-4	-0.12429441
6.3095737E-4	-0.13334575
0.001	-0.14245014
0.0015848932	-0.14973982
0.0025118864	-0.15169598
0.0039810715	-0.14716496
0.0063095735	-0.1356203
0.01	-0.11596635
0.015848933	-0.08290351
0.025118865	-0.020570802
0.039810717	0.041766033



DATASET #14

Name: Mean
Num Points: 25
Info: 

X, Y Data:
1.0E-6	-0.08264831
1.5848932E-6	-0.08449542
2.5118864E-6	-0.08661544
3.9810716E-6	-0.0896336
6.3095736E-6	-0.09403012
1.0E-5	-0.098643035
1.5848931E-5	-0.104365215
2.5118865E-5	-0.1105734
3.981072E-5	-0.11836955
6.309574E-5	-0.12520099
1.0E-4	-0.1347778
1.5848932E-4	-0.14872074
2.5118864E-4	-0.16506808
3.9810716E-4	-0.18106762
6.3095737E-4	-0.19229534
0.001	-0.20148174
0.0015848932	-0.19695605
0.0025118864	-0.20568164
0.0039810715	-0.20375514
0.0063095735	-0.14804024
0.01	-0.112518355
0.015848933	-0.12091327
0.025118865	-0.13013282
0.039810717	-0.02449131
0.06309573	-0.49766433



DATASET #15

Name: StdDev
Num Points: 25
Info: 

X, Y Data:
1.0E-6	0.15911715
1.5848932E-6	0.15713535
2.5118864E-6	0.15641972
3.9810716E-6	0.15635419
6.3095736E-6	0.15100569
1.0E-5	0.14963774
1.5848931E-5	0.14693381
2.5118865E-5	0.14578588
3.981072E-5	0.14651327
6.309574E-5	0.14298023
1.0E-4	0.14258434
1.5848932E-4	0.16055812
2.5118864E-4	0.18444815
3.9810716E-4	0.20127456
6.3095737E-4	0.20528878
0.001	0.22159627
0.0015848932	0.2293499
0.0025118864	0.2534899
0.0039810715	0.3165274
0.0063095735	0.2698683
0.01	0.2649799
0.015848933	0.30863166
0.025118865	0.39828604
0.039810717	0.37063807
0.06309573	0.4082121


