
X-Axis: Period (s)
Y-Axis: PSA (g)
Number of Data Sets: 16


DATASET #1

Name: ASK2014 ±σ
Num Points: 22
Info: 

X, Y Data:
0.01	0.12877685	[0.06907995	0.24006207]
0.02	0.13113078	[0.07044083	0.24410959]
0.03	0.13635388	[0.0736802	0.25233892]
0.05	0.15684184	[0.08498658	0.28945]
0.075	0.19805147	[0.107447274	0.36505705]
0.1	0.23817581	[0.12854354	0.44131133]
0.15	0.30553657	[0.16222245	0.57546043]
0.2	0.33971146	[0.17652507	0.65375346]
0.25	0.3349018	[0.17065966	0.65721]
0.3	0.3045543	[0.1538853	0.6027433]
0.4	0.25621617	[0.1283631	0.51141423]
0.5	0.22379589	[0.111165516	0.4505408]
0.75	0.16073786	[0.078819185	0.32779658]
1.0	0.12125086	[0.058689356	0.25050148]
1.5	0.0801777	[0.038472474	0.16709255]
2.0	0.057637926	[0.02741654	0.121172495]
3.0	0.0359169	[0.017234368	0.07485181]
4.0	0.026068885	[0.012618188	0.053857714]
5.0	0.02034676	[0.009848493	0.042035937]
6.0	0.016993104	[0.008225215	0.035107363]
7.5	0.013554101	[0.0065606255	0.02800246]
10.0	0.009436777	[0.004567707	0.019496163]



DATASET #2

Name: 
Num Points: 22
Info: 

X, Y Data:
0.01	0.24006207
0.02	0.24410959
0.03	0.25233892
0.05	0.28945
0.075	0.36505705
0.1	0.44131133
0.15	0.57546043
0.2	0.65375346
0.25	0.65721
0.3	0.6027433
0.4	0.51141423
0.5	0.4505408
0.75	0.32779658
1.0	0.25050148
1.5	0.16709255
2.0	0.121172495
3.0	0.07485181
4.0	0.053857714
5.0	0.042035937
6.0	0.035107363
7.5	0.02800246
10.0	0.019496163



DATASET #3

Name: 
Num Points: 22
Info: 

X, Y Data:
0.01	0.06907995
0.02	0.07044083
0.03	0.0736802
0.05	0.08498658
0.075	0.107447274
0.1	0.12854354
0.15	0.16222245
0.2	0.17652507
0.25	0.17065966
0.3	0.1538853
0.4	0.1283631
0.5	0.111165516
0.75	0.078819185
1.0	0.058689356
1.5	0.038472474
2.0	0.02741654
3.0	0.017234368
4.0	0.012618188
5.0	0.009848493
6.0	0.008225215
7.5	0.0065606255
10.0	0.004567707



DATASET #4

Name: BSSA2014 ±σ
Num Points: 21
Info: 

X, Y Data:
0.01	0.14176244	[0.077285096	0.26003185]
0.02	0.13959685	[0.0758737	0.25683838]
0.03	0.14483306	[0.07714964	0.2718952]
0.05	0.16917339	[0.08557403	0.33444303]
0.075	0.20883809	[0.10218374	0.42681298]
0.1	0.24376205	[0.11998407	0.49523187]
0.15	0.29549012	[0.15234235	0.573146]
0.2	0.31072396	[0.16693664	0.5783594]
0.25	0.29971057	[0.16313365	0.5506309]
0.3	0.28283718	[0.1543052	0.51843274]
0.4	0.24377008	[0.1315489	0.4517244]
0.5	0.21123542	[0.11143708	0.40040892]
0.75	0.14917734	[0.07584145	0.2934264]
1.0	0.11164349	[0.055863015	0.22312202]
1.5	0.07072113	[0.03531134	0.14163941]
2.0	0.050015163	[0.024833867	0.10073004]
3.0	0.03293613	[0.016222605	0.066868946]
4.0	0.02514655	[0.012387967	0.051045414]
5.0	0.020109195	[0.009921466	0.040758062]
7.5	0.012732223	[0.0063919416	0.025361544]
10.0	0.008012855	[0.0041848896	0.015342303]



DATASET #5

Name: 
Num Points: 21
Info: 

X, Y Data:
0.01	0.26003185
0.02	0.25683838
0.03	0.2718952
0.05	0.33444303
0.075	0.42681298
0.1	0.49523187
0.15	0.573146
0.2	0.5783594
0.25	0.5506309
0.3	0.51843274
0.4	0.4517244
0.5	0.40040892
0.75	0.2934264
1.0	0.22312202
1.5	0.14163941
2.0	0.10073004
3.0	0.066868946
4.0	0.051045414
5.0	0.040758062
7.5	0.025361544
10.0	0.015342303



DATASET #6

Name: 
Num Points: 21
Info: 

X, Y Data:
0.01	0.077285096
0.02	0.0758737
0.03	0.07714964
0.05	0.08557403
0.075	0.10218374
0.1	0.11998407
0.15	0.15234235
0.2	0.16693664
0.25	0.16313365
0.3	0.1543052
0.4	0.1315489
0.5	0.11143708
0.75	0.07584145
1.0	0.055863015
1.5	0.03531134
2.0	0.024833867
3.0	0.016222605
4.0	0.012387967
5.0	0.009921466
7.5	0.0063919416
10.0	0.0041848896



DATASET #7

Name: CB2014 ±σ
Num Points: 21
Info: 

X, Y Data:
0.01	0.14140476	[0.080350354	0.24885154]
0.02	0.14334069	[0.08118957	0.2530689]
0.03	0.15728472	[0.08804187	0.28098544]
0.05	0.19309598	[0.10572737	0.3526623]
0.075	0.23213741	[0.1230203	0.4380397]
0.1	0.25920144	[0.1357567	0.4948955]
0.15	0.28920645	[0.15405655	0.5429199]
0.2	0.2931169	[0.1576697	0.5449209]
0.25	0.2977195	[0.16142073	0.54910487]
0.3	0.29555786	[0.1570891	0.5560822]
0.4	0.26966035	[0.14094791	0.51591194]
0.5	0.23331264	[0.11996261	0.4537646]
0.75	0.16520202	[0.081057146	0.33669716]
1.0	0.12670934	[0.061650675	0.2604231]
1.5	0.08549099	[0.041485954	0.17617309]
2.0	0.061910287	[0.030402644	0.12607074]
3.0	0.03992844	[0.019577218	0.08143549]
4.0	0.028225297	[0.014251981	0.055898715]
5.0	0.02002146	[0.010007922	0.040054154]
7.5	0.009256087	[0.004596568	0.018638937]
10.0	0.005068638	[0.0025229738	0.01018286]



DATASET #8

Name: 
Num Points: 21
Info: 

X, Y Data:
0.01	0.24885154
0.02	0.2530689
0.03	0.28098544
0.05	0.3526623
0.075	0.4380397
0.1	0.4948955
0.15	0.5429199
0.2	0.5449209
0.25	0.54910487
0.3	0.5560822
0.4	0.51591194
0.5	0.4537646
0.75	0.33669716
1.0	0.2604231
1.5	0.17617309
2.0	0.12607074
3.0	0.08143549
4.0	0.055898715
5.0	0.040054154
7.5	0.018638937
10.0	0.01018286



DATASET #9

Name: 
Num Points: 21
Info: 

X, Y Data:
0.01	0.080350354
0.02	0.08118957
0.03	0.08804187
0.05	0.10572737
0.075	0.1230203
0.1	0.1357567
0.15	0.15405655
0.2	0.1576697
0.25	0.16142073
0.3	0.1570891
0.4	0.14094791
0.5	0.11996261
0.75	0.081057146
1.0	0.061650675
1.5	0.041485954
2.0	0.030402644
3.0	0.019577218
4.0	0.014251981
5.0	0.010007922
7.5	0.004596568
10.0	0.0025229738



DATASET #10

Name: CY2014 ±σ
Num Points: 24
Info: 

X, Y Data:
0.01	0.13255444	[0.07580974	0.23177338]
0.02	0.13369611	[0.076273896	0.2343482]
0.03	0.1450274	[0.081731185	0.25734296]
0.04	0.16150135	[0.09035608	0.2886655]
0.05	0.18195005	[0.10136313	0.32660615]
0.075	0.23259304	[0.12874942	0.4201924]
0.1	0.26782334	[0.14721778	0.48723283]
0.12	0.2867776	[0.15668413	0.5248865]
0.15	0.3023615	[0.16384047	0.5579968]
0.17	0.30741453	[0.16574782	0.5701656]
0.2	0.3094689	[0.16566049	0.5781161]
0.25	0.2997105	[0.15880133	0.56565267]
0.3	0.28234956	[0.14833714	0.53743297]
0.4	0.2439574	[0.12653528	0.47034484]
0.5	0.2114787	[0.108669624	0.41155234]
0.75	0.14943017	[0.07567983	0.29505056]
1.0	0.109993696	[0.055343185	0.2186107]
1.5	0.068779886	[0.034348547	0.13772555]
2.0	0.049100436	[0.024532197	0.09827301]
3.0	0.02973937	[0.014923254	0.059265234]
4.0	0.019224172	[0.009672525	0.0382081]
5.0	0.012859277	[0.0064898506	0.025479943]
7.5	0.0059145847	[0.0030028927	0.011649538]
10.0	0.0033094205	[0.0016874099	0.0064905775]



DATASET #11

Name: 
Num Points: 24
Info: 

X, Y Data:
0.01	0.23177338
0.02	0.2343482
0.03	0.25734296
0.04	0.2886655
0.05	0.32660615
0.075	0.4201924
0.1	0.48723283
0.12	0.5248865
0.15	0.5579968
0.17	0.5701656
0.2	0.5781161
0.25	0.56565267
0.3	0.53743297
0.4	0.47034484
0.5	0.41155234
0.75	0.29505056
1.0	0.2186107
1.5	0.13772555
2.0	0.09827301
3.0	0.059265234
4.0	0.0382081
5.0	0.025479943
7.5	0.011649538
10.0	0.0064905775



DATASET #12

Name: 
Num Points: 24
Info: 

X, Y Data:
0.01	0.07580974
0.02	0.076273896
0.03	0.081731185
0.04	0.09035608
0.05	0.10136313
0.075	0.12874942
0.1	0.14721778
0.12	0.15668413
0.15	0.16384047
0.17	0.16574782
0.2	0.16566049
0.25	0.15880133
0.3	0.14833714
0.4	0.12653528
0.5	0.108669624
0.75	0.07567983
1.0	0.055343185
1.5	0.034348547
2.0	0.024532197
3.0	0.014923254
4.0	0.009672525
5.0	0.0064898506
7.5	0.0030028927
10.0	0.0016874099



DATASET #13

Name: Psa5_N
Num Points: 63
Info: 

X, Y Data:
0.01	0.11779
0.011	0.1178
0.012	0.1178
0.013	0.11781
0.015	0.11782
0.017	0.11783
0.02	0.11786
0.022	0.11788
0.025	0.11791
0.029	0.11796
0.032	0.118
0.035	0.11805
0.04	0.11814
0.045	0.11823
0.05	0.11834
0.055	0.11847
0.06	0.1186
0.065	0.11875
0.075	0.11908
0.085	0.11945
0.1	0.12012
0.11	0.12063
0.12	0.1212
0.13	0.12183
0.15	0.12326
0.17	0.12497
0.2	0.12806
0.22	0.13373
0.24	0.14302
0.26	0.15687
0.28	0.17568
0.3	0.18707
0.35	0.27835
0.4	0.28505
0.45	0.39772
0.5	0.39467
0.55	0.31655
0.6	0.34515
0.65	0.27855
0.75	0.31133
0.85	0.2889
1.0	0.22432
1.1	0.20356
1.2	0.20686
1.3	0.14835
1.5	0.11587
1.7	0.11242
2.0	0.066912
2.2	0.057128
2.4	0.062954
2.6	0.056391
2.8	0.05943
3.0	0.051103
3.5	0.03195
4.0	0.017392
4.4	0.019462
5.0	0.016897
5.5	0.015283
6.0	0.015144
6.5	0.015985
7.5	0.013466
8.5	0.011137
10.0	0.0067687



DATASET #14

Name: Psa5_E
Num Points: 63
Info: 

X, Y Data:
0.01	0.14232
0.011	0.14232
0.012	0.14233
0.013	0.14234
0.015	0.14235
0.017	0.14237
0.02	0.14241
0.022	0.14244
0.025	0.14248
0.029	0.14255
0.032	0.1426
0.035	0.14267
0.04	0.14278
0.045	0.14292
0.05	0.14306
0.055	0.14323
0.06	0.14341
0.065	0.1436
0.075	0.14405
0.085	0.14455
0.1	0.14544
0.11	0.14612
0.12	0.14687
0.13	0.14768
0.15	0.14954
0.17	0.15169
0.2	0.15543
0.22	0.15808
0.24	0.16031
0.26	0.16039
0.28	0.1579
0.3	0.17133
0.35	0.27703
0.4	0.29655
0.45	0.46864
0.5	0.51497
0.55	0.36026
0.6	0.49648
0.65	0.39614
0.75	0.31927
0.85	0.27882
1.0	0.23233
1.1	0.18571
1.2	0.23766
1.3	0.18364
1.5	0.1143
1.7	0.11715
2.0	0.07443
2.2	0.065845
2.4	0.05552
2.6	0.047134
2.8	0.049998
3.0	0.050513
3.5	0.032532
4.0	0.025461
4.4	0.021261
5.0	0.017824
5.5	0.016358
6.0	0.015411
6.5	0.018771
7.5	0.021111
8.5	0.020108
10.0	0.016696



DATASET #15

Name: RotD50
Num Points: 63
Info: 

X, Y Data:
0.01	0.1314
0.011	0.1314
0.012	0.13141
0.013	0.13142
0.015	0.13143
0.017	0.13145
0.02	0.13148
0.022	0.1315
0.025	0.13154
0.029	0.1316
0.032	0.13165
0.035	0.1317
0.04	0.13181
0.045	0.13192
0.05	0.13205
0.055	0.1322
0.06	0.13236
0.065	0.13253
0.075	0.13292
0.085	0.13337
0.1	0.13415
0.11	0.13476
0.12	0.13542
0.13	0.13615
0.15	0.13782
0.17	0.13977
0.2	0.14325
0.22	0.14646
0.24	0.15258
0.26	0.15901
0.28	0.16703
0.3	0.17937
0.35	0.27769
0.4	0.29301
0.45	0.43867
0.5	0.45876
0.55	0.34388
0.6	0.44262
0.65	0.33939
0.75	0.31532
0.85	0.28391
1.0	0.22835
1.1	0.19767
1.2	0.22343
1.3	0.16473
1.5	0.11509
1.7	0.11484
2.0	0.070772
2.2	0.062241
2.4	0.058348
2.6	0.052812
2.8	0.054431
3.0	0.050808
3.5	0.03227
4.0	0.021817
4.4	0.020204
5.0	0.017319
5.5	0.015786
6.0	0.015253
6.5	0.017444
7.5	0.017634
8.5	0.016254
10.0	0.012718



DATASET #16

Name: RotD100
Num Points: 63
Info: 

X, Y Data:
0.01	0.16687
0.011	0.16688
0.012	0.16689
0.013	0.1669
0.015	0.16692
0.017	0.16694
0.02	0.16698
0.022	0.16701
0.025	0.16706
0.029	0.16714
0.032	0.1672
0.035	0.16728
0.04	0.16741
0.045	0.16757
0.05	0.16774
0.055	0.16793
0.06	0.16814
0.065	0.16837
0.075	0.16889
0.085	0.16948
0.1	0.17053
0.11	0.17134
0.12	0.17224
0.13	0.17323
0.15	0.17551
0.17	0.17823
0.2	0.1832
0.22	0.18703
0.24	0.19102
0.26	0.21052
0.28	0.23539
0.3	0.25303
0.35	0.39007
0.4	0.39121
0.45	0.61374
0.5	0.64706
0.55	0.46146
0.6	0.60039
0.65	0.45598
0.75	0.44588
0.85	0.40123
1.0	0.31939
1.1	0.26222
1.2	0.27118
1.3	0.21874
1.5	0.16159
1.7	0.15662
2.0	0.09988
2.2	0.084742
2.4	0.081206
2.6	0.071029
2.8	0.074964
3.0	0.068216
3.5	0.040942
4.0	0.030673
4.4	0.026283
5.0	0.021749
5.5	0.019026
6.0	0.019937
6.5	0.022402
7.5	0.024385
8.5	0.022978
10.0	0.017974


