
X-Axis: Period (s)
Y-Axis: PSA (g)
Number of Data Sets: 16


DATASET #1

Name: ASK2014 ±σ
Num Points: 22
Info: 

X, Y Data:
0.01	0.05118411	[0.027302215	0.09595607]
0.02	0.052003674	[0.027755238	0.09743682]
0.03	0.054128055	[0.028960422	0.10116725]
0.05	0.061990418	[0.03304861	0.11627756]
0.075	0.076388285	[0.0405469	0.14391162]
0.1	0.08979183	[0.047315232	0.17040119]
0.15	0.11336649	[0.05902904	0.2177227]
0.2	0.12753744	[0.06567387	0.24767533]
0.25	0.12979311	[0.06614012	0.25470546]
0.3	0.123630136	[0.062467873	0.24467634]
0.4	0.11463825	[0.05743323	0.22882098]
0.5	0.10536907	[0.052339684	0.21212661]
0.75	0.078174844	[0.038333703	0.15942383]
1.0	0.05897034	[0.028543562	0.121831365]
1.5	0.03954031	[0.018973025	0.08240309]
2.0	0.028822552	[0.013709977	0.060593795]
3.0	0.017981527	[0.008628258	0.037474]
4.0	0.01302963	[0.0063067647	0.026918916]
5.0	0.010197202	[0.0049357773	0.021067183]
6.0	0.008809668	[0.0042641656	0.01820057]
7.5	0.0073753064	[0.003569888	0.015237212]
10.0	0.0055001713	[0.0026622617	0.011363227]



DATASET #2

Name: 
Num Points: 22
Info: 

X, Y Data:
0.01	0.09595607
0.02	0.09743682
0.03	0.10116725
0.05	0.11627756
0.075	0.14391162
0.1	0.17040119
0.15	0.2177227
0.2	0.24767533
0.25	0.25470546
0.3	0.24467634
0.4	0.22882098
0.5	0.21212661
0.75	0.15942383
1.0	0.121831365
1.5	0.08240309
2.0	0.060593795
3.0	0.037474
4.0	0.026918916
5.0	0.021067183
6.0	0.01820057
7.5	0.015237212
10.0	0.011363227



DATASET #3

Name: 
Num Points: 22
Info: 

X, Y Data:
0.01	0.027302215
0.02	0.027755238
0.03	0.028960422
0.05	0.03304861
0.075	0.0405469
0.1	0.047315232
0.15	0.05902904
0.2	0.06567387
0.25	0.06614012
0.3	0.062467873
0.4	0.05743323
0.5	0.052339684
0.75	0.038333703
1.0	0.028543562
1.5	0.018973025
2.0	0.013709977
3.0	0.008628258
4.0	0.0063067647
5.0	0.0049357773
6.0	0.0042641656
7.5	0.003569888
10.0	0.0026622617



DATASET #4

Name: BSSA2014 ±σ
Num Points: 21
Info: 

X, Y Data:
0.01	0.05681977	[0.030976625	0.10422331]
0.02	0.055416346	[0.030119902	0.10195821]
0.03	0.056545056	[0.030120406	0.106152065]
0.05	0.06332364	[0.032031387	0.12518606]
0.075	0.07724307	[0.037794758	0.15786557]
0.1	0.09126886	[0.044924177	0.18542366]
0.15	0.11342383	[0.058476586	0.220002]
0.2	0.122644976	[0.06589109	0.22828262]
0.25	0.12131141	[0.06603028	0.22287439]
0.3	0.11645379	[0.063532755	0.21345659]
0.4	0.10186563	[0.054971106	0.18876472]
0.5	0.08862257	[0.04675277	0.1679892]
0.75	0.06282993	[0.031942602	0.123584166]
1.0	0.04686123	[0.023447938	0.093653224]
1.5	0.030016232	[0.014987225	0.060116146]
2.0	0.021379806	[0.010615646	0.043058716]
3.0	0.014075953	[0.006933074	0.028577862]
4.0	0.010864758	[0.0053523155	0.02205456]
5.0	0.008736677	[0.0043104975	0.01770782]
7.5	0.0057032215	[0.002863181	0.011360349]
10.0	0.0035963538	[0.0018782748	0.006885979]



DATASET #5

Name: 
Num Points: 21
Info: 

X, Y Data:
0.01	0.10422331
0.02	0.10195821
0.03	0.106152065
0.05	0.12518606
0.075	0.15786557
0.1	0.18542366
0.15	0.220002
0.2	0.22828262
0.25	0.22287439
0.3	0.21345659
0.4	0.18876472
0.5	0.1679892
0.75	0.123584166
1.0	0.093653224
1.5	0.060116146
2.0	0.043058716
3.0	0.028577862
4.0	0.02205456
5.0	0.01770782
7.5	0.011360349
10.0	0.006885979



DATASET #6

Name: 
Num Points: 21
Info: 

X, Y Data:
0.01	0.030976625
0.02	0.030119902
0.03	0.030120406
0.05	0.032031387
0.075	0.037794758
0.1	0.044924177
0.15	0.058476586
0.2	0.06589109
0.25	0.06603028
0.3	0.063532755
0.4	0.054971106
0.5	0.04675277
0.75	0.031942602
1.0	0.023447938
1.5	0.014987225
2.0	0.010615646
3.0	0.006933074
4.0	0.0053523155
5.0	0.0043104975
7.5	0.002863181
10.0	0.0018782748



DATASET #7

Name: CB2014 ±σ
Num Points: 21
Info: 

X, Y Data:
0.01	0.060485784	[0.03391808	0.10786372]
0.02	0.060952604	[0.03405783	0.109085634]
0.03	0.06618636	[0.03647047	0.12011456]
0.05	0.07899921	[0.04234411	0.1473847]
0.075	0.09218846	[0.047729988	0.17805815]
0.1	0.102310844	[0.05236221	0.1999058]
0.15	0.11160231	[0.0582776	0.21371977]
0.2	0.11467381	[0.060778018	0.21636248]
0.25	0.12245796	[0.06574888	0.2280792]
0.3	0.12621082	[0.06670062	0.23881596]
0.4	0.113360286	[0.059240773	0.21692078]
0.5	0.0992053	[0.051008496	0.19294219]
0.75	0.073898345	[0.036258567	0.15061173]
1.0	0.05431044	[0.02642485	0.11162312]
1.5	0.037195895	[0.01804994	0.076650366]
2.0	0.02607172	[0.01280319	0.05309103]
3.0	0.01654538	[0.008112326	0.033744894]
4.0	0.0114878	[0.005800608	0.022750983]
5.0	0.007931018	[0.003964397	0.015866488]
7.5	0.0038555544	[0.0019146663	0.007763911]
10.0	0.0021684929	[0.0010793926	0.004356488]



DATASET #8

Name: 
Num Points: 21
Info: 

X, Y Data:
0.01	0.10786372
0.02	0.109085634
0.03	0.12011456
0.05	0.1473847
0.075	0.17805815
0.1	0.1999058
0.15	0.21371977
0.2	0.21636248
0.25	0.2280792
0.3	0.23881596
0.4	0.21692078
0.5	0.19294219
0.75	0.15061173
1.0	0.11162312
1.5	0.076650366
2.0	0.05309103
3.0	0.033744894
4.0	0.022750983
5.0	0.015866488
7.5	0.007763911
10.0	0.004356488



DATASET #9

Name: 
Num Points: 21
Info: 

X, Y Data:
0.01	0.03391808
0.02	0.03405783
0.03	0.03647047
0.05	0.04234411
0.075	0.047729988
0.1	0.05236221
0.15	0.0582776
0.2	0.060778018
0.25	0.06574888
0.3	0.06670062
0.4	0.059240773
0.5	0.051008496
0.75	0.036258567
1.0	0.02642485
1.5	0.01804994
2.0	0.01280319
3.0	0.008112326
4.0	0.005800608
5.0	0.003964397
7.5	0.0019146663
10.0	0.0010793926



DATASET #10

Name: CY2014 ±σ
Num Points: 24
Info: 

X, Y Data:
0.01	0.05373685	[0.030610237	0.09433605]
0.02	0.05402602	[0.03070809	0.09505022]
0.03	0.05759944	[0.032332413	0.102612056]
0.04	0.063454255	[0.03532667	0.11397742]
0.05	0.07047658	[0.0390109	0.12732205]
0.075	0.08763399	[0.04801952	0.15992904]
0.1	0.09952347	[0.054054238	0.18324041]
0.12	0.10578913	[0.05708904	0.19603308]
0.15	0.11109121	[0.059463073	0.2075449]
0.17	0.113087274	[0.060252596	0.21225196]
0.2	0.1145201	[0.060630273	0.21630867]
0.25	0.11219958	[0.058883406	0.21379107]
0.3	0.10728642	[0.0559014	0.20590499]
0.4	0.09454233	[0.04872592	0.18343936]
0.5	0.08330321	[0.04259039	0.16293406]
0.75	0.06086596	[0.03073631	0.12053057]
1.0	0.046079896	[0.023141097	0.09175696]
1.5	0.030372178	[0.015148386	0.06089554]
2.0	0.022327052	[0.011140628	0.044745885]
3.0	0.014065574	[0.0070538977	0.028046958]
4.0	0.0091796685	[0.004618375	0.01824588]
5.0	0.0061599235	[0.0031088048	0.012205546]
7.5	0.0028400759	[0.0014419345	0.005593896]
10.0	0.0015907269	[8.1108103E-4	0.0031198019]



DATASET #11

Name: 
Num Points: 24
Info: 

X, Y Data:
0.01	0.09433605
0.02	0.09505022
0.03	0.102612056
0.04	0.11397742
0.05	0.12732205
0.075	0.15992904
0.1	0.18324041
0.12	0.19603308
0.15	0.2075449
0.17	0.21225196
0.2	0.21630867
0.25	0.21379107
0.3	0.20590499
0.4	0.18343936
0.5	0.16293406
0.75	0.12053057
1.0	0.09175696
1.5	0.06089554
2.0	0.044745885
3.0	0.028046958
4.0	0.01824588
5.0	0.012205546
7.5	0.005593896
10.0	0.0031198019



DATASET #12

Name: 
Num Points: 24
Info: 

X, Y Data:
0.01	0.030610237
0.02	0.03070809
0.03	0.032332413
0.04	0.03532667
0.05	0.0390109
0.075	0.04801952
0.1	0.054054238
0.12	0.05708904
0.15	0.059463073
0.17	0.060252596
0.2	0.060630273
0.25	0.058883406
0.3	0.0559014
0.4	0.04872592
0.5	0.04259039
0.75	0.03073631
1.0	0.023141097
1.5	0.015148386
2.0	0.011140628
3.0	0.0070538977
4.0	0.004618375
5.0	0.0031088048
7.5	0.0014419345
10.0	8.1108103E-4



DATASET #13

Name: Psa5_N
Num Points: 63
Info: 

X, Y Data:
0.01	0.05108
0.011	0.051082
0.012	0.051085
0.013	0.051088
0.015	0.051094
0.017	0.051102
0.02	0.051115
0.022	0.051125
0.025	0.051142
0.029	0.051167
0.032	0.051189
0.035	0.051213
0.04	0.051257
0.045	0.051308
0.05	0.051365
0.055	0.051428
0.06	0.051497
0.065	0.051573
0.075	0.051744
0.085	0.051941
0.1	0.052288
0.11	0.052556
0.12	0.052854
0.13	0.053183
0.15	0.053945
0.17	0.054858
0.2	0.056567
0.22	0.058012
0.24	0.059481
0.26	0.061842
0.28	0.064299
0.3	0.071254
0.35	0.1038
0.4	0.13877
0.45	0.13746
0.5	0.1383
0.55	0.16696
0.6	0.17401
0.65	0.22063
0.75	0.19981
0.85	0.19573
1.0	0.1277
1.1	0.088519
1.2	0.096078
1.3	0.071831
1.5	0.071005
1.7	0.049204
2.0	0.062009
2.2	0.070614
2.4	0.070702
2.6	0.069013
2.8	0.062326
3.0	0.061063
3.5	0.041881
4.0	0.042601
4.4	0.038407
5.0	0.038801
5.5	0.039237
6.0	0.036509
6.5	0.035388
7.5	0.031954
8.5	0.026292
10.0	0.017976



DATASET #14

Name: Psa5_E
Num Points: 63
Info: 

X, Y Data:
0.01	0.048372
0.011	0.048373
0.012	0.048374
0.013	0.048376
0.015	0.048379
0.017	0.048383
0.02	0.04839
0.022	0.048396
0.025	0.048405
0.029	0.048418
0.032	0.04843
0.035	0.048442
0.04	0.048466
0.045	0.048492
0.05	0.048522
0.055	0.048555
0.06	0.048591
0.065	0.04863
0.075	0.048718
0.085	0.048819
0.1	0.048992
0.11	0.049124
0.12	0.049267
0.13	0.049422
0.15	0.049764
0.17	0.050147
0.2	0.050774
0.22	0.051216
0.24	0.052897
0.26	0.05561
0.28	0.05818
0.3	0.060694
0.35	0.091636
0.4	0.11791
0.45	0.11855
0.5	0.1548
0.55	0.15377
0.6	0.1739
0.65	0.15429
0.75	0.12724
0.85	0.1373
1.0	0.10575
1.1	0.11075
1.2	0.095324
1.3	0.070153
1.5	0.065158
1.7	0.048573
2.0	0.074796
2.2	0.066991
2.4	0.067045
2.6	0.065504
2.8	0.06339
3.0	0.051923
3.5	0.032902
4.0	0.037685
4.4	0.042145
5.0	0.04378
5.5	0.037161
6.0	0.037625
6.5	0.035153
7.5	0.024737
8.5	0.021679
10.0	0.018124



DATASET #15

Name: RotD50
Num Points: 63
Info: 

X, Y Data:
0.01	0.050367
0.011	0.050369
0.012	0.050372
0.013	0.050374
0.015	0.050379
0.017	0.050385
0.02	0.050395
0.022	0.050403
0.025	0.050416
0.029	0.050435
0.032	0.050452
0.035	0.050471
0.04	0.050505
0.045	0.050544
0.05	0.050588
0.055	0.050637
0.06	0.05069
0.065	0.050748
0.075	0.050918
0.085	0.051117
0.1	0.051466
0.11	0.051683
0.12	0.051907
0.13	0.052153
0.15	0.052866
0.17	0.053551
0.2	0.054948
0.22	0.056114
0.24	0.057322
0.26	0.059019
0.28	0.061781
0.3	0.065512
0.35	0.098006
0.4	0.13156
0.45	0.1323
0.5	0.14678
0.55	0.16103
0.6	0.17396
0.65	0.19998
0.75	0.17244
0.85	0.1683
1.0	0.11712
1.1	0.099306
1.2	0.095701
1.3	0.070951
1.5	0.068489
1.7	0.048977
2.0	0.0687
2.2	0.068824
2.4	0.068958
2.6	0.067278
2.8	0.062763
3.0	0.0561
3.5	0.03777
4.0	0.040214
4.4	0.0403
5.0	0.041364
5.5	0.038212
6.0	0.037071
6.5	0.035271
7.5	0.028575
8.5	0.02411
10.0	0.01805



DATASET #16

Name: RotD100
Num Points: 63
Info: 

X, Y Data:
0.01	0.062641
0.011	0.062643
0.012	0.062644
0.013	0.062646
0.015	0.06265
0.017	0.062655
0.02	0.062663
0.022	0.062669
0.025	0.062679
0.029	0.062695
0.032	0.062708
0.035	0.062723
0.04	0.06275
0.045	0.062781
0.05	0.062816
0.055	0.062854
0.06	0.062896
0.065	0.062942
0.075	0.063044
0.085	0.06316
0.1	0.063362
0.11	0.063514
0.12	0.063679
0.13	0.063859
0.15	0.064256
0.17	0.064702
0.2	0.065453
0.22	0.066016
0.24	0.066723
0.26	0.067625
0.28	0.071325
0.3	0.075537
0.35	0.1081
0.4	0.15719
0.45	0.14736
0.5	0.20081
0.55	0.20246
0.6	0.20661
0.65	0.25125
0.75	0.21109
0.85	0.23299
1.0	0.16434
1.1	0.13309
1.2	0.13178
1.3	0.093474
1.5	0.089825
1.7	0.065836
2.0	0.096912
2.2	0.097304
2.4	0.094586
2.6	0.09497
2.8	0.08807
3.0	0.077564
3.5	0.049343
4.0	0.056169
4.4	0.055915
5.0	0.058492
5.5	0.053971
6.0	0.052256
6.5	0.049045
7.5	0.040327
8.5	0.033755
10.0	0.025355


