
X-Axis: Normalized Distance Along Strike
Y-Axis: Hypocenter Density
Number of Data Sets: 4


DATASET #1

     Name: 
   Points: 31
     Info: 

Data[x,y]:
0.05	  0.023076924
0.15	  0.0038461538
0.25	  0.0038461538
0.35	  0.0076923077
0.45	  0.0038461538
0.55	  0.01923077
0.65	  0.011538462
0.75	  0.03846154
0.85	  0.026923077
0.95	  0.11923077
1.05	  0.073076926
1.15	  0.03076923
1.25	  0.057692308
1.35	  0.046153847
1.45	  0.034615386
1.55	  0.034615386
1.65	  0.046153847
1.75	  0.057692308
1.85	  0.03076923
1.95	  0.073076926
2.05	  0.11923077
2.15	  0.026923077
2.25	  0.03846154
2.35	  0.011538462
2.45	  0.01923077
2.55	  0.0038461538
2.65	  0.0076923077
2.75	  0.0038461538
2.85	  0.0038461538
2.95	  0.023076924
3.05	  0.0



DATASET #2

     Name: 
   Points: 31
     Info: 

Data[x,y]:
0.05	  0.0
0.15	  0.0
0.25	  0.0
0.35	  0.0
0.45	  0.0
0.55	  0.0
0.65	  0.0
0.75	  0.0
0.85	  0.0
0.95	  0.0
1.05	  0.0
1.15	  0.0
1.25	  0.0038461538
1.35	  0.0
1.45	  0.0
1.55	  0.0
1.65	  0.0
1.75	  0.0038461538
1.85	  0.0
1.95	  0.0
2.05	  0.0
2.15	  0.0
2.25	  0.0
2.35	  0.0
2.45	  0.0
2.55	  0.0
2.65	  0.0
2.75	  0.0
2.85	  0.0
2.95	  0.0
3.05	  0.0



DATASET #3

Name: 
Num Points: 4
Info: 

X, Y Data:
0.021	  0.0016692308
0.021	  0.16525385
2.979	  0.16525385
2.979	  0.0016692308



DATASET #4

Name: 
Num Points: 4
Info: 

X, Y Data:
1.0	  0.0016692308
1.0	  0.14856154
2.0	  0.14856154
2.0	  0.0016692308


