
X-Axis: Normalized Interevent Time
Y-Axis: Probability
Number of Data Sets: 3


DATASET #1

     Name: Bruce 3013 Histogram
   Points: 41
     Info: 

Data[x,y]:
0.05	  0.008676508
0.15	  0.006688682
0.25	  0.009304584
0.35	  0.012030562
0.45	  0.015990028
0.55	  0.02257511
0.65	  0.036276225
0.75	  0.056099456
0.85	  0.103431754
0.95	  0.20444186
1.05	  0.22091103
1.15	  0.13493913
1.25	  0.073397435
1.35	  0.0371892
1.45	  0.02150026
1.55	  0.013073038
1.65	  0.00811642
1.75	  0.005500518
1.85	  0.0033152034
1.95	  0.0023828023
2.05	  0.001440689
2.15	  8.579384E-4
2.25	  5.01813E-4
2.35	  3.949754E-4
2.45	  3.108003E-4
2.55	  1.8453768E-4
2.65	  1.0683761E-4
2.75	  6.4750064E-5
2.85	  6.4750064E-5
2.95	  3.5612535E-5
3.05	  4.208754E-5
3.15	  3.8850038E-5
3.25	  2.5900026E-5
3.35	  1.2950013E-5
3.45	  1.6187516E-5
3.55	  1.6187516E-5
3.65	  9.712509E-6
3.75	  6.4750066E-6
3.85	  6.4750066E-6
3.95	  0.0
4.05	  2.2662523E-5



DATASET #2

     Name: Log-Normal Fit
   Points: 401
     Info: 

Data[x,y]:
0.005	  0.0
0.015	  1.2507E-41
0.025	  1.20155065E-33
0.035	  1.6619981E-28
0.045	  8.1208936E-25
0.055	  5.3682457E-22
0.065	  9.4941283E-20
0.075	  6.6370172E-18
0.085	  2.3386458E-16
0.095	  4.8805988E-15
0.105	  6.749198E-14
0.115	  6.706898E-13
0.125	  5.0873025E-12
0.135	  3.0840625E-11
0.145	  1.548676E-10
0.155	  6.626535E-10
0.165	  2.4715265E-9
0.175	  8.185027E-9
0.185	  2.4437224E-8
0.195	  6.6611214E-8
0.205	  1.6753657E-7
0.215	  3.9231273E-7
0.225	  8.6185605E-7
0.235	  1.7879904E-6
0.245	  3.5227683E-6
0.255	  6.6241314E-6
0.265	  1.1938967E-5
0.275	  2.070314E-5
0.285	  3.4656336E-5
0.295	  5.61676E-5
0.305	  8.836574E-5
0.315	  1.3526726E-4
0.325	  2.0189324E-4
0.335	  2.943668E-4
0.345	  4.1998204E-4
0.355	  5.8723724E-4
0.365	  8.058262E-4
0.375	  0.0010865831
0.385	  0.0014413797
0.395	  0.001882974
0.405	  0.0024248157
0.415	  0.003080811
0.425	  0.0038650539
0.435	  0.004791535
0.445	  0.0058738333
0.455	  0.007124805
0.465	  0.008556275
0.475	  0.010178741
0.485	  0.012001108
0.495	  0.014030446
0.505	  0.016271785
0.515	  0.018727953
0.525	  0.021399464
0.535	  0.024284443
0.545	  0.027378606
0.555	  0.03067528
0.565	  0.03416547
0.575	  0.03783797
0.585	  0.0416795
0.595	  0.045674875
0.605	  0.04980722
0.615	  0.05405818
0.625	  0.05840816
0.635	  0.062836565
0.645	  0.06732207
0.655	  0.07184285
0.665	  0.07637683
0.675	  0.08090195
0.685	  0.085396364
0.695	  0.08983865
0.705	  0.09420804
0.715	  0.09848457
0.725	  0.10264924
0.735	  0.106684156
0.745	  0.11057266
0.755	  0.1142994
0.765	  0.11785042
0.775	  0.12121322
0.785	  0.12437677
0.795	  0.12733155
0.805	  0.13006955
0.815	  0.13258424
0.825	  0.13487056
0.835	  0.13692485
0.845	  0.13874486
0.855	  0.14032961
0.865	  0.1416794
0.875	  0.14279568
0.885	  0.143681
0.895	  0.14433894
0.905	  0.14477395
0.915	  0.14499137
0.925	  0.1449973
0.935	  0.14479847
0.945	  0.14440225
0.955	  0.14381646
0.965	  0.14304939
0.975	  0.14210963
0.985	  0.14100611
0.995	  0.13974792
1.005	  0.1383443
1.015	  0.13680458
1.025	  0.13513814
1.035	  0.1333543
1.045	  0.13146232
1.055	  0.12947135
1.065	  0.12739038
1.075	  0.12522823
1.085	  0.12299348
1.095	  0.12069449
1.105	  0.11833933
1.115	  0.11593581
1.125	  0.11349142
1.135	  0.111013345
1.145	  0.10850846
1.155	  0.10598328
1.165	  0.10344401
1.175	  0.100896515
1.185	  0.098346315
1.195	  0.095798604
1.205	  0.09325825
1.215	  0.09072976
1.225	  0.08821736
1.235	  0.08572496
1.245	  0.08325613
1.255	  0.08081418
1.265	  0.07840211
1.275	  0.076022655
1.285	  0.073678285
1.295	  0.071371205
1.305	  0.06910339
1.315	  0.06687657
1.325	  0.06469226
1.335	  0.062551774
1.345	  0.06045621
1.355	  0.0584065
1.365	  0.056403387
1.375	  0.054447453
1.385	  0.052539136
1.395	  0.05067871
1.405	  0.048866343
1.415	  0.047102053
1.425	  0.045385763
1.435	  0.043717284
1.445	  0.04209633
1.455	  0.040522534
1.465	  0.03899544
1.475	  0.037514526
1.485	  0.036079206
1.495	  0.03468883
1.505	  0.0333427
1.515	  0.03204007
1.525	  0.030780159
1.535	  0.029562142
1.545	  0.028385174
1.555	  0.027248377
1.565	  0.026150858
1.575	  0.025091704
1.585	  0.024069993
1.595	  0.023084788
1.605	  0.022135148
1.615	  0.021220129
1.625	  0.020338789
1.635	  0.019490182
1.645	  0.018673373
1.655	  0.017887427
1.665	  0.01713142
1.675	  0.016404437
1.685	  0.015705574
1.695	  0.015033944
1.705	  0.014388664
1.715	  0.013768873
1.725	  0.013173725
1.735	  0.012602389
1.745	  0.01205405
1.755	  0.011527913
1.765	  0.011023199
1.775	  0.010539148
1.785	  0.010075019
1.795	  0.00963009
1.805	  0.009203657
1.815	  0.008795036
1.825	  0.008403563
1.835	  0.00802859
1.845	  0.007669491
1.855	  0.0073256576
1.865	  0.0069964994
1.875	  0.0066814455
1.885	  0.006379943
1.895	  0.006091456
1.905	  0.005815467
1.915	  0.005551476
1.925	  0.005298999
1.935	  0.0050575705
1.945	  0.0048267394
1.955	  0.004606071
1.965	  0.0043951464
1.975	  0.004193562
1.985	  0.004000929
1.995	  0.0038168721
2.005	  0.003641031
2.015	  0.0034730583
2.025	  0.0033126203
2.035	  0.003159396
2.045	  0.0030130763
2.055	  0.0028733648
2.065	  0.0027399764
2.075	  0.0026126374
2.085	  0.002491085
2.095	  0.0023750667
2.105	  0.0022643409
2.115	  0.0021586746
2.125	  0.0020578455
2.135	  0.00196164
2.145	  0.001869853
2.155	  0.0017822885
2.165	  0.0016987583
2.175	  0.0016190822
2.185	  0.0015430877
2.195	  0.0014706095
2.205	  0.0014014893
2.215	  0.0013355756
2.225	  0.0012727237
2.235	  0.0012127946
2.245	  0.0011556558
2.255	  0.0011011802
2.265	  0.0010492465
2.275	  9.997386E-4
2.285	  9.525454E-4
2.295	  9.075608E-4
2.305	  8.6468353E-4
2.315	  8.238165E-4
2.325	  7.8486715E-4
2.335	  7.47747E-4
2.345	  7.123715E-4
2.355	  6.786599E-4
2.365	  6.465351E-4
2.375	  6.159234E-4
2.385	  5.867545E-4
2.395	  5.589613E-4
2.405	  5.324797E-4
2.415	  5.072485E-4
2.425	  4.8320933E-4
2.435	  4.6030642E-4
2.445	  4.3848666E-4
2.455	  4.1769925E-4
2.465	  3.978958E-4
2.475	  3.7903016E-4
2.485	  3.6105822E-4
2.495	  3.4393798E-4
2.505	  3.2762936E-4
2.515	  3.1209414E-4
2.525	  2.9729586E-4
2.535	  2.8319974E-4
2.545	  2.6977266E-4
2.555	  2.5698304E-4
2.565	  2.448007E-4
2.575	  2.3319696E-4
2.585	  2.2214442E-4
2.595	  2.1161699E-4
2.605	  2.0158978E-4
2.615	  1.920391E-4
2.625	  1.8294233E-4
2.635	  1.7427796E-4
2.645	  1.6602545E-4
2.655	  1.5816525E-4
2.665	  1.5067872E-4
2.675	  1.4354811E-4
2.685	  1.367565E-4
2.695	  1.3028778E-4
2.705	  1.2412657E-4
2.715	  1.18258264E-4
2.725	  1.1266891E-4
2.735	  1.0734524E-4
2.745	  1.0227459E-4
2.755	  9.744493E-5
2.765	  9.284476E-5
2.775	  8.846317E-5
2.785	  8.428974E-5
2.795	  8.031455E-5
2.805	  7.652816E-5
2.815	  7.292155E-5
2.825	  6.948619E-5
2.835	  6.6213885E-5
2.845	  6.309688E-5
2.855	  6.0127764E-5
2.865	  5.7299498E-5
2.875	  5.460536E-5
2.885	  5.2038962E-5
2.895	  4.9594215E-5
2.905	  4.7265323E-5
2.915	  4.504676E-5
2.925	  4.2933276E-5
2.935	  4.0919855E-5
2.945	  3.900174E-5
2.955	  3.7174384E-5
2.965	  3.543347E-5
2.975	  3.3774875E-5
2.985	  3.2194686E-5
2.995	  3.0689163E-5
3.005	  2.925476E-5
3.015	  2.7888087E-5
3.025	  2.6585923E-5
3.035	  2.5345202E-5
3.045	  2.4162999E-5
3.055	  2.3036531E-5
3.065	  2.196315E-5
3.075	  2.0940333E-5
3.085	  1.9965679E-5
3.095	  1.90369E-5
3.105	  1.8151813E-5
3.115	  1.7308352E-5
3.125	  1.6504537E-5
3.135	  1.5738486E-5
3.145	  1.500841E-5
3.155	  1.43126035E-5
3.165	  1.3649443E-5
3.175	  1.3017379E-5
3.185	  1.2414943E-5
3.195	  1.1840728E-5
3.205	  1.1293401E-5
3.215	  1.07716905E-5
3.225	  1.0274383E-5
3.235	  9.800327E-6
3.245	  9.348422E-6
3.255	  8.917623E-6
3.265	  8.506933E-6
3.275	  8.115403E-6
3.285	  7.74213E-6
3.295	  7.3862525E-6
3.305	  7.0469505E-6
3.315	  6.723443E-6
3.325	  6.414987E-6
3.335	  6.120874E-6
3.345	  5.8404285E-6
3.355	  5.5730084E-6
3.365	  5.318001E-6
3.375	  5.074824E-6
3.385	  4.8429215E-6
3.395	  4.6217647E-6
3.405	  4.4108488E-6
3.415	  4.2096945E-6
3.425	  4.017844E-6
3.435	  3.834861E-6
3.445	  3.660332E-6
3.455	  3.49386E-6
3.465	  3.3350689E-6
3.475	  3.1835996E-6
3.485	  3.03911E-6
3.495	  2.9012745E-6
3.505	  2.7697824E-6
3.515	  2.6443383E-6
3.525	  2.5246597E-6
3.535	  2.4104788E-6
3.545	  2.301539E-6
3.555	  2.1975968E-6
3.565	  2.0984198E-6
3.575	  2.0037864E-6
3.585	  1.913486E-6
3.595	  1.8273169E-6
3.605	  1.7450877E-6
3.615	  1.6666157E-6
3.625	  1.591727E-6
3.635	  1.5202555E-6
3.645	  1.4520432E-6
3.655	  1.3869392E-6
3.665	  1.3247999E-6
3.675	  1.2654883E-6
3.685	  1.208874E-6
3.695	  1.1548325E-6
3.705	  1.1032452E-6
3.715	  1.053999E-6
3.725	  1.006986E-6
3.735	  9.621036E-7
3.745	  9.1925375E-7
3.755	  8.7834303E-7
3.765	  8.392824E-7
3.775	  8.019869E-7
3.785	  7.6637565E-7
3.795	  7.323714E-7
3.805	  6.999005E-7
3.815	  6.688928E-7
3.825	  6.3928144E-7
3.835	  6.1100246E-7
3.845	  5.83995E-7
3.855	  5.5820107E-7
3.865	  5.3356524E-7
3.875	  5.100348E-7
3.885	  4.875593E-7
3.895	  4.6609077E-7
3.905	  4.4558334E-7
3.915	  4.259933E-7
3.925	  4.0727903E-7
3.935	  3.8940072E-7
3.945	  3.7232047E-7
3.955	  3.5600206E-7
3.965	  3.40411E-7
3.975	  3.255143E-7
3.985	  3.1128062E-7
3.995	  2.9767992E-7
4.005	  2.846836E-7



DATASET #3

     Name: BPT Fit
   Points: 401
     Info: Mean = 100.0, Aperiodicity = 0.5, Duration = 30.0, Delta T = 1.0, Num Points = 500, Historic Open Interval = 0.0
Computed mean = 0.99918956

Data[x,y]:
0.0	  0.0
0.01	  0.0
0.02	  0.0
0.03	  0.0
0.04	  0.0
0.05	  0.0
0.06	  1.4158787E-38
0.07	  2.0039916E-32
0.08	  7.8844827E-28
0.09	  2.855134E-24
0.1	  1.9506262E-21
0.11	  3.9684013E-19
0.12	  3.258167E-17
0.13	  1.3322043E-15
0.14	  3.1519875E-14
0.15	  4.8169303E-13
0.16	  5.1631594E-12
0.17	  4.1339345E-11
0.18	  2.596355E-10
0.19	  1.3294709E-9
0.2	  5.724085E-9
0.21	  2.1246281E-8
0.22	  6.9385486E-8
0.23	  2.027569E-7
0.24	  5.376411E-7
0.25	  1.3089682E-6
0.26	  2.9553296E-6
0.27	  6.240222E-6
0.28	  1.2412537E-5
0.29	  2.3404538E-5
0.3	  4.205982E-5
0.31	  7.2378E-5
0.32	  1.1975806E-4
0.33	  1.9121895E-4
0.34	  2.9557548E-4
0.35	  4.4354884E-4
0.36	  6.477945E-4
0.37	  9.228366E-4
0.38	  0.0012849024
0.39	  0.0017516608
0.4	  0.0023418702
0.41	  0.0030749512
0.42	  0.0039705033
0.43	  0.0050477833
0.44	  0.0063251704
0.45	  0.007819638
0.46	  0.009546258
0.47	  0.0115177445
0.48	  0.013744069
0.49	  0.016232137
0.5	  0.01898556
0.51	  0.022004496
0.52	  0.025285592
0.53	  0.028821997
0.54	  0.03260346
0.55	  0.03661649
0.56	  0.040844593
0.57	  0.045268543
0.58	  0.049866706
0.59	  0.05461539
0.6	  0.059489213
0.61	  0.0644615
0.62	  0.06950464
0.63	  0.074590504
0.64	  0.07969076
0.65	  0.084777266
0.66	  0.08982235
0.67	  0.09479913
0.68	  0.09968177
0.69	  0.10444571
0.7	  0.10906785
0.71	  0.11352674
0.72	  0.11780267
0.73	  0.12187784
0.74	  0.12573634
0.75	  0.12936425
0.76	  0.13274966
0.77	  0.1358826
0.78	  0.13875508
0.79	  0.14136101
0.8	  0.14369613
0.81	  0.14575793
0.82	  0.14754558
0.83	  0.14905982
0.84	  0.15030281
0.85	  0.15127814
0.86	  0.15199056
0.87	  0.15244599
0.88	  0.15265131
0.89	  0.15261433
0.9	  0.1523436
0.91	  0.15184836
0.92	  0.1511384
0.93	  0.15022396
0.94	  0.14911565
0.95	  0.14782438
0.96	  0.1463612
0.97	  0.1447373
0.98	  0.14296389
0.99	  0.14105216
1.0	  0.13901322
1.01	  0.136858
1.02	  0.13459727
1.03	  0.13224158
1.04	  0.12980115
1.05	  0.12728596
1.06	  0.124705605
1.07	  0.122069344
1.08	  0.11938608
1.09	  0.11666429
1.1	  0.11391209
1.11	  0.11113716
1.12	  0.10834679
1.13	  0.105547845
1.14	  0.102746785
1.15	  0.09994964
1.16	  0.097162075
1.17	  0.09438932
1.18	  0.09163624
1.19	  0.08890731
1.2	  0.086206645
1.21	  0.083538
1.22	  0.08090479
1.23	  0.07831009
1.24	  0.07575667
1.25	  0.07324699
1.26	  0.070783235
1.27	  0.068367295
1.28	  0.06600083
1.29	  0.063685216
1.3	  0.061421633
1.31	  0.05921103
1.32	  0.05705415
1.33	  0.054951556
1.34	  0.052903622
1.35	  0.050910562
1.36	  0.04897245
1.37	  0.0470892
1.38	  0.045260616
1.39	  0.043486364
1.4	  0.04176602
1.41	  0.04009906
1.42	  0.03848486
1.43	  0.036922727
1.44	  0.03541189
1.45	  0.033951525
1.46	  0.032540742
1.47	  0.03117861
1.48	  0.029864151
1.49	  0.028596353
1.5	  0.027374176
1.51	  0.026196554
1.52	  0.025062403
1.53	  0.023970619
1.54	  0.022920094
1.55	  0.02190971
1.56	  0.020938344
1.57	  0.020004878
1.58	  0.019108195
1.59	  0.018247182
1.6	  0.017420737
1.61	  0.016627768
1.62	  0.015867194
1.63	  0.015137952
1.64	  0.0144389905
1.65	  0.01376928
1.66	  0.013127806
1.67	  0.012513576
1.68	  0.011925617
1.69	  0.011362977
1.7	  0.010824728
1.71	  0.010309961
1.72	  0.009817793
1.73	  0.009347363
1.74	  0.0088978335
1.75	  0.00846839
1.76	  0.0080582425
1.77	  0.0076666223
1.78	  0.0072927866
1.79	  0.0069360146
1.8	  0.0065956092
1.81	  0.0062708943
1.82	  0.005961218
1.83	  0.00566595
1.84	  0.005384481
1.85	  0.0051162243
1.86	  0.0048606126
1.87	  0.004617101
1.88	  0.0043851626
1.89	  0.004164291
1.9	  0.0039539994
1.91	  0.0037538188
1.92	  0.0035632981
1.93	  0.0033820046
1.94	  0.003209522
1.95	  0.003045451
1.96	  0.002889408
1.97	  0.0027410253
1.98	  0.0025999502
1.99	  0.0024658446
2.0	  0.0023383845
2.01	  0.0022172593
2.02	  0.002102172
2.03	  0.001992838
2.04	  0.001888985
2.05	  0.0017903526
2.06	  0.0016966917
2.07	  0.001607764
2.08	  0.0015233421
2.09	  0.0014432083
2.1	  0.001367155
2.11	  0.0012949838
2.12	  0.0012265051
2.13	  0.0011615385
2.14	  0.0010999112
2.15	  0.0010414586
2.16	  9.860239E-4
2.17	  9.334575E-4
2.18	  8.836166E-4
2.19	  8.363653E-4
2.2	  7.915739E-4
2.21	  7.4911915E-4
2.22	  7.0888345E-4
2.23	  6.7075476E-4
2.24	  6.3462654E-4
2.25	  6.0039735E-4
2.26	  5.679707E-4
2.27	  5.3725456E-4
2.28	  5.081616E-4
2.29	  4.806087E-4
2.3	  4.545168E-4
2.31	  4.298107E-4
2.32	  4.064189E-4
2.33	  3.8427353E-4
2.34	  3.6331E-4
2.35	  3.4346696E-4
2.36	  3.2468615E-4
2.37	  3.0691217E-4
2.38	  2.900925E-4
2.39	  2.7417712E-4
2.4	  2.5911868E-4
2.41	  2.4487215E-4
2.42	  2.313948E-4
2.43	  2.186461E-4
2.44	  2.0658756E-4
2.45	  1.9518266E-4
2.46	  1.8439675E-4
2.47	  1.7419699E-4
2.48	  1.6455221E-4
2.49	  1.5543286E-4
2.5	  1.468109E-4
2.51	  1.3865974E-4
2.52	  1.3095423E-4
2.53	  1.2367044E-4
2.54	  1.1678578E-4
2.55	  1.10278765E-4
2.56	  1.0412909E-4
2.57	  9.8317476E-5
2.58	  9.282569E-5
2.59	  8.763644E-5
2.6	  8.273336E-5
2.61	  7.810093E-5
2.62	  7.372447E-5
2.63	  6.959007E-5
2.64	  6.5684566E-5
2.65	  6.199548E-5
2.66	  5.851103E-5
2.67	  5.522002E-5
2.68	  5.2111896E-5
2.69	  4.917664E-5
2.7	  4.640478E-5
2.71	  4.378736E-5
2.72	  4.1315892E-5
2.73	  3.898236E-5
2.74	  3.6779173E-5
2.75	  3.469915E-5
2.76	  3.2735497E-5
2.77	  3.0881798E-5
2.78	  2.9131968E-5
2.79	  2.748027E-5
2.8	  2.5921267E-5
2.81	  2.4449826E-5
2.82	  2.3061088E-5
2.83	  2.1750462E-5
2.84	  2.0513608E-5
2.85	  1.9346422E-5
2.86	  1.8245028E-5
2.87	  1.7205757E-5
2.88	  1.6225147E-5
2.89	  1.5299926E-5
2.9	  1.4426997E-5
2.91	  1.3603438E-5
2.92	  1.2826486E-5
2.93	  1.2093533E-5
2.94	  1.1402112E-5
2.95	  1.07498945E-5
2.96	  1.013468E-5
2.97	  9.554391E-6
2.98	  9.007063E-6
2.99	  8.490843E-6
3.0	  8.00398E-6
3.01	  7.5448197E-6
3.02	  7.111801E-6
3.03	  6.7034493E-6
3.04	  6.318372E-6
3.05	  5.955255E-6
3.06	  5.612856E-6
3.07	  5.2900045E-6
3.08	  4.985593E-6
3.09	  4.6985783E-6
3.1	  4.4279736E-6
3.11	  4.172849E-6
3.12	  3.9323263E-6
3.13	  3.705576E-6
3.14	  3.4918162E-6
3.15	  3.290308E-6
3.16	  3.1003553E-6
3.17	  2.9213002E-6
3.18	  2.7525223E-6
3.19	  2.593436E-6
3.2	  2.443489E-6
3.21	  2.30216E-6
3.22	  2.1689573E-6
3.23	  2.0434168E-6
3.24	  1.925101E-6
3.25	  1.8135971E-6
3.26	  1.7085155E-6
3.27	  1.6094887E-6
3.28	  1.5161701E-6
3.29	  1.4282328E-6
3.3	  1.3453688E-6
3.31	  1.2672871E-6
3.32	  1.1937133E-6
3.33	  1.124389E-6
3.34	  1.0590701E-6
3.35	  9.975267E-7
3.36	  9.3954185E-7
3.37	  8.84911E-7
3.38	  8.3344133E-7
3.39	  7.8495094E-7
3.4	  7.3926833E-7
3.41	  6.962319E-7
3.42	  6.5568923E-7
3.43	  6.174966E-7
3.44	  5.815185E-7
3.45	  5.476273E-7
3.46	  5.1570254E-7
3.47	  4.856307E-7
3.48	  4.5730485E-7
3.49	  4.3062408E-7
3.5	  4.054934E-7
3.51	  3.8182318E-7
3.52	  3.5952897E-7
3.53	  3.3853115E-7
3.54	  3.1875473E-7
3.55	  3.00129E-7
3.56	  2.8258728E-7
3.57	  2.6606685E-7
3.58	  2.5050846E-7
3.59	  2.358564E-7
3.6	  2.2205808E-7
3.61	  2.0906398E-7
3.62	  1.9682744E-7
3.63	  1.8530447E-7
3.64	  1.7445367E-7
3.65	  1.6423597E-7
3.66	  1.5461461E-7
3.67	  1.455549E-7
3.68	  1.3702423E-7
3.69	  1.2899179E-7
3.7	  1.2142863E-7
3.71	  1.1430743E-7
3.72	  1.0760247E-7
3.73	  1.0128951E-7
3.74	  9.5345726E-8
3.75	  8.974961E-8
3.76	  8.44809E-8
3.77	  7.952052E-8
3.78	  7.4850476E-8
3.79	  7.045386E-8
3.8	  6.6314705E-8
3.81	  6.241799E-8
3.82	  5.8749567E-8
3.83	  5.5296105E-8
3.84	  5.204506E-8
3.85	  4.89846E-8
3.86	  4.6103594E-8
3.87	  4.3391555E-8
3.88	  4.0838604E-8
3.89	  3.8435438E-8
3.9	  3.61733E-8
3.91	  3.4043943E-8
3.92	  3.2039594E-8
3.93	  3.015294E-8
3.94	  2.8377087E-8
3.95	  2.6705552E-8
3.96	  2.5132223E-8
3.97	  2.365135E-8
3.98	  2.2257513E-8
3.99	  2.0945615E-8
4.0	  1.9710852E-8


