
X-Axis: Normalized Interevent Time
Y-Axis: Probability
Number of Data Sets: 3


DATASET #1

     Name: Bruce 2320 Histogram
   Points: 41
     Info: 

Data[x,y]:
0.05	  0.009080133
0.15	  0.009164463
0.25	  0.011119662
0.35	  0.014049962
0.45	  0.017328225
0.55	  0.021616112
0.65	  0.030007977
0.75	  0.051826723
0.85	  0.10414031
0.95	  0.18468264
1.05	  0.21535517
1.15	  0.15902813
1.25	  0.08341698
1.35	  0.04009673
1.45	  0.020342173
1.55	  0.010888281
1.65	  0.0061319224
1.75	  0.0037454364
1.85	  0.0023890168
1.95	  0.0015643733
2.05	  0.001047523
2.15	  7.201964E-4
2.25	  5.110747E-4
2.35	  3.7203872E-4
2.45	  2.661962E-4
2.55	  2.0733713E-4
2.65	  1.6204095E-4
2.75	  1.3218958E-4
2.85	  1.0402548E-4
2.95	  8.325932E-5
3.05	  7.005334E-5
3.15	  5.8307483E-5
3.25	  4.6756308E-5
3.35	  3.844984E-5
3.45	  3.260936E-5
3.55	  2.4951838E-5
3.65	  2.3297036E-5
3.75	  1.9014014E-5
3.85	  1.580175E-5
3.95	  1.2135225E-5
4.05	  7.832736E-5



DATASET #2

     Name: Log-Normal Fit
   Points: 401
     Info: 

Data[x,y]:
0.005	  0.0
0.015	  1.64915E-40
0.025	  9.571321E-33
0.035	  9.573134E-28
0.045	  3.7074538E-24
0.055	  2.051674E-21
0.065	  3.1482934E-19
0.075	  1.9579133E-17
0.085	  6.2512244E-16
0.095	  1.19882386E-14
0.105	  1.54037E-13
0.115	  1.4350435E-12
0.125	  1.0279925E-11
0.135	  5.9216736E-11
0.145	  2.8401906E-10
0.155	  1.1658883E-9
0.165	  4.187664E-9
0.175	  1.3399795E-8
0.185	  3.876657E-8
0.195	  1.02656486E-7
0.205	  2.5139806E-7
0.215	  5.74342E-7
0.225	  1.2332174E-6
0.235	  2.5046022E-6
0.245	  4.8379343E-6
0.255	  8.930611E-6
0.265	  1.5820393E-5
0.275	  2.6993626E-5
0.285	  4.4505916E-5
0.295	  7.111002E-5
0.305	  1.103841E-4
0.315	  1.6685223E-4
0.325	  2.4608857E-4
0.335	  3.5479647E-4
0.345	  5.0085457E-4
0.355	  6.933234E-4
0.365	  9.424074E-4
0.375	  0.0012593705
0.385	  0.0016564035
0.395	  0.0021464482
0.405	  0.002742978
0.415	  0.003459748
0.425	  0.004310514
0.435	  0.0053087384
0.445	  0.0064672846
0.455	  0.0077981157
0.465	  0.009312003
0.475	  0.011018252
0.485	  0.012924465
0.495	  0.015036327
0.505	  0.017357431
0.515	  0.019889163
0.525	  0.022630606
0.535	  0.02557851
0.545	  0.028727299
0.555	  0.032069117
0.565	  0.03559393
0.575	  0.03928963
0.585	  0.043142226
0.595	  0.04713599
0.605	  0.0512537
0.615	  0.055476837
0.625	  0.059785835
0.635	  0.06416032
0.645	  0.06857934
0.655	  0.07302161
0.665	  0.07746577
0.675	  0.081890576
0.685	  0.0862751
0.695	  0.09059897
0.705	  0.09484252
0.715	  0.09898694
0.725	  0.10301442
0.735	  0.10690831
0.745	  0.11065313
0.755	  0.114234775
0.765	  0.11764044
0.775	  0.12085877
0.785	  0.12387983
0.795	  0.1266951
0.805	  0.12929754
0.815	  0.13168147
0.825	  0.13384263
0.835	  0.13577808
0.845	  0.13748617
0.855	  0.13896647
0.865	  0.14021969
0.875	  0.14124767
0.885	  0.14205322
0.895	  0.14264007
0.905	  0.14301282
0.915	  0.14317687
0.925	  0.14313824
0.935	  0.14290361
0.945	  0.14248015
0.955	  0.14187552
0.965	  0.14109772
0.975	  0.1401551
0.985	  0.13905622
0.995	  0.13780981
1.005	  0.13642476
1.015	  0.13490999
1.025	  0.13327442
1.035	  0.13152698
1.045	  0.12967646
1.055	  0.1277316
1.065	  0.12570097
1.075	  0.12359289
1.085	  0.121415555
1.095	  0.11917688
1.105	  0.116884544
1.115	  0.11454595
1.125	  0.11216821
1.135	  0.10975814
1.145	  0.107322246
1.155	  0.10486674
1.165	  0.10239751
1.175	  0.09992012
1.185	  0.09743982
1.195	  0.09496154
1.205	  0.09248991
1.215	  0.090029255
1.225	  0.08758358
1.235	  0.08515661
1.245	  0.08275177
1.255	  0.08037223
1.265	  0.078020856
1.275	  0.075700276
1.285	  0.073412865
1.295	  0.07116076
1.305	  0.06894587
1.315	  0.06676987
1.325	  0.06463423
1.335	  0.06254025
1.345	  0.060489006
1.355	  0.05848142
1.365	  0.056518245
1.375	  0.05460007
1.385	  0.05272735
1.395	  0.05090039
1.405	  0.04911938
1.415	  0.04738439
1.425	  0.045695376
1.435	  0.0440522
1.445	  0.042454623
1.455	  0.04090233
1.465	  0.039394934
1.475	  0.03793196
1.485	  0.036512885
1.495	  0.03513712
1.505	  0.033804037
1.515	  0.032512944
1.525	  0.03126313
1.535	  0.030053837
1.545	  0.02888428
1.555	  0.027753646
1.565	  0.026661104
1.575	  0.025605805
1.585	  0.024586886
1.595	  0.02360347
1.605	  0.022654677
1.615	  0.02173962
1.625	  0.02085741
1.635	  0.02000716
1.645	  0.019187983
1.655	  0.018398996
1.665	  0.017639326
1.675	  0.016908104
1.685	  0.016204473
1.695	  0.015527584
1.705	  0.014876602
1.715	  0.014250706
1.725	  0.013649085
1.735	  0.013070946
1.745	  0.012515509
1.755	  0.01198201
1.765	  0.011469703
1.775	  0.010977859
1.785	  0.010505763
1.795	  0.010052719
1.805	  0.00961805
1.815	  0.0092010945
1.825	  0.008801209
1.835	  0.0084177675
1.845	  0.008050163
1.855	  0.0076978044
1.865	  0.007360119
1.875	  0.0070365504
1.885	  0.00672656
1.895	  0.0064296266
1.905	  0.0061452435
1.915	  0.0058729225
1.925	  0.00561219
1.935	  0.0053625894
1.945	  0.0051236777
1.955	  0.004895029
1.965	  0.0046762307
1.975	  0.0044668857
1.985	  0.0042666104
1.995	  0.0040750345
2.005	  0.003891802
2.015	  0.0037165692
2.025	  0.0035490054
2.035	  0.0033887925
2.045	  0.0032356235
2.055	  0.0030892037
2.065	  0.0029492497
2.075	  0.0028154883
2.085	  0.0026876573
2.095	  0.002565505
2.105	  0.0024487888
2.115	  0.0023372767
2.125	  0.002230745
2.135	  0.0021289794
2.145	  0.002031774
2.155	  0.0019389315
2.165	  0.0018502624
2.175	  0.0017655849
2.185	  0.0016847249
2.195	  0.0016075153
2.205	  0.0015337957
2.215	  0.0014634129
2.225	  0.0013962196
2.235	  0.0013320751
2.245	  0.0012708444
2.255	  0.001212398
2.265	  0.0011566125
2.275	  0.0011033692
2.285	  0.0010525545
2.295	  0.00100406
2.305	  9.577819E-4
2.315	  9.1362064E-4
2.325	  8.714811E-4
2.335	  8.3127234E-4
2.345	  7.929073E-4
2.355	  7.563028E-4
2.365	  7.213792E-4
2.375	  6.880605E-4
2.385	  6.562738E-4
2.395	  6.2594976E-4
2.405	  5.970218E-4
2.415	  5.694264E-4
2.425	  5.43103E-4
2.435	  5.1799335E-4
2.445	  4.940423E-4
2.455	  4.7119672E-4
2.465	  4.4940616E-4
2.475	  4.286223E-4
2.485	  4.0879895E-4
2.495	  3.898921E-4
2.505	  3.718597E-4
2.515	  3.5466152E-4
2.525	  3.3825924E-4
2.535	  3.2261622E-4
2.545	  3.076975E-4
2.555	  2.9346975E-4
2.565	  2.7990105E-4
2.575	  2.6696103E-4
2.585	  2.5462065E-4
2.595	  2.4285223E-4
2.605	  2.3162932E-4
2.615	  2.2092671E-4
2.625	  2.1072033E-4
2.635	  2.009872E-4
2.645	  1.9170542E-4
2.655	  1.8285407E-4
2.665	  1.7441322E-4
2.675	  1.6636382E-4
2.685	  1.5868775E-4
2.695	  1.5136765E-4
2.705	  1.4438704E-4
2.715	  1.3773015E-4
2.725	  1.3138194E-4
2.735	  1.2532808E-4
2.745	  1.19554905E-4
2.755	  1.1404938E-4
2.765	  1.0879905E-4
2.775	  1.03792074E-4
2.785	  9.901713E-5
2.795	  9.446344E-5
2.805	  9.012071E-5
2.815	  8.597914E-5
2.825	  8.202937E-5
2.835	  7.8262485E-5
2.845	  7.466998E-5
2.855	  7.124375E-5
2.865	  6.797605E-5
2.875	  6.485952E-5
2.885	  6.1887135E-5
2.895	  5.9052174E-5
2.905	  5.6348264E-5
2.915	  5.3769305E-5
2.925	  5.130949E-5
2.935	  4.8963277E-5
2.945	  4.672539E-5
2.955	  4.459079E-5
2.965	  4.2554682E-5
2.975	  4.061249E-5
2.985	  3.8759845E-5
2.995	  3.6992595E-5
3.005	  3.530677E-5
3.015	  3.369859E-5
3.025	  3.216445E-5
3.035	  3.0700918E-5
3.045	  2.9304714E-5
3.055	  2.7972716E-5
3.065	  2.6701944E-5
3.075	  2.5489562E-5
3.085	  2.4332861E-5
3.095	  2.3229264E-5
3.105	  2.2176308E-5
3.115	  2.1171647E-5
3.125	  2.0213049E-5
3.135	  1.9298377E-5
3.145	  1.84256E-5
3.155	  1.7592783E-5
3.165	  1.6798074E-5
3.175	  1.6039716E-5
3.185	  1.5316025E-5
3.195	  1.4625402E-5
3.205	  1.3966321E-5
3.215	  1.3337323E-5
3.225	  1.2737023E-5
3.235	  1.2164096E-5
3.245	  1.16172805E-5
3.255	  1.1095373E-5
3.265	  1.0597227E-5
3.275	  1.01217465E-5
3.285	  9.6678905E-6
3.295	  9.234663E-6
3.305	  8.8211145E-6
3.315	  8.426343E-6
3.325	  8.049485E-6
3.335	  7.689716E-6
3.345	  7.346254E-6
3.355	  7.018349E-6
3.365	  6.7052893E-6
3.375	  6.406394E-6
3.385	  6.1210135E-6
3.395	  5.84853E-6
3.405	  5.588352E-6
3.415	  5.339918E-6
3.425	  5.10269E-6
3.435	  4.8761567E-6
3.445	  4.6598298E-6
3.455	  4.4532426E-6
3.465	  4.2559514E-6
3.475	  4.0675322E-6
3.485	  3.8875805E-6
3.495	  3.7157108E-6
3.505	  3.5515552E-6
3.515	  3.3947629E-6
3.525	  3.2449987E-6
3.535	  3.1019435E-6
3.545	  2.9652924E-6
3.555	  2.834755E-6
3.565	  2.7100536E-6
3.575	  2.5909237E-6
3.585	  2.4771132E-6
3.595	  2.3683806E-6
3.605	  2.2644965E-6
3.615	  2.1652415E-6
3.625	  2.0704063E-6
3.635	  1.9797913E-6
3.645	  1.8932058E-6
3.655	  1.8104681E-6
3.665	  1.7314047E-6
3.675	  1.65585E-6
3.685	  1.583646E-6
3.695	  1.5146419E-6
3.705	  1.4486938E-6
3.715	  1.3856641E-6
3.725	  1.3254219E-6
3.735	  1.267842E-6
3.745	  1.2128048E-6
3.755	  1.1601967E-6
3.765	  1.1099085E-6
3.775	  1.0618363E-6
3.785	  1.0158813E-6
3.795	  9.719483E-7
3.805	  9.299475E-7
3.815	  8.8979215E-7
3.825	  8.514001E-7
3.835	  8.146926E-7
3.845	  7.795947E-7
3.855	  7.4603463E-7
3.865	  7.1394396E-7
3.875	  6.8325727E-7
3.885	  6.539122E-7
3.895	  6.2584917E-7
3.905	  5.990113E-7
3.915	  5.7334415E-7
3.925	  5.4879587E-7
3.935	  5.2531686E-7
3.945	  5.028599E-7
3.955	  4.8137963E-7
3.965	  4.60833E-7
3.975	  4.4117868E-7
3.985	  4.2237733E-7
3.995	  4.043913E-7
4.005	  3.8718466E-7



DATASET #3

     Name: BPT Fit
   Points: 401
     Info: Mean = 100.0, Aperiodicity = 0.5, Duration = 30.0, Delta T = 1.0, Num Points = 500, Historic Open Interval = 0.0
Computed mean = 0.99911153

Data[x,y]:
0.0	  0.0
0.01	  0.0
0.02	  0.0
0.03	  0.0
0.04	  0.0
0.05	  0.0
0.06	  1.6531116E-37
0.07	  1.571823E-31
0.08	  4.590776E-27
0.09	  1.319047E-23
0.1	  7.491516E-21
0.11	  1.3106715E-18
0.12	  9.492372E-17
0.13	  3.4913076E-15
0.14	  7.545543E-14
0.15	  1.0663588E-12
0.16	  1.0676106E-11
0.17	  8.050025E-11
0.18	  4.7941395E-10
0.19	  2.3412348E-9
0.2	  9.661006E-9
0.21	  3.451244E-8
0.22	  1.088717E-7
0.23	  3.0828127E-7
0.24	  7.943084E-7
0.25	  1.8836797E-6
0.26	  4.1514454E-6
0.27	  8.573127E-6
0.28	  1.6706563E-5
0.29	  3.0908548E-5
0.3	  5.457531E-5
0.31	  9.239023E-5
0.32	  1.5055823E-4
0.33	  2.3700428E-4
0.34	  3.61514E-4
0.35	  5.357975E-4
0.36	  7.734624E-4
0.37	  0.0010898884
0.38	  0.0015020025
0.39	  0.0020279605
0.4	  0.0026867492
0.41	  0.0034977219
0.42	  0.004480092
0.43	  0.0056524035
0.44	  0.0070320047
0.45	  0.008634541
0.46	  0.010473491
0.47	  0.012559757
0.48	  0.014901328
0.49	  0.017503025
0.5	  0.020366315
0.51	  0.02348923
0.52	  0.026866352
0.53	  0.030488884
0.54	  0.034344796
0.55	  0.038419027
0.56	  0.042693745
0.57	  0.04714865
0.58	  0.051761296
0.59	  0.056507483
0.6	  0.06136159
0.61	  0.06629697
0.62	  0.071286336
0.63	  0.076302074
0.64	  0.081316635
0.65	  0.08630283
0.66	  0.09123413
0.67	  0.09608494
0.68	  0.10083079
0.69	  0.10544861
0.7	  0.109916836
0.71	  0.11421557
0.72	  0.118326694
0.73	  0.12223394
0.74	  0.12592293
0.75	  0.12938121
0.76	  0.13259825
0.77	  0.13556542
0.78	  0.13827594
0.79	  0.14072481
0.8	  0.1429088
0.81	  0.14482631
0.82	  0.14647727
0.83	  0.1478631
0.84	  0.14898655
0.85	  0.14985162
0.86	  0.15046342
0.87	  0.15082808
0.88	  0.15095268
0.89	  0.15084505
0.9	  0.15051372
0.91	  0.14996783
0.92	  0.14921701
0.93	  0.14827123
0.94	  0.14714086
0.95	  0.14583641
0.96	  0.14436859
0.97	  0.14274818
0.98	  0.14098592
0.99	  0.13909256
1.0	  0.13707873
1.01	  0.13495487
1.02	  0.13273126
1.03	  0.13041791
1.04	  0.1280246
1.05	  0.12556075
1.06	  0.12303552
1.07	  0.120457694
1.08	  0.1178357
1.09	  0.115177594
1.1	  0.11249106
1.11	  0.10978337
1.12	  0.10706143
1.13	  0.10433174
1.14	  0.101600416
1.15	  0.09887319
1.16	  0.096155405
1.17	  0.09345203
1.18	  0.09076767
1.19	  0.08810657
1.2	  0.08547265
1.21	  0.08286946
1.22	  0.08030025
1.23	  0.077767946
1.24	  0.07527519
1.25	  0.07282434
1.26	  0.07041746
1.27	  0.06805638
1.28	  0.06574268
1.29	  0.0634777
1.3	  0.06126258
1.31	  0.059098236
1.32	  0.0569854
1.33	  0.05492463
1.34	  0.052916307
1.35	  0.050960667
1.36	  0.04905779
1.37	  0.047207635
1.38	  0.04541003
1.39	  0.043664694
1.4	  0.041971244
1.41	  0.040329203
1.42	  0.038738005
1.43	  0.037197016
1.44	  0.03570553
1.45	  0.034262773
1.46	  0.032867927
1.47	  0.031520125
1.48	  0.030218456
1.49	  0.028961975
1.5	  0.027749708
1.51	  0.026580654
1.52	  0.025453797
1.53	  0.024368098
1.54	  0.023322513
1.55	  0.02231599
1.56	  0.021347469
1.57	  0.02041589
1.58	  0.019520195
1.59	  0.01865933
1.6	  0.017832253
1.61	  0.017037923
1.62	  0.01627531
1.63	  0.015543405
1.64	  0.0148412045
1.65	  0.014167725
1.66	  0.013521997
1.67	  0.012903073
1.68	  0.012310018
1.69	  0.011741921
1.7	  0.011197891
1.71	  0.0106770545
1.72	  0.010178562
1.73	  0.009701584
1.74	  0.009245312
1.75	  0.008808961
1.76	  0.008391767
1.77	  0.0079929875
1.78	  0.007611901
1.79	  0.00724781
1.8	  0.0069000362
1.81	  0.0065679243
1.82	  0.006250839
1.83	  0.0059481664
1.84	  0.0056593125
1.85	  0.005383704
1.86	  0.0051207873
1.87	  0.004870028
1.88	  0.0046309098
1.89	  0.0044029374
1.9	  0.004185631
1.91	  0.0039785304
1.92	  0.0037811918
1.93	  0.003593188
1.94	  0.0034141087
1.95	  0.0032435593
1.96	  0.0030811601
1.97	  0.0029265475
1.98	  0.0027793718
1.99	  0.0026392967
2.0	  0.0025060007
2.01	  0.0023791748
2.02	  0.002258523
2.03	  0.0021437611
2.04	  0.0020346178
2.05	  0.001930832
2.06	  0.0018321547
2.07	  0.0017383471
2.08	  0.0016491807
2.09	  0.0015644368
2.1	  0.0014839068
2.11	  0.0014073903
2.12	  0.0013346967
2.13	  0.0012656432
2.14	  0.0012000554
2.15	  0.0011377665
2.16	  0.0010786178
2.17	  0.0010224569
2.18	  9.691392E-4
2.19	  9.185261E-4
2.2	  8.704856E-4
2.21	  8.2489185E-4
2.22	  7.816247E-4
2.23	  7.4056955E-4
2.24	  7.0161733E-4
2.25	  6.6466397E-4
2.26	  6.2961027E-4
2.27	  5.9636176E-4
2.28	  5.648285E-4
2.29	  5.3492474E-4
2.3	  5.065689E-4
2.31	  4.7968316E-4
2.32	  4.5419365E-4
2.33	  4.3002993E-4
2.34	  4.07125E-4
2.35	  3.854151E-4
2.36	  3.648396E-4
2.37	  3.453408E-4
2.38	  3.2686387E-4
2.39	  3.093566E-4
2.4	  2.9276943E-4
2.41	  2.770552E-4
2.42	  2.6216905E-4
2.43	  2.4806842E-4
2.44	  2.3471283E-4
2.45	  2.2206384E-4
2.46	  2.1008491E-4
2.47	  1.9874133E-4
2.48	  1.8800012E-4
2.49	  1.7783002E-4
2.5	  1.682013E-4
2.51	  1.5908571E-4
2.52	  1.5045649E-4
2.53	  1.422882E-4
2.54	  1.3455671E-4
2.55	  1.2723912E-4
2.56	  1.203137E-4
2.57	  1.1375981E-4
2.58	  1.0755789E-4
2.59	  1.0168939E-4
2.6	  9.61367E-5
2.61	  9.088311E-5
2.62	  8.591281E-5
2.63	  8.1210776E-5
2.64	  7.6762764E-5
2.65	  7.255528E-5
2.66	  6.857553E-5
2.67	  6.4811386E-5
2.68	  6.125134E-5
2.69	  5.7884507E-5
2.7	  5.470056E-5
2.71	  5.16897E-5
2.72	  4.8842674E-5
2.73	  4.6150686E-5
2.74	  4.3605414E-5
2.75	  4.1198975E-5
2.76	  3.8923903E-5
2.77	  3.6773123E-5
2.78	  3.4739936E-5
2.79	  3.2818E-5
2.8	  3.10013E-5
2.81	  2.9284154E-5
2.82	  2.7661172E-5
2.83	  2.6127258E-5
2.84	  2.467758E-5
2.85	  2.3307572E-5
2.86	  2.2012904E-5
2.87	  2.0789483E-5
2.88	  1.9633433E-5
2.89	  1.8541088E-5
2.9	  1.7508975E-5
2.91	  1.6533812E-5
2.92	  1.5612488E-5
2.93	  1.4742063E-5
2.94	  1.3919757E-5
2.95	  1.3142936E-5
2.96	  1.240911E-5
2.97	  1.1715924E-5
2.98	  1.106115E-5
2.99	  1.044268E-5
3.0	  9.858521E-6
3.01	  9.3067865E-6
3.02	  8.785696E-6
3.03	  8.293563E-6
3.04	  7.828792E-6
3.05	  7.3898764E-6
3.06	  6.97539E-6
3.07	  6.5839863E-6
3.08	  6.21439E-6
3.09	  5.865397E-6
3.1	  5.5358682E-6
3.11	  5.224728E-6
3.12	  4.930958E-6
3.13	  4.6535965E-6
3.14	  4.3917344E-6
3.15	  4.1445123E-6
3.16	  3.9111187E-6
3.17	  3.6907857E-6
3.18	  3.482788E-6
3.19	  3.2864402E-6
3.2	  3.101095E-6
3.21	  2.9261398E-6
3.22	  2.760997E-6
3.23	  2.6051198E-6
3.24	  2.4579922E-6
3.25	  2.3191265E-6
3.26	  2.188062E-6
3.27	  2.0643631E-6
3.28	  1.947619E-6
3.29	  1.8374412E-6
3.3	  1.7334628E-6
3.31	  1.6353371E-6
3.32	  1.5427369E-6
3.33	  1.4553531E-6
3.34	  1.3728934E-6
3.35	  1.2950823E-6
3.36	  1.2216592E-6
3.37	  1.1523782E-6
3.38	  1.087007E-6
3.39	  1.0253262E-6
3.4	  9.671288E-7
3.41	  9.122191E-7
3.42	  8.6041234E-7
3.43	  8.1153433E-7
3.44	  7.654203E-7
3.45	  7.2191483E-7
3.46	  6.8087115E-7
3.47	  6.421507E-7
3.48	  6.056227E-7
3.49	  5.711636E-7
3.5	  5.386569E-7
3.51	  5.079924E-7
3.52	  4.790664E-7
3.53	  4.5178066E-7
3.54	  4.2604273E-7
3.55	  4.0176522E-7
3.56	  3.7886565E-7
3.57	  3.5726617E-7
3.58	  3.368933E-7
3.59	  3.1767775E-7
3.6	  2.9955402E-7
3.61	  2.824604E-7
3.62	  2.663386E-7
3.63	  2.5113357E-7
3.64	  2.3679344E-7
3.65	  2.2326921E-7
3.66	  2.1051467E-7
3.67	  1.984862E-7
3.68	  1.8714262E-7
3.69	  1.7644511E-7
3.7	  1.6635703E-7
3.71	  1.5684377E-7
3.72	  1.4787273E-7
3.73	  1.3941312E-7
3.74	  1.3143591E-7
3.75	  1.2391368E-7
3.76	  1.16820594E-7
3.77	  1.1013225E-7
3.78	  1.0382564E-7
3.79	  9.787906E-8
3.8	  9.227203E-8
3.81	  8.698524E-8
3.82	  8.200045E-8
3.83	  7.730048E-8
3.84	  7.2869106E-8
3.85	  6.869104E-8
3.86	  6.475184E-8
3.87	  6.10379E-8
3.88	  5.7536386E-8
3.89	  5.4235183E-8
3.9	  5.1122875E-8
3.91	  4.818868E-8
3.92	  4.5422443E-8
3.93	  4.2814577E-8
3.94	  4.0356046E-8
3.95	  3.8038326E-8
3.96	  3.5853372E-8
3.97	  3.3793604E-8
3.98	  3.1851876E-8
3.99	  3.0021432E-8
4.0	  2.8295924E-8


