
X-Axis: Normalized Interevent Time
Y-Axis: Probability
Number of Data Sets: 3


DATASET #1

     Name: ddot3 Histogram
   Points: 41
     Info: 

Data[x,y]:
0.05	  0.0073179267
0.15	  0.006146205
0.25	  0.009220652
0.35	  0.012834171
0.45	  0.018254194
0.55	  0.026789524
0.65	  0.039704148
0.75	  0.06300005
0.85	  0.11338408
0.95	  0.18252285
1.05	  0.20284125
1.15	  0.1427443
1.25	  0.07723168
1.35	  0.03726805
1.45	  0.02033357
1.55	  0.01327695
1.65	  0.009159131
1.75	  0.005975633
1.85	  0.0036695427
1.95	  0.0022256968
2.05	  0.0013961621
2.15	  9.7111746E-4
2.25	  7.0709654E-4
2.35	  5.423293E-4
2.45	  4.2718888E-4
2.55	  3.391187E-4
2.65	  2.7911394E-4
2.75	  2.2134825E-4
2.85	  1.8485967E-4
2.95	  1.5374961E-4
3.05	  1.2460613E-4
3.15	  1.0625522E-4
3.25	  8.977612E-5
3.35	  7.770409E-5
3.45	  6.5454355E-5
3.55	  5.7398433E-5
3.65	  4.7115285E-5
3.75	  4.0492847E-5
3.85	  3.4593068E-5
3.95	  3.15721E-5
4.05	  2.0334091E-4



DATASET #2

     Name: Log-Normal Fit
   Points: 401
     Info: 

Data[x,y]:
0.005	  0.0
0.015	  7.238892E-37
0.025	  8.1326424E-30
0.035	  2.8292159E-25
0.045	  5.139077E-22
0.055	  1.5937718E-19
0.065	  1.5397072E-17
0.075	  6.539236E-16
0.085	  1.5138056E-14
0.095	  2.2036347E-13
0.105	  2.2283998E-12
0.115	  1.6822604E-11
0.125	  1.0002226E-10
0.135	  4.878875E-10
0.145	  2.0152526E-9
0.155	  7.227838E-9
0.165	  2.2966086E-8
0.175	  6.57145E-8
0.185	  1.7161906E-7
0.195	  4.1366314E-7
0.205	  9.2890053E-7
0.215	  1.958705E-6
0.225	  3.904578E-6
0.235	  7.4011027E-6
0.245	  1.3406176E-5
0.255	  2.330683E-5
0.265	  3.9036986E-5
0.275	  6.320152E-5
0.285	  9.919955E-5
0.295	  1.5133857E-4
0.305	  2.2493093E-4
0.315	  3.263641E-4
0.325	  4.6313732E-4
0.335	  6.438589E-4
0.345	  8.7820005E-4
0.355	  0.0011768037
0.365	  0.0015511491
0.375	  0.002013375
0.385	  0.002576067
0.395	  0.0032520152
0.405	  0.0040539494
0.415	  0.0049942634
0.425	  0.0060847346
0.435	  0.007336248
0.445	  0.0087585375
0.455	  0.010359943
0.465	  0.012147201
0.475	  0.014125268
0.485	  0.016297175
0.495	  0.01866393
0.505	  0.021224454
0.515	  0.023975568
0.525	  0.026912006
0.535	  0.03002647
0.545	  0.03330973
0.555	  0.03675075
0.565	  0.040336803
0.575	  0.044053685
0.585	  0.04788588
0.595	  0.05181675
0.605	  0.05582877
0.615	  0.059903704
0.625	  0.064022854
0.635	  0.06816723
0.645	  0.0723178
0.655	  0.07645563
0.665	  0.08056208
0.675	  0.084618986
0.685	  0.0886088
0.695	  0.09251473
0.705	  0.09632084
0.715	  0.10001217
0.725	  0.103574805
0.735	  0.10699597
0.745	  0.11026405
0.755	  0.11336862
0.765	  0.116300516
0.775	  0.11905178
0.785	  0.12161571
0.795	  0.123986796
0.805	  0.12616074
0.815	  0.12813438
0.825	  0.12990567
0.835	  0.13147363
0.845	  0.13283828
0.855	  0.1340006
0.865	  0.13496244
0.875	  0.13572648
0.885	  0.13629615
0.895	  0.13667558
0.905	  0.13686952
0.915	  0.13688324
0.925	  0.13672255
0.935	  0.13639365
0.945	  0.13590312
0.955	  0.13525783
0.965	  0.1344649
0.975	  0.13353169
0.985	  0.13246562
0.995	  0.13127425
1.005	  0.12996523
1.015	  0.12854615
1.025	  0.12702462
1.035	  0.12540816
1.045	  0.12370422
1.055	  0.121920116
1.065	  0.12006303
1.075	  0.11813997
1.085	  0.116157755
1.095	  0.114123
1.105	  0.112042114
1.115	  0.10992126
1.125	  0.107766375
1.135	  0.105583146
1.145	  0.10337701
1.155	  0.101153135
1.165	  0.09891646
1.175	  0.09667165
1.185	  0.09442311
1.195	  0.09217498
1.205	  0.08993117
1.215	  0.08769533
1.225	  0.08547088
1.235	  0.08326097
1.245	  0.081068546
1.255	  0.07889633
1.265	  0.0767468
1.275	  0.07462224
1.285	  0.07252475
1.295	  0.0704562
1.305	  0.06841829
1.315	  0.06641254
1.325	  0.064440295
1.335	  0.06250276
1.345	  0.060600944
1.355	  0.05873575
1.365	  0.05690793
1.375	  0.055118095
1.385	  0.05336675
1.395	  0.051654276
1.405	  0.04998095
1.415	  0.048346948
1.425	  0.046752356
1.435	  0.045197174
1.445	  0.043681312
1.455	  0.04220462
1.465	  0.04076687
1.475	  0.039367773
1.485	  0.03800699
1.495	  0.036684126
1.505	  0.035398737
1.515	  0.034150336
1.525	  0.032938406
1.535	  0.031762384
1.545	  0.03062169
1.555	  0.029515708
1.565	  0.028443804
1.575	  0.027405323
1.585	  0.026399596
1.595	  0.025425935
1.605	  0.024483647
1.615	  0.023572026
1.625	  0.022690363
1.635	  0.021837942
1.645	  0.021014046
1.655	  0.020217959
1.665	  0.019448962
1.675	  0.018706344
1.685	  0.017989395
1.695	  0.01729741
1.705	  0.01662969
1.715	  0.015985547
1.725	  0.015364298
1.735	  0.014765269
1.745	  0.014187799
1.755	  0.013631234
1.765	  0.013094933
1.775	  0.012578267
1.785	  0.012080618
1.795	  0.01160138
1.805	  0.011139962
1.815	  0.010695783
1.825	  0.010268277
1.835	  0.00985689
1.845	  0.0094610825
1.855	  0.009080327
1.865	  0.0087141115
1.875	  0.008361936
1.885	  0.008023312
1.895	  0.0076977676
1.905	  0.0073848427
1.915	  0.0070840903
1.925	  0.0067950757
1.935	  0.0065173777
1.945	  0.0062505873
1.955	  0.0059943083
1.965	  0.0057481555
1.975	  0.0055117575
1.985	  0.005284753
1.995	  0.0050667934
2.005	  0.0048575406
2.015	  0.0046566674
2.025	  0.0044638584
2.035	  0.0042788074
2.045	  0.00410122
2.055	  0.0039308104
2.065	  0.003767303
2.075	  0.0036104324
2.085	  0.0034599416
2.095	  0.0033155833
2.105	  0.0031771183
2.115	  0.0030443163
2.125	  0.0029169552
2.135	  0.002794821
2.145	  0.0026777072
2.155	  0.0025654153
2.165	  0.0024577538
2.175	  0.002354538
2.185	  0.0022555909
2.195	  0.0021607412
2.205	  0.0020698246
2.215	  0.0019826826
2.225	  0.0018991635
2.235	  0.0018191203
2.245	  0.0017424125
2.255	  0.0016689044
2.265	  0.001598466
2.275	  0.0015309721
2.285	  0.0014663024
2.295	  0.0014043412
2.305	  0.0013449776
2.315	  0.0012881048
2.325	  0.0012336203
2.335	  0.0011814258
2.345	  0.0011314264
2.355	  0.0010835316
2.365	  0.0010376544
2.375	  9.937108E-4
2.385	  9.5162075E-4
2.395	  9.11307E-4
2.405	  8.7269564E-4
2.415	  8.357158E-4
2.425	  8.002992E-4
2.435	  7.663807E-4
2.445	  7.3389756E-4
2.455	  7.027896E-4
2.465	  6.729992E-4
2.475	  6.444711E-4
2.485	  6.1715225E-4
2.495	  5.9099187E-4
2.505	  5.659411E-4
2.515	  5.419533E-4
2.525	  5.189836E-4
2.535	  4.9698906E-4
2.545	  4.7592857E-4
2.555	  4.557626E-4
2.565	  4.3645335E-4
2.575	  4.1796462E-4
2.585	  4.002616E-4
2.595	  3.833111E-4
2.605	  3.6708114E-4
2.615	  3.5154124E-4
2.625	  3.3666205E-4
2.635	  3.224156E-4
2.645	  3.08775E-4
2.655	  2.9571445E-4
2.665	  2.8320937E-4
2.675	  2.7123615E-4
2.685	  2.597721E-4
2.695	  2.4879558E-4
2.705	  2.3828588E-4
2.715	  2.2822309E-4
2.725	  2.1858817E-4
2.735	  2.0936293E-4
2.745	  2.0052989E-4
2.755	  1.9207233E-4
2.765	  1.8397425E-4
2.775	  1.7622033E-4
2.785	  1.6879592E-4
2.795	  1.6168691E-4
2.805	  1.548799E-4
2.815	  1.4836199E-4
2.825	  1.4212084E-4
2.835	  1.3614465E-4
2.845	  1.3042212E-4
2.855	  1.2494244E-4
2.865	  1.19695214E-4
2.875	  1.1467055E-4
2.885	  1.0985895E-4
2.895	  1.0525131E-4
2.905	  1.0083895E-4
2.915	  9.661353E-5
2.925	  9.256707E-5
2.935	  8.869194E-5
2.945	  8.4980835E-5
2.955	  8.142676E-5
2.965	  7.802302E-5
2.975	  7.476321E-5
2.985	  7.164118E-5
2.995	  6.8651076E-5
3.005	  6.5787266E-5
3.015	  6.304437E-5
3.025	  6.0417242E-5
3.035	  5.7900947E-5
3.045	  5.549077E-5
3.055	  5.318219E-5
3.065	  5.0970884E-5
3.075	  4.885272E-5
3.085	  4.6823723E-5
3.095	  4.4880115E-5
3.105	  4.3018255E-5
3.115	  4.1234674E-5
3.125	  3.9526047E-5
3.135	  3.788919E-5
3.145	  3.632105E-5
3.155	  3.4818717E-5
3.165	  3.3379398E-5
3.175	  3.200042E-5
3.185	  3.0679217E-5
3.195	  2.9413348E-5
3.205	  2.8200466E-5
3.215	  2.7038328E-5
3.225	  2.5924783E-5
3.235	  2.4857776E-5
3.245	  2.3835339E-5
3.255	  2.2855585E-5
3.265	  2.1916712E-5
3.275	  2.1016993E-5
3.285	  2.015477E-5
3.295	  1.9328463E-5
3.305	  1.8536559E-5
3.315	  1.7777602E-5
3.325	  1.7050206E-5
3.335	  1.635304E-5
3.345	  1.5684831E-5
3.355	  1.504436E-5
3.365	  1.443046E-5
3.375	  1.3842013E-5
3.385	  1.3277949E-5
3.395	  1.2737243E-5
3.405	  1.2218916E-5
3.415	  1.1722026E-5
3.425	  1.12456755E-5
3.435	  1.0789003E-5
3.445	  1.0351183E-5
3.455	  9.931426E-6
3.465	  9.528976E-6
3.475	  9.14311E-6
3.485	  8.773132E-6
3.495	  8.418381E-6
3.505	  8.078218E-6
3.515	  7.752036E-6
3.525	  7.439251E-6
3.535	  7.1393038E-6
3.545	  6.8516597E-6
3.555	  6.5758063E-6
3.565	  6.311253E-6
3.575	  6.0575294E-6
3.585	  5.814185E-6
3.595	  5.5807886E-6
3.605	  5.3569274E-6
3.615	  5.1422053E-6
3.625	  4.936243E-6
3.635	  4.738678E-6
3.645	  4.5491615E-6
3.655	  4.3673613E-6
3.665	  4.1929575E-6
3.675	  4.025644E-6
3.685	  3.8651283E-6
3.695	  3.7111295E-6
3.705	  3.5633786E-6
3.715	  3.4216177E-6
3.725	  3.2856E-6
3.735	  3.1550892E-6
3.745	  3.0298584E-6
3.755	  2.90969E-6
3.765	  2.7943763E-6
3.775	  2.6837176E-6
3.785	  2.577523E-6
3.795	  2.475609E-6
3.805	  2.3778007E-6
3.815	  2.283929E-6
3.825	  2.193833E-6
3.835	  2.1073586E-6
3.845	  2.0243572E-6
3.855	  1.944687E-6
3.865	  1.8682122E-6
3.875	  1.794802E-6
3.885	  1.7243316E-6
3.895	  1.6566811E-6
3.905	  1.5917358E-6
3.915	  1.5293854E-6
3.925	  1.4695246E-6
3.935	  1.4120519E-6
3.945	  1.3568706E-6
3.955	  1.3038875E-6
3.965	  1.2530137E-6
3.975	  1.2041634E-6
3.985	  1.1572547E-6
3.995	  1.1122092E-6
4.005	  1.0689514E-6



DATASET #3

     Name: BPT Fit
   Points: 401
     Info: Mean = 100.0, Aperiodicity = 0.5, Duration = 30.0, Delta T = 1.0, Num Points = 500, Historic Open Interval = 0.0
Computed mean = 0.9997656

Data[x,y]:
0.0	  0.0
0.01	  0.0
0.02	  0.0
0.03	  0.0
0.04	  0.0
0.05	  1.119E-41
0.06	  4.6412397E-34
0.07	  1.2181485E-28
0.08	  1.3567646E-24
0.09	  1.844046E-21
0.1	  5.7606864E-19
0.11	  6.186253E-17
0.12	  2.9858303E-15
0.13	  7.7968204E-14
0.14	  1.2573389E-12
0.15	  1.3796608E-11
0.16	  1.10770636E-10
0.17	  6.878768E-10
0.18	  3.4495151E-9
0.19	  1.44523264E-8
0.2	  5.198228E-8
0.21	  1.6408109E-7
0.22	  4.6275562E-7
0.23	  1.1835206E-6
0.24	  2.7790297E-6
0.25	  6.0534626E-6
0.26	  1.2339909E-5
0.27	  2.3716735E-5
0.28	  4.3251883E-5
0.29	  7.5257514E-5
0.3	  1.2553266E-4
0.31	  2.0156936E-4
0.32	  3.126983E-4
0.33	  4.701543E-4
0.34	  6.870463E-4
0.35	  9.78226E-4
0.36	  0.0013600541
0.37	  0.0018500737
0.38	  0.0024666036
0.39	  0.0032282716
0.4	  0.0041535078
0.41	  0.0052600256
0.42	  0.006564306
0.43	  0.008081116
0.44	  0.009823065
0.45	  0.011800239
0.46	  0.014019883
0.47	  0.01648619
0.48	  0.019200154
0.49	  0.022159504
0.5	  0.025358737
0.51	  0.0287892
0.52	  0.03243925
0.53	  0.036294475
0.54	  0.040337935
0.55	  0.044550482
0.56	  0.048911072
0.57	  0.053397097
0.58	  0.05798475
0.59	  0.062649354
0.6	  0.06736572
0.61	  0.07210845
0.62	  0.07685226
0.63	  0.08157227
0.64	  0.08624425
0.65	  0.09084483
0.66	  0.09535177
0.67	  0.09974405
0.68	  0.10400207
0.69	  0.10810775
0.7	  0.112044595
0.71	  0.11579779
0.72	  0.1193542
0.73	  0.12270245
0.74	  0.12583281
0.75	  0.12873729
0.76	  0.13140953
0.77	  0.13384473
0.78	  0.13603967
0.79	  0.13799256
0.8	  0.13970299
0.81	  0.14117181
0.82	  0.14240111
0.83	  0.14339402
0.84	  0.14415474
0.85	  0.14468832
0.86	  0.14500067
0.87	  0.14509834
0.88	  0.1449886
0.89	  0.14467919
0.9	  0.14417833
0.91	  0.14349462
0.92	  0.14263692
0.93	  0.14161438
0.94	  0.1404362
0.95	  0.1391118
0.96	  0.13765053
0.97	  0.1360618
0.98	  0.13435493
0.99	  0.13253912
1.0	  0.13062344
1.01	  0.1286168
1.02	  0.12652786
1.03	  0.124365084
1.04	  0.12213667
1.05	  0.119850524
1.06	  0.11751429
1.07	  0.11513528
1.08	  0.11272052
1.09	  0.11027671
1.1	  0.1078102
1.11	  0.10532705
1.12	  0.10283297
1.13	  0.10033336
1.14	  0.09783329
1.15	  0.09533751
1.16	  0.092850454
1.17	  0.090376265
1.18	  0.08791877
1.19	  0.08548152
1.2	  0.08306776
1.21	  0.080680504
1.22	  0.07832246
1.23	  0.07599612
1.24	  0.07370371
1.25	  0.07144724
1.26	  0.069228485
1.27	  0.06704903
1.28	  0.06491024
1.29	  0.06281331
1.3	  0.06075925
1.31	  0.058748897
1.32	  0.056782942
1.33	  0.05486192
1.34	  0.05298623
1.35	  0.05115615
1.36	  0.049371816
1.37	  0.047633283
1.38	  0.045940485
1.39	  0.04429326
1.4	  0.042691365
1.41	  0.04113448
1.42	  0.039622206
1.43	  0.03815408
1.44	  0.036729578
1.45	  0.035348125
1.46	  0.034009095
1.47	  0.032711823
1.48	  0.0314556
1.49	  0.030239686
1.5	  0.029063318
1.51	  0.027925702
1.52	  0.026826026
1.53	  0.025763461
1.54	  0.024737163
1.55	  0.023746278
1.56	  0.022789946
1.57	  0.0218673
1.58	  0.020977471
1.59	  0.020119593
1.6	  0.019292794
1.61	  0.018496215
1.62	  0.017728997
1.63	  0.01699029
1.64	  0.01627925
1.65	  0.015595047
1.66	  0.014936858
1.67	  0.014303873
1.68	  0.013695297
1.69	  0.013110345
1.7	  0.01254825
1.71	  0.012008256
1.72	  0.011489627
1.73	  0.010991638
1.74	  0.010513582
1.75	  0.010054771
1.76	  0.009614529
1.77	  0.0091922
1.78	  0.008787145
1.79	  0.00839874
1.8	  0.008026377
1.81	  0.0076694684
1.82	  0.0073274416
1.83	  0.0069997394
1.84	  0.006685823
1.85	  0.006385169
1.86	  0.0060972692
1.87	  0.005821633
1.88	  0.0055577853
1.89	  0.005305264
1.9	  0.005063625
1.91	  0.0048324373
1.92	  0.004611285
1.93	  0.0043997657
1.94	  0.0041974923
1.95	  0.0040040896
1.96	  0.0038191965
1.97	  0.0036424645
1.98	  0.003473558
1.99	  0.0033121533
2.0	  0.0031579384
2.01	  0.0030106131
2.02	  0.0028698887
2.03	  0.002735487
2.04	  0.00260714
2.05	  0.002484591
2.06	  0.0023675922
2.07	  0.002255906
2.08	  0.0021493037
2.09	  0.0020475658
2.1	  0.0019504818
2.11	  0.0018578491
2.12	  0.0017694733
2.13	  0.0016851681
2.14	  0.0016047546
2.15	  0.0015280611
2.16	  0.0014549233
2.17	  0.0013851832
2.18	  0.0013186896
2.19	  0.0012552977
2.2	  0.0011948686
2.21	  0.0011372692
2.22	  0.0010823722
2.23	  0.0010300555
2.24	  9.802023E-4
2.25	  9.3270093E-4
2.26	  8.8744424E-4
2.27	  8.443299E-4
2.28	  8.032599E-4
2.29	  7.6414057E-4
2.3	  7.2688225E-4
2.31	  6.913993E-4
2.32	  6.576098E-4
2.33	  6.2543526E-4
2.34	  5.94801E-4
2.35	  5.656354E-4
2.36	  5.3787004E-4
2.37	  5.114397E-4
2.38	  4.862819E-4
2.39	  4.623371E-4
2.4	  4.395484E-4
2.41	  4.1786145E-4
2.42	  3.9722433E-4
2.43	  3.775875E-4
2.44	  3.5890378E-4
2.45	  3.4112795E-4
2.46	  3.24217E-4
2.47	  3.0812982E-4
2.48	  2.9282723E-4
2.49	  2.7827185E-4
2.5	  2.64428E-4
2.51	  2.5126166E-4
2.52	  2.3874038E-4
2.53	  2.2683326E-4
2.54	  2.1551078E-4
2.55	  2.0474484E-4
2.56	  1.9450861E-4
2.57	  1.8477658E-4
2.58	  1.7552437E-4
2.59	  1.667288E-4
2.6	  1.5836774E-4
2.61	  1.5042014E-4
2.62	  1.428659E-4
2.63	  1.3568593E-4
2.64	  1.28862E-4
2.65	  1.2237676E-4
2.66	  1.162137E-4
2.67	  1.1035706E-4
2.68	  1.0479188E-4
2.69	  9.950387E-5
2.7	  9.4479474E-5
2.71	  8.970573E-5
2.72	  8.5170344E-5
2.73	  8.0861595E-5
2.74	  7.6768316E-5
2.75	  7.2879906E-5
2.76	  6.918625E-5
2.77	  6.567775E-5
2.78	  6.234523E-5
2.79	  5.9180005E-5
2.8	  5.6173783E-5
2.81	  5.331869E-5
2.82	  5.0607225E-5
2.83	  4.803226E-5
2.84	  4.5587007E-5
2.85	  4.326502E-5
2.86	  4.106016E-5
2.87	  3.8966595E-5
2.88	  3.697877E-5
2.89	  3.5091412E-5
2.9	  3.32995E-5
2.91	  3.1598265E-5
2.92	  2.9983172E-5
2.93	  2.8449907E-5
2.94	  2.699437E-5
2.95	  2.5612666E-5
2.96	  2.4301087E-5
2.97	  2.3056113E-5
2.98	  2.1874399E-5
2.99	  2.0752761E-5
3.0	  1.9688176E-5
3.01	  1.8677774E-5
3.02	  1.7718821E-5
3.03	  1.6808726E-5
3.04	  1.5945023E-5
3.05	  1.5125368E-5
3.06	  1.4347537E-5
3.07	  1.3609416E-5
3.08	  1.2908994E-5
3.09	  1.2244365E-5
3.1	  1.1613715E-5
3.11	  1.1015322E-5
3.12	  1.0447552E-5
3.13	  9.908848E-6
3.14	  9.397738E-6
3.15	  8.912818E-6
3.16	  8.452757E-6
3.17	  8.016293E-6
3.18	  7.6022225E-6
3.19	  7.209407E-6
3.2	  6.836764E-6
3.21	  6.4832648E-6
3.22	  6.147934E-6
3.23	  5.829844E-6
3.24	  5.528116E-6
3.25	  5.2419136E-6
3.26	  4.970444E-6
3.27	  4.712954E-6
3.28	  4.4687285E-6
3.29	  4.2370893E-6
3.3	  4.017392E-6
3.31	  3.809025E-6
3.32	  3.611408E-6
3.33	  3.4239897E-6
3.34	  3.2462474E-6
3.35	  3.0776848E-6
3.36	  2.9178307E-6
3.37	  2.766238E-6
3.38	  2.622482E-6
3.39	  2.4861606E-6
3.4	  2.3568912E-6
3.41	  2.2343113E-6
3.42	  2.1180767E-6
3.43	  2.007861E-6
3.44	  1.9033541E-6
3.45	  1.8042621E-6
3.46	  1.7103058E-6
3.47	  1.6212206E-6
3.48	  1.5367553E-6
3.49	  1.4566717E-6
3.5	  1.3807436E-6
3.51	  1.3087564E-6
3.52	  1.2405068E-6
3.53	  1.1758016E-6
3.54	  1.1144577E-6
3.55	  1.0563014E-6
3.56	  1.0011678E-6
3.57	  9.4890055E-7
3.58	  8.993514E-7
3.59	  8.523796E-7
3.6	  8.078518E-7
3.61	  7.6564135E-7
3.62	  7.2562824E-7
3.63	  6.8769856E-7
3.64	  6.5174436E-7
3.65	  6.1766315E-7
3.66	  5.853578E-7
3.67	  5.5473623E-7
3.68	  5.2571096E-7
3.69	  4.981992E-7
3.7	  4.721223E-7
3.71	  4.4740577E-7
3.72	  4.2397892E-7
3.73	  4.0177474E-7
3.74	  3.8072963E-7
3.75	  3.6078336E-7
3.76	  3.4187875E-7
3.77	  3.2396161E-7
3.78	  3.069806E-7
3.79	  2.9088696E-7
3.8	  2.7563445E-7
3.81	  2.6117934E-7
3.82	  2.4748005E-7
3.83	  2.3449722E-7
3.84	  2.2219349E-7
3.85	  2.1053349E-7
3.86	  1.9948362E-7
3.87	  1.890121E-7
3.88	  1.7908873E-7
3.89	  1.6968494E-7
3.9	  1.607736E-7
3.91	  1.52329E-7
3.92	  1.4432676E-7
3.93	  1.3674382E-7
3.94	  1.2955826E-7
3.95	  1.2274931E-7
3.96	  1.1629731E-7
3.97	  1.10183585E-7
3.98	  1.04390466E-7
3.99	  9.890119E-8
4.0	  9.369986E-8


