
X-Axis: Normalized Interevent Time
Y-Axis: Probability
Number of Data Sets: 3


DATASET #1

     Name: ddot3 Histogram
   Points: 41
     Info: 

Data[x,y]:
0.05	  0.033005852
0.15	  0.0278698
0.25	  0.032004688
0.35	  0.035187252
0.45	  0.03877679
0.55	  0.04695703
0.65	  0.051140755
0.75	  0.05843379
0.85	  0.06273147
0.95	  0.09038964
1.05	  0.11125943
1.15	  0.10483733
1.25	  0.0818187
1.35	  0.059353556
1.45	  0.042993072
1.55	  0.030987246
1.65	  0.021984909
1.75	  0.01589653
1.85	  0.012876759
1.95	  0.009669779
2.05	  0.0073907063
2.15	  0.005559309
2.25	  0.004086051
2.35	  0.0033616319
2.45	  0.0023116306
2.55	  0.0019697698
2.65	  0.0013023271
2.75	  0.001017443
2.85	  8.872103E-4
2.95	  6.7558215E-4
3.05	  5.941867E-4
3.15	  4.232563E-4
3.25	  3.1744223E-4
3.35	  3.337213E-4
3.45	  2.0348861E-4
3.55	  1.7093043E-4
3.65	  1.9534906E-4
3.75	  1.2209316E-4
3.85	  1.627909E-4
3.95	  1.2209316E-4
4.05	  6.1860535E-4



DATASET #2

     Name: Log-Normal Fit
   Points: 401
     Info: 

Data[x,y]:
0.005	  0.0
0.015	  7.916352E-14
0.025	  2.8930589E-11
0.035	  1.2828046E-9
0.045	  1.9034033E-8
0.055	  1.4595742E-7
0.065	  7.2518E-7
0.075	  2.6615319E-6
0.085	  7.831031E-6
0.095	  1.9496116E-5
0.105	  4.2626078E-5
0.115	  8.4050764E-5
0.125	  1.5241874E-4
0.135	  2.5797077E-4
0.145	  4.1216653E-4
0.155	  6.272158E-4
0.165	  9.155661E-4
0.175	  0.001289394
0.185	  0.0017601358
0.195	  0.0023380842
0.205	  0.0030320636
0.215	  0.0038491928
0.225	  0.0047947313
0.235	  0.0058720047
0.245	  0.0070824004
0.255	  0.008425423
0.265	  0.009898793
0.275	  0.011498589
0.285	  0.013219407
0.295	  0.015054545
0.305	  0.016996194
0.315	  0.019035619
0.325	  0.021163363
0.335	  0.023369413
0.345	  0.025643375
0.355	  0.027974635
0.365	  0.030352497
0.375	  0.032766305
0.385	  0.035205565
0.395	  0.037660036
0.405	  0.04011981
0.415	  0.04257539
0.425	  0.045017727
0.435	  0.04743829
0.445	  0.049829073
0.455	  0.052182622
0.465	  0.05449207
0.475	  0.056751117
0.485	  0.058954045
0.495	  0.061095703
0.505	  0.063171506
0.515	  0.06517741
0.525	  0.0671099
0.535	  0.06896597
0.545	  0.07074309
0.555	  0.07243921
0.565	  0.074052684
0.575	  0.075582296
0.585	  0.0770272
0.595	  0.078386925
0.605	  0.07966129
0.615	  0.08085046
0.625	  0.081954844
0.635	  0.082975134
0.645	  0.08391222
0.655	  0.08476724
0.665	  0.08554148
0.675	  0.08623641
0.685	  0.086853646
0.695	  0.08739492
0.705	  0.087862104
0.715	  0.088257134
0.725	  0.08858204
0.735	  0.08883891
0.745	  0.0890299
0.755	  0.089157194
0.765	  0.08922301
0.775	  0.08922959
0.785	  0.08917918
0.795	  0.08907403
0.805	  0.08891639
0.815	  0.08870849
0.825	  0.088452555
0.835	  0.08815077
0.845	  0.0878053
0.855	  0.08741829
0.865	  0.08699181
0.875	  0.086527936
0.885	  0.08602867
0.895	  0.08549598
0.905	  0.08493178
0.915	  0.08433795
0.925	  0.083716296
0.935	  0.083068594
0.945	  0.08239655
0.955	  0.08170184
0.965	  0.08098606
0.975	  0.08025076
0.985	  0.07949746
0.995	  0.07872759
1.005	  0.07794254
1.015	  0.07714368
1.025	  0.07633228
1.035	  0.07550958
1.045	  0.074676774
1.055	  0.073835
1.065	  0.07298536
1.075	  0.07212888
1.085	  0.07126657
1.095	  0.07039939
1.105	  0.06952823
1.115	  0.06865397
1.125	  0.06777743
1.135	  0.0668994
1.145	  0.066020615
1.155	  0.06514178
1.165	  0.06426358
1.175	  0.06338664
1.185	  0.062511556
1.195	  0.061638903
1.205	  0.060769204
1.215	  0.05990297
1.225	  0.059040673
1.235	  0.058182757
1.245	  0.05732964
1.255	  0.056481708
1.265	  0.05563933
1.275	  0.054802846
1.285	  0.053972572
1.295	  0.053148802
1.305	  0.052331813
1.315	  0.05152185
1.325	  0.05071915
1.335	  0.049923927
1.345	  0.049136374
1.355	  0.04835667
1.365	  0.04758498
1.375	  0.04682145
1.385	  0.046066206
1.395	  0.04531937
1.405	  0.044581044
1.415	  0.043851323
1.425	  0.04313028
1.435	  0.04241798
1.445	  0.04171449
1.455	  0.041019846
1.465	  0.040334087
1.475	  0.03965724
1.485	  0.03898932
1.495	  0.038330343
1.505	  0.037680306
1.515	  0.0370392
1.525	  0.03640702
1.535	  0.03578374
1.545	  0.035169337
1.555	  0.034563784
1.565	  0.033967037
1.575	  0.033379056
1.585	  0.032799795
1.595	  0.032229207
1.605	  0.031667233
1.615	  0.031113813
1.625	  0.030568887
1.635	  0.030032389
1.645	  0.029504247
1.655	  0.028984394
1.665	  0.028472753
1.675	  0.027969247
1.685	  0.027473798
1.695	  0.026986327
1.705	  0.026506748
1.715	  0.02603498
1.725	  0.025570933
1.735	  0.025114525
1.745	  0.024665665
1.755	  0.024224265
1.765	  0.023790235
1.775	  0.023363484
1.785	  0.022943921
1.795	  0.022531455
1.805	  0.022125995
1.815	  0.021727445
1.825	  0.021335714
1.835	  0.02095071
1.845	  0.02057234
1.855	  0.020200511
1.865	  0.019835131
1.875	  0.019476108
1.885	  0.01912335
1.895	  0.018776765
1.905	  0.01843626
1.915	  0.018101748
1.925	  0.017773135
1.935	  0.017450335
1.945	  0.017133255
1.955	  0.016821807
1.965	  0.016515907
1.975	  0.016215464
1.985	  0.015920391
1.995	  0.015630607
2.005	  0.015346022
2.015	  0.015066556
2.025	  0.014792123
2.035	  0.014522641
2.045	  0.01425803
2.055	  0.013998209
2.065	  0.013743096
2.075	  0.013492615
2.085	  0.013246687
2.095	  0.013005236
2.105	  0.012768186
2.115	  0.012535459
2.125	  0.012306985
2.135	  0.012082689
2.145	  0.011862501
2.155	  0.011646346
2.165	  0.011434156
2.175	  0.011225863
2.185	  0.011021397
2.195	  0.0108206915
2.205	  0.01062368
2.215	  0.010430298
2.225	  0.010240479
2.235	  0.010054163
2.245	  0.0098712845
2.255	  0.009691784
2.265	  0.0095156
2.275	  0.009342673
2.285	  0.009172945
2.295	  0.009006358
2.305	  0.008842855
2.315	  0.0086823795
2.325	  0.008524877
2.335	  0.008370294
2.345	  0.008218577
2.355	  0.008069674
2.365	  0.007923531
2.375	  0.007780101
2.385	  0.007639332
2.395	  0.007501176
2.405	  0.0073655844
2.415	  0.00723251
2.425	  0.0071019065
2.435	  0.006973728
2.445	  0.0068479297
2.455	  0.006724467
2.465	  0.0066032973
2.475	  0.006484378
2.485	  0.0063676666
2.495	  0.0062531224
2.505	  0.0061407047
2.515	  0.0060303747
2.525	  0.005922092
2.535	  0.00581582
2.545	  0.005711519
2.555	  0.0056091542
2.565	  0.0055086883
2.575	  0.005410086
2.585	  0.005313312
2.595	  0.005218332
2.605	  0.005125113
2.615	  0.005033621
2.625	  0.0049438244
2.635	  0.0048556905
2.645	  0.0047691884
2.655	  0.004684287
2.665	  0.004600957
2.675	  0.0045191683
2.685	  0.0044388915
2.695	  0.004360099
2.705	  0.004282762
2.715	  0.004206853
2.725	  0.0041323453
2.735	  0.004059213
2.745	  0.0039874297
2.755	  0.0039169695
2.765	  0.0038478076
2.775	  0.00377992
2.785	  0.0037132825
2.795	  0.003647871
2.805	  0.003583663
2.815	  0.0035206352
2.825	  0.0034587653
2.835	  0.0033980322
2.845	  0.0033384135
2.855	  0.0032798885
2.865	  0.0032224369
2.875	  0.0031660378
2.885	  0.0031106719
2.895	  0.0030563194
2.905	  0.0030029612
2.915	  0.0029505785
2.925	  0.0028991527
2.935	  0.0028486664
2.945	  0.0027991012
2.955	  0.00275044
2.965	  0.0027026657
2.975	  0.0026557618
2.985	  0.0026097116
2.995	  0.0025644992
3.005	  0.0025201086
3.015	  0.0024765246
3.025	  0.002433732
3.035	  0.0023917155
3.045	  0.002350461
3.055	  0.002309954
3.065	  0.0022701803
3.075	  0.0022311264
3.085	  0.0021927785
3.095	  0.0021551235
3.105	  0.0021181481
3.115	  0.00208184
3.125	  0.0020461867
3.135	  0.0020111755
3.145	  0.0019767946
3.155	  0.001943032
3.165	  0.0019098765
3.175	  0.0018773165
3.185	  0.0018453408
3.195	  0.0018139387
3.205	  0.0017830994
3.215	  0.0017528122
3.225	  0.001723067
3.235	  0.0016938536
3.245	  0.0016651623
3.255	  0.001636983
3.265	  0.0016093064
3.275	  0.0015821231
3.285	  0.001555424
3.295	  0.0015291998
3.305	  0.0015034421
3.315	  0.0014781419
3.325	  0.0014532908
3.335	  0.0014288806
3.345	  0.0014049029
3.355	  0.00138135
3.365	  0.0013582137
3.375	  0.0013354864
3.385	  0.0013131606
3.395	  0.001291229
3.405	  0.001269684
3.415	  0.0012485188
3.425	  0.0012277261
3.435	  0.0012072992
3.445	  0.0011872314
3.455	  0.0011675159
3.465	  0.0011481463
3.475	  0.0011291165
3.485	  0.0011104199
3.495	  0.0010920505
3.505	  0.0010740022
3.515	  0.0010562694
3.525	  0.0010388461
3.535	  0.0010217268
3.545	  0.0010049056
3.555	  9.883774E-4
3.565	  9.721367E-4
3.575	  9.561782E-4
3.585	  9.4049686E-4
3.595	  9.250876E-4
3.605	  9.0994546E-4
3.615	  8.950656E-4
3.625	  8.804432E-4
3.635	  8.660736E-4
3.645	  8.519522E-4
3.655	  8.380745E-4
3.665	  8.244361E-4
3.675	  8.1103266E-4
3.685	  7.9785986E-4
3.695	  7.8491366E-4
3.705	  7.721899E-4
3.715	  7.596845E-4
3.725	  7.473936E-4
3.735	  7.353133E-4
3.745	  7.234398E-4
3.755	  7.117694E-4
3.765	  7.002984E-4
3.775	  6.890233E-4
3.785	  6.7794044E-4
3.795	  6.670465E-4
3.805	  6.5633806E-4
3.815	  6.458118E-4
3.825	  6.354644E-4
3.835	  6.252927E-4
3.845	  6.152936E-4
3.855	  6.05464E-4
3.865	  5.9580075E-4
3.875	  5.863011E-4
3.885	  5.7696196E-4
3.895	  5.677805E-4
3.905	  5.58754E-4
3.915	  5.498796E-4
3.925	  5.411547E-4
3.935	  5.3257664E-4
3.945	  5.241427E-4
3.955	  5.1585044E-4
3.965	  5.076973E-4
3.975	  4.996808E-4
3.985	  4.917986E-4
3.995	  4.840483E-4
4.005	  4.7642755E-4



DATASET #3

     Name: BPT Fit
   Points: 401
     Info: Mean = 100.0, Aperiodicity = 0.5, Duration = 30.0, Delta T = 1.0, Num Points = 500, Historic Open Interval = 0.0
Computed mean = 0.99739546

Data[x,y]:
0.0	  0.0
0.01	  0.0
0.02	  1.821474E-39
0.03	  8.5994744E-26
0.04	  5.151905E-19
0.05	  5.5232435E-15
0.06	  2.537215E-12
0.07	  1.9405533E-10
0.08	  4.862219E-9
0.09	  5.8068633E-8
0.1	  4.1371237E-7
0.11	  2.027465E-6
0.12	  7.513243E-6
0.13	  2.2475677E-5
0.14	  5.6863657E-5
0.15	  1.2588831E-4
0.16	  2.501662E-4
0.17	  4.549904E-4
0.18	  7.6886674E-4
0.19	  0.0012215977
0.2	  0.0018422337
0.21	  0.0026571716
0.22	  0.0036885948
0.23	  0.004953358
0.24	  0.006462341
0.25	  0.008220241
0.26	  0.010225729
0.27	  0.01247189
0.28	  0.014946865
0.29	  0.017634608
0.3	  0.020515699
0.31	  0.02356816
0.32	  0.026768234
0.33	  0.030091083
0.34	  0.03351144
0.35	  0.03700415
0.36	  0.040544614
0.37	  0.044109173
0.38	  0.047675386
0.39	  0.05122226
0.4	  0.054730386
0.41	  0.05818204
0.42	  0.06156123
0.43	  0.06485371
0.44	  0.06804696
0.45	  0.07113011
0.46	  0.074093916
0.47	  0.07693064
0.48	  0.07963398
0.49	  0.08219896
0.5	  0.08462185
0.51	  0.086900026
0.52	  0.089031905
0.53	  0.09101683
0.54	  0.09285497
0.55	  0.09454724
0.56	  0.0960952
0.57	  0.09750099
0.58	  0.09876723
0.59	  0.09989699
0.6	  0.10089369
0.61	  0.10176104
0.62	  0.102503024
0.63	  0.1031238
0.64	  0.10362768
0.65	  0.10401912
0.66	  0.104302615
0.67	  0.10448273
0.68	  0.104564056
0.69	  0.10455116
0.7	  0.10444859
0.71	  0.10426083
0.72	  0.10399235
0.73	  0.10364749
0.74	  0.10323053
0.75	  0.102745645
0.76	  0.1021969
0.77	  0.10158826
0.78	  0.10092356
0.79	  0.10020651
0.8	  0.09944071
0.81	  0.098629616
0.82	  0.09777658
0.83	  0.096884795
0.84	  0.09595735
0.85	  0.0949972
0.86	  0.09400717
0.87	  0.092989966
0.88	  0.09194817
0.89	  0.09088424
0.9	  0.08980053
0.91	  0.08869927
0.92	  0.08758258
0.93	  0.086452484
0.94	  0.085310884
0.95	  0.08415959
0.96	  0.08300032
0.97	  0.08183468
0.98	  0.08066421
0.99	  0.07949035
1.0	  0.07831444
1.01	  0.07713777
1.02	  0.07596154
1.03	  0.07478686
1.04	  0.07361479
1.05	  0.07244631
1.06	  0.07128235
1.07	  0.070123754
1.08	  0.068971336
1.09	  0.067825824
1.1	  0.066687904
1.11	  0.06555823
1.12	  0.064437374
1.13	  0.06332588
1.14	  0.06222425
1.15	  0.061132938
1.16	  0.060052358
1.17	  0.058982894
1.18	  0.05792488
1.19	  0.056878634
1.2	  0.055844426
1.21	  0.05482251
1.22	  0.053813096
1.23	  0.052816384
1.24	  0.051832538
1.25	  0.050861698
1.26	  0.04990399
1.27	  0.0489595
1.28	  0.048028324
1.29	  0.047110513
1.3	  0.04620611
1.31	  0.045315143
1.32	  0.04443762
1.33	  0.043573543
1.34	  0.042722892
1.35	  0.041885637
1.36	  0.041061737
1.37	  0.04025114
1.38	  0.03945379
1.39	  0.038669605
1.4	  0.03789851
1.41	  0.03714042
1.42	  0.036395237
1.43	  0.03566286
1.44	  0.034943175
1.45	  0.034236073
1.46	  0.033541434
1.47	  0.03285913
1.48	  0.032189038
1.49	  0.031531017
1.5	  0.03088494
1.51	  0.030250663
1.52	  0.029628044
1.53	  0.02901694
1.54	  0.028417204
1.55	  0.027828688
1.56	  0.02725124
1.57	  0.02668471
1.58	  0.026128946
1.59	  0.025583796
1.6	  0.025049103
1.61	  0.024524715
1.62	  0.024010478
1.63	  0.023506235
1.64	  0.023011833
1.65	  0.02252712
1.66	  0.022051938
1.67	  0.021586137
1.68	  0.021129562
1.69	  0.020682063
1.7	  0.020243488
1.71	  0.019813688
1.72	  0.019392515
1.73	  0.018979818
1.74	  0.018575452
1.75	  0.018179271
1.76	  0.017791133
1.77	  0.017410895
1.78	  0.017038414
1.79	  0.016673554
1.8	  0.016316172
1.81	  0.015966136
1.82	  0.015623309
1.83	  0.015287558
1.84	  0.014958752
1.85	  0.014636761
1.86	  0.014321457
1.87	  0.014012713
1.88	  0.013710406
1.89	  0.013414412
1.9	  0.01312461
1.91	  0.012840881
1.92	  0.012563108
1.93	  0.012291173
1.94	  0.012024965
1.95	  0.011764371
1.96	  0.01150928
1.97	  0.011259583
1.98	  0.011015174
1.99	  0.010775948
2.0	  0.0105418
2.01	  0.010312632
2.02	  0.01008834
2.03	  0.009868828
2.04	  0.0096539995
2.05	  0.009443758
2.06	  0.009238013
2.07	  0.00903667
2.08	  0.008839642
2.09	  0.008646838
2.1	  0.008458174
2.11	  0.008273563
2.12	  0.008092922
2.13	  0.007916169
2.14	  0.0077432245
2.15	  0.007574008
2.16	  0.0074084424
2.17	  0.007246452
2.18	  0.0070879622
2.19	  0.0069328994
2.2	  0.0067811925
2.21	  0.006632771
2.22	  0.006487565
2.23	  0.0063455077
2.24	  0.006206533
2.25	  0.006070575
2.26	  0.0059375702
2.27	  0.0058074566
2.28	  0.0056801722
2.29	  0.005555657
2.3	  0.005433853
2.31	  0.0053147012
2.32	  0.005198146
2.33	  0.005084132
2.34	  0.004972604
2.35	  0.00486351
2.36	  0.004756797
2.37	  0.0046524145
2.38	  0.0045503126
2.39	  0.004450442
2.4	  0.0043527544
2.41	  0.0042572035
2.42	  0.004163743
2.43	  0.004072328
2.44	  0.003982914
2.45	  0.0038954583
2.46	  0.0038099182
2.47	  0.0037262521
2.48	  0.00364442
2.49	  0.0035643817
2.5	  0.0034860987
2.51	  0.0034095328
2.52	  0.0033346466
2.53	  0.0032614034
2.54	  0.0031897682
2.55	  0.0031197052
2.56	  0.0030511809
2.57	  0.0029841615
2.58	  0.002918614
2.59	  0.0028545067
2.6	  0.002791808
2.61	  0.0027304871
2.62	  0.002670514
2.63	  0.0026118595
2.64	  0.0025544942
2.65	  0.0024983906
2.66	  0.0024435206
2.67	  0.0023898573
2.68	  0.0023373747
2.69	  0.0022860463
2.7	  0.0022358473
2.71	  0.0021867529
2.72	  0.0021387388
2.73	  0.002091781
2.74	  0.0020458568
2.75	  0.0020009433
2.76	  0.0019570184
2.77	  0.0019140603
2.78	  0.0018720479
2.79	  0.0018309603
2.8	  0.0017907772
2.81	  0.0017514788
2.82	  0.0017130455
2.83	  0.0016754584
2.84	  0.0016386989
2.85	  0.0016027488
2.86	  0.00156759
2.87	  0.0015332055
2.88	  0.0014995781
2.89	  0.001466691
2.9	  0.001434528
2.91	  0.0014030733
2.92	  0.001372311
2.93	  0.0013422262
2.94	  0.0013128036
2.95	  0.0012840288
2.96	  0.0012558874
2.97	  0.0012283657
2.98	  0.0012014498
2.99	  0.0011751264
3.0	  0.0011493826
3.01	  0.0011242053
3.02	  0.0010995822
3.03	  0.0010755011
3.04	  0.00105195
3.05	  0.0010289171
3.06	  0.0010063912
3.07	  9.843609E-4
3.08	  9.628155E-4
3.09	  9.41744E-4
3.1	  9.211361E-4
3.11	  9.0098166E-4
3.12	  8.812705E-4
3.13	  8.6199294E-4
3.14	  8.4313937E-4
3.15	  8.2470046E-4
3.16	  8.06667E-4
3.17	  7.8903016E-4
3.18	  7.7178114E-4
3.19	  7.549113E-4
3.2	  7.384123E-4
3.21	  7.22276E-4
3.22	  7.064944E-4
3.23	  6.910596E-4
3.24	  6.7596405E-4
3.25	  6.6120015E-4
3.26	  6.467607E-4
3.27	  6.326384E-4
3.28	  6.1882637E-4
3.29	  6.053177E-4
3.3	  5.9210573E-4
3.31	  5.791839E-4
3.32	  5.665458E-4
3.33	  5.541852E-4
3.34	  5.420959E-4
3.35	  5.30272E-4
3.36	  5.187076E-4
3.37	  5.07397E-4
3.38	  4.9633463E-4
3.39	  4.855149E-4
3.4	  4.7493257E-4
3.41	  4.6458238E-4
3.42	  4.5445916E-4
3.43	  4.4455798E-4
3.44	  4.348739E-4
3.45	  4.254021E-4
3.46	  4.1613798E-4
3.47	  4.070769E-4
3.48	  3.982144E-4
3.49	  3.8954616E-4
3.5	  3.810678E-4
3.51	  3.727752E-4
3.52	  3.6466424E-4
3.53	  3.5673092E-4
3.54	  3.4897134E-4
3.55	  3.4138167E-4
3.56	  3.339582E-4
3.57	  3.266972E-4
3.58	  3.195951E-4
3.59	  3.1264845E-4
3.6	  3.058538E-4
3.61	  2.992078E-4
3.62	  2.927072E-4
3.63	  2.8634878E-4
3.64	  2.8012943E-4
3.65	  2.7404606E-4
3.66	  2.6809567E-4
3.67	  2.622754E-4
3.68	  2.565823E-4
3.69	  2.5101364E-4
3.7	  2.4556665E-4
3.71	  2.4023867E-4
3.72	  2.3502708E-4
3.73	  2.2992931E-4
3.74	  2.2494288E-4
3.75	  2.2006533E-4
3.76	  2.1529425E-4
3.77	  2.1062732E-4
3.78	  2.0606225E-4
3.79	  2.0159679E-4
3.8	  1.9722877E-4
3.81	  1.9295605E-4
3.82	  1.8877652E-4
3.83	  1.8468815E-4
3.84	  1.8068892E-4
3.85	  1.7677688E-4
3.86	  1.7295014E-4
3.87	  1.692068E-4
3.88	  1.6554503E-4
3.89	  1.6196306E-4
3.9	  1.5845912E-4
3.91	  1.5503152E-4
3.92	  1.5167856E-4
3.93	  1.4839861E-4
3.94	  1.4519009E-4
3.95	  1.4205142E-4
3.96	  1.3898105E-4
3.97	  1.3597752E-4
3.98	  1.3303933E-4
3.99	  1.3016508E-4
4.0	  1.2735334E-4


