
X-Axis: 10.0s SA (g)
Y-Axis: Annual Probabilitiy
Number of Data Sets: 5


DATASET #1

Name: UCERF3
Num Points: 401
Info: 

X, Y Data:
1.0E-4	0.05106609
1.0333392E-4	0.051039804
1.06779E-4	0.051011086
1.1033893E-4	0.05097975
1.14017545E-4	0.050945614
1.178188E-4	0.050908495
1.2174679E-4	0.050868183
1.2580573E-4	0.050824486
1.3E-4	0.050777182
1.334183E-4	0.050737046
1.369265E-4	0.050694406
1.4052694E-4	0.05064915
1.4422205E-4	0.050601162
1.4801433E-4	0.050550327
1.5190631E-4	0.05049652
1.5590065E-4	0.050439622
1.6E-4	0.050379515
1.645257E-4	0.0503112
1.691794E-4	0.05023888
1.7396474E-4	0.0501624
1.7888544E-4	0.05008161
1.8394532E-4	0.049996346
1.8914833E-4	0.049906455
1.944985E-4	0.04981178
2.0E-4	0.049712174
2.0565712E-4	0.049607474
2.1147425E-4	0.049497534
2.1745593E-4	0.049382206
2.236068E-4	0.04926134
2.2993165E-4	0.04913479
2.364354E-4	0.04900242
2.4312311E-4	0.04886409
2.5E-4	0.048719667
2.5783465E-4	0.048552644
2.659148E-4	0.048377838
2.742482E-4	0.048195094
2.8284272E-4	0.04800426
2.917066E-4	0.04780519
3.0084825E-4	0.047597762
3.102764E-4	0.047381848
3.2E-4	0.04715734
3.290514E-4	0.04694692
3.383588E-4	0.046729334
3.4792948E-4	0.04650452
3.5777088E-4	0.046272427
3.6789064E-4	0.046033017
3.7829665E-4	0.04578626
3.88997E-4	0.04553213
4.0E-4	0.04527061
4.1131425E-4	0.0450017
4.229485E-4	0.0447254
4.3491187E-4	0.044441722
4.472136E-4	0.04415069
4.598633E-4	0.043852333
4.728708E-4	0.043546695
4.8624622E-4	0.04323382
5.0E-4	0.042913772
5.1465514E-4	0.0425748
5.2973983E-4	0.042228296
5.4526667E-4	0.04187435
5.612486E-4	0.041513067
5.77699E-4	0.04114457
5.946315E-4	0.040768985
6.120603E-4	0.040386446
6.3E-4	0.03999711
6.4807665E-4	0.039609414
6.6667196E-4	0.039215505
6.858008E-4	0.03881555
7.0547854E-4	0.03840972
7.257209E-4	0.037998207
7.465441E-4	0.03758119
7.6796475E-4	0.03715888
7.9E-4	0.03673148
8.136239E-4	0.03628113
8.379543E-4	0.035825748
8.630122E-4	0.03536559
8.8881946E-4	0.034900926
9.153984E-4	0.03443203
9.427722E-4	0.033959188
9.7096455E-4	0.033482686
0.001	0.033002824
0.0010293103	0.032529376
0.0010594797	0.032053273
0.0010905333	0.03157481
0.0011224973	0.031094288
0.001155398	0.030612001
0.001189263	0.030128252
0.0012241206	0.029643346
0.00126	0.029157585
0.0012961533	0.028681375
0.0013333439	0.028204927
0.0013716016	0.027728522
0.0014109571	0.027252445
0.0014514418	0.026776975
0.0014930882	0.02630239
0.0015359295	0.025828963
0.00158	0.025356965
0.0016272478	0.024867145
0.0016759086	0.024379453
0.0017260244	0.023894172
0.0017776389	0.023411581
0.0018307968	0.022931946
0.0018855444	0.022455527
0.0019419291	0.02198257
0.002	0.021513315
0.0020575977	0.02106487
0.002116854	0.020620268
0.002177817	0.020179689
0.0022405356	0.019743312
0.0023050604	0.019311298
0.0023714434	0.0188838
0.0024397383	0.018460961
0.00251	0.018042915
0.0025833033	0.01762408
0.0026587474	0.017210415
0.0027363948	0.016802022
0.0028163097	0.016399
0.0028985585	0.016001435
0.0029832094	0.015609401
0.0030703326	0.015222966
0.00316	0.014842186
0.0032524571	0.014466433
0.0033476194	0.014096445
0.003445566	0.013732258
0.0035463783	0.0133738965
0.0036501405	0.013021379
0.0037569385	0.012674718
0.003866861	0.01233392
0.00398	0.011998986
0.004096165	0.011670697
0.0042157196	0.011348229
0.0043387646	0.011031571
0.0044654002	0.010720705
0.0045957323	0.01041561
0.0047298684	0.010116262
0.0048679197	0.009822635
0.00501	0.009534701
0.005156579	0.009251764
0.0053074467	0.00897448
0.005462728	0.008702815
0.0056225527	0.00843673
0.0057870536	0.008176187
0.005956367	0.007921144
0.0061306343	0.007671562
0.00631	0.0074273963
0.006493865	0.007189547
0.0066830874	0.0069569834
0.0068778237	0.0067296587
0.007078234	0.006507527
0.0072844843	0.00629054
0.0074967444	0.0060786493
0.00771519	0.0058718044
0.00794	0.005669955
0.008172275	0.005472292
0.008411343	0.005279557
0.008657407	0.0050916946
0.008910668	0.004908649
0.009171338	0.004730363
0.009439633	0.0045567784
0.009715778	0.004387835
0.01	0.0042234724
0.010292081	0.0040638703
0.010592694	0.00390871
0.010902087	0.0037579283
0.011220517	0.0036114594
0.011548247	0.0034692374
0.011885551	0.0033311953
0.012232705	0.0031972649
0.01259	0.0030673775
0.012957647	0.0029414906
0.013336032	0.0028195046
0.013725464	0.0027013482
0.01412627	0.0025869498
0.014538779	0.0024762372
0.014963334	0.0023691375
0.015400288	0.0022655781
0.01585	0.0021654854
0.016312422	0.0020688714
0.016788337	0.0019755715
0.017278135	0.0018855125
0.017782224	0.0017986211
0.01830102	0.0017148245
0.01883495	0.0016340499
0.019384459	0.001556225
0.01995	0.001481278
0.020533005	0.0014090219
0.021133045	0.0013395102
0.021750621	0.0012726723
0.022386245	0.0012084384
0.023040446	0.0011467392
0.023713762	0.0010875063
0.024406755	0.001030672
0.02512	9.7616966E-4
0.025853088	9.2400186E-4
0.02660757	8.7402907E-4
0.027384069	8.261873E-4
0.02818323	7.804137E-4
0.029005712	7.3664606E-4
0.029852198	6.948233E-4
0.030723387	6.5488514E-4
0.03162	6.167723E-4
0.032543603	5.8039516E-4
0.033494186	5.457306E-4
0.034472536	5.1272195E-4
0.03547946	4.813136E-4
0.0365158	4.5145073E-4
0.03758241	4.230796E-4
0.03868017	3.9614725E-4
0.03981	3.7060183E-4
0.040972695	3.4639498E-4
0.042169347	3.2347362E-4
0.04340095	3.0178868E-4
0.044668525	2.8129193E-4
0.04597312	2.6193613E-4
0.047315817	2.4367501E-4
0.04869773	2.2646318E-4
0.05012	2.102563E-4
0.0515838	1.9501105E-4
0.053090356	1.806849E-4
0.05464091	1.6723643E-4
0.05623675	1.5462523E-4
0.0578792	1.4281191E-4
0.059569612	1.3175808E-4
0.0613094	1.2142643E-4
0.0631	1.11780675E-4
0.06494172	1.0279109E-4
0.066837184	9.44173E-5
0.06878798	8.6626314E-5
0.070795715	7.938623E-5
0.072862044	7.2666204E-5
0.074988686	6.643654E-5
0.077177405	6.0668597E-5
0.07943	5.533484E-5
0.08174976	5.0405983E-5
0.08413727	4.5859968E-5
0.08659451	4.167248E-5
0.08912351	3.782028E-5
0.09172637	3.4281184E-5
0.09440525	3.103407E-5
0.097162366	2.8058836E-5
0.1	2.5336396E-5
0.102919795	2.2849235E-5
0.10592484	2.0579559E-5
0.109017625	1.8511199E-5
0.112200715	1.6628917E-5
0.11547674	1.49183625E-5
0.11884842	1.336605E-5
0.12231855	1.1959327E-5
0.12589	1.0686348E-5
0.12956645	9.535829E-6
0.13335027	8.49769E-6
0.13724458	7.562303E-6
0.14125264	6.720715E-6
0.14537773	5.96462E-6
0.14962329	5.2863224E-6
0.15399285	4.6787072E-6
0.15849	4.1352073E-6
0.16311829	3.6497922E-6
0.16788174	3.216875E-6
0.17278428	2.8313495E-6
0.17783	2.4885373E-6
0.18302307	2.1841597E-6
0.18836778	1.9143113E-6
0.19386858	1.6754319E-6
0.19953	1.4642852E-6
0.20535603	1.277953E-6
0.21135218	1.1137441E-6
0.21752341	9.692509E-7
0.22387484	8.4229833E-7
0.23041171	7.3092554E-7
0.23713945	6.333684E-7
0.24406363	5.4804286E-7
0.25119	4.7352816E-7
0.25852492	4.0854957E-7
0.26607406	3.5197803E-7
0.27384362	3.0280037E-7
0.28184006	2.601155E-7
0.29007	2.2312283E-7
0.29854023	1.9111228E-7
0.30725783	1.6345518E-7
0.31623	1.3959642E-7
0.32546407	1.19045744E-7
0.33496782	1.0137162E-7
0.34474903	8.619485E-8
0.3548159	7.31826E-8
0.3651767	6.2043256E-8
0.37584007	5.252202E-8
0.3868148	4.439636E-8
0.39811	3.7472425E-8
0.40973493	3.1581617E-8
0.42169935	2.6577503E-8
0.4340131	2.2333193E-8
0.44668642	1.8738858E-8
0.4597298	1.56997E-8
0.47315407	1.3133889E-8
0.4869703	1.0971126E-8
0.50119	9.1508685E-9
0.5158249	7.621253E-9
0.5308872	6.33789E-9
0.5463893	5.2628195E-9
0.5623441	4.3635837E-9
0.57876474	3.6126129E-9
0.59566486	2.9863778E-9
0.61305845	2.4650064E-9
0.63096	2.0316664E-9
0.6493842	1.6719928E-9
0.6683464	1.3739271E-9
0.6878623	1.127282E-9
0.7079481	9.2356733E-10
0.72862035	7.555335E-10
0.7498962	6.171299E-10
0.7717934	5.033054E-10
0.79433	4.0981873E-10
0.8175246	3.3322634E-10
0.8413966	2.7053315E-10
0.86596555	2.1932123E-10
0.8912519	1.7750923E-10
0.9172767	1.4345924E-10
0.9440614	1.1577217E-10
0.97162825	9.326295E-11
1.0	7.501555E-11
1.029201	6.024925E-11
1.0592546	4.8322235E-11
1.090186	3.8675618E-11
1.1220205	3.091294E-11
1.1547846	2.4652058E-11
1.1885055	1.9627966E-11
1.223211	1.558853E-11
1.25893	1.2369217E-11
1.2956905	9.788503E-12
1.3335243	7.7187146E-12
1.3724631	6.0801364E-12
1.4125386	4.778844E-12
1.4537846	3.7421177E-12
1.4962348	2.9188874E-12
1.5399245	2.2674085E-12
1.58489	1.757483E-12
1.6311698	1.3606893E-12
1.678801	1.0492718E-12
1.727823	8.044676E-13
1.7782766	6.094014E-13
1.8302034	4.664047E-13
1.8836465	3.509415E-13
1.9386501	2.613465E-13
1.99526	1.936229E-13
2.0535233	1.4466206E-13
2.113488	1.0513812E-13
2.1752036	7.682743E-14
2.2387214	5.5289107E-14
2.304094	3.9301895E-14
2.3713756	2.6867397E-14
2.4406219	1.731948E-14
2.51189	1.15463195E-14
2.5852382	7.993606E-15
2.6607285	5.2180482E-15
2.7384229	2.9976022E-15
2.818386	2.1094237E-15
2.900684	1.9984014E-15
2.9853854	1.2212453E-15
3.0725598	8.881784E-16
3.16228	1.110223E-16
3.2546198	1.110223E-16
3.3496559	0.0
3.447467	0.0
3.5481343	0.0
3.6517413	0.0
3.7583735	0.0
3.8681195	0.0
3.98107	0.0
4.097319	0.0
4.2169633	0.0
4.340101	0.0
4.466834	0.0
4.5972676	0.0
4.7315106	0.0
4.869673	0.0
5.01187	0.0
5.1582193	0.0
5.3088417	0.0
5.463863	0.0
5.62341	0.0
5.7876167	0.0
5.9566183	0.0
6.1305547	0.0
6.30957	0.0
6.493813	0.0
6.683436	0.0
6.878596	0.0
7.079455	0.0
7.286179	0.0
7.4989395	0.0
7.7179127	0.0
7.94328	0.0
8.175228	0.0
8.41395	0.0
8.659641	0.0
8.912508	0.0
9.172758	0.0
9.440608	0.0
9.716279	0.0
10.0	0.0



DATASET #2

Name: RSQSim
Num Points: 401
Info: 

X, Y Data:
1.0E-4	0.061723318
1.0333392E-4	0.06170015
1.06779E-4	0.06167472
1.1033893E-4	0.061646856
1.14017545E-4	0.061616372
1.178188E-4	0.061583072
1.2174679E-4	0.06154675
1.2580573E-4	0.061507203
1.3E-4	0.0614642
1.334183E-4	0.06142757
1.369265E-4	0.061388515
1.4052694E-4	0.06134692
1.4422205E-4	0.06130265
1.4801433E-4	0.06125559
1.5190631E-4	0.0612056
1.5590065E-4	0.061152548
1.6E-4	0.0610963
1.645257E-4	0.061032128
1.691794E-4	0.06096393
1.7396474E-4	0.060891524
1.7888544E-4	0.06081473
1.8394532E-4	0.06073336
1.8914833E-4	0.06064723
1.944985E-4	0.060556155
2.0E-4	0.060459934
2.0565712E-4	0.060358386
2.1147425E-4	0.060251314
2.1745593E-4	0.06013852
2.236068E-4	0.060019817
2.2993165E-4	0.05989501
2.364354E-4	0.059763897
2.4312311E-4	0.059626296
2.5E-4	0.059482012
2.5783465E-4	0.059314374
2.659148E-4	0.05913807
2.742482E-4	0.05895285
2.8284272E-4	0.058758467
2.917066E-4	0.05855468
3.0084825E-4	0.058341257
3.102764E-4	0.058117963
3.2E-4	0.05788458
3.290514E-4	0.057664763
3.383588E-4	0.057436377
3.4792948E-4	0.057199277
3.5777088E-4	0.056953326
3.6789064E-4	0.05669839
3.7829665E-4	0.056434345
3.88997E-4	0.056161076
4.0E-4	0.055878475
4.1131425E-4	0.055586446
4.229485E-4	0.05528489
4.3491187E-4	0.054973736
4.472136E-4	0.054652907
4.598633E-4	0.054322343
4.728708E-4	0.053981997
4.8624622E-4	0.053631824
5.0E-4	0.0532718
5.1465514E-4	0.052888513
5.2973983E-4	0.052494638
5.4526667E-4	0.052090175
5.612486E-4	0.051675152
5.77699E-4	0.05124961
5.946315E-4	0.050813593
6.120603E-4	0.050367173
6.3E-4	0.049910437
6.4807665E-4	0.049453273
6.6667196E-4	0.04898642
6.858008E-4	0.048509996
7.0547854E-4	0.048024133
7.257209E-4	0.047528993
7.465441E-4	0.047024734
7.6796475E-4	0.046511542
7.9E-4	0.04598961
8.136239E-4	0.045436922
8.379543E-4	0.044875238
8.630122E-4	0.044304837
8.8881946E-4	0.04372601
9.153984E-4	0.043139055
9.427722E-4	0.042544305
9.7096455E-4	0.041942094
0.001	0.041332778
0.0010293103	0.04072884
0.0010594797	0.040118787
0.0010905333	0.039502993
0.0011224973	0.038881846
0.001155398	0.038255744
0.001189263	0.037625086
0.0012241206	0.036990296
0.00126	0.036351796
0.0012961533	0.035723377
0.0013333439	0.035092227
0.0013716016	0.034458764
0.0014109571	0.033823412
0.0014514418	0.0331866
0.0014930882	0.032548748
0.0015359295	0.031910297
0.00158	0.031271666
0.0016272478	0.030606767
0.0016759086	0.029942628
0.0017260244	0.029279733
0.0017776389	0.02861856
0.0018307968	0.027959581
0.0018855444	0.027303264
0.0019419291	0.026650067
0.002	0.026000442
0.0020575977	0.025378272
0.002116854	0.024760215
0.002177817	0.024146646
0.0022405356	0.023537932
0.0023050604	0.02293443
0.0023714434	0.022336477
0.0024397383	0.021744411
0.00251	0.02115855
0.0025833033	0.0205712
0.0026587474	0.019990848
0.0027363948	0.019417781
0.0028163097	0.018852275
0.0028985585	0.018294591
0.0029832094	0.017744975
0.0030703326	0.017203653
0.00316	0.016670844
0.0032524571	0.016145794
0.0033476194	0.015629668
0.003445566	0.015122637
0.0035463783	0.014624855
0.0036501405	0.014136457
0.0037569385	0.013657569
0.003866861	0.013188298
0.00398	0.0127287395
0.004096165	0.012280044
0.0042157196	0.011841159
0.0043387646	0.011412135
0.0044654002	0.010993013
0.0045957323	0.010583817
0.0047298684	0.01018456
0.0048679197	0.009795246
0.00501	0.009415861
0.005156579	0.009045523
0.0053074467	0.008685106
0.005462728	0.008334571
0.0056225527	0.00799386
0.0057870536	0.0076629105
0.005956367	0.00734165
0.0061306343	0.007029994
0.00631	0.0067278524
0.006493865	0.0064362762
0.0066830874	0.0061539323
0.0068778237	0.005880707
0.007078234	0.0056164786
0.0072844843	0.0053611193
0.0074967444	0.005114495
0.00771519	0.004876465
0.00794	0.004646884
0.008172275	0.004424754
0.008411343	0.004210829
0.008657407	0.004004945
0.008910668	0.0038069359
0.009171338	0.003616631
0.009439633	0.0034338569
0.009715778	0.003258436
0.01	0.0030901895
0.010292081	0.0029291776
0.010592694	0.0027749538
0.010902087	0.0026273343
0.011220517	0.0024861335
0.011548247	0.0023511657
0.011885551	0.0022222449
0.012232705	0.0020991843
0.01259	0.0019817983
0.012957647	0.0018699262
0.013336032	0.0017633573
0.013725464	0.0016619089
0.01412627	0.0015654003
0.014538779	0.0014736524
0.014963334	0.0013864888
0.015400288	0.0013037353
0.01585	0.0012252204
0.016312422	0.0011508409
0.016788337	0.0010803598
0.017278135	0.0010136156
0.017782224	9.504506E-4
0.01830102	8.907108E-4
0.01883495	8.34246E-4
0.019384459	7.8090996E-4
0.01995	7.305606E-4
0.020533005	6.8298465E-4
0.021133045	6.381323E-4
0.021750621	5.9587334E-4
0.022386245	5.560821E-4
0.023040446	5.186371E-4
0.023713762	4.834212E-4
0.024406755	4.5032156E-4
0.02512	4.1922968E-4
0.025853088	3.9007928E-4
0.02660757	3.6272756E-4
0.027384069	3.370789E-4
0.02818323	3.1304176E-4
0.029005712	2.9052852E-4
0.029852198	2.694554E-4
0.030723387	2.4974238E-4
0.03162	2.313131E-4
0.032543603	2.140801E-4
0.033494186	1.9799061E-4
0.034472536	1.8297845E-4
0.03547946	1.6898061E-4
0.0365158	1.5593723E-4
0.03758241	1.4379145E-4
0.03868017	1.3248925E-4
0.03981	1.2197942E-4
0.040972695	1.12214475E-4
0.042169347	1.0314715E-4
0.04340095	9.473386E-5
0.044668525	8.6933374E-5
0.04597312	7.970667E-5
0.047315817	7.301685E-5
0.04869773	6.682904E-5
0.05012	6.1110324E-5
0.0515838	5.5829634E-5
0.053090356	5.095761E-5
0.05464091	4.6466594E-5
0.05623675	4.233053E-5
0.0578792	3.8524864E-5
0.059569612	3.5026504E-5
0.0613094	3.1813706E-5
0.0631	2.8866056E-5
0.06494172	2.6165988E-5
0.066837184	2.3693588E-5
0.06878798	2.1431993E-5
0.070795715	1.9365401E-5
0.072862044	1.7479013E-5
0.074988686	1.5758984E-5
0.077177405	1.4192371E-5
0.07943	1.2767085E-5
0.08174976	1.1471104E-5
0.08413727	1.0294799E-5
0.08659451	9.228364E-6
0.08912351	8.262682E-6
0.09172637	7.3892807E-6
0.09440525	6.6002976E-6
0.097162366	5.8884475E-6
0.1	5.2469845E-6
0.102919795	4.669804E-6
0.10592484	4.150989E-6
0.109017625	3.6852305E-6
0.112200715	3.267641E-6
0.11547674	2.893724E-6
0.11884842	2.5593497E-6
0.12231855	2.2607303E-6
0.12589	1.994396E-6
0.12956645	1.7571302E-6
0.13335027	1.5460877E-6
0.13724458	1.3586241E-6
0.14125264	1.1923315E-6
0.14537773	1.0450207E-6
0.14962329	9.147041E-7
0.15399285	7.995805E-7
0.15849	6.9801956E-7
0.16311829	6.0855183E-7
0.16788174	5.298438E-7
0.17278428	4.6069857E-7
0.17783	4.000397E-7
0.18302307	3.4690072E-7
0.18836778	3.0041522E-7
0.19386858	2.5980776E-7
0.19953	2.2438552E-7
0.20535603	1.9353386E-7
0.21135218	1.6669784E-7
0.21752341	1.4338814E-7
0.22387484	1.2317032E-7
0.23041171	1.0565939E-7
0.23713945	9.0514646E-8
0.24406363	7.7435146E-8
0.25119	6.615547E-8
0.25852492	5.6441305E-8
0.26607406	4.8087976E-8
0.27384362	4.0915157E-8
0.28184006	3.476486E-8
0.29007	2.9498876E-8
0.29854023	2.4996538E-8
0.30725783	2.11526E-8
0.31623	1.7875495E-8
0.32546407	1.5085647E-8
0.33496782	1.2713974E-8
0.34474903	1.0700686E-8
0.3548159	8.994049E-9
0.3651767	7.549416E-9
0.37584007	6.328312E-9
0.3868148	5.297597E-9
0.39811	4.428821E-9
0.40973493	3.6975702E-9
0.42169935	3.082961E-9
0.4340131	2.5670897E-9
0.44668642	2.1347102E-9
0.4597298	1.7728132E-9
0.47315407	1.4703238E-9
0.4869703	1.2178456E-9
0.50119	1.007419E-9
0.5158249	8.322648E-10
0.5308872	6.8666406E-10
0.5463893	5.6579075E-10
0.5623441	4.6559212E-10
0.57876474	3.8265957E-10
0.59566486	3.1408742E-10
0.61305845	2.5747438E-10
0.63096	2.1080038E-10
0.6493842	1.7238289E-10
0.6683464	1.407846E-10
0.6878623	1.1481782E-10
0.7079481	9.351686E-11
0.72862035	7.607248E-11
0.7498962	6.181533E-11
0.7717934	5.01712E-11
0.79433	4.0671577E-11
0.8175246	3.2931213E-11
0.8413966	2.6628033E-11
0.86596555	2.1509683E-11
0.8912519	1.7355006E-11
0.9172767	1.3982149E-11
0.9440614	1.1252221E-11
0.97162825	9.043322E-12
1.0	7.262524E-12
1.029201	5.824119E-12
1.0592546	4.6674886E-12
1.090186	3.7363446E-12
1.1220205	2.986278E-12
1.1547846	2.384204E-12
1.1885055	1.9027002E-12
1.223211	1.5178969E-12
1.25893	1.2061463E-12
1.2956905	9.603429E-13
1.3335243	7.630563E-13
1.3724631	6.0706995E-13
1.4125386	4.7961635E-13
1.4537846	3.788081E-13
1.4962348	3.0053737E-13
1.5399245	2.3892E-13
1.58489	1.8784974E-13
1.6311698	1.4699353E-13
1.678801	1.1379786E-13
1.727823	8.781864E-14
1.7782766	6.850076E-14
1.8302034	5.251355E-14
1.8836465	4.0412118E-14
1.9386501	3.141931E-14
1.99526	2.4980018E-14
2.0535233	1.9095836E-14
2.113488	1.44329E-14
2.1752036	1.12132525E-14
2.2387214	8.881784E-15
2.304094	5.7731597E-15
2.3713756	4.2188475E-15
2.4406219	2.3314684E-15
2.51189	1.6653345E-15
2.5852382	1.110223E-15
2.6607285	7.771561E-16
2.7384229	4.440892E-16
2.818386	2.220446E-16
2.900684	1.110223E-16
2.9853854	0.0
3.0725598	0.0
3.16228	0.0
3.2546198	0.0
3.3496559	0.0
3.447467	0.0
3.5481343	0.0
3.6517413	0.0
3.7583735	0.0
3.8681195	0.0
3.98107	0.0
4.097319	0.0
4.2169633	0.0
4.340101	0.0
4.466834	0.0
4.5972676	0.0
4.7315106	0.0
4.869673	0.0
5.01187	0.0
5.1582193	0.0
5.3088417	0.0
5.463863	0.0
5.62341	0.0
5.7876167	0.0
5.9566183	0.0
6.1305547	0.0
6.30957	0.0
6.493813	0.0
6.683436	0.0
6.878596	0.0
7.079455	0.0
7.286179	0.0
7.4989395	0.0
7.7179127	0.0
7.94328	0.0
8.175228	0.0
8.41395	0.0
8.659641	0.0
8.912508	0.0
9.172758	0.0
9.440608	0.0
9.716279	0.0
10.0	0.0



DATASET #3

Name: 1000yr
Num Points: 2
Info: 

X, Y Data:
0.001	0.001
10.0	0.001



DATASET #4

Name: 2500yr
Num Points: 2
Info: 

X, Y Data:
0.001	4.0E-4
10.0	4.0E-4



DATASET #5

Name: 10000yr
Num Points: 2
Info: 

X, Y Data:
0.001	1.0E-4
10.0	1.0E-4


