
X-Axis: Normalized Interevent Time
Y-Axis: Probability
Number of Data Sets: 3


DATASET #1

     Name: a0_002b0_009 Histogram
   Points: 41
     Info: 

Data[x,y]:
0.05	  0.0070209377
0.15	  0.00686235
0.25	  0.010227359
0.35	  0.014444122
0.45	  0.020704677
0.55	  0.027758174
0.65	  0.04022257
0.75	  0.06526479
0.85	  0.119399
0.95	  0.1813807
1.05	  0.19983155
1.15	  0.13801578
1.25	  0.07104013
1.35	  0.033413783
1.45	  0.01838152
1.55	  0.011858401
1.65	  0.00844403
1.75	  0.0059171226
1.85	  0.004518186
1.95	  0.0032148228
2.05	  0.0022559424
2.15	  0.0018305901
2.25	  0.0014010369
2.35	  0.0010775591
2.45	  9.2107145E-4
2.55	  7.3727727E-4
2.65	  6.3540274E-4
2.75	  4.7576436E-4
2.85	  3.9279443E-4
2.95	  3.318798E-4
3.05	  2.9197018E-4
3.15	  2.5521134E-4
3.25	  2.0374898E-4
3.35	  1.9324645E-4
3.45	  1.5963838E-4
3.55	  1.1447752E-4
3.65	  1.1657803E-4
3.75	  8.507045E-5
3.85	  7.141717E-5
3.95	  7.666843E-5
4.05	  4.5265883E-4



DATASET #2

     Name: Log-Normal Fit
   Points: 401
     Info: 

Data[x,y]:
0.005	  0.0
0.015	  1.6258482E-30
0.025	  1.0506158E-24
0.035	  5.8217307E-21
0.045	  2.8304632E-18
0.055	  3.197821E-16
0.065	  1.3766237E-14
0.075	  3.0005775E-13
0.085	  3.9572243E-12
0.095	  3.5557342E-11
0.105	  2.364695E-10
0.115	  1.2356607E-9
0.125	  5.3039466E-9
0.135	  1.9344357E-8
0.145	  6.153967E-8
0.155	  1.7433838E-7
0.165	  4.4716933E-7
0.175	  1.0525456E-6
0.185	  2.2988143E-6
0.195	  4.7016283E-6
0.205	  9.074338E-6
0.215	  1.6635147E-5
0.225	  2.9126413E-5
0.235	  4.8939226E-5
0.245	  7.923473E-5
0.255	  1.2405279E-4
0.265	  1.883987E-4
0.275	  2.782992E-4
0.285	  4.008213E-4
0.295	  5.64049E-4
0.305	  7.770159E-4
0.315	  0.0010495944
0.325	  0.0013923434
0.335	  0.0018163214
0.345	  0.0023328701
0.355	  0.0029533769
0.365	  0.0036890262
0.375	  0.004550546
0.385	  0.0055479617
0.395	  0.0066903606
0.405	  0.0079856785
0.415	  0.009440511
0.425	  0.011059957
0.435	  0.012847492
0.445	  0.014804879
0.455	  0.01693212
0.465	  0.019227434
0.475	  0.021687267
0.485	  0.024306353
0.495	  0.02707778
0.505	  0.029993087
0.515	  0.0330424
0.525	  0.036214564
0.535	  0.039497286
0.545	  0.042877316
0.555	  0.046340603
0.565	  0.049872465
0.575	  0.053457778
0.585	  0.057081107
0.595	  0.060726915
0.605	  0.06437966
0.615	  0.068024
0.625	  0.07164488
0.635	  0.075227655
0.645	  0.07875823
0.655	  0.08222314
0.665	  0.0856096
0.675	  0.088905625
0.685	  0.092100054
0.695	  0.09518262
0.705	  0.098143935
0.715	  0.10097558
0.725	  0.10367004
0.735	  0.10622077
0.745	  0.10862214
0.755	  0.110869475
0.765	  0.112958975
0.775	  0.114887714
0.785	  0.116653614
0.795	  0.1182554
0.805	  0.11969256
0.815	  0.1209653
0.825	  0.12207451
0.835	  0.1230217
0.845	  0.123808965
0.855	  0.124438934
0.865	  0.12491471
0.875	  0.12523988
0.885	  0.12541835
0.895	  0.12545443
0.905	  0.12535271
0.915	  0.12511805
0.925	  0.12475551
0.935	  0.12427036
0.945	  0.123667985
0.955	  0.12295391
0.965	  0.1221337
0.975	  0.12121301
0.985	  0.12019748
0.995	  0.11909276
1.005	  0.11790447
1.015	  0.116638176
1.025	  0.11529937
1.035	  0.113893464
1.045	  0.11242576
1.055	  0.110901445
1.065	  0.10932558
1.075	  0.107703075
1.085	  0.10603871
1.095	  0.1043371
1.105	  0.10260269
1.115	  0.100839764
1.125	  0.099052444
1.135	  0.09724467
1.145	  0.09542022
1.155	  0.09358267
1.165	  0.091735445
1.175	  0.08988179
1.185	  0.08802479
1.195	  0.086167336
1.205	  0.08431216
1.215	  0.08246184
1.225	  0.08061879
1.235	  0.07878526
1.245	  0.07696335
1.255	  0.07515501
1.265	  0.07336206
1.275	  0.07158616
1.285	  0.06982886
1.295	  0.06809156
1.305	  0.06637554
1.315	  0.064681984
1.325	  0.06301193
1.335	  0.06136634
1.345	  0.05974604
1.355	  0.05815178
1.365	  0.056584217
1.375	  0.055043913
1.385	  0.05353134
1.395	  0.052046906
1.405	  0.050590936
1.415	  0.049163684
1.425	  0.047765344
1.435	  0.046396043
1.445	  0.045055855
1.455	  0.043744795
1.465	  0.04246283
1.475	  0.041209884
1.485	  0.039985836
1.495	  0.03879052
1.505	  0.037623744
1.515	  0.036485273
1.525	  0.035374846
1.535	  0.03429217
1.545	  0.03323693
1.555	  0.032208785
1.565	  0.031207379
1.575	  0.030232329
1.585	  0.029283242
1.595	  0.028359707
1.605	  0.027461303
1.615	  0.026587594
1.625	  0.025738139
1.635	  0.024912484
1.645	  0.024110176
1.655	  0.023330746
1.665	  0.022573732
1.675	  0.021838661
1.685	  0.021125067
1.695	  0.020432472
1.705	  0.019760408
1.715	  0.019108402
1.725	  0.018475985
1.735	  0.017862692
1.745	  0.017268058
1.755	  0.016691625
1.765	  0.016132938
1.775	  0.015591543
1.785	  0.015066998
1.795	  0.014558863
1.805	  0.014066703
1.815	  0.013590092
1.825	  0.0131286075
1.835	  0.012681838
1.845	  0.012249375
1.855	  0.011830819
1.865	  0.011425778
1.875	  0.0110338675
1.885	  0.01065471
1.895	  0.010287938
1.905	  0.009933187
1.915	  0.009590104
1.925	  0.009258344
1.935	  0.008937568
1.945	  0.008627446
1.955	  0.008327656
1.965	  0.008037882
1.975	  0.007757817
1.985	  0.0074871616
1.995	  0.0072256243
2.005	  0.00697292
2.015	  0.006728772
2.025	  0.0064929104
2.035	  0.0062650726
2.045	  0.006045003
2.055	  0.0058324533
2.065	  0.005627182
2.075	  0.0054289536
2.085	  0.00523754
2.095	  0.0050527207
2.105	  0.004874279
2.115	  0.0047020055
2.125	  0.0045356983
2.135	  0.0043751597
2.145	  0.0042201993
2.155	  0.0040706308
2.165	  0.0039262744
2.175	  0.0037869564
2.185	  0.0036525074
2.195	  0.0035227635
2.205	  0.003397566
2.215	  0.003276761
2.225	  0.0031601996
2.235	  0.0030477375
2.245	  0.0029392352
2.255	  0.0028345569
2.265	  0.002733572
2.275	  0.0026361535
2.285	  0.0025421788
2.295	  0.0024515295
2.305	  0.0023640904
2.315	  0.0022797505
2.325	  0.0021984028
2.335	  0.0021199428
2.345	  0.0020442703
2.355	  0.0019712884
2.365	  0.0019009027
2.375	  0.0018330229
2.385	  0.0017675612
2.395	  0.0017044327
2.405	  0.0016435555
2.415	  0.0015848506
2.425	  0.0015282414
2.435	  0.0014736542
2.445	  0.0014210175
2.455	  0.0013702624
2.465	  0.0013213224
2.475	  0.0012741333
2.485	  0.0012286331
2.495	  0.0011847616
2.505	  0.0011424613
2.515	  0.0011016763
2.525	  0.0010623526
2.535	  0.0010244381
2.545	  9.878826E-4
2.555	  9.5263787E-4
2.565	  9.1865694E-4
2.575	  8.8589475E-4
2.585	  8.543077E-4
2.595	  8.238538E-4
2.605	  7.9449255E-4
2.615	  7.6618476E-4
2.625	  7.388927E-4
2.635	  7.1258E-4
2.645	  6.872115E-4
2.655	  6.627534E-4
2.665	  6.39173E-4
2.675	  6.1643875E-4
2.685	  5.9452024E-4
2.695	  5.7338824E-4
2.705	  5.530144E-4
2.715	  5.3337147E-4
2.725	  5.144332E-4
2.735	  4.961742E-4
2.745	  4.7857003E-4
2.755	  4.6159714E-4
2.765	  4.4523278E-4
2.775	  4.2945505E-4
2.785	  4.1424282E-4
2.795	  3.9957569E-4
2.805	  3.8543405E-4
2.815	  3.7179893E-4
2.825	  3.5865212E-4
2.835	  3.45976E-4
2.845	  3.3375362E-4
2.855	  3.219686E-4
2.865	  3.1060522E-4
2.875	  2.996482E-4
2.885	  2.8908296E-4
2.895	  2.7889537E-4
2.905	  2.6907178E-4
2.915	  2.5959912E-4
2.925	  2.504647E-4
2.935	  2.4165637E-4
2.945	  2.3316235E-4
2.955	  2.2497131E-4
2.965	  2.1707237E-4
2.975	  2.0945497E-4
2.985	  2.0210899E-4
2.995	  1.9502465E-4
3.005	  1.8819253E-4
3.015	  1.8160355E-4
3.025	  1.7524896E-4
3.035	  1.6912032E-4
3.045	  1.6320951E-4
3.055	  1.5750868E-4
3.065	  1.520103E-4
3.075	  1.4670708E-4
3.085	  1.41592E-4
3.095	  1.3665832E-4
3.105	  1.3189949E-4
3.115	  1.2730926E-4
3.125	  1.2288157E-4
3.135	  1.1861058E-4
3.145	  1.1449067E-4
3.155	  1.1051642E-4
3.165	  1.06682615E-4
3.175	  1.0298422E-4
3.185	  9.9416364E-5
3.195	  9.59744E-5
3.205	  9.2653805E-5
3.215	  8.945024E-5
3.225	  8.6359505E-5
3.235	  8.3377585E-5
3.245	  8.050058E-5
3.255	  7.772474E-5
3.265	  7.504645E-5
3.275	  7.2462244E-5
3.285	  6.9968744E-5
3.295	  6.7562716E-5
3.305	  6.524106E-5
3.315	  6.300075E-5
3.325	  6.083889E-5
3.335	  5.87527E-5
3.345	  5.6739475E-5
3.355	  5.479662E-5
3.365	  5.292164E-5
3.375	  5.1112118E-5
3.385	  4.936573E-5
3.395	  4.7680238E-5
3.405	  4.6053476E-5
3.415	  4.4483364E-5
3.425	  4.2967895E-5
3.435	  4.150513E-5
3.445	  4.0093204E-5
3.455	  3.873032E-5
3.465	  3.7414742E-5
3.475	  3.6144796E-5
3.485	  3.4918874E-5
3.495	  3.3735418E-5
3.505	  3.2592932E-5
3.515	  3.148997E-5
3.525	  3.0425137E-5
3.535	  2.9397092E-5
3.545	  2.8404538E-5
3.555	  2.7446227E-5
3.565	  2.6520955E-5
3.575	  2.5627562E-5
3.585	  2.4764926E-5
3.595	  2.3931969E-5
3.605	  2.3127648E-5
3.615	  2.235096E-5
3.625	  2.1600938E-5
3.635	  2.0876647E-5
3.645	  2.0177185E-5
3.655	  1.9501687E-5
3.665	  1.8849312E-5
3.675	  1.8219256E-5
3.685	  1.7610737E-5
3.695	  1.7023005E-5
3.705	  1.6455337E-5
3.715	  1.590703E-5
3.725	  1.537741E-5
3.735	  1.4865833E-5
3.745	  1.4371665E-5
3.755	  1.3894304E-5
3.765	  1.3433166E-5
3.775	  1.2987688E-5
3.785	  1.2557327E-5
3.795	  1.2141559E-5
3.805	  1.1739879E-5
3.815	  1.1351799E-5
3.825	  1.0976848E-5
3.835	  1.0614574E-5
3.845	  1.0264538E-5
3.855	  9.926318E-6
3.865	  9.5995065E-6
3.875	  9.28371E-6
3.885	  8.97855E-6
3.895	  8.683659E-6
3.905	  8.398685E-6
3.915	  8.1232865E-6
3.925	  7.857136E-6
3.935	  7.5999137E-6
3.945	  7.351315E-6
3.955	  7.1110444E-6
3.965	  6.8788167E-6
3.975	  6.654356E-6
3.985	  6.4373976E-6
3.995	  6.227684E-6
4.005	  6.024969E-6



DATASET #3

     Name: BPT Fit
   Points: 401
     Info: Mean = 100.0, Aperiodicity = 0.5, Duration = 30.0, Delta T = 1.0, Num Points = 500, Historic Open Interval = 0.0
Computed mean = 0.9996476

Data[x,y]:
0.0	  0.0
0.01	  0.0
0.02	  0.0
0.03	  0.0
0.04	  1.1E-43
0.05	  2.8157023E-34
0.06	  4.9778264E-28
0.07	  1.3754538E-23
0.08	  2.8381517E-20
0.09	  1.0416415E-17
0.1	  1.1438717E-15
0.11	  5.2310634E-14
0.12	  1.2415484E-12
0.13	  1.7807847E-11
0.14	  1.7206893E-10
0.15	  1.2127948E-9
0.16	  6.618339E-9
0.17	  2.9265609E-8
0.18	  1.0863549E-7
0.19	  3.480991E-7
0.2	  9.845298E-7
0.21	  2.5025056E-6
0.22	  5.801449E-6
0.23	  1.2416235E-5
0.24	  2.47815E-5
0.25	  4.651946E-5
0.26	  8.272289E-5
0.27	  1.4020085E-4
0.28	  2.2765565E-4
0.29	  3.5576447E-4
0.3	  5.3714827E-4
0.31	  7.862207E-4
0.32	  0.0011189205
0.33	  0.0015523407
0.34	  0.0021042754
0.35	  0.002792709
0.36	  0.0036352787
0.37	  0.0046487325
0.38	  0.0058484157
0.39	  0.0072478
0.4	  0.008858082
0.41	  0.01068785
0.42	  0.012742849
0.43	  0.015025812
0.44	  0.0175364
0.45	  0.020271206
0.46	  0.023223842
0.47	  0.026385086
0.48	  0.029743092
0.49	  0.033283632
0.5	  0.03699038
0.51	  0.04084523
0.52	  0.04482859
0.53	  0.048919722
0.54	  0.05309706
0.55	  0.05733853
0.56	  0.061621808
0.57	  0.065924644
0.58	  0.07022508
0.59	  0.07450171
0.6	  0.07873383
0.61	  0.08290168
0.62	  0.08698652
0.63	  0.09097083
0.64	  0.09483833
0.65	  0.0985741
0.66	  0.10216463
0.67	  0.10559782
0.68	  0.10886301
0.69	  0.11195098
0.7	  0.11485392
0.71	  0.117565386
0.72	  0.12008029
0.73	  0.12239481
0.74	  0.12450635
0.75	  0.12641346
0.76	  0.12811579
0.77	  0.129614
0.78	  0.13090965
0.79	  0.1320052
0.8	  0.13290386
0.81	  0.13360956
0.82	  0.13412687
0.83	  0.13446088
0.84	  0.1346172
0.85	  0.13460183
0.86	  0.13442115
0.87	  0.13408184
0.88	  0.13359077
0.89	  0.13295504
0.9	  0.13218188
0.91	  0.13127856
0.92	  0.13025245
0.93	  0.1291109
0.94	  0.12786123
0.95	  0.1265107
0.96	  0.12506647
0.97	  0.1235356
0.98	  0.12192501
0.99	  0.12024145
1.0	  0.11849149
1.01	  0.11668153
1.02	  0.11481775
1.03	  0.112906136
1.04	  0.11095242
1.05	  0.10896214
1.06	  0.1069406
1.07	  0.104892835
1.08	  0.10282369
1.09	  0.10073775
1.1	  0.09863936
1.11	  0.09653266
1.12	  0.09442151
1.13	  0.0923096
1.14	  0.09020036
1.15	  0.08809701
1.16	  0.086002566
1.17	  0.08391983
1.18	  0.0818514
1.19	  0.0797997
1.2	  0.07776694
1.21	  0.07575517
1.22	  0.07376627
1.23	  0.07180192
1.24	  0.069863684
1.25	  0.06795295
1.26	  0.06607097
1.27	  0.06421885
1.28	  0.062397577
1.29	  0.060608007
1.3	  0.058850873
1.31	  0.057126813
1.32	  0.055436347
1.33	  0.053779904
1.34	  0.052157816
1.35	  0.050570335
1.36	  0.049017623
1.37	  0.04749978
1.38	  0.046016827
1.39	  0.044568717
1.4	  0.04315535
1.41	  0.04177657
1.42	  0.040432166
1.43	  0.03912188
1.44	  0.037845414
1.45	  0.03660243
1.46	  0.035392553
1.47	  0.034215376
1.48	  0.03307046
1.49	  0.031957347
1.5	  0.030875552
1.51	  0.02982457
1.52	  0.028803876
1.53	  0.02781293
1.54	  0.026851183
1.55	  0.025918072
1.56	  0.025013022
1.57	  0.024135454
1.58	  0.023284785
1.59	  0.022460423
1.6	  0.021661777
1.61	  0.020888256
1.62	  0.020139262
1.63	  0.019414207
1.64	  0.0187125
1.65	  0.018033553
1.66	  0.017376786
1.67	  0.01674162
1.68	  0.016127484
1.69	  0.0155338105
1.7	  0.014960043
1.71	  0.014405629
1.72	  0.013870026
1.73	  0.013352699
1.74	  0.01285312
1.75	  0.012370775
1.76	  0.011905154
1.77	  0.011455759
1.78	  0.011022103
1.79	  0.010603705
1.8	  0.010200099
1.81	  0.009810825
1.82	  0.009435435
1.83	  0.009073491
1.84	  0.0087245675
1.85	  0.008388245
1.86	  0.008064116
1.87	  0.0077517866
1.88	  0.0074508674
1.89	  0.0071609835
1.9	  0.006881767
1.91	  0.006612862
1.92	  0.0063539213
1.93	  0.006104607
1.94	  0.0058645923
1.95	  0.0056335577
1.96	  0.0054111946
1.97	  0.0051972023
1.98	  0.004991289
1.99	  0.0047931736
2.0	  0.0046025803
2.01	  0.0044192444
2.02	  0.0042429077
2.03	  0.004073321
2.04	  0.0039102426
2.05	  0.0037534384
2.06	  0.003602682
2.07	  0.0034577537
2.08	  0.0033184418
2.09	  0.003184541
2.1	  0.0030558526
2.11	  0.002932185
2.12	  0.002813353
2.13	  0.0026991768
2.14	  0.0025894835
2.15	  0.0024841058
2.16	  0.0023828824
2.17	  0.0022856568
2.18	  0.0021922789
2.19	  0.0021026032
2.2	  0.0020164894
2.21	  0.001933802
2.22	  0.0018544109
2.23	  0.0017781897
2.24	  0.0017050173
2.25	  0.0016347764
2.26	  0.0015673543
2.27	  0.0015026421
2.28	  0.001440535
2.29	  0.0013809319
2.3	  0.0013237357
2.31	  0.0012688524
2.32	  0.0012161917
2.33	  0.0011656667
2.34	  0.0011171937
2.35	  0.001070692
2.36	  0.001026084
2.37	  9.832949E-4
2.38	  9.422529E-4
2.39	  9.0288883E-4
2.4	  8.6513604E-4
2.41	  8.289305E-4
2.42	  7.9421065E-4
2.43	  7.6091714E-4
2.44	  7.28993E-4
2.45	  6.9838343E-4
2.46	  6.6903565E-4
2.47	  6.408991E-4
2.48	  6.13925E-4
2.49	  5.8806647E-4
2.5	  5.6327856E-4
2.51	  5.39518E-4
2.52	  5.1674317E-4
2.53	  4.949142E-4
2.54	  4.739926E-4
2.55	  4.5394155E-4
2.56	  4.347256E-4
2.57	  4.1631074E-4
2.58	  3.9866427E-4
2.59	  3.8175477E-4
2.6	  3.6555208E-4
2.61	  3.5002732E-4
2.62	  3.351526E-4
2.63	  3.209013E-4
2.64	  3.0724774E-4
2.65	  2.9416732E-4
2.66	  2.8163646E-4
2.67	  2.6963244E-4
2.68	  2.5813354E-4
2.69	  2.4711885E-4
2.7	  2.3656836E-4
2.71	  2.2646283E-4
2.72	  2.1678378E-4
2.73	  2.0751353E-4
2.74	  1.9863508E-4
2.75	  1.9013215E-4
2.76	  1.8198909E-4
2.77	  1.741909E-4
2.78	  1.6672321E-4
2.79	  1.595722E-4
2.8	  1.5272465E-4
2.81	  1.4616786E-4
2.82	  1.3988967E-4
2.83	  1.3387839E-4
2.84	  1.2812285E-4
2.85	  1.226123E-4
2.86	  1.1733644E-4
2.87	  1.1228544E-4
2.88	  1.074498E-4
2.89	  1.0282048E-4
2.9	  9.838877E-5
2.91	  9.414636E-5
2.92	  9.008524E-5
2.93	  8.619777E-5
2.94	  8.24766E-5
2.95	  7.89147E-5
2.96	  7.550534E-5
2.97	  7.224205E-5
2.98	  6.911865E-5
2.99	  6.612921E-5
3.0	  6.3268024E-5
3.01	  6.052967E-5
3.02	  5.7908925E-5
3.03	  5.5400782E-5
3.04	  5.3000458E-5
3.05	  5.0703362E-5
3.06	  4.85051E-5
3.07	  4.640146E-5
3.08	  4.4388406E-5
3.09	  4.2462074E-5
3.1	  4.061876E-5
3.11	  3.8854927E-5
3.12	  3.716717E-5
3.13	  3.555224E-5
3.14	  3.4007022E-5
3.15	  3.2528533E-5
3.16	  3.1113916E-5
3.17	  2.9760431E-5
3.18	  2.8465462E-5
3.19	  2.7226497E-5
3.2	  2.6041136E-5
3.21	  2.4907076E-5
3.22	  2.3822113E-5
3.23	  2.2784141E-5
3.24	  2.1791137E-5
3.25	  2.0841167E-5
3.26	  1.9932384E-5
3.27	  1.906301E-5
3.28	  1.8231352E-5
3.29	  1.7435783E-5
3.3	  1.6674749E-5
3.31	  1.594676E-5
3.32	  1.5250393E-5
3.33	  1.45842805E-5
3.34	  1.39471185E-5
3.35	  1.3337657E-5
3.36	  1.2754699E-5
3.37	  1.2197099E-5
3.38	  1.166376E-5
3.39	  1.1153635E-5
3.4	  1.0665718E-5
3.41	  1.0199048E-5
3.42	  9.752706E-6
3.43	  9.325811E-6
3.44	  8.917522E-6
3.45	  8.52703E-6
3.46	  8.153565E-6
3.47	  7.79639E-6
3.48	  7.4547957E-6
3.49	  7.128107E-6
3.5	  6.815678E-6
3.51	  6.516888E-6
3.52	  6.2311456E-6
3.53	  5.9578833E-6
3.54	  5.696559E-6
3.55	  5.4466545E-6
3.56	  5.2076716E-6
3.57	  4.9791365E-6
3.58	  4.7605945E-6
3.59	  4.55161E-6
3.6	  4.3517675E-6
3.61	  4.1606686E-6
3.62	  3.977933E-6
3.63	  3.8031956E-6
3.64	  3.6361082E-6
3.65	  3.4763373E-6
3.66	  3.323564E-6
3.67	  3.1774828E-6
3.68	  3.037802E-6
3.69	  2.9042424E-6
3.7	  2.7765363E-6
3.71	  2.654429E-6
3.72	  2.5376755E-6
3.73	  2.4260419E-6
3.74	  2.319305E-6
3.75	  2.21725E-6
3.76	  2.1196734E-6
3.77	  2.0263785E-6
3.78	  1.9371785E-6
3.79	  1.8518941E-6
3.8	  1.7703543E-6
3.81	  1.692395E-6
3.82	  1.6178597E-6
3.83	  1.5465984E-6
3.84	  1.4784679E-6
3.85	  1.4133309E-6
3.86	  1.3510565E-6
3.87	  1.2915193E-6
3.88	  1.2345993E-6
3.89	  1.1801817E-6
3.9	  1.128157E-6
3.91	  1.0784203E-6
3.92	  1.0308712E-6
3.93	  9.854139E-7
3.94	  9.419564E-7
3.95	  9.004111E-7
3.96	  8.6069423E-7
3.97	  8.227254E-7
3.98	  7.864279E-7
3.99	  7.517284E-7
4.0	  7.185568E-7


