
X-Axis: PGA (g)
Y-Axis: Annual Probabilitiy
Number of Data Sets: 6


DATASET #1

Name: UCERF3 Full
Num Points: 51
Info: 

X, Y Data:
1.0E-4	0.84355146
1.3E-4	0.84336513
1.6E-4	0.8430527
2.0E-4	0.8424188
2.5E-4	0.8412719
3.2E-4	0.8390482
4.0E-4	0.83574873
5.0E-4	0.83072454
6.3E-4	0.8230979
7.9E-4	0.8125678
0.001	0.7975952
0.00126	0.7781343
0.00158	0.75371355
0.002	0.7218987
0.00251	0.6845681
0.00316	0.6398498
0.00398	0.5884403
0.00501	0.531535
0.00631	0.47053143
0.00794	0.40806475
0.01	0.34617835
0.01259	0.28762835
0.01585	0.23425023
0.01995	0.18727231
0.02512	0.14705251
0.03162	0.11358191
0.03981	0.08623777
0.05012	0.06428697
0.0631	0.046900176
0.07943	0.03332573
0.1	0.022915293
0.12589	0.0151631255
0.15849	0.009610783
0.19953	0.0058222148
0.25119	0.003371171
0.31623	0.0018687041
0.39811	9.943849E-4
0.50119	5.0925923E-4
0.63096	2.5121664E-4
0.79433	1.1901672E-4
1.0	5.3715718E-5
1.25893	2.280143E-5
1.58489	8.96678E-6
1.99526	3.219171E-6
2.51189	1.0424741E-6
3.16228	3.0194207E-7
3.98107	7.7849634E-8
5.01187	1.7848343E-8
6.30957	3.647691E-9
7.94328	6.683305E-10
10.0	1.10710885E-10



DATASET #2

Name: UCERF3
Num Points: 401
Info: 

X, Y Data:
1.0E-4	0.13810223
1.0333392E-4	0.13767563
1.06779E-4	0.13724396
1.1033893E-4	0.13680716
1.14017545E-4	0.13636519
1.178188E-4	0.13591799
1.2174679E-4	0.13546555
1.2580573E-4	0.13500784
1.3E-4	0.13454486
1.334183E-4	0.13417473
1.369265E-4	0.13380133
1.4052694E-4	0.13342464
1.4422205E-4	0.13304472
1.4801433E-4	0.13266157
1.5190631E-4	0.13227522
1.5590065E-4	0.13188572
1.6E-4	0.1314931
1.645257E-4	0.13106772
1.691794E-4	0.13063885
1.7396474E-4	0.13020653
1.7888544E-4	0.12977083
1.8394532E-4	0.12933183
1.8914833E-4	0.12888959
1.944985E-4	0.1284442
2.0E-4	0.12799571
2.0565712E-4	0.12754422
2.1147425E-4	0.12708983
2.1745593E-4	0.1266326
2.236068E-4	0.12617263
2.2993165E-4	0.12571
2.364354E-4	0.12524478
2.4312311E-4	0.124777086
2.5E-4	0.12430699
2.5783465E-4	0.123784244
2.659148E-4	0.123258784
2.742482E-4	0.12273072
2.8284272E-4	0.12220017
2.917066E-4	0.12166724
3.0084825E-4	0.12113205
3.102764E-4	0.1205947
3.2E-4	0.120055296
3.290514E-4	0.11956603
3.383588E-4	0.11907525
3.4792948E-4	0.11858304
3.5777088E-4	0.11808946
3.6789064E-4	0.11759459
3.7829665E-4	0.11709851
3.88997E-4	0.1166013
4.0E-4	0.11610304
4.1131425E-4	0.115603805
4.229485E-4	0.11510368
4.3491187E-4	0.114602745
4.472136E-4	0.1141011
4.598633E-4	0.11359882
4.728708E-4	0.11309601
4.8624622E-4	0.11259277
5.0E-4	0.112089194
5.1465514E-4	0.11156739
5.2973983E-4	0.111045465
5.4526667E-4	0.11052354
5.612486E-4	0.11000173
5.77699E-4	0.10948017
5.946315E-4	0.108959004
6.120603E-4	0.108438365
6.3E-4	0.10791838
6.4807665E-4	0.10740996
6.6667196E-4	0.10690243
6.858008E-4	0.106395915
7.0547854E-4	0.105890535
7.257209E-4	0.10538641
7.465441E-4	0.10488366
7.6796475E-4	0.10438239
7.9E-4	0.103882685
8.136239E-4	0.10336399
8.379543E-4	0.10284718
8.630122E-4	0.10233235
8.8881946E-4	0.10181956
9.153984E-4	0.101308845
9.427722E-4	0.10080023
9.7096455E-4	0.10029372
0.001	0.09978931
0.0010293103	0.09929675
0.0010594797	0.098806106
0.0010905333	0.098317295
0.0011224973	0.09783022
0.001155398	0.097344756
0.001189263	0.09686076
0.0012241206	0.09637804
0.00126	0.09589642
0.0012961533	0.09542566
0.0013333439	0.09495551
0.0013716016	0.094485745
0.0014109571	0.0940161
0.0014514418	0.09354628
0.0014930882	0.09307601
0.0015359295	0.09260497
0.00158	0.092132844
0.0016272478	0.091639556
0.0016759086	0.09114434
0.0017260244	0.09064677
0.0017776389	0.09014646
0.0018307968	0.08964297
0.0018855444	0.08913591
0.0019419291	0.088624835
0.002	0.088109344
0.0020575977	0.08760806
0.002116854	0.08710194
0.002177817	0.086590596
0.0022405356	0.08607371
0.0023050604	0.08555095
0.0023714434	0.08502199
0.0024397383	0.08448654
0.00251	0.0839443
0.0025833033	0.083387345
0.0026587474	0.08282291
0.0027363948	0.08225077
0.0028163097	0.08167072
0.0028985585	0.0810826
0.0029832094	0.08048627
0.0030703326	0.07988163
0.00316	0.079268605
0.0032524571	0.07864602
0.0033476194	0.07801497
0.003445566	0.077375494
0.0035463783	0.07672766
0.0036501405	0.07607157
0.0037569385	0.075407356
0.003866861	0.07473522
0.00398	0.074055344
0.004096165	0.07336965
0.0042157196	0.0726768
0.0043387646	0.071977094
0.0044654002	0.071270876
0.0045957323	0.07055852
0.0047298684	0.06984043
0.0048679197	0.06911703
0.00501	0.06838878
0.005156579	0.0676544
0.0053074467	0.066916116
0.005462728	0.06617444
0.0056225527	0.06542989
0.0057870536	0.06468301
0.005956367	0.06393435
0.0061306343	0.063184455
0.00631	0.062433865
0.006493865	0.061686143
0.0066830874	0.060938817
0.0068778237	0.06019242
0.007078234	0.059447467
0.0072844843	0.05870446
0.0074967444	0.057963874
0.00771519	0.057226177
0.00794	0.056491807
0.008172275	0.055758342
0.008411343	0.055029035
0.008657407	0.054304242
0.008910668	0.053584285
0.009171338	0.052869458
0.009439633	0.052160013
0.009715778	0.051456172
0.01	0.050758105
0.010292081	0.050067022
0.010592694	0.04938194
0.010902087	0.048702937
0.011220517	0.048030037
0.011548247	0.04736323
0.011885551	0.046702478
0.012232705	0.04604771
0.01259	0.045398816
0.012957647	0.044755805
0.013336032	0.04411837
0.013725464	0.04348633
0.01412627	0.042859476
0.014538779	0.042237584
0.014963334	0.041620404
0.015400288	0.04100769
0.01585	0.04039918
0.016312422	0.03979514
0.016788337	0.03919475
0.017278135	0.03859774
0.017782224	0.038003843
0.01830102	0.03741279
0.01883495	0.036824327
0.019384459	0.036238212
0.01995	0.03565422
0.020533005	0.035071183
0.021133045	0.034489863
0.021750621	0.033910085
0.022386245	0.033331692
0.023040446	0.032754555
0.023713762	0.03217857
0.024406755	0.031603653
0.02512	0.031029748
0.025853088	0.030457594
0.02660757	0.029886412
0.027384069	0.029316222
0.02818323	0.02874707
0.029005712	0.028179025
0.029852198	0.027612178
0.030723387	0.027046641
0.03162	0.026482549
0.032543603	0.025919558
0.033494186	0.025358342
0.034472536	0.02479908
0.03547946	0.024241982
0.0365158	0.023687255
0.03758241	0.023135127
0.03868017	0.022585832
0.03981	0.022039609
0.040972695	0.021496769
0.042169347	0.020957502
0.04340095	0.020422056
0.044668525	0.019890692
0.04597312	0.019363662
0.047315817	0.018841218
0.04869773	0.018323613
0.05012	0.017811092
0.0515838	0.017303903
0.053090356	0.016802277
0.05464091	0.01630645
0.05623675	0.015816646
0.0578792	0.015333081
0.059569612	0.014855968
0.0613094	0.014385511
0.0631	0.013921905
0.06494172	0.013465625
0.066837184	0.0130165545
0.06878798	0.012574865
0.070795715	0.012140719
0.072862044	0.011714273
0.074988686	0.0112956725
0.077177405	0.010885054
0.07943	0.010482548
0.08174976	0.010088039
0.08413727	0.009701884
0.08659451	0.0093241865
0.08912351	0.00895504
0.09172637	0.008594528
0.09440525	0.008242725
0.097162366	0.007899698
0.1	0.0075655
0.102919795	0.0072402535
0.10592484	0.0069239098
0.109017625	0.0066164923
0.112200715	0.0063180123
0.11547674	0.006028471
0.11884842	0.005747857
0.12231855	0.0054761474
0.12589	0.0052133077
0.12956645	0.004959243
0.13335027	0.004713946
0.13724458	0.0044773472
0.14125264	0.004249364
0.14537773	0.004029903
0.14962329	0.003818859
0.15399285	0.0036161155
0.15849	0.0034215455
0.16311829	0.0032350195
0.16788174	0.0030563816
0.17278428	0.0028854755
0.17783	0.002722136
0.18302307	0.0025661895
0.18836778	0.0024174557
0.19386858	0.0022757465
0.19953	0.0021408694
0.20535603	0.0020126405
0.21135218	0.0018908402
0.21752341	0.0017752624
0.22387484	0.0016656975
0.23041171	0.0015619344
0.23713945	0.0014637604
0.24406363	0.0013709625
0.25119	0.0012833278
0.25852492	0.0012006392
0.26607406	0.0011226921
0.27384362	0.0010492785
0.28184006	9.801929E-4
0.29007	9.152333E-4
0.29854023	8.542015E-4
0.30725783	7.969036E-4
0.31623	7.431506E-4
0.32546407	6.9275865E-4
0.33496782	6.4554875E-4
0.34474903	6.0134777E-4
0.3548159	5.599886E-4
0.3651767	5.2131026E-4
0.37584007	4.851577E-4
0.3868148	4.513824E-4
0.39811	4.1984202E-4
0.40973493	3.9040088E-4
0.42169935	3.6292916E-4
0.4340131	3.373036E-4
0.44668642	3.1340713E-4
0.4597298	2.9112882E-4
0.47315407	2.7036376E-4
0.4869703	2.5101285E-4
0.50119	2.3298273E-4
0.5158249	2.1618548E-4
0.5308872	2.0053859E-4
0.5463893	1.8596463E-4
0.5623441	1.7239107E-4
0.57876474	1.5975007E-4
0.59566486	1.4797828E-4
0.61305845	1.3701657E-4
0.63096	1.2680984E-4
0.6493842	1.1730682E-4
0.6683464	1.0845974E-4
0.6878623	1.002242E-4
0.7079481	9.255897E-5
0.72862035	8.542572E-5
0.7498962	7.8788886E-5
0.7717934	7.2615396E-5
0.79433	6.687456E-5
0.8175246	6.153786E-5
0.8413966	5.657877E-5
0.86596555	5.197263E-5
0.8912519	4.7696478E-5
0.9172767	4.3728916E-5
0.9440614	4.0049996E-5
0.97162825	3.6641082E-5
1.0	3.348475E-5
1.029201	3.056462E-5
1.0592546	2.7865495E-5
1.090186	2.5373029E-5
1.1220205	2.307374E-5
1.1547846	2.0954958E-5
1.1885055	1.9004741E-5
1.223211	1.7211847E-5
1.25893	1.5565663E-5
1.2956905	1.4056244E-5
1.3335243	1.267407E-5
1.3724631	1.1410224E-5
1.4125386	1.0256284E-5
1.4537846	9.204303E-6
1.4962348	8.246782E-6
1.5399245	7.376648E-6
1.58489	6.5872387E-6
1.6311698	5.872262E-6
1.678801	5.2258433E-6
1.727823	4.642444E-6
1.7782766	4.1168696E-6
1.8302034	3.6442577E-6
1.8836465	3.2200637E-6
1.9386501	2.8400473E-6
1.99526	2.5002598E-6
2.0535233	2.19703E-6
2.113488	1.9269573E-6
2.1752036	1.6868934E-6
2.2387214	1.4739305E-6
2.304094	1.2853906E-6
2.3713756	1.1188122E-6
2.4406219	9.719386E-7
2.51189	8.42706E-7
2.5852382	7.292328E-7
2.6607285	6.298034E-7
2.7384229	5.428622E-7
2.818386	4.670005E-7
2.900684	4.0094605E-7
2.9853854	3.435528E-7
3.0725598	2.9379092E-7
3.16228	2.5073746E-7
3.2546198	2.1356753E-7
3.3496559	1.8154552E-7
3.447467	1.5401739E-7
3.5481343	1.3040305E-7
3.6517413	1.1018939E-7
3.7583735	9.292366E-8
3.8681195	7.8207464E-8
3.98107	6.569109E-8
4.097319	5.5068345E-8
4.2169633	4.607199E-8
4.340101	3.84692E-8
4.466834	3.205774E-8
4.5972676	2.6662367E-8
4.7315106	2.2131616E-8
4.869673	1.8334925E-8
5.01187	1.5160039E-8
5.1582193	1.2510657E-8
5.3088417	1.0304394E-8
5.463863	8.470922E-9
5.62341	6.950402E-9
5.7876167	5.691997E-9
5.9566183	4.6526396E-9
6.1305547	3.7959325E-9
6.30957	3.0912082E-9
6.493813	2.5126563E-9
6.683436	2.0386306E-9
6.878596	1.6510141E-9
7.079455	1.3346773E-9
7.286179	1.0770126E-9
7.4989395	8.675427E-10
7.7179127	6.9757444E-10
7.94328	5.5992433E-10
8.175228	4.4865267E-10
8.41395	3.5887837E-10
8.659641	2.8657676E-10
8.912508	2.2845281E-10
9.172758	1.8180968E-10
9.440608	1.4445412E-10
9.716279	1.1458268E-10
10.0	9.0742414E-11



DATASET #3

Name: RSQSim
Num Points: 401
Info: 

X, Y Data:
1.0E-4	0.21541297
1.0333392E-4	0.21485783
1.06779E-4	0.21429275
1.1033893E-4	0.21371748
1.14017545E-4	0.21313179
1.178188E-4	0.21253544
1.2174679E-4	0.21192822
1.2580573E-4	0.21130991
1.3E-4	0.2106803
1.334183E-4	0.21017392
1.369265E-4	0.20966028
1.4052694E-4	0.20913927
1.4422205E-4	0.20861088
1.4801433E-4	0.20807499
1.5190631E-4	0.20753157
1.5590065E-4	0.20698059
1.6E-4	0.20642197
1.645257E-4	0.20581311
1.691794E-4	0.20519538
1.7396474E-4	0.20456879
1.7888544E-4	0.2039333
1.8394532E-4	0.20328893
1.8914833E-4	0.2026357
1.944985E-4	0.20197366
2.0E-4	0.20130284
2.0565712E-4	0.20062332
2.1147425E-4	0.19993517
2.1745593E-4	0.19923848
2.236068E-4	0.19853337
2.2993165E-4	0.19781996
2.364354E-4	0.19709837
2.4312311E-4	0.1963688
2.5E-4	0.19563138
2.5783465E-4	0.1948067
2.659148E-4	0.19397293
2.742482E-4	0.19313039
2.8284272E-4	0.1922794
2.917066E-4	0.19142033
3.0084825E-4	0.19055355
3.102764E-4	0.18967946
3.2E-4	0.18879847
3.290514E-4	0.1879966
3.383588E-4	0.1871898
3.4792948E-4	0.18637846
3.5777088E-4	0.18556295
3.6789064E-4	0.18474366
3.7829665E-4	0.183921
3.88997E-4	0.18309537
4.0E-4	0.1822672
4.1131425E-4	0.18143693
4.229485E-4	0.18060498
4.3491187E-4	0.17977183
4.472136E-4	0.17893791
4.598633E-4	0.1781037
4.728708E-4	0.17726962
4.8624622E-4	0.17643619
5.0E-4	0.1756038
5.1465514E-4	0.17474334
5.2973983E-4	0.173885
5.4526667E-4	0.17302932
5.612486E-4	0.17217676
5.77699E-4	0.1713278
5.946315E-4	0.17048289
6.120603E-4	0.1696425
6.3E-4	0.168807
6.4807665E-4	0.16799402
6.6667196E-4	0.16718648
6.858008E-4	0.16638476
7.0547854E-4	0.16558911
7.257209E-4	0.16479984
7.465441E-4	0.1640172
7.6796475E-4	0.1632414
7.9E-4	0.16247264
8.136239E-4	0.16167957
8.379543E-4	0.16089445
8.630122E-4	0.16011737
8.8881946E-4	0.1593484
9.153984E-4	0.15858755
9.427722E-4	0.1578348
9.7096455E-4	0.1570901
0.001	0.15635334
0.0010293103	0.15563855
0.0010594797	0.15493105
0.0010905333	0.15423068
0.0011224973	0.15353717
0.001155398	0.15285024
0.001189263	0.15216957
0.0012241206	0.15149485
0.00126	0.15082566
0.0012961533	0.1501754
0.0013333439	0.14952967
0.0013716016	0.14888807
0.0014109571	0.14825016
0.0014514418	0.1476155
0.0014930882	0.1469836
0.0015359295	0.14635397
0.00158	0.14572613
0.0016272478	0.1450735
0.0016759086	0.14442168
0.0017260244	0.14377005
0.0017776389	0.14311802
0.0018307968	0.142465
0.0018855444	0.14181036
0.0019419291	0.14115353
0.002	0.14049388
0.0020575977	0.13985509
0.002116854	0.13921261
0.002177817	0.13856594
0.0022405356	0.1379146
0.0023050604	0.13725805
0.0023714434	0.13659585
0.0024397383	0.13592748
0.00251	0.13525252
0.0025833033	0.134561
0.0026587474	0.13386178
0.0027363948	0.13315445
0.0028163097	0.13243859
0.0028985585	0.1317138
0.0029832094	0.1309797
0.0030703326	0.13023597
0.00316	0.12948227
0.0032524571	0.12871687
0.0033476194	0.12794085
0.003445566	0.12715396
0.0035463783	0.12635595
0.0036501405	0.12554657
0.0037569385	0.12472568
0.003866861	0.12389306
0.00398	0.12304859
0.004096165	0.12219421
0.0042157196	0.12132781
0.0043387646	0.12044932
0.0044654002	0.11955868
0.0045957323	0.11865587
0.0047298684	0.11774089
0.0048679197	0.116813764
0.00501	0.11587454
0.005156579	0.11492101
0.0053074467	0.11395549
0.005462728	0.1129781
0.0056225527	0.11198896
0.0057870536	0.11098825
0.005956367	0.10997614
0.0061306343	0.10895283
0.00631	0.10791854
0.006493865	0.10687771
0.0066830874	0.10582647
0.0068778237	0.10476509
0.007078234	0.10369385
0.0072844843	0.10261305
0.0074967444	0.101523
0.00771519	0.10042401
0.00794	0.09931641
0.008172275	0.098196186
0.008411343	0.09706799
0.008657407	0.09593216
0.008910668	0.09478908
0.009171338	0.09363911
0.009439633	0.09248263
0.009715778	0.09132
0.01	0.090151615
0.010292081	0.088979654
0.010592694	0.08780271
0.010902087	0.086621165
0.011220517	0.08543538
0.011548247	0.08424576
0.011885551	0.08305267
0.012232705	0.08185648
0.01259	0.08065758
0.012957647	0.07945659
0.013336032	0.078253634
0.013725464	0.07704907
0.01412627	0.07584327
0.014538779	0.0746366
0.014963334	0.073429435
0.015400288	0.072222136
0.01585	0.07101506
0.016312422	0.069809675
0.016788337	0.06860525
0.017278135	0.067402154
0.017782224	0.066200756
0.01830102	0.06500142
0.01883495	0.06380453
0.019384459	0.06261045
0.01995	0.061419547
0.020533005	0.06023028
0.021133045	0.059044972
0.021750621	0.057864003
0.022386245	0.05668776
0.023040446	0.055516634
0.023713762	0.054351013
0.024406755	0.05319129
0.02512	0.052037854
0.025853088	0.050892636
0.02660757	0.04975447
0.027384069	0.04862375
0.02818323	0.047500867
0.029005712	0.0463862
0.029852198	0.045280144
0.030723387	0.044183075
0.03162	0.043095373
0.032543603	0.042016465
0.033494186	0.040947683
0.034472536	0.03988939
0.03547946	0.038841948
0.0365158	0.037805703
0.03758241	0.036780994
0.03868017	0.035768162
0.03981	0.034767527
0.040972695	0.03377952
0.042169347	0.032804333
0.04340095	0.031842258
0.044668525	0.030893588
0.04597312	0.029958596
0.047315817	0.029037546
0.04869773	0.028130697
0.05012	0.027238287
0.0515838	0.026360556
0.053090356	0.025497722
0.05464091	0.024649987
0.05623675	0.023817554
0.0578792	0.023000605
0.059569612	0.022199316
0.0613094	0.021413844
0.0631	0.020644339
0.06494172	0.019891405
0.066837184	0.019154675
0.06878798	0.018434256
0.070795715	0.017730244
0.072862044	0.017042715
0.074988686	0.01637174
0.077177405	0.015717367
0.07943	0.015079633
0.08174976	0.014458189
0.08413727	0.013853428
0.08659451	0.013265339
0.08912351	0.012693893
0.09172637	0.012139045
0.09440525	0.011600733
0.097162366	0.011078877
0.1	0.010573381
0.102919795	0.010084244
0.10592484	0.0096112145
0.109017625	0.00915414
0.112200715	0.008712855
0.11547674	0.008287178
0.11884842	0.007876908
0.12231855	0.0074818316
0.12589	0.007101716
0.12956645	0.0067362464
0.13335027	0.006385238
0.13724458	0.0060484167
0.14125264	0.005725497
0.14537773	0.0054161795
0.14962329	0.0051201563
0.15399285	0.004837108
0.15849	0.0045667063
0.16311829	0.0043086275
0.16788174	0.004062516
0.17278428	0.0038280254
0.17783	0.0036048023
0.18302307	0.0033924908
0.18836778	0.0031907323
0.19386858	0.0029991677
0.19953	0.0028174361
0.20535603	0.002645199
0.21135218	0.0024820755
0.21752341	0.0023277109
0.22387484	0.0021817528
0.23041171	0.002043854
0.23713945	0.0019136718
0.24406363	0.0017908689
0.25119	0.0016751147
0.25852492	0.0015660784
0.26607406	0.0014634512
0.27384362	0.0013669245
0.28184006	0.0012761978
0.29007	0.0011909795
0.29854023	0.0011109866
0.30725783	0.0010359456
0.31623	9.6559204E-4
0.32546407	8.996717E-4
0.33496782	8.3793886E-4
0.34474903	7.80158E-4
0.3548159	7.2610314E-4
0.3651767	6.755582E-4
0.37584007	6.2831654E-4
0.3868148	5.8418093E-4
0.39811	5.4296356E-4
0.40973493	5.0448603E-4
0.42169935	4.6857848E-4
0.4340131	4.3508E-4
0.44668642	4.0383838E-4
0.4597298	3.7470966E-4
0.47315407	3.4755797E-4
0.4869703	3.222552E-4
0.50119	2.9868077E-4
0.5158249	2.7672126E-4
0.5308872	2.5627026E-4
0.5463893	2.3722782E-4
0.5623441	2.195004E-4
0.57876474	2.0300043E-4
0.59566486	1.8764593E-4
0.61305845	1.7336037E-4
0.63096	1.6007228E-4
0.6493842	1.4771498E-4
0.6683464	1.3622621E-4
0.6878623	1.2554797E-4
0.7079481	1.1562619E-4
0.72862035	1.06410465E-4
0.7498962	9.785384E-5
0.7717934	8.991252E-5
0.79433	8.25457E-5
0.8175246	7.571533E-5
0.8413966	6.938588E-5
0.86596555	6.3524196E-5
0.8912519	5.8099307E-5
0.9172767	5.3082254E-5
0.9440614	4.8445956E-5
0.97162825	4.4165055E-5
1.0	4.0215797E-5
1.029201	3.657581E-5
1.0592546	3.32243E-5
1.090186	3.0141631E-5
1.1220205	2.7309368E-5
1.1547846	2.4710174E-5
1.1885055	2.2327748E-5
1.223211	2.0146761E-5
1.25893	1.8152787E-5
1.2956905	1.6332331E-5
1.3335243	1.467255E-5
1.3724631	1.3161448E-5
1.4125386	1.1787751E-5
1.4537846	1.0540871E-5
1.4962348	9.410871E-6
1.5399245	8.388437E-6
1.58489	7.4648415E-6
1.6311698	6.6319008E-6
1.678801	5.8820156E-6
1.727823	5.208072E-6
1.7782766	4.6034424E-6
1.8302034	4.0619657E-6
1.8836465	3.5779208E-6
1.9386501	3.146008E-6
1.99526	2.7613253E-6
2.0535233	2.419346E-6
2.113488	2.1159053E-6
2.1752036	1.8471729E-6
2.2387214	1.6096355E-6
2.304094	1.4000776E-6
2.3713756	1.2155631E-6
2.4406219	1.053417E-6
2.51189	9.112081E-7
2.5852382	7.8673287E-7
2.6607285	6.7799465E-7
2.7384229	5.8319307E-7
2.818386	5.00707E-7
2.900684	4.2908047E-7
2.9853854	3.6700865E-7
3.0725598	3.1332516E-7
3.16228	2.6699004E-7
3.2546198	2.270781E-7
3.3496559	1.9276828E-7
3.447467	1.633338E-7
3.5481343	1.3813285E-7
3.6517413	1.1660007E-7
3.7583735	9.823866E-8
3.8681195	8.261306E-8
3.98107	6.9342406E-8
4.097319	5.8094372E-8
4.2169633	4.8579853E-8
4.340101	4.0547775E-8
4.466834	3.37807E-8
4.5972676	2.8090748E-8
4.7315106	2.3315962E-8
4.869673	1.9317072E-8
5.01187	1.5974603E-8
5.1582193	1.3186283E-8
5.3088417	1.0864788E-8
5.463863	8.9357375E-9
5.62341	7.3358954E-9
5.7876167	6.0116396E-9
5.9566183	4.917601E-9
6.1305547	4.015488E-9
6.30957	3.2730403E-9
6.493813	2.6631584E-9
6.683436	2.1631117E-9
6.878596	1.7538903E-9
7.079455	1.4196133E-9
7.286179	1.1470639E-9
7.4989395	9.2525065E-10
7.7179127	7.4506235E-10
7.94328	5.989421E-10
8.175228	4.806723E-10
8.41395	3.8510994E-10
8.659641	3.0803693E-10
8.912508	2.4598046E-10
9.172758	1.9610535E-10
9.440608	1.5609125E-10
9.716279	1.2403778E-10
10.0	9.840784E-11



DATASET #4

Name: 1000yr
Num Points: 2
Info: 

X, Y Data:
0.001	0.001
10.0	0.001



DATASET #5

Name: 2500yr
Num Points: 2
Info: 

X, Y Data:
0.001	4.0E-4
10.0	4.0E-4



DATASET #6

Name: 10000yr
Num Points: 2
Info: 

X, Y Data:
0.001	1.0E-4
10.0	1.0E-4


