
X-Axis: 10.0s SA (g)
Y-Axis: Annual Probabilitiy
Number of Data Sets: 5


DATASET #1

Name: UCERF3
Num Points: 401
Info: 

X, Y Data:
1.0E-4	0.05106609
1.0333392E-4	0.051039804
1.06779E-4	0.051011086
1.1033893E-4	0.05097975
1.14017545E-4	0.050945614
1.178188E-4	0.050908495
1.2174679E-4	0.050868183
1.2580573E-4	0.050824486
1.3E-4	0.050777182
1.334183E-4	0.050737046
1.369265E-4	0.050694406
1.4052694E-4	0.05064915
1.4422205E-4	0.050601162
1.4801433E-4	0.050550327
1.5190631E-4	0.05049652
1.5590065E-4	0.050439622
1.6E-4	0.050379515
1.645257E-4	0.0503112
1.691794E-4	0.05023888
1.7396474E-4	0.0501624
1.7888544E-4	0.05008161
1.8394532E-4	0.049996346
1.8914833E-4	0.049906455
1.944985E-4	0.04981178
2.0E-4	0.049712174
2.0565712E-4	0.049607474
2.1147425E-4	0.049497534
2.1745593E-4	0.049382206
2.236068E-4	0.04926134
2.2993165E-4	0.04913479
2.364354E-4	0.04900242
2.4312311E-4	0.04886409
2.5E-4	0.048719667
2.5783465E-4	0.048552644
2.659148E-4	0.048377838
2.742482E-4	0.048195094
2.8284272E-4	0.04800426
2.917066E-4	0.04780519
3.0084825E-4	0.047597762
3.102764E-4	0.047381848
3.2E-4	0.04715734
3.290514E-4	0.04694692
3.383588E-4	0.046729334
3.4792948E-4	0.04650452
3.5777088E-4	0.046272427
3.6789064E-4	0.046033017
3.7829665E-4	0.04578626
3.88997E-4	0.04553213
4.0E-4	0.04527061
4.1131425E-4	0.0450017
4.229485E-4	0.0447254
4.3491187E-4	0.044441722
4.472136E-4	0.04415069
4.598633E-4	0.043852333
4.728708E-4	0.043546695
4.8624622E-4	0.04323382
5.0E-4	0.042913772
5.1465514E-4	0.0425748
5.2973983E-4	0.042228296
5.4526667E-4	0.04187435
5.612486E-4	0.041513067
5.77699E-4	0.04114457
5.946315E-4	0.040768985
6.120603E-4	0.040386446
6.3E-4	0.03999711
6.4807665E-4	0.039609414
6.6667196E-4	0.039215505
6.858008E-4	0.03881555
7.0547854E-4	0.03840972
7.257209E-4	0.037998207
7.465441E-4	0.03758119
7.6796475E-4	0.03715888
7.9E-4	0.03673148
8.136239E-4	0.03628113
8.379543E-4	0.035825748
8.630122E-4	0.03536559
8.8881946E-4	0.034900926
9.153984E-4	0.03443203
9.427722E-4	0.033959188
9.7096455E-4	0.033482686
0.001	0.033002824
0.0010293103	0.032529376
0.0010594797	0.032053273
0.0010905333	0.03157481
0.0011224973	0.031094288
0.001155398	0.030612001
0.001189263	0.030128252
0.0012241206	0.029643346
0.00126	0.029157585
0.0012961533	0.028681375
0.0013333439	0.028204927
0.0013716016	0.027728522
0.0014109571	0.027252445
0.0014514418	0.026776975
0.0014930882	0.02630239
0.0015359295	0.025828963
0.00158	0.025356965
0.0016272478	0.024867145
0.0016759086	0.024379453
0.0017260244	0.023894172
0.0017776389	0.023411581
0.0018307968	0.022931946
0.0018855444	0.022455527
0.0019419291	0.02198257
0.002	0.021513315
0.0020575977	0.02106487
0.002116854	0.020620268
0.002177817	0.020179689
0.0022405356	0.019743312
0.0023050604	0.019311298
0.0023714434	0.0188838
0.0024397383	0.018460961
0.00251	0.018042915
0.0025833033	0.01762408
0.0026587474	0.017210415
0.0027363948	0.016802022
0.0028163097	0.016399
0.0028985585	0.016001435
0.0029832094	0.015609401
0.0030703326	0.015222966
0.00316	0.014842186
0.0032524571	0.014466433
0.0033476194	0.014096445
0.003445566	0.013732258
0.0035463783	0.0133738965
0.0036501405	0.013021379
0.0037569385	0.012674718
0.003866861	0.01233392
0.00398	0.011998986
0.004096165	0.011670697
0.0042157196	0.011348229
0.0043387646	0.011031571
0.0044654002	0.010720705
0.0045957323	0.01041561
0.0047298684	0.010116262
0.0048679197	0.009822635
0.00501	0.009534701
0.005156579	0.009251764
0.0053074467	0.00897448
0.005462728	0.008702815
0.0056225527	0.00843673
0.0057870536	0.008176187
0.005956367	0.007921144
0.0061306343	0.007671562
0.00631	0.0074273963
0.006493865	0.007189547
0.0066830874	0.0069569834
0.0068778237	0.0067296587
0.007078234	0.006507527
0.0072844843	0.00629054
0.0074967444	0.0060786493
0.00771519	0.0058718044
0.00794	0.005669955
0.008172275	0.005472292
0.008411343	0.005279557
0.008657407	0.0050916946
0.008910668	0.004908649
0.009171338	0.004730363
0.009439633	0.0045567784
0.009715778	0.004387835
0.01	0.0042234724
0.010292081	0.0040638703
0.010592694	0.00390871
0.010902087	0.0037579283
0.011220517	0.0036114594
0.011548247	0.0034692374
0.011885551	0.0033311953
0.012232705	0.0031972649
0.01259	0.0030673775
0.012957647	0.0029414906
0.013336032	0.0028195046
0.013725464	0.0027013482
0.01412627	0.0025869498
0.014538779	0.0024762372
0.014963334	0.0023691375
0.015400288	0.0022655781
0.01585	0.0021654854
0.016312422	0.0020688714
0.016788337	0.0019755715
0.017278135	0.0018855125
0.017782224	0.0017986211
0.01830102	0.0017148245
0.01883495	0.0016340499
0.019384459	0.001556225
0.01995	0.001481278
0.020533005	0.0014090219
0.021133045	0.0013395102
0.021750621	0.0012726723
0.022386245	0.0012084384
0.023040446	0.0011467392
0.023713762	0.0010875063
0.024406755	0.001030672
0.02512	9.7616966E-4
0.025853088	9.2400186E-4
0.02660757	8.7402907E-4
0.027384069	8.261873E-4
0.02818323	7.804137E-4
0.029005712	7.3664606E-4
0.029852198	6.948233E-4
0.030723387	6.5488514E-4
0.03162	6.167723E-4
0.032543603	5.8039516E-4
0.033494186	5.457306E-4
0.034472536	5.1272195E-4
0.03547946	4.813136E-4
0.0365158	4.5145073E-4
0.03758241	4.230796E-4
0.03868017	3.9614725E-4
0.03981	3.7060183E-4
0.040972695	3.4639498E-4
0.042169347	3.2347362E-4
0.04340095	3.0178868E-4
0.044668525	2.8129193E-4
0.04597312	2.6193613E-4
0.047315817	2.4367501E-4
0.04869773	2.2646318E-4
0.05012	2.102563E-4
0.0515838	1.9501105E-4
0.053090356	1.806849E-4
0.05464091	1.6723643E-4
0.05623675	1.5462523E-4
0.0578792	1.4281191E-4
0.059569612	1.3175808E-4
0.0613094	1.2142643E-4
0.0631	1.11780675E-4
0.06494172	1.0279109E-4
0.066837184	9.44173E-5
0.06878798	8.6626314E-5
0.070795715	7.938623E-5
0.072862044	7.2666204E-5
0.074988686	6.643654E-5
0.077177405	6.0668597E-5
0.07943	5.533484E-5
0.08174976	5.0405983E-5
0.08413727	4.5859968E-5
0.08659451	4.167248E-5
0.08912351	3.782028E-5
0.09172637	3.4281184E-5
0.09440525	3.103407E-5
0.097162366	2.8058836E-5
0.1	2.5336396E-5
0.102919795	2.2849235E-5
0.10592484	2.0579559E-5
0.109017625	1.8511199E-5
0.112200715	1.6628917E-5
0.11547674	1.49183625E-5
0.11884842	1.336605E-5
0.12231855	1.1959327E-5
0.12589	1.0686348E-5
0.12956645	9.535829E-6
0.13335027	8.49769E-6
0.13724458	7.562303E-6
0.14125264	6.720715E-6
0.14537773	5.96462E-6
0.14962329	5.2863224E-6
0.15399285	4.6787072E-6
0.15849	4.1352073E-6
0.16311829	3.6497922E-6
0.16788174	3.216875E-6
0.17278428	2.8313495E-6
0.17783	2.4885373E-6
0.18302307	2.1841597E-6
0.18836778	1.9143113E-6
0.19386858	1.6754319E-6
0.19953	1.4642852E-6
0.20535603	1.277953E-6
0.21135218	1.1137441E-6
0.21752341	9.692509E-7
0.22387484	8.4229833E-7
0.23041171	7.3092554E-7
0.23713945	6.333684E-7
0.24406363	5.4804286E-7
0.25119	4.7352816E-7
0.25852492	4.0854957E-7
0.26607406	3.5197803E-7
0.27384362	3.0280037E-7
0.28184006	2.601155E-7
0.29007	2.2312283E-7
0.29854023	1.9111228E-7
0.30725783	1.6345518E-7
0.31623	1.3959642E-7
0.32546407	1.19045744E-7
0.33496782	1.0137162E-7
0.34474903	8.619485E-8
0.3548159	7.31826E-8
0.3651767	6.2043256E-8
0.37584007	5.252202E-8
0.3868148	4.439636E-8
0.39811	3.7472425E-8
0.40973493	3.1581617E-8
0.42169935	2.6577503E-8
0.4340131	2.2333193E-8
0.44668642	1.8738858E-8
0.4597298	1.56997E-8
0.47315407	1.3133889E-8
0.4869703	1.0971126E-8
0.50119	9.1508685E-9
0.5158249	7.621253E-9
0.5308872	6.33789E-9
0.5463893	5.2628195E-9
0.5623441	4.3635837E-9
0.57876474	3.6126129E-9
0.59566486	2.9863778E-9
0.61305845	2.4650064E-9
0.63096	2.0316664E-9
0.6493842	1.6719928E-9
0.6683464	1.3739271E-9
0.6878623	1.127282E-9
0.7079481	9.2356733E-10
0.72862035	7.555335E-10
0.7498962	6.171299E-10
0.7717934	5.033054E-10
0.79433	4.0981873E-10
0.8175246	3.3322634E-10
0.8413966	2.7053315E-10
0.86596555	2.1932123E-10
0.8912519	1.7750923E-10
0.9172767	1.4345924E-10
0.9440614	1.1577217E-10
0.97162825	9.326295E-11
1.0	7.501555E-11
1.029201	6.024925E-11
1.0592546	4.8322235E-11
1.090186	3.8675618E-11
1.1220205	3.091294E-11
1.1547846	2.4652058E-11
1.1885055	1.9627966E-11
1.223211	1.558853E-11
1.25893	1.2369217E-11
1.2956905	9.788503E-12
1.3335243	7.7187146E-12
1.3724631	6.0801364E-12
1.4125386	4.778844E-12
1.4537846	3.7421177E-12
1.4962348	2.9188874E-12
1.5399245	2.2674085E-12
1.58489	1.757483E-12
1.6311698	1.3606893E-12
1.678801	1.0492718E-12
1.727823	8.044676E-13
1.7782766	6.094014E-13
1.8302034	4.664047E-13
1.8836465	3.509415E-13
1.9386501	2.613465E-13
1.99526	1.936229E-13
2.0535233	1.4466206E-13
2.113488	1.0513812E-13
2.1752036	7.682743E-14
2.2387214	5.5289107E-14
2.304094	3.9301895E-14
2.3713756	2.6867397E-14
2.4406219	1.731948E-14
2.51189	1.15463195E-14
2.5852382	7.993606E-15
2.6607285	5.2180482E-15
2.7384229	2.9976022E-15
2.818386	2.1094237E-15
2.900684	1.9984014E-15
2.9853854	1.2212453E-15
3.0725598	8.881784E-16
3.16228	1.110223E-16
3.2546198	1.110223E-16
3.3496559	0.0
3.447467	0.0
3.5481343	0.0
3.6517413	0.0
3.7583735	0.0
3.8681195	0.0
3.98107	0.0
4.097319	0.0
4.2169633	0.0
4.340101	0.0
4.466834	0.0
4.5972676	0.0
4.7315106	0.0
4.869673	0.0
5.01187	0.0
5.1582193	0.0
5.3088417	0.0
5.463863	0.0
5.62341	0.0
5.7876167	0.0
5.9566183	0.0
6.1305547	0.0
6.30957	0.0
6.493813	0.0
6.683436	0.0
6.878596	0.0
7.079455	0.0
7.286179	0.0
7.4989395	0.0
7.7179127	0.0
7.94328	0.0
8.175228	0.0
8.41395	0.0
8.659641	0.0
8.912508	0.0
9.172758	0.0
9.440608	0.0
9.716279	0.0
10.0	0.0



DATASET #2

Name: RSQSim
Num Points: 401
Info: 

X, Y Data:
1.0E-4	0.05673483
1.0333392E-4	0.05670854
1.06779E-4	0.05667972
1.1033893E-4	0.056648165
1.14017545E-4	0.056613687
1.178188E-4	0.056576066
1.2174679E-4	0.056535084
1.2580573E-4	0.056490514
1.3E-4	0.05644211
1.334183E-4	0.056400932
1.369265E-4	0.05635707
1.4052694E-4	0.0563104
1.4422205E-4	0.05626079
1.4801433E-4	0.0562081
1.5190631E-4	0.0561522
1.5590065E-4	0.05609294
1.6E-4	0.056030184
1.645257E-4	0.055958673
1.691794E-4	0.05588277
1.7396474E-4	0.055802293
1.7888544E-4	0.055717044
1.8394532E-4	0.055626843
1.8914833E-4	0.055531494
1.944985E-4	0.055430807
2.0E-4	0.05532459
2.0565712E-4	0.05521265
2.1147425E-4	0.055094793
2.1745593E-4	0.05497083
2.236068E-4	0.05484057
2.2993165E-4	0.054703817
2.364354E-4	0.054560393
2.4312311E-4	0.054410107
2.5E-4	0.054252785
2.5783465E-4	0.05407032
2.659148E-4	0.053878788
2.742482E-4	0.053677954
2.8284272E-4	0.0534676
2.917066E-4	0.05324752
3.0084825E-4	0.053017497
3.102764E-4	0.052777346
3.2E-4	0.052526884
3.290514E-4	0.052291468
3.383588E-4	0.052047364
3.4792948E-4	0.051794466
3.5777088E-4	0.05153267
3.6789064E-4	0.051261894
3.7829665E-4	0.050982047
3.88997E-4	0.050693057
4.0E-4	0.050394874
4.1131425E-4	0.050087437
4.229485E-4	0.049770713
4.3491187E-4	0.04944467
4.472136E-4	0.049109302
4.598633E-4	0.048764598
4.728708E-4	0.04841057
4.8624622E-4	0.048047237
5.0E-4	0.047674637
5.1465514E-4	0.04727901
5.2973983E-4	0.046873562
5.4526667E-4	0.046458375
5.612486E-4	0.046033543
5.77699E-4	0.04559918
5.946315E-4	0.045155417
6.120603E-4	0.044702403
6.3E-4	0.044240292
6.4807665E-4	0.04377913
6.6667196E-4	0.043309595
6.858008E-4	0.042831883
7.0547854E-4	0.042346194
7.257209E-4	0.041852757
7.465441E-4	0.041351803
7.6796475E-4	0.040843576
7.9E-4	0.040328342
8.136239E-4	0.03978453
8.379543E-4	0.03923373
8.630122E-4	0.038676284
8.8881946E-4	0.03811254
9.153984E-4	0.037542857
9.427722E-4	0.036967617
9.7096455E-4	0.036387198
0.001	0.035802003
0.0010293103	0.035224
0.0010594797	0.03464219
0.0010905333	0.03405696
0.0011224973	0.033468723
0.001155398	0.03287789
0.001189263	0.032284867
0.0012241206	0.03169008
0.00126	0.031093946
0.0012961533	0.030509297
0.0013333439	0.029924164
0.0013716016	0.029338945
0.0014109571	0.028754037
0.0014514418	0.028169837
0.0014930882	0.027586736
0.0015359295	0.027005125
0.00158	0.026425386
0.0016272478	0.025823943
0.0016759086	0.025225366
0.0017260244	0.024630064
0.0017776389	0.024038443
0.0018307968	0.023450894
0.0018855444	0.0228678
0.0019419291	0.022289531
0.002	0.021716444
0.0020575977	0.021169456
0.002116854	0.020627895
0.002177817	0.020092046
0.0022405356	0.019562177
0.0023050604	0.019038545
0.0023714434	0.018521395
0.0024397383	0.018010955
0.00251	0.017507443
0.0025833033	0.017004222
0.0026587474	0.016508525
0.0027363948	0.016020536
0.0028163097	0.015540422
0.0028985585	0.015068334
0.0029832094	0.014604408
0.0030703326	0.014148771
0.00316	0.013701529
0.0032524571	0.013261987
0.0033476194	0.012831051
0.003445566	0.012408791
0.0035463783	0.011995263
0.0036501405	0.011590513
0.0037569385	0.011194573
0.003866861	0.010807463
0.00398	0.010429194
0.004096165	0.010060645
0.0042157196	0.009700881
0.0043387646	0.009349884
0.0044654002	0.009007624
0.0045957323	0.008674063
0.0047298684	0.008349152
0.0048679197	0.008032839
0.00501	0.0077250586
0.005156579	0.0074250437
0.0053074467	0.0071334573
0.005462728	0.006850215
0.0056225527	0.0065752277
0.0057870536	0.0063084
0.005956367	0.006049631
0.0061306343	0.005798815
0.00631	0.00555584
0.006493865	0.005321517
0.0066830874	0.00509474
0.0068778237	0.004875387
0.007078234	0.004663332
0.0072844843	0.0044584456
0.0074967444	0.004260595
0.00771519	0.004069645
0.00794	0.0038854575
0.008172275	0.0037072138
0.008411343	0.0035354993
0.008657407	0.0033701677
0.008910668	0.0032110712
0.009171338	0.0030580603
0.009439633	0.0029109844
0.009715778	0.002769692
0.01	0.0026340312
0.010292081	0.002504045
0.010592694	0.002379369
0.010902087	0.0022598514
0.011220517	0.002145341
0.011548247	0.0020356863
0.011885551	0.0019307376
0.012232705	0.0018303462
0.01259	0.001734364
0.012957647	0.001642665
0.013336032	0.0015550831
0.013725464	0.0014714758
0.01412627	0.0013917029
0.014538779	0.0013156263
0.014963334	0.0012431106
0.015400288	0.0011740228
0.01585	0.0011082327
0.016312422	0.0010456677
0.016788337	9.861434E-4
0.017278135	9.295385E-4
0.017782224	8.757354E-4
0.01830102	8.2461926E-4
0.01883495	7.760786E-4
0.019384459	7.3000527E-4
0.01995	6.862944E-4
0.020533005	6.4477854E-4
0.021133045	6.054321E-4
0.021750621	5.681596E-4
0.022386245	5.3286896E-4
0.023040446	4.994711E-4
0.023713762	4.6788037E-4
0.024406755	4.3801407E-4
0.02512	4.0979273E-4
0.025853088	3.8317463E-4
0.02660757	3.580475E-4
0.027384069	3.3434085E-4
0.02818323	3.119871E-4
0.029005712	2.9092125E-4
0.029852198	2.71081E-4
0.030723387	2.5240652E-4
0.03162	2.348404E-4
0.032543603	2.1831351E-4
0.033494186	2.0278891E-4
0.034472536	1.8821594E-4
0.03547946	1.7454596E-4
0.0365158	1.6173245E-4
0.03758241	1.4973078E-4
0.03868017	1.3849826E-4
0.03981	1.27994E-4
0.040972695	1.1817991E-4
0.042169347	1.09017295E-4
0.04340095	1.0047031E-4
0.044668525	9.250467E-5
0.04597312	8.508758E-5
0.047315817	7.8187695E-5
0.04869773	7.177508E-5
0.05012	6.5821136E-5
0.0515838	6.0298586E-5
0.053090356	5.5181357E-5
0.05464091	5.0444625E-5
0.05623675	4.606473E-5
0.0578792	4.201916E-5
0.059569612	3.828649E-5
0.0613094	3.4846358E-5
0.0631	3.1679436E-5
0.06494172	2.876914E-5
0.066837184	2.6096035E-5
0.06878798	2.3643697E-5
0.070795715	2.139659E-5
0.072862044	1.9340041E-5
0.074988686	1.74602E-5
0.077177405	1.5744019E-5
0.07943	1.41792225E-5
0.08174976	1.2753448E-5
0.08413727	1.145683E-5
0.08659451	1.0279197E-5
0.08912351	9.21103E-6
0.09172637	8.243429E-6
0.09440525	7.3680917E-6
0.097162366	6.5772797E-6
0.1	5.8637943E-6
0.102919795	5.2210958E-6
0.10592484	4.642803E-6
0.109017625	4.123177E-6
0.112200715	3.65691E-6
0.11547674	3.239103E-6
0.11884842	2.8652416E-6
0.12231855	2.5311717E-6
0.12589	2.2330778E-6
0.12956645	1.9674126E-6
0.13335027	1.7310322E-6
0.13724458	1.5210073E-6
0.14125264	1.3346657E-6
0.14537773	1.169573E-6
0.14962329	1.0235158E-6
0.15399285	8.944849E-7
0.15849	7.8065966E-7
0.16311829	6.8039697E-7
0.16788174	5.922043E-7
0.17278428	5.1474086E-7
0.17783	4.4679993E-7
0.18302307	3.8729718E-7
0.18836778	3.3526027E-7
0.19386858	2.8981844E-7
0.19953	2.501935E-7
0.20535603	2.1569491E-7
0.21135218	1.8569918E-7
0.21752341	1.5965641E-7
0.22387484	1.3707852E-7
0.23041171	1.17532856E-7
0.23713945	1.0063674E-7
0.24406363	8.6052154E-8
0.25119	7.3481054E-8
0.25852492	6.266049E-8
0.26607406	5.3360775E-8
0.27384362	4.537968E-8
0.28184006	3.8540087E-8
0.29007	3.2687144E-8
0.29854023	2.7685694E-8
0.30725783	2.3417979E-8
0.31623	1.9781544E-8
0.32546407	1.6687448E-8
0.33496782	1.4058517E-8
0.34474903	1.1827982E-8
0.3548159	9.938139E-9
0.3651767	8.3391924E-9
0.37584007	6.98828E-9
0.3868148	5.8485057E-9
0.39811	4.888217E-9
0.40973493	4.0802712E-9
0.42169935	3.4014436E-9
0.4340131	2.831879E-9
0.44668642	2.3546527E-9
0.4597298	1.9553394E-9
0.47315407	1.6216688E-9
0.4869703	1.3432269E-9
0.50119	1.111187E-9
0.5158249	9.180694E-10
0.5308872	7.575732E-10
0.5463893	6.243521E-10
0.5623441	5.13914E-10
0.57876474	4.2249526E-10
0.59566486	3.4691972E-10
0.61305845	2.8452496E-10
0.63096	2.330427E-10
0.6493842	1.9063262E-10
0.6683464	1.5573842E-10
0.6878623	1.2708268E-10
0.7079481	1.03588804E-10
0.72862035	8.4339535E-11
0.7498962	6.859335E-11
0.7717934	5.5719207E-11
0.79433	4.521139E-11
0.8175246	3.6644354E-11
0.8413966	2.9664493E-11
0.86596555	2.398759E-11
0.8912519	1.9376278E-11
0.9172767	1.5633272E-11
0.9440614	1.2599366E-11
0.97162825	1.014544E-11
1.0	8.159029E-12
1.029201	6.5536465E-12
1.0592546	5.260903E-12
1.090186	4.217293E-12
1.1220205	3.3760772E-12
1.1547846	2.7003955E-12
1.1885055	2.160383E-12
1.223211	1.7237323E-12
1.25893	1.3749002E-12
1.2956905	1.094902E-12
1.3335243	8.6985974E-13
1.3724631	6.913359E-13
1.4125386	5.5033755E-13
1.4537846	4.3498538E-13
1.4962348	3.4527936E-13
1.5399245	2.723377E-13
1.58489	2.1349589E-13
1.6311698	1.6764368E-13
1.678801	1.304512E-13
1.727823	1.0214052E-13
1.7782766	7.971401E-14
1.8302034	6.2505556E-14
1.8836465	4.918288E-14
1.9386501	3.863576E-14
1.99526	2.9087843E-14
2.0535233	2.3536728E-14
2.113488	1.787459E-14
2.1752036	1.37667655E-14
2.2387214	1.01030295E-14
2.304094	7.438494E-15
2.3713756	5.2180482E-15
2.4406219	3.2196468E-15
2.51189	1.4432899E-15
2.5852382	1.2212453E-15
2.6607285	6.661338E-16
2.7384229	3.330669E-16
2.818386	1.110223E-16
2.900684	0.0
2.9853854	0.0
3.0725598	0.0
3.16228	0.0
3.2546198	0.0
3.3496559	0.0
3.447467	0.0
3.5481343	0.0
3.6517413	0.0
3.7583735	0.0
3.8681195	0.0
3.98107	0.0
4.097319	0.0
4.2169633	0.0
4.340101	0.0
4.466834	0.0
4.5972676	0.0
4.7315106	0.0
4.869673	0.0
5.01187	0.0
5.1582193	0.0
5.3088417	0.0
5.463863	0.0
5.62341	0.0
5.7876167	0.0
5.9566183	0.0
6.1305547	0.0
6.30957	0.0
6.493813	0.0
6.683436	0.0
6.878596	0.0
7.079455	0.0
7.286179	0.0
7.4989395	0.0
7.7179127	0.0
7.94328	0.0
8.175228	0.0
8.41395	0.0
8.659641	0.0
8.912508	0.0
9.172758	0.0
9.440608	0.0
9.716279	0.0
10.0	0.0



DATASET #3

Name: 1000yr
Num Points: 2
Info: 

X, Y Data:
0.001	0.001
10.0	0.001



DATASET #4

Name: 2500yr
Num Points: 2
Info: 

X, Y Data:
0.001	4.0E-4
10.0	4.0E-4



DATASET #5

Name: 10000yr
Num Points: 2
Info: 

X, Y Data:
0.001	1.0E-4
10.0	1.0E-4


