
X-Axis: 10.0s SA (g)
Y-Axis: Annual Probabilitiy
Number of Data Sets: 5


DATASET #1

Name: UCERF3
Num Points: 401
Info: 

X, Y Data:
1.0E-4	0.057286873
1.0333392E-4	0.057226736
1.06779E-4	0.05716165
1.1033893E-4	0.057091333
1.14017545E-4	0.05701549
1.178188E-4	0.056933828
1.2174679E-4	0.056846045
1.2580573E-4	0.05675184
1.3E-4	0.05665091
1.334183E-4	0.056566067
1.369265E-4	0.05647667
1.4052694E-4	0.05638257
1.4422205E-4	0.056283627
1.4801433E-4	0.05617968
1.5190631E-4	0.056070596
1.5590065E-4	0.05595623
1.6E-4	0.05583644
1.645257E-4	0.0557015
1.691794E-4	0.055559978
1.7396474E-4	0.05541171
1.7888544E-4	0.05525654
1.8394532E-4	0.055094328
1.8914833E-4	0.054924928
1.944985E-4	0.054748204
2.0E-4	0.054564036
2.0565712E-4	0.054372303
2.1147425E-4	0.054172903
2.1745593E-4	0.05396573
2.236068E-4	0.053750698
2.2993165E-4	0.053527728
2.364354E-4	0.053296752
2.4312311E-4	0.053057708
2.5E-4	0.052810553
2.5783465E-4	0.052527633
2.659148E-4	0.0522347
2.742482E-4	0.051931746
2.8284272E-4	0.051618762
2.917066E-4	0.051295776
3.0084825E-4	0.050962813
3.102764E-4	0.050619926
3.2E-4	0.05026719
3.290514E-4	0.04993993
3.383588E-4	0.049604766
3.4792948E-4	0.04926178
3.5777088E-4	0.048911065
3.6789064E-4	0.048552733
3.7829665E-4	0.0481869
3.88997E-4	0.047813684
4.0E-4	0.04743323
4.1131425E-4	0.04704568
4.229485E-4	0.04665119
4.3491187E-4	0.04624992
4.472136E-4	0.045842033
4.598633E-4	0.04542772
4.728708E-4	0.04500716
4.8624622E-4	0.044580545
5.0E-4	0.044148076
5.1465514E-4	0.043694213
5.2973983E-4	0.04323452
5.4526667E-4	0.042769242
5.612486E-4	0.042298622
5.77699E-4	0.041822914
5.946315E-4	0.041342374
6.120603E-4	0.040857255
6.3E-4	0.04036783
6.4807665E-4	0.03988464
6.6667196E-4	0.03939783
6.858008E-4	0.038907647
7.0547854E-4	0.038414344
7.257209E-4	0.037918188
7.465441E-4	0.03741943
7.6796475E-4	0.03691833
7.9E-4	0.03641515
8.136239E-4	0.035889108
8.379543E-4	0.03536138
8.630122E-4	0.03483225
8.8881946E-4	0.034302007
9.153984E-4	0.03377094
9.427722E-4	0.033239324
9.7096455E-4	0.03270744
0.001	0.03217557
0.0010293103	0.031654373
0.0010594797	0.0311337
0.0010905333	0.030613795
0.0011224973	0.030094907
0.001155398	0.02957727
0.001189263	0.02906112
0.0012241206	0.028546683
0.00126	0.028034186
0.0012961533	0.027534414
0.0013333439	0.027036907
0.0013716016	0.026541857
0.0014109571	0.026049452
0.0014514418	0.02555987
0.0014930882	0.025073288
0.0015359295	0.024589876
0.00158	0.024109794
0.0016272478	0.023613466
0.0016759086	0.023121092
0.0017260244	0.02263284
0.0017776389	0.02214886
0.0018307968	0.021669306
0.0018855444	0.021194318
0.0019419291	0.02072403
0.002	0.020258574
0.0020575977	0.019814754
0.002116854	0.019375633
0.002177817	0.01894131
0.0022405356	0.018511873
0.0023050604	0.018087411
0.0023714434	0.017668005
0.0024397383	0.017253729
0.00251	0.016844653
0.0025833033	0.016435275
0.0026587474	0.016031373
0.0027363948	0.015633006
0.0028163097	0.015240227
0.0028985585	0.014853085
0.0029832094	0.014471623
0.0030703326	0.01409588
0.00316	0.013725891
0.0032524571	0.0133610265
0.0033476194	0.013001993
0.003445566	0.012648814
0.0035463783	0.012301506
0.0036501405	0.011960082
0.0037569385	0.011624552
0.003866861	0.011294923
0.00398	0.010971196
0.004096165	0.010654126
0.0042157196	0.010342923
0.0043387646	0.010037577
0.0044654002	0.009738075
0.0045957323	0.009444401
0.0047298684	0.009156535
0.0048679197	0.008874456
0.00501	0.008598137
0.005156579	0.008326913
0.0053074467	0.008061416
0.005462728	0.00780161
0.0056225527	0.007547457
0.0057870536	0.007298916
0.005956367	0.007055944
0.0061306343	0.0068184957
0.00631	0.006586523
0.006493865	0.0063608703
0.0066830874	0.0061405483
0.0068778237	0.0059255036
0.007078234	0.0057156803
0.0072844843	0.0055110217
0.0074967444	0.00531147
0.00771519	0.005116965
0.00794	0.0049274457
0.008172275	0.004742141
0.008411343	0.0045617344
0.008657407	0.0043861615
0.008910668	0.004215356
0.009171338	0.0040492527
0.009439633	0.003887784
0.009715778	0.0037308831
0.01	0.0035784824
0.010292081	0.0034307376
0.010592694	0.0032873435
0.010902087	0.0031482324
0.011220517	0.0030133359
0.011548247	0.0028825856
0.011885551	0.0027559134
0.012232705	0.002633251
0.01259	0.00251453
0.012957647	0.0023997072
0.013336032	0.0022886877
0.013725464	0.0021814029
0.01412627	0.0020777849
0.014538779	0.0019777652
0.014963334	0.0018812756
0.015400288	0.0017882476
0.01585	0.001698613
0.016312422	0.0016123793
0.016788337	0.001529396
0.017278135	0.0014495946
0.017782224	0.0013729064
0.01830102	0.0012992625
0.01883495	0.0012285939
0.019384459	0.0011608315
0.01995	0.0010959059
0.020533005	0.0010336484
0.021133045	9.740971E-4
0.021750621	9.1718195E-4
0.022386245	8.628326E-4
0.023040446	8.109785E-4
0.023713762	7.615494E-4
0.024406755	7.1447453E-4
0.02512	6.696835E-4
0.025853088	6.271617E-4
0.02660757	5.8677734E-4
0.027384069	5.484606E-4
0.02818323	5.121419E-4
0.029005712	4.777521E-4
0.029852198	4.4522234E-4
0.030723387	4.1448433E-4
0.03162	3.854703E-4
0.032543603	3.5808983E-4
0.033494186	3.3230273E-4
0.034472536	3.0804335E-4
0.03547946	2.8524693E-4
0.0365158	2.6384977E-4
0.03758241	2.4378921E-4
0.03868017	2.250038E-4
0.03981	2.0743327E-4
0.040972695	1.9102059E-4
0.042169347	1.7570615E-4
0.04340095	1.6143393E-4
0.044668525	1.4814935E-4
0.04597312	1.3579948E-4
0.047315817	1.2433292E-4
0.04869773	1.1369996E-4
0.05012	1.0385256E-4
0.0515838	9.4744435E-5
0.053090356	8.633092E-5
0.05464091	7.8569145E-5
0.05623675	7.141801E-5
0.0578792	6.4838154E-5
0.059569612	5.8791946E-5
0.0613094	5.324351E-5
0.0631	4.815869E-5
0.06494172	4.3507815E-5
0.066837184	3.925679E-5
0.06878798	3.537651E-5
0.070795715	3.1839463E-5
0.072862044	2.8619688E-5
0.074988686	2.569275E-5
0.077177405	2.3035673E-5
0.07943	2.0626905E-5
0.08174976	1.8445016E-5
0.08413727	1.6472632E-5
0.08659451	1.4692117E-5
0.08912351	1.3087052E-5
0.09172637	1.1642173E-5
0.09440525	1.0343318E-5
0.097162366	9.177368E-6
0.1	8.132196E-6
0.102919795	7.1968248E-6
0.10592484	6.360686E-6
0.109017625	5.614306E-6
0.112200715	4.9489913E-6
0.11547674	4.356775E-6
0.11884842	3.8303724E-6
0.12231855	3.3631304E-6
0.12589	2.9489881E-6
0.12956645	2.5823635E-6
0.13335027	2.258331E-6
0.13724458	1.9723484E-6
0.14125264	1.7203046E-6
0.14537773	1.4984865E-6
0.14962329	1.3035457E-6
0.15399285	1.1324673E-6
0.15849	9.825428E-7
0.16311829	8.5134707E-7
0.16788174	7.36697E-7
0.17278428	6.3664726E-7
0.17783	5.4946105E-7
0.18302307	4.7359137E-7
0.18836778	4.0766187E-7
0.19386858	3.5045042E-7
0.19953	3.0087358E-7
0.20535603	2.5797746E-7
0.21135218	2.209085E-7
0.21752341	1.8891961E-7
0.22387484	1.6135284E-7
0.23041171	1.3762987E-7
0.23713945	1.1724263E-7
0.24406363	9.974645E-8
0.25119	8.475186E-8
0.25852492	7.191799E-8
0.26607406	6.094927E-8
0.27384362	5.158738E-8
0.28184006	4.3607827E-8
0.29007	3.681563E-8
0.29854023	3.104195E-8
0.30725783	2.6140656E-8
0.31623	2.1985485E-8
0.32546407	1.8467592E-8
0.33496782	1.549314E-8
0.34474903	1.29815705E-8
0.3548159	1.08636025E-8
0.3651767	9.079934E-9
0.37584007	7.579723E-9
0.3868148	6.3195995E-9
0.39811	5.262513E-9
0.40973493	4.3768944E-9
0.42169935	3.6359098E-9
0.4340131	3.0166927E-9
0.44668642	2.4999232E-9
0.4597298	2.069183E-9
0.47315407	1.7105846E-9
0.4869703	1.4124559E-9
0.50119	1.1649075E-9
0.5158249	9.595874E-10
0.5308872	7.8955165E-10
0.5463893	6.4885675E-10
0.5623441	5.32584E-10
0.57876474	4.3667214E-10
0.59566486	3.5758263E-10
0.61305845	2.924806E-10
0.63096	2.3895386E-10
0.6493842	1.949938E-10
0.6683464	1.5893364E-10
0.6878623	1.2937829E-10
0.7079481	1.0519707E-10
0.72862035	8.543022E-11
0.7498962	6.92888E-11
0.7717934	5.6121663E-11
0.79433	4.5392023E-11
0.8175246	3.666578E-11
0.8413966	2.957168E-11
0.86596555	2.3821278E-11
0.8912519	1.915701E-11
0.9172767	1.5377144E-11
0.9440614	1.2317369E-11
0.97162825	9.855783E-12
1.0	7.871148E-12
1.029201	6.2753136E-12
1.0592546	4.9866777E-12
1.090186	3.957834E-12
1.1220205	3.1382674E-12
1.1547846	2.48368E-12
1.1885055	1.9636515E-12
1.223211	1.5449864E-12
1.25893	1.2181367E-12
1.2956905	9.598988E-13
1.3335243	7.56728E-13
1.3724631	5.9519056E-13
1.4125386	4.660716E-13
1.4537846	3.678169E-13
1.4962348	2.8810287E-13
1.5399245	2.2615243E-13
1.58489	1.757483E-13
1.6311698	1.3899992E-13
1.678801	1.0891288E-13
1.727823	8.4598994E-14
1.7782766	6.605827E-14
1.8302034	5.1292304E-14
1.8836465	4.0412118E-14
1.9386501	3.0642155E-14
1.99526	2.3536728E-14
2.0535233	1.8207658E-14
2.113488	1.3211654E-14
2.1752036	9.880985E-15
2.2387214	7.21645E-15
2.304094	5.3290705E-15
2.3713756	4.107825E-15
2.4406219	2.7755576E-15
2.51189	1.8873791E-15
2.5852382	1.6653345E-15
2.6607285	9.992007E-16
2.7384229	7.771561E-16
2.818386	4.440892E-16
2.900684	3.330669E-16
2.9853854	1.110223E-16
3.0725598	1.110223E-16
3.16228	0.0
3.2546198	0.0
3.3496559	0.0
3.447467	0.0
3.5481343	0.0
3.6517413	0.0
3.7583735	0.0
3.8681195	0.0
3.98107	0.0
4.097319	0.0
4.2169633	0.0
4.340101	0.0
4.466834	0.0
4.5972676	0.0
4.7315106	0.0
4.869673	0.0
5.01187	0.0
5.1582193	0.0
5.3088417	0.0
5.463863	0.0
5.62341	0.0
5.7876167	0.0
5.9566183	0.0
6.1305547	0.0
6.30957	0.0
6.493813	0.0
6.683436	0.0
6.878596	0.0
7.079455	0.0
7.286179	0.0
7.4989395	0.0
7.7179127	0.0
7.94328	0.0
8.175228	0.0
8.41395	0.0
8.659641	0.0
8.912508	0.0
9.172758	0.0
9.440608	0.0
9.716279	0.0
10.0	0.0



DATASET #2

Name: RSQSim
Num Points: 401
Info: 

X, Y Data:
1.0E-4	0.05922864
1.0333392E-4	0.059185483
1.06779E-4	0.05913851
1.1033893E-4	0.05908747
1.14017545E-4	0.059032105
1.178188E-4	0.058972143
1.2174679E-4	0.058907304
1.2580573E-4	0.058837306
1.3E-4	0.058761857
1.334183E-4	0.05869808
1.369265E-4	0.058630556
1.4052694E-4	0.058559123
1.4422205E-4	0.058483634
1.4801433E-4	0.05840393
1.5190631E-4	0.05831986
1.5590065E-4	0.05823126
1.6E-4	0.05813798
1.645257E-4	0.058032326
1.691794E-4	0.05792089
1.7396474E-4	0.05780347
1.7888544E-4	0.057679873
1.8394532E-4	0.05754991
1.8914833E-4	0.057413388
1.944985E-4	0.057270117
2.0E-4	0.05711992
2.0565712E-4	0.056962613
2.1147425E-4	0.056798022
2.1745593E-4	0.056625973
2.236068E-4	0.056446303
2.2993165E-4	0.056258854
2.364354E-4	0.056063466
2.4312311E-4	0.055859998
2.5E-4	0.055648312
2.5783465E-4	0.05540439
2.659148E-4	0.055150088
2.742482E-4	0.05488525
2.8284272E-4	0.05460974
2.917066E-4	0.054323435
3.0084825E-4	0.05402623
3.102764E-4	0.053718038
3.2E-4	0.053398784
3.290514E-4	0.053100634
3.383588E-4	0.052793372
3.4792948E-4	0.052476987
3.5777088E-4	0.052151468
3.6789064E-4	0.051816832
3.7829665E-4	0.051473096
3.88997E-4	0.051120296
4.0E-4	0.05075849
4.1131425E-4	0.050387725
4.229485E-4	0.050008092
4.3491187E-4	0.049619675
4.472136E-4	0.049222574
4.598633E-4	0.048816904
4.728708E-4	0.048402797
4.8624622E-4	0.047980394
5.0E-4	0.047549848
5.1465514E-4	0.047095526
5.2973983E-4	0.046632845
5.4526667E-4	0.04616202
5.612486E-4	0.04568328
5.77699E-4	0.045196857
5.946315E-4	0.044703007
6.120603E-4	0.044201992
6.3E-4	0.043694083
6.4807665E-4	0.043190308
6.6667196E-4	0.042680476
6.858008E-4	0.04216486
7.0547854E-4	0.041643754
7.257209E-4	0.04111746
7.465441E-4	0.040586274
7.6796475E-4	0.040050514
7.9E-4	0.03951049
8.136239E-4	0.03894382
8.379543E-4	0.038373236
8.630122E-4	0.037799098
8.8881946E-4	0.037221782
9.153984E-4	0.036641654
9.427722E-4	0.03605908
9.7096455E-4	0.035474442
0.001	0.034888096
0.0010293103	0.034311924
0.0010594797	0.03373481
0.0010905333	0.033157095
0.0011224973	0.032579117
0.001155398	0.03200121
0.001189263	0.0314237
0.0012241206	0.030846905
0.00126	0.030271145
0.0012961533	0.02970864
0.0013333439	0.029147713
0.0013716016	0.028588636
0.0014109571	0.028031684
0.0014514418	0.027477123
0.0014930882	0.026925208
0.0015359295	0.026376193
0.00158	0.025830317
0.0016272478	0.025265342
0.0016759086	0.024704285
0.0017260244	0.024147397
0.0017776389	0.023594914
0.0018307968	0.02304707
0.0018855444	0.02250408
0.0019419291	0.021966157
0.002	0.021433502
0.0020575977	0.020925414
0.002116854	0.02042256
0.002177817	0.019925093
0.0022405356	0.019433165
0.0023050604	0.018946912
0.0023714434	0.018466469
0.0024397383	0.01799196
0.00251	0.017523503
0.0025833033	0.01705483
0.0026587474	0.0165926
0.0027363948	0.016136907
0.0028163097	0.015687846
0.0028985585	0.015245501
0.0029832094	0.014809948
0.0030703326	0.014381259
0.00316	0.013959495
0.0032524571	0.013543963
0.0033476194	0.013135491
0.003445566	0.012734121
0.0035463783	0.012339892
0.0036501405	0.011952834
0.0037569385	0.011572976
0.003866861	0.011200335
0.00398	0.010834928
0.004096165	0.010477616
0.0042157196	0.010127517
0.0043387646	0.0097846305
0.0044654002	0.00944895
0.0045957323	0.009120466
0.0047298684	0.0087991655
0.0048679197	0.00848503
0.00501	0.0081780385
0.005156579	0.007877462
0.0053074467	0.007584006
0.005462728	0.0072976397
0.0056225527	0.0070183254
0.0057870536	0.0067460234
0.005956367	0.006480691
0.0061306343	0.0062222816
0.00631	0.005970746
0.006493865	0.0057269963
0.0066830874	0.00548996
0.0068778237	0.0052595786
0.007078234	0.005035793
0.0072844843	0.0048185396
0.0074967444	0.0046077524
0.00771519	0.004403364
0.00794	0.0042053023
0.008172275	0.00401276
0.008411343	0.003826441
0.008657407	0.0036462657
0.008910668	0.003472151
0.009171338	0.0033040105
0.009439633	0.0031417552
0.009715778	0.0029852937
0.01	0.0028345317
0.010292081	0.0026895904
0.010592694	0.002550135
0.010902087	0.0024160633
0.011220517	0.0022872712
0.011548247	0.0021636519
0.011885551	0.002045096
0.012232705	0.001931492
0.01259	0.0018227268
0.012957647	0.0017187074
0.013336032	0.0016192921
0.013725464	0.0015243621
0.01412627	0.0014337973
0.014538779	0.0013474762
0.014963334	0.0012652765
0.015400288	0.0011870747
0.01585	0.0011127471
0.016312422	0.0010422313
0.016788337	9.7533467E-4
0.017278135	9.119331E-4
0.017782224	8.519029E-4
0.01830102	7.9512096E-4
0.01883495	7.4146496E-4
0.019384459	6.9081347E-4
0.01995	6.4304634E-4
0.020533005	5.979735E-4
0.021133045	5.5555766E-4
0.021750621	5.15683E-4
0.022386245	4.7823563E-4
0.023040446	4.4310396E-4
0.023713762	4.101788E-4
0.024406755	3.793534E-4
0.02512	3.505237E-4
0.025853088	3.236234E-4
0.02660757	2.9851438E-4
0.027384069	2.7510157E-4
0.02818323	2.5329296E-4
0.029005712	2.3299962E-4
0.029852198	2.1413574E-4
0.030723387	1.9661871E-4
0.03162	1.8036914E-4
0.032543603	1.6529803E-4
0.033494186	1.5134705E-4
0.034472536	1.3844621E-4
0.03547946	1.2652868E-4
0.0365158	1.1553078E-4
0.03758241	1.0539186E-4
0.03868017	9.605435E-5
0.03981	8.746363E-5
0.040972695	7.956884E-5
0.042169347	7.232005E-5
0.04340095	6.567111E-5
0.044668525	5.9578506E-5
0.04597312	5.4001277E-5
0.047315817	4.8900933E-5
0.04869773	4.4241355E-5
0.05012	3.9988685E-5
0.0515838	3.6111276E-5
0.053090356	3.2579494E-5
0.05464091	2.9365725E-5
0.05623675	2.6444228E-5
0.0578792	2.3791052E-5
0.059569612	2.1383936E-5
0.0613094	1.9202222E-5
0.0631	1.722676E-5
0.06494172	1.5440892E-5
0.066837184	1.3826952E-5
0.06878798	1.23698355E-5
0.070795715	1.1055609E-5
0.072862044	9.871441E-6
0.074988686	8.805524E-6
0.077177405	7.847012E-6
0.07943	6.985946E-6
0.08174976	6.2127597E-6
0.08413727	5.519628E-6
0.08659451	4.8988945E-6
0.08912351	4.343566E-6
0.09172637	3.847262E-6
0.09440525	3.4041675E-6
0.097162366	3.0089896E-6
0.1	2.6569148E-6
0.102919795	2.3436444E-6
0.10592484	2.065125E-6
0.109017625	1.8177661E-6
0.112200715	1.5983179E-6
0.11547674	1.4038418E-6
0.11884842	1.231684E-6
0.12231855	1.0794508E-6
0.12589	9.449855E-7
0.12956645	8.2632533E-7
0.13335027	7.21752E-7
0.13724458	6.296977E-7
0.14125264	5.4875653E-7
0.14537773	4.77669E-7
0.14962329	4.15308E-7
0.15399285	3.6066652E-7
0.15849	3.1284551E-7
0.16311829	2.710451E-7
0.16788174	2.3454955E-7
0.17278428	2.027241E-7
0.17783	1.7500498E-7
0.18302307	1.5089203E-7
0.18836778	1.2994204E-7
0.19386858	1.1176275E-7
0.19953	9.600756E-8
0.20535603	8.237202E-8
0.21135218	7.0584406E-8
0.21752341	6.040734E-8
0.22387484	5.163208E-8
0.23041171	4.407536E-8
0.23713945	3.7576427E-8
0.24406363	3.199457E-8
0.25119	2.7206676E-8
0.25852492	2.3105018E-8
0.26607406	1.9596152E-8
0.27384362	1.6598447E-8
0.28184006	1.4040857E-8
0.29007	1.1861733E-8
0.29854023	1.0007579E-8
0.30725783	8.432069E-9
0.31623	7.0951574E-9
0.32546407	5.9622933E-9
0.33496782	5.0036304E-9
0.34474903	4.193496E-9
0.3548159	3.5098437E-9
0.3651767	2.9337088E-9
0.37584007	2.4488582E-9
0.3868148	2.041393E-9
0.39811	1.6994469E-9
0.40973493	1.4128793E-9
0.42169935	1.1730619E-9
0.4340131	9.726404E-10
0.44668642	8.053923E-10
0.4597298	6.659999E-10
0.47315407	5.4999505E-10
0.4869703	4.535926E-10
0.50119	3.7358527E-10
0.5158249	3.072762E-10
0.5308872	2.5240565E-10
0.5463893	2.0706581E-10
0.5623441	1.6963586E-10
0.57876474	1.3878942E-10
0.59566486	1.1340784E-10
0.61305845	9.2544195E-11
0.63096	7.5423E-11
0.6493842	6.1385674E-11
0.6683464	4.9901194E-11
0.6878623	4.0510928E-11
0.7079481	3.2843506E-11
0.72862035	2.6585734E-11
0.7498962	2.1494917E-11
0.7717934	1.7348456E-11
0.79433	1.3988366E-11
0.8175246	1.12677645E-11
0.8413966	9.062084E-12
0.86596555	7.2784E-12
0.8912519	5.8228977E-12
0.9172767	4.6608273E-12
0.9440614	3.7274628E-12
0.97162825	2.9825031E-12
1.0	2.3669955E-12
1.029201	1.8793855E-12
1.0592546	1.488698E-12
1.090186	1.1810553E-12
1.1220205	9.371393E-13
1.1547846	7.406298E-13
1.1885055	5.859757E-13
1.223211	4.6318505E-13
1.25893	3.6559644E-13
1.2956905	2.88769E-13
1.3335243	2.2692959E-13
1.3724631	1.7930102E-13
1.4125386	1.4155344E-13
1.4537846	1.1091128E-13
1.4962348	8.6486374E-14
1.5399245	6.861178E-14
1.58489	5.3845817E-14
1.6311698	4.1078252E-14
1.678801	3.2529535E-14
1.727823	2.509104E-14
1.7782766	2.0095037E-14
1.8302034	1.5987212E-14
1.8836465	1.1990409E-14
1.9386501	9.325873E-15
1.99526	7.21645E-15
2.0535233	5.2180482E-15
2.113488	3.330669E-15
2.1752036	1.7763568E-15
2.2387214	1.3322676E-15
2.304094	9.992007E-16
2.3713756	7.771561E-16
2.4406219	3.330669E-16
2.51189	3.330669E-16
2.5852382	2.220446E-16
2.6607285	2.220446E-16
2.7384229	1.110223E-16
2.818386	1.110223E-16
2.900684	1.110223E-16
2.9853854	1.110223E-16
3.0725598	0.0
3.16228	0.0
3.2546198	0.0
3.3496559	0.0
3.447467	0.0
3.5481343	0.0
3.6517413	0.0
3.7583735	0.0
3.8681195	0.0
3.98107	0.0
4.097319	0.0
4.2169633	0.0
4.340101	0.0
4.466834	0.0
4.5972676	0.0
4.7315106	0.0
4.869673	0.0
5.01187	0.0
5.1582193	0.0
5.3088417	0.0
5.463863	0.0
5.62341	0.0
5.7876167	0.0
5.9566183	0.0
6.1305547	0.0
6.30957	0.0
6.493813	0.0
6.683436	0.0
6.878596	0.0
7.079455	0.0
7.286179	0.0
7.4989395	0.0
7.7179127	0.0
7.94328	0.0
8.175228	0.0
8.41395	0.0
8.659641	0.0
8.912508	0.0
9.172758	0.0
9.440608	0.0
9.716279	0.0
10.0	0.0



DATASET #3

Name: 1000yr
Num Points: 2
Info: 

X, Y Data:
0.001	0.001
10.0	0.001



DATASET #4

Name: 2500yr
Num Points: 2
Info: 

X, Y Data:
0.001	4.0E-4
10.0	4.0E-4



DATASET #5

Name: 10000yr
Num Points: 2
Info: 

X, Y Data:
0.001	1.0E-4
10.0	1.0E-4


