
X-Axis: Normalized Interevent Time
Y-Axis: Probability
Number of Data Sets: 3


DATASET #1

     Name: Bruce 4320 Histogram
   Points: 41
     Info: 

Data[x,y]:
0.05	  0.004222687
0.15	  0.00499874
0.25	  0.007619523
0.35	  0.012538176
0.45	  0.018131576
0.55	  0.030728448
0.65	  0.044523537
0.75	  0.06843453
0.85	  0.11814042
0.95	  0.19917782
1.05	  0.21554834
1.15	  0.12294784
1.25	  0.058345668
1.35	  0.03292741
1.45	  0.018885553
1.55	  0.012448678
1.65	  0.008813977
1.75	  0.006028914
1.85	  0.0038670884
1.95	  0.0026690406
2.05	  0.0018787842
2.15	  0.0014396767
2.25	  0.0011561222
2.35	  8.2328357E-4
2.45	  6.417197E-4
2.55	  4.7555706E-4
2.65	  3.862297E-4
2.75	  3.1863523E-4
2.85	  2.5189636E-4
2.95	  2.0072992E-4
3.05	  1.9320041E-4
3.15	  1.8960677E-4
3.25	  1.4887897E-4
3.35	  1.11402536E-4
3.45	  1.3381995E-4
3.55	  9.925265E-5
3.65	  8.145562E-5
3.75	  6.331634E-5
3.85	  4.8086196E-5
3.95	  3.7305304E-5
4.05	  3.2308447E-4



DATASET #2

     Name: Log-Normal Fit
   Points: 401
     Info: 

Data[x,y]:
0.005	  0.0
0.015	  3.2915162E-35
0.025	  1.7927023E-28
0.035	  3.9083376E-24
0.045	  5.072629E-21
0.055	  1.2154355E-18
0.065	  9.547867E-17
0.075	  3.4175696E-15
0.085	  6.846539E-14
0.095	  8.8018194E-13
0.105	  7.987891E-12
0.115	  5.4824777E-11
0.125	  2.9954692E-10
0.135	  1.35471E-9
0.145	  5.2274345E-9
0.155	  1.7627727E-8
0.165	  5.2955862E-8
0.175	  1.4395341E-7
0.185	  3.5866867E-7
0.195	  8.278607E-7
0.205	  1.7860507E-6
0.215	  3.6289703E-6
0.225	  6.9890884E-6
0.235	  1.282928E-5
0.245	  2.2552675E-5
0.255	  3.8124566E-5
0.265	  6.220021E-5
0.275	  9.8250704E-5
0.285	  1.5067807E-4
0.295	  2.2491037E-4
0.305	  3.274683E-4
0.315	  4.6599546E-4
0.325	  6.49247E-4
0.335	  8.87033E-4
0.345	  0.0011901152
0.355	  0.0015700597
0.365	  0.0020390477
0.375	  0.0026096527
0.385	  0.003294588
0.395	  0.004106437
0.405	  0.0050573726
0.415	  0.0061588776
0.425	  0.0074214716
0.435	  0.008854457
0.445	  0.010465688
0.455	  0.012261372
0.465	  0.014245902
0.475	  0.016421735
0.485	  0.0187893
0.495	  0.02134696
0.505	  0.024091007
0.515	  0.027015688
0.525	  0.030113285
0.535	  0.033374216
0.545	  0.036787163
0.555	  0.040339224
0.565	  0.044016097
0.575	  0.04780226
0.585	  0.051681176
0.595	  0.055635504
0.605	  0.059647292
0.615	  0.063698195
0.625	  0.06776968
0.635	  0.07184319
0.645	  0.075900376
0.655	  0.07992322
0.665	  0.0838942
0.675	  0.08779647
0.685	  0.09161392
0.695	  0.09533133
0.705	  0.09893447
0.715	  0.10241011
0.725	  0.10574614
0.735	  0.10893162
0.745	  0.111956745
0.755	  0.114812925
0.765	  0.11749274
0.775	  0.119989984
0.785	  0.12229958
0.795	  0.12441761
0.805	  0.12634124
0.815	  0.1280687
0.825	  0.12959921
0.835	  0.13093297
0.845	  0.13207106
0.855	  0.13301538
0.865	  0.13376862
0.875	  0.13433418
0.885	  0.13471606
0.895	  0.13491893
0.905	  0.13494787
0.915	  0.13480848
0.925	  0.13450676
0.935	  0.13404901
0.945	  0.13344184
0.955	  0.13269205
0.965	  0.13180667
0.975	  0.13079281
0.985	  0.12965773
0.995	  0.12840866
1.005	  0.12705287
1.015	  0.12559764
1.025	  0.12405012
1.035	  0.122417405
1.045	  0.12070649
1.055	  0.118924215
1.065	  0.117077254
1.075	  0.11517212
1.085	  0.11321512
1.095	  0.111212365
1.105	  0.10916975
1.115	  0.107092954
1.125	  0.104987405
1.135	  0.10285831
1.145	  0.10071063
1.155	  0.09854908
1.165	  0.09637815
1.175	  0.09420206
1.185	  0.09202482
1.195	  0.08985017
1.205	  0.087681666
1.215	  0.08552258
1.225	  0.08337598
1.235	  0.08124474
1.245	  0.079131484
1.255	  0.077038646
1.265	  0.07496847
1.275	  0.072923
1.285	  0.070904076
1.295	  0.06891341
1.305	  0.06695248
1.315	  0.06502267
1.325	  0.063125156
1.335	  0.061260995
1.345	  0.059431095
1.355	  0.057636235
1.365	  0.055877075
1.375	  0.05415415
1.385	  0.05246789
1.395	  0.050818622
1.405	  0.049206577
1.415	  0.04763189
1.425	  0.046094615
1.435	  0.04459474
1.445	  0.04313216
1.455	  0.04170672
1.465	  0.0403182
1.475	  0.038966317
1.485	  0.03765075
1.495	  0.036371116
1.505	  0.035127003
1.515	  0.033917952
1.525	  0.032743473
1.535	  0.03160305
1.545	  0.030496128
1.555	  0.029422143
1.565	  0.028380502
1.575	  0.027370594
1.585	  0.026391797
1.595	  0.02544347
1.605	  0.024524972
1.615	  0.023635646
1.625	  0.02277483
1.635	  0.021941863
1.645	  0.021136075
1.655	  0.020356802
1.665	  0.019603375
1.675	  0.018875133
1.685	  0.018171417
1.695	  0.017491566
1.705	  0.016834933
1.715	  0.016200876
1.725	  0.015588758
1.735	  0.014997951
1.745	  0.014427836
1.755	  0.013877803
1.765	  0.013347256
1.775	  0.012835602
1.785	  0.012342266
1.795	  0.011866679
1.805	  0.011408287
1.815	  0.010966545
1.825	  0.010540921
1.835	  0.010130896
1.845	  0.009735962
1.855	  0.009355623
1.865	  0.008989396
1.875	  0.008636807
1.885	  0.0082974
1.895	  0.007970726
1.905	  0.0076563517
1.915	  0.0073538516
1.925	  0.007062816
1.935	  0.006782845
1.945	  0.00651355
1.955	  0.0062545543
1.965	  0.0060054925
1.975	  0.00576601
1.985	  0.0055357628
1.995	  0.005314418
2.005	  0.005101653
2.015	  0.004897155
2.025	  0.0047006216
2.035	  0.00451176
2.045	  0.004330287
2.055	  0.0041559287
2.065	  0.0039884197
2.075	  0.003827505
2.085	  0.0036729365
2.095	  0.0035244755
2.105	  0.0033818912
2.115	  0.0032449611
2.125	  0.0031134698
2.135	  0.0029872097
2.145	  0.0028659808
2.155	  0.0027495902
2.165	  0.002637851
2.175	  0.0025305843
2.185	  0.0024276164
2.195	  0.0023287807
2.205	  0.0022339167
2.215	  0.002142869
2.225	  0.0020554885
2.235	  0.0019716318
2.245	  0.0018911603
2.255	  0.0018139407
2.265	  0.0017398449
2.275	  0.0016687494
2.285	  0.0016005355
2.295	  0.0015350888
2.305	  0.0014722993
2.315	  0.0014120615
2.325	  0.0013542734
2.335	  0.0012988372
2.345	  0.0012456588
2.355	  0.001194648
2.365	  0.0011457176
2.375	  0.001098784
2.385	  0.0010537672
2.395	  0.0010105895
2.405	  9.691771E-4
2.415	  9.2945853E-4
2.425	  8.913654E-4
2.435	  8.5483195E-4
2.445	  8.1979483E-4
2.455	  7.8619353E-4
2.465	  7.539696E-4
2.475	  7.2306715E-4
2.485	  6.9343246E-4
2.495	  6.650138E-4
2.505	  6.377617E-4
2.515	  6.116286E-4
2.525	  5.865687E-4
2.535	  5.6253833E-4
2.545	  5.3949526E-4
2.555	  5.173992E-4
2.565	  4.962114E-4
2.575	  4.7589463E-4
2.585	  4.5641317E-4
2.595	  4.377328E-4
2.605	  4.1982063E-4
2.615	  4.0264512E-4
2.625	  3.8617608E-4
2.635	  3.703844E-4
2.645	  3.552423E-4
2.655	  3.4072305E-4
2.665	  3.26801E-4
2.675	  3.1345163E-4
2.685	  3.006513E-4
2.695	  2.8837746E-4
2.705	  2.7660836E-4
2.715	  2.653233E-4
2.725	  2.5450223E-4
2.735	  2.4412606E-4
2.745	  2.3417646E-4
2.755	  2.2463583E-4
2.765	  2.1548731E-4
2.775	  2.0671471E-4
2.785	  1.9830253E-4
2.795	  1.9023588E-4
2.805	  1.8250053E-4
2.815	  1.750828E-4
2.825	  1.6796956E-4
2.835	  1.6114826E-4
2.845	  1.5460684E-4
2.855	  1.4833377E-4
2.865	  1.4231795E-4
2.875	  1.3654877E-4
2.885	  1.3101604E-4
2.895	  1.2571004E-4
2.905	  1.20621364E-4
2.915	  1.15741066E-4
2.925	  1.1106055E-4
2.935	  1.0657158E-4
2.945	  1.0226623E-4
2.955	  9.813695E-5
2.965	  9.4176474E-5
2.975	  9.037783E-5
2.985	  8.6734355E-5
2.995	  8.323965E-5
3.005	  7.9887584E-5
3.015	  7.667228E-5
3.025	  7.358811E-5
3.035	  7.062966E-5
3.045	  6.779177E-5
3.055	  6.5069464E-5
3.065	  6.245799E-5
3.075	  5.995279E-5
3.085	  5.7549485E-5
3.095	  5.5243894E-5
3.105	  5.3031996E-5
3.115	  5.0909937E-5
3.125	  4.8874033E-5
3.135	  4.692074E-5
3.145	  4.5046672E-5
3.155	  4.3248576E-5
3.165	  4.152333E-5
3.175	  3.986795E-5
3.185	  3.8279577E-5
3.195	  3.6755457E-5
3.205	  3.529296E-5
3.215	  3.3889562E-5
3.225	  3.254285E-5
3.235	  3.1250493E-5
3.245	  3.001028E-5
3.255	  2.8820072E-5
3.265	  2.7677828E-5
3.275	  2.658159E-5
3.285	  2.5529478E-5
3.295	  2.4519692E-5
3.305	  2.3550505E-5
3.315	  2.2620261E-5
3.325	  2.1727374E-5
3.335	  2.0870324E-5
3.345	  2.0047648E-5
3.355	  1.9257952E-5
3.365	  1.849989E-5
3.375	  1.777218E-5
3.385	  1.7073586E-5
3.395	  1.6402926E-5
3.405	  1.575907E-5
3.415	  1.5140924E-5
3.425	  1.454745E-5
3.435	  1.39776475E-5
3.445	  1.3430557E-5
3.455	  1.290526E-5
3.465	  1.2400874E-5
3.475	  1.1916553E-5
3.485	  1.1451489E-5
3.495	  1.10049E-5
3.505	  1.0576044E-5
3.515	  1.0164203E-5
3.525	  9.768692E-6
3.535	  9.388853E-6
3.545	  9.024054E-6
3.555	  8.673691E-6
3.565	  8.337182E-6
3.575	  8.013972E-6
3.585	  7.703524E-6
3.595	  7.405328E-6
3.605	  7.1188906E-6
3.615	  6.843741E-6
3.625	  6.579427E-6
3.635	  6.3255143E-6
3.645	  6.081587E-6
3.655	  5.8472447E-6
3.665	  5.622105E-6
3.675	  5.4058005E-6
3.685	  5.1979778E-6
3.695	  4.9982987E-6
3.705	  4.806438E-6
3.715	  4.6220853E-6
3.725	  4.4449403E-6
3.735	  4.2747174E-6
3.745	  4.1111402E-6
3.755	  3.953945E-6
3.765	  3.8028788E-6
3.775	  3.6576978E-6
3.785	  3.5181686E-6
3.795	  3.3840672E-6
3.805	  3.2551789E-6
3.815	  3.131297E-6
3.825	  3.0122235E-6
3.835	  2.8977686E-6
3.845	  2.7877495E-6
3.855	  2.6819914E-6
3.865	  2.580326E-6
3.875	  2.482592E-6
3.885	  2.3886346E-6
3.895	  2.2983052E-6
3.905	  2.211461E-6
3.915	  2.1279648E-6
3.925	  2.0476855E-6
3.935	  1.9704964E-6
3.945	  1.8962764E-6
3.955	  1.8249094E-6
3.965	  1.7562834E-6
3.975	  1.690291E-6
3.985	  1.6268294E-6
3.995	  1.5657997E-6
4.005	  1.5071067E-6



DATASET #3

     Name: BPT Fit
   Points: 401
     Info: Mean = 100.0, Aperiodicity = 0.5, Duration = 30.0, Delta T = 1.0, Num Points = 500, Historic Open Interval = 0.0
Computed mean = 0.993996

Data[x,y]:
0.0	  0.0
0.01	  0.0
0.02	  0.0
0.03	  0.0
0.04	  0.0
0.05	  1.31331E-39
0.06	  2.2770497E-32
0.07	  3.2070441E-27
0.08	  2.240677E-23
0.09	  2.1199185E-20
0.1	  4.9583377E-18
0.11	  4.2035506E-16
0.12	  1.6666317E-14
0.13	  3.6859906E-13
0.14	  5.156827E-12
0.15	  5.0042755E-11
0.16	  3.6092135E-10
0.17	  2.0393955E-9
0.18	  9.405999E-9
0.19	  3.6572885E-8
0.2	  1.230218E-7
0.21	  3.655489E-7
0.22	  9.760329E-7
0.23	  2.3749712E-6
0.24	  5.328703E-6
0.25	  1.11334275E-5
0.26	  2.1842083E-5
0.27	  4.052212E-5
0.28	  7.152477E-5
0.29	  1.2074099E-4
0.3	  1.9581692E-4
0.31	  3.06303E-4
0.32	  4.63715E-4
0.33	  6.8149203E-4
0.34	  9.7484526E-4
0.35	  0.0013604993
0.36	  0.0018563358
0.37	  0.0024809574
0.38	  0.003253192
0.39	  0.0041915616
0.4	  0.005313744
0.41	  0.0066360463
0.42	  0.008172918
0.43	  0.009936514
0.44	  0.011936332
0.45	  0.014178926
0.46	  0.016667705
0.47	  0.019402813
0.48	  0.02238111
0.49	  0.025596205
0.5	  0.02903859
0.51	  0.032695815
0.52	  0.036552735
0.53	  0.040591784
0.54	  0.04479329
0.55	  0.049135808
0.56	  0.053596474
0.57	  0.058151353
0.58	  0.06277578
0.59	  0.06744472
0.6	  0.07213304
0.61	  0.076815866
0.62	  0.08146879
0.63	  0.08606818
0.64	  0.09059136
0.65	  0.09501681
0.66	  0.099324286
0.67	  0.103495024
0.68	  0.10751176
0.69	  0.111358866
0.7	  0.115022354
0.71	  0.11848991
0.72	  0.12175094
0.73	  0.12479648
0.74	  0.12761922
0.75	  0.13021345
0.76	  0.132575
0.77	  0.13470116
0.78	  0.1365906
0.79	  0.13824329
0.8	  0.13966046
0.81	  0.14084442
0.82	  0.14179854
0.83	  0.14252713
0.84	  0.14303534
0.85	  0.14332907
0.86	  0.14341488
0.87	  0.14329994
0.88	  0.14299186
0.89	  0.14249869
0.9	  0.1418288
0.91	  0.14099087
0.92	  0.1399937
0.93	  0.13884628
0.94	  0.13755764
0.95	  0.13613687
0.96	  0.134593
0.97	  0.13293497
0.98	  0.13117169
0.99	  0.12931183
1.0	  0.12736392
1.01	  0.12533632
1.02	  0.12323709
1.03	  0.1210741
1.04	  0.11885494
1.05	  0.116586894
1.06	  0.11427698
1.07	  0.11193192
1.08	  0.10955811
1.09	  0.10716166
1.1	  0.10474836
1.11	  0.10232367
1.12	  0.09989278
1.13	  0.09746053
1.14	  0.0950315
1.15	  0.092609935
1.16	  0.09019982
1.17	  0.08780485
1.18	  0.085428424
1.19	  0.0830737
1.2	  0.080743566
1.21	  0.07844066
1.22	  0.0761674
1.23	  0.07392594
1.24	  0.07171825
1.25	  0.06954607
1.26	  0.06741096
1.27	  0.06531427
1.28	  0.06325718
1.29	  0.06124071
1.3	  0.0592657
1.31	  0.057332862
1.32	  0.055442754
1.33	  0.05359581
1.34	  0.05179233
1.35	  0.050032515
1.36	  0.04831644
1.37	  0.046644103
1.38	  0.04501539
1.39	  0.04343012
1.4	  0.04188802
1.41	  0.04038876
1.42	  0.038931936
1.43	  0.037517086
1.44	  0.0361437
1.45	  0.034811225
1.46	  0.03351905
1.47	  0.032266535
1.48	  0.03105301
1.49	  0.029877774
1.5	  0.028740099
1.51	  0.027639234
1.52	  0.026574414
1.53	  0.02554486
1.54	  0.024549775
1.55	  0.023588357
1.56	  0.022659803
1.57	  0.021763295
1.58	  0.020898024
1.59	  0.02006317
1.6	  0.019257927
1.61	  0.018481484
1.62	  0.017733037
1.63	  0.017011795
1.64	  0.016316965
1.65	  0.01564777
1.66	  0.015003442
1.67	  0.014383221
1.68	  0.013786363
1.69	  0.013212133
1.7	  0.012659811
1.71	  0.012128692
1.72	  0.011618081
1.73	  0.011127301
1.74	  0.010655687
1.75	  0.010202594
1.76	  0.009767386
1.77	  0.009349447
1.78	  0.008948174
1.79	  0.008562981
1.8	  0.008193296
1.81	  0.007838564
1.82	  0.007498244
1.83	  0.007171811
1.84	  0.006858755
1.85	  0.0065585813
1.86	  0.00627081
1.87	  0.0059949746
1.88	  0.0057306252
1.89	  0.005477324
1.9	  0.0052346485
1.91	  0.005002189
1.92	  0.0047795493
1.93	  0.004566347
1.94	  0.004362212
1.95	  0.004166787
1.96	  0.0039797267
1.97	  0.0038006976
1.98	  0.0036293785
1.99	  0.0034654592
2.0	  0.0033086403
2.01	  0.0031586338
2.02	  0.0030151615
2.03	  0.0028779558
2.04	  0.002746759
2.05	  0.0026213226
2.06	  0.0025014076
2.07	  0.0023867844
2.08	  0.0022772315
2.09	  0.0021725362
2.1	  0.002072494
2.11	  0.001976908
2.12	  0.0018855896
2.13	  0.0017983569
2.14	  0.0017150355
2.15	  0.0016354581
2.16	  0.0015594636
2.17	  0.0014868977
2.18	  0.0014176122
2.19	  0.0013514649
2.2	  0.0012883192
2.21	  0.0012280445
2.22	  0.0011705151
2.23	  0.0011156107
2.24	  0.001063216
2.25	  0.0010132204
2.26	  9.6551795E-4
2.27	  9.2000706E-4
2.28	  8.765905E-4
2.29	  8.3517504E-4
2.3	  7.9567154E-4
2.31	  7.579945E-4
2.32	  7.2206213E-4
2.33	  6.877961E-4
2.34	  6.551215E-4
2.35	  6.239666E-4
2.36	  5.9426273E-4
2.37	  5.659443E-4
2.38	  5.389484E-4
2.39	  5.1321497E-4
2.4	  4.886866E-4
2.41	  4.6530835E-4
2.42	  4.4302765E-4
2.43	  4.2179428E-4
2.44	  4.0156025E-4
2.45	  3.8227966E-4
2.46	  3.639087E-4
2.47	  3.4640543E-4
2.48	  3.297298E-4
2.49	  3.1384363E-4
2.5	  2.9871034E-4
2.51	  2.8429503E-4
2.52	  2.7056437E-4
2.53	  2.5748654E-4
2.54	  2.4503114E-4
2.55	  2.3316918E-4
2.56	  2.2187292E-4
2.57	  2.1111593E-4
2.58	  2.0087296E-4
2.59	  1.9111992E-4
2.6	  1.8183382E-4
2.61	  1.7299272E-4
2.62	  1.6457566E-4
2.63	  1.5656269E-4
2.64	  1.4893475E-4
2.65	  1.4167363E-4
2.66	  1.3476204E-4
2.67	  1.2818338E-4
2.68	  1.2192193E-4
2.69	  1.159626E-4
2.7	  1.1029106E-4
2.71	  1.0489364E-4
2.72	  9.975728E-5
2.73	  9.4869545E-5
2.74	  9.021859E-5
2.75	  8.579311E-5
2.76	  8.158233E-5
2.77	  7.757598E-5
2.78	  7.376428E-5
2.79	  7.01379E-5
2.8	  6.668796E-5
2.81	  6.340597E-5
2.82	  6.0283885E-5
2.83	  5.7314002E-5
2.84	  5.4489E-5
2.85	  5.18019E-5
2.86	  4.9246053E-5
2.87	  4.6815127E-5
2.88	  4.450309E-5
2.89	  4.2304197E-5
2.9	  4.021297E-5
2.91	  3.8224207E-5
2.92	  3.6332938E-5
2.93	  3.4534438E-5
2.94	  3.282421E-5
2.95	  3.1197967E-5
2.96	  2.9651625E-5
2.97	  2.8181305E-5
2.98	  2.6783304E-5
2.99	  2.5454105E-5
3.0	  2.4190354E-5
3.01	  2.2988861E-5
3.02	  2.1846588E-5
3.03	  2.0760646E-5
3.04	  1.9728284E-5
3.05	  1.8746881E-5
3.06	  1.7813945E-5
3.07	  1.6927108E-5
3.08	  1.6084108E-5
3.09	  1.5282798E-5
3.1	  1.4521138E-5
3.11	  1.3797179E-5
3.12	  1.3109073E-5
3.13	  1.2455058E-5
3.14	  1.183346E-5
3.15	  1.1242685E-5
3.16	  1.0681218E-5
3.17	  1.0147614E-5
3.18	  9.640503E-6
3.19	  9.15858E-6
3.2	  8.700603E-6
3.21	  8.2653905E-6
3.22	  7.851821E-6
3.23	  7.4588243E-6
3.24	  7.0853857E-6
3.25	  6.730538E-6
3.26	  6.3933626E-6
3.27	  6.072986E-6
3.28	  5.7685756E-6
3.29	  5.4793422E-6
3.3	  5.2045343E-6
3.31	  4.9434366E-6
3.32	  4.6953696E-6
3.33	  4.4596873E-6
3.34	  4.2357756E-6
3.35	  4.0230498E-6
3.36	  3.8209546E-6
3.37	  3.6289625E-6
3.38	  3.446571E-6
3.39	  3.2733033E-6
3.4	  3.1087052E-6
3.41	  2.9523458E-6
3.42	  2.8038146E-6
3.43	  2.6627224E-6
3.44	  2.5286986E-6
3.45	  2.401391E-6
3.46	  2.2804647E-6
3.47	  2.1656017E-6
3.48	  2.0564996E-6
3.49	  1.952871E-6
3.5	  1.8544425E-6
3.51	  1.7609549E-6
3.52	  1.672161E-6
3.53	  1.5878267E-6
3.54	  1.5077288E-6
3.55	  1.4316558E-6
3.56	  1.3594063E-6
3.57	  1.2907889E-6
3.58	  1.225622E-6
3.59	  1.1637329E-6
3.6	  1.1049575E-6
3.61	  1.0491399E-6
3.62	  9.961317E-7
3.63	  9.4579235E-7
3.64	  8.9798795E-7
3.65	  8.5259137E-7
3.66	  8.0948195E-7
3.67	  7.6854485E-7
3.68	  7.296711E-7
3.69	  6.927571E-7
3.7	  6.577045E-7
3.71	  6.244198E-7
3.72	  5.9281416E-7
3.73	  5.628032E-7
3.74	  5.343069E-7
3.75	  5.072489E-7
3.76	  4.81557E-7
3.77	  4.5716246E-7
3.78	  4.3400001E-7
3.79	  4.1200767E-7
3.8	  3.911265E-7
3.81	  3.713006E-7
3.82	  3.5247677E-7
3.83	  3.3460458E-7
3.84	  3.1763608E-7
3.85	  3.0152574E-7
3.86	  2.8623026E-7
3.87	  2.7170861E-7
3.88	  2.5792176E-7
3.89	  2.4483262E-7
3.9	  2.3240604E-7
3.91	  2.2060853E-7
3.92	  2.0940838E-7
3.93	  1.9877544E-7
3.94	  1.8868106E-7
3.95	  1.7909804E-7
3.96	  1.7000056E-7
3.97	  1.613641E-7
3.98	  1.5316535E-7
3.99	  1.4538219E-7
4.0	  1.3799362E-7


