
X-Axis: Normalized Interevent Time
Y-Axis: Probability
Number of Data Sets: 3


DATASET #1

     Name: Bruce 4320 Histogram
   Points: 41
     Info: 

Data[x,y]:
0.05	  0.0655795
0.15	  0.045232397
0.25	  0.043885898
0.35	  0.043586675
0.45	  0.046678636
0.55	  0.04907241
0.65	  0.04613006
0.75	  0.04917215
0.85	  0.05311191
0.95	  0.06353481
1.05	  0.07271095
1.15	  0.06104129
1.25	  0.07096549
1.35	  0.053660482
1.45	  0.046778377
1.55	  0.038998604
1.65	  0.031817276
1.75	  0.024635946
1.85	  0.018102933
1.95	  0.013863954
2.05	  0.012367844
2.15	  0.011220826
2.25	  0.008378217
2.35	  0.0055854777
2.45	  0.006632755
2.55	  0.004588071
2.65	  0.002643128
2.75	  0.0019449431
2.85	  0.0019449431
2.95	  0.0010971475
3.05	  0.0012467584
3.15	  4.4883305E-4
3.25	  0.0012966287
3.35	  4.4883305E-4
3.45	  2.493517E-4
3.55	  3.989627E-4
3.65	  1.9948135E-4
3.75	  4.9870338E-5
3.85	  1.49611E-4
3.95	  4.9870338E-5
4.05	  4.987034E-4



DATASET #2

     Name: Log-Normal Fit
   Points: 401
     Info: 

Data[x,y]:
0.005	  9.997558E-13
0.015	  2.164595E-9
0.025	  1.08836346E-7
0.035	  1.3043915E-6
0.045	  7.4399572E-6
0.055	  2.7312917E-5
0.065	  7.536419E-5
0.075	  1.7074484E-4
0.085	  3.3537496E-4
0.095	  5.917322E-4
0.105	  9.6087955E-4
0.115	  0.0014609771
0.125	  0.0021063343
0.135	  0.0029069495
0.145	  0.00386844
0.155	  0.0049922545
0.165	  0.0062760725
0.175	  0.0077143083
0.185	  0.0092986645
0.195	  0.011018681
0.205	  0.012862264
0.215	  0.014816168
0.225	  0.016866418
0.235	  0.018998682
0.245	  0.021198584
0.255	  0.023451945
0.265	  0.025745006
0.275	  0.028064579
0.285	  0.030398164
0.295	  0.03273404
0.305	  0.035061315
0.315	  0.037369967
0.325	  0.03965085
0.335	  0.0418957
0.345	  0.044097103
0.355	  0.04624848
0.365	  0.04834406
0.375	  0.050378826
0.385	  0.052348476
0.395	  0.05424939
0.405	  0.056078583
0.415	  0.05783363
0.425	  0.059512664
0.435	  0.0611143
0.445	  0.0626376
0.455	  0.06408204
0.465	  0.06544745
0.475	  0.066734016
0.485	  0.06794219
0.495	  0.06907269
0.505	  0.070126496
0.515	  0.07110474
0.525	  0.07200879
0.535	  0.0728401
0.545	  0.073600315
0.555	  0.07429115
0.565	  0.07491442
0.575	  0.07547201
0.585	  0.07596589
0.595	  0.07639804
0.605	  0.07677048
0.615	  0.077085264
0.625	  0.07734445
0.635	  0.07755009
0.645	  0.07770425
0.655	  0.077808954
0.665	  0.07786624
0.675	  0.07787809
0.685	  0.07784647
0.695	  0.07777332
0.705	  0.07766054
0.715	  0.07750997
0.725	  0.07732345
0.735	  0.077102736
0.745	  0.07684955
0.755	  0.076565586
0.765	  0.07625246
0.775	  0.07591177
0.785	  0.075545035
0.795	  0.07515376
0.805	  0.07473936
0.815	  0.07430324
0.825	  0.07384673
0.835	  0.07337113
0.845	  0.072877675
0.855	  0.07236757
0.865	  0.07184198
0.875	  0.07130199
0.885	  0.07074867
0.895	  0.07018306
0.905	  0.06960612
0.915	  0.069018796
0.925	  0.06842199
0.935	  0.067816556
0.945	  0.06720332
0.955	  0.066583075
0.965	  0.065956555
0.975	  0.06532449
0.985	  0.064687565
0.995	  0.06404643
1.005	  0.0634017
1.015	  0.062753975
1.025	  0.062103804
1.035	  0.061451733
1.045	  0.060798265
1.055	  0.06014388
1.065	  0.059489038
1.075	  0.058834173
1.085	  0.058179688
1.095	  0.057525977
1.105	  0.056873403
1.115	  0.056222312
1.125	  0.055573035
1.135	  0.054925878
1.145	  0.054281123
1.155	  0.053639054
1.165	  0.05299992
1.175	  0.052363966
1.185	  0.05173141
1.195	  0.05110247
1.205	  0.050477337
1.215	  0.0498562
1.225	  0.049239226
1.235	  0.048626576
1.245	  0.048018392
1.255	  0.047414817
1.265	  0.046815973
1.275	  0.046221975
1.285	  0.045632936
1.295	  0.04504894
1.305	  0.04447009
1.315	  0.04389646
1.325	  0.043328114
1.335	  0.04276513
1.345	  0.042207558
1.355	  0.041655455
1.365	  0.041108858
1.375	  0.040567808
1.385	  0.040032342
1.395	  0.039502483
1.405	  0.038978253
1.415	  0.03845967
1.425	  0.037946746
1.435	  0.03743949
1.445	  0.036937907
1.455	  0.036441993
1.465	  0.03595175
1.475	  0.035467166
1.485	  0.034988232
1.495	  0.034514934
1.505	  0.034047253
1.515	  0.033585176
1.525	  0.033128675
1.535	  0.032677732
1.545	  0.032232314
1.555	  0.031792395
1.565	  0.031357944
1.575	  0.030928927
1.585	  0.030505313
1.595	  0.030087063
1.605	  0.02967414
1.615	  0.029266508
1.625	  0.028864125
1.635	  0.02846695
1.645	  0.028074939
1.655	  0.02768805
1.665	  0.027306242
1.675	  0.026929464
1.685	  0.026557675
1.695	  0.026190825
1.705	  0.025828868
1.715	  0.025471758
1.725	  0.025119446
1.735	  0.024771882
1.745	  0.02442902
1.755	  0.024090808
1.765	  0.023757199
1.775	  0.02342814
1.785	  0.023103584
1.795	  0.02278348
1.805	  0.022467779
1.815	  0.02215643
1.825	  0.021849383
1.835	  0.021546587
1.845	  0.021247994
1.855	  0.020953553
1.865	  0.020663215
1.875	  0.020376928
1.885	  0.020094644
1.895	  0.019816315
1.905	  0.01954189
1.915	  0.019271322
1.925	  0.01900456
1.935	  0.018741557
1.945	  0.018482266
1.955	  0.018226638
1.965	  0.017974624
1.975	  0.017726181
1.985	  0.01748126
1.995	  0.017239815
2.005	  0.017001798
2.015	  0.016767167
2.025	  0.016535874
2.035	  0.016307876
2.045	  0.016083127
2.055	  0.015861584
2.065	  0.015643202
2.075	  0.0154279405
2.085	  0.0152157545
2.095	  0.015006603
2.105	  0.014800442
2.115	  0.014597233
2.125	  0.014396934
2.135	  0.014199503
2.145	  0.014004901
2.155	  0.013813089
2.165	  0.013624026
2.175	  0.013437675
2.185	  0.013253997
2.195	  0.0130729545
2.205	  0.012894509
2.215	  0.012718624
2.225	  0.012545264
2.235	  0.012374393
2.245	  0.012205973
2.255	  0.012039972
2.265	  0.011876351
2.275	  0.011715081
2.285	  0.011556123
2.295	  0.011399448
2.305	  0.01124502
2.315	  0.011092807
2.325	  0.010942779
2.335	  0.0107949
2.345	  0.010649143
2.355	  0.010505475
2.365	  0.010363866
2.375	  0.010224286
2.385	  0.010086705
2.395	  0.009951093
2.405	  0.009817423
2.415	  0.009685666
2.425	  0.009555793
2.435	  0.0094277775
2.445	  0.009301592
2.455	  0.009177208
2.465	  0.009054601
2.475	  0.008933743
2.485	  0.0088146115
2.495	  0.008697177
2.505	  0.008581418
2.515	  0.008467306
2.525	  0.00835482
2.535	  0.008243935
2.545	  0.008134628
2.555	  0.008026874
2.565	  0.007920651
2.575	  0.007815936
2.585	  0.007712707
2.595	  0.007610942
2.605	  0.0075106197
2.615	  0.007411718
2.625	  0.007314217
2.635	  0.0072180945
2.645	  0.0071233315
2.655	  0.007029907
2.665	  0.0069378014
2.675	  0.0068469956
2.685	  0.0067574694
2.695	  0.006669205
2.705	  0.006582183
2.715	  0.006496385
2.725	  0.0064117936
2.735	  0.00632839
2.745	  0.0062461575
2.755	  0.006165078
2.765	  0.006085135
2.775	  0.0060063116
2.785	  0.005928591
2.795	  0.0058519575
2.805	  0.005776394
2.815	  0.005701886
2.825	  0.005628417
2.835	  0.0055559715
2.845	  0.0054845354
2.855	  0.005414093
2.865	  0.00534463
2.875	  0.005276132
2.885	  0.0052085845
2.895	  0.0051419735
2.905	  0.0050762855
2.915	  0.005011507
2.925	  0.004947624
2.935	  0.0048846244
2.945	  0.004822494
2.955	  0.004761221
2.965	  0.0047007925
2.975	  0.0046411958
2.985	  0.004582419
2.995	  0.0045244503
3.005	  0.0044672773
3.015	  0.004410889
3.025	  0.0043552737
3.035	  0.0043004197
3.045	  0.0042463164
3.055	  0.004192952
3.065	  0.004140317
3.075	  0.0040884
3.085	  0.0040371907
3.095	  0.0039866786
3.105	  0.0039368537
3.115	  0.003887706
3.125	  0.0038392255
3.135	  0.0037914028
3.145	  0.0037442283
3.155	  0.0036976924
3.165	  0.003651786
3.175	  0.0036064999
3.185	  0.003561825
3.195	  0.0035177527
3.205	  0.0034742744
3.215	  0.0034313812
3.225	  0.0033890647
3.235	  0.0033473168
3.245	  0.003306129
3.255	  0.0032654933
3.265	  0.003225402
3.275	  0.0031858473
3.285	  0.003146821
3.295	  0.003108316
3.305	  0.0030703247
3.315	  0.0030328396
3.325	  0.0029958535
3.335	  0.0029593594
3.345	  0.00292335
3.355	  0.0028878187
3.365	  0.0028527584
3.375	  0.0028181626
3.385	  0.0027840245
3.395	  0.0027503376
3.405	  0.0027170957
3.415	  0.0026842922
3.425	  0.002651921
3.435	  0.002619976
3.445	  0.0025884511
3.455	  0.0025573403
3.465	  0.0025266379
3.475	  0.0024963378
3.485	  0.0024664346
3.495	  0.0024369229
3.505	  0.0024077964
3.515	  0.0023790507
3.525	  0.0023506796
3.535	  0.0023226782
3.545	  0.0022950412
3.555	  0.0022677637
3.565	  0.0022408403
3.575	  0.0022142665
3.585	  0.002188037
3.595	  0.0021621468
3.605	  0.0021365918
3.615	  0.002111367
3.625	  0.0020864676
3.635	  0.0020618893
3.645	  0.0020376276
3.655	  0.002013678
3.665	  0.0019900363
3.675	  0.001966698
3.685	  0.0019436593
3.695	  0.0019209156
3.705	  0.001898463
3.715	  0.0018762975
3.725	  0.0018544152
3.735	  0.0018328119
3.745	  0.001811484
3.755	  0.0017904277
3.765	  0.0017696391
3.775	  0.0017491147
3.785	  0.0017288508
3.795	  0.0017088437
3.805	  0.00168909
3.815	  0.0016695863
3.825	  0.0016503291
3.835	  0.001631315
3.845	  0.0016125406
3.855	  0.0015940027
3.865	  0.0015756983
3.875	  0.0015576239
3.885	  0.0015397763
3.895	  0.0015221528
3.905	  0.0015047501
3.915	  0.0014875652
3.925	  0.0014705952
3.935	  0.0014538374
3.945	  0.0014372885
3.955	  0.001420946
3.965	  0.0014048069
3.975	  0.0013888685
3.985	  0.0013731283
3.995	  0.0013575834
4.005	  0.0013422313



DATASET #3

     Name: BPT Fit
   Points: 401
     Info: Mean = 100.0, Aperiodicity = 0.5, Duration = 30.0, Delta T = 1.0, Num Points = 500, Historic Open Interval = 0.0
Computed mean = 0.98499674

Data[x,y]:
0.0	  0.0
0.01	  0.0
0.02	  7.461612E-26
0.03	  6.239025E-17
0.04	  1.5781046E-12
0.05	  6.3797034E-10
0.06	  3.3026275E-8
0.07	  5.3212534E-7
0.08	  4.152554E-6
0.09	  2.0045594E-5
0.1	  6.928119E-5
0.11	  1.8807927E-4
0.12	  4.264903E-4
0.13	  8.428251E-4
0.14	  0.0014959823
0.15	  0.002438054
0.16	  0.0037087998
0.17	  0.0053325864
0.18	  0.00731764
0.19	  0.009657079
0.2	  0.012331086
0.21	  0.015309639
0.22	  0.018555379
0.23	  0.022026295
0.24	  0.02567809
0.25	  0.029466119
0.26	  0.033346903
0.27	  0.037279267
0.28	  0.0412251
0.29	  0.04514985
0.3	  0.04902278
0.31	  0.05281702
0.32	  0.056509525
0.33	  0.060080893
0.34	  0.063515164
0.35	  0.06679952
0.36	  0.06992404
0.37	  0.07288136
0.38	  0.075666435
0.39	  0.07827621
0.4	  0.08070937
0.41	  0.082966134
0.42	  0.08504798
0.43	  0.08695747
0.44	  0.08869806
0.45	  0.09027393
0.46	  0.091689855
0.47	  0.092951074
0.48	  0.09406316
0.49	  0.09503197
0.5	  0.095863506
0.51	  0.09656389
0.52	  0.09713927
0.53	  0.09759579
0.54	  0.09793956
0.55	  0.09817658
0.56	  0.09831275
0.57	  0.098353826
0.58	  0.098305404
0.59	  0.09817292
0.6	  0.09796162
0.61	  0.09767657
0.62	  0.09732263
0.63	  0.09690447
0.64	  0.09642657
0.65	  0.09589319
0.66	  0.09530843
0.67	  0.09467617
0.68	  0.09400009
0.69	  0.09328374
0.7	  0.092530444
0.71	  0.09174336
0.72	  0.09092548
0.73	  0.09007964
0.74	  0.08920853
0.75	  0.08831467
0.76	  0.08740043
0.77	  0.08646808
0.78	  0.08551972
0.79	  0.08455735
0.8	  0.083582826
0.81	  0.08259791
0.82	  0.08160426
0.83	  0.0806034
0.84	  0.07959679
0.85	  0.078585766
0.86	  0.077571616
0.87	  0.0765555
0.88	  0.075538516
0.89	  0.07452171
0.9	  0.07350602
0.91	  0.07249234
0.92	  0.071481496
0.93	  0.07047424
0.94	  0.06947129
0.95	  0.068473294
0.96	  0.06748086
0.97	  0.06649455
0.98	  0.065514855
0.99	  0.064542264
1.0	  0.0635772
1.01	  0.062620044
1.02	  0.061671164
1.03	  0.060730886
1.04	  0.059799496
1.05	  0.058877263
1.06	  0.057964418
1.07	  0.057061177
1.08	  0.05616772
1.09	  0.055284217
1.1	  0.05441081
1.11	  0.05354762
1.12	  0.052694753
1.13	  0.051852297
1.14	  0.05102032
1.15	  0.05019888
1.16	  0.049388018
1.17	  0.048587766
1.18	  0.047798134
1.19	  0.047019135
1.2	  0.04625076
1.21	  0.04549299
1.22	  0.04474581
1.23	  0.044009175
1.24	  0.043283053
1.25	  0.042567395
1.26	  0.041862145
1.27	  0.04116724
1.28	  0.040482614
1.29	  0.0398082
1.3	  0.039143916
1.31	  0.038489684
1.32	  0.037845418
1.33	  0.03721103
1.34	  0.03658643
1.35	  0.035971522
1.36	  0.035366207
1.37	  0.03477039
1.38	  0.034183964
1.39	  0.033606827
1.4	  0.033038877
1.41	  0.03248
1.42	  0.031930096
1.43	  0.031389054
1.44	  0.03085676
1.45	  0.030333107
1.46	  0.029817985
1.47	  0.02931128
1.48	  0.028812883
1.49	  0.02832268
1.5	  0.027840562
1.51	  0.027366415
1.52	  0.026900128
1.53	  0.02644159
1.54	  0.025990691
1.55	  0.02554732
1.56	  0.025111368
1.57	  0.024682725
1.58	  0.02426128
1.59	  0.023846932
1.6	  0.02343957
1.61	  0.023039088
1.62	  0.022645378
1.63	  0.022258341
1.64	  0.02187787
1.65	  0.021503864
1.66	  0.02113622
1.67	  0.020774841
1.68	  0.020419624
1.69	  0.020070473
1.7	  0.01972729
1.71	  0.019389978
1.72	  0.019058444
1.73	  0.018732594
1.74	  0.018412333
1.75	  0.018097574
1.76	  0.017788222
1.77	  0.01748419
1.78	  0.017185392
1.79	  0.016891737
1.8	  0.016603144
1.81	  0.016319524
1.82	  0.016040798
1.83	  0.015766881
1.84	  0.015497695
1.85	  0.015233157
1.86	  0.014973191
1.87	  0.014717719
1.88	  0.014466664
1.89	  0.014219951
1.9	  0.013977507
1.91	  0.013739259
1.92	  0.013505134
1.93	  0.013275064
1.94	  0.013048977
1.95	  0.012826805
1.96	  0.012608482
1.97	  0.01239394
1.98	  0.012183115
1.99	  0.011975943
2.0	  0.011772361
2.01	  0.011572305
2.02	  0.011375716
2.03	  0.011182533
2.04	  0.0109926965
2.05	  0.01080615
2.06	  0.010622834
2.07	  0.010442694
2.08	  0.010265674
2.09	  0.01009172
2.1	  0.009920779
2.11	  0.009752797
2.12	  0.009587723
2.13	  0.009425507
2.14	  0.009266098
2.15	  0.009109447
2.16	  0.008955507
2.17	  0.008804228
2.18	  0.008655567
2.19	  0.008509475
2.2	  0.008365908
2.21	  0.008224823
2.22	  0.008086174
2.23	  0.00794992
2.24	  0.007816019
2.25	  0.007684429
2.26	  0.0075551104
2.27	  0.007428022
2.28	  0.007303126
2.29	  0.0071803834
2.3	  0.007059756
2.31	  0.006941207
2.32	  0.0068247
2.33	  0.0067101996
2.34	  0.0065976693
2.35	  0.0064870757
2.36	  0.0063783843
2.37	  0.0062715616
2.38	  0.006166575
2.39	  0.0060633924
2.4	  0.0059619816
2.41	  0.005862312
2.42	  0.005764353
2.43	  0.0056680744
2.44	  0.005573447
2.45	  0.0054804413
2.46	  0.0053890296
2.47	  0.005299183
2.48	  0.005210875
2.49	  0.0051240786
2.5	  0.0050387667
2.51	  0.004954913
2.52	  0.004872493
2.53	  0.004791481
2.54	  0.004711853
2.55	  0.0046335836
2.56	  0.00455665
2.57	  0.004481028
2.58	  0.0044066953
2.59	  0.0043336297
2.6	  0.004261808
2.61	  0.0041912096
2.62	  0.004121812
2.63	  0.004053595
2.64	  0.003986538
2.65	  0.0039206203
2.66	  0.0038558224
2.67	  0.0037921248
2.68	  0.003729508
2.69	  0.0036679534
2.7	  0.0036074426
2.71	  0.003547957
2.72	  0.0034894792
2.73	  0.0034319914
2.74	  0.0033754767
2.75	  0.003319918
2.76	  0.0032652984
2.77	  0.0032116019
2.78	  0.0031588124
2.79	  0.0031069142
2.8	  0.003055892
2.81	  0.0030057302
2.82	  0.0029564144
2.83	  0.0029079295
2.84	  0.0028602611
2.85	  0.0028133953
2.86	  0.0027673184
2.87	  0.0027220163
2.88	  0.0026774758
2.89	  0.0026336836
2.9	  0.0025906272
2.91	  0.0025482934
2.92	  0.00250667
2.93	  0.0024657447
2.94	  0.0024255055
2.95	  0.0023859406
2.96	  0.0023470384
2.97	  0.002308787
2.98	  0.002271176
2.99	  0.002234194
3.0	  0.00219783
3.01	  0.0021620735
3.02	  0.0021269142
3.03	  0.002092342
3.04	  0.0020583463
3.05	  0.0020249176
3.06	  0.0019920461
3.07	  0.0019597223
3.08	  0.0019279367
3.09	  0.0018966801
3.1	  0.0018659435
3.11	  0.001835718
3.12	  0.001805995
3.13	  0.0017767657
3.14	  0.0017480218
3.15	  0.0017197549
3.16	  0.0016919569
3.17	  0.0016646199
3.18	  0.0016377359
3.19	  0.0016112974
3.2	  0.0015852965
3.21	  0.001559726
3.22	  0.0015345785
3.23	  0.0015098468
3.24	  0.0014855239
3.25	  0.0014616027
3.26	  0.0014380765
3.27	  0.0014149386
3.28	  0.0013921824
3.29	  0.0013698015
3.3	  0.0013477894
3.31	  0.0013261399
3.32	  0.0013048468
3.33	  0.0012839043
3.34	  0.0012633064
3.35	  0.001243047
3.36	  0.0012231206
3.37	  0.0012035216
3.38	  0.0011842445
3.39	  0.0011652837
3.4	  0.001146634
3.41	  0.0011282902
3.42	  0.001110247
3.43	  0.0010924994
3.44	  0.0010750424
3.45	  0.0010578713
3.46	  0.001040981
3.47	  0.001024367
3.48	  0.0010080247
3.49	  9.919492E-4
3.5	  9.7613636E-4
3.51	  9.605817E-4
3.52	  9.4528083E-4
3.53	  9.3022955E-4
3.54	  9.154236E-4
3.55	  9.0085895E-4
3.56	  8.865316E-4
3.57	  8.724375E-4
3.58	  8.585728E-4
3.59	  8.4493356E-4
3.6	  8.3151617E-4
3.61	  8.183169E-4
3.62	  8.0533203E-4
3.63	  7.92558E-4
3.64	  7.799914E-4
3.65	  7.6762866E-4
3.66	  7.554664E-4
3.67	  7.4350135E-4
3.68	  7.317302E-4
3.69	  7.2014966E-4
3.7	  7.087567E-4
3.71	  6.975481E-4
3.72	  6.8652077E-4
3.73	  6.756718E-4
3.74	  6.649982E-4
3.75	  6.5449707E-4
3.76	  6.441655E-4
3.77	  6.340007E-4
3.78	  6.239999E-4
3.79	  6.141605E-4
3.8	  6.044797E-4
3.81	  5.9495494E-4
3.82	  5.855836E-4
3.83	  5.763632E-4
3.84	  5.6729116E-4
3.85	  5.5836514E-4
3.86	  5.4958265E-4
3.87	  5.409414E-4
3.88	  5.32439E-4
3.89	  5.2407314E-4
3.9	  5.1584165E-4
3.91	  5.077423E-4
3.92	  4.997729E-4
3.93	  4.919313E-4
3.94	  4.842154E-4
3.95	  4.7662316E-4
3.96	  4.6915252E-4
3.97	  4.6180154E-4
3.98	  4.545682E-4
3.99	  4.4745058E-4
4.0	  4.404468E-4


