
X-Axis: Normalized Distance Along Strike
Y-Axis: Hypocenter Density
Number of Data Sets: 4


DATASET #1

     Name: 
   Points: 31
     Info: 

Data[x,y]:
0.05	  0.03767661
0.15	  0.038854003
0.25	  0.02433281
0.35	  0.02354788
0.45	  0.023155415
0.55	  0.030612245
0.65	  0.032574568
0.75	  0.03689168
0.85	  0.044348508
0.95	  0.07731554
1.05	  0.046703298
1.15	  0.02433281
1.25	  0.021585558
1.35	  0.020015698
1.45	  0.018053375
1.55	  0.018053375
1.65	  0.020015698
1.75	  0.021585558
1.85	  0.02433281
1.95	  0.046703298
2.05	  0.07731554
2.15	  0.044348508
2.25	  0.03689168
2.35	  0.032574568
2.45	  0.030612245
2.55	  0.023155415
2.65	  0.02354788
2.75	  0.02433281
2.85	  0.038854003
2.95	  0.03767661
3.05	  0.0



DATASET #2

     Name: 
   Points: 31
     Info: 

Data[x,y]:
0.05	  0.0
0.15	  0.0
0.25	  0.0
0.35	  0.0
0.45	  0.0
0.55	  0.0
0.65	  0.0
0.75	  0.0
0.85	  0.0
0.95	  0.0031397175
1.05	  0.01923077
1.15	  0.008634223
1.25	  0.0054945056
1.35	  0.006279435
1.45	  0.0066718995
1.55	  0.0066718995
1.65	  0.006279435
1.75	  0.0054945056
1.85	  0.008634223
1.95	  0.01923077
2.05	  0.0031397175
2.15	  0.0
2.25	  0.0
2.35	  0.0
2.45	  0.0
2.55	  0.0
2.65	  0.0
2.75	  0.0
2.85	  0.0
2.95	  0.0
3.05	  0.0



DATASET #3

Name: 
Num Points: 4
Info: 

X, Y Data:
0.021	  0.0010824176
0.021	  0.10715934
2.979	  0.10715934
2.979	  0.0010824176



DATASET #4

Name: 
Num Points: 4
Info: 

X, Y Data:
1.0	  0.0010824176
1.0	  0.096335165
2.0	  0.096335165
2.0	  0.0010824176


