
X-Axis: Average Normalized Interevent Time
Y-Axis: Probability
Number of Data Sets: 3


DATASET #1

     Name: Bruce 3065 Histogram
   Points: 41
     Info: 

Data[x,y]:
0.05	  0.0033827026
0.15	  0.004845493
0.25	  0.011702322
0.35	  0.022764673
0.45	  0.034741268
0.55	  0.05576888
0.65	  0.08465899
0.75	  0.121594444
0.85	  0.16099836
0.95	  0.19802523
1.05	  0.15715852
1.15	  0.08072774
1.25	  0.036112636
1.35	  0.015724996
1.45	  0.0062168585
1.55	  0.0028341562
1.65	  0.0017370634
1.75	  5.485464E-4
1.85	  1.8284879E-4
1.95	  1.8284879E-4
2.05	  9.1424394E-5
2.15	  0.0
2.25	  0.0
2.35	  0.0
2.45	  0.0
2.55	  0.0
2.65	  0.0
2.75	  0.0
2.85	  0.0
2.95	  0.0
3.05	  0.0
3.15	  0.0
3.25	  0.0
3.35	  0.0
3.45	  0.0
3.55	  0.0
3.65	  0.0
3.75	  0.0
3.85	  0.0
3.95	  0.0
4.05	  0.0



DATASET #2

     Name: Log-Normal Fit
   Points: 401
     Info: 

Data[x,y]:
0.005	  0.0
0.015	  7.3232E-41
0.025	  9.2106455E-33
0.035	  1.4469022E-27
0.045	  7.524294E-24
0.055	  5.1118845E-21
0.065	  9.10102E-19
0.075	  6.3208265E-17
0.085	  2.1933774E-15
0.095	  4.480599E-14
0.105	  6.0391335E-13
0.115	  5.831549E-12
0.125	  4.2889196E-11
0.135	  2.517176E-10
0.145	  1.2224023E-9
0.155	  5.054594E-9
0.165	  1.8209889E-8
0.175	  5.823527E-8
0.185	  1.6787618E-7
0.195	  4.4182812E-7
0.205	  1.0730517E-6
0.215	  2.4266922E-6
0.225	  5.149645E-6
0.235	  1.0322256E-5
0.245	  1.9655336E-5
0.255	  3.573077E-5
0.265	  6.227802E-5
0.275	  1.0447247E-4
0.285	  1.6923592E-4
0.295	  2.6551506E-4
0.305	  4.0451167E-4
0.315	  5.9983874E-4
0.325	  8.675793E-4
0.335	  0.0012262298
0.345	  0.0016965173
0.355	  0.002301088
0.365	  0.0030640708
0.375	  0.0040105316
0.385	  0.005165836
0.395	  0.0065549486
0.405	  0.008201696
0.415	  0.010128025
0.425	  0.012353286
0.435	  0.014893573
0.445	  0.017761135
0.455	  0.020963905
0.465	  0.024505118
0.475	  0.02838308
0.485	  0.032591045
0.495	  0.037117235
0.505	  0.04194499
0.515	  0.047052998
0.525	  0.052415658
0.535	  0.058003534
0.545	  0.06378385
0.555	  0.06972103
0.565	  0.075777344
0.575	  0.081913486
0.585	  0.08808919
0.595	  0.09426385
0.605	  0.10039709
0.615	  0.10644928
0.625	  0.11238211
0.635	  0.11815892
0.645	  0.12374523
0.655	  0.12910895
0.665	  0.13422072
0.675	  0.13905413
0.685	  0.14358582
0.695	  0.1477956
0.705	  0.15166658
0.715	  0.15518504
0.725	  0.15834045
0.735	  0.16112542
0.745	  0.16353552
0.755	  0.16556914
0.765	  0.16722742
0.775	  0.16851392
0.785	  0.16943456
0.795	  0.16999727
0.805	  0.17021194
0.815	  0.17009003
0.825	  0.16964452
0.835	  0.16888954
0.845	  0.1678403
0.855	  0.16651285
0.865	  0.16492382
0.875	  0.16309033
0.885	  0.16102986
0.895	  0.15875992
0.905	  0.15629813
0.915	  0.15366195
0.925	  0.1508686
0.935	  0.14793497
0.945	  0.14487757
0.955	  0.14171235
0.965	  0.13845477
0.975	  0.1351196
0.985	  0.13172103
0.995	  0.1282725
1.005	  0.12478678
1.015	  0.12127587
1.025	  0.11775106
1.035	  0.11422288
1.045	  0.11070111
1.055	  0.1071948
1.065	  0.10371231
1.075	  0.100261256
1.085	  0.09684858
1.095	  0.093480565
1.105	  0.09016284
1.115	  0.08690046
1.125	  0.08369785
1.135	  0.08055891
1.145	  0.07748701
1.155	  0.074485
1.165	  0.071555294
1.175	  0.06869986
1.185	  0.065920256
1.195	  0.06321766
1.205	  0.060592916
1.215	  0.058046523
1.225	  0.0555787
1.235	  0.053189393
1.245	  0.0508783
1.255	  0.048644897
1.265	  0.04648846
1.275	  0.044408087
1.285	  0.04240272
1.295	  0.04047115
1.305	  0.03861206
1.315	  0.036824014
1.325	  0.03510549
1.335	  0.033454884
1.345	  0.031870537
1.355	  0.030350732
1.365	  0.028893711
1.375	  0.027497688
1.385	  0.026160855
1.395	  0.024881389
1.405	  0.023657467
1.415	  0.022487266
1.425	  0.021368967
1.435	  0.020300772
1.445	  0.019280896
1.455	  0.01830758
1.465	  0.01737909
1.475	  0.016493728
1.485	  0.015649822
1.495	  0.014845738
1.505	  0.014079884
1.515	  0.0133507
1.525	  0.012656673
1.535	  0.011996329
1.545	  0.011368237
1.555	  0.01077101
1.565	  0.010203304
1.575	  0.009663818
1.585	  0.009151297
1.595	  0.008664525
1.605	  0.008202334
1.615	  0.0077635953
1.625	  0.007347223
1.635	  0.0069521726
1.645	  0.0065774405
1.655	  0.0062220623
1.665	  0.0058851126
1.675	  0.0055657034
1.685	  0.0052629835
1.695	  0.0049761394
1.705	  0.0047043897
1.715	  0.0044469885
1.725	  0.004203222
1.735	  0.003972409
1.745	  0.0037538973
1.755	  0.0035470654
1.765	  0.00335132
1.775	  0.003166095
1.785	  0.002990851
1.795	  0.0028250734
1.805	  0.0026682732
1.815	  0.0025199836
1.825	  0.0023797606
1.835	  0.0022471822
1.845	  0.0021218462
1.855	  0.0020033712
1.865	  0.001891394
1.875	  0.0017855696
1.885	  0.0016855702
1.895	  0.0015910848
1.905	  0.0015018178
1.915	  0.0014174891
1.925	  0.0013378324
1.935	  0.0012625955
1.945	  0.001191539
1.955	  0.0011244359
1.965	  0.0010610712
1.975	  0.001001241
1.985	  9.4475213E-4
1.995	  8.914216E-4
2.005	  8.41076E-4
2.015	  7.935514E-4
2.025	  7.4869226E-4
2.035	  7.063515E-4
2.045	  6.6638994E-4
2.055	  6.286759E-4
2.065	  5.9308467E-4
2.075	  5.594983E-4
2.085	  5.278054E-4
2.095	  4.979004E-4
2.105	  4.6968358E-4
2.115	  4.430607E-4
2.125	  4.179426E-4
2.135	  3.9424503E-4
2.145	  3.718884E-4
2.155	  3.5079743E-4
2.165	  3.3090106E-4
2.175	  3.1213212E-4
2.185	  2.9442715E-4
2.195	  2.777262E-4
2.205	  2.6197272E-4
2.215	  2.471132E-4
2.225	  2.3309716E-4
2.235	  2.1987697E-4
2.245	  2.074076E-4
2.255	  1.9564657E-4
2.265	  1.8455376E-4
2.275	  1.7409133E-4
2.285	  1.6422351E-4
2.295	  1.5491662E-4
2.305	  1.461388E-4
2.315	  1.3786001E-4
2.325	  1.3005192E-4
2.335	  1.2268776E-4
2.345	  1.1574234E-4
2.355	  1.091918E-4
2.365	  1.03013714E-4
2.375	  9.7186865E-5
2.385	  9.169128E-5
2.395	  8.6508095E-5
2.405	  8.1619524E-5
2.415	  7.7008786E-5
2.425	  7.266006E-5
2.435	  6.855842E-5
2.445	  6.4689775E-5
2.455	  6.104087E-5
2.465	  5.759917E-5
2.475	  5.435287E-5
2.485	  5.1290834E-5
2.495	  4.840256E-5
2.505	  4.567815E-5
2.515	  4.310826E-5
2.525	  4.0684085E-5
2.535	  3.8397324E-5
2.545	  3.6240144E-5
2.555	  3.4205168E-5
2.565	  3.2285432E-5
2.575	  3.0474372E-5
2.585	  2.8765797E-5
2.595	  2.7153874E-5
2.605	  2.5633099E-5
2.615	  2.4198285E-5
2.625	  2.2844539E-5
2.635	  2.156725E-5
2.645	  2.0362068E-5
2.655	  1.9224892E-5
2.665	  1.8151857E-5
2.675	  1.7139319E-5
2.685	  1.6183836E-5
2.695	  1.528217E-5
2.705	  1.4431267E-5
2.715	  1.3628242E-5
2.725	  1.28703805E-5
2.735	  1.2155118E-5
2.745	  1.1480042E-5
2.755	  1.0842873E-5
2.765	  1.0241462E-5
2.775	  9.673787E-6
2.785	  9.137935E-6
2.795	  8.632106E-6
2.805	  8.154602E-6
2.815	  7.703822E-6
2.825	  7.2782545E-6
2.835	  6.8764757E-6
2.845	  6.4971423E-6
2.855	  6.138988E-6
2.865	  5.8008172E-6
2.875	  5.481504E-6
2.885	  5.1799852E-6
2.895	  4.895259E-6
2.905	  4.62638E-6
2.915	  4.372456E-6
2.925	  4.1326466E-6
2.935	  3.906158E-6
2.945	  3.6922424E-6
2.955	  3.4901939E-6
2.965	  3.2993464E-6
2.975	  3.1190718E-6
2.985	  2.9487776E-6
2.995	  2.7879048E-6
3.005	  2.635926E-6
3.015	  2.4923436E-6
3.025	  2.356688E-6
3.035	  2.2285165E-6
3.045	  2.107411E-6
3.055	  1.9929773E-6
3.065	  1.8848433E-6
3.075	  1.7826578E-6
3.085	  1.6860895E-6
3.095	  1.5948257E-6
3.105	  1.5085714E-6
3.115	  1.427048E-6
3.125	  1.3499927E-6
3.135	  1.2771575E-6
3.145	  1.2083082E-6
3.155	  1.1432239E-6
3.165	  1.0816959E-6
3.175	  1.0235275E-6
3.185	  9.685326E-7
3.195	  9.165359E-7
3.205	  8.673716E-7
3.215	  8.208835E-7
3.225	  7.769238E-7
3.235	  7.353532E-7
3.245	  6.9604E-7
3.255	  6.5885996E-7
3.265	  6.2369577E-7
3.275	  5.904366E-7
3.285	  5.589778E-7
3.295	  5.2922053E-7
3.305	  5.010715E-7
3.315	  4.744425E-7
3.325	  4.4925034E-7
3.335	  4.2541637E-7
3.345	  4.028663E-7
3.355	  3.8153001E-7
3.365	  3.6134122E-7
3.375	  3.4223729E-7
3.385	  3.2415912E-7
3.395	  3.0705078E-7
3.405	  2.9085953E-7
3.415	  2.7553546E-7
3.425	  2.6103146E-7
3.435	  2.4730298E-7
3.445	  2.3430795E-7
3.455	  2.2200658E-7
3.465	  2.1036132E-7
3.475	  1.9933664E-7
3.485	  1.8889897E-7
3.495	  1.7901658E-7
3.505	  1.696595E-7
3.515	  1.6079936E-7
3.525	  1.524094E-7
3.535	  1.4446425E-7
3.545	  1.3694E-7
3.555	  1.29814E-7
3.565	  1.2306484E-7
3.575	  1.1667229E-7
3.585	  1.1061722E-7
3.595	  1.04881536E-7
3.605	  9.944813E-8
3.615	  9.430083E-8
3.625	  8.942432E-8
3.635	  8.480415E-8
3.645	  8.042662E-8
3.655	  7.627879E-8
3.665	  7.234843E-8
3.675	  6.862394E-8
3.685	  6.5094376E-8
3.695	  6.1749375E-8
3.705	  5.857913E-8
3.715	  5.5574365E-8
3.725	  5.272631E-8
3.735	  5.0026657E-8
3.745	  4.746755E-8
3.755	  4.504156E-8
3.765	  4.2741643E-8
3.775	  4.056115E-8
3.785	  3.8493774E-8
3.795	  3.6533553E-8
3.805	  3.4674844E-8
3.815	  3.2912308E-8
3.825	  3.124088E-8
3.835	  2.9655784E-8
3.845	  2.8152481E-8
3.855	  2.6726683E-8
3.865	  2.537433E-8
3.875	  2.4091575E-8
3.885	  2.287478E-8
3.895	  2.1720496E-8
3.905	  2.0625457E-8
3.915	  1.9586576E-8
3.925	  1.8600922E-8
3.935	  1.7665725E-8
3.945	  1.6778356E-8
3.955	  1.5936333E-8
3.965	  1.5137298E-8
3.975	  1.437902E-8
3.985	  1.3659385E-8
3.995	  1.29763915E-8
4.005	  1.2328142E-8



DATASET #3

     Name: BPT Fit
   Points: 401
     Info: Mean = 100.0, Aperiodicity = 0.5, Duration = 30.0, Delta T = 1.0, Num Points = 500, Historic Open Interval = 0.0
Computed mean = 0.8718283

Data[x,y]:
0.0	  0.0
0.01	  0.0
0.02	  0.0
0.03	  0.0
0.04	  0.0
0.05	  1.034E-42
0.06	  8.723153E-35
0.07	  3.780321E-29
0.08	  6.1027783E-25
0.09	  1.102199E-21
0.1	  4.3054348E-19
0.11	  5.531173E-17
0.12	  3.0895533E-15
0.13	  9.1013893E-14
0.14	  1.6229131E-12
0.15	  1.9377716E-11
0.16	  1.6710246E-10
0.17	  1.1026459E-9
0.18	  5.8232676E-9
0.19	  2.5501109E-8
0.2	  9.525969E-8
0.21	  3.105718E-7
0.22	  9.0042363E-7
0.23	  2.3576163E-6
0.24	  5.6471167E-6
0.25	  1.2508227E-5
0.26	  2.5854923E-5
0.27	  5.0262264E-5
0.28	  9.250828E-5
0.29	  1.6212372E-4
0.3	  2.7189043E-4
0.31	  4.3822493E-4
0.32	  6.8138813E-4
0.33	  0.0010254749
0.34	  0.0014981544
0.35	  0.0021301562
0.36	  0.0029545154
0.37	  0.0040056137
0.38	  0.0053180656
0.39	  0.006925511
0.4	  0.008859384
0.41	  0.011147712
0.42	  0.013814019
0.43	  0.01687637
0.44	  0.020346608
0.45	  0.02422979
0.46	  0.028523862
0.47	  0.03321956
0.48	  0.03830052
0.49	  0.043743588
0.5	  0.04951932
0.51	  0.055592623
0.52	  0.061923496
0.53	  0.06846789
0.54	  0.075178586
0.55	  0.0820061
0.56	  0.0888996
0.57	  0.0958078
0.58	  0.10267977
0.59	  0.1094657
0.6	  0.116117634
0.61	  0.12259001
0.62	  0.12884024
0.63	  0.13482906
0.64	  0.14052096
0.65	  0.14588435
0.66	  0.15089174
0.67	  0.15551981
0.68	  0.15974952
0.69	  0.16356587
0.7	  0.166958
0.71	  0.16991885
0.72	  0.1724451
0.73	  0.1745369
0.74	  0.17619757
0.75	  0.17743345
0.76	  0.17825344
0.77	  0.17866892
0.78	  0.17869332
0.79	  0.17834188
0.8	  0.17763138
0.81	  0.17657986
0.82	  0.17520641
0.83	  0.1735308
0.84	  0.17157346
0.85	  0.16935508
0.86	  0.16689654
0.87	  0.16421865
0.88	  0.1613421
0.89	  0.15828721
0.9	  0.1550739
0.91	  0.15172152
0.92	  0.14824879
0.93	  0.14467373
0.94	  0.14101359
0.95	  0.13728482
0.96	  0.13350296
0.97	  0.12968275
0.98	  0.12583798
0.99	  0.12198154
1.0	  0.11812545
1.01	  0.11428082
1.02	  0.110457875
1.03	  0.10666598
1.04	  0.10291366
1.05	  0.09920865
1.06	  0.09555787
1.07	  0.091967516
1.08	  0.08844305
1.09	  0.08498927
1.1	  0.08161032
1.11	  0.07830974
1.12	  0.0750905
1.13	  0.07195503
1.14	  0.06890527
1.15	  0.065942705
1.16	  0.06306838
1.17	  0.060282953
1.18	  0.057586722
1.19	  0.054979656
1.2	  0.052461423
1.21	  0.050031427
1.22	  0.047688827
1.23	  0.045432568
1.24	  0.043261398
1.25	  0.041173898
1.26	  0.039168503
1.27	  0.03724352
1.28	  0.03539715
1.29	  0.033627495
1.3	  0.03193259
1.31	  0.0303104
1.32	  0.028758857
1.33	  0.027275847
1.34	  0.025859237
1.35	  0.024506878
1.36	  0.023216626
1.37	  0.02198633
1.38	  0.02081386
1.39	  0.0196971
1.4	  0.018633964
1.41	  0.017622389
1.42	  0.016660355
1.43	  0.015745873
1.44	  0.014877
1.45	  0.014051837
1.46	  0.013268531
1.47	  0.01252528
1.48	  0.01182033
1.49	  0.011151982
1.5	  0.010518584
1.51	  0.009918544
1.52	  0.0093503175
1.53	  0.008812415
1.54	  0.008303403
1.55	  0.007821896
1.56	  0.0073665637
1.57	  0.0069361255
1.58	  0.006529353
1.59	  0.0061450666
1.6	  0.0057821353
1.61	  0.005439475
1.62	  0.00511605
1.63	  0.0048108674
1.64	  0.0045229797
1.65	  0.0042514806
1.66	  0.0039955066
1.67	  0.0037542323
1.68	  0.0035268727
1.69	  0.0033126785
1.7	  0.0031109368
1.71	  0.0029209694
1.72	  0.0027421308
1.73	  0.0025738077
1.74	  0.0024154175
1.75	  0.0022664068
1.76	  0.00212625
1.77	  0.0019944492
1.78	  0.0018705312
1.79	  0.0017540486
1.8	  0.0016445766
1.81	  0.0015417133
1.82	  0.0014450778
1.83	  0.0013543103
1.84	  0.0012690697
1.85	  0.0011890339
1.86	  0.0011138981
1.87	  0.0010433745
1.88	  9.771911E-4
1.89	  9.150911E-4
1.9	  8.568317E-4
1.91	  8.0218434E-4
1.92	  7.5093284E-4
1.93	  7.028736E-4
1.94	  6.5781455E-4
1.95	  6.155745E-4
1.96	  5.7598285E-4
1.97	  5.388787E-4
1.98	  5.0411077E-4
1.99	  4.7153622E-4
2.0	  4.4102085E-4
2.01	  4.124382E-4
2.02	  3.8566932E-4
2.03	  3.6060228E-4
2.04	  3.3713182E-4
2.05	  3.151589E-4
2.06	  2.9459043E-4
2.07	  2.7533894E-4
2.08	  2.5732216E-4
2.09	  2.4046283E-4
2.1	  2.2468834E-4
2.11	  2.0993051E-4
2.12	  1.9612531E-4
2.13	  1.8321261E-4
2.14	  1.7113597E-4
2.15	  1.598424E-4
2.16	  1.4928219E-4
2.17	  1.3940872E-4
2.18	  1.3017819E-4
2.19	  1.2154958E-4
2.2	  1.1348439E-4
2.21	  1.0594654E-4
2.22	  9.890218E-5
2.23	  9.2319584E-5
2.24	  8.6169035E-5
2.25	  8.042267E-5
2.26	  7.505439E-5
2.27	  7.003973E-5
2.28	  6.535578E-5
2.29	  6.0981096E-5
2.3	  5.6895577E-5
2.31	  5.308041E-5
2.32	  4.951798E-5
2.33	  4.61918E-5
2.34	  4.308643E-5
2.35	  4.0187428E-5
2.36	  3.7481277E-5
2.37	  3.4955327E-5
2.38	  3.2597745E-5
2.39	  3.0397461E-5
2.4	  2.8344119E-5
2.41	  2.6428033E-5
2.42	  2.464015E-5
2.43	  2.2971999E-5
2.44	  2.141566E-5
2.45	  1.9963732E-5
2.46	  1.8609293E-5
2.47	  1.7345877E-5
2.48	  1.6167436E-5
2.49	  1.5068322E-5
2.5	  1.4043253E-5
2.51	  1.3087297E-5
2.52	  1.2195845E-5
2.53	  1.136459E-5
2.54	  1.0589512E-5
2.55	  9.866852E-6
2.56	  9.193102E-6
2.57	  8.564986E-6
2.58	  7.979442E-6
2.59	  7.433612E-6
2.6	  6.9248304E-6
2.61	  6.450605E-6
2.62	  6.0086104E-6
2.63	  5.596676E-6
2.64	  5.2127766E-6
2.65	  4.85502E-6
2.66	  4.5216425E-6
2.67	  4.210996E-6
2.68	  3.9215447E-6
2.69	  3.6518536E-6
2.7	  3.4005852E-6
2.71	  3.166491E-6
2.72	  2.948407E-6
2.73	  2.745246E-6
2.74	  2.5559955E-6
2.75	  2.3797097E-6
2.76	  2.2155073E-6
2.77	  2.0625662E-6
2.78	  1.9201198E-6
2.79	  1.7874529E-6
2.8	  1.663899E-6
2.81	  1.5488363E-6
2.82	  1.4416853E-6
2.83	  1.3419059E-6
2.84	  1.2489941E-6
2.85	  1.1624803E-6
2.86	  1.0819268E-6
2.87	  1.0069258E-6
2.88	  9.370968E-7
2.89	  8.7208537E-7
2.9	  8.1156116E-7
2.91	  7.552164E-7
2.92	  7.027641E-7
2.93	  6.5393704E-7
2.94	  6.08486E-7
2.95	  5.66179E-7
2.96	  5.267996E-7
2.97	  4.9014653E-7
2.98	  4.56032E-7
2.99	  4.2428115E-7
3.0	  3.9473105E-7
3.01	  3.6723E-7
3.02	  3.4163662E-7
3.03	  3.1781929E-7
3.04	  2.9565533E-7
3.05	  2.750306E-7
3.06	  2.558387E-7
3.07	  2.3798056E-7
3.08	  2.2136396E-7
3.09	  2.0590296E-7
3.1	  1.9151761E-7
3.11	  1.7813339E-7
3.12	  1.6568094E-7
3.13	  1.540957E-7
3.14	  1.4331754E-7
3.15	  1.3329047E-7
3.16	  1.239624E-7
3.17	  1.1528477E-7
3.18	  1.0721245E-7
3.19	  9.970337E-8
3.2	  9.271841E-8
3.21	  8.622112E-8
3.22	  8.017759E-8
3.23	  7.455626E-8
3.24	  6.9327754E-8
3.25	  6.4464714E-8
3.26	  5.99417E-8
3.27	  5.5735025E-8
3.28	  5.1822642E-8
3.29	  4.8184045E-8
3.3	  4.480014E-8
3.31	  4.165316E-8
3.32	  3.872658E-8
3.33	  3.6005012E-8
3.34	  3.347415E-8
3.35	  3.1120674E-8
3.36	  2.8932194E-8
3.37	  2.6897176E-8
3.38	  2.50049E-8
3.39	  2.3245383E-8
3.4	  2.1609338E-8
3.41	  2.0088134E-8
3.42	  1.867373E-8
3.43	  1.7358651E-8
3.44	  1.6135948E-8
3.45	  1.4999147E-8
3.46	  1.3942231E-8
3.47	  1.2959605E-8
3.48	  1.2046061E-8
3.49	  1.1196756E-8
3.5	  1.0407186E-8
3.51	  9.673162E-9
3.52	  8.990787E-9
3.53	  8.3564355E-9
3.54	  7.7667375E-9
3.55	  7.218558E-9
3.56	  6.7089823E-9
3.57	  6.2352985E-9
3.58	  5.7949845E-9
3.59	  5.3856963E-9
3.6	  5.0052527E-9
3.61	  4.6516258E-9
3.62	  4.3229305E-9
3.63	  4.017413E-9
3.64	  3.7334433E-9
3.65	  3.4695047E-9
3.66	  3.2241878E-9
3.67	  2.9961817E-9
3.68	  2.7842677E-9
3.69	  2.5873128E-9
3.7	  2.4042632E-9
3.71	  2.2341395E-9
3.72	  2.076031E-9
3.73	  1.9290904E-9
3.74	  1.7925313E-9
3.75	  1.6656214E-9
3.76	  1.5476804E-9
3.77	  1.4380758E-9
3.78	  1.3362195E-9
3.79	  1.2415649E-9
3.8	  1.1536037E-9
3.81	  1.0718637E-9
3.82	  9.959057E-10
3.83	  9.2532143E-10
3.84	  8.597315E-10
3.85	  7.987832E-10
3.86	  7.421487E-10
3.87	  6.8952316E-10
3.88	  6.406234E-10
3.89	  5.9518607E-10
3.9	  5.5296645E-10
3.91	  5.137371E-10
3.92	  4.772866E-10
3.93	  4.434184E-10
3.94	  4.1194995E-10
3.95	  3.8271145E-10
3.96	  3.5554515E-10
3.97	  3.3030445E-10
3.98	  3.0685307E-10
3.99	  2.8506436E-10
4.0	  2.6482067E-10


