
X-Axis: 0.2s SA (g)
Y-Axis: Annual Probabilitiy
Number of Data Sets: 5


DATASET #1

Name: UCERF3
Num Points: 401
Info: 

X, Y Data:
1.0E-4	0.13392323
1.0333392E-4	0.13346715
1.06779E-4	0.13301109
1.1033893E-4	0.13255504
1.14017545E-4	0.13209899
1.178188E-4	0.13164295
1.2174679E-4	0.13118695
1.2580573E-4	0.13073099
1.3E-4	0.13027513
1.334183E-4	0.12991443
1.369265E-4	0.12955384
1.4052694E-4	0.12919338
1.4422205E-4	0.12883307
1.4801433E-4	0.12847295
1.5190631E-4	0.12811305
1.5590065E-4	0.1277534
1.6E-4	0.12739407
1.645257E-4	0.12700827
1.691794E-4	0.12662292
1.7396474E-4	0.12623806
1.7888544E-4	0.12585376
1.8394532E-4	0.12547007
1.8914833E-4	0.12508704
1.944985E-4	0.12470474
2.0E-4	0.124323234
2.0565712E-4	0.12394256
2.1147425E-4	0.12356279
2.1745593E-4	0.12318398
2.236068E-4	0.12280618
2.2993165E-4	0.12242944
2.364354E-4	0.12205382
2.4312311E-4	0.12167936
2.5E-4	0.121306114
2.5783465E-4	0.12089465
2.659148E-4	0.12048477
2.742482E-4	0.12007652
2.8284272E-4	0.119669944
2.917066E-4	0.119265065
3.0084825E-4	0.11886193
3.102764E-4	0.11846054
3.2E-4	0.11806094
3.290514E-4	0.117701255
3.383588E-4	0.11734302
3.4792948E-4	0.11698625
3.5777088E-4	0.11663093
3.6789064E-4	0.11627705
3.7829665E-4	0.11592458
3.88997E-4	0.11557352
4.0E-4	0.11522383
4.1131425E-4	0.114875495
4.229485E-4	0.11452848
4.3491187E-4	0.11418275
4.472136E-4	0.113838255
4.598633E-4	0.11349496
4.728708E-4	0.11315283
4.8624622E-4	0.112811804
5.0E-4	0.112471834
5.1465514E-4	0.112120785
5.2973983E-4	0.11177075
5.4526667E-4	0.11142166
5.612486E-4	0.11107346
5.77699E-4	0.11072607
5.946315E-4	0.11037943
6.120603E-4	0.11003345
6.3E-4	0.10968807
6.4807665E-4	0.109350376
6.6667196E-4	0.10901311
6.858008E-4	0.1086762
7.0547854E-4	0.10833957
7.257209E-4	0.108003154
7.465441E-4	0.107666865
7.6796475E-4	0.107330635
7.9E-4	0.10699438
8.136239E-4	0.10664404
8.379543E-4	0.1062935
8.630122E-4	0.10594267
8.8881946E-4	0.105591446
9.153984E-4	0.10523975
9.427722E-4	0.10488747
9.7096455E-4	0.104534514
0.001	0.10418077
0.0010293103	0.10383309
0.0010594797	0.103484444
0.0010905333	0.10313473
0.0011224973	0.102783844
0.001155398	0.10243167
0.001189263	0.10207808
0.0012241206	0.10172296
0.00126	0.10136618
0.0012961533	0.10101507
0.0013333439	0.1006621
0.0013716016	0.10030714
0.0014109571	0.09995005
0.0014514418	0.09959068
0.0014930882	0.09922889
0.0015359295	0.0988645
0.00158	0.09849736
0.0016272478	0.09811186
0.0016759086	0.097722985
0.0017260244	0.09733055
0.0017776389	0.09693434
0.0018307968	0.09653414
0.0018855444	0.096129745
0.0019419291	0.095720924
0.002	0.095307454
0.0020575977	0.09490444
0.002116854	0.0944967
0.002177817	0.094084024
0.0022405356	0.093666226
0.0023050604	0.09324309
0.0023714434	0.09281443
0.0024397383	0.09238005
0.00251	0.09193975
0.0025833033	0.09148712
0.0026587474	0.09102805
0.0027363948	0.09056236
0.0028163097	0.09008989
0.0028985585	0.089610495
0.0029832094	0.089124046
0.0030703326	0.08863041
0.00316	0.08812948
0.0032524571	0.08762025
0.0033476194	0.087103546
0.003445566	0.08657932
0.0035463783	0.08604755
0.0036501405	0.08550823
0.0037569385	0.08496136
0.003866861	0.084406994
0.00398	0.08384519
0.004096165	0.08327741
0.0042157196	0.082702436
0.0043387646	0.08212038
0.0044654002	0.08153141
0.0045957323	0.08093571
0.0047298684	0.080333486
0.0048679197	0.07972496
0.00501	0.07911039
0.005156579	0.078488566
0.0053074467	0.077861235
0.005462728	0.0772287
0.0056225527	0.0765913
0.0057870536	0.07594938
0.005956367	0.07530329
0.0061306343	0.07465341
0.00631	0.07400013
0.006493865	0.07334645
0.0066830874	0.07269018
0.0068778237	0.07203171
0.007078234	0.071371436
0.0072844843	0.070709765
0.0074967444	0.070047095
0.00771519	0.06938383
0.00794	0.06872035
0.008172275	0.06805445
0.008411343	0.067389116
0.008657407	0.066724695
0.008910668	0.06606154
0.009171338	0.065400004
0.009439633	0.0647404
0.009715778	0.06408304
0.01	0.0634282
0.010292081	0.06277717
0.010592694	0.06212917
0.010902087	0.06148444
0.011220517	0.060843185
0.011548247	0.060205586
0.011885551	0.05957181
0.012232705	0.058942
0.01259	0.05831628
0.012957647	0.057694886
0.013336032	0.05707776
0.013725464	0.056464966
0.01412627	0.055856545
0.014538779	0.055252526
0.014963334	0.05465291
0.015400288	0.0540577
0.01585	0.053466864
0.016312422	0.0528809
0.016788337	0.052299228
0.017278135	0.051721785
0.017782224	0.05114851
0.01830102	0.050579324
0.01883495	0.05001415
0.019384459	0.049452897
0.01995	0.048895475
0.020533005	0.048340894
0.021133045	0.047789965
0.021750621	0.047242593
0.022386245	0.04669869
0.023040446	0.046158154
0.023713762	0.045620896
0.024406755	0.04508683
0.02512	0.044555873
0.025853088	0.044028655
0.02660757	0.043504383
0.027384069	0.042983
0.02818323	0.042464435
0.029005712	0.041948643
0.029852198	0.041435573
0.030723387	0.04092519
0.03162	0.04041746
0.032543603	0.039911907
0.033494186	0.039408974
0.034472536	0.038908638
0.03547946	0.038410902
0.0365158	0.03791576
0.03758241	0.037423223
0.03868017	0.036933303
0.03981	0.03644601
0.040972695	0.035961427
0.042169347	0.035479516
0.04340095	0.035000306
0.044668525	0.03452383
0.04597312	0.03405011
0.047315817	0.03357919
0.04869773	0.03311109
0.05012	0.03264585
0.0515838	0.032183502
0.053090356	0.031724077
0.05464091	0.0312676
0.05623675	0.030814093
0.0578792	0.030363588
0.059569612	0.0299161
0.0613094	0.02947165
0.0631	0.029030252
0.06494172	0.028592188
0.066837184	0.028157188
0.06878798	0.027725251
0.070795715	0.027296375
0.072862044	0.026870558
0.074988686	0.026447784
0.077177405	0.026028045
0.07943	0.025611319
0.08174976	0.025197342
0.08413727	0.02478634
0.08659451	0.024378289
0.08912351	0.023973163
0.09172637	0.023570932
0.09440525	0.023171568
0.097162366	0.022775043
0.1	0.022381324
0.102919795	0.021990482
0.10592484	0.021602394
0.109017625	0.021217033
0.112200715	0.020834383
0.11547674	0.02045442
0.11884842	0.020077134
0.12231855	0.019702515
0.12589	0.019330557
0.12956645	0.018961193
0.13335027	0.018594498
0.13724458	0.018230487
0.14125264	0.017869176
0.14537773	0.017510597
0.14962329	0.017154776
0.15399285	0.016801756
0.15849	0.01645158
0.16311829	0.016104316
0.16788174	0.01576001
0.17278428	0.015418726
0.17783	0.015080534
0.18302307	0.014745511
0.18836778	0.014413739
0.19386858	0.014085303
0.19953	0.013760295
0.20535603	0.013438846
0.21135218	0.013121013
0.21752341	0.012806892
0.22387484	0.012496585
0.23041171	0.012190191
0.23713945	0.011887808
0.24406363	0.0115895355
0.25119	0.011295469
0.25852492	0.011005682
0.26607406	0.0107202865
0.27384362	0.010439366
0.28184006	0.010163003
0.29007	0.009891271
0.29854023	0.009624239
0.30725783	0.00936197
0.31623	0.009104517
0.32546407	0.00885193
0.33496782	0.0086042425
0.34474903	0.008361487
0.3548159	0.008123682
0.3651767	0.00789084
0.37584007	0.007662964
0.3868148	0.007440046
0.39811	0.007222071
0.40973493	0.0070090145
0.42169935	0.006800842
0.4340131	0.0065975105
0.44668642	0.00639897
0.4597298	0.006205162
0.47315407	0.0060160207
0.4869703	0.005831474
0.50119	0.005651443
0.5158249	0.0054758433
0.5308872	0.0053045866
0.5463893	0.0051375795
0.5623441	0.004974725
0.57876474	0.004815924
0.59566486	0.004661074
0.61305845	0.004510073
0.63096	0.0043628165
0.6493842	0.004219202
0.6683464	0.004079126
0.6878623	0.0039424873
0.7079481	0.0038091864
0.72862035	0.0036791263
0.7498962	0.0035522138
0.7717934	0.0034283584
0.79433	0.0033074738
0.8175246	0.0031894785
0.8413966	0.003074295
0.86596555	0.002961851
0.8912519	0.002852079
0.9172767	0.0027449168
0.9440614	0.0026403072
0.97162825	0.0025381984
1.0	0.0024385434
1.029201	0.0023412977
1.0592546	0.0022464267
1.090186	0.0021538977
1.1220205	0.0020636823
1.1547846	0.0019757557
1.1885055	0.001890097
1.223211	0.0018066883
1.25893	0.0017255145
1.2956905	0.0016465661
1.3335243	0.0015698288
1.3724631	0.0014952935
1.4125386	0.0014229517
1.4537846	0.0013527956
1.4962348	0.0012848178
1.5399245	0.0012190107
1.58489	0.0011553656
1.6311698	0.0010938718
1.678801	0.0010345203
1.727823	9.772993E-4
1.7782766	9.221943E-4
1.8302034	8.691893E-4
1.8836465	8.182658E-4
1.9386501	7.6940283E-4
1.99526	7.225768E-4
2.0535233	6.777612E-4
2.113488	6.349275E-4
2.1752036	5.940439E-4
2.2387214	5.55076E-4
2.304094	5.1798683E-4
2.3713756	4.827368E-4
2.4406219	4.4928375E-4
2.51189	4.175834E-4
2.5852382	3.8758953E-4
2.6607285	3.5925326E-4
2.7384229	3.3252433E-4
2.818386	3.0735094E-4
2.900684	2.8367992E-4
2.9853854	2.6145705E-4
3.0725598	2.4062725E-4
3.16228	2.2113479E-4
3.2546198	2.0292358E-4
3.3496559	1.859373E-4
3.447467	1.7011976E-4
3.5481343	1.5541502E-4
3.6517413	1.4176767E-4
3.7583735	1.2912294E-4
3.8681195	1.1742697E-4
3.98107	1.0662693E-4
4.097319	9.667114E-5
4.2169633	8.750935E-5
4.340101	7.9092715E-5
4.466834	7.137395E-5
4.5972676	6.430743E-5
4.7315106	5.7849265E-5
4.869673	5.1957337E-5
5.01187	4.659138E-5
5.1582193	4.1712978E-5
5.3088417	3.728561E-5
5.463863	3.3274624E-5
5.62341	2.964726E-5
5.7876167	2.6372614E-5
5.9566183	2.3421611E-5
6.1305547	2.076697E-5
6.30957	1.838316E-5
6.493813	1.6246351E-5
6.683436	1.4334358E-5
6.878596	1.2626574E-5
7.079455	1.1103909E-5
7.286179	9.748721E-6
7.4989395	8.544744E-6
7.7179127	7.477021E-6
7.94328	6.5318277E-6
8.175228	5.6966037E-6
8.41395	4.9598793E-6
8.659641	4.3112045E-6
8.912508	3.741084E-6
9.172758	3.2409052E-6
9.440608	2.8028783E-6
9.716279	2.4199708E-6
10.0	2.0858502E-6



DATASET #2

Name: RSQSim
Num Points: 401
Info: 

X, Y Data:
1.0E-4	0.19101052
1.0333392E-4	0.19023073
1.06779E-4	0.18944989
1.1033893E-4	0.18866813
1.14017545E-4	0.1878856
1.178188E-4	0.18710244
1.2174679E-4	0.18631877
1.2580573E-4	0.18553476
1.3E-4	0.18475053
1.334183E-4	0.1841298
1.369265E-4	0.1835091
1.4052694E-4	0.18288848
1.4422205E-4	0.18226801
1.4801433E-4	0.18164775
1.5190631E-4	0.18102778
1.5590065E-4	0.18040816
1.6E-4	0.17978896
1.645257E-4	0.17912406
1.691794E-4	0.1784598
1.7396474E-4	0.17779624
1.7888544E-4	0.17713349
1.8394532E-4	0.17647159
1.8914833E-4	0.17581065
1.944985E-4	0.17515074
2.0E-4	0.17449193
2.0565712E-4	0.17383428
2.1147425E-4	0.17317787
2.1745593E-4	0.17252278
2.236068E-4	0.17186907
2.2993165E-4	0.17121682
2.364354E-4	0.17056607
2.4312311E-4	0.1699169
2.5E-4	0.16926937
2.5783465E-4	0.168555
2.659148E-4	0.1678428
2.742482E-4	0.16713285
2.8284272E-4	0.16642521
2.917066E-4	0.16571996
3.0084825E-4	0.16501717
3.102764E-4	0.16431691
3.2E-4	0.16361925
3.290514E-4	0.16299091
3.383588E-4	0.1623648
3.4792948E-4	0.16174096
3.5777088E-4	0.16111945
3.6789064E-4	0.1605003
3.7829665E-4	0.15988357
3.88997E-4	0.1592693
4.0E-4	0.15865755
4.1131425E-4	0.15804836
4.229485E-4	0.15744178
4.3491187E-4	0.15683785
4.472136E-4	0.15623662
4.598633E-4	0.15563814
4.728708E-4	0.15504247
4.8624622E-4	0.15444966
5.0E-4	0.15385975
5.1465514E-4	0.15325189
5.2973983E-4	0.15264727
5.4526667E-4	0.15204594
5.612486E-4	0.15144797
5.77699E-4	0.1508534
5.946315E-4	0.15026231
6.120603E-4	0.14967476
6.3E-4	0.1490908
6.4807665E-4	0.14852251
6.6667196E-4	0.1479578
6.858008E-4	0.1473967
7.0547854E-4	0.14683928
7.257209E-4	0.1462856
7.465441E-4	0.14573568
7.6796475E-4	0.1451896
7.9E-4	0.14464739
8.136239E-4	0.14408681
8.379543E-4	0.14353053
8.630122E-4	0.14297858
8.8881946E-4	0.142431
9.153984E-4	0.14188784
9.427722E-4	0.14134909
9.7096455E-4	0.14081478
0.001	0.14028493
0.0010293103	0.13976975
0.0010594797	0.13925885
0.0010905333	0.13875218
0.0011224973	0.13824975
0.001155398	0.1377515
0.001189263	0.13725741
0.0012241206	0.13676739
0.00126	0.1362814
0.0012961533	0.13580932
0.0013333439	0.13534093
0.0013716016	0.13487613
0.0014109571	0.13441482
0.0014514418	0.13395688
0.0014930882	0.13350219
0.0015359295	0.13305058
0.00158	0.1326019
0.0016272478	0.1321375
0.0016759086	0.13167591
0.0017260244	0.1312169
0.0017776389	0.13076021
0.0018307968	0.1303056
0.0018855444	0.12985283
0.0019419291	0.1294016
0.002	0.12895161
0.0020575977	0.1285189
0.002116854	0.12808676
0.002177817	0.12765492
0.0022405356	0.12722304
0.0023050604	0.12679082
0.0023714434	0.12635793
0.0024397383	0.125924
0.00251	0.12548873
0.0025833033	0.12504564
0.0026587474	0.12460042
0.0027363948	0.12415266
0.0028163097	0.123701975
0.0028985585	0.12324798
0.0029832094	0.12279028
0.0030703326	0.12232847
0.00316	0.12186215
0.0032524571	0.12139006
0.0033476194	0.12091264
0.003445566	0.1204295
0.0035463783	0.11994024
0.0036501405	0.11944449
0.0037569385	0.11894186
0.003866861	0.11843196
0.00398	0.11791446
0.004096165	0.11739026
0.0042157196	0.1168578
0.0043387646	0.11631674
0.0044654002	0.115766786
0.0045957323	0.11520764
0.0047298684	0.11463902
0.0048679197	0.11406068
0.00501	0.11347236
0.005156579	0.11287242
0.0053074467	0.11226204
0.005462728	0.111641034
0.0056225527	0.111009255
0.0057870536	0.11036655
0.005956367	0.10971282
0.0061306343	0.109047964
0.00631	0.10837193
0.006493865	0.10768742
0.0066830874	0.10699176
0.0068778237	0.106284946
0.007078234	0.105567
0.0072844843	0.104837984
0.0074967444	0.104097955
0.00771519	0.103347026
0.00794	0.10258529
0.008172275	0.10180989
0.008411343	0.101023905
0.008657407	0.10022753
0.008910668	0.09942095
0.009171338	0.098604396
0.009439633	0.0977781
0.009715778	0.09694231
0.01	0.09609731
0.010292081	0.09524469
0.010592694	0.09438346
0.010902087	0.093513936
0.011220517	0.09263643
0.011548247	0.091751285
0.011885551	0.09085885
0.012232705	0.089959465
0.01259	0.089053504
0.012957647	0.088141546
0.013336032	0.08722376
0.013725464	0.086300544
0.01412627	0.085372284
0.014538779	0.084439375
0.014963334	0.083502226
0.015400288	0.08256125
0.01585	0.08161684
0.016312422	0.08067028
0.016788337	0.07972114
0.017278135	0.07876982
0.017782224	0.07781675
0.01830102	0.07686235
0.01883495	0.075907044
0.019384459	0.07495125
0.01995	0.07399539
0.020533005	0.07303832
0.021133045	0.07208202
0.021750621	0.071126916
0.022386245	0.07017342
0.023040446	0.06922194
0.023713762	0.06827289
0.024406755	0.06732667
0.02512	0.066383675
0.025853088	0.065445565
0.02660757	0.06451145
0.027384069	0.0635817
0.02818323	0.06265668
0.029005712	0.061736755
0.029852198	0.060822275
0.030723387	0.059913572
0.03162	0.059010968
0.032543603	0.05811399
0.033494186	0.057223737
0.034472536	0.05634049
0.03547946	0.05546452
0.0365158	0.05459608
0.03758241	0.05373541
0.03868017	0.052882724
0.03981	0.052038226
0.040972695	0.051202193
0.042169347	0.050374694
0.04340095	0.04955587
0.044668525	0.048745852
0.04597312	0.047944743
0.047315817	0.047152624
0.04869773	0.046369568
0.05012	0.04559562
0.0515838	0.04483081
0.053090356	0.04407514
0.05464091	0.043328602
0.05623675	0.042591166
0.0578792	0.04186279
0.059569612	0.041143406
0.0613094	0.040432937
0.0631	0.039731294
0.06494172	0.0390388
0.066837184	0.038354892
0.06878798	0.03767944
0.070795715	0.03701231
0.072862044	0.036353342
0.074988686	0.035702385
0.077177405	0.035059277
0.07943	0.03442385
0.08174976	0.033795558
0.08413727	0.03317461
0.08659451	0.032560844
0.08912351	0.031954076
0.09172637	0.031354144
0.09440525	0.030760882
0.097162366	0.03017413
0.1	0.029593732
0.102919795	0.029019684
0.10592484	0.028451702
0.109017625	0.02788966
0.112200715	0.027333438
0.11547674	0.026782934
0.11884842	0.026238047
0.12231855	0.025698699
0.12589	0.025164815
0.12956645	0.02463624
0.13335027	0.024113033
0.13724458	0.023595162
0.14125264	0.023082612
0.14537773	0.022575378
0.14962329	0.022073468
0.15399285	0.021576906
0.15849	0.021085722
0.16311829	0.020599985
0.16788174	0.020119729
0.17278428	0.019645017
0.17783	0.019175926
0.18302307	0.018712541
0.18836778	0.018254949
0.19386858	0.017803246
0.19953	0.017357538
0.20535603	0.01691798
0.21135218	0.016484626
0.21752341	0.016057584
0.22387484	0.01563697
0.23041171	0.015222887
0.23713945	0.014815444
0.24406363	0.014414746
0.25119	0.014020892
0.25852492	0.013633952
0.26607406	0.013254038
0.27384362	0.0128812315
0.28184006	0.012515605
0.29007	0.012157222
0.29854023	0.011806135
0.30725783	0.011462385
0.31623	0.011126005
0.32546407	0.010797015
0.33496782	0.010475423
0.34474903	0.010161221
0.3548159	0.009854394
0.3651767	0.0095549105
0.37584007	0.0092627285
0.3868148	0.008977793
0.39811	0.008700038
0.40973493	0.008429386
0.42169935	0.008165745
0.4340131	0.007909014
0.44668642	0.0076590823
0.4597298	0.0074158297
0.47315407	0.007179126
0.4869703	0.0069488357
0.50119	0.006724814
0.5158249	0.0065069105
0.5308872	0.006294971
0.5463893	0.006088836
0.5623441	0.005888344
0.57876474	0.00569333
0.59566486	0.0055036293
0.61305845	0.0053190766
0.63096	0.005139508
0.6493842	0.004964761
0.6683464	0.004794676
0.6878623	0.0046290965
0.7079481	0.004467871
0.72862035	0.0043108533
0.7498962	0.0041579017
0.7717934	0.0040088827
0.79433	0.0038636678
0.8175246	0.0037221366
0.8413966	0.0035841754
0.86596555	0.003449679
0.8912519	0.0033185494
0.9172767	0.0031906965
0.9440614	0.003066038
0.97162825	0.0029444995
1.0	0.0028260138
1.029201	0.0027105182
1.0592546	0.0025979625
1.090186	0.0024883
1.1220205	0.00238149
1.1547846	0.0022774974
1.1885055	0.0021762918
1.223211	0.0020778475
1.25893	0.0019821422
1.2956905	0.001889161
1.3335243	0.0017988833
1.3724631	0.001711295
1.4125386	0.0016263829
1.4537846	0.0015441349
1.4962348	0.0014645389
1.5399245	0.0013875824
1.58489	0.0013132525
1.6311698	0.0012415326
1.678801	0.0011724087
1.727823	0.0011058626
1.7782766	0.0010418736
1.8302034	9.804183E-4
1.8836465	9.214706E-4
1.9386501	8.650009E-4
1.99526	8.109767E-4
2.0535233	7.5936184E-4
2.113488	7.1011734E-4
2.1752036	6.6320086E-4
2.2387214	6.185665E-4
2.304094	5.7616545E-4
2.3713756	5.359458E-4
2.4406219	4.9785286E-4
2.51189	4.6182927E-4
2.5852382	4.278157E-4
2.6607285	3.9574987E-4
2.7384229	3.6556792E-4
2.818386	3.3720455E-4
2.900684	3.1059305E-4
2.9853854	2.8566577E-4
3.0725598	2.6235427E-4
3.16228	2.4058974E-4
3.2546198	2.2030323E-4
3.3496559	2.0142586E-4
3.447467	1.8388922E-4
3.5481343	1.676255E-4
3.6517413	1.5256788E-4
3.7583735	1.3865059E-4
3.8681195	1.2580927E-4
3.98107	1.13981005E-4
4.097319	1.0310458E-4
4.2169633	9.312072E-5
4.340101	8.397201E-5
4.466834	7.560315E-5
4.5972676	6.7960995E-5
4.7315106	6.0994593E-5
4.869673	5.4655302E-5
5.01187	4.8896767E-5
5.1582193	4.3674972E-5
5.3088417	3.894821E-5
5.463863	3.4677083E-5
5.62341	3.0824478E-5
5.7876167	2.7355523E-5
5.9566183	2.4237539E-5
6.1305547	2.143998E-5
6.30957	1.8934366E-5
6.493813	1.6694214E-5
6.683436	1.4694957E-5
6.878596	1.2913867E-5
7.079455	1.132996E-5
7.286179	9.923917E-6
7.4989395	8.677989E-6
7.7179127	7.5759144E-6
7.94328	6.6028238E-6
8.175228	5.7451566E-6
8.41395	4.9905725E-6
8.659641	4.3278706E-6
8.912508	3.746903E-6
9.172758	3.2385017E-6
9.440608	2.7943988E-6
9.716279	2.4071574E-6
10.0	2.0701018E-6



DATASET #3

Name: 1000yr
Num Points: 2
Info: 

X, Y Data:
0.001	0.001
10.0	0.001



DATASET #4

Name: 2500yr
Num Points: 2
Info: 

X, Y Data:
0.001	4.0E-4
10.0	4.0E-4



DATASET #5

Name: 10000yr
Num Points: 2
Info: 

X, Y Data:
0.001	1.0E-4
10.0	1.0E-4


