
X-Axis: 0.2s SA (g)
Y-Axis: Annual Probabilitiy
Number of Data Sets: 5


DATASET #1

Name: UCERF3
Num Points: 401
Info: 

X, Y Data:
1.0E-4	0.14125237
1.0333392E-4	0.14078882
1.06779E-4	0.1403251
1.1033893E-4	0.13986117
1.14017545E-4	0.139397
1.178188E-4	0.13893253
1.2174679E-4	0.13846774
1.2580573E-4	0.13800257
1.3E-4	0.137537
1.334183E-4	0.13716823
1.369265E-4	0.13679914
1.4052694E-4	0.13642973
1.4422205E-4	0.13605995
1.4801433E-4	0.13568984
1.5190631E-4	0.13531934
1.5590065E-4	0.13494843
1.6E-4	0.13457713
1.645257E-4	0.13417764
1.691794E-4	0.13377766
1.7396474E-4	0.1333772
1.7888544E-4	0.13297625
1.8394532E-4	0.1325748
1.8914833E-4	0.13217287
1.944985E-4	0.13177048
2.0E-4	0.13136762
2.0565712E-4	0.13096435
2.1147425E-4	0.13056067
2.1745593E-4	0.13015659
2.236068E-4	0.12975217
2.2993165E-4	0.12934744
2.364354E-4	0.12894244
2.4312311E-4	0.12853722
2.5E-4	0.12813182
2.5783465E-4	0.12768316
2.659148E-4	0.12723441
2.742482E-4	0.12678565
2.8284272E-4	0.12633693
2.917066E-4	0.12588833
3.0084825E-4	0.12543996
3.102764E-4	0.124991864
3.2E-4	0.12454413
3.290514E-4	0.124139786
3.383588E-4	0.12373586
3.4792948E-4	0.1233324
3.5777088E-4	0.12292947
3.6789064E-4	0.12252711
3.7829665E-4	0.12212536
3.88997E-4	0.12172427
4.0E-4	0.12132388
4.1131425E-4	0.120924234
4.229485E-4	0.12052535
4.3491187E-4	0.12012726
4.472136E-4	0.11972998
4.598633E-4	0.11933353
4.728708E-4	0.11893792
4.8624622E-4	0.11854314
5.0E-4	0.118149206
5.1465514E-4	0.11774207
5.2973983E-4	0.1173358
5.4526667E-4	0.116930366
5.612486E-4	0.11652573
5.77699E-4	0.11612185
5.946315E-4	0.11571867
6.120603E-4	0.11531613
6.3E-4	0.11491415
6.4807665E-4	0.11452099
6.6667196E-4	0.1141282
6.858008E-4	0.113735706
7.0547854E-4	0.113343395
7.257209E-4	0.11295115
7.465441E-4	0.11255888
7.6796475E-4	0.11216644
7.9E-4	0.11177371
8.136239E-4	0.111364186
8.379543E-4	0.11095403
8.630122E-4	0.11054308
8.8881946E-4	0.11013116
9.153984E-4	0.10971808
9.427722E-4	0.10930367
9.7096455E-4	0.108887725
0.001	0.10847007
0.0010293103	0.10805872
0.0010594797	0.107645355
0.0010905333	0.10722978
0.0011224973	0.106811814
0.001155398	0.10639128
0.001189263	0.10596799
0.0012241206	0.10554178
0.00126	0.10511247
0.0012961533	0.10468891
0.0013333439	0.10426207
0.0013716016	0.10383179
0.0014109571	0.10339796
0.0014514418	0.10296042
0.0014930882	0.10251907
0.0015359295	0.10207379
0.00158	0.10162447
0.0016272478	0.10115208
0.0016759086	0.100675106
0.0017260244	0.100193486
0.0017776389	0.09970713
0.0018307968	0.099215984
0.0018855444	0.098720014
0.0019419291	0.09821918
0.002	0.097713456
0.0020575977	0.09722152
0.002116854	0.096725054
0.002177817	0.09622406
0.0022405356	0.095718555
0.0023050604	0.09520858
0.0023714434	0.09469415
0.0024397383	0.09417533
0.00251	0.09365217
0.0025833033	0.09311736
0.0026587474	0.0925782
0.0027363948	0.092034765
0.0028163097	0.09148711
0.0028985585	0.09093532
0.0029832094	0.090379454
0.0030703326	0.08981959
0.00316	0.08925579
0.0032524571	0.08868709
0.0033476194	0.08811458
0.003445566	0.087538324
0.0035463783	0.08695836
0.0036501405	0.08637477
0.0037569385	0.08578758
0.003866861	0.08519683
0.00398	0.084602565
0.004096165	0.08400624
0.0042157196	0.08340647
0.0043387646	0.08280326
0.0044654002	0.08219661
0.0045957323	0.081586525
0.0047298684	0.08097301
0.0048679197	0.08035604
0.00501	0.07973562
0.005156579	0.079110235
0.0053074467	0.07848134
0.005462728	0.077848904
0.0056225527	0.07721291
0.0057870536	0.07657333
0.005956367	0.075930126
0.0061306343	0.07528329
0.00631	0.07463279
0.006493865	0.07398124
0.0066830874	0.07332602
0.0068778237	0.07266714
0.007078234	0.07200457
0.0072844843	0.07133833
0.0074967444	0.07066843
0.00771519	0.06999488
0.00794	0.06931772
0.008172275	0.06863432
0.008411343	0.06794736
0.008657407	0.06725688
0.008910668	0.06656297
0.009171338	0.065865695
0.009439633	0.06516513
0.009715778	0.06446139
0.01	0.063754566
0.010292081	0.06304586
0.010592694	0.062334325
0.010902087	0.061620075
0.011220517	0.060903255
0.011548247	0.060184002
0.011885551	0.05946247
0.012232705	0.058738805
0.01259	0.058013167
0.012957647	0.05728588
0.013336032	0.056556936
0.013725464	0.055826504
0.01412627	0.055094745
0.014538779	0.05436182
0.014963334	0.05362789
0.015400288	0.05289311
0.01585	0.052157633
0.016312422	0.05142228
0.016788337	0.050686523
0.017278135	0.049950518
0.017782224	0.049214385
0.01830102	0.048478268
0.01883495	0.047742285
0.019384459	0.04700655
0.01995	0.046271186
0.020533005	0.045535095
0.021133045	0.044799585
0.021750621	0.044064745
0.022386245	0.043330677
0.023040446	0.04259746
0.023713762	0.041865192
0.024406755	0.041133944
0.02512	0.040403806
0.025853088	0.03967583
0.02660757	0.03894912
0.027384069	0.03822375
0.02818323	0.03749981
0.029005712	0.036777385
0.029852198	0.03605656
0.030723387	0.035337437
0.03162	0.03462011
0.032543603	0.03390407
0.033494186	0.033190053
0.034472536	0.0324782
0.03547946	0.03176864
0.0365158	0.03106152
0.03758241	0.030357003
0.03868017	0.02965526
0.03981	0.028956471
0.040972695	0.028260916
0.042169347	0.027568724
0.04340095	0.026880117
0.044668525	0.026195332
0.04597312	0.025514621
0.047315817	0.024838243
0.04869773	0.024166474
0.05012	0.0234996
0.0515838	0.022837924
0.053090356	0.022181747
0.05464091	0.021531388
0.05623675	0.020887172
0.0578792	0.02024943
0.059569612	0.019618498
0.0613094	0.018994719
0.0631	0.018378438
0.06494172	0.01777038
0.066837184	0.017170494
0.06878798	0.016579129
0.070795715	0.015996614
0.072862044	0.015423287
0.074988686	0.014859469
0.077177405	0.014305474
0.07943	0.013761609
0.08174976	0.013227845
0.08413727	0.0127047915
0.08659451	0.01219271
0.08912351	0.011691847
0.09172637	0.0112024285
0.09440525	0.010724663
0.097162366	0.010258736
0.1	0.009804814
0.102919795	0.009363145
0.10592484	0.008933737
0.109017625	0.008516686
0.112200715	0.008112064
0.11547674	0.0077199196
0.11884842	0.007340276
0.12231855	0.006973133
0.12589	0.0066184658
0.12956645	0.0062761605
0.13335027	0.0059462157
0.13724458	0.0056285374
0.14125264	0.00532301
0.14537773	0.005029496
0.14962329	0.0047478387
0.15399285	0.004477862
0.15849	0.0042193714
0.16311829	0.003972167
0.16788174	0.0037360115
0.17278428	0.003510664
0.17783	0.0032958717
0.18302307	0.0030913695
0.18836778	0.0028968828
0.19386858	0.0027121278
0.19953	0.002536813
0.20535603	0.0023706614
0.21135218	0.0022133482
0.21752341	0.0020645687
0.22387484	0.0019240144
0.23041171	0.0017913765
0.23713945	0.001666346
0.24406363	0.0015486148
0.25119	0.001437877
0.25852492	0.0013338227
0.26607406	0.0012361604
0.27384362	0.0011445954
0.28184006	0.0010588384
0.29007	9.786062E-4
0.29854023	9.036217E-4
0.30725783	8.3361554E-4
0.31623	7.683254E-4
0.32546407	7.0749735E-4
0.33496782	6.508847E-4
0.34474903	5.982498E-4
0.3548159	5.493633E-4
0.3651767	5.040049E-4
0.37584007	4.6196295E-4
0.3868148	4.2303457E-4
0.39811	3.8702582E-4
0.40973493	3.5375167E-4
0.42169935	3.2303532E-4
0.4340131	2.947088E-4
0.44668642	2.686125E-4
0.4597298	2.4459505E-4
0.47315407	2.2251315E-4
0.4869703	2.0223125E-4
0.50119	1.8362145E-4
0.5158249	1.665631E-4
0.5308872	1.5094271E-4
0.5463893	1.3665356E-4
0.5623441	1.2359548E-4
0.57876474	1.116746E-4
0.59566486	1.00803E-4
0.61305845	9.089851E-5
0.63096	8.188441E-5
0.6493842	7.3689196E-5
0.6683464	6.624621E-5
0.6878623	5.9493497E-5
0.7079481	5.3373496E-5
0.72862035	4.7832815E-5
0.7498962	4.2821972E-5
0.7717934	3.8295173E-5
0.79433	3.421009E-5
0.8175246	3.052765E-5
0.8413966	2.7211816E-5
0.86596555	2.4229394E-5
0.8912519	2.154986E-5
0.9172767	1.9145167E-5
0.9440614	1.6989572E-5
0.97162825	1.5059485E-5
1.0	1.3333313E-5
1.029201	1.1791272E-5
1.0592546	1.0415377E-5
1.090186	9.189182E-6
1.1220205	8.097705E-6
1.1547846	7.127317E-6
1.1885055	6.2656345E-6
1.223211	5.501418E-6
1.25893	4.8244806E-6
1.2956905	4.225626E-6
1.3335243	3.6964907E-6
1.3724631	3.2295504E-6
1.4125386	2.8180234E-6
1.4537846	2.4558E-6
1.4962348	2.1373878E-6
1.5399245	1.8578542E-6
1.58489	1.6127757E-6
1.6311698	1.3981853E-6
1.678801	1.2105481E-6
1.727823	1.0466996E-6
1.7782766	9.038185E-7
1.8302034	7.793919E-7
1.8836465	6.711854E-7
1.9386501	5.772151E-7
1.99526	4.9572213E-7
2.0535233	4.251483E-7
2.113488	3.6411748E-7
2.1752036	3.1141414E-7
2.2387214	2.6596715E-7
2.304094	2.2683372E-7
2.3713756	1.9318543E-7
2.4406219	1.6429549E-7
2.51189	1.3952717E-7
2.5852382	1.1832382E-7
2.6607285	1.0019888E-7
2.7384229	8.472828E-8
2.818386	7.154292E-8
2.900684	6.032195E-8
2.9853854	5.078704E-8
3.0725598	4.2697046E-8
3.16228	3.58433E-8
3.2546198	3.0045673E-8
3.3496559	2.5148827E-8
3.447467	2.1019154E-8
3.5481343	1.7541717E-8
3.6517413	1.4618018E-8
3.7583735	1.2163616E-8
3.8681195	1.0106376E-8
3.98107	8.384621E-9
4.097319	6.945875E-9
4.2169633	5.745484E-9
4.340101	4.7455044E-9
4.466834	3.9137573E-9
4.5972676	3.2229965E-9
4.7315106	2.6502307E-9
4.869673	2.1760203E-9
5.01187	1.7840337E-9
5.1582193	1.4604936E-9
5.3088417	1.1938529E-9
5.463863	9.744494E-10
5.62341	7.942005E-10
5.7876167	6.4634664E-10
5.9566183	5.252453E-10
6.1305547	4.2621107E-10
6.30957	3.4533887E-10
6.493813	2.7940839E-10
6.683436	2.2574143E-10
6.878596	1.821141E-10
7.079455	1.467052E-10
7.286179	1.1801327E-10
7.4989395	9.479528E-11
7.7179127	7.604117E-11
7.94328	6.0904615E-11
8.175228	4.8718807E-11
8.41395	3.8914427E-11
8.659641	3.1039393E-11
8.912508	2.4726998E-11
9.172758	1.9667934E-11
9.440608	1.5626389E-11
9.716279	1.2395307E-11
10.0	9.817702E-12



DATASET #2

Name: RSQSim
Num Points: 401
Info: 

X, Y Data:
1.0E-4	0.20337486
1.0333392E-4	0.20262028
1.06779E-4	0.20186193
1.1033893E-4	0.20109999
1.14017545E-4	0.20033462
1.178188E-4	0.19956599
1.2174679E-4	0.19879429
1.2580573E-4	0.19801967
1.3E-4	0.19724229
1.334183E-4	0.1966252
1.369265E-4	0.1960066
1.4052694E-4	0.19538651
1.4422205E-4	0.19476506
1.4801433E-4	0.1941423
1.5190631E-4	0.19351831
1.5590065E-4	0.19289318
1.6E-4	0.19226699
1.645257E-4	0.19159295
1.691794E-4	0.19091786
1.7396474E-4	0.19024183
1.7888544E-4	0.18956496
1.8394532E-4	0.18888734
1.8914833E-4	0.18820907
1.944985E-4	0.18753025
2.0E-4	0.18685098
2.0565712E-4	0.18617135
2.1147425E-4	0.18549147
2.1745593E-4	0.18481143
2.236068E-4	0.18413134
2.2993165E-4	0.18345128
2.364354E-4	0.18277135
2.4312311E-4	0.18209165
2.5E-4	0.18141231
2.5783465E-4	0.18066125
2.659148E-4	0.17991084
2.742482E-4	0.17916122
2.8284272E-4	0.17841251
2.917066E-4	0.17766483
3.0084825E-4	0.17691831
3.102764E-4	0.17617308
3.2E-4	0.17542922
3.290514E-4	0.17475814
3.383588E-4	0.17408836
3.4792948E-4	0.17341998
3.5777088E-4	0.17275308
3.6789064E-4	0.17208773
3.7829665E-4	0.171424
3.88997E-4	0.17076194
4.0E-4	0.17010166
4.1131425E-4	0.16944318
4.229485E-4	0.16878659
4.3491187E-4	0.16813193
4.472136E-4	0.16747926
4.598633E-4	0.16682863
4.728708E-4	0.16618009
4.8624622E-4	0.16553369
5.0E-4	0.16488945
5.1465514E-4	0.16422457
5.2973983E-4	0.16356209
5.4526667E-4	0.16290206
5.612486E-4	0.16224453
5.77699E-4	0.16158952
5.946315E-4	0.16093704
6.120603E-4	0.16028716
6.3E-4	0.15963987
6.4807665E-4	0.15900855
6.6667196E-4	0.15837976
6.858008E-4	0.15775353
7.0547854E-4	0.15712984
7.257209E-4	0.15650873
7.465441E-4	0.15589018
7.6796475E-4	0.15527421
7.9E-4	0.15466084
8.136239E-4	0.1540247
8.379543E-4	0.15339136
8.630122E-4	0.15276083
8.8881946E-4	0.15213309
9.153984E-4	0.15150814
9.427722E-4	0.15088594
9.7096455E-4	0.15026648
0.001	0.14964974
0.0010293103	0.14904767
0.0010594797	0.14844817
0.0010905333	0.14785118
0.0011224973	0.14725666
0.001155398	0.14666456
0.001189263	0.14607483
0.0012241206	0.14548741
0.00126	0.14490223
0.0012961533	0.14433129
0.0013333439	0.14376234
0.0013716016	0.14319529
0.0014109571	0.14263004
0.0014514418	0.1420665
0.0014930882	0.14150456
0.0015359295	0.14094408
0.00158	0.14038494
0.0016272478	0.13980386
0.0016759086	0.1392239
0.0017260244	0.13864492
0.0017776389	0.13806671
0.0018307968	0.13748908
0.0018855444	0.13691184
0.0019419291	0.13633476
0.002	0.13575761
0.0020575977	0.13520122
0.002116854	0.13464431
0.002177817	0.1340867
0.0022405356	0.13352814
0.0023050604	0.13296838
0.0023714434	0.1324072
0.0024397383	0.13184434
0.00251	0.13127954
0.0025833033	0.13070467
0.0026587474	0.13012728
0.0027363948	0.12954709
0.0028163097	0.12896384
0.0028985585	0.12837724
0.0029832094	0.12778702
0.0030703326	0.1271929
0.00316	0.1265946
0.0032524571	0.12599075
0.0033476194	0.12538216
0.003445566	0.12476854
0.0035463783	0.12414964
0.0036501405	0.123525195
0.0037569385	0.122894935
0.003866861	0.12225861
0.00398	0.12161597
0.004096165	0.12096833
0.0042157196	0.12031392
0.0043387646	0.11965251
0.0044654002	0.118983865
0.0045957323	0.11830778
0.0047298684	0.11762402
0.0048679197	0.1169324
0.00501	0.11623271
0.005156579	0.11552307
0.0053074467	0.11480494
0.005462728	0.114078134
0.0056225527	0.113342494
0.0057870536	0.11259784
0.005956367	0.11184401
0.0061306343	0.111080855
0.00631	0.11030822
0.006493865	0.109529115
0.0066830874	0.10874034
0.0068778237	0.107941754
0.007078234	0.10713324
0.0072844843	0.106314674
0.0074967444	0.10548595
0.00771519	0.10464696
0.00794	0.10379761
0.008172275	0.10293441
0.008411343	0.10206059
0.008657407	0.101176046
0.008910668	0.100280695
0.009171338	0.09937447
0.009439633	0.098457314
0.009715778	0.09752916
0.01	0.09658995
0.010292081	0.09564112
0.010592694	0.094681196
0.010902087	0.093710154
0.011220517	0.09272798
0.011548247	0.09173466
0.011885551	0.09073022
0.012232705	0.08971467
0.01259	0.08868804
0.012957647	0.0876506
0.013336032	0.0866022
0.013725464	0.08554291
0.01412627	0.08447283
0.014538779	0.08339207
0.014963334	0.08230075
0.015400288	0.08119904
0.01585	0.08008711
0.016312422	0.07896616
0.016788337	0.07783542
0.017278135	0.076695114
0.017782224	0.075545534
0.01830102	0.07438695
0.01883495	0.07321969
0.019384459	0.07204408
0.01995	0.07086051
0.020533005	0.06966742
0.021133045	0.06846716
0.021750621	0.06726019
0.022386245	0.06604699
0.023040446	0.06482807
0.023713762	0.06360396
0.024406755	0.062375233
0.02512	0.061142486
0.025853088	0.05990799
0.02660757	0.05867074
0.027384069	0.057431392
0.02818323	0.05619064
0.029005712	0.05494919
0.029852198	0.05370777
0.030723387	0.05246713
0.03162	0.05122803
0.032543603	0.049990173
0.033494186	0.048755437
0.034472536	0.047524635
0.03547946	0.046298582
0.0365158	0.045078106
0.03758241	0.043864038
0.03868017	0.042657208
0.03981	0.04145845
0.040972695	0.04026873
0.042169347	0.039088745
0.04340095	0.03791931
0.044668525	0.036761235
0.04597312	0.03561532
0.047315817	0.034482356
0.04869773	0.033363108
0.05012	0.032258328
0.0515838	0.03116875
0.053090356	0.030095074
0.05464091	0.02903798
0.05623675	0.02799812
0.0578792	0.026976116
0.059569612	0.025972562
0.0613094	0.024988012
0.0631	0.02402299
0.06494172	0.023078574
0.066837184	0.022154592
0.06878798	0.021251455
0.070795715	0.02036953
0.072862044	0.019509144
0.074988686	0.018670583
0.077177405	0.017854093
0.07943	0.01705987
0.08174976	0.016287617
0.08413727	0.015537933
0.08659451	0.014810892
0.08912351	0.014106521
0.09172637	0.013424813
0.09440525	0.012765711
0.097162366	0.012129125
0.1	0.01151492
0.102919795	0.010923067
0.10592484	0.010353208
0.109017625	0.009805099
0.112200715	0.009278464
0.11547674	0.008772994
0.11884842	0.008288351
0.12231855	0.007824167
0.12589	0.007380048
0.12956645	0.0069554946
0.13335027	0.006550155
0.13724458	0.006163568
0.14125264	0.005795253
0.14537773	0.0054447153
0.14962329	0.005111446
0.15399285	0.004794924
0.15849	0.00449462
0.16311829	0.004210007
0.16788174	0.0039405297
0.17278428	0.0036856418
0.17783	0.0034447953
0.18302307	0.003217443
0.18836778	0.0030030394
0.19386858	0.0028010437
0.19953	0.0026109195
0.20535603	0.002432159
0.21135218	0.0022642175
0.21752341	0.0021065837
0.22387484	0.0019587572
0.23041171	0.0018202483
0.23713945	0.0016905809
0.24406363	0.0015692913
0.25119	0.0014559304
0.25852492	0.0013500565
0.26607406	0.0012512574
0.27384362	0.0011591286
0.28184006	0.001073281
0.29007	9.933417E-4
0.29854023	9.1895316E-4
0.30725783	8.497741E-4
0.31623	7.854789E-4
0.32546407	7.25758E-4
0.33496782	6.7031616E-4
0.34474903	6.1887415E-4
0.3548159	5.711674E-4
0.3651767	5.269456E-4
0.37584007	4.8597276E-4
0.3868148	4.480264E-4
0.39811	4.1289715E-4
0.40973493	3.8038852E-4
0.42169935	3.503157E-4
0.4340131	3.2250572E-4
0.44668642	2.967967E-4
0.4597298	2.7303738E-4
0.47315407	2.5108646E-4
0.4869703	2.3081218E-4
0.50119	2.1209175E-4
0.5158249	1.9481087E-4
0.5308872	1.788632E-4
0.5463893	1.6414997E-4
0.5623441	1.5057936E-4
0.57876474	1.3806619E-4
0.59566486	1.2653138E-4
0.61305845	1.1590166E-4
0.63096	1.06109095E-4
0.6493842	9.7090735E-5
0.6683464	8.878824E-5
0.6878623	8.114759E-5
0.7079481	7.4118754E-5
0.72862035	6.765542E-5
0.7498962	6.171469E-5
0.7717934	5.625684E-5
0.79433	5.1245093E-5
0.8175246	4.6645397E-5
0.8413966	4.24262E-5
0.86596555	3.855828E-5
0.8912519	3.5014564E-5
0.9172767	3.1769985E-5
0.9440614	2.8801298E-5
0.97162825	2.6086977E-5
1.0	2.3607068E-5
1.029201	2.1343025E-5
1.0592546	1.9277777E-5
1.090186	1.7395449E-5
1.1220205	1.5681324E-5
1.1547846	1.4121774E-5
1.1885055	1.2704177E-5
1.223211	1.1416841E-5
1.25893	1.02489485E-5
1.2956905	9.190528E-6
1.3335243	8.232272E-6
1.3724631	7.365625E-6
1.4125386	6.5826803E-6
1.4537846	5.8761407E-6
1.4962348	5.2392725E-6
1.5399245	4.6658697E-6
1.58489	4.1502153E-6
1.6311698	3.6870372E-6
1.678801	3.2715134E-6
1.727823	2.8992022E-6
1.7782766	2.5660281E-6
1.8302034	2.268256E-6
1.8836465	2.002467E-6
1.9386501	1.7655353E-6
1.99526	1.5546063E-6
2.0535233	1.3670752E-6
2.113488	1.2005725E-6
2.1752036	1.0529412E-6
2.2387214	9.2222217E-7
2.304094	8.066381E-7
2.3713756	7.0457946E-7
2.4406219	6.1459014E-7
2.51189	5.3535535E-7
2.5852382	4.656903E-7
2.6607285	4.045262E-7
2.7384229	3.509033E-7
2.818386	3.0396023E-7
2.900684	2.6292489E-7
2.9853854	2.2710654E-7
3.0725598	1.9588809E-7
3.16228	1.6871917E-7
3.2546198	1.4510977E-7
3.3496559	1.2462421E-7
3.447467	1.0687586E-7
3.5481343	9.1522175E-8
3.6517413	7.826015E-8
3.7583735	6.682222E-8
3.8681195	5.6972507E-8
3.98107	4.8503445E-8
4.097319	4.1232614E-8
4.2169633	3.5000102E-8
4.340101	2.9665841E-8
4.466834	2.5107404E-8
4.5972676	2.1217975E-8
4.7315106	1.7904489E-8
4.869673	1.5086044E-8
5.01187	1.2692398E-8
5.1582193	1.0662681E-8
5.3088417	8.944223E-9
5.463863	7.491564E-9
5.62341	6.2655032E-9
5.7876167	5.2323026E-9
5.9566183	4.3629846E-9
6.1305547	3.632676E-9
6.30957	3.020119E-9
6.493813	2.507128E-9
6.683436	2.078181E-9
6.878596	1.7200665E-9
7.079455	1.4215527E-9
7.286179	1.1730951E-9
7.4989395	9.666389E-10
7.7179127	7.953461E-10
7.94328	6.5344374E-10
8.175228	5.3607185E-10
8.41395	4.391406E-10
8.659641	3.5920777E-10
8.912508	2.9339842E-10
9.172758	2.392948E-10
9.440608	1.9488844E-10
9.716279	1.5849222E-10
10.0	1.2871093E-10



DATASET #3

Name: 1000yr
Num Points: 2
Info: 

X, Y Data:
0.001	0.001
10.0	0.001



DATASET #4

Name: 2500yr
Num Points: 2
Info: 

X, Y Data:
0.001	4.0E-4
10.0	4.0E-4



DATASET #5

Name: 10000yr
Num Points: 2
Info: 

X, Y Data:
0.001	1.0E-4
10.0	1.0E-4


