
X-Axis: 0.2s SA (g)
Y-Axis: Annual Probabilitiy
Number of Data Sets: 5


DATASET #1

Name: UCERF3
Num Points: 401
Info: 

X, Y Data:
1.0E-4	0.14537105
1.0333392E-4	0.14491564
1.06779E-4	0.14445971
1.1033893E-4	0.14400326
1.14017545E-4	0.14354625
1.178188E-4	0.14308868
1.2174679E-4	0.14263052
1.2580573E-4	0.14217168
1.3E-4	0.14171216
1.334183E-4	0.14134794
1.369265E-4	0.14098321
1.4052694E-4	0.14061794
1.4422205E-4	0.14025208
1.4801433E-4	0.1398856
1.5190631E-4	0.13951845
1.5590065E-4	0.1391506
1.6E-4	0.13878201
1.645257E-4	0.138385
1.691794E-4	0.13798703
1.7396474E-4	0.13758802
1.7888544E-4	0.13718794
1.8394532E-4	0.13678671
1.8914833E-4	0.1363843
1.944985E-4	0.1359806
2.0E-4	0.13557564
2.0565712E-4	0.1351693
2.1147425E-4	0.13476154
2.1745593E-4	0.13435234
2.236068E-4	0.13394162
2.2993165E-4	0.13352934
2.364354E-4	0.13311544
2.4312311E-4	0.1326999
2.5E-4	0.13228266
2.5783465E-4	0.13181904
2.659148E-4	0.13135324
2.742482E-4	0.1308852
2.8284272E-4	0.13041486
2.917066E-4	0.12994216
3.0084825E-4	0.12946707
3.102764E-4	0.12898952
3.2E-4	0.12850946
3.290514E-4	0.12807333
3.383588E-4	0.12763506
3.4792948E-4	0.12719463
3.5777088E-4	0.12675197
3.6789064E-4	0.12630707
3.7829665E-4	0.12585986
3.88997E-4	0.12541029
4.0E-4	0.12495832
4.1131425E-4	0.12450391
4.229485E-4	0.12404699
4.3491187E-4	0.123587504
4.472136E-4	0.1231254
4.598633E-4	0.1226606
4.728708E-4	0.12219305
4.8624622E-4	0.12172268
5.0E-4	0.121249415
5.1465514E-4	0.12075613
5.2973983E-4	0.12025955
5.4526667E-4	0.11975962
5.612486E-4	0.11925623
5.77699E-4	0.11874928
5.946315E-4	0.11823869
6.120603E-4	0.11772433
6.3E-4	0.11720611
6.4807665E-4	0.116694815
6.6667196E-4	0.11617962
6.858008E-4	0.11566043
7.0547854E-4	0.11513714
7.257209E-4	0.11460965
7.465441E-4	0.11407787
7.6796475E-4	0.11354171
7.9E-4	0.11300108
8.136239E-4	0.11243311
8.379543E-4	0.11186012
8.630122E-4	0.111282
8.8881946E-4	0.110698685
9.153984E-4	0.1101101
9.427722E-4	0.109516196
9.7096455E-4	0.108916916
0.001	0.108312234
0.0010293103	0.10771411
0.0010594797	0.10711077
0.0010905333	0.1065022
0.0011224973	0.105888434
0.001155398	0.105269514
0.001189263	0.104645476
0.0012241206	0.10401639
0.00126	0.103382364
0.0012961533	0.10275678
0.0013333439	0.102126665
0.0013716016	0.10149213
0.0014109571	0.100853324
0.0014514418	0.10021041
0.0014930882	0.09956358
0.0015359295	0.098913
0.00158	0.098258905
0.0016272478	0.09757411
0.0016759086	0.09688601
0.0017260244	0.09619489
0.0017776389	0.095501065
0.0018307968	0.09480485
0.0018855444	0.09410659
0.0019419291	0.09340663
0.002	0.09270533
0.0020575977	0.092028655
0.002116854	0.09135142
0.002177817	0.09067398
0.0022405356	0.08999669
0.0023050604	0.0893199
0.0023714434	0.088643976
0.0024397383	0.08796929
0.00251	0.08729619
0.0025833033	0.08661575
0.0026587474	0.0859377
0.0027363948	0.08526242
0.0028163097	0.08459027
0.0028985585	0.083921626
0.0029832094	0.08325683
0.0030703326	0.08259625
0.00316	0.081940204
0.0032524571	0.081287846
0.0033476194	0.08064069
0.003445566	0.07999905
0.0035463783	0.07936321
0.0036501405	0.07873345
0.0037569385	0.07811004
0.003866861	0.07749321
0.00398	0.076883204
0.004096165	0.076281674
0.0042157196	0.075687334
0.0043387646	0.07510036
0.0044654002	0.07452091
0.0045957323	0.07394912
0.0047298684	0.07338512
0.0048679197	0.072829
0.00501	0.072280854
0.005156579	0.07173947
0.0053074467	0.071206205
0.005462728	0.07068108
0.0056225527	0.07016411
0.0057870536	0.06965528
0.005956367	0.06915455
0.0061306343	0.0686619
0.00631	0.06817724
0.006493865	0.06770238
0.0066830874	0.06723528
0.0068778237	0.06677582
0.007078234	0.066323854
0.0072844843	0.06587925
0.0074967444	0.06544184
0.00771519	0.06501144
0.00794	0.06458787
0.008172275	0.0641693
0.008411343	0.06375719
0.008657407	0.06335129
0.008910668	0.062951356
0.009171338	0.06255713
0.009439633	0.06216836
0.009715778	0.06178475
0.01	0.061406028
0.010292081	0.061032463
0.010592694	0.060663175
0.010902087	0.060297854
0.011220517	0.059936192
0.011548247	0.059577875
0.011885551	0.059222586
0.012232705	0.05887
0.01259	0.05851979
0.012957647	0.058171723
0.013336032	0.05782539
0.013725464	0.05748047
0.01412627	0.05713665
0.014538779	0.05679362
0.014963334	0.05645106
0.015400288	0.056108676
0.01585	0.055766165
0.016312422	0.05542355
0.016788337	0.05508025
0.017278135	0.054735985
0.017782224	0.0543905
0.01830102	0.054043554
0.01883495	0.053694904
0.019384459	0.053344324
0.01995	0.052991614
0.020533005	0.052635994
0.021133045	0.05227785
0.021750621	0.051917028
0.022386245	0.051553365
0.023040446	0.051186733
0.023713762	0.05081701
0.024406755	0.050444093
0.02512	0.05006789
0.025853088	0.049688853
0.02660757	0.04930641
0.027384069	0.04892053
0.02818323	0.04853119
0.029005712	0.04813837
0.029852198	0.047742076
0.030723387	0.047342334
0.03162	0.046939164
0.032543603	0.04653225
0.033494186	0.046122007
0.034472536	0.045708492
0.03547946	0.04529178
0.0365158	0.044871956
0.03758241	0.044449113
0.03868017	0.044023342
0.03981	0.043594755
0.040972695	0.043163504
0.042169347	0.042729657
0.04340095	0.04229333
0.044668525	0.041854642
0.04597312	0.041413713
0.047315817	0.04097067
0.04869773	0.040525623
0.05012	0.040078703
0.0515838	0.03963003
0.053090356	0.03917972
0.05464091	0.038727883
0.05623675	0.03827464
0.0578792	0.03782009
0.059569612	0.03736435
0.0613094	0.036907513
0.0631	0.036449686
0.06494172	0.035991244
0.066837184	0.035531998
0.06878798	0.035072025
0.070795715	0.034611415
0.072862044	0.034150243
0.074988686	0.033688582
0.077177405	0.033226512
0.07943	0.032764096
0.08174976	0.03230112
0.08413727	0.031837936
0.08659451	0.031374596
0.08912351	0.030911172
0.09172637	0.030447718
0.09440525	0.029984295
0.097162366	0.029520968
0.1	0.029057795
0.102919795	0.028594954
0.10592484	0.028132394
0.109017625	0.027670184
0.112200715	0.027208393
0.11547674	0.026747094
0.11884842	0.026286365
0.12231855	0.025826283
0.12589	0.025366934
0.12956645	0.024908321
0.13335027	0.024450624
0.13724458	0.023993948
0.14125264	0.023538396
0.14537773	0.02308408
0.14962329	0.022631116
0.15399285	0.02217963
0.15849	0.021729749
0.16311829	0.021281628
0.16788174	0.02083539
0.17278428	0.020391177
0.17783	0.019949146
0.18302307	0.019509448
0.18836778	0.019072246
0.19386858	0.018637707
0.19953	0.018205997
0.20535603	0.017777339
0.21135218	0.017351856
0.21752341	0.016929725
0.22387484	0.016511122
0.23041171	0.016096225
0.23713945	0.015685208
0.24406363	0.015278253
0.25119	0.014875529
0.25852492	0.014477185
0.26607406	0.014083414
0.27384362	0.013694382
0.28184006	0.013310248
0.29007	0.012931164
0.29854023	0.01255728
0.30725783	0.012188735
0.31623	0.011825664
0.32546407	0.011468193
0.33496782	0.011116436
0.34474903	0.010770501
0.3548159	0.010430488
0.3651767	0.010096484
0.37584007	0.00976857
0.3868148	0.009446815
0.39811	0.009131278
0.40973493	0.008822013
0.42169935	0.008519056
0.4340131	0.00822244
0.44668642	0.007932185
0.4597298	0.0076483036
0.47315407	0.0073708007
0.4869703	0.007099671
0.50119	0.0068349033
0.5158249	0.006576477
0.5308872	0.0063243676
0.5463893	0.0060785413
0.5623441	0.005838961
0.57876474	0.005605582
0.59566486	0.005378357
0.61305845	0.005157233
0.63096	0.0049421545
0.6493842	0.004733062
0.6683464	0.004529892
0.6878623	0.0043325806
0.7079481	0.00414106
0.72862035	0.0039552627
0.7498962	0.0037751172
0.7717934	0.0036005524
0.79433	0.0034314955
0.8175246	0.0032678733
0.8413966	0.0031096109
0.86596555	0.0029566332
0.8912519	0.0028088645
0.9172767	0.0026662273
0.9440614	0.0025286444
0.97162825	0.0023960376
1.0	0.0022683267
1.029201	0.002145429
1.0592546	0.0020272653
1.090186	0.001913753
1.1220205	0.0018048079
1.1547846	0.001700344
1.1885055	0.0016002739
1.223211	0.0015045084
1.25893	0.0014129566
1.2956905	0.0013255294
1.3335243	0.0012421282
1.3724631	0.0011626568
1.4125386	0.001087017
1.4537846	0.0010151087
1.4962348	9.4683E-4
1.5399245	8.820778E-4
1.58489	8.2074717E-4
1.6311698	7.627304E-4
1.678801	7.0792175E-4
1.727823	6.5621303E-4
1.7782766	6.074951E-4
1.8302034	5.6165823E-4
1.8836465	5.1859254E-4
1.9386501	4.781881E-4
1.99526	4.4033508E-4
2.0535233	4.0492392E-4
2.113488	3.7184643E-4
2.1752036	3.4099503E-4
2.2387214	3.1226352E-4
2.304094	2.8554714E-4
2.3713756	2.6074296E-4
2.4406219	2.3775004E-4
2.51189	2.164696E-4
2.5852382	1.9680565E-4
2.6607285	1.7866415E-4
2.7384229	1.6195417E-4
2.818386	1.4658771E-4
2.900684	1.324798E-4
2.9853854	1.1954862E-4
3.0725598	1.0771558E-4
3.16228	9.6905394E-5
3.2546198	8.704613E-5
3.3496559	7.806919E-5
3.447467	6.9909365E-5
3.5481343	6.250482E-5
3.6517413	5.579703E-5
3.7583735	4.9730785E-5
3.8681195	4.4254095E-5
3.98107	3.9318136E-5
4.097319	3.4877146E-5
4.2169633	3.0888397E-5
4.340101	2.731203E-5
4.466834	2.411096E-5
4.5972676	2.125078E-5
4.7315106	1.8699635E-5
4.869673	1.6428101E-5
5.01187	1.4409063E-5
5.1582193	1.2617595E-5
5.3088417	1.103083E-5
5.463863	9.627846E-6
5.62341	8.389536E-6
5.7876167	7.298493E-6
5.9566183	6.3388966E-6
6.1305547	5.4963975E-6
6.30957	4.7580124E-6
6.493813	4.112016E-6
6.683436	3.5478479E-6
6.878596	3.056014E-6
7.079455	2.6279986E-6
7.286179	2.2561792E-6
7.4989395	1.9337497E-6
7.7179127	1.654644E-6
7.94328	1.4134688E-6
8.175228	1.2054378E-6
8.41395	1.0263137E-6
8.659641	8.7235264E-7
8.912508	7.4025394E-7
9.172758	6.271135E-7
9.440608	5.303818E-7
9.716279	4.4782493E-7
10.0	3.7749004E-7



DATASET #2

Name: RSQSim
Num Points: 401
Info: 

X, Y Data:
1.0E-4	0.2098132
1.0333392E-4	0.20911166
1.06779E-4	0.20840548
1.1033893E-4	0.20769484
1.14017545E-4	0.20697986
1.178188E-4	0.2062607
1.2174679E-4	0.20553748
1.2580573E-4	0.20481035
1.3E-4	0.20407942
1.334183E-4	0.20349835
1.369265E-4	0.20291504
1.4052694E-4	0.20232956
1.4422205E-4	0.20174198
1.4801433E-4	0.20115232
1.5190631E-4	0.20056066
1.5590065E-4	0.19996704
1.6E-4	0.19937153
1.645257E-4	0.19872949
1.691794E-4	0.19808538
1.7396474E-4	0.19743925
1.7888544E-4	0.19679116
1.8394532E-4	0.19614117
1.8914833E-4	0.19548935
1.944985E-4	0.19483572
2.0E-4	0.19418037
2.0565712E-4	0.19352333
2.1147425E-4	0.19286467
2.1745593E-4	0.19220442
2.236068E-4	0.19154264
2.2993165E-4	0.19087939
2.364354E-4	0.19021471
2.4312311E-4	0.18954866
2.5E-4	0.18888126
2.5783465E-4	0.18814147
2.659148E-4	0.18740016
2.742482E-4	0.18665741
2.8284272E-4	0.18591331
2.917066E-4	0.18516791
3.0084825E-4	0.18442126
3.102764E-4	0.18367344
3.2E-4	0.18292452
3.290514E-4	0.18224666
3.383588E-4	0.18156797
3.4792948E-4	0.18088852
3.5777088E-4	0.18020834
3.6789064E-4	0.17952749
3.7829665E-4	0.178846
3.88997E-4	0.1781639
4.0E-4	0.17748125
4.1131425E-4	0.17679806
4.229485E-4	0.17611438
4.3491187E-4	0.17543022
4.472136E-4	0.17474563
4.598633E-4	0.17406064
4.728708E-4	0.17337525
4.8624622E-4	0.17268948
5.0E-4	0.17200336
5.1465514E-4	0.17129236
5.2973983E-4	0.17058101
5.4526667E-4	0.16986932
5.612486E-4	0.16915728
5.77699E-4	0.16844489
5.946315E-4	0.16773213
6.120603E-4	0.16701902
6.3E-4	0.16630553
6.4807665E-4	0.16560647
6.6667196E-4	0.16490702
6.858008E-4	0.16420716
7.0547854E-4	0.16350685
7.257209E-4	0.16280608
7.465441E-4	0.16210482
7.6796475E-4	0.16140302
7.9E-4	0.16070066
8.136239E-4	0.15996848
8.379543E-4	0.1592356
8.630122E-4	0.158502
8.8881946E-4	0.15776764
9.153984E-4	0.15703247
9.427722E-4	0.15629645
9.7096455E-4	0.15555955
0.001	0.15482174
0.0010293103	0.15409742
0.0010594797	0.15337215
0.0010905333	0.15264593
0.0011224973	0.15191871
0.001155398	0.15119047
0.001189263	0.15046123
0.0012241206	0.14973097
0.00126	0.14899968
0.0012961533	0.1482826
0.0013333439	0.14756456
0.0013716016	0.1468456
0.0014109571	0.14612573
0.0014514418	0.145405
0.0014930882	0.14468347
0.0015359295	0.14396116
0.00158	0.14323817
0.0016272478	0.14248447
0.0016759086	0.1417302
0.0017260244	0.14097548
0.0017776389	0.14022039
0.0018307968	0.13946511
0.0018855444	0.13870975
0.0019419291	0.13795449
0.002	0.13719948
0.0020575977	0.13647239
0.002116854	0.13574587
0.002177817	0.13502009
0.0022405356	0.13429527
0.0023050604	0.13357158
0.0023714434	0.13284923
0.0024397383	0.13212842
0.00251	0.13140938
0.0025833033	0.1306824
0.0026587474	0.12995768
0.0027363948	0.12923549
0.0028163097	0.12851605
0.0028985585	0.12779963
0.0029832094	0.12708646
0.0030703326	0.1263768
0.00316	0.12567085
0.0032524571	0.12496763
0.0033476194	0.12426862
0.003445566	0.123574086
0.0035463783	0.12288423
0.0036501405	0.12219927
0.0037569385	0.12151941
0.003866861	0.12084485
0.00398	0.120175764
0.004096165	0.11951392
0.0042157196	0.11885784
0.0043387646	0.11820766
0.0044654002	0.11756351
0.0045957323	0.11692547
0.0047298684	0.11629364
0.0048679197	0.115668066
0.00501	0.115048796
0.005156579	0.1144344
0.0053074467	0.11382635
0.005462728	0.113224626
0.0056225527	0.11262917
0.0057870536	0.11203992
0.005956367	0.11145678
0.0061306343	0.11087963
0.00631	0.11030833
0.006493865	0.109744966
0.0066830874	0.10918707
0.0068778237	0.10863442
0.007078234	0.10808681
0.0072844843	0.10754398
0.0074967444	0.10700569
0.00771519	0.10647164
0.00794	0.10594154
0.008172275	0.10541304
0.008411343	0.104887865
0.008657407	0.104365684
0.008910668	0.10384614
0.009171338	0.10332886
0.009439633	0.102813475
0.009715778	0.10229959
0.01	0.101786844
0.010292081	0.10127561
0.010592694	0.10076471
0.010902087	0.10025375
0.011220517	0.09974235
0.011548247	0.09923012
0.011885551	0.09871667
0.012232705	0.09820161
0.01259	0.09768459
0.012957647	0.09716535
0.013336032	0.09664343
0.013725464	0.09611848
0.01412627	0.09559018
0.014538779	0.0950582
0.014963334	0.09452226
0.015400288	0.09398206
0.01585	0.09343734
0.016312422	0.092888325
0.016788337	0.092334315
0.017278135	0.091775075
0.017782224	0.09121042
0.01830102	0.09064016
0.01883495	0.09006413
0.019384459	0.08948219
0.01995	0.08889421
0.020533005	0.08829911
0.021133045	0.08769775
0.021750621	0.087090045
0.022386245	0.08647594
0.023040446	0.08585539
0.023713762	0.08522836
0.024406755	0.08459483
0.02512	0.0839548
0.025853088	0.08330915
0.02660757	0.08265703
0.027384069	0.08199848
0.02818323	0.081333525
0.029005712	0.08066221
0.029852198	0.07998458
0.030723387	0.07930069
0.03162	0.07861059
0.032543603	0.07791374
0.033494186	0.07721079
0.034472536	0.076501824
0.03547946	0.075786896
0.0365158	0.075066075
0.03758241	0.07433943
0.03868017	0.07360701
0.03981	0.07286891
0.040972695	0.072125256
0.042169347	0.07137604
0.04340095	0.07062132
0.044668525	0.06986115
0.04597312	0.069095604
0.047315817	0.06832473
0.04869773	0.067548595
0.05012	0.06676725
0.0515838	0.06598079
0.053090356	0.06518925
0.05464091	0.06439271
0.05623675	0.06359124
0.0578792	0.062784925
0.059569612	0.061973847
0.0613094	0.061158095
0.0631	0.06033777
0.06494172	0.059513513
0.066837184	0.058684915
0.06878798	0.05785212
0.070795715	0.057015266
0.072862044	0.056174517
0.074988686	0.05533004
0.077177405	0.054482028
0.07943	0.053630684
0.08174976	0.052775715
0.08413727	0.051917862
0.08659451	0.05105739
0.08912351	0.050194573
0.09172637	0.049329698
0.09440525	0.048463073
0.097162366	0.047595028
0.1	0.046725903
0.102919795	0.045856275
0.10592484	0.044986308
0.109017625	0.044116393
0.112200715	0.04324694
0.11547674	0.04237837
0.11884842	0.04151111
0.12231855	0.040645614
0.12589	0.03978233
0.12956645	0.038921557
0.13335027	0.038063932
0.13724458	0.037209928
0.14125264	0.036360025
0.14537773	0.035514705
0.14962329	0.034674447
0.15399285	0.033839732
0.15849	0.033011034
0.16311829	0.03218886
0.16788174	0.03137363
0.17278428	0.030565811
0.17783	0.029765839
0.18302307	0.028974148
0.18836778	0.028191155
0.19386858	0.027417267
0.19953	0.026652869
0.20535603	0.025898423
0.21135218	0.025154186
0.21752341	0.024420492
0.22387484	0.023697652
0.23041171	0.022985954
0.23713945	0.022285672
0.24406363	0.021597048
0.25119	0.020920308
0.25852492	0.020255612
0.26607406	0.019603182
0.27384362	0.018963177
0.28184006	0.018335728
0.29007	0.01772095
0.29854023	0.017118933
0.30725783	0.016529744
0.31623	0.015953435
0.32546407	0.015390037
0.33496782	0.014839555
0.34474903	0.014301983
0.3548159	0.013777292
0.3651767	0.013265442
0.37584007	0.012766375
0.3868148	0.012280018
0.39811	0.011806285
0.40973493	0.01134508
0.42169935	0.010896292
0.4340131	0.010459798
0.44668642	0.01003547
0.4597298	0.009623167
0.47315407	0.009222745
0.4869703	0.008834049
0.50119	0.008456921
0.5158249	0.008091195
0.5308872	0.0077367024
0.5463893	0.007393271
0.5623441	0.007060725
0.57876474	0.006738884
0.59566486	0.006427569
0.61305845	0.0061265957
0.63096	0.0058357813
0.6493842	0.0055549415
0.6683464	0.0052838894
0.6878623	0.0050224387
0.7079481	0.0047704037
0.72862035	0.0045275968
0.7498962	0.004293832
0.7717934	0.0040689223
0.79433	0.0038526806
0.8175246	0.003644921
0.8413966	0.0034454565
0.86596555	0.0032541004
0.8912519	0.0030706662
0.9172767	0.002894967
0.9440614	0.0027268163
0.97162825	0.002566027
1.0	0.002412412
1.029201	0.0022657802
1.0592546	0.002125948
1.090186	0.0019927279
1.1220205	0.0018659318
1.1547846	0.0017453715
1.1885055	0.0016308591
1.223211	0.0015222064
1.25893	0.0014192254
1.2956905	0.0013217322
1.3335243	0.0012295353
1.3724631	0.001142448
1.4125386	0.0010602847
1.4537846	9.828601E-4
1.4962348	9.099909E-4
1.5399245	8.414948E-4
1.58489	7.771915E-4
1.6311698	7.169007E-4
1.678801	6.6044816E-4
1.727823	6.0766016E-4
1.7782766	5.583658E-4
1.8302034	5.12397E-4
1.8836465	4.6958923E-4
1.9386501	4.2978133E-4
1.99526	3.9281594E-4
2.0535233	3.5853943E-4
2.113488	3.268029E-4
2.1752036	2.9746146E-4
2.2387214	2.7037482E-4
2.304094	2.454073E-4
2.3713756	2.2242812E-4
2.4406219	2.0131127E-4
2.51189	1.8193579E-4
2.5852382	1.6418597E-4
2.6607285	1.4795068E-4
2.7384229	1.3312412E-4
2.818386	1.19605575E-4
2.900684	1.07299355E-4
2.9853854	9.611475E-5
3.0725598	8.5965985E-5
3.16228	7.677211E-5
3.2546198	6.845689E-5
3.3496559	6.0948703E-5
3.447467	5.4180404E-5
3.5481343	4.808919E-5
3.6517413	4.261645E-5
3.7583735	3.77076E-5
3.8681195	3.3311917E-5
3.98107	2.9382378E-5
4.097319	2.587546E-5
4.2169633	2.2751028E-5
4.340101	1.9972089E-5
4.466834	1.7504646E-5
4.5972676	1.5317522E-5
4.7315106	1.3382189E-5
4.869673	1.1672593E-5
5.01187	1.0165E-5
5.1582193	8.837829E-6
5.3088417	7.671504E-6
5.463863	6.6483003E-6
5.62341	5.752208E-6
5.7876167	4.9687956E-6
5.9566183	4.285082E-6
6.1305547	3.6894153E-6
6.30957	3.1713587E-6
6.493813	2.7215833E-6
6.683436	2.33177E-6
6.878596	1.9945132E-6
7.079455	1.7032355E-6
7.286179	1.4521067E-6
7.4989395	1.2359706E-6
7.7179127	1.0502753E-6
7.94328	8.910119E-7
8.175228	7.5465607E-7
8.41395	6.3811643E-7
8.659641	5.3868666E-7
8.912508	4.5400253E-7
9.172758	3.8200267E-7
9.440608	3.2089363E-7
9.716279	2.6911815E-7
10.0	2.2532677E-7



DATASET #3

Name: 1000yr
Num Points: 2
Info: 

X, Y Data:
0.001	0.001
10.0	0.001



DATASET #4

Name: 2500yr
Num Points: 2
Info: 

X, Y Data:
0.001	4.0E-4
10.0	4.0E-4



DATASET #5

Name: 10000yr
Num Points: 2
Info: 

X, Y Data:
0.001	1.0E-4
10.0	1.0E-4


