
X-Axis: Normalized Interevent Time
Y-Axis: Probability
Number of Data Sets: 3


DATASET #1

     Name: Dc2e5 Histogram
   Points: 41
     Info: 

Data[x,y]:
0.05	  0.061788797
0.15	  0.04111894
0.25	  0.041962333
0.35	  0.043384187
0.45	  0.04350341
0.55	  0.046413355
0.65	  0.047601175
0.75	  0.04920849
0.85	  0.055801116
0.95	  0.06869494
1.05	  0.07443976
1.15	  0.073039986
1.25	  0.06804142
1.35	  0.055496436
1.45	  0.04522553
1.55	  0.03616453
1.65	  0.029942816
1.75	  0.026388183
1.85	  0.021407282
1.95	  0.017079903
2.05	  0.012328616
2.15	  0.009197889
2.25	  0.0068045836
2.35	  0.005426887
2.45	  0.004058022
2.55	  0.0034000839
2.65	  0.002649416
2.75	  0.0021636898
2.85	  0.0016514693
2.95	  0.0013026296
3.05	  9.891153E-4
3.15	  6.579383E-4
3.25	  5.9170293E-4
3.35	  4.4598503E-4
3.45	  3.355927E-4
3.55	  2.9143578E-4
3.65	  2.4286314E-4
3.75	  1.2805511E-4
3.85	  8.389817E-5
3.95	  8.831387E-5
4.05	  4.592321E-4



DATASET #2

     Name: Log-Normal Fit
   Points: 401
     Info: 

Data[x,y]:
0.005	  1.5820678E-13
0.015	  5.6429406E-10
0.025	  3.6749213E-8
0.035	  5.2326186E-7
0.045	  3.3849888E-6
0.055	  1.3689103E-5
0.065	  4.079997E-5
0.075	  9.846487E-5
0.085	  2.0391105E-4
0.095	  3.7636736E-4
0.105	  6.354374E-4
0.115	  9.996267E-4
0.125	  0.0014851848
0.135	  0.002105313
0.145	  0.0028697217
0.155	  0.0037844814
0.165	  0.0048521045
0.175	  0.006071789
0.185	  0.007439773
0.195	  0.008949742
0.205	  0.010593264
0.215	  0.012360223
0.225	  0.014239224
0.235	  0.016217971
0.245	  0.018283602
0.255	  0.020422984
0.265	  0.02262296
0.275	  0.024870558
0.285	  0.02715316
0.295	  0.02945865
0.305	  0.031775493
0.315	  0.034092836
0.325	  0.03640055
0.335	  0.038689263
0.345	  0.04095038
0.355	  0.043176085
0.365	  0.045359325
0.375	  0.0474938
0.385	  0.049573947
0.395	  0.051594876
0.405	  0.053552385
0.415	  0.055442873
0.425	  0.05726335
0.435	  0.059011344
0.445	  0.060684923
0.455	  0.062282596
0.465	  0.06380332
0.475	  0.06524645
0.485	  0.06661167
0.495	  0.067899026
0.505	  0.06910884
0.515	  0.070241675
0.525	  0.07129837
0.535	  0.07227993
0.545	  0.07318756
0.555	  0.07402262
0.565	  0.07478662
0.575	  0.075481154
0.585	  0.07610794
0.595	  0.076668784
0.605	  0.07716554
0.615	  0.07760011
0.625	  0.07797445
0.635	  0.07829056
0.645	  0.07855043
0.655	  0.078756064
0.665	  0.07890948
0.675	  0.079012685
0.685	  0.07906767
0.695	  0.07907641
0.705	  0.07904085
0.715	  0.078962915
0.725	  0.0788445
0.735	  0.07868747
0.745	  0.07849362
0.755	  0.07826475
0.765	  0.07800259
0.775	  0.07770882
0.785	  0.077385105
0.795	  0.07703304
0.805	  0.07665419
0.815	  0.07625005
0.825	  0.075822085
0.835	  0.07537171
0.845	  0.0749003
0.855	  0.07440917
0.865	  0.07389959
0.875	  0.073372796
0.885	  0.07282997
0.895	  0.07227224
0.905	  0.071700715
0.915	  0.07111644
0.925	  0.07052043
0.935	  0.06991365
0.945	  0.06929702
0.955	  0.06867146
0.965	  0.068037786
0.975	  0.067396834
0.985	  0.06674939
0.995	  0.06609617
1.005	  0.06543791
1.015	  0.06477528
1.025	  0.06410892
1.035	  0.06343946
1.045	  0.062767476
1.055	  0.062093522
1.065	  0.061418135
1.075	  0.060741812
1.085	  0.060065035
1.095	  0.059388254
1.105	  0.058711898
1.115	  0.058036372
1.125	  0.05736206
1.135	  0.05668933
1.145	  0.056018513
1.155	  0.055349942
1.165	  0.054683916
1.175	  0.054020725
1.185	  0.053360634
1.195	  0.05270389
1.205	  0.05205074
1.215	  0.0514014
1.225	  0.05075608
1.235	  0.050114963
1.245	  0.049478237
1.255	  0.04884607
1.265	  0.048218608
1.275	  0.047596004
1.285	  0.046978384
1.295	  0.04636587
1.305	  0.045758575
1.315	  0.045156598
1.325	  0.044560038
1.335	  0.04396897
1.345	  0.043383475
1.355	  0.042803623
1.365	  0.04222947
1.375	  0.04166107
1.385	  0.041098468
1.395	  0.040541705
1.405	  0.039990816
1.415	  0.039445832
1.425	  0.038906768
1.435	  0.038373645
1.445	  0.03784648
1.455	  0.03732527
1.465	  0.03681003
1.475	  0.036300752
1.485	  0.035797432
1.495	  0.035300065
1.505	  0.034808636
1.515	  0.034323126
1.525	  0.033843525
1.535	  0.033369806
1.545	  0.03290195
1.555	  0.03243992
1.565	  0.0319837
1.575	  0.031533252
1.585	  0.031088544
1.595	  0.03064954
1.605	  0.0302162
1.615	  0.02978849
1.625	  0.029366368
1.635	  0.028949793
1.645	  0.02853872
1.655	  0.028133105
1.665	  0.027732905
1.675	  0.027338069
1.685	  0.026948553
1.695	  0.026564308
1.705	  0.026185282
1.715	  0.025811428
1.725	  0.025442695
1.735	  0.02507903
1.745	  0.024720386
1.755	  0.024366705
1.765	  0.024017937
1.775	  0.023674032
1.785	  0.023334933
1.795	  0.02300059
1.805	  0.022670947
1.815	  0.022345953
1.825	  0.022025552
1.835	  0.021709692
1.845	  0.021398319
1.855	  0.02109138
1.865	  0.020788819
1.875	  0.020490587
1.885	  0.020196626
1.895	  0.019906888
1.905	  0.019621316
1.915	  0.019339861
1.925	  0.019062469
1.935	  0.018789085
1.945	  0.018519662
1.955	  0.018254146
1.965	  0.017992485
1.975	  0.01773463
1.985	  0.01748053
1.995	  0.017230136
2.005	  0.016983395
2.015	  0.01674026
2.025	  0.016500684
2.035	  0.016264614
2.045	  0.016032007
2.055	  0.01580281
2.065	  0.015576978
2.075	  0.015354467
2.085	  0.015135227
2.095	  0.014919213
2.105	  0.014706382
2.115	  0.014496686
2.125	  0.014290081
2.135	  0.014086526
2.145	  0.013885974
2.155	  0.013688385
2.165	  0.013493714
2.175	  0.01330192
2.185	  0.013112962
2.195	  0.012926798
2.205	  0.012743388
2.215	  0.012562693
2.225	  0.012384672
2.235	  0.012209286
2.245	  0.012036496
2.255	  0.011866266
2.265	  0.011698556
2.275	  0.01153333
2.285	  0.011370552
2.295	  0.011210184
2.305	  0.011052191
2.315	  0.010896539
2.325	  0.010743192
2.335	  0.010592116
2.345	  0.010443278
2.355	  0.010296642
2.365	  0.010152178
2.375	  0.010009851
2.385	  0.009869631
2.395	  0.009731486
2.405	  0.009595385
2.415	  0.009461296
2.425	  0.00932919
2.435	  0.009199035
2.445	  0.009070804
2.455	  0.008944469
2.465	  0.008819997
2.475	  0.008697364
2.485	  0.008576539
2.495	  0.008457498
2.505	  0.008340211
2.515	  0.008224653
2.525	  0.008110797
2.535	  0.007998618
2.545	  0.00788809
2.555	  0.007779188
2.565	  0.0076718875
2.575	  0.007566164
2.585	  0.007461993
2.595	  0.007359352
2.605	  0.007258217
2.615	  0.007158565
2.625	  0.0070603737
2.635	  0.006963621
2.645	  0.0068682847
2.655	  0.006774343
2.665	  0.0066817757
2.675	  0.0065905605
2.685	  0.006500678
2.695	  0.006412107
2.705	  0.006324828
2.715	  0.0062388214
2.725	  0.006154068
2.735	  0.0060705477
2.745	  0.0059882426
2.755	  0.0059071337
2.765	  0.0058272034
2.775	  0.005748433
2.785	  0.0056708055
2.795	  0.0055943034
2.805	  0.005518909
2.815	  0.0054446063
2.825	  0.005371378
2.835	  0.0052992078
2.845	  0.0052280803
2.855	  0.0051579787
2.865	  0.005088888
2.875	  0.005020793
2.885	  0.004953678
2.895	  0.0048875287
2.905	  0.00482233
2.915	  0.004758068
2.925	  0.0046947277
2.935	  0.0046322956
2.945	  0.004570758
2.955	  0.0045101014
2.965	  0.0044503123
2.975	  0.0043913773
2.985	  0.004333284
2.995	  0.0042760195
3.005	  0.0042195716
3.015	  0.004163927
3.025	  0.0041090744
3.035	  0.004055002
3.045	  0.004001697
3.055	  0.0039491486
3.065	  0.0038973454
3.075	  0.003846276
3.085	  0.0037959297
3.095	  0.003746295
3.105	  0.003697362
3.115	  0.0036491195
3.125	  0.0036015573
3.135	  0.0035546653
3.145	  0.0035084332
3.155	  0.0034628515
3.165	  0.0034179103
3.175	  0.0033736
3.185	  0.003329911
3.195	  0.0032868343
3.205	  0.0032443607
3.215	  0.003202481
3.225	  0.0031611864
3.235	  0.0031204685
3.245	  0.0030803182
3.255	  0.0030407272
3.265	  0.0030016876
3.275	  0.0029631907
3.285	  0.0029252288
3.295	  0.0028877936
3.305	  0.0028508776
3.315	  0.0028144731
3.325	  0.0027785723
3.335	  0.0027431678
3.345	  0.0027082523
3.355	  0.0026738187
3.365	  0.00263986
3.375	  0.0026063686
3.385	  0.002573338
3.395	  0.0025407616
3.405	  0.0025086326
3.415	  0.0024769444
3.425	  0.00244569
3.435	  0.002414864
3.445	  0.0023844594
3.455	  0.0023544703
3.465	  0.0023248906
3.475	  0.002295714
3.485	  0.0022669353
3.495	  0.002238548
3.505	  0.0022105468
3.515	  0.0021829258
3.525	  0.0021556795
3.535	  0.0021288027
3.545	  0.0021022898
3.555	  0.0020761355
3.565	  0.0020503346
3.575	  0.0020248822
3.585	  0.0019997729
3.595	  0.001975002
3.605	  0.0019505646
3.615	  0.0019264556
3.625	  0.0019026705
3.635	  0.0018792046
3.645	  0.0018560532
3.655	  0.001833212
3.665	  0.0018106762
3.675	  0.0017884416
3.685	  0.0017665039
3.695	  0.0017448587
3.705	  0.001723502
3.715	  0.0017024295
3.725	  0.0016816371
3.735	  0.001661121
3.745	  0.0016408771
3.755	  0.0016209015
3.765	  0.0016011904
3.775	  0.0015817401
3.785	  0.0015625468
3.795	  0.001543607
3.805	  0.0015249169
3.815	  0.0015064729
3.825	  0.0014882718
3.835	  0.0014703099
3.845	  0.0014525839
3.855	  0.0014350906
3.865	  0.0014178264
3.875	  0.0014007883
3.885	  0.0013839732
3.895	  0.0013673776
3.905	  0.0013509988
3.915	  0.0013348334
3.925	  0.0013188787
3.935	  0.0013031316
3.945	  0.0012875891
3.955	  0.0012722485
3.965	  0.0012571069
3.975	  0.0012421615
3.985	  0.0012274097
3.995	  0.0012128486
4.005	  0.0011984755



DATASET #3

     Name: BPT Fit
   Points: 401
     Info: Mean = 100.0, Aperiodicity = 0.5, Duration = 30.0, Delta T = 1.0, Num Points = 500, Historic Open Interval = 0.0
Computed mean = 0.99106073

Data[x,y]:
0.0	  0.0
0.01	  0.0
0.02	  1.0914357E-27
0.03	  3.9833813E-18
0.04	  2.1042013E-13
0.05	  1.3228388E-10
0.06	  9.189466E-9
0.07	  1.826333E-7
0.08	  1.6678176E-6
0.09	  9.096494E-6
0.1	  3.4659355E-5
0.11	  1.01890764E-4
0.12	  2.4687144E-4
0.13	  5.159282E-4
0.14	  9.6061686E-4
0.15	  0.0016316404
0.16	  0.0025732687
0.17	  0.0038192403
0.18	  0.005390488
0.19	  0.007294562
0.2	  0.009526378
0.21	  0.012069843
0.22	  0.014899959
0.23	  0.017985074
0.24	  0.021289049
0.25	  0.02477322
0.26	  0.028398048
0.27	  0.03212447
0.28	  0.035914935
0.29	  0.03973415
0.3	  0.043549623
0.31	  0.04733194
0.32	  0.051054943
0.33	  0.054695748
0.34	  0.05823467
0.35	  0.06165509
0.36	  0.06494326
0.37	  0.068088114
0.38	  0.07108099
0.39	  0.073915444
0.4	  0.076587
0.41	  0.0790929
0.42	  0.0814319
0.43	  0.08360412
0.44	  0.08561077
0.45	  0.08745404
0.46	  0.089136936
0.47	  0.090663135
0.48	  0.09203686
0.49	  0.09326277
0.5	  0.094345875
0.51	  0.095291436
0.52	  0.096104905
0.53	  0.09679184
0.54	  0.09735788
0.55	  0.09780866
0.56	  0.09814983
0.57	  0.09838694
0.58	  0.098525494
0.59	  0.09857086
0.6	  0.0985283
0.61	  0.09840293
0.62	  0.09819972
0.63	  0.09792345
0.64	  0.09757878
0.65	  0.09717016
0.66	  0.096701875
0.67	  0.096178055
0.68	  0.095602624
0.69	  0.09497935
0.7	  0.09431184
0.71	  0.093603514
0.72	  0.09285763
0.73	  0.092077285
0.74	  0.09126544
0.75	  0.09042488
0.76	  0.08955826
0.77	  0.088668086
0.78	  0.08775672
0.79	  0.086826414
0.8	  0.08587927
0.81	  0.08491731
0.82	  0.08394238
0.83	  0.08295628
0.84	  0.08196065
0.85	  0.08095707
0.86	  0.079947
0.87	  0.07893182
0.88	  0.07791283
0.89	  0.07689122
0.9	  0.07586814
0.91	  0.074844636
0.92	  0.073821686
0.93	  0.07280023
0.94	  0.07178109
0.95	  0.07076509
0.96	  0.06975297
0.97	  0.06874539
0.98	  0.067742996
0.99	  0.066746384
1.0	  0.065756075
1.01	  0.06477258
1.02	  0.06379636
1.03	  0.06282781
1.04	  0.061867338
1.05	  0.06091528
1.06	  0.05997196
1.07	  0.05903766
1.08	  0.05811264
1.09	  0.05719713
1.1	  0.056291346
1.11	  0.05539546
1.12	  0.054509643
1.13	  0.053634033
1.14	  0.05276875
1.15	  0.051913895
1.16	  0.05106956
1.17	  0.05023581
1.18	  0.049412712
1.19	  0.048600294
1.2	  0.04779859
1.21	  0.047007617
1.22	  0.04622738
1.23	  0.045457873
1.24	  0.04469908
1.25	  0.04395098
1.26	  0.043213535
1.27	  0.04248671
1.28	  0.04177045
1.29	  0.04106471
1.3	  0.04036942
1.31	  0.03968452
1.32	  0.039009932
1.33	  0.038345583
1.34	  0.037691392
1.35	  0.037047274
1.36	  0.036413137
1.37	  0.035788894
1.38	  0.035174448
1.39	  0.0345697
1.4	  0.033974547
1.41	  0.033388894
1.42	  0.03281263
1.43	  0.03224565
1.44	  0.03168785
1.45	  0.031139115
1.46	  0.030599339
1.47	  0.030068412
1.48	  0.029546222
1.49	  0.029032653
1.5	  0.028527597
1.51	  0.02803094
1.52	  0.027542567
1.53	  0.027062366
1.54	  0.026590224
1.55	  0.026126029
1.56	  0.025669666
1.57	  0.025221026
1.58	  0.024779994
1.59	  0.024346462
1.6	  0.023920316
1.61	  0.023501446
1.62	  0.023089746
1.63	  0.022685105
1.64	  0.022287413
1.65	  0.021896567
1.66	  0.02151246
1.67	  0.021134986
1.68	  0.02076404
1.69	  0.020399522
1.7	  0.020041326
1.71	  0.019689353
1.72	  0.019343503
1.73	  0.019003676
1.74	  0.018669775
1.75	  0.018341705
1.76	  0.018019369
1.77	  0.01770267
1.78	  0.017391521
1.79	  0.017085826
1.8	  0.016785495
1.81	  0.016490437
1.82	  0.016200567
1.83	  0.015915794
1.84	  0.015636034
1.85	  0.015361204
1.86	  0.015091217
1.87	  0.014825993
1.88	  0.014565449
1.89	  0.014309507
1.9	  0.014058086
1.91	  0.01381111
1.92	  0.013568501
1.93	  0.013330185
1.94	  0.013096087
1.95	  0.012866134
1.96	  0.012640255
1.97	  0.012418377
1.98	  0.012200433
1.99	  0.0119863525
2.0	  0.011776069
2.01	  0.011569515
2.02	  0.011366626
2.03	  0.011167337
2.04	  0.010971586
2.05	  0.010779309
2.06	  0.010590446
2.07	  0.010404937
2.08	  0.010222722
2.09	  0.010043742
2.1	  0.009867942
2.11	  0.009695264
2.12	  0.009525653
2.13	  0.009359055
2.14	  0.009195416
2.15	  0.009034684
2.16	  0.008876806
2.17	  0.0087217335
2.18	  0.008569414
2.19	  0.0084198
2.2	  0.0082728425
2.21	  0.008128495
2.22	  0.00798671
2.23	  0.007847443
2.24	  0.0077106473
2.25	  0.00757628
2.26	  0.007444297
2.27	  0.007314656
2.28	  0.007187315
2.29	  0.0070622326
2.3	  0.0069393683
2.31	  0.0068186834
2.32	  0.006700137
2.33	  0.0065836925
2.34	  0.0064693117
2.35	  0.006356957
2.36	  0.006246593
2.37	  0.0061381827
2.38	  0.0060316925
2.39	  0.005927087
2.4	  0.0058243326
2.41	  0.0057233963
2.42	  0.0056242454
2.43	  0.0055268477
2.44	  0.005431172
2.45	  0.005337187
2.46	  0.0052448628
2.47	  0.005154169
2.48	  0.005065077
2.49	  0.0049775573
2.5	  0.0048915828
2.51	  0.0048071244
2.52	  0.0047241556
2.53	  0.00464265
2.54	  0.004562581
2.55	  0.004483923
2.56	  0.00440665
2.57	  0.004330738
2.58	  0.004256162
2.59	  0.0041828984
2.6	  0.0041109235
2.61	  0.0040402142
2.62	  0.0039707483
2.63	  0.0039025028
2.64	  0.0038354562
2.65	  0.0037695868
2.66	  0.0037048738
2.67	  0.0036412964
2.68	  0.0035788342
2.69	  0.0035174673
2.7	  0.0034571763
2.71	  0.0033979414
2.72	  0.0033397442
2.73	  0.0032825659
2.74	  0.0032263885
2.75	  0.0031711939
2.76	  0.0031169646
2.77	  0.0030636834
2.78	  0.0030113335
2.79	  0.002959898
2.8	  0.0029093607
2.81	  0.0028597058
2.82	  0.002810917
2.83	  0.0027629796
2.84	  0.002715878
2.85	  0.002669597
2.86	  0.0026241227
2.87	  0.0025794401
2.88	  0.0025355355
2.89	  0.002492395
2.9	  0.0024500047
2.91	  0.0024083517
2.92	  0.0023674227
2.93	  0.0023272047
2.94	  0.0022876852
2.95	  0.0022488518
2.96	  0.0022106923
2.97	  0.002173195
2.98	  0.0021363476
2.99	  0.002100139
3.0	  0.0020645575
3.01	  0.0020295924
3.02	  0.001995233
3.03	  0.0019614676
3.04	  0.0019282866
3.05	  0.0018956793
3.06	  0.0018636355
3.07	  0.0018321454
3.08	  0.0018011992
3.09	  0.0017707872
3.1	  0.0017409
3.11	  0.0017115283
3.12	  0.0016826631
3.13	  0.0016542954
3.14	  0.0016264165
3.15	  0.0015990175
3.16	  0.0015720904
3.17	  0.0015456266
3.18	  0.001519618
3.19	  0.0014940565
3.2	  0.0014689345
3.21	  0.001444244
3.22	  0.0014199774
3.23	  0.0013961275
3.24	  0.0013726868
3.25	  0.0013496482
3.26	  0.0013270046
3.27	  0.0013047492
3.28	  0.001282875
3.29	  0.0012613754
3.3	  0.0012402438
3.31	  0.0012194738
3.32	  0.0011990591
3.33	  0.0011789934
3.34	  0.0011592706
3.35	  0.0011398848
3.36	  0.0011208301
3.37	  0.0011021006
3.38	  0.0010836908
3.39	  0.001065595
3.4	  0.0010478076
3.41	  0.0010303234
3.42	  0.0010131373
3.43	  9.962437E-4
3.44	  9.796376E-4
3.45	  9.6331426E-4
3.46	  9.472685E-4
3.47	  9.3149557E-4
3.48	  9.1599073E-4
3.49	  9.0074935E-4
3.5	  8.8576676E-4
3.51	  8.710386E-4
3.52	  8.5656036E-4
3.53	  8.423277E-4
3.54	  8.283364E-4
3.55	  8.145823E-4
3.56	  8.0106116E-4
3.57	  7.877691E-4
3.58	  7.747021E-4
3.59	  7.618562E-4
3.6	  7.4922765E-4
3.61	  7.368127E-4
3.62	  7.246076E-4
3.63	  7.1260874E-4
3.64	  7.008126E-4
3.65	  6.892156E-4
3.66	  6.778144E-4
3.67	  6.6660554E-4
3.68	  6.555858E-4
3.69	  6.4475177E-4
3.7	  6.3410035E-4
3.71	  6.2362844E-4
3.72	  6.1333284E-4
3.73	  6.032106E-4
3.74	  5.9325865E-4
3.75	  5.834741E-4
3.76	  5.738542E-4
3.77	  5.643959E-4
3.78	  5.550966E-4
3.79	  5.459535E-4
3.8	  5.369639E-4
3.81	  5.281252E-4
3.82	  5.1943486E-4
3.83	  5.108902E-4
3.84	  5.0248887E-4
3.85	  4.942283E-4
3.86	  4.8610618E-4
3.87	  4.7812008E-4
3.88	  4.7026767E-4
3.89	  4.625467E-4
3.9	  4.549549E-4
3.91	  4.4749005E-4
3.92	  4.4015003E-4
3.93	  4.3293266E-4
3.94	  4.2583587E-4
3.95	  4.188576E-4
3.96	  4.1199583E-4
3.97	  4.0524857E-4
3.98	  3.986139E-4
3.99	  3.9208983E-4
4.0	  3.8567456E-4


