
X-Axis: Interevent Time (years)
Y-Axis: Count
Number of Data Sets: 2


DATASET #1

     Name: ddot1_5 Histogram
   Points: 42
     Info: 

Data[x,y]:
0.5	  43360.0
1.5	  26287.0
2.5	  18991.0
3.5	  14037.0
4.5	  10148.0
5.5	  7605.0
6.5	  5431.0
7.5	  4029.0
8.5	  2890.0
9.5	  2134.0
10.5	  1568.0
11.5	  1109.0
12.5	  810.0
13.5	  579.0
14.5	  424.0
15.5	  295.0
16.5	  268.0
17.5	  163.0
18.5	  108.0
19.5	  76.0
20.5	  50.0
21.5	  54.0
22.5	  30.0
23.5	  23.0
24.5	  14.0
25.5	  10.0
26.5	  9.0
27.5	  5.0
28.5	  7.0
29.5	  7.0
30.5	  2.0
31.5	  3.0
32.5	  1.0
33.5	  2.0
34.5	  0.0
35.5	  0.0
36.5	  0.0
37.5	  0.0
38.5	  0.0
39.5	  0.0
40.5	  0.0
41.5	  1.0



DATASET #2

Name: ddot1_5 Mean=3.01
Num Points: 2
Info: 

X, Y Data:
3.0070035	  0.0
3.0070035	  52032.0


