
X-Axis: Normalized Interevent Time
Y-Axis: Probability
Number of Data Sets: 3


DATASET #1

     Name: Bruce 2742 Histogram
   Points: 41
     Info: 

Data[x,y]:
0.05	  0.1034951
0.15	  0.055270735
0.25	  0.05454503
0.35	  0.051525153
0.45	  0.04897348
0.55	  0.04639839
0.65	  0.04396376
0.75	  0.042395297
0.85	  0.04466606
0.95	  0.04829459
1.05	  0.05037807
1.15	  0.049535315
1.25	  0.0447597
1.35	  0.043027367
1.45	  0.041084345
1.55	  0.039586112
1.65	  0.032071542
1.75	  0.025118805
1.85	  0.021326404
1.95	  0.018517219
2.05	  0.015380293
2.15	  0.013320223
2.25	  0.010534448
2.35	  0.008614837
2.45	  0.0071634245
2.55	  0.00603975
2.65	  0.0055247326
2.75	  0.004752206
2.85	  0.0034646627
2.95	  0.002785776
3.05	  0.0025750871
3.15	  0.0024112181
3.25	  0.00198984
3.35	  0.0016152819
3.45	  0.0012875436
3.55	  0.0012173139
3.65	  0.0010300349
3.75	  8.661657E-4
3.85	  7.022965E-4
3.95	  4.2137792E-4
4.05	  0.0033710233



DATASET #2

     Name: Log-Normal Fit
   Points: 401
     Info: 

Data[x,y]:
0.005	  8.619706E-9
0.015	  1.560723E-6
0.025	  2.1197122E-5
0.035	  1.06077656E-4
0.045	  3.2134258E-4
0.055	  7.27847E-4
0.065	  0.0013694244
0.075	  0.002269695
0.085	  0.0034340466
0.095	  0.0048535573
0.105	  0.0065091527
0.115	  0.008375258
0.125	  0.010422716
0.135	  0.012620977
0.145	  0.0149396695
0.155	  0.01734966
0.165	  0.019823732
0.175	  0.022336984
0.185	  0.024867011
0.195	  0.027393952
0.205	  0.029900433
0.215	  0.032371446
0.225	  0.0347942
0.235	  0.03715793
0.245	  0.039453723
0.255	  0.041674327
0.265	  0.04381397
0.275	  0.0458682
0.285	  0.047833707
0.295	  0.049708202
0.305	  0.05149026
0.315	  0.053179216
0.325	  0.05477505
0.335	  0.056278307
0.345	  0.057689976
0.355	  0.059011444
0.365	  0.060244434
0.375	  0.061390918
0.385	  0.062453084
0.395	  0.0634333
0.405	  0.064334035
0.415	  0.0651579
0.425	  0.06590752
0.435	  0.06658562
0.445	  0.067194894
0.455	  0.067738056
0.465	  0.06821782
0.475	  0.068636864
0.485	  0.06899783
0.495	  0.06930331
0.505	  0.06955585
0.515	  0.06975793
0.525	  0.06991197
0.535	  0.07002033
0.545	  0.070085295
0.555	  0.07010908
0.565	  0.0700938
0.575	  0.07004155
0.585	  0.069954306
0.595	  0.069833994
0.605	  0.06968245
0.615	  0.06950146
0.625	  0.069292724
0.635	  0.069057874
0.645	  0.06879847
0.655	  0.06851602
0.665	  0.068211965
0.675	  0.06788767
0.685	  0.067544445
0.695	  0.067183554
0.705	  0.06680618
0.715	  0.06641348
0.725	  0.066006534
0.735	  0.06558638
0.745	  0.065154016
0.755	  0.06471037
0.765	  0.06425635
0.775	  0.063792795
0.785	  0.06332053
0.795	  0.06284032
0.805	  0.0623529
0.815	  0.06185896
0.825	  0.061359163
0.835	  0.060854133
0.845	  0.060344465
0.855	  0.059830725
0.865	  0.05931344
0.875	  0.058793116
0.885	  0.05827024
0.895	  0.05774525
0.905	  0.05721858
0.915	  0.05669064
0.925	  0.056161802
0.935	  0.055632435
0.945	  0.05510287
0.955	  0.05457343
0.965	  0.054044425
0.975	  0.053516127
0.985	  0.052988812
0.995	  0.05246273
1.005	  0.051938113
1.015	  0.051415186
1.025	  0.050894156
1.035	  0.050375216
1.045	  0.04985855
1.055	  0.04934433
1.065	  0.04883271
1.075	  0.048323844
1.085	  0.047817864
1.095	  0.0473149
1.105	  0.046815075
1.115	  0.046318494
1.125	  0.04582526
1.135	  0.04533547
1.145	  0.044849206
1.155	  0.04436655
1.165	  0.04388757
1.175	  0.04341234
1.185	  0.04294091
1.195	  0.042473346
1.205	  0.042009685
1.215	  0.041549977
1.225	  0.04109426
1.235	  0.040642563
1.245	  0.040194925
1.255	  0.039751362
1.265	  0.0393119
1.275	  0.03887656
1.285	  0.03844535
1.295	  0.038018283
1.305	  0.037595365
1.315	  0.037176605
1.325	  0.036762003
1.335	  0.036351558
1.345	  0.035945266
1.355	  0.03554312
1.365	  0.03514512
1.375	  0.03475125
1.385	  0.0343615
1.395	  0.033975855
1.405	  0.033594303
1.415	  0.033216823
1.425	  0.032843404
1.435	  0.03247402
1.445	  0.03210865
1.455	  0.031747274
1.465	  0.03138987
1.475	  0.031036412
1.485	  0.030686876
1.495	  0.030341234
1.505	  0.029999461
1.515	  0.029661527
1.525	  0.029327406
1.535	  0.028997067
1.545	  0.028670482
1.555	  0.02834762
1.565	  0.02802845
1.575	  0.027712943
1.585	  0.027401064
1.595	  0.027092783
1.605	  0.026788067
1.615	  0.026486885
1.625	  0.026189202
1.635	  0.025894986
1.645	  0.025604205
1.655	  0.025316825
1.665	  0.025032813
1.675	  0.024752134
1.685	  0.024474757
1.695	  0.024200648
1.705	  0.023929771
1.715	  0.023662094
1.725	  0.023397584
1.735	  0.023136206
1.745	  0.022877926
1.755	  0.022622714
1.765	  0.022370536
1.775	  0.022121357
1.785	  0.021875143
1.795	  0.021631865
1.805	  0.021391487
1.815	  0.021153977
1.825	  0.020919302
1.835	  0.020687435
1.845	  0.020458337
1.855	  0.020231979
1.865	  0.02000833
1.875	  0.019787358
1.885	  0.019569032
1.895	  0.01935332
1.905	  0.019140195
1.915	  0.018929621
1.925	  0.018721571
1.935	  0.018516015
1.945	  0.018312924
1.955	  0.018112266
1.965	  0.017914014
1.975	  0.017718138
1.985	  0.01752461
1.995	  0.0173334
2.005	  0.01714448
2.015	  0.016957827
2.025	  0.016773406
2.035	  0.016591195
2.045	  0.016411165
2.055	  0.01623329
2.065	  0.016057542
2.075	  0.015883896
2.085	  0.015712326
2.095	  0.015542806
2.105	  0.0153753115
2.115	  0.015209815
2.125	  0.015046296
2.135	  0.014884725
2.145	  0.014725082
2.155	  0.014567339
2.165	  0.0144114755
2.175	  0.014257466
2.185	  0.014105289
2.195	  0.013954921
2.205	  0.013806338
2.215	  0.01365952
2.225	  0.013514443
2.235	  0.013371086
2.245	  0.013229426
2.255	  0.013089444
2.265	  0.012951117
2.275	  0.012814425
2.285	  0.012679347
2.295	  0.012545863
2.305	  0.012413953
2.315	  0.012283597
2.325	  0.012154776
2.335	  0.012027469
2.345	  0.011901659
2.355	  0.0117773255
2.365	  0.011654451
2.375	  0.011533015
2.385	  0.011413002
2.395	  0.011294394
2.405	  0.011177171
2.415	  0.011061316
2.425	  0.010946814
2.435	  0.010833646
2.445	  0.010721795
2.455	  0.010611246
2.465	  0.010501981
2.475	  0.010393985
2.485	  0.01028724
2.495	  0.0101817325
2.505	  0.010077446
2.515	  0.009974365
2.525	  0.009872475
2.535	  0.00977176
2.545	  0.009672206
2.555	  0.009573798
2.565	  0.009476522
2.575	  0.009380363
2.585	  0.0092853075
2.595	  0.009191342
2.605	  0.0090984525
2.615	  0.009006625
2.625	  0.008915847
2.635	  0.008826105
2.645	  0.008737386
2.655	  0.008649678
2.665	  0.008562967
2.675	  0.008477241
2.685	  0.008392488
2.695	  0.008308696
2.705	  0.008225853
2.715	  0.008143946
2.725	  0.008062964
2.735	  0.007982897
2.745	  0.007903732
2.755	  0.007825458
2.765	  0.007748064
2.775	  0.0076715397
2.785	  0.0075958734
2.795	  0.007521055
2.805	  0.007447074
2.815	  0.0073739197
2.825	  0.0073015825
2.835	  0.007230052
2.845	  0.007159318
2.855	  0.0070893704
2.865	  0.0070202006
2.875	  0.006951798
2.885	  0.006884154
2.895	  0.006817259
2.905	  0.0067511033
2.915	  0.0066856784
2.925	  0.0066209747
2.935	  0.0065569845
2.945	  0.006493698
2.955	  0.006431107
2.965	  0.0063692033
2.975	  0.006307978
2.985	  0.006247423
2.995	  0.0061875307
3.005	  0.0061282925
3.015	  0.0060697002
3.025	  0.0060117464
3.035	  0.0059544235
3.045	  0.005897723
3.055	  0.005841639
3.065	  0.0057861623
3.075	  0.0057312865
3.085	  0.005677004
3.095	  0.005623308
3.105	  0.005570191
3.115	  0.0055176467
3.125	  0.005465667
3.135	  0.005414247
3.145	  0.005363378
3.155	  0.005313055
3.165	  0.0052632703
3.175	  0.0052140183
3.185	  0.0051652924
3.195	  0.005117086
3.205	  0.005069393
3.215	  0.0050222077
3.225	  0.004975524
3.235	  0.0049293353
3.245	  0.0048836367
3.255	  0.0048384215
3.265	  0.0047936845
3.275	  0.0047494196
3.285	  0.004705622
3.295	  0.004662285
3.305	  0.0046194047
3.315	  0.0045769745
3.325	  0.0045349896
3.335	  0.0044934447
3.345	  0.0044523347
3.355	  0.0044116545
3.365	  0.0043713986
3.375	  0.0043315627
3.385	  0.0042921416
3.395	  0.004253131
3.405	  0.004214525
3.415	  0.00417632
3.425	  0.0041385107
3.435	  0.0041010925
3.445	  0.004064061
3.455	  0.004027412
3.465	  0.0039911405
3.475	  0.0039552427
3.485	  0.003919714
3.495	  0.0038845504
3.505	  0.0038497474
3.515	  0.0038153008
3.525	  0.0037812067
3.535	  0.003747461
3.545	  0.0037140597
3.555	  0.0036809987
3.565	  0.0036482746
3.575	  0.003615883
3.585	  0.0035838203
3.595	  0.003552083
3.605	  0.0035206669
3.615	  0.0034895688
3.625	  0.003458785
3.635	  0.0034283116
3.645	  0.0033981453
3.655	  0.003368283
3.665	  0.0033387206
3.675	  0.0033094552
3.685	  0.0032804832
3.695	  0.0032518012
3.705	  0.0032234064
3.715	  0.003195295
3.725	  0.0031674644
3.735	  0.003139911
3.745	  0.0031126318
3.755	  0.003085624
3.765	  0.003058884
3.775	  0.0030324096
3.785	  0.003006197
3.795	  0.0029802439
3.805	  0.002954547
3.815	  0.0029291038
3.825	  0.0029039115
3.835	  0.002878967
3.845	  0.0028542676
3.855	  0.0028298108
3.865	  0.002805594
3.875	  0.002781614
3.885	  0.0027578687
3.895	  0.0027343554
3.905	  0.0027110716
3.915	  0.0026880149
3.925	  0.0026651823
3.935	  0.002642572
3.945	  0.0026201808
3.955	  0.002598007
3.965	  0.002576048
3.975	  0.0025543014
3.985	  0.002532765
3.995	  0.0025114364
4.005	  0.0024903133



DATASET #3

     Name: BPT Fit
   Points: 401
     Info: Mean = 100.0, Aperiodicity = 0.5, Duration = 30.0, Delta T = 1.0, Num Points = 500, Historic Open Interval = 0.0
Computed mean = 0.9644836

Data[x,y]:
0.0	  0.0
0.01	  2.4457073E-35
0.02	  2.933325E-17
0.03	  2.3854538E-11
0.04	  1.8856992E-8
0.05	  9.545564E-7
0.06	  1.2385577E-5
0.07	  7.4361764E-5
0.08	  2.770574E-4
0.09	  7.5327215E-4
0.1	  0.0016461094
0.11	  0.0030734553
0.12	  0.0051054847
0.13	  0.0077586
0.14	  0.011001463
0.15	  0.014767036
0.16	  0.018965898
0.17	  0.023498077
0.18	  0.028262265
0.19	  0.03316224
0.2	  0.03811089
0.21	  0.043032307
0.22	  0.04786252
0.23	  0.05254929
0.24	  0.05705136
0.25	  0.061337333
0.26	  0.065384455
0.27	  0.0691774
0.28	  0.07270703
0.29	  0.07596937
0.3	  0.07896457
0.31	  0.08169612
0.32	  0.08417006
0.33	  0.086394414
0.34	  0.08837863
0.35	  0.0901332
0.36	  0.09166927
0.37	  0.09299837
0.38	  0.094132215
0.39	  0.09508247
0.4	  0.09586067
0.41	  0.09647807
0.42	  0.0969456
0.43	  0.097273774
0.44	  0.097472675
0.45	  0.09755192
0.46	  0.09752064
0.47	  0.0973875
0.48	  0.09716066
0.49	  0.09684781
0.5	  0.0964562
0.51	  0.09599261
0.52	  0.09546339
0.53	  0.09487447
0.54	  0.09423142
0.55	  0.093539394
0.56	  0.09280321
0.57	  0.09202735
0.58	  0.09121598
0.59	  0.09037297
0.6	  0.0895019
0.61	  0.0886061
0.62	  0.08768865
0.63	  0.08675239
0.64	  0.08579997
0.65	  0.08483381
0.66	  0.08385617
0.67	  0.08286911
0.68	  0.08187456
0.69	  0.08087426
0.7	  0.07986983
0.71	  0.07886276
0.72	  0.07785442
0.73	  0.07684605
0.74	  0.075838804
0.75	  0.074833736
0.76	  0.07383179
0.77	  0.07283385
0.78	  0.07184071
0.79	  0.070853084
0.8	  0.06987164
0.81	  0.068896964
0.82	  0.06792959
0.83	  0.066970006
0.84	  0.06601863
0.85	  0.06507587
0.86	  0.064142056
0.87	  0.06321749
0.88	  0.062302448
0.89	  0.06139716
0.9	  0.060501836
0.91	  0.059616648
0.92	  0.05874174
0.93	  0.057877243
0.94	  0.057023253
0.95	  0.056179855
0.96	  0.055347107
0.97	  0.05452506
0.98	  0.053713735
0.99	  0.05291315
1.0	  0.052123304
1.01	  0.051344186
1.02	  0.05057577
1.03	  0.04981802
1.04	  0.0490709
1.05	  0.04833435
1.06	  0.04760831
1.07	  0.046892714
1.08	  0.04618749
1.09	  0.04549256
1.1	  0.044807833
1.11	  0.044133224
1.12	  0.04346864
1.13	  0.04281398
1.14	  0.042169143
1.15	  0.041534025
1.16	  0.04090852
1.17	  0.040292524
1.18	  0.039685916
1.19	  0.039088596
1.2	  0.038500443
1.21	  0.037921343
1.22	  0.03735118
1.23	  0.03678984
1.24	  0.036237203
1.25	  0.035693154
1.26	  0.035157576
1.27	  0.03463035
1.28	  0.034111362
1.29	  0.033600494
1.3	  0.033097625
1.31	  0.03260264
1.32	  0.032115433
1.33	  0.03163588
1.34	  0.031163866
1.35	  0.030699283
1.36	  0.030242017
1.37	  0.029791955
1.38	  0.02934899
1.39	  0.028913008
1.4	  0.028483905
1.41	  0.028061572
1.42	  0.027645903
1.43	  0.027236793
1.44	  0.02683414
1.45	  0.02643784
1.46	  0.026047792
1.47	  0.025663897
1.48	  0.025286056
1.49	  0.024914173
1.5	  0.02454815
1.51	  0.024187895
1.52	  0.023833312
1.53	  0.02348431
1.54	  0.0231408
1.55	  0.022802688
1.56	  0.022469891
1.57	  0.022142319
1.58	  0.02181989
1.59	  0.021502515
1.6	  0.021190116
1.61	  0.020882607
1.62	  0.02057991
1.63	  0.020281946
1.64	  0.019988637
1.65	  0.019699905
1.66	  0.019415677
1.67	  0.019135876
1.68	  0.018860431
1.69	  0.01858927
1.7	  0.01832232
1.71	  0.018059514
1.72	  0.017800784
1.73	  0.017546061
1.74	  0.017295279
1.75	  0.017048376
1.76	  0.016805282
1.77	  0.01656594
1.78	  0.016330285
1.79	  0.016098259
1.8	  0.015869798
1.81	  0.015644846
1.82	  0.015423345
1.83	  0.015205239
1.84	  0.01499047
1.85	  0.014778986
1.86	  0.01457073
1.87	  0.01436565
1.88	  0.014163695
1.89	  0.013964813
1.9	  0.013768953
1.91	  0.013576067
1.92	  0.013386105
1.93	  0.01319902
1.94	  0.0130147645
1.95	  0.0128332935
1.96	  0.01265456
1.97	  0.01247852
1.98	  0.01230513
1.99	  0.012134346
2.0	  0.011966128
2.01	  0.011800432
2.02	  0.011637216
2.03	  0.011476444
2.04	  0.011318074
2.05	  0.011162066
2.06	  0.011008384
2.07	  0.01085699
2.08	  0.010707846
2.09	  0.010560917
2.1	  0.010416167
2.11	  0.010273561
2.12	  0.010133065
2.13	  0.009994645
2.14	  0.009858267
2.15	  0.009723899
2.16	  0.00959151
2.17	  0.009461066
2.18	  0.009332538
2.19	  0.009205895
2.2	  0.009081107
2.21	  0.008958144
2.22	  0.008836978
2.23	  0.008717581
2.24	  0.008599923
2.25	  0.008483978
2.26	  0.008369719
2.27	  0.008257119
2.28	  0.008146152
2.29	  0.008036792
2.3	  0.007929016
2.31	  0.007822796
2.32	  0.007718109
2.33	  0.007614931
2.34	  0.007513239
2.35	  0.007413009
2.36	  0.0073142187
2.37	  0.0072168456
2.38	  0.0071208677
2.39	  0.0070262635
2.4	  0.006933011
2.41	  0.00684109
2.42	  0.0067504803
2.43	  0.0066611604
2.44	  0.0065731113
2.45	  0.0064863134
2.46	  0.006400747
2.47	  0.006316394
2.48	  0.006233235
2.49	  0.006151252
2.5	  0.006070427
2.51	  0.0059907427
2.52	  0.005912181
2.53	  0.005834725
2.54	  0.0057583586
2.55	  0.005683064
2.56	  0.005608826
2.57	  0.0055356277
2.58	  0.005463454
2.59	  0.0053922893
2.6	  0.0053221183
2.61	  0.005252926
2.62	  0.0051846975
2.63	  0.0051174187
2.64	  0.005051075
2.65	  0.0049856524
2.66	  0.004921137
2.67	  0.0048575155
2.68	  0.004794774
2.69	  0.0047329003
2.7	  0.004671881
2.71	  0.0046117026
2.72	  0.004552354
2.73	  0.004493822
2.74	  0.0044360943
2.75	  0.00437916
2.76	  0.0043230057
2.77	  0.0042676213
2.78	  0.004212995
2.79	  0.0041591157
2.8	  0.0041059726
2.81	  0.004053554
2.82	  0.0040018503
2.83	  0.00395085
2.84	  0.0039005438
2.85	  0.0038509208
2.86	  0.0038019714
2.87	  0.0037536856
2.88	  0.0037060538
2.89	  0.0036590665
2.9	  0.0036127141
2.91	  0.0035669876
2.92	  0.0035218778
2.93	  0.003477376
2.94	  0.0034334732
2.95	  0.0033901606
2.96	  0.00334743
2.97	  0.0033052724
2.98	  0.0032636803
2.99	  0.0032226453
3.0	  0.003182159
3.01	  0.0031422141
3.02	  0.0031028024
3.03	  0.0030639167
3.04	  0.003025549
3.05	  0.0029876921
3.06	  0.0029503386
3.07	  0.0029134816
3.08	  0.0028771139
3.09	  0.0028412282
3.1	  0.002805818
3.11	  0.0027708767
3.12	  0.0027363973
3.13	  0.0027023735
3.14	  0.0026687987
3.15	  0.0026356666
3.16	  0.002602971
3.17	  0.0025707057
3.18	  0.0025388645
3.19	  0.0025074417
3.2	  0.0024764312
3.21	  0.0024458275
3.22	  0.0024156244
3.23	  0.0023858168
3.24	  0.0023563989
3.25	  0.0023273653
3.26	  0.0022987106
3.27	  0.0022704296
3.28	  0.0022425172
3.29	  0.002214968
3.3	  0.0021877768
3.31	  0.0021609394
3.32	  0.00213445
3.33	  0.0021083043
3.34	  0.0020824976
3.35	  0.0020570247
3.36	  0.0020318814
3.37	  0.0020070632
3.38	  0.0019825653
3.39	  0.0019583837
3.4	  0.0019345137
3.41	  0.0019109511
3.42	  0.0018876918
3.43	  0.0018647314
3.44	  0.0018420662
3.45	  0.0018196917
3.46	  0.0017976043
3.47	  0.0017757999
3.48	  0.0017542746
3.49	  0.0017330247
3.5	  0.0017120464
3.51	  0.001691336
3.52	  0.00167089
3.53	  0.0016507047
3.54	  0.0016307763
3.55	  0.0016111018
3.56	  0.0015916775
3.57	  0.0015725
3.58	  0.0015535661
3.59	  0.0015348723
3.6	  0.0015164156
3.61	  0.0014981927
3.62	  0.0014802003
3.63	  0.0014624356
3.64	  0.0014448954
3.65	  0.0014275766
3.66	  0.0014104764
3.67	  0.0013935918
3.68	  0.0013769198
3.69	  0.0013604577
3.7	  0.0013442027
3.71	  0.0013281519
3.72	  0.0013123028
3.73	  0.0012966525
3.74	  0.0012811985
3.75	  0.001265938
3.76	  0.0012508688
3.77	  0.0012359879
3.78	  0.0012212931
3.79	  0.001206782
3.8	  0.0011924518
3.81	  0.0011783005
3.82	  0.0011643255
3.83	  0.0011505246
3.84	  0.0011368954
3.85	  0.0011234357
3.86	  0.0011101433
3.87	  0.0010970159
3.88	  0.0010840514
3.89	  0.0010712477
3.9	  0.0010586027
3.91	  0.0010461143
3.92	  0.0010337803
3.93	  0.0010215988
3.94	  0.0010095679
3.95	  9.976854E-4
3.96	  9.859495E-4
3.97	  9.7435847E-4
3.98	  9.629101E-4
3.99	  9.5160276E-4
4.0	  9.404345E-4


