
X-Axis: Normalized Interevent Time
Y-Axis: Probability
Number of Data Sets: 3


DATASET #1

     Name: Bruce 2742 Histogram
   Points: 41
     Info: 

Data[x,y]:
0.05	  0.032206427
0.15	  0.021694405
0.25	  0.021821544
0.35	  0.023913546
0.45	  0.024543459
0.55	  0.029657882
0.65	  0.03503236
0.75	  0.04690823
0.85	  0.07324896
0.95	  0.12240522
1.05	  0.15471567
1.15	  0.1417418
1.25	  0.099624366
1.35	  0.06306057
1.45	  0.038881183
1.55	  0.02360148
1.65	  0.015545539
1.75	  0.010477346
1.85	  0.006732547
1.95	  0.0044671753
2.05	  0.0029588535
2.15	  0.002132455
2.25	  0.0012135922
2.35	  8.6107256E-4
2.45	  6.067961E-4
2.55	  4.5654183E-4
2.65	  3.294036E-4
2.75	  2.773925E-4
2.85	  2.196024E-4
2.95	  1.5603329E-4
3.05	  9.246417E-5
3.15	  6.356912E-5
3.25	  5.7790105E-5
3.35	  4.0453073E-5
3.45	  5.2011095E-5
3.55	  5.7790107E-6
3.65	  1.7337032E-5
3.75	  1.7337032E-5
3.85	  3.4674063E-5
3.95	  1.15580215E-5
4.05	  1.1558021E-4



DATASET #2

     Name: Log-Normal Fit
   Points: 401
     Info: 

Data[x,y]:
0.005	  0.0
0.015	  2.0826711E-21
0.025	  2.2685486E-17
0.035	  9.070256E-15
0.045	  6.647086E-13
0.055	  1.7513357E-11
0.065	  2.3431626E-10
0.075	  1.9453104E-9
0.085	  1.1368699E-8
0.095	  5.0868486E-8
0.105	  1.8474088E-7
0.115	  5.67934E-7
0.125	  1.5245973E-6
0.135	  3.6590425E-6
0.145	  7.995561E-6
0.155	  1.6137239E-5
0.165	  3.0428999E-5
0.175	  5.4107593E-5
0.185	  9.142153E-5
0.195	  1.4770642E-4
0.205	  2.2940573E-4
0.215	  3.4403172E-4
0.225	  5.000671E-4
0.235	  7.0681184E-4
0.245	  9.741843E-4
0.255	  0.0013124868
0.265	  0.0017321493
0.275	  0.0022434623
0.285	  0.002856312
0.295	  0.0035799302
0.305	  0.0044226614
0.315	  0.005391764
0.325	  0.006493242
0.335	  0.007731714
0.345	  0.009110322
0.355	  0.010630675
0.365	  0.01229283
0.375	  0.01409531
0.385	  0.016035143
0.395	  0.018107938
0.405	  0.020307975
0.415	  0.022628317
0.425	  0.025060933
0.435	  0.027596833
0.445	  0.030226206
0.455	  0.03293857
0.465	  0.0357229
0.475	  0.038567778
0.485	  0.041461527
0.495	  0.04439234
0.505	  0.047348388
0.515	  0.050317943
0.525	  0.05328947
0.535	  0.056251727
0.545	  0.05919383
0.555	  0.062105335
0.565	  0.0649763
0.575	  0.0677973
0.585	  0.07055953
0.595	  0.07325476
0.605	  0.07587541
0.615	  0.07841455
0.625	  0.08086591
0.635	  0.083223864
0.645	  0.08548343
0.655	  0.08764029
0.665	  0.08969073
0.675	  0.09163166
0.685	  0.09346055
0.695	  0.09517548
0.705	  0.09677502
0.715	  0.09825826
0.725	  0.09962478
0.735	  0.10087461
0.745	  0.102008194
0.755	  0.10302636
0.765	  0.103930295
0.775	  0.10472153
0.785	  0.10540187
0.795	  0.10597342
0.805	  0.1064385
0.815	  0.10679966
0.825	  0.10705964
0.835	  0.10722133
0.845	  0.10728778
0.855	  0.10726214
0.865	  0.10714769
0.875	  0.10694775
0.885	  0.10666573
0.895	  0.106305055
0.905	  0.10586921
0.915	  0.10536166
0.925	  0.10478589
0.935	  0.10414537
0.945	  0.10344353
0.955	  0.10268378
0.965	  0.101869486
0.975	  0.10100395
0.985	  0.10009043
0.995	  0.0991321
1.005	  0.098132074
1.015	  0.097093396
1.025	  0.09601901
1.035	  0.09491179
1.045	  0.09377453
1.055	  0.09260991
1.065	  0.09142055
1.075	  0.090208955
1.085	  0.088977545
1.095	  0.08772865
1.105	  0.0864645
1.115	  0.08518724
1.125	  0.08389892
1.135	  0.08260148
1.145	  0.08129681
1.155	  0.07998668
1.165	  0.07867277
1.175	  0.077356696
1.185	  0.07603998
1.195	  0.07472405
1.205	  0.07341027
1.215	  0.07209993
1.225	  0.070794225
1.235	  0.06949429
1.245	  0.06820119
1.255	  0.066915914
1.265	  0.06563939
1.275	  0.06437249
1.285	  0.063116
1.295	  0.061870668
1.305	  0.06063718
1.315	  0.059416167
1.325	  0.058208212
1.335	  0.057013836
1.345	  0.055833526
1.355	  0.05466771
1.365	  0.053516787
1.375	  0.052381106
1.385	  0.051260974
1.395	  0.050156664
1.405	  0.049068417
1.415	  0.04799644
1.425	  0.046940897
1.435	  0.04590193
1.445	  0.04487966
1.455	  0.04387417
1.465	  0.04288552
1.475	  0.041913744
1.485	  0.040958863
1.495	  0.04002087
1.505	  0.03909973
1.515	  0.03819541
1.525	  0.037307844
1.535	  0.036436953
1.545	  0.035582647
1.555	  0.034744818
1.565	  0.03392335
1.575	  0.033118106
1.585	  0.032328956
1.595	  0.031555735
1.605	  0.030798292
1.615	  0.030056454
1.625	  0.029330045
1.635	  0.028618881
1.645	  0.027922776
1.655	  0.027241528
1.665	  0.026574943
1.675	  0.025922814
1.685	  0.025284935
1.695	  0.024661092
1.705	  0.024051074
1.715	  0.02345466
1.725	  0.022871636
1.735	  0.02230178
1.745	  0.021744873
1.755	  0.02120069
1.765	  0.020669011
1.775	  0.020149617
1.785	  0.019642279
1.795	  0.01914678
1.805	  0.018662898
1.815	  0.018190414
1.825	  0.017729107
1.835	  0.017278763
1.845	  0.016839163
1.855	  0.016410094
1.865	  0.015991343
1.875	  0.0155827
1.885	  0.015183957
1.895	  0.0147949075
1.905	  0.014415348
1.915	  0.014045077
1.925	  0.0136838965
1.935	  0.01333161
1.945	  0.012988023
1.955	  0.012652946
1.965	  0.012326191
1.975	  0.012007573
1.985	  0.011696909
1.995	  0.011394019
2.005	  0.0110987285
2.015	  0.010810863
2.025	  0.010530252
2.035	  0.010256728
2.045	  0.009990127
2.055	  0.009730286
2.065	  0.009477047
2.075	  0.009230255
2.085	  0.008989757
2.095	  0.008755403
2.105	  0.008527045
2.115	  0.008304541
2.125	  0.008087749
2.135	  0.00787653
2.145	  0.00767075
2.155	  0.0074702753
2.165	  0.0072749765
2.175	  0.0070847264
2.185	  0.0068994006
2.195	  0.0067188777
2.205	  0.006543038
2.215	  0.006371766
2.225	  0.0062049464
2.235	  0.0060424693
2.245	  0.0058842245
2.255	  0.005730107
2.265	  0.0055800113
2.275	  0.005433837
2.285	  0.005291484
2.295	  0.005152856
2.305	  0.0050178575
2.315	  0.004886396
2.325	  0.004758382
2.335	  0.0046337266
2.345	  0.004512344
2.355	  0.0043941494
2.365	  0.0042790617
2.375	  0.0041670003
2.385	  0.0040578875
2.395	  0.0039516464
2.405	  0.003848203
2.415	  0.0037474846
2.425	  0.0036494206
2.435	  0.0035539416
2.445	  0.0034609807
2.455	  0.003370472
2.465	  0.0032823514
2.475	  0.0031965568
2.485	  0.003113027
2.495	  0.0030317027
2.505	  0.0029525263
2.515	  0.0028754412
2.525	  0.0028003925
2.535	  0.0027273265
2.545	  0.0026561914
2.555	  0.0025869359
2.565	  0.0025195107
2.575	  0.0024538676
2.585	  0.002389959
2.595	  0.0023277397
2.605	  0.0022671649
2.615	  0.0022081907
2.625	  0.0021507752
2.635	  0.002094877
2.645	  0.0020404556
2.655	  0.001987472
2.665	  0.0019358881
2.675	  0.0018856669
2.685	  0.0018367718
2.695	  0.0017891681
2.705	  0.0017428211
2.715	  0.0016976976
2.725	  0.0016537649
2.735	  0.0016109913
2.745	  0.0015693463
2.755	  0.0015287994
2.765	  0.0014893218
2.775	  0.0014508847
2.785	  0.0014134607
2.795	  0.0013770225
2.805	  0.0013415441
2.815	  0.0013069997
2.825	  0.0012733646
2.835	  0.0012406145
2.845	  0.0012087259
2.855	  0.0011776757
2.865	  0.0011474416
2.875	  0.0011180019
2.885	  0.0010893354
2.895	  0.0010614215
2.905	  0.0010342401
2.915	  0.0010077718
2.925	  9.819976E-4
2.935	  9.5689885E-4
2.945	  9.324577E-4
2.955	  9.086565E-4
2.965	  8.854784E-4
2.975	  8.629066E-4
2.985	  8.409251E-4
2.995	  8.195181E-4
3.005	  7.986704E-4
3.015	  7.783671E-4
3.025	  7.585936E-4
3.035	  7.3933596E-4
3.045	  7.2058034E-4
3.055	  7.023135E-4
3.065	  6.845224E-4
3.075	  6.6719437E-4
3.085	  6.503172E-4
3.095	  6.338788E-4
3.105	  6.178676E-4
3.115	  6.022722E-4
3.125	  5.870817E-4
3.135	  5.722852E-4
3.145	  5.5787235E-4
3.155	  5.43833E-4
3.165	  5.301572E-4
3.175	  5.168353E-4
3.185	  5.0385797E-4
3.195	  4.9121614E-4
3.205	  4.7890082E-4
3.215	  4.669035E-4
3.225	  4.552157E-4
3.235	  4.4382925E-4
3.245	  4.327362E-4
3.255	  4.2192882E-4
3.265	  4.1139958E-4
3.275	  4.0114112E-4
3.285	  3.911463E-4
3.295	  3.814082E-4
3.305	  3.7192006E-4
3.315	  3.6267526E-4
3.325	  3.5366745E-4
3.335	  3.4489034E-4
3.345	  3.3633792E-4
3.355	  3.2800427E-4
3.365	  3.1988366E-4
3.375	  3.1197048E-4
3.385	  3.0425927E-4
3.395	  2.9674478E-4
3.405	  2.8942185E-4
3.415	  2.8228544E-4
3.425	  2.753307E-4
3.435	  2.6855283E-4
3.445	  2.6194728E-4
3.455	  2.5550948E-4
3.465	  2.4923508E-4
3.475	  2.4311982E-4
3.485	  2.3715955E-4
3.495	  2.3135022E-4
3.505	  2.256879E-4
3.515	  2.2016877E-4
3.525	  2.147891E-4
3.535	  2.0954528E-4
3.545	  2.0443376E-4
3.555	  1.9945111E-4
3.565	  1.94594E-4
3.575	  1.8985916E-4
3.585	  1.8524342E-4
3.595	  1.8074371E-4
3.605	  1.76357E-4
3.615	  1.720804E-4
3.625	  1.6791104E-4
3.635	  1.6384617E-4
3.645	  1.5988307E-4
3.655	  1.5601913E-4
3.665	  1.5225179E-4
3.675	  1.4857856E-4
3.685	  1.4499702E-4
3.695	  1.415048E-4
3.705	  1.3809963E-4
3.715	  1.3477924E-4
3.725	  1.3154148E-4
3.735	  1.2838421E-4
3.745	  1.2530539E-4
3.755	  1.22303E-4
3.765	  1.19375065E-4
3.775	  1.165197E-4
3.785	  1.1373505E-4
3.795	  1.11019304E-4
3.805	  1.08370696E-4
3.815	  1.0578752E-4
3.825	  1.0326811E-4
3.835	  1.0081084E-4
3.845	  9.841412E-5
3.855	  9.607643E-5
3.865	  9.379625E-5
3.875	  9.1572125E-5
3.885	  8.940263E-5
3.895	  8.728639E-5
3.905	  8.522205E-5
3.915	  8.320829E-5
3.925	  8.124383E-5
3.935	  7.932743E-5
3.945	  7.745787E-5
3.955	  7.563398E-5
3.965	  7.385459E-5
3.975	  7.2118586E-5
3.985	  7.042488E-5
3.995	  6.87724E-5
4.005	  6.7160116E-5



DATASET #3

     Name: BPT Fit
   Points: 401
     Info: Mean = 100.0, Aperiodicity = 0.5, Duration = 30.0, Delta T = 1.0, Num Points = 500, Historic Open Interval = 0.0
Computed mean = 0.9975752

Data[x,y]:
0.0	  0.0
0.01	  0.0
0.02	  0.0
0.03	  5.5448E-41
0.04	  3.8058542E-30
0.05	  1.10700646E-23
0.06	  2.1231713E-19
0.07	  2.3268477E-16
0.08	  4.2815984E-14
0.09	  2.4050172E-12
0.1	  5.899478E-11
0.11	  7.9338824E-10
0.12	  6.805911E-9
0.13	  4.1348414E-8
0.14	  1.9169413E-7
0.15	  7.1624214E-7
0.16	  2.2468546E-6
0.17	  6.105406E-6
0.18	  1.4723392E-5
0.19	  3.211836E-5
0.2	  6.4354455E-5
0.21	  1.19905664E-4
0.22	  2.0985115E-4
0.23	  3.4785757E-4
0.24	  5.49935E-4
0.25	  8.339844E-4
0.26	  0.0012191783
0.27	  0.0017252308
0.28	  0.0023716188
0.29	  0.0031768123
0.3	  0.004157566
0.31	  0.0053283055
0.32	  0.0067006405
0.33	  0.008283009
0.34	  0.010080465
0.35	  0.012094595
0.36	  0.014323551
0.37	  0.016762197
0.38	  0.019402327
0.39	  0.02223295
0.4	  0.025240635
0.41	  0.028409867
0.42	  0.03172342
0.43	  0.035162747
0.44	  0.038708333
0.45	  0.04234006
0.46	  0.04603751
0.47	  0.049780287
0.48	  0.05354826
0.49	  0.05732181
0.5	  0.061082
0.51	  0.06481078
0.52	  0.06849109
0.53	  0.072106965
0.54	  0.07564364
0.55	  0.07908756
0.56	  0.08242647
0.57	  0.085649356
0.58	  0.0887465
0.59	  0.09170943
0.6	  0.094530895
0.61	  0.09720482
0.62	  0.099726275
0.63	  0.10209139
0.64	  0.10429732
0.65	  0.10634216
0.66	  0.10822491
0.67	  0.10994537
0.68	  0.111504115
0.69	  0.11290237
0.7	  0.11414202
0.71	  0.115225494
0.72	  0.11615572
0.73	  0.11693605
0.74	  0.11757026
0.75	  0.118062414
0.76	  0.11841689
0.77	  0.11863829
0.78	  0.11873143
0.79	  0.11870125
0.8	  0.118552834
0.81	  0.118291326
0.82	  0.11792195
0.83	  0.11744993
0.84	  0.11688052
0.85	  0.116218925
0.86	  0.115470305
0.87	  0.11463979
0.88	  0.11373239
0.89	  0.112753056
0.9	  0.11170663
0.91	  0.11059782
0.92	  0.10943124
0.93	  0.10821134
0.94	  0.106942475
0.95	  0.105628826
0.96	  0.10427444
0.97	  0.10288321
0.98	  0.1014589
0.99	  0.1000051
1.0	  0.09852525
1.01	  0.09702267
1.02	  0.095500484
1.03	  0.093961716
1.04	  0.092409216
1.05	  0.09084569
1.06	  0.08927372
1.07	  0.08769573
1.08	  0.08611404
1.09	  0.08453081
1.1	  0.08294808
1.11	  0.081367776
1.12	  0.0797917
1.13	  0.078221545
1.14	  0.07665888
1.15	  0.075105175
1.16	  0.0735618
1.17	  0.07203002
1.18	  0.070511006
1.19	  0.06900583
1.2	  0.0675155
1.21	  0.066040926
1.22	  0.06458293
1.23	  0.06314228
1.24	  0.061719645
1.25	  0.060315654
1.26	  0.058930848
1.27	  0.057565723
1.28	  0.056220707
1.29	  0.054896176
1.3	  0.05359245
1.31	  0.052309804
1.32	  0.05104847
1.33	  0.049808625
1.34	  0.048590414
1.35	  0.04739394
1.36	  0.046219274
1.37	  0.04506645
1.38	  0.04393547
1.39	  0.042826302
1.4	  0.041738898
1.41	  0.040673174
1.42	  0.039629027
1.43	  0.038606334
1.44	  0.037604947
1.45	  0.0366247
1.46	  0.035665415
1.47	  0.03472689
1.48	  0.03380892
1.49	  0.03291128
1.5	  0.032033723
1.51	  0.031176012
1.52	  0.030337887
1.53	  0.029519083
1.54	  0.028719328
1.55	  0.02793834
1.56	  0.027175836
1.57	  0.026431525
1.58	  0.025705114
1.59	  0.024996301
1.6	  0.024304789
1.61	  0.02363027
1.62	  0.022972444
1.63	  0.022331003
1.64	  0.02170564
1.65	  0.02109605
1.66	  0.020501927
1.67	  0.019922962
1.68	  0.019358853
1.69	  0.018809296
1.7	  0.01827399
1.71	  0.017752638
1.72	  0.017244939
1.73	  0.016750602
1.74	  0.016269334
1.75	  0.015800845
1.76	  0.0153448535
1.77	  0.0149010755
1.78	  0.014469232
1.79	  0.01404905
1.8	  0.013640258
1.81	  0.013242588
1.82	  0.012855779
1.83	  0.012479571
1.84	  0.012113708
1.85	  0.011757942
1.86	  0.0114120245
1.87	  0.011075714
1.88	  0.010748773
1.89	  0.010430968
1.9	  0.01012207
1.91	  0.0098218545
1.92	  0.009530101
1.93	  0.009246592
1.94	  0.008971119
1.95	  0.008703472
1.96	  0.008443448
1.97	  0.008190849
1.98	  0.00794548
1.99	  0.007707151
2.0	  0.007475675
2.01	  0.0072508706
2.02	  0.007032559
2.03	  0.0068205665
2.04	  0.006614723
2.05	  0.006414862
2.06	  0.006220821
2.07	  0.0060324417
2.08	  0.00584957
2.09	  0.005672054
2.1	  0.005499746
2.11	  0.0053325035
2.12	  0.0051701847
2.13	  0.0050126533
2.14	  0.0048597753
2.15	  0.004711421
2.16	  0.004567464
2.17	  0.0044277795
2.18	  0.0042922474
2.19	  0.0041607507
2.2	  0.004033174
2.21	  0.0039094063
2.22	  0.003789339
2.23	  0.0036728662
2.24	  0.003559885
2.25	  0.0034502952
2.26	  0.0033439992
2.27	  0.0032409017
2.28	  0.0031409105
2.29	  0.0030439354
2.3	  0.002949889
2.31	  0.002858686
2.32	  0.0027702437
2.33	  0.0026844812
2.34	  0.0026013202
2.35	  0.0025206846
2.36	  0.0024424999
2.37	  0.0023666942
2.38	  0.0022931974
2.39	  0.0022219415
2.4	  0.00215286
2.41	  0.0020858883
2.42	  0.0020209644
2.43	  0.001958027
2.44	  0.0018970172
2.45	  0.0018378776
2.46	  0.0017805522
2.47	  0.001724987
2.48	  0.0016711293
2.49	  0.0016189278
2.5	  0.001568333
2.51	  0.0015192964
2.52	  0.0014717714
2.53	  0.0014257124
2.54	  0.0013810751
2.55	  0.0013378166
2.56	  0.0012958953
2.57	  0.0012552708
2.58	  0.0012159037
2.59	  0.0011777559
2.6	  0.0011407904
2.61	  0.0011049714
2.62	  0.0010702638
2.63	  0.0010366339
2.64	  0.0010040489
2.65	  9.7247673E-4
2.66	  9.418866E-4
2.67	  9.1224856E-4
2.68	  8.835333E-4
2.69	  8.557128E-4
2.7	  8.2875945E-4
2.71	  8.0264674E-4
2.72	  7.773489E-4
2.73	  7.528408E-4
2.74	  7.2909816E-4
2.75	  7.060975E-4
2.76	  6.838159E-4
2.77	  6.6223135E-4
2.78	  6.4132217E-4
2.79	  6.2106765E-4
2.8	  6.014475E-4
2.81	  5.824421E-4
2.82	  5.6403247E-4
2.83	  5.4620014E-4
2.84	  5.289273E-4
2.85	  5.121966E-4
2.86	  4.959912E-4
2.87	  4.802948E-4
2.88	  4.650916E-4
2.89	  4.503663E-4
2.9	  4.3610402E-4
2.91	  4.2229038E-4
2.92	  4.089114E-4
2.93	  3.9595357E-4
2.94	  3.8340373E-4
2.95	  3.7124922E-4
2.96	  3.5947768E-4
2.97	  3.4807716E-4
2.98	  3.3703606E-4
2.99	  3.263432E-4
3.0	  3.1598768E-4
3.01	  3.0595894E-4
3.02	  2.9624676E-4
3.03	  2.8684124E-4
3.04	  2.7773282E-4
3.05	  2.6891212E-4
3.06	  2.6037017E-4
3.07	  2.5209822E-4
3.08	  2.4408783E-4
3.09	  2.3633077E-4
3.1	  2.2881907E-4
3.11	  2.2154507E-4
3.12	  2.1450128E-4
3.13	  2.0768047E-4
3.14	  2.0107561E-4
3.15	  1.9467996E-4
3.16	  1.8848688E-4
3.17	  1.8249005E-4
3.18	  1.7668326E-4
3.19	  1.7106053E-4
3.2	  1.6561606E-4
3.21	  1.6034425E-4
3.22	  1.5523964E-4
3.23	  1.5029697E-4
3.24	  1.4551112E-4
3.25	  1.4087716E-4
3.26	  1.3639028E-4
3.27	  1.3204585E-4
3.28	  1.2783936E-4
3.29	  1.2376647E-4
3.3	  1.19822944E-4
3.31	  1.16004696E-4
3.32	  1.1230777E-4
3.33	  1.0872832E-4
3.34	  1.0526265E-4
3.35	  1.0190714E-4
3.36	  9.865832E-5
3.37	  9.55128E-5
3.38	  9.2467315E-5
3.39	  8.9518704E-5
3.4	  8.6663895E-5
3.41	  8.389991E-5
3.42	  8.122387E-5
3.43	  7.8633006E-5
3.44	  7.61246E-5
3.45	  7.3696036E-5
3.46	  7.1344795E-5
3.47	  6.906842E-5
3.48	  6.686453E-5
3.49	  6.4730826E-5
3.5	  6.266509E-5
3.51	  6.066515E-5
3.52	  5.872892E-5
3.53	  5.685439E-5
3.54	  5.503959E-5
3.55	  5.3282623E-5
3.56	  5.158165E-5
3.57	  4.9934897E-5
3.58	  4.8340637E-5
3.59	  4.6797202E-5
3.6	  4.5302975E-5
3.61	  4.3856395E-5
3.62	  4.2455944E-5
3.63	  4.1100153E-5
3.64	  3.9787607E-5
3.65	  3.8516922E-5
3.66	  3.7286776E-5
3.67	  3.609587E-5
3.68	  3.4942957E-5
3.69	  3.3826833E-5
3.7	  3.274632E-5
3.71	  3.170029E-5
3.72	  3.0687635E-5
3.73	  2.9707304E-5
3.74	  2.8758262E-5
3.75	  2.7839511E-5
3.76	  2.6950089E-5
3.77	  2.608906E-5
3.78	  2.5255516E-5
3.79	  2.4448587E-5
3.8	  2.366742E-5
3.81	  2.2911197E-5
3.82	  2.2179122E-5
3.83	  2.1470425E-5
3.84	  2.0784359E-5
3.85	  2.0120204E-5
3.86	  1.947726E-5
3.87	  1.8854851E-5
3.88	  1.8252322E-5
3.89	  1.7669041E-5
3.9	  1.710439E-5
3.91	  1.6557777E-5
3.92	  1.6028627E-5
3.93	  1.5516382E-5
3.94	  1.50205005E-5
3.95	  1.4540464E-5
3.96	  1.4075764E-5
3.97	  1.3625911E-5
3.98	  1.31904335E-5
3.99	  1.2768871E-5
4.0	  1.2360779E-5


