
X-Axis: Normalized Distance Along Strike
Y-Axis: Hypocenter Density
Number of Data Sets: 4


DATASET #1

     Name: 
   Points: 31
     Info: 

Data[x,y]:
0.05	  0.0121951215
0.15	  0.016260162
0.25	  0.036585364
0.35	  0.044715445
0.45	  0.016260162
0.55	  0.028455285
0.65	  0.024390243
0.75	  0.0121951215
0.85	  0.016260162
0.95	  0.07317073
1.05	  0.06504065
1.15	  0.036585364
1.25	  0.032520324
1.35	  0.028455285
1.45	  0.05691057
1.55	  0.05691057
1.65	  0.028455285
1.75	  0.032520324
1.85	  0.036585364
1.95	  0.06504065
2.05	  0.07317073
2.15	  0.016260162
2.25	  0.0121951215
2.35	  0.024390243
2.45	  0.028455285
2.55	  0.016260162
2.65	  0.044715445
2.75	  0.036585364
2.85	  0.016260162
2.95	  0.0121951215
3.05	  0.0



DATASET #2

     Name: 
   Points: 31
     Info: 

Data[x,y]:
0.05	  0.0
0.15	  0.0
0.25	  0.0
0.35	  0.0
0.45	  0.0
0.55	  0.0
0.65	  0.0
0.75	  0.0
0.85	  0.0
0.95	  0.0
1.05	  0.0121951215
1.15	  0.016260162
1.25	  0.028455285
1.35	  0.020325202
1.45	  0.036585364
1.55	  0.036585364
1.65	  0.020325202
1.75	  0.028455285
1.85	  0.016260162
1.95	  0.0121951215
2.05	  0.0
2.15	  0.0
2.25	  0.0
2.35	  0.0
2.45	  0.0
2.55	  0.0
2.65	  0.0
2.75	  0.0
2.85	  0.0
2.95	  0.0
3.05	  0.0



DATASET #3

Name: 
Num Points: 4
Info: 

X, Y Data:
0.021	  0.0010243902
0.021	  0.101414636
2.979	  0.101414636
2.979	  0.0010243902



DATASET #4

Name: 
Num Points: 4
Info: 

X, Y Data:
1.0	  0.0010243902
1.0	  0.09117073
2.0	  0.09117073
2.0	  0.0010243902


