
X-Axis: Normalized Distance Along Strike
Y-Axis: Hypocenter Density
Number of Data Sets: 4


DATASET #1

     Name: 
   Points: 31
     Info: 

Data[x,y]:
0.05	  0.004047914
0.15	  0.012267658
0.25	  0.024080958
0.35	  0.025774473
0.45	  0.025691863
0.55	  0.02945064
0.65	  0.031515904
0.75	  0.03795952
0.85	  0.04795539
0.95	  0.0645601
1.05	  0.043122675
1.15	  0.038166046
1.25	  0.039983477
1.35	  0.037587773
1.45	  0.037835605
1.55	  0.037835605
1.65	  0.037587773
1.75	  0.039983477
1.85	  0.038166046
1.95	  0.043122675
2.05	  0.0645601
2.15	  0.04795539
2.25	  0.03795952
2.35	  0.031515904
2.45	  0.02945064
2.55	  0.025691863
2.65	  0.025774473
2.75	  0.024080958
2.85	  0.012267658
2.95	  0.004047914
3.05	  0.0



DATASET #2

     Name: 
   Points: 31
     Info: 

Data[x,y]:
0.05	  0.0
0.15	  0.0
0.25	  0.0
0.35	  0.0
0.45	  0.0
0.55	  0.0
0.65	  0.0
0.75	  0.0
0.85	  1.6522099E-4
0.95	  4.1305248E-5
1.05	  0.003717472
1.15	  0.0078893015
1.25	  0.010821975
1.35	  0.009954564
1.45	  0.011276332
1.55	  0.011276332
1.65	  0.009954564
1.75	  0.010821975
1.85	  0.0078893015
1.95	  0.003717472
2.05	  4.1305248E-5
2.15	  1.6522099E-4
2.25	  0.0
2.35	  0.0
2.45	  0.0
2.55	  0.0
2.65	  0.0
2.75	  0.0
2.85	  0.0
2.95	  0.0
3.05	  0.0



DATASET #3

Name: 
Num Points: 4
Info: 

X, Y Data:
0.021	  9.038414E-4
0.021	  0.089480296
2.979	  0.089480296
2.979	  9.038414E-4



DATASET #4

Name: 
Num Points: 4
Info: 

X, Y Data:
1.0	  9.038414E-4
1.0	  0.080441885
2.0	  0.080441885
2.0	  9.038414E-4


