
X-Axis: Average Normalized Interevent Time
Y-Axis: Probability
Number of Data Sets: 3


DATASET #1

     Name: JG Tune Base Mod Vel Histogram
   Points: 41
     Info: 

Data[x,y]:
0.05	  0.03394458
0.15	  0.024351548
0.25	  0.04180349
0.35	  0.051765487
0.45	  0.06759399
0.55	  0.08906763
0.65	  0.121278085
0.75	  0.14526068
0.85	  0.14190312
0.95	  0.112164706
1.05	  0.08213113
1.15	  0.04715345
1.25	  0.023244658
1.35	  0.009777515
1.45	  0.0045013465
1.55	  0.0021399844
1.65	  8.855108E-4
1.75	  3.6896285E-4
1.85	  2.58274E-4
1.95	  1.1068885E-4
2.05	  7.3792566E-5
2.15	  1.1068885E-4
2.25	  3.6896283E-5
2.35	  7.3792566E-5
2.45	  0.0
2.55	  0.0
2.65	  0.0
2.75	  0.0
2.85	  0.0
2.95	  0.0
3.05	  0.0
3.15	  0.0
3.25	  0.0
3.35	  0.0
3.45	  0.0
3.55	  0.0
3.65	  0.0
3.75	  0.0
3.85	  0.0
3.95	  0.0
4.05	  0.0



DATASET #2

     Name: Log-Normal Fit
   Points: 401
     Info: 

Data[x,y]:
0.005	  0.0
0.015	  3.364264E-17
0.025	  1.0409876E-13
0.035	  1.7606066E-11
0.045	  6.712866E-10
0.055	  1.0445325E-8
0.065	  9.0013614E-8
0.075	  5.129303E-7
0.085	  2.1600263E-6
0.095	  7.236227E-6
0.105	  2.0293277E-5
0.115	  4.9411316E-5
0.125	  1.07302665E-4
0.135	  2.1208847E-4
0.145	  3.875578E-4
0.155	  6.628195E-4
0.165	  0.001071364
0.175	  0.0016496413
0.185	  0.0024353135
0.195	  0.0034653647
0.205	  0.0047742403
0.215	  0.006392159
0.225	  0.008343711
0.235	  0.010646791
0.245	  0.013311927
0.255	  0.016341954
0.265	  0.01973205
0.275	  0.02347006
0.285	  0.027537059
0.295	  0.031908102
0.305	  0.03655311
0.315	  0.04143781
0.325	  0.046524707
0.335	  0.05177408
0.345	  0.057144877
0.355	  0.062595576
0.365	  0.06808497
0.375	  0.073572844
0.385	  0.07902056
0.395	  0.08439153
0.405	  0.0896516
0.415	  0.094769366
0.425	  0.099716365
0.435	  0.1044672
0.445	  0.1089996
0.455	  0.11329447
0.465	  0.11733576
0.475	  0.12111045
0.485	  0.12460837
0.495	  0.12782212
0.505	  0.13074678
0.515	  0.13337989
0.525	  0.13572109
0.535	  0.13777204
0.545	  0.13953613
0.555	  0.14101836
0.565	  0.14222513
0.575	  0.14316402
0.585	  0.14384364
0.595	  0.14427345
0.605	  0.14446361
0.615	  0.1444249
0.625	  0.14416845
0.635	  0.14370573
0.645	  0.1430484
0.655	  0.14220825
0.665	  0.14119703
0.675	  0.14002642
0.685	  0.13870803
0.695	  0.13725318
0.705	  0.135673
0.715	  0.13397835
0.725	  0.13217969
0.735	  0.13028717
0.745	  0.12831056
0.755	  0.12625922
0.765	  0.1241421
0.775	  0.12196773
0.785	  0.11974423
0.795	  0.11747926
0.805	  0.11518008
0.815	  0.112853535
0.825	  0.11050603
0.835	  0.108143575
0.845	  0.105771795
0.855	  0.10339591
0.865	  0.101020776
0.875	  0.098650895
0.885	  0.096290395
0.895	  0.093943104
0.905	  0.0916125
0.915	  0.08930179
0.925	  0.087013856
0.935	  0.08475133
0.945	  0.08251657
0.955	  0.08031169
0.965	  0.07813859
0.975	  0.07599892
0.985	  0.073894136
0.995	  0.071825504
1.005	  0.069794126
1.015	  0.0678009
1.025	  0.0658466
1.035	  0.06393183
1.045	  0.062057078
1.055	  0.060222697
1.065	  0.058428925
1.075	  0.05667589
1.085	  0.054963633
1.095	  0.0532921
1.105	  0.05166115
1.115	  0.050070576
1.125	  0.048520096
1.135	  0.047009375
1.145	  0.045538016
1.155	  0.04410557
1.165	  0.042711556
1.175	  0.041355446
1.185	  0.04003667
1.195	  0.038754646
1.205	  0.037508752
1.215	  0.036298346
1.225	  0.035122767
1.235	  0.033981342
1.245	  0.03287338
1.255	  0.031798188
1.265	  0.03075505
1.275	  0.029743262
1.285	  0.028762106
1.295	  0.027810864
1.305	  0.026888823
1.315	  0.025995266
1.325	  0.02512948
1.335	  0.024290765
1.345	  0.023478413
1.355	  0.022691736
1.365	  0.021930045
1.375	  0.021192662
1.385	  0.020478921
1.395	  0.019788163
1.405	  0.019119741
1.415	  0.018473018
1.425	  0.01784737
1.435	  0.017242182
1.445	  0.016656855
1.455	  0.016090797
1.465	  0.015543436
1.475	  0.015014205
1.485	  0.014502555
1.495	  0.0140079465
1.505	  0.013529855
1.515	  0.013067767
1.525	  0.012621184
1.535	  0.012189617
1.545	  0.011772594
1.555	  0.011369651
1.565	  0.010980339
1.575	  0.0106042195
1.585	  0.010240869
1.595	  0.009889872
1.605	  0.009550827
1.615	  0.009223343
1.625	  0.008907042
1.635	  0.0086015565
1.645	  0.0083065275
1.655	  0.008021609
1.665	  0.0077464655
1.675	  0.00748077
1.685	  0.007224207
1.695	  0.0069764694
1.705	  0.0067372615
1.715	  0.006506295
1.725	  0.0062832916
1.735	  0.006067982
1.745	  0.005860104
1.755	  0.0056594056
1.765	  0.0054656416
1.775	  0.0052785757
1.785	  0.0050979783
1.795	  0.004923628
1.805	  0.0047553107
1.815	  0.0045928187
1.825	  0.004435952
1.835	  0.004284516
1.845	  0.0041383235
1.855	  0.0039971936
1.865	  0.0038609514
1.875	  0.0037294272
1.885	  0.0036024582
1.895	  0.0034798856
1.905	  0.0033615571
1.915	  0.0032473255
1.925	  0.0031370483
1.935	  0.0030305877
1.945	  0.0029278111
1.955	  0.0028285899
1.965	  0.0027328006
1.975	  0.002640323
1.985	  0.002551042
1.995	  0.002464846
2.005	  0.0023816274
2.015	  0.002301282
2.025	  0.0022237096
2.035	  0.0021488136
2.045	  0.0020764999
2.055	  0.0020066788
2.065	  0.001939263
2.075	  0.0018741684
2.085	  0.001811314
2.095	  0.0017506215
2.105	  0.0016920152
2.115	  0.0016354225
2.125	  0.0015807727
2.135	  0.0015279981
2.145	  0.0014770334
2.155	  0.001427815
2.165	  0.0013802821
2.175	  0.0013343759
2.185	  0.0012900397
2.195	  0.0012472187
2.205	  0.0012058599
2.215	  0.0011659125
2.225	  0.0011273272
2.235	  0.0010900566
2.245	  0.0010540549
2.255	  0.001019278
2.265	  9.856832E-4
2.275	  9.532294E-4
2.285	  9.218769E-4
2.295	  8.915875E-4
2.305	  8.623244E-4
2.315	  8.3405175E-4
2.325	  8.067353E-4
2.335	  7.803419E-4
2.345	  7.548396E-4
2.355	  7.301975E-4
2.365	  7.063859E-4
2.375	  6.83376E-4
2.385	  6.611401E-4
2.395	  6.396515E-4
2.405	  6.188844E-4
2.415	  5.9881393E-4
2.425	  5.7941605E-4
2.435	  5.6066766E-4
2.445	  5.4254633E-4
2.455	  5.2503054E-4
2.465	  5.0809945E-4
2.475	  4.91733E-4
2.485	  4.7591183E-4
2.495	  4.6061724E-4
2.505	  4.458312E-4
2.515	  4.3153623E-4
2.525	  4.1771564E-4
2.535	  4.0435317E-4
2.545	  3.9143316E-4
2.555	  3.7894055E-4
2.565	  3.6686074E-4
2.575	  3.551797E-4
2.585	  3.4388388E-4
2.595	  3.329601E-4
2.605	  3.2239582E-4
2.615	  3.1217877E-4
2.625	  3.022972E-4
2.635	  2.9273977E-4
2.645	  2.8349546E-4
2.655	  2.7455375E-4
2.665	  2.6590435E-4
2.675	  2.5753744E-4
2.685	  2.494435E-4
2.695	  2.4161328E-4
2.705	  2.3403796E-4
2.715	  2.2670894E-4
2.725	  2.1961797E-4
2.735	  2.1275705E-4
2.745	  2.0611846E-4
2.755	  1.9969478E-4
2.765	  1.934788E-4
2.775	  1.8746358E-4
2.785	  1.8164242E-4
2.795	  1.7600886E-4
2.805	  1.7055662E-4
2.815	  1.652797E-4
2.825	  1.6017223E-4
2.835	  1.5522863E-4
2.845	  1.5044342E-4
2.855	  1.4581135E-4
2.865	  1.4132739E-4
2.875	  1.3698661E-4
2.885	  1.3278428E-4
2.895	  1.2871582E-4
2.905	  1.2477684E-4
2.915	  1.20963065E-4
2.925	  1.1727037E-4
2.935	  1.1369478E-4
2.945	  1.10232446E-4
2.955	  1.0687966E-4
2.965	  1.03632825E-4
2.975	  1.00488476E-4
2.985	  9.744326E-5
2.995	  9.4493946E-5
3.005	  9.16374E-5
3.015	  8.88706E-5
3.025	  8.619063E-5
3.035	  8.3594656E-5
3.045	  8.1079954E-5
3.055	  7.864389E-5
3.065	  7.628392E-5
3.075	  7.3997566E-5
3.085	  7.178246E-5
3.095	  6.963629E-5
3.105	  6.755685E-5
3.115	  6.554197E-5
3.125	  6.358958E-5
3.135	  6.169767E-5
3.145	  5.98643E-5
3.155	  5.8087582E-5
3.165	  5.6365712E-5
3.175	  5.4696928E-5
3.185	  5.307953E-5
3.195	  5.1511885E-5
3.205	  4.9992395E-5
3.215	  4.8519534E-5
3.225	  4.7091813E-5
3.235	  4.5707802E-5
3.245	  4.4366105E-5
3.255	  4.306538E-5
3.265	  4.180434E-5
3.275	  4.0581715E-5
3.285	  3.93963E-5
3.295	  3.824691E-5
3.305	  3.713242E-5
3.315	  3.6051722E-5
3.325	  3.5003755E-5
3.335	  3.3987493E-5
3.345	  3.3001936E-5
3.355	  3.2046122E-5
3.365	  3.1119118E-5
3.375	  3.0220026E-5
3.385	  2.9347972E-5
3.395	  2.850211E-5
3.405	  2.7681624E-5
3.415	  2.6885726E-5
3.425	  2.6113647E-5
3.435	  2.536465E-5
3.445	  2.4638015E-5
3.455	  2.3933053E-5
3.465	  2.324909E-5
3.475	  2.2585475E-5
3.485	  2.1941582E-5
3.495	  2.1316799E-5
3.505	  2.071054E-5
3.515	  2.0122236E-5
3.525	  1.955133E-5
3.535	  1.8997289E-5
3.545	  1.8459597E-5
3.555	  1.7937751E-5
3.565	  1.7431268E-5
3.575	  1.6939675E-5
3.585	  1.6462522E-5
3.595	  1.5999363E-5
3.605	  1.5549775E-5
3.615	  1.5113343E-5
3.625	  1.4689667E-5
3.635	  1.4278361E-5
3.645	  1.3879049E-5
3.655	  1.3491368E-5
3.665	  1.31149645E-5
3.675	  1.27495E-5
3.685	  1.2394641E-5
3.695	  1.205007E-5
3.705	  1.1715476E-5
3.715	  1.1390559E-5
3.725	  1.1075029E-5
3.735	  1.0768602E-5
3.745	  1.0471007E-5
3.755	  1.0181979E-5
3.765	  9.9012605E-6
3.775	  9.628604E-6
3.785	  9.36377E-6
3.795	  9.106523E-6
3.805	  8.8566385E-6
3.815	  8.613897E-6
3.825	  8.378086E-6
3.835	  8.149001E-6
3.845	  7.92644E-6
3.855	  7.710212E-6
3.865	  7.50013E-6
3.875	  7.296011E-6
3.885	  7.0976794E-6
3.895	  6.9049647E-6
3.905	  6.7177016E-6
3.915	  6.53573E-6
3.925	  6.358893E-6
3.935	  6.1870423E-6
3.945	  6.0200296E-6
3.955	  5.8577143E-6
3.965	  5.6999593E-6
3.975	  5.5466303E-6
3.985	  5.397599E-6
3.995	  5.2527403E-6
4.005	  5.111932E-6



DATASET #3

     Name: BPT Fit
   Points: 401
     Info: Mean = 100.0, Aperiodicity = 0.5, Duration = 30.0, Delta T = 1.0, Num Points = 500, Historic Open Interval = 0.0
Computed mean = 0.723316

Data[x,y]:
0.0	  0.0
0.01	  0.0
0.02	  4.096E-42
0.03	  2.7364354E-27
0.04	  6.103515E-20
0.05	  1.4281279E-15
0.06	  1.0962813E-12
0.07	  1.2028571E-10
0.08	  3.930332E-9
0.09	  5.744218E-8
0.1	  4.790206E-7
0.11	  2.6602265E-6
0.12	  1.0903342E-5
0.13	  3.5408062E-5
0.14	  9.583176E-5
0.15	  2.2430958E-4
0.16	  4.6680664E-4
0.17	  8.821567E-4
0.18	  0.0015388185
0.19	  0.002509942
0.2	  0.0038676292
0.21	  0.005677282
0.22	  0.007992754
0.23	  0.01085276
0.24	  0.014278725
0.25	  0.018274046
0.26	  0.022824593
0.27	  0.027900156
0.28	  0.03345662
0.29	  0.03943852
0.3	  0.045781787
0.31	  0.052416466
0.32	  0.059269287
0.33	  0.06626599
0.34	  0.07333331
0.35	  0.080400646
0.36	  0.08740138
0.37	  0.09427393
0.38	  0.10096237
0.39	  0.10741697
0.4	  0.11359435
0.41	  0.119457565
0.42	  0.124975964
0.43	  0.13012496
0.44	  0.13488568
0.45	  0.13924466
0.46	  0.14319332
0.47	  0.14672755
0.48	  0.14984724
0.49	  0.15255582
0.5	  0.15485983
0.51	  0.15676841
0.52	  0.15829304
0.53	  0.15944698
0.54	  0.16024508
0.55	  0.16070335
0.56	  0.16083872
0.57	  0.16066879
0.58	  0.16021156
0.59	  0.15948524
0.6	  0.15850806
0.61	  0.1572982
0.62	  0.15587355
0.63	  0.15425164
0.64	  0.15244955
0.65	  0.15048385
0.66	  0.1483705
0.67	  0.14612488
0.68	  0.14376165
0.69	  0.14129479
0.7	  0.13873762
0.71	  0.13610266
0.72	  0.1334018
0.73	  0.13064617
0.74	  0.1278462
0.75	  0.12501167
0.76	  0.12215164
0.77	  0.11927457
0.78	  0.116388254
0.79	  0.113499895
0.8	  0.110616125
0.81	  0.10774301
0.82	  0.10488609
0.83	  0.102050416
0.84	  0.09924055
0.85	  0.0964606
0.86	  0.093714274
0.87	  0.091004856
0.88	  0.08833527
0.89	  0.08570808
0.9	  0.08312555
0.91	  0.08058959
0.92	  0.07810189
0.93	  0.07566381
0.94	  0.07327653
0.95	  0.07094094
0.96	  0.068657786
0.97	  0.06642757
0.98	  0.06425066
0.99	  0.062127233
1.0	  0.060057335
1.01	  0.058040872
1.02	  0.05607764
1.03	  0.054167315
1.04	  0.052309476
1.05	  0.050503623
1.06	  0.04874916
1.07	  0.04704544
1.08	  0.045391742
1.09	  0.043787293
1.1	  0.042231273
1.11	  0.040722825
1.12	  0.03926105
1.13	  0.03784503
1.14	  0.036473814
1.15	  0.035146434
1.16	  0.033861905
1.17	  0.032619238
1.18	  0.031417426
1.19	  0.030255467
1.2	  0.029132351
1.21	  0.028047072
1.22	  0.02699863
1.23	  0.025986023
1.24	  0.025008265
1.25	  0.024064375
1.26	  0.023153385
1.27	  0.022274338
1.28	  0.021426292
1.29	  0.020608317
1.3	  0.019819504
1.31	  0.019058952
1.32	  0.018325785
1.33	  0.01761914
1.34	  0.016938176
1.35	  0.016282065
1.36	  0.015650002
1.37	  0.0150411995
1.38	  0.014454889
1.39	  0.01389032
1.4	  0.013346764
1.41	  0.012823509
1.42	  0.012319863
1.43	  0.011835152
1.44	  0.011368724
1.45	  0.01091994
1.46	  0.010488184
1.47	  0.010072858
1.48	  0.009673378
1.49	  0.009289182
1.5	  0.0089197215
1.51	  0.008564467
1.52	  0.008222906
1.53	  0.007894541
1.54	  0.007578891
1.55	  0.00727549
1.56	  0.006983889
1.57	  0.0067036506
1.58	  0.006434355
1.59	  0.006175595
1.6	  0.005926977
1.61	  0.0056881215
1.62	  0.005458662
1.63	  0.005238244
1.64	  0.0050265254
1.65	  0.004823177
1.66	  0.0046278797
1.67	  0.004440327
1.68	  0.0042602224
1.69	  0.0040872805
1.7	  0.0039212257
1.71	  0.0037617933
1.72	  0.003608727
1.73	  0.0034617803
1.74	  0.0033207159
1.75	  0.0031853053
1.76	  0.003055328
1.77	  0.0029305723
1.78	  0.0028108333
1.79	  0.0026959148
1.8	  0.0025856276
1.81	  0.0024797895
1.82	  0.0023782253
1.83	  0.002280766
1.84	  0.0021872495
1.85	  0.00209752
1.86	  0.002011427
1.87	  0.0019288262
1.88	  0.0018495787
1.89	  0.0017735511
1.9	  0.0017006148
1.91	  0.0016306465
1.92	  0.0015635276
1.93	  0.001499144
1.94	  0.0014373859
1.95	  0.0013781482
1.96	  0.0013213296
1.97	  0.0012668327
1.98	  0.0012145641
1.99	  0.001164434
2.0	  0.0011163561
2.01	  0.0010702476
2.02	  0.0010260289
2.03	  9.836234E-4
2.04	  9.429579E-4
2.05	  9.0396166E-4
2.06	  8.6656713E-4
2.07	  8.307092E-4
2.08	  7.963254E-4
2.09	  7.6335587E-4
2.1	  7.31743E-4
2.11	  7.014316E-4
2.12	  6.723685E-4
2.13	  6.44503E-4
2.14	  6.1778596E-4
2.15	  5.921707E-4
2.16	  5.6761206E-4
2.17	  5.4406695E-4
2.18	  5.214937E-4
2.19	  4.9985276E-4
2.2	  4.791058E-4
2.21	  4.592162E-4
2.22	  4.4014875E-4
2.23	  4.2186977E-4
2.24	  4.043469E-4
2.25	  3.8754905E-4
2.26	  3.7144643E-4
2.27	  3.5601045E-4
2.28	  3.412137E-4
2.29	  3.2702985E-4
2.3	  3.1343367E-4
2.31	  3.0040098E-4
2.32	  2.879085E-4
2.33	  2.7593406E-4
2.34	  2.6445618E-4
2.35	  2.5345446E-4
2.36	  2.4290918E-4
2.37	  2.3280154E-4
2.38	  2.2311346E-4
2.39	  2.1382757E-4
2.4	  2.0492729E-4
2.41	  1.9639665E-4
2.42	  1.8822037E-4
2.43	  1.8038378E-4
2.44	  1.7287284E-4
2.45	  1.6567406E-4
2.46	  1.587745E-4
2.47	  1.521618E-4
2.48	  1.4582404E-4
2.49	  1.3974984E-4
2.5	  1.3392829E-4
2.51	  1.2834888E-4
2.52	  1.230016E-4
2.53	  1.1787681E-4
2.54	  1.12965274E-4
2.55	  1.08258144E-4
2.56	  1.03746934E-4
2.57	  9.9423516E-5
2.58	  9.528009E-5
2.59	  9.130917E-5
2.6	  8.7503606E-5
2.61	  8.385651E-5
2.62	  8.0361315E-5
2.63	  7.701169E-5
2.64	  7.3801595E-5
2.65	  7.0725226E-5
2.66	  6.7777015E-5
2.67	  6.4951644E-5
2.68	  6.224399E-5
2.69	  5.964917E-5
2.7	  5.716248E-5
2.71	  5.477942E-5
2.72	  5.249568E-5
2.73	  5.0307124E-5
2.74	  4.8209793E-5
2.75	  4.6199886E-5
2.76	  4.4273762E-5
2.77	  4.2427935E-5
2.78	  4.065906E-5
2.79	  3.8963928E-5
2.8	  3.733947E-5
2.81	  3.5782745E-5
2.82	  3.4290926E-5
2.83	  3.286131E-5
2.84	  3.149131E-5
2.85	  3.0178431E-5
2.86	  2.8920302E-5
2.87	  2.7714637E-5
2.88	  2.655925E-5
2.89	  2.5452046E-5
2.9	  2.4391014E-5
2.91	  2.3374232E-5
2.92	  2.2399854E-5
2.93	  2.146611E-5
2.94	  2.057131E-5
2.95	  1.9713825E-5
2.96	  1.8892102E-5
2.97	  1.8104649E-5
2.98	  1.7350038E-5
2.99	  1.6626896E-5
3.0	  1.5933914E-5
3.01	  1.5269834E-5
3.02	  1.4633449E-5
3.03	  1.40236025E-5
3.04	  1.343919E-5
3.05	  1.287915E-5
3.06	  1.2342465E-5
3.07	  1.1828161E-5
3.08	  1.1335305E-5
3.09	  1.0863003E-5
3.1	  1.0410396E-5
3.11	  9.976661E-6
3.12	  9.561015E-6
3.13	  9.162699E-6
3.14	  8.780993E-6
3.15	  8.4152025E-6
3.16	  8.064664E-6
3.17	  7.728741E-6
3.18	  7.4068244E-6
3.19	  7.098329E-6
3.2	  6.8026957E-6
3.21	  6.519387E-6
3.22	  6.24789E-6
3.23	  5.98771E-6
3.24	  5.7383772E-6
3.25	  5.499437E-6
3.26	  5.270457E-6
3.27	  5.051022E-6
3.28	  4.840733E-6
3.29	  4.639209E-6
3.3	  4.4460835E-6
3.31	  4.2610072E-6
3.32	  4.083644E-6
3.33	  3.9136717E-6
3.34	  3.7507828E-6
3.35	  3.5946814E-6
3.36	  3.4450845E-6
3.37	  3.3017209E-6
3.38	  3.1643303E-6
3.39	  3.032664E-6
3.4	  2.906483E-6
3.41	  2.7855585E-6
3.42	  2.6696714E-6
3.43	  2.5586119E-6
3.44	  2.4521783E-6
3.45	  2.3501777E-6
3.46	  2.2524255E-6
3.47	  2.1587443E-6
3.48	  2.0689647E-6
3.49	  1.982924E-6
3.5	  1.9004659E-6
3.51	  1.8214414E-6
3.52	  1.7457073E-6
3.53	  1.6731263E-6
3.54	  1.6035673E-6
3.55	  1.5369039E-6
3.56	  1.4730157E-6
3.57	  1.4117869E-6
3.58	  1.3531068E-6
3.59	  1.296869E-6
3.6	  1.2429717E-6
3.61	  1.1913177E-6
3.62	  1.1418132E-6
3.63	  1.0943687E-6
3.64	  1.0488984E-6
3.65	  1.0053201E-6
3.66	  9.635548E-7
3.67	  9.235272E-7
3.68	  8.851647E-7
3.69	  8.483981E-7
3.7	  8.1316085E-7
3.71	  7.7938927E-7
3.72	  7.470222E-7
3.73	  7.1600135E-7
3.74	  6.8627054E-7
3.75	  6.5777607E-7
3.76	  6.304664E-7
3.77	  6.0429227E-7
3.78	  5.792064E-7
3.79	  5.551634E-7
3.8	  5.3211994E-7
3.81	  5.100344E-7
3.82	  4.888668E-7
3.83	  4.685791E-7
3.84	  4.4913452E-7
3.85	  4.3049806E-7
3.86	  4.1263607E-7
3.87	  3.955163E-7
3.88	  3.791079E-7
3.89	  3.633812E-7
3.9	  3.483079E-7
3.91	  3.3386078E-7
3.92	  3.2001384E-7
3.93	  3.0674204E-7
3.94	  2.940215E-7
3.95	  2.8182927E-7
3.96	  2.701434E-7
3.97	  2.589428E-7
3.98	  2.4820733E-7
3.99	  2.3791759E-7
4.0	  2.2805509E-7


