
X-Axis: 1.0s SA (g)
Y-Axis: Annual Probabilitiy
Number of Data Sets: 6


DATASET #1

Name: UCERF3 Full
Num Points: 51
Info: 

X, Y Data:
1.0E-4	0.81096333
1.3E-4	0.8099265
1.6E-4	0.80839306
2.0E-4	0.8056163
2.5E-4	0.8011157
3.2E-4	0.7932869
4.0E-4	0.7827613
5.0E-4	0.7680765
6.3E-4	0.7475931
7.9E-4	0.7215795
0.001	0.6876919
0.00126	0.6476549
0.00158	0.6023723
0.002	0.54991513
0.00251	0.49583268
0.00316	0.4393743
0.00398	0.38317963
0.00501	0.32933134
0.00631	0.27906498
0.00794	0.23372027
0.01	0.19349977
0.01259	0.15877652
0.01585	0.12928434
0.01995	0.10458388
0.02512	0.0840241
0.03162	0.06703247
0.03981	0.05297352
0.05012	0.041364912
0.0631	0.031818796
0.07943	0.024051536
0.1	0.017827895
0.12589	0.012952758
0.15849	0.009222883
0.19953	0.006434676
0.25119	0.004391189
0.31623	0.0029184583
0.39811	0.0018761051
0.50119	0.00115629
0.63096	6.7677465E-4
0.79433	3.727592E-4
1.0	1.916625E-4
1.25893	9.138416E-5
1.58489	4.0191404E-5
1.99526	1.6235905E-5
2.51189	6.0047632E-6
3.16228	2.0283521E-6
3.98107	6.24719E-7
5.01187	1.7527655E-7
6.30957	4.4796003E-8
7.94328	1.0438045E-8
10.0	2.2218414E-9



DATASET #2

Name: UCERF3
Num Points: 401
Info: 

X, Y Data:
1.0E-4	0.055131685
1.0333392E-4	0.055131685
1.06779E-4	0.055131685
1.1033893E-4	0.055131685
1.14017545E-4	0.055131685
1.178188E-4	0.055131685
1.2174679E-4	0.055131685
1.2580573E-4	0.055131685
1.3E-4	0.055131685
1.334183E-4	0.055131685
1.369265E-4	0.055131685
1.4052694E-4	0.055131685
1.4422205E-4	0.055131685
1.4801433E-4	0.055131685
1.5190631E-4	0.055131685
1.5590065E-4	0.055131685
1.6E-4	0.055131685
1.645257E-4	0.055131685
1.691794E-4	0.055131685
1.7396474E-4	0.055131685
1.7888544E-4	0.055131685
1.8394532E-4	0.055131685
1.8914833E-4	0.055131685
1.944985E-4	0.055131685
2.0E-4	0.055131685
2.0565712E-4	0.055131685
2.1147425E-4	0.055131685
2.1745593E-4	0.055131685
2.236068E-4	0.055131685
2.2993165E-4	0.055131685
2.364354E-4	0.055131685
2.4312311E-4	0.055131685
2.5E-4	0.05513168
2.5783465E-4	0.05513168
2.659148E-4	0.05513168
2.742482E-4	0.05513168
2.8284272E-4	0.05513168
2.917066E-4	0.05513168
3.0084825E-4	0.055131678
3.102764E-4	0.055131678
3.2E-4	0.055131678
3.290514E-4	0.055131674
3.383588E-4	0.055131674
3.4792948E-4	0.05513167
3.5777088E-4	0.055131666
3.6789064E-4	0.055131663
3.7829665E-4	0.05513166
3.88997E-4	0.055131655
4.0E-4	0.055131648
4.1131425E-4	0.055131644
4.229485E-4	0.055131637
4.3491187E-4	0.055131625
4.472136E-4	0.055131614
4.598633E-4	0.055131603
4.728708E-4	0.055131588
4.8624622E-4	0.05513157
5.0E-4	0.05513155
5.1465514E-4	0.055131525
5.2973983E-4	0.0551315
5.4526667E-4	0.055131465
5.612486E-4	0.055131424
5.77699E-4	0.055131376
5.946315E-4	0.055131324
6.120603E-4	0.05513126
6.3E-4	0.055131186
6.4807665E-4	0.055131104
6.6667196E-4	0.055131007
6.858008E-4	0.055130895
7.0547854E-4	0.055130765
7.257209E-4	0.055130616
7.465441E-4	0.05513044
7.6796475E-4	0.055130243
7.9E-4	0.055130016
8.136239E-4	0.05512974
8.379543E-4	0.055129424
8.630122E-4	0.055129062
8.8881946E-4	0.055128645
9.153984E-4	0.055128165
9.427722E-4	0.055127613
9.7096455E-4	0.055126984
0.001	0.05512626
0.0010293103	0.055125456
0.0010594797	0.05512454
0.0010905333	0.055123497
0.0011224973	0.055122316
0.001155398	0.05512098
0.001189263	0.055119466
0.0012241206	0.05511776
0.00126	0.055115834
0.0012961533	0.05511371
0.0013333439	0.05511133
0.0013716016	0.055108663
0.0014109571	0.055105675
0.0014514418	0.055102337
0.0014930882	0.055098616
0.0015359295	0.055094466
0.00158	0.055089846
0.0016272478	0.055084486
0.0016759086	0.055078506
0.0017260244	0.055071857
0.0017776389	0.055064462
0.0018307968	0.05505625
0.0018855444	0.055047154
0.0019419291	0.055037085
0.002	0.055025958
0.0020575977	0.055014145
0.002116854	0.055001173
0.002177817	0.05498695
0.0022405356	0.054971375
0.0023050604	0.054954335
0.0023714434	0.054935727
0.0024397383	0.054915432
0.00251	0.05489332
0.0025833033	0.054868918
0.0026587474	0.054842383
0.0027363948	0.054813556
0.0028163097	0.054782294
0.0028985585	0.054748427
0.0029832094	0.054711796
0.0030703326	0.054672226
0.00316	0.05462954
0.0032524571	0.054583464
0.0033476194	0.054533884
0.003445566	0.054480612
0.0035463783	0.054423444
0.0036501405	0.054362178
0.0037569385	0.054296605
0.003866861	0.05422652
0.00398	0.05415171
0.004096165	0.05407216
0.0042157196	0.05398748
0.0043387646	0.05389746
0.0044654002	0.053801883
0.0045957323	0.053700536
0.0047298684	0.05359321
0.0048679197	0.053479698
0.00501	0.05335979
0.005156579	0.05323298
0.0053074467	0.05309934
0.005462728	0.052958686
0.0056225527	0.05281083
0.0057870536	0.052655585
0.005956367	0.052492786
0.0061306343	0.05232227
0.00631	0.052143883
0.006493865	0.05195824
0.0066830874	0.051764518
0.0068778237	0.051562592
0.007078234	0.051352356
0.0072844843	0.051133715
0.0074967444	0.05090658
0.00771519	0.050670885
0.00794	0.05042657
0.008172275	0.050172586
0.008411343	0.049909838
0.008657407	0.049638312
0.008910668	0.049358
0.009171338	0.049068913
0.009439633	0.048771076
0.009715778	0.048464525
0.01	0.048149318
0.010292081	0.047826014
0.010592694	0.047494218
0.010902087	0.047154013
0.011220517	0.046805505
0.011548247	0.046448804
0.011885551	0.04608403
0.012232705	0.045711324
0.01259	0.04533082
0.012957647	0.044942755
0.013336032	0.04454721
0.013725464	0.044144355
0.01412627	0.043734357
0.014538779	0.0433174
0.014963334	0.04289367
0.015400288	0.04246336
0.01585	0.042026658
0.016312422	0.04158417
0.016788337	0.041135713
0.017278135	0.040681485
0.017782224	0.040221695
0.01830102	0.03975655
0.01883495	0.039286267
0.019384459	0.038811054
0.01995	0.038331125
0.020533005	0.037845895
0.021133045	0.03735636
0.021750621	0.03686274
0.022386245	0.03636524
0.023040446	0.03586409
0.023713762	0.035359487
0.024406755	0.034851663
0.02512	0.03434082
0.025853088	0.03382788
0.02660757	0.03331236
0.027384069	0.032794487
0.02818323	0.03227447
0.029005712	0.03175253
0.029852198	0.031228889
0.030723387	0.030703763
0.03162	0.030177375
0.032543603	0.029649485
0.033494186	0.029120784
0.034472536	0.028591499
0.03547946	0.028061861
0.0365158	0.027532104
0.03758241	0.027002467
0.03868017	0.026473187
0.03981	0.025944507
0.040972695	0.02541673
0.042169347	0.024890047
0.04340095	0.024364704
0.044668525	0.023840956
0.04597312	0.023319058
0.047315817	0.022799265
0.04869773	0.022281837
0.05012	0.021767031
0.0515838	0.021255117
0.053090356	0.020746347
0.05464091	0.020240985
0.05623675	0.01973929
0.0578792	0.019241525
0.059569612	0.018747946
0.0613094	0.018258808
0.0631	0.017774364
0.06494172	0.017295167
0.066837184	0.01682115
0.06878798	0.016352553
0.070795715	0.01588961
0.072862044	0.015432549
0.074988686	0.014981589
0.077177405	0.014536941
0.07943	0.014098812
0.08174976	0.013667135
0.08413727	0.013242361
0.08659451	0.012824667
0.08912351	0.012414216
0.09172637	0.01201116
0.09440525	0.0116156405
0.097162366	0.011227786
0.1	0.010847712
0.102919795	0.010475612
0.10592484	0.010111483
0.109017625	0.009755402
0.112200715	0.009407433
0.11547674	0.009067627
0.11884842	0.008736019
0.12231855	0.008412636
0.12589	0.008097488
0.12956645	0.0077905143
0.13335027	0.007491762
0.13724458	0.0072012045
0.14125264	0.006918803
0.14537773	0.0066445065
0.14962329	0.0063782544
0.15399285	0.006119974
0.15849	0.0058695828
0.16311829	0.0056269993
0.16788174	0.0053921114
0.17278428	0.0051648095
0.17783	0.0049449774
0.18302307	0.0047324896
0.18836778	0.0045272163
0.19386858	0.00432902
0.19953	0.004137759
0.20535603	0.0039533093
0.21135218	0.003775496
0.21752341	0.003604166
0.22387484	0.0034391626
0.23041171	0.0032803277
0.23713945	0.0031275004
0.24406363	0.0029805205
0.25119	0.002839226
0.25852492	0.0027034471
0.26607406	0.0025730317
0.27384362	0.00244782
0.28184006	0.002327653
0.29007	0.002212374
0.29854023	0.0021018274
0.30725783	0.0019958606
0.31623	0.0018943234
0.32546407	0.0017970687
0.33496782	0.0017039516
0.34474903	0.0016148307
0.3548159	0.001529568
0.3651767	0.0014480287
0.37584007	0.0013700818
0.3868148	0.0012955995
0.39811	0.0012244578
0.40973493	0.0011565365
0.42169935	0.0010917183
0.4340131	0.0010298894
0.44668642	9.709399E-4
0.4597298	9.14763E-4
0.47315407	8.6125545E-4
0.4869703	8.1031705E-4
0.50119	7.6185085E-4
0.5158249	7.1576284E-4
0.5308872	6.7196204E-4
0.5463893	6.3036033E-4
0.5623441	5.9087225E-4
0.57876474	5.534151E-4
0.59566486	5.179085E-4
0.61305845	4.8427467E-4
0.63096	4.5243817E-4
0.6493842	4.2232577E-4
0.6683464	3.9386633E-4
0.6878623	3.669908E-4
0.7079481	3.4163226E-4
0.72862035	3.1772556E-4
0.7498962	2.9520757E-4
0.7717934	2.740169E-4
0.79433	2.54094E-4
0.8175246	2.3538095E-4
0.8413966	2.1782161E-4
0.86596555	2.0136141E-4
0.8912519	1.859475E-4
0.9172767	1.7152856E-4
0.9440614	1.5805487E-4
0.97162825	1.4547832E-4
1.0	1.3375227E-4
1.029201	1.2283142E-4
1.0592546	1.1267253E-4
1.090186	1.03233586E-4
1.1220205	9.447406E-5
1.1547846	8.6354936E-5
1.1885055	7.883867E-5
1.223211	7.18892E-5
1.25893	6.547192E-5
1.2956905	5.9553895E-5
1.3335243	5.410314E-5
1.3724631	4.9089347E-5
1.4125386	4.448359E-5
1.4537846	4.0258336E-5
1.4962348	3.638738E-5
1.5399245	3.2845855E-5
1.58489	2.9610184E-5
1.6311698	2.6657974E-5
1.678801	2.3968236E-5
1.727823	2.1521088E-5
1.7782766	1.9297806E-5
1.8302034	1.72808E-5
1.8836465	1.545356E-5
1.9386501	1.38006235E-5
1.99526	1.23075415E-5
2.0535233	1.0960815E-5
2.113488	9.747896E-6
2.1752036	8.657101E-6
2.2387214	7.6775905E-6
2.304094	6.7993237E-6
2.3713756	6.013014E-6
2.4406219	5.310092E-6
2.51189	4.6826626E-6
2.5852382	4.123474E-6
2.6607285	3.6258539E-6
2.7384229	3.1836987E-6
2.818386	2.7914275E-6
2.900684	2.4439457E-6
2.9853854	2.136613E-6
3.0725598	1.8652091E-6
3.16228	1.6259047E-6
3.2546198	1.4152304E-6
3.3496559	1.2300483E-6
3.447467	1.0675271E-6
3.5481343	9.251159E-7
3.6517413	8.005211E-7
3.7583735	6.916842E-7
3.8681195	5.967609E-7
3.98107	5.1410234E-7
4.097319	4.4223637E-7
4.2169633	3.7985214E-7
4.340101	3.257839E-7
4.466834	2.7899665E-7
4.5972676	2.385737E-7
4.7315106	2.0370422E-7
4.869673	1.7367253E-7
5.01187	1.4784818E-7
5.1582193	1.2567665E-7
5.3088417	1.06671294E-7
5.463863	9.040551E-8
5.62341	7.650628E-8
5.7876167	6.4647914E-8
5.9566183	5.4546604E-8
6.1305547	4.595553E-8
6.30957	3.8660353E-8
6.493813	3.2475246E-8
6.683436	2.7239498E-8
6.878596	2.2814278E-8
7.079455	1.9079934E-8
7.286179	1.5933496E-8
7.4989395	1.3286517E-8
7.7179127	1.1063144E-8
7.94328	9.198446E-9
8.175228	7.636971E-9
8.41395	6.3314105E-9
8.659641	5.2415032E-9
8.912508	4.3330033E-9
9.172758	3.576862E-9
9.440608	2.9484695E-9
9.716279	2.4270501E-9
10.0	1.9950241E-9



DATASET #3

Name: RSQSim
Num Points: 401
Info: 

X, Y Data:
1.0E-4	0.06770662
1.0333392E-4	0.06770662
1.06779E-4	0.06770662
1.1033893E-4	0.06770662
1.14017545E-4	0.06770662
1.178188E-4	0.06770662
1.2174679E-4	0.06770662
1.2580573E-4	0.06770662
1.3E-4	0.06770662
1.334183E-4	0.06770662
1.369265E-4	0.06770662
1.4052694E-4	0.06770662
1.4422205E-4	0.06770662
1.4801433E-4	0.06770662
1.5190631E-4	0.06770662
1.5590065E-4	0.06770662
1.6E-4	0.06770662
1.645257E-4	0.06770662
1.691794E-4	0.06770662
1.7396474E-4	0.06770662
1.7888544E-4	0.06770662
1.8394532E-4	0.06770662
1.8914833E-4	0.06770662
1.944985E-4	0.06770662
2.0E-4	0.06770662
2.0565712E-4	0.06770662
2.1147425E-4	0.06770662
2.1745593E-4	0.06770662
2.236068E-4	0.06770662
2.2993165E-4	0.06770662
2.364354E-4	0.06770662
2.4312311E-4	0.06770662
2.5E-4	0.06770662
2.5783465E-4	0.06770662
2.659148E-4	0.06770662
2.742482E-4	0.06770662
2.8284272E-4	0.06770662
2.917066E-4	0.06770662
3.0084825E-4	0.06770662
3.102764E-4	0.067706615
3.2E-4	0.067706615
3.290514E-4	0.067706615
3.383588E-4	0.067706615
3.4792948E-4	0.06770661
3.5777088E-4	0.06770661
3.6789064E-4	0.06770661
3.7829665E-4	0.0677066
3.88997E-4	0.06770659
4.0E-4	0.06770659
4.1131425E-4	0.067706585
4.229485E-4	0.06770658
4.3491187E-4	0.06770657
4.472136E-4	0.067706555
4.598633E-4	0.06770654
4.728708E-4	0.06770653
4.8624622E-4	0.06770651
5.0E-4	0.067706496
5.1465514E-4	0.067706466
5.2973983E-4	0.067706436
5.4526667E-4	0.067706406
5.612486E-4	0.06770637
5.77699E-4	0.06770632
5.946315E-4	0.067706265
6.120603E-4	0.067706205
6.3E-4	0.06770613
6.4807665E-4	0.06770605
6.6667196E-4	0.06770595
6.858008E-4	0.06770583
7.0547854E-4	0.067705706
7.257209E-4	0.06770556
7.465441E-4	0.067705385
7.6796475E-4	0.067705184
7.9E-4	0.06770495
8.136239E-4	0.06770468
8.379543E-4	0.06770436
8.630122E-4	0.06770399
8.8881946E-4	0.06770357
9.153984E-4	0.06770308
9.427722E-4	0.067702524
9.7096455E-4	0.06770188
0.001	0.06770115
0.0010293103	0.067700334
0.0010594797	0.0676994
0.0010905333	0.06769834
0.0011224973	0.06769714
0.001155398	0.06769577
0.001189263	0.06769422
0.0012241206	0.067692466
0.00126	0.067690484
0.0012961533	0.0676883
0.0013333439	0.06768585
0.0013716016	0.06768309
0.0014109571	0.06768
0.0014514418	0.06767654
0.0014930882	0.06767267
0.0015359295	0.06766834
0.00158	0.06766352
0.0016272478	0.06765791
0.0016759086	0.06765164
0.0017260244	0.06764464
0.0017776389	0.06763684
0.0018307968	0.06762815
0.0018855444	0.067618504
0.0019419291	0.06760778
0.002	0.06759591
0.0020575977	0.067583255
0.002116854	0.06756932
0.002177817	0.06755399
0.0022405356	0.067537144
0.0023050604	0.06751865
0.0023714434	0.067498386
0.0024397383	0.067476206
0.00251	0.06745195
0.0025833033	0.06742507
0.0026587474	0.067395724
0.0027363948	0.067363724
0.0028163097	0.06732886
0.0028985585	0.06729095
0.0029832094	0.06724975
0.0030703326	0.06720506
0.00316	0.06715661
0.0032524571	0.06710409
0.0033476194	0.0670473
0.003445566	0.06698598
0.0035463783	0.06691985
0.0036501405	0.06684863
0.0037569385	0.066772014
0.003866861	0.06668969
0.00398	0.066601366
0.004096165	0.06650694
0.0042157196	0.06640587
0.0043387646	0.06629784
0.0044654002	0.0661825
0.0045957323	0.066059515
0.0047298684	0.06592852
0.0048679197	0.06578918
0.00501	0.06564113
0.005156579	0.06548363
0.0053074467	0.06531667
0.005462728	0.06513989
0.0056225527	0.064952925
0.0057870536	0.06475543
0.005956367	0.06454706
0.0061306343	0.06432748
0.00631	0.06409634
0.006493865	0.06385432
0.0066830874	0.06360022
0.0068778237	0.06333372
0.007078234	0.06305455
0.0072844843	0.06276243
0.0074967444	0.06245711
0.00771519	0.062138353
0.00794	0.061805934
0.008172275	0.06145828
0.008411343	0.06109648
0.008657407	0.060720373
0.008910668	0.060329825
0.009171338	0.059924725
0.009439633	0.059504993
0.009715778	0.059070572
0.01	0.058621433
0.010292081	0.058158297
0.010592694	0.057680514
0.010902087	0.057188142
0.011220517	0.05668127
0.011548247	0.056160018
0.011885551	0.055624526
0.012232705	0.055074982
0.01259	0.054511588
0.012957647	0.053934716
0.013336032	0.053344507
0.013725464	0.052741267
0.01412627	0.052125312
0.014538779	0.05149701
0.014963334	0.05085673
0.015400288	0.05020489
0.01585	0.049541924
0.016312422	0.0488689
0.016788337	0.048185706
0.017278135	0.047492847
0.017782224	0.046790846
0.01830102	0.046080247
0.01883495	0.045361612
0.019384459	0.044635512
0.01995	0.043902542
0.020533005	0.043162096
0.021133045	0.04241598
0.021750621	0.041664824
0.022386245	0.04090926
0.023040446	0.040149935
0.023713762	0.03938749
0.024406755	0.03862258
0.02512	0.03785585
0.025853088	0.03708898
0.02660757	0.036321584
0.027384069	0.035554305
0.02818323	0.034787778
0.029005712	0.03402262
0.029852198	0.033259463
0.030723387	0.032498904
0.03162	0.031741537
0.032543603	0.030987293
0.033494186	0.030237405
0.034472536	0.02949243
0.03547946	0.028752906
0.0365158	0.02801936
0.03758241	0.027292289
0.03868017	0.026572183
0.03981	0.025859507
0.040972695	0.025154782
0.042169347	0.024458354
0.04340095	0.023770627
0.044668525	0.023091976
0.04597312	0.022422763
0.047315817	0.021763323
0.04869773	0.021113971
0.05012	0.020474996
0.0515838	0.019846672
0.053090356	0.019229239
0.05464091	0.01862292
0.05623675	0.018027915
0.0578792	0.017444404
0.059569612	0.016872542
0.0613094	0.016312465
0.0631	0.015764287
0.06494172	0.015228434
0.066837184	0.014704629
0.06878798	0.014192926
0.070795715	0.013693358
0.072862044	0.01320594
0.074988686	0.012730669
0.077177405	0.012267526
0.07943	0.011816474
0.08174976	0.011377197
0.08413727	0.010949904
0.08659451	0.010534512
0.08912351	0.010130922
0.09172637	0.009739027
0.09440525	0.009358702
0.097162366	0.008989815
0.1	0.0086322175
0.102919795	0.008285838
0.10592484	0.007950424
0.109017625	0.007625802
0.112200715	0.0073117893
0.11547674	0.007008197
0.11884842	0.006714829
0.12231855	0.0064314837
0.12589	0.006157954
0.12956645	0.0058939783
0.13335027	0.0056393947
0.13724458	0.005393984
0.14125264	0.0051575243
0.14537773	0.004929791
0.14962329	0.00471056
0.15399285	0.0044996045
0.15849	0.0042966963
0.16311829	0.0041016177
0.16788174	0.003914133
0.17278428	0.0037340173
0.17783	0.0035610462
0.18302307	0.0033949974
0.18836778	0.0032356516
0.19386858	0.003082791
0.19953	0.0029362016
0.20535603	0.0027956888
0.21135218	0.002661027
0.21752341	0.0025320128
0.22387484	0.002408446
0.23041171	0.002290132
0.23713945	0.0021768794
0.24406363	0.0020685021
0.25119	0.0019648185
0.25852492	0.0018656453
0.26607406	0.0017708179
0.27384362	0.0016801696
0.28184006	0.0015935386
0.29007	0.0015107682
0.29854023	0.0014317068
0.30725783	0.0013562079
0.31623	0.00128413
0.32546407	0.0012153372
0.33496782	0.0011496972
0.34474903	0.0010870834
0.3548159	0.0010273734
0.3651767	9.7044994E-4
0.37584007	9.1620017E-4
0.3868148	8.645153E-4
0.39811	8.152912E-4
0.40973493	7.684278E-4
0.42169935	7.238285E-4
0.4340131	6.814007E-4
0.44668642	6.410557E-4
0.4597298	6.02708E-4
0.47315407	5.662756E-4
0.4869703	5.316798E-4
0.50119	4.988446E-4
0.5158249	4.6769716E-4
0.5308872	4.3816736E-4
0.5463893	4.1018767E-4
0.5623441	3.8369308E-4
0.57876474	3.5862086E-4
0.59566486	3.3491058E-4
0.61305845	3.1250395E-4
0.63096	2.9134465E-4
0.6493842	2.7137843E-4
0.6683464	2.525527E-4
0.6878623	2.3481675E-4
0.7079481	2.1812144E-4
0.72862035	2.0241935E-4
0.7498962	1.876646E-4
0.7717934	1.7381275E-4
0.79433	1.6082087E-4
0.8175246	1.4864739E-4
0.8413966	1.3725214E-4
0.86596555	1.2659622E-4
0.8912519	1.166421E-4
0.9172767	1.07353466E-4
0.9440614	9.869528E-5
0.97162825	9.063372E-5
1.0	8.31362E-5
1.029201	7.6171105E-5
1.0592546	6.97084E-5
1.090186	6.3719E-5
1.1220205	5.817497E-5
1.1547846	5.3049494E-5
1.1885055	4.831688E-5
1.223211	4.3952532E-5
1.25893	3.9932936E-5
1.2956905	3.62358E-5
1.3335243	3.2839558E-5
1.3724631	2.9723846E-5
1.4125386	2.686931E-5
1.4537846	2.4257586E-5
1.4962348	2.187127E-5
1.5399245	1.9693904E-5
1.58489	1.7709941E-5
1.6311698	1.5904674E-5
1.678801	1.4264367E-5
1.727823	1.2776054E-5
1.7782766	1.1427576E-5
1.8302034	1.0207546E-5
1.8836465	9.1053225E-6
1.9386501	8.110973E-6
1.99526	7.215248E-6
2.0535233	6.4095434E-6
2.113488	5.6858853E-6
2.1752036	5.0368803E-6
2.2387214	4.4556928E-6
2.304094	3.9360125E-6
2.3713756	3.4720263E-6
2.4406219	3.0583885E-6
2.51189	2.6901923E-6
2.5852382	2.362946E-6
2.6607285	2.0725324E-6
2.7384229	1.8151986E-6
2.818386	1.5875248E-6
2.900684	1.3864009E-6
2.9853854	1.2090034E-6
3.0725598	1.0527739E-6
3.16228	9.1539886E-7
3.2546198	7.947894E-7
3.3496559	6.890631E-7
3.447467	5.9652695E-7
3.5481343	5.1566104E-7
3.6517413	4.451034E-7
3.7583735	3.8363572E-7
3.8681195	3.3017037E-7
3.98107	2.8373796E-7
4.097319	2.4347608E-7
4.2169633	2.0861938E-7
4.340101	1.7848932E-7
4.466834	1.524856E-7
4.5972676	1.3007818E-7
4.7315106	1.10799824E-7
4.869673	9.423948E-8
5.01187	8.003615E-8
5.1582193	6.787335E-8
5.3088417	5.7474175E-8
5.463863	4.8596736E-8
5.62341	4.1030145E-8
5.7876167	3.459086E-8
5.9566183	2.9119448E-8
6.1305547	2.4477625E-8
6.30957	2.0545704E-8
6.493813	1.7220248E-8
6.683436	1.4412064E-8
6.878596	1.2044331E-8
7.079455	1.005103E-8
7.286179	8.375515E-9
7.4989395	6.9692803E-9
7.7179127	5.790832E-9
7.94328	4.8047823E-9
8.175228	3.980959E-9
8.41395	3.2937137E-9
8.659641	2.7212668E-9
8.912508	2.245148E-9
9.172758	1.8497381E-9
9.440608	1.521843E-9
9.716279	1.2503378E-9
10.0	1.0258564E-9



DATASET #4

Name: 1000yr
Num Points: 2
Info: 

X, Y Data:
0.001	0.001
10.0	0.001



DATASET #5

Name: 2500yr
Num Points: 2
Info: 

X, Y Data:
0.001	4.0E-4
10.0	4.0E-4



DATASET #6

Name: 10000yr
Num Points: 2
Info: 

X, Y Data:
0.001	1.0E-4
10.0	1.0E-4


