
X-Axis: Normalized Interevent Time
Y-Axis: Probability
Number of Data Sets: 3


DATASET #1

     Name: Bruce 2337 Histogram
   Points: 41
     Info: 

Data[x,y]:
0.05	  0.0029175526
0.15	  0.00370843
0.25	  0.0053315493
0.35	  0.00792537
0.45	  0.01196199
0.55	  0.020141492
0.65	  0.036265433
0.75	  0.06539142
0.85	  0.13078606
0.95	  0.24434794
1.05	  0.25482428
1.15	  0.10226989
1.25	  0.033528697
1.35	  0.020041423
1.45	  0.015482671
1.55	  0.012280521
1.65	  0.009720882
1.75	  0.00670673
1.85	  0.0043838834
1.95	  0.002887582
2.05	  0.002148472
2.15	  0.0014390849
2.25	  0.0011198111
2.35	  8.2060037E-4
2.45	  7.817129E-4
2.55	  5.934677E-4
2.65	  3.834257E-4
2.75	  3.3314442E-4
2.85	  3.2075986E-4
2.95	  2.4174644E-4
3.05	  1.7338371E-4
3.15	  1.2780857E-4
3.25	  9.6104115E-5
3.35	  7.777498E-5
3.45	  7.802267E-5
3.55	  6.1427374E-5
3.65	  6.36566E-5
3.75	  5.325357E-5
3.85	  2.9475232E-5
3.95	  2.1301428E-5
4.05	  1.3177162E-4



DATASET #2

     Name: Log-Normal Fit
   Points: 401
     Info: 

Data[x,y]:
0.005	  0.0
0.015	  9.78E-43
0.025	  1.5666908E-34
0.035	  3.0082704E-29
0.045	  1.85845E-25
0.055	  1.4691783E-22
0.065	  2.9963878E-20
0.075	  2.35503E-18
0.085	  9.157582E-17
0.095	  2.079257E-15
0.105	  3.0934748E-14
0.115	  3.277628E-13
0.125	  2.6312034E-12
0.135	  1.6777982E-11
0.145	  8.815881E-11
0.155	  3.9296286E-10
0.165	  1.5210015E-9
0.175	  5.210057E-9
0.185	  1.60425E-8
0.195	  4.498383E-8
0.205	  1.1612506E-7
0.215	  2.7853667E-7
0.225	  6.2565823E-7
0.235	  1.3250074E-6
0.245	  2.6610614E-6
0.255	  5.0938293E-6
0.265	  9.3348235E-6
0.275	  1.6440876E-5
0.285	  2.7924583E-5
0.295	  4.5878307E-5
0.305	  7.310669E-5
0.315	  1.13261005E-4
0.325	  1.7096715E-4
0.335	  2.5193853E-4
0.345	  3.6306455E-4
0.355	  5.124666E-4
0.365	  7.0951355E-4
0.375	  9.64792E-4
0.385	  0.0012900268
0.395	  0.0016979525
0.405	  0.0022021346
0.415	  0.0028167483
0.425	  0.0035563158
0.435	  0.0044354163
0.445	  0.005468371
0.455	  0.0066689183
0.465	  0.008049891
0.475	  0.009622895
0.485	  0.011398015
0.495	  0.013383543
0.505	  0.015585746
0.515	  0.018008666
0.525	  0.020653984
0.535	  0.0235209
0.545	  0.026606105
0.555	  0.02990377
0.565	  0.033405583
0.575	  0.037100863
0.585	  0.040976666
0.595	  0.04501797
0.605	  0.049207866
0.615	  0.05352779
0.625	  0.057957765
0.635	  0.062476635
0.645	  0.06706236
0.655	  0.07169229
0.665	  0.07634337
0.675	  0.080992475
0.685	  0.08561662
0.695	  0.09019317
0.705	  0.09470012
0.715	  0.09911623
0.725	  0.10342123
0.735	  0.107596
0.745	  0.11162265
0.755	  0.11548465
0.765	  0.11916695
0.775	  0.122655995
0.785	  0.12593982
0.795	  0.12900804
0.805	  0.13185185
0.815	  0.13446407
0.825	  0.13683905
0.835	  0.13897267
0.845	  0.1408623
0.855	  0.1425067
0.865	  0.143906
0.875	  0.14506155
0.885	  0.1459759
0.895	  0.14665273
0.905	  0.14709663
0.915	  0.1473132
0.925	  0.14730883
0.935	  0.14709058
0.945	  0.14666621
0.955	  0.14604402
0.965	  0.1452327
0.975	  0.14424145
0.985	  0.14307964
0.995	  0.14175692
1.005	  0.14028312
1.015	  0.13866812
1.025	  0.13692182
1.035	  0.13505414
1.045	  0.13307488
1.055	  0.13099374
1.065	  0.12882021
1.075	  0.12656364
1.085	  0.124233104
1.095	  0.12183741
1.105	  0.119385086
1.115	  0.11688436
1.125	  0.114343114
1.135	  0.111768916
1.145	  0.10916896
1.155	  0.1065501
1.165	  0.10391881
1.175	  0.10128123
1.185	  0.098643124
1.195	  0.09600988
1.205	  0.09338655
1.215	  0.09077783
1.225	  0.08818807
1.235	  0.085621275
1.245	  0.08308114
1.255	  0.08057104
1.265	  0.078094035
1.275	  0.0756529
1.285	  0.073250115
1.295	  0.070887916
1.305	  0.06856825
1.315	  0.066292845
1.325	  0.06406317
1.335	  0.061880503
1.345	  0.059745893
1.355	  0.057660207
1.365	  0.055624124
1.375	  0.053638145
1.385	  0.051702626
1.395	  0.049817767
1.405	  0.04798363
1.415	  0.046200152
1.425	  0.04446715
1.435	  0.042784344
1.445	  0.04115135
1.455	  0.039567687
1.465	  0.038032807
1.475	  0.03654609
1.485	  0.035106834
1.495	  0.033714302
1.505	  0.03236769
1.515	  0.031066163
1.525	  0.029808832
1.535	  0.028594788
1.545	  0.02742309
1.555	  0.026292773
1.565	  0.025202854
1.575	  0.024152339
1.585	  0.023140222
1.595	  0.022165488
1.605	  0.021227125
1.615	  0.020324113
1.625	  0.019455438
1.635	  0.018620092
1.645	  0.017817074
1.655	  0.01704539
1.665	  0.016304057
1.675	  0.015592107
1.685	  0.014908584
1.695	  0.014252548
1.705	  0.013623076
1.715	  0.01301926
1.725	  0.012440214
1.735	  0.011885067
1.745	  0.011352972
1.755	  0.010843097
1.765	  0.010354633
1.775	  0.009886792
1.785	  0.009438805
1.795	  0.009009927
1.805	  0.008599429
1.815	  0.008206608
1.825	  0.007830778
1.835	  0.0074712774
1.845	  0.0071274624
1.855	  0.0067987097
1.865	  0.0064844172
1.875	  0.006184003
1.885	  0.005896902
1.895	  0.005622572
1.905	  0.0053604865
1.915	  0.0051101386
1.925	  0.00487104
1.935	  0.004642719
1.945	  0.0044247215
1.955	  0.00421661
1.965	  0.004017963
1.975	  0.0038283763
1.985	  0.0036474592
1.995	  0.0034748372
2.005	  0.00331015
2.015	  0.0031530517
2.025	  0.0030032096
2.035	  0.0028603047
2.045	  0.0027240303
2.055	  0.0025940926
2.065	  0.0024702095
2.075	  0.0023521108
2.085	  0.002239537
2.095	  0.0021322395
2.105	  0.0020299808
2.115	  0.0019325321
2.125	  0.0018396754
2.135	  0.0017512016
2.145	  0.0016669105
2.155	  0.0015866105
2.165	  0.0015101184
2.175	  0.0014372588
2.185	  0.0013678641
2.195	  0.001301774
2.205	  0.0012388354
2.215	  0.0011789016
2.225	  0.0011218328
2.235	  0.001067495
2.245	  0.0010157607
2.255	  9.665078E-4
2.265	  9.196198E-4
2.275	  8.7498536E-4
2.285	  8.324983E-4
2.295	  7.9205725E-4
2.305	  7.535654E-4
2.315	  7.1693043E-4
2.325	  6.820642E-4
2.335	  6.4888276E-4
2.345	  6.1730586E-4
2.355	  5.8725703E-4
2.365	  5.5866333E-4
2.375	  5.314553E-4
2.385	  5.055666E-4
2.395	  4.80934E-4
2.405	  4.5749728E-4
2.415	  4.35199E-4
2.425	  4.139845E-4
2.435	  3.9380154E-4
2.445	  3.7460047E-4
2.455	  3.5633397E-4
2.465	  3.389569E-4
2.475	  3.224263E-4
2.485	  3.0670123E-4
2.495	  2.9174273E-4
2.505	  2.7751367E-4
2.515	  2.6397873E-4
2.525	  2.5110418E-4
2.535	  2.3885799E-4
2.545	  2.2720968E-4
2.555	  2.1613014E-4
2.565	  2.0559173E-4
2.575	  1.9556812E-4
2.585	  1.8603425E-4
2.595	  1.7696623E-4
2.605	  1.6834142E-4
2.615	  1.6013814E-4
2.625	  1.5233587E-4
2.635	  1.4491501E-4
2.645	  1.3785697E-4
2.655	  1.31144E-4
2.665	  1.2475924E-4
2.675	  1.18686665E-4
2.685	  1.12911E-4
2.695	  1.0741773E-4
2.705	  1.0219302E-4
2.715	  9.7223754E-5
2.725	  9.2497416E-5
2.735	  8.800211E-5
2.745	  8.372653E-5
2.755	  7.965992E-5
2.765	  7.5792035E-5
2.775	  7.211314E-5
2.785	  6.8613976E-5
2.795	  6.5285734E-5
2.805	  6.212005E-5
2.815	  5.9108945E-5
2.825	  5.6244848E-5
2.835	  5.3520555E-5
2.845	  5.092921E-5
2.855	  4.8464302E-5
2.865	  4.611963E-5
2.875	  4.38893E-5
2.885	  4.176771E-5
2.895	  3.974953E-5
2.905	  3.7829697E-5
2.915	  3.6003392E-5
2.925	  3.4266024E-5
2.935	  3.2613243E-5
2.945	  3.1040905E-5
2.955	  2.9545068E-5
2.965	  2.8121989E-5
2.975	  2.6768103E-5
2.985	  2.5480022E-5
2.995	  2.4254527E-5
3.005	  2.3088554E-5
3.015	  2.1979193E-5
3.025	  2.0923673E-5
3.035	  1.9919362E-5
3.045	  1.8963754E-5
3.055	  1.8054472E-5
3.065	  1.7189248E-5
3.075	  1.6365933E-5
3.085	  1.5582478E-5
3.095	  1.4836938E-5
3.105	  1.4127461E-5
3.115	  1.3452289E-5
3.125	  1.2809746E-5
3.135	  1.2198243E-5
3.145	  1.16162655E-5
3.155	  1.1062375E-5
3.165	  1.0535203E-5
3.175	  1.0033448E-5
3.185	  9.5558735E-6
3.195	  9.101302E-6
3.205	  8.668615E-6
3.215	  8.256748E-6
3.225	  7.864688E-6
3.235	  7.4914747E-6
3.245	  7.136191E-6
3.255	  6.7979677E-6
3.265	  6.4759756E-6
3.275	  6.1694286E-6
3.285	  5.8775768E-6
3.295	  5.599709E-6
3.305	  5.335147E-6
3.315	  5.0832464E-6
3.325	  4.843395E-6
3.335	  4.61501E-6
3.345	  4.397536E-6
3.355	  4.190447E-6
3.365	  3.99324E-6
3.375	  3.805439E-6
3.385	  3.6265897E-6
3.395	  3.4562602E-6
3.405	  3.2940397E-6
3.415	  3.1395377E-6
3.425	  2.9923826E-6
3.435	  2.8522204E-6
3.445	  2.7187148E-6
3.455	  2.5915458E-6
3.465	  2.4704088E-6
3.475	  2.3550144E-6
3.485	  2.2450865E-6
3.495	  2.140363E-6
3.505	  2.0405944E-6
3.515	  1.945543E-6
3.525	  1.8549832E-6
3.535	  1.7686998E-6
3.545	  1.6864883E-6
3.555	  1.608154E-6
3.565	  1.5335115E-6
3.575	  1.4623846E-6
3.585	  1.3946054E-6
3.595	  1.3300144E-6
3.605	  1.2684594E-6
3.615	  1.2097959E-6
3.625	  1.1538862E-6
3.635	  1.1005991E-6
3.645	  1.04981E-6
3.655	  1.0014002E-6
3.665	  9.552567E-7
3.675	  9.1127185E-7
3.685	  8.693433E-7
3.695	  8.293735E-7
3.705	  7.9126977E-7
3.715	  7.549436E-7
3.725	  7.20311E-7
3.735	  6.872918E-7
3.745	  6.558098E-7
3.755	  6.2579244E-7
3.765	  5.971705E-7
3.775	  5.6987824E-7
3.785	  5.43853E-7
3.795	  5.1903504E-7
3.805	  4.9536754E-7
3.815	  4.7279642E-7
3.825	  4.512701E-7
3.835	  4.3073953E-7
3.845	  4.1115794E-7
3.855	  3.9248084E-7
3.865	  3.746658E-7
3.875	  3.5767243E-7
3.885	  3.4146225E-7
3.895	  3.2599868E-7
3.905	  3.1124674E-7
3.915	  2.9717322E-7
3.925	  2.8374643E-7
3.935	  2.709362E-7
3.945	  2.5871378E-7
3.955	  2.4705182E-7
3.965	  2.3592415E-7
3.975	  2.2530597E-7
3.985	  2.1517357E-7
3.995	  2.0550438E-7
4.005	  1.962769E-7



DATASET #3

     Name: BPT Fit
   Points: 401
     Info: Mean = 100.0, Aperiodicity = 0.5, Duration = 30.0, Delta T = 1.0, Num Points = 500, Historic Open Interval = 0.0
Computed mean = 0.99636644

Data[x,y]:
0.0	  0.0
0.01	  0.0
0.02	  0.0
0.03	  0.0
0.04	  0.0
0.05	  0.0
0.06	  1.469173E-39
0.07	  3.016006E-33
0.08	  1.5675353E-28
0.09	  7.0456993E-25
0.1	  5.7198833E-22
0.11	  1.3395875E-19
0.12	  1.2363498E-17
0.13	  5.5796294E-16
0.14	  1.4362902E-14
0.15	  2.3607863E-13
0.16	  2.696325E-12
0.17	  2.2826994E-11
0.18	  1.5062346E-10
0.19	  8.0594514E-10
0.2	  3.6094199E-9
0.21	  1.3880664E-8
0.22	  4.6807585E-8
0.23	  1.4081868E-7
0.24	  3.8343464E-7
0.25	  9.564322E-7
0.26	  2.2079191E-6
0.27	  4.7583067E-6
0.28	  9.6448275E-6
0.29	  1.8505189E-5
0.3	  3.379564E-5
0.31	  5.90329E-5
0.32	  9.904403E-5
0.33	  1.6020423E-4
0.34	  2.506405E-4
0.35	  3.8037924E-4
0.36	  5.614187E-4
0.37	  8.077113E-4
0.38	  0.0011350472
0.39	  0.0015608367
0.4	  0.0021037976
0.41	  0.0027835555
0.42	  0.0036201768
0.43	  0.0046336506
0.44	  0.0058433465
0.45	  0.007267461
0.46	  0.008922492
0.47	  0.010822741
0.48	  0.012979876
0.49	  0.015402563
0.5	  0.018096175
0.51	  0.021062592
0.52	  0.024300078
0.53	  0.02780326
0.54	  0.03156319
0.55	  0.035567455
0.56	  0.039800413
0.57	  0.04424343
0.58	  0.048875198
0.59	  0.053672098
0.6	  0.058608558
0.61	  0.06365747
0.62	  0.068790555
0.63	  0.07397882
0.64	  0.07919287
0.65	  0.084403366
0.66	  0.089581296
0.67	  0.094698355
0.68	  0.099727206
0.69	  0.10464173
0.7	  0.1094173
0.71	  0.11403089
0.72	  0.11846132
0.73	  0.12268929
0.74	  0.12669754
0.75	  0.13047083
0.76	  0.13399605
0.77	  0.13726217
0.78	  0.14026019
0.79	  0.14298318
0.8	  0.14542615
0.81	  0.147586
0.82	  0.14946139
0.83	  0.15105268
0.84	  0.15236185
0.85	  0.1533923
0.86	  0.15414876
0.87	  0.1546372
0.88	  0.1548647
0.89	  0.15483925
0.9	  0.15456975
0.91	  0.15406579
0.92	  0.15333758
0.93	  0.15239587
0.94	  0.1512518
0.95	  0.14991677
0.96	  0.14840244
0.97	  0.14672059
0.98	  0.14488302
0.99	  0.14290157
1.0	  0.14078791
1.01	  0.13855362
1.02	  0.13621004
1.03	  0.13376829
1.04	  0.1312392
1.05	  0.12863325
1.06	  0.12596057
1.07	  0.123230934
1.08	  0.1204537
1.09	  0.11763781
1.1	  0.11479179
1.11	  0.111923695
1.12	  0.10904119
1.13	  0.10615146
1.14	  0.10326127
1.15	  0.10037693
1.16	  0.09750432
1.17	  0.09464892
1.18	  0.09181576
1.19	  0.0890095
1.2	  0.08623438
1.21	  0.083494276
1.22	  0.08079269
1.23	  0.07813278
1.24	  0.075517364
1.25	  0.07294894
1.26	  0.0704297
1.27	  0.06796155
1.28	  0.065546125
1.29	  0.06318479
1.3	  0.060878675
1.31	  0.058628686
1.32	  0.05643551
1.33	  0.054299634
1.34	  0.052221365
1.35	  0.050200842
1.36	  0.04823804
1.37	  0.046332788
1.38	  0.04448479
1.39	  0.042693622
1.4	  0.040958755
1.41	  0.039279558
1.42	  0.037655305
1.43	  0.036085203
1.44	  0.034568377
1.45	  0.03310389
1.46	  0.031690758
1.47	  0.030327944
1.48	  0.02901437
1.49	  0.027748926
1.5	  0.026530474
1.51	  0.025357855
1.52	  0.02422989
1.53	  0.023145393
1.54	  0.022103162
1.55	  0.021102
1.56	  0.020140706
1.57	  0.019218082
1.58	  0.018332934
1.59	  0.017484084
1.6	  0.01667036
1.61	  0.015890606
1.62	  0.015143679
1.63	  0.014428459
1.64	  0.01374384
1.65	  0.0130887395
1.66	  0.012462094
1.67	  0.011862866
1.68	  0.011290039
1.69	  0.010742621
1.7	  0.010219644
1.71	  0.009720166
1.72	  0.009243272
1.73	  0.00878807
1.74	  0.0083536925
1.75	  0.007939302
1.76	  0.0075440845
1.77	  0.0071672495
1.78	  0.0068080346
1.79	  0.006465701
1.8	  0.006139535
1.81	  0.0058288476
1.82	  0.005532973
1.83	  0.0052512703
1.84	  0.0049831197
1.85	  0.0047279266
1.86	  0.004485116
1.87	  0.0042541367
1.88	  0.004034457
1.89	  0.003825566
1.9	  0.0036269743
1.91	  0.0034382099
1.92	  0.0032588213
1.93	  0.0030883744
1.94	  0.002926453
1.95	  0.0027726588
1.96	  0.002626609
1.97	  0.0024879382
1.98	  0.0023562955
1.99	  0.0022313455
2.0	  0.0021127674
2.01	  0.0020002546
2.02	  0.0018935131
2.03	  0.0017922629
2.04	  0.0016962358
2.05	  0.0016051761
2.06	  0.0015188395
2.07	  0.0014369925
2.08	  0.0013594128
2.09	  0.001285888
2.1	  0.0012162158
2.11	  0.0011502028
2.12	  0.0010876653
2.13	  0.0010284279
2.14	  9.723235E-4
2.15	  9.1919315E-4
2.16	  8.688852E-4
2.17	  8.2125555E-4
2.18	  7.761669E-4
2.19	  7.334887E-4
2.2	  6.9309666E-4
2.21	  6.548727E-4
2.22	  6.1870425E-4
2.23	  5.844847E-4
2.24	  5.521124E-4
2.25	  5.214909E-4
2.26	  4.925284E-4
2.27	  4.651379E-4
2.28	  4.3923667E-4
2.29	  4.1474611E-4
2.3	  3.915917E-4
2.31	  3.6970252E-4
2.32	  3.4901148E-4
2.33	  3.2945478E-4
2.34	  3.1097187E-4
2.35	  2.935054E-4
2.36	  2.7700092E-4
2.37	  2.6140676E-4
2.38	  2.4667403E-4
2.39	  2.3275627E-4
2.4	  2.1960952E-4
2.41	  2.0719205E-4
2.42	  1.9546435E-4
2.43	  1.84389E-4
2.44	  1.7393052E-4
2.45	  1.6405531E-4
2.46	  1.5473153E-4
2.47	  1.4592907E-4
2.48	  1.3761937E-4
2.49	  1.2977542E-4
2.5	  1.2237164E-4
2.51	  1.15383824E-4
2.52	  1.08789056E-4
2.53	  1.02565646E-4
2.54	  9.669309E-5
2.55	  9.115196E-5
2.56	  8.59239E-5
2.57	  8.0991544E-5
2.58	  7.633845E-5
2.59	  7.194909E-5
2.6	  6.780877E-5
2.61	  6.3903586E-5
2.62	  6.0220416E-5
2.63	  5.674684E-5
2.64	  5.3471125E-5
2.65	  5.0382172E-5
2.66	  4.74695E-5
2.67	  4.47232E-5
2.68	  4.2133917E-5
2.69	  3.96928E-5
2.7	  3.73915E-5
2.71	  3.5222118E-5
2.72	  3.3177203E-5
2.73	  3.1249707E-5
2.74	  2.9432984E-5
2.75	  2.7720753E-5
2.76	  2.6107082E-5
2.77	  2.4586374E-5
2.78	  2.3153341E-5
2.79	  2.1802993E-5
2.8	  2.0530617E-5
2.81	  1.9331768E-5
2.82	  1.8202247E-5
2.83	  1.7138094E-5
2.84	  1.613557E-5
2.85	  1.5191145E-5
2.86	  1.4301493E-5
2.87	  1.3463473E-5
2.88	  1.2674121E-5
2.89	  1.1930641E-5
2.9	  1.1230398E-5
2.91	  1.0570902E-5
2.92	  9.9498075E-6
2.93	  9.364902E-6
2.94	  8.814099E-6
2.95	  8.2954275E-6
2.96	  7.807034E-6
2.97	  7.347168E-6
2.98	  6.9141784E-6
2.99	  6.5065096E-6
3.0	  6.122695E-6
3.01	  5.761352E-6
3.02	  5.421176E-6
3.03	  5.1009392E-6
3.04	  4.799482E-6
3.05	  4.5157144E-6
3.06	  4.248606E-6
3.07	  3.9971874E-6
3.08	  3.7605453E-6
3.09	  3.5378177E-6
3.1	  3.3281935E-6
3.11	  3.1309082E-6
3.12	  2.9452408E-6
3.13	  2.770513E-6
3.14	  2.606085E-6
3.15	  2.4513545E-6
3.16	  2.3057535E-6
3.17	  2.1687476E-6
3.18	  2.0398334E-6
3.19	  1.918536E-6
3.2	  1.8044091E-6
3.21	  1.6970313E-6
3.22	  1.5960067E-6
3.23	  1.5009617E-6
3.24	  1.411545E-6
3.25	  1.3274254E-6
3.26	  1.2482913E-6
3.27	  1.1738491E-6
3.28	  1.1038225E-6
3.29	  1.037951E-6
3.3	  9.7599E-7
3.31	  9.1770863E-7
3.32	  8.628897E-7
3.33	  8.113288E-7
3.34	  7.628334E-7
3.35	  7.1722235E-7
3.36	  6.743252E-7
3.37	  6.339813E-7
3.38	  5.9603957E-7
3.39	  5.603578E-7
3.4	  5.268022E-7
3.41	  4.952467E-7
3.42	  4.6557275E-7
3.43	  4.3766877E-7
3.44	  4.1142977E-7
3.45	  3.867569E-7
3.46	  3.6355718E-7
3.47	  3.4174312E-7
3.48	  3.2123236E-7
3.49	  3.019474E-7
3.5	  2.8381544E-7
3.51	  2.6676778E-7
3.52	  2.5073993E-7
3.53	  2.3567121E-7
3.54	  2.2150445E-7
3.55	  2.0818594E-7
3.56	  1.9566511E-7
3.57	  1.8389443E-7
3.58	  1.7282913E-7
3.59	  1.6242716E-7
3.6	  1.526489E-7
3.61	  1.4345713E-7
3.62	  1.3481683E-7
3.63	  1.2669506E-7
3.64	  1.1906081E-7
3.65	  1.1188496E-7
3.66	  1.0514009E-7
3.67	  9.880043E-8
3.68	  9.284172E-8
3.69	  8.724117E-8
3.7	  8.197734E-8
3.71	  7.703006E-8
3.72	  7.238037E-8
3.73	  6.8010436E-8
3.74	  6.3903485E-8
3.75	  6.004376E-8
3.76	  5.641643E-8
3.77	  5.3007547E-8
3.78	  4.980401E-8
3.79	  4.6793495E-8
3.8	  4.396441E-8
3.81	  4.130586E-8
3.82	  3.88076E-8
3.83	  3.646E-8
3.84	  3.4254004E-8
3.85	  3.2181102E-8
3.86	  3.0233288E-8
3.87	  2.840304E-8
3.88	  2.6683283E-8
3.89	  2.506737E-8
3.9	  2.3549052E-8
3.91	  2.212245E-8
3.92	  2.0782043E-8
3.93	  1.9522638E-8
3.94	  1.8339355E-8
3.95	  1.722761E-8
3.96	  1.6183085E-8
3.97	  1.5201733E-8
3.98	  1.4279741E-8
3.99	  1.3413532E-8
4.0	  1.2599737E-8


