
X-Axis: Normalized Distance Along Strike
Y-Axis: Hypocenter Density
Number of Data Sets: 4


DATASET #1

     Name: 
   Points: 31
     Info: 

Data[x,y]:
0.05	  0.016717326
0.15	  0.0060790274
0.25	  0.018237082
0.35	  0.013677811
0.45	  0.02887538
0.55	  0.041033436
0.65	  0.034954406
0.75	  0.04711246
0.85	  0.056231003
0.95	  0.08206687
1.05	  0.037993923
1.15	  0.04255319
1.25	  0.02887538
1.35	  0.016717326
1.45	  0.02887538
1.55	  0.02887538
1.65	  0.016717326
1.75	  0.02887538
1.85	  0.04255319
1.95	  0.037993923
2.05	  0.08206687
2.15	  0.056231003
2.25	  0.04711246
2.35	  0.034954406
2.45	  0.041033436
2.55	  0.02887538
2.65	  0.013677811
2.75	  0.018237082
2.85	  0.0060790274
2.95	  0.016717326
3.05	  0.0



DATASET #2

     Name: 
   Points: 31
     Info: 

Data[x,y]:
0.05	  0.0
0.15	  0.0
0.25	  0.0
0.35	  0.0
0.45	  0.0
0.55	  0.0
0.65	  0.0
0.75	  0.0
0.85	  0.0
0.95	  0.0
1.05	  0.0
1.15	  0.0
1.25	  0.0
1.35	  0.0
1.45	  0.0015197569
1.55	  0.0015197569
1.65	  0.0
1.75	  0.0
1.85	  0.0
1.95	  0.0
2.05	  0.0
2.15	  0.0
2.25	  0.0
2.35	  0.0
2.45	  0.0
2.55	  0.0
2.65	  0.0
2.75	  0.0
2.85	  0.0
2.95	  0.0
3.05	  0.0



DATASET #3

Name: 
Num Points: 4
Info: 

X, Y Data:
0.021	  0.0011489362
0.021	  0.11374468
2.979	  0.11374468
2.979	  0.0011489362



DATASET #4

Name: 
Num Points: 4
Info: 

X, Y Data:
1.0	  0.0011489362
1.0	  0.10225532
2.0	  0.10225532
2.0	  0.0011489362


