
X-Axis: Normalized Distance Along Strike
Y-Axis: Hypocenter Density
Number of Data Sets: 4


DATASET #1

     Name: 
   Points: 31
     Info: 

Data[x,y]:
0.05	  0.03386881
0.15	  0.025167337
0.25	  0.02931727
0.35	  0.03145917
0.45	  0.030522088
0.55	  0.035609104
0.65	  0.035475235
0.75	  0.036680054
0.85	  0.04712182
0.95	  0.057697456
1.05	  0.039625168
1.15	  0.023962516
1.25	  0.02369478
1.35	  0.024631862
1.45	  0.025167337
1.55	  0.025167337
1.65	  0.024631862
1.75	  0.02369478
1.85	  0.023962516
1.95	  0.039625168
2.05	  0.057697456
2.15	  0.04712182
2.25	  0.036680054
2.35	  0.035475235
2.45	  0.035609104
2.55	  0.030522088
2.65	  0.03145917
2.75	  0.02931727
2.85	  0.025167337
2.95	  0.03386881
3.05	  0.0



DATASET #2

     Name: 
   Points: 31
     Info: 

Data[x,y]:
0.05	  0.0
0.15	  0.0
0.25	  1.338688E-4
0.35	  0.0
0.45	  0.0
0.55	  0.0
0.65	  1.338688E-4
0.75	  2.677376E-4
0.85	  5.354752E-4
0.95	  0.0032128515
1.05	  0.014859438
1.15	  0.011914324
1.25	  0.013922356
1.35	  0.016064256
1.45	  0.015930388
1.55	  0.015930388
1.65	  0.016064256
1.75	  0.013922356
1.85	  0.011914324
1.95	  0.014859438
2.05	  0.0032128515
2.15	  5.354752E-4
2.25	  2.677376E-4
2.35	  1.338688E-4
2.45	  0.0
2.55	  0.0
2.65	  0.0
2.75	  1.338688E-4
2.85	  0.0
2.95	  0.0
3.05	  0.0



DATASET #3

Name: 
Num Points: 4
Info: 

X, Y Data:
0.021	  8.077644E-4
0.021	  0.079968676
2.979	  0.079968676
2.979	  8.077644E-4



DATASET #4

Name: 
Num Points: 4
Info: 

X, Y Data:
1.0	  8.077644E-4
1.0	  0.07189103
2.0	  0.07189103
2.0	  8.077644E-4


