
X-Axis: Normalized Distance Along Strike
Y-Axis: Hypocenter Density
Number of Data Sets: 4


DATASET #1

     Name: 
   Points: 31
     Info: 

Data[x,y]:
0.05	  0.003987468
0.15	  0.011250356
0.25	  0.011250356
0.35	  0.012674452
0.45	  0.012816861
0.55	  0.014953005
0.65	  0.01651951
0.75	  0.021503845
0.85	  0.028624324
0.95	  0.08957562
1.05	  0.06892623
1.15	  0.05667901
1.25	  0.055397324
1.35	  0.04699516
1.45	  0.048846483
1.55	  0.048846483
1.65	  0.04699516
1.75	  0.055397324
1.85	  0.05667901
1.95	  0.06892623
2.05	  0.08957562
2.15	  0.028624324
2.25	  0.021503845
2.35	  0.01651951
2.45	  0.014953005
2.55	  0.012816861
2.65	  0.012674452
2.75	  0.011250356
2.85	  0.011250356
2.95	  0.003987468
3.05	  0.0



DATASET #2

     Name: 
   Points: 31
     Info: 

Data[x,y]:
0.05	  0.0
0.15	  0.0
0.25	  0.0
0.35	  0.0
0.45	  0.0
0.55	  0.0
0.65	  0.0
0.75	  0.0
0.85	  0.0
0.95	  0.0
1.05	  2.8481914E-4
1.15	  2.8481914E-4
1.25	  4.2722872E-4
1.35	  7.1204785E-4
1.45	  2.8481914E-4
1.55	  2.8481914E-4
1.65	  7.1204785E-4
1.75	  4.2722872E-4
1.85	  2.8481914E-4
1.95	  2.8481914E-4
2.05	  0.0
2.15	  0.0
2.25	  0.0
2.35	  0.0
2.45	  0.0
2.55	  0.0
2.65	  0.0
2.75	  0.0
2.85	  0.0
2.95	  0.0
3.05	  0.0



DATASET #3

Name: 
Num Points: 4
Info: 

X, Y Data:
0.021	  0.0012540587
0.021	  0.12415181
2.979	  0.12415181
2.979	  0.0012540587



DATASET #4

Name: 
Num Points: 4
Info: 

X, Y Data:
1.0	  0.0012540587
1.0	  0.111611225
2.0	  0.111611225
2.0	  0.0012540587


