
X-Axis: Normalized Interevent Time
Y-Axis: Probability
Number of Data Sets: 3


DATASET #1

     Name: JG 2194 K2 Histogram
   Points: 41
     Info: 

Data[x,y]:
0.05	  0.0033219864
0.15	  0.0032183232
0.25	  0.0052272193
0.35	  0.009255495
0.45	  0.014921883
0.55	  0.026854722
0.65	  0.047346715
0.75	  0.09135859
0.85	  0.1435339
0.95	  0.21850023
1.05	  0.20467435
1.15	  0.0916487
1.25	  0.045217313
1.35	  0.022536509
1.45	  0.015191879
1.55	  0.011574185
1.65	  0.009163804
1.75	  0.0069467667
1.85	  0.005721521
1.95	  0.0045550982
2.05	  0.0034293747
2.15	  0.0028195933
2.25	  0.002138497
2.35	  0.0016951866
2.45	  0.0014262999
2.55	  0.0011712743
2.65	  0.001042852
2.75	  9.0736034E-4
2.85	  6.9769495E-4
2.95	  6.1977864E-4
3.05	  5.179347E-4
3.15	  4.1758086E-4
3.25	  3.230313E-4
3.35	  2.5682757E-4
3.45	  2.5085E-4
3.55	  2.3106337E-4
3.65	  1.6842884E-4
3.75	  1.9038124E-4
3.85	  1.4368689E-4
3.95	  1.2066026E-4
4.05	  6.6245324E-4



DATASET #2

     Name: Log-Normal Fit
   Points: 401
     Info: 

Data[x,y]:
0.005	  0.0
0.015	  3.6667395E-28
0.025	  8.2485657E-23
0.035	  2.31777E-19
0.045	  6.918526E-17
0.055	  5.3746976E-15
0.065	  1.7134819E-13
0.075	  2.9142919E-12
0.085	  3.1176648E-11
0.095	  2.3412638E-10
0.105	  1.3324175E-9
0.115	  6.0729235E-9
0.125	  2.3096243E-8
0.135	  7.561618E-8
0.145	  2.1833331E-7
0.155	  5.6668506E-7
0.165	  1.3425001E-6
0.175	  2.9391456E-6
0.185	  6.00734E-6
0.195	  1.1560187E-5
0.205	  2.1093112E-5
0.215	  3.6711677E-5
0.225	  6.12582E-5
0.235	  9.8426994E-5
0.245	  1.5285792E-4
0.255	  2.30199E-4
0.265	  3.3713068E-4
0.275	  4.8134662E-4
0.285	  6.7148905E-4
0.295	  9.1703935E-4
0.305	  0.0012281667
0.315	  0.0016155418
0.325	  0.0020901205
0.335	  0.0026629088
0.345	  0.003344717
0.355	  0.00414591
0.365	  0.0050761667
0.375	  0.0061442526
0.385	  0.007357815
0.395	  0.008723203
0.405	  0.01024532
0.415	  0.0119275125
0.425	  0.013771485
0.435	  0.015777256
0.445	  0.017943159
0.455	  0.020265844
0.465	  0.022740347
0.475	  0.025360156
0.485	  0.028117321
0.495	  0.031002566
0.505	  0.034005426
0.515	  0.037114397
0.525	  0.040317085
0.535	  0.043600373
0.545	  0.046950575
0.555	  0.05035359
0.565	  0.053795073
0.575	  0.057260565
0.585	  0.060735647
0.595	  0.06420606
0.605	  0.06765783
0.615	  0.07107739
0.625	  0.074451655
0.635	  0.07776811
0.645	  0.08101492
0.655	  0.08418092
0.665	  0.087255746
0.675	  0.09022981
0.685	  0.09309436
0.695	  0.09584148
0.705	  0.09846413
0.715	  0.100956105
0.725	  0.10331206
0.735	  0.10552748
0.745	  0.10759867
0.755	  0.10952272
0.765	  0.111297496
0.775	  0.112921566
0.785	  0.11439421
0.795	  0.11571536
0.805	  0.11688556
0.815	  0.11790592
0.825	  0.1187781
0.835	  0.119504236
0.845	  0.1200869
0.855	  0.120529085
0.865	  0.12083414
0.875	  0.12100573
0.885	  0.121047825
0.895	  0.12096462
0.905	  0.120760515
0.915	  0.12044012
0.925	  0.120008156
0.935	  0.11946947
0.945	  0.118829004
0.955	  0.118091725
0.965	  0.11726266
0.975	  0.11634684
0.985	  0.11534929
0.995	  0.114274986
1.005	  0.113128856
1.015	  0.11191579
1.025	  0.11064056
1.035	  0.10930788
1.045	  0.107922345
1.055	  0.10648843
1.065	  0.10501051
1.075	  0.103492804
1.085	  0.101939425
1.095	  0.10035432
1.105	  0.09874131
1.115	  0.097104065
1.125	  0.0954461
1.135	  0.093770795
1.145	  0.09208136
1.155	  0.09038088
1.165	  0.088672265
1.175	  0.0869583
1.185	  0.08524159
1.195	  0.08352464
1.205	  0.08180978
1.215	  0.08009923
1.225	  0.07839504
1.235	  0.07669915
1.245	  0.075013384
1.255	  0.0733394
1.265	  0.07167879
1.275	  0.070032984
1.285	  0.06840332
1.295	  0.06679102
1.305	  0.06519723
1.315	  0.06362295
1.325	  0.062069125
1.335	  0.06053659
1.345	  0.059026092
1.355	  0.057538304
1.365	  0.05607382
1.375	  0.05463315
1.385	  0.053216748
1.395	  0.051824983
1.405	  0.050458174
1.415	  0.049116578
1.425	  0.047800392
1.435	  0.04650977
1.445	  0.045244798
1.455	  0.044005536
1.465	  0.04279199
1.475	  0.041604128
1.485	  0.04044188
1.495	  0.039305136
1.505	  0.03819377
1.515	  0.037107605
1.525	  0.036046453
1.535	  0.035010096
1.545	  0.033998284
1.555	  0.033010762
1.565	  0.032047246
1.575	  0.031107435
1.585	  0.030191014
1.595	  0.029297654
1.605	  0.028427016
1.615	  0.027578745
1.625	  0.026752481
1.635	  0.025947856
1.645	  0.02516449
1.655	  0.024402006
1.665	  0.02366001
1.675	  0.022938116
1.685	  0.022235928
1.695	  0.02155305
1.705	  0.020889089
1.715	  0.020243643
1.725	  0.019616315
1.735	  0.019006714
1.745	  0.01841444
1.755	  0.017839104
1.765	  0.017280312
1.775	  0.016737683
1.785	  0.016210828
1.795	  0.015699372
1.805	  0.015202935
1.815	  0.01472115
1.825	  0.014253648
1.835	  0.013800069
1.845	  0.013360057
1.855	  0.012933261
1.865	  0.012519337
1.875	  0.012117945
1.885	  0.0117287515
1.895	  0.011351431
1.905	  0.010985659
1.915	  0.010631123
1.925	  0.010287513
1.935	  0.009954527
1.945	  0.0096318675
1.955	  0.009319245
1.965	  0.009016375
1.975	  0.0087229805
1.985	  0.008438789
1.995	  0.008163537
2.005	  0.0078969635
2.015	  0.0076388167
2.025	  0.0073888493
2.035	  0.0071468204
2.045	  0.006912495
2.055	  0.0066856444
2.065	  0.006466044
2.075	  0.0062534777
2.085	  0.0060477327
2.095	  0.0058486024
2.105	  0.005655886
2.115	  0.005469388
2.125	  0.0052889176
2.135	  0.0051142895
2.145	  0.004945324
2.155	  0.004781845
2.165	  0.004623683
2.175	  0.004470672
2.185	  0.0043226513
2.195	  0.004179464
2.205	  0.0040409593
2.215	  0.0039069885
2.225	  0.0037774087
2.235	  0.0036520811
2.245	  0.0035308704
2.255	  0.0034136456
2.265	  0.0033002796
2.275	  0.003190649
2.285	  0.003084634
2.295	  0.0029821184
2.305	  0.00288299
2.315	  0.002787139
2.325	  0.00269446
2.335	  0.0026048503
2.345	  0.0025182103
2.355	  0.0024344434
2.365	  0.0023534563
2.375	  0.0022751584
2.385	  0.002199462
2.395	  0.002126282
2.405	  0.002055536
2.415	  0.0019871446
2.425	  0.00192103
2.435	  0.0018571177
2.445	  0.0017953352
2.455	  0.0017356124
2.465	  0.0016778813
2.475	  0.0016220763
2.485	  0.0015681335
2.495	  0.0015159914
2.505	  0.0014655906
2.515	  0.0014168731
2.525	  0.0013697831
2.535	  0.0013242667
2.545	  0.0012802716
2.555	  0.001237747
2.565	  0.0011966443
2.575	  0.0011569159
2.585	  0.001118516
2.595	  0.0010814004
2.605	  0.0010455262
2.615	  0.0010108519
2.625	  9.773376E-4
2.635	  9.449443E-4
2.645	  9.1363455E-4
2.655	  8.833722E-4
2.665	  8.541221E-4
2.675	  8.258504E-4
2.685	  7.985243E-4
2.695	  7.721121E-4
2.705	  7.4658316E-4
2.715	  7.219078E-4
2.725	  6.980575E-4
2.735	  6.750045E-4
2.745	  6.527221E-4
2.755	  6.3118426E-4
2.765	  6.103662E-4
2.775	  5.9024355E-4
2.785	  5.7079305E-4
2.795	  5.5199204E-4
2.805	  5.338188E-4
2.815	  5.162521E-4
2.825	  4.992717E-4
2.835	  4.8285775E-4
2.845	  4.669913E-4
2.855	  4.5165388E-4
2.865	  4.3682774E-4
2.875	  4.2249565E-4
2.885	  4.0864106E-4
2.895	  3.9524786E-4
2.905	  3.8230055E-4
2.915	  3.6978416E-4
2.925	  3.5768416E-4
2.935	  3.459866E-4
2.945	  3.3467793E-4
2.955	  3.2374507E-4
2.965	  3.131754E-4
2.975	  3.0295673E-4
2.985	  2.9307723E-4
2.995	  2.8352556E-4
3.005	  2.7429065E-4
3.015	  2.6536192E-4
3.025	  2.5672905E-4
3.035	  2.4838213E-4
3.045	  2.4031155E-4
3.055	  2.3250804E-4
3.065	  2.2496266E-4
3.075	  2.1766672E-4
3.085	  2.1061189E-4
3.095	  2.0379008E-4
3.105	  1.9719347E-4
3.115	  1.9081452E-4
3.125	  1.8464595E-4
3.135	  1.7868073E-4
3.145	  1.7291201E-4
3.155	  1.6733326E-4
3.165	  1.619381E-4
3.175	  1.567204E-4
3.185	  1.5167423E-4
3.195	  1.4679387E-4
3.205	  1.4207378E-4
3.215	  1.3750858E-4
3.225	  1.3309316E-4
3.235	  1.2882246E-4
3.245	  1.246917E-4
3.255	  1.2069619E-4
3.265	  1.16831434E-4
3.275	  1.1309308E-4
3.285	  1.09476925E-4
3.295	  1.059789E-4
3.305	  1.0259507E-4
3.315	  9.932164E-5
3.325	  9.615495E-5
3.335	  9.3091454E-5
3.345	  9.0127716E-5
3.355	  8.726044E-5
3.365	  8.4486426E-5
3.375	  8.180257E-5
3.385	  7.92059E-5
3.395	  7.6693526E-5
3.405	  7.426266E-5
3.415	  7.1910596E-5
3.425	  6.9634734E-5
3.435	  6.7432564E-5
3.445	  6.530164E-5
3.455	  6.3239626E-5
3.465	  6.124424E-5
3.475	  5.9313283E-5
3.485	  5.7444635E-5
3.495	  5.5636247E-5
3.505	  5.388613E-5
3.515	  5.2192376E-5
3.525	  5.0553124E-5
3.535	  4.8966587E-5
3.545	  4.7431036E-5
3.555	  4.5944795E-5
3.565	  4.4506247E-5
3.575	  4.3113832E-5
3.585	  4.1766034E-5
3.595	  4.0461397E-5
3.605	  3.919851E-5
3.615	  3.7976E-5
3.625	  3.6792553E-5
3.635	  3.56469E-5
3.645	  3.4537796E-5
3.655	  3.3464057E-5
3.665	  3.2424527E-5
3.675	  3.141809E-5
3.685	  3.0443674E-5
3.695	  2.9500237E-5
3.705	  2.8586768E-5
3.715	  2.7702295E-5
3.725	  2.6845879E-5
3.735	  2.6016607E-5
3.745	  2.5213601E-5
3.755	  2.4436009E-5
3.765	  2.3683007E-5
3.775	  2.2953802E-5
3.785	  2.2247623E-5
3.795	  2.1563726E-5
3.805	  2.0901394E-5
3.815	  2.0259928E-5
3.825	  1.9638655E-5
3.835	  1.9036926E-5
3.845	  1.8454111E-5
3.855	  1.7889603E-5
3.865	  1.7342812E-5
3.875	  1.6813168E-5
3.885	  1.6300122E-5
3.895	  1.5803142E-5
3.905	  1.532171E-5
3.915	  1.4855329E-5
3.925	  1.44035175E-5
3.935	  1.39658105E-5
3.945	  1.3541755E-5
3.955	  1.3130916E-5
3.965	  1.2732872E-5
3.975	  1.2347214E-5
3.985	  1.1973547E-5
3.995	  1.161149E-5
4.005	  1.1260672E-5



DATASET #3

     Name: BPT Fit
   Points: 401
     Info: Mean = 100.0, Aperiodicity = 0.5, Duration = 30.0, Delta T = 1.0, Num Points = 500, Historic Open Interval = 0.0
Computed mean = 0.99897206

Data[x,y]:
0.0	  0.0
0.01	  0.0
0.02	  0.0
0.03	  0.0
0.04	  3.53832E-40
0.05	  1.5779271E-31
0.06	  8.640352E-26
0.07	  1.0346451E-21
0.08	  1.1412965E-18
0.09	  2.575577E-16
0.1	  1.918095E-14
0.11	  6.387924E-13
0.12	  1.1647043E-11
0.13	  1.337199E-10
0.14	  1.0681809E-9
0.15	  6.3871566E-9
0.16	  3.0196983E-8
0.17	  1.1769934E-7
0.18	  3.9070272E-7
0.19	  1.1331942E-6
0.2	  2.9311316E-6
0.21	  6.874244E-6
0.22	  1.4816473E-5
0.23	  2.967833E-5
0.24	  5.576229E-5
0.25	  9.90446E-5
0.26	  1.67405E-4
0.27	  2.7076056E-4
0.28	  4.2107893E-4
0.29	  6.322592E-4
0.3	  9.198811E-4
0.31	  0.0013008364
0.32	  0.0017928642
0.33	  0.0024140198
0.34	  0.0031821094
0.35	  0.0041141207
0.36	  0.005225681
0.37	  0.006530562
0.38	  0.008040262
0.39	  0.009763665
0.4	  0.011706785
0.41	  0.0138726225
0.42	  0.016261091
0.43	  0.018869037
0.44	  0.021690339
0.45	  0.024716066
0.46	  0.027934698
0.47	  0.031332385
0.48	  0.034893233
0.49	  0.038599625
0.5	  0.042432535
0.51	  0.046371847
0.52	  0.05039669
0.53	  0.054485723
0.54	  0.058617447
0.55	  0.06277044
0.56	  0.066923626
0.57	  0.071056485
0.58	  0.07514923
0.59	  0.07918299
0.6	  0.08313992
0.61	  0.08700334
0.62	  0.0907578
0.63	  0.094389156
0.64	  0.097884595
0.65	  0.10123266
0.66	  0.10442328
0.67	  0.10744772
0.68	  0.11029859
0.69	  0.112969786
0.7	  0.11545648
0.71	  0.117754996
0.72	  0.11986285
0.73	  0.121778585
0.74	  0.123501785
0.75	  0.12503295
0.76	  0.12637345
0.77	  0.12752548
0.78	  0.12849186
0.79	  0.12927619
0.8	  0.12988253
0.81	  0.13031553
0.82	  0.13058026
0.83	  0.13068219
0.84	  0.13062708
0.85	  0.13042103
0.86	  0.13007028
0.87	  0.12958132
0.88	  0.12896071
0.89	  0.12821513
0.9	  0.12735127
0.91	  0.12637587
0.92	  0.12529561
0.93	  0.12411715
0.94	  0.122847065
0.95	  0.12149183
0.96	  0.12005779
0.97	  0.11855118
0.98	  0.11697805
0.99	  0.11534431
1.0	  0.113655664
1.01	  0.11191767
1.02	  0.110135645
1.03	  0.108314745
1.04	  0.1064599
1.05	  0.10457584
1.06	  0.102667086
1.07	  0.10073795
1.08	  0.09879254
1.09	  0.096834734
1.1	  0.09486823
1.11	  0.09289651
1.12	  0.09092288
1.13	  0.0889504
1.14	  0.086982
1.15	  0.08502038
1.16	  0.08306808
1.17	  0.08112746
1.18	  0.07920071
1.19	  0.07728985
1.2	  0.07539676
1.21	  0.07352316
1.22	  0.071670614
1.23	  0.069840565
1.24	  0.06803431
1.25	  0.06625303
1.26	  0.06449776
1.27	  0.06276946
1.28	  0.061068945
1.29	  0.059396945
1.3	  0.05775409
1.31	  0.056140915
1.32	  0.054557864
1.33	  0.053005308
1.34	  0.051483538
1.35	  0.049992763
1.36	  0.04853314
1.37	  0.04710475
1.38	  0.045707624
1.39	  0.044341736
1.4	  0.043007
1.41	  0.0417033
1.42	  0.04043046
1.43	  0.039188273
1.44	  0.037976496
1.45	  0.03679485
1.46	  0.035643023
1.47	  0.03452068
1.48	  0.03342745
1.49	  0.032362957
1.5	  0.031326793
1.51	  0.030318534
1.52	  0.029337738
1.53	  0.028383952
1.54	  0.027456712
1.55	  0.02655554
1.56	  0.02567995
1.57	  0.024829453
1.58	  0.02400355
1.59	  0.023201738
1.6	  0.022423511
1.61	  0.021668365
1.62	  0.020935787
1.63	  0.020225272
1.64	  0.01953631
1.65	  0.0188684
1.66	  0.018221036
1.67	  0.017593715
1.68	  0.016985947
1.69	  0.01639724
1.7	  0.015827104
1.71	  0.015275062
1.72	  0.014740638
1.73	  0.014223364
1.74	  0.013722779
1.75	  0.013238428
1.76	  0.012769863
1.77	  0.012316646
1.78	  0.011878343
1.79	  0.011454533
1.8	  0.011044797
1.81	  0.010648728
1.82	  0.010265928
1.83	  0.009896005
1.84	  0.009538574
1.85	  0.009193264
1.86	  0.008859706
1.87	  0.008537545
1.88	  0.008226429
1.89	  0.007926019
1.9	  0.0076359822
1.91	  0.0073559936
1.92	  0.0070857373
1.93	  0.0068249055
1.94	  0.006573197
1.95	  0.006330321
1.96	  0.006095992
1.97	  0.0058699334
1.98	  0.0056518763
1.99	  0.005441559
2.0	  0.0052387267
2.01	  0.005043132
2.02	  0.0048545357
2.03	  0.004672704
2.04	  0.00449741
2.05	  0.004328434
2.06	  0.0041655633
2.07	  0.0040085902
2.08	  0.0038573148
2.09	  0.003711542
2.1	  0.0035710835
2.11	  0.003435756
2.12	  0.0033053826
2.13	  0.0031797916
2.14	  0.0030588168
2.15	  0.0029422971
2.16	  0.0028300767
2.17	  0.0027220047
2.18	  0.0026179352
2.19	  0.0025177265
2.2	  0.0024212424
2.21	  0.0023283504
2.22	  0.0022389228
2.23	  0.0021528355
2.24	  0.0020699692
2.25	  0.0019902086
2.26	  0.0019134415
2.27	  0.0018395602
2.28	  0.0017684604
2.29	  0.0017000412
2.3	  0.0016342055
2.31	  0.0015708589
2.32	  0.0015099109
2.33	  0.0014512737
2.34	  0.0013948628
2.35	  0.0013405962
2.36	  0.0012883955
2.37	  0.0012381842
2.38	  0.0011898888
2.39	  0.0011434387
2.4	  0.0010987655
2.41	  0.0010558031
2.42	  0.0010144879
2.43	  9.7475864E-4
2.44	  9.36556E-4
2.45	  8.9982303E-4
2.46	  8.645046E-4
2.47	  8.305478E-4
2.48	  7.979014E-4
2.49	  7.6651614E-4
2.5	  7.3634455E-4
2.51	  7.073408E-4
2.52	  6.794607E-4
2.53	  6.526619E-4
2.54	  6.269033E-4
2.55	  6.021455E-4
2.56	  5.783505E-4
2.57	  5.5548165E-4
2.58	  5.335036E-4
2.59	  5.1238254E-4
2.6	  4.9208564E-4
2.61	  4.725814E-4
2.62	  4.5383952E-4
2.63	  4.3583076E-4
2.64	  4.1852702E-4
2.65	  4.019012E-4
2.66	  3.8592724E-4
2.67	  3.7058006E-4
2.68	  3.558355E-4
2.69	  3.4167035E-4
2.7	  3.280622E-4
2.71	  3.149895E-4
2.72	  3.024316E-4
2.73	  2.903685E-4
2.74	  2.7878108E-4
2.75	  2.6765084E-4
2.76	  2.5696005E-4
2.77	  2.466916E-4
2.78	  2.3682909E-4
2.79	  2.273567E-4
2.8	  2.1825921E-4
2.81	  2.0952203E-4
2.82	  2.0113106E-4
2.83	  1.9307277E-4
2.84	  1.853342E-4
2.85	  1.7790278E-4
2.86	  1.7076652E-4
2.87	  1.6391384E-4
2.88	  1.573336E-4
2.89	  1.5101513E-4
2.9	  1.4494815E-4
2.91	  1.3912274E-4
2.92	  1.3352942E-4
2.93	  1.2815907E-4
2.94	  1.2300287E-4
2.95	  1.180524E-4
2.96	  1.1329954E-4
2.97	  1.08736494E-4
2.98	  1.04355764E-4
2.99	  1.0015014E-4
3.0	  9.61127E-5
3.01	  9.223679E-5
3.02	  8.851602E-5
3.03	  8.494423E-5
3.04	  8.151552E-5
3.05	  7.822422E-5
3.06	  7.5064876E-5
3.07	  7.203224E-5
3.08	  6.912129E-5
3.09	  6.6327186E-5
3.1	  6.3645275E-5
3.11	  6.107109E-5
3.12	  5.860035E-5
3.13	  5.6228935E-5
3.14	  5.395288E-5
3.15	  5.1768387E-5
3.16	  4.9671806E-5
3.17	  4.765962E-5
3.18	  4.572847E-5
3.19	  4.387511E-5
3.2	  4.209643E-5
3.21	  4.0389456E-5
3.22	  3.8751306E-5
3.23	  3.7179234E-5
3.24	  3.567059E-5
3.25	  3.4222838E-5
3.26	  3.2833534E-5
3.27	  3.1500334E-5
3.28	  3.0220994E-5
3.29	  2.8993349E-5
3.3	  2.7815326E-5
3.31	  2.6684931E-5
3.32	  2.5600251E-5
3.33	  2.4559453E-5
3.34	  2.3560768E-5
3.35	  2.2602506E-5
3.36	  2.168304E-5
3.37	  2.0800808E-5
3.38	  1.9954314E-5
3.39	  1.9142117E-5
3.4	  1.8362834E-5
3.41	  1.7615142E-5
3.42	  1.6897768E-5
3.43	  1.6209486E-5
3.44	  1.5549123E-5
3.45	  1.4915558E-5
3.46	  1.4307703E-5
3.47	  1.3724524E-5
3.48	  1.3165024E-5
3.49	  1.2628246E-5
3.5	  1.2113272E-5
3.51	  1.161922E-5
3.52	  1.11452455E-5
3.53	  1.0690535E-5
3.54	  1.0254312E-5
3.55	  9.835825E-6
3.56	  9.434359E-6
3.57	  9.049223E-6
3.58	  8.679757E-6
3.59	  8.325326E-6
3.6	  7.985321E-6
3.61	  7.659157E-6
3.62	  7.346273E-6
3.63	  7.0461306E-6
3.64	  6.758213E-6
3.65	  6.482025E-6
3.66	  6.2170902E-6
3.67	  5.962952E-6
3.68	  5.719172E-6
3.69	  5.4853294E-6
3.7	  5.261021E-6
3.71	  5.0458602E-6
3.72	  4.839474E-6
3.73	  4.641507E-6
3.74	  4.4516164E-6
3.75	  4.2694737E-6
3.76	  4.094765E-6
3.77	  3.9271863E-6
3.78	  3.766449E-6
3.79	  3.612274E-6
3.8	  3.4643947E-6
3.81	  3.3225544E-6
3.82	  3.1865077E-6
3.83	  3.0560186E-6
3.84	  2.9308605E-6
3.85	  2.8108166E-6
3.86	  2.6956786E-6
3.87	  2.5852464E-6
3.88	  2.4793283E-6
3.89	  2.3777402E-6
3.9	  2.2803058E-6
3.91	  2.186856E-6
3.92	  2.0972277E-6
3.93	  2.0112652E-6
3.94	  1.9288195E-6
3.95	  1.8497465E-6
3.96	  1.7739088E-6
3.97	  1.7011746E-6
3.98	  1.6314169E-6
3.99	  1.5645144E-6
4.0	  1.5003503E-6


