
X-Axis: Normalized Distance Along Strike
Y-Axis: Hypocenter Density
Number of Data Sets: 4


DATASET #1

     Name: 
   Points: 31
     Info: 

Data[x,y]:
0.05	  0.0
0.15	  0.011111111
0.25	  0.0074074073
0.35	  0.014814815
0.45	  0.018518519
0.55	  0.022222223
0.65	  0.033333335
0.75	  0.022222223
0.85	  0.022222223
0.95	  0.11481482
1.05	  0.096296296
1.15	  0.048148148
1.25	  0.025925925
1.35	  0.022222223
1.45	  0.04074074
1.55	  0.04074074
1.65	  0.022222223
1.75	  0.025925925
1.85	  0.048148148
1.95	  0.096296296
2.05	  0.11481482
2.15	  0.022222223
2.25	  0.022222223
2.35	  0.033333335
2.45	  0.022222223
2.55	  0.018518519
2.65	  0.014814815
2.75	  0.0074074073
2.85	  0.011111111
2.95	  0.0
3.05	  0.0



DATASET #2

     Name: 
   Points: 31
     Info: 

Data[x,y]:
0.05	  0.0
0.15	  0.0
0.25	  0.0
0.35	  0.0
0.45	  0.0
0.55	  0.0
0.65	  0.0
0.75	  0.0
0.85	  0.0
0.95	  0.0
1.05	  0.0
1.15	  0.0
1.25	  0.0
1.35	  0.0074074073
1.45	  0.0037037036
1.55	  0.0037037036
1.65	  0.0074074073
1.75	  0.0
1.85	  0.0
1.95	  0.0
2.05	  0.0
2.15	  0.0
2.25	  0.0
2.35	  0.0
2.45	  0.0
2.55	  0.0
2.65	  0.0
2.75	  0.0
2.85	  0.0
2.95	  0.0
3.05	  0.0



DATASET #3

Name: 
Num Points: 4
Info: 

X, Y Data:
0.021	  0.0016074074
0.021	  0.15913333
2.979	  0.15913333
2.979	  0.0016074074



DATASET #4

Name: 
Num Points: 4
Info: 

X, Y Data:
1.0	  0.0016074074
1.0	  0.14305925
2.0	  0.14305925
2.0	  0.0016074074


