
X-Axis: Average Normalized Interevent Time
Y-Axis: Probability
Number of Data Sets: 3


DATASET #1

     Name: JG 2194 K2 Histogram
   Points: 41
     Info: 

Data[x,y]:
0.05	  0.02167487
0.15	  0.011058935
0.25	  0.015110388
0.35	  0.02060361
0.45	  0.027667474
0.55	  0.036132835
0.65	  0.048432175
0.75	  0.06704631
0.85	  0.10533777
0.95	  0.1526101
1.05	  0.14983125
1.15	  0.12453183
1.25	  0.088278174
1.35	  0.056100134
1.45	  0.03134842
1.55	  0.017937545
1.65	  0.009560784
1.75	  0.0056220954
1.85	  0.0039789616
1.95	  0.0024163732
2.05	  0.0014739877
2.15	  0.0010551497
2.25	  6.604754E-4
2.35	  3.5440142E-4
2.45	  2.4163733E-4
2.55	  1.9330987E-4
2.65	  8.0545775E-5
2.75	  1.449824E-4
2.85	  9.6654934E-5
2.95	  8.8600355E-5
3.05	  4.0272887E-5
3.15	  6.443662E-5
3.25	  3.221831E-5
3.35	  3.221831E-5
3.45	  1.6109156E-5
3.55	  1.6109156E-5
3.65	  3.221831E-5
3.75	  2.4163734E-5
3.85	  3.221831E-5
3.95	  8.054578E-6
4.05	  3.221831E-5



DATASET #2

     Name: Log-Normal Fit
   Points: 401
     Info: 

Data[x,y]:
0.005	  0.0
0.015	  1.77164E-26
0.025	  2.0312161E-21
0.035	  3.677189E-18
0.045	  7.9725044E-16
0.055	  4.8314888E-14
0.065	  1.25952E-12
0.075	  1.8112511E-11
0.085	  1.6797544E-10
0.095	  1.1149097E-9
0.105	  5.6948393E-9
0.115	  2.3588969E-8
0.125	  8.237427E-8
0.135	  2.4977106E-7
0.145	  6.728044E-7
0.155	  1.6393014E-6
0.165	  3.6653582E-6
0.175	  7.6092597E-6
0.185	  1.48083345E-5
0.195	  2.723114E-5
0.205	  4.763393E-5
0.215	  7.970814E-5
0.225	  1.2820498E-4
0.235	  1.9902429E-4
0.245	  2.992569E-4
0.255	  4.371733E-4
0.265	  6.2215526E-4
0.275	  8.645708E-4
0.285	  0.001175597
0.295	  0.0015669981
0.305	  0.0020508678
0.315	  0.0026393484
0.325	  0.0033443375
0.335	  0.004177194
0.345	  0.005148455
0.355	  0.006267573
0.365	  0.0075426833
0.375	  0.0089804
0.385	  0.010585662
0.395	  0.012361607
0.405	  0.014309503
0.415	  0.01642871
0.425	  0.018716687
0.435	  0.02116904
0.445	  0.023779592
0.455	  0.026540492
0.465	  0.029442353
0.475	  0.032474395
0.485	  0.03562461
0.495	  0.038879946
0.505	  0.04222648
0.515	  0.045649614
0.525	  0.049134243
0.535	  0.052664947
0.545	  0.056226153
0.555	  0.0598023
0.565	  0.06337799
0.575	  0.06693814
0.585	  0.07046806
0.595	  0.07395363
0.605	  0.077381335
0.615	  0.080738395
0.625	  0.08401281
0.635	  0.08719341
0.645	  0.0902699
0.655	  0.093232915
0.665	  0.09607401
0.675	  0.09878567
0.685	  0.10136131
0.695	  0.1037953
0.705	  0.10608288
0.715	  0.108220205
0.725	  0.11020427
0.735	  0.1120329
0.745	  0.1137047
0.755	  0.115219004
0.765	  0.116575874
0.775	  0.117776
0.785	  0.11882069
0.795	  0.1197118
0.805	  0.12045172
0.815	  0.12104328
0.825	  0.12148975
0.835	  0.12179477
0.845	  0.1219623
0.855	  0.121996604
0.865	  0.121902175
0.875	  0.12168375
0.885	  0.12134619
0.895	  0.12089453
0.905	  0.1203339
0.915	  0.11966952
0.925	  0.118906625
0.935	  0.11805049
0.945	  0.1171064
0.955	  0.1160796
0.965	  0.11497527
0.975	  0.11379858
0.985	  0.11255458
0.995	  0.11124823
1.005	  0.1098844
1.015	  0.10846784
1.025	  0.10700316
1.035	  0.10549485
1.045	  0.10394726
1.055	  0.10236458
1.065	  0.10075085
1.075	  0.09910998
1.085	  0.0974457
1.095	  0.095761575
1.105	  0.09406103
1.115	  0.09234733
1.125	  0.09062357
1.135	  0.088892706
1.145	  0.08715751
1.155	  0.08542063
1.165	  0.08368455
1.175	  0.0819516
1.185	  0.08022401
1.195	  0.078503795
1.205	  0.07679291
1.215	  0.07509313
1.225	  0.073406115
1.235	  0.07173342
1.245	  0.07007646
1.255	  0.06843653
1.265	  0.06681485
1.275	  0.065212496
1.285	  0.06363047
1.295	  0.062069662
1.305	  0.060530886
1.315	  0.059014853
1.325	  0.0575222
1.335	  0.05605349
1.345	  0.054609194
1.355	  0.053189736
1.365	  0.051795453
1.375	  0.050426632
1.385	  0.049083497
1.395	  0.047766216
1.405	  0.046474904
1.415	  0.04520963
1.425	  0.04397042
1.435	  0.04275725
1.445	  0.041570064
1.455	  0.040408768
1.465	  0.03927323
1.475	  0.038163286
1.485	  0.037078753
1.495	  0.03601942
1.505	  0.034985032
1.515	  0.033975344
1.525	  0.032990064
1.535	  0.0320289
1.545	  0.03109153
1.555	  0.030177627
1.565	  0.029286847
1.575	  0.028418833
1.585	  0.027573224
1.595	  0.026749646
1.605	  0.025947718
1.615	  0.025167054
1.625	  0.02440726
1.635	  0.023667943
1.645	  0.022948701
1.655	  0.022249136
1.665	  0.021568846
1.675	  0.020907424
1.685	  0.020264471
1.695	  0.019639583
1.705	  0.019032363
1.715	  0.018442407
1.725	  0.017869325
1.735	  0.01731272
1.745	  0.016772205
1.755	  0.016247392
1.765	  0.015737902
1.775	  0.015243358
1.785	  0.014763387
1.795	  0.014297622
1.805	  0.013845702
1.815	  0.0134072695
1.825	  0.0129819745
1.835	  0.012569473
1.845	  0.012169426
1.855	  0.011781501
1.865	  0.011405369
1.875	  0.011040713
1.885	  0.010687216
1.895	  0.010344573
1.905	  0.01001248
1.915	  0.009690644
1.925	  0.009378775
1.935	  0.009076591
1.945	  0.008783815
1.955	  0.008500179
1.965	  0.008225419
1.975	  0.0079592755
1.985	  0.0077015
1.995	  0.007451846
2.005	  0.0072100745
2.015	  0.006975953
2.025	  0.0067492533
2.035	  0.0065297545
2.045	  0.006317241
2.055	  0.006111502
2.065	  0.0059123337
2.075	  0.005719536
2.085	  0.0055329152
2.095	  0.005352283
2.105	  0.0051774555
2.115	  0.0050082547
2.125	  0.0048445063
2.135	  0.004686042
2.145	  0.0045326985
2.155	  0.0043843156
2.165	  0.0042407387
2.175	  0.0041018175
2.185	  0.003967406
2.195	  0.0038373626
2.205	  0.003711549
2.215	  0.003589832
2.225	  0.0034720819
2.235	  0.0033581727
2.245	  0.0032479821
2.255	  0.0031413918
2.265	  0.003038287
2.275	  0.002938556
2.285	  0.0028420908
2.295	  0.0027487862
2.305	  0.0026585413
2.315	  0.002571257
2.325	  0.002486838
2.335	  0.0024051918
2.345	  0.0023262284
2.355	  0.0022498614
2.365	  0.002176006
2.375	  0.002104581
2.385	  0.0020355072
2.395	  0.0019687084
2.405	  0.0019041098
2.415	  0.0018416402
2.425	  0.0017812297
2.435	  0.0017228111
2.445	  0.0016663192
2.455	  0.001611691
2.465	  0.0015588651
2.475	  0.0015077824
2.485	  0.0014583858
2.495	  0.0014106198
2.505	  0.0013644309
2.515	  0.0013197669
2.525	  0.0012765778
2.535	  0.0012348149
2.545	  0.001194431
2.555	  0.0011553809
2.565	  0.0011176204
2.575	  0.0010811068
2.585	  0.001045799
2.595	  0.0010116572
2.605	  9.786426E-4
2.615	  9.4671804E-4
2.625	  9.158474E-4
2.635	  8.8599586E-4
2.645	  8.571295E-4
2.655	  8.292158E-4
2.665	  8.022231E-4
2.675	  7.7612087E-4
2.685	  7.508795E-4
2.695	  7.264706E-4
2.705	  7.0286647E-4
2.715	  6.8004034E-4
2.725	  6.579665E-4
2.735	  6.366198E-4
2.745	  6.159763E-4
2.755	  5.960125E-4
2.765	  5.767059E-4
2.775	  5.580347E-4
2.785	  5.3997774E-4
2.795	  5.2251463E-4
2.805	  5.056257E-4
2.815	  4.8929185E-4
2.825	  4.7349458E-4
2.835	  4.5821618E-4
2.845	  4.4343935E-4
2.855	  4.2914748E-4
2.865	  4.1532444E-4
2.875	  4.019547E-4
2.885	  3.8902316E-4
2.895	  3.7651532E-4
2.905	  3.6441715E-4
2.915	  3.52715E-4
2.925	  3.4139573E-4
2.935	  3.304467E-4
2.945	  3.198556E-4
2.955	  3.0961056E-4
2.965	  2.9970016E-4
2.975	  2.9011324E-4
2.985	  2.8083913E-4
2.995	  2.7186744E-4
3.005	  2.631882E-4
3.015	  2.547917E-4
3.025	  2.466686E-4
3.035	  2.3880987E-4
3.045	  2.3120674E-4
3.055	  2.2385077E-4
3.065	  2.167338E-4
3.075	  2.0984793E-4
3.085	  2.0318554E-4
3.095	  1.9673925E-4
3.105	  1.905019E-4
3.115	  1.8446665E-4
3.125	  1.7862681E-4
3.135	  1.7297594E-4
3.145	  1.6750782E-4
3.155	  1.6221643E-4
3.165	  1.5709596E-4
3.175	  1.5214077E-4
3.185	  1.4734545E-4
3.195	  1.4270474E-4
3.205	  1.3821354E-4
3.215	  1.3386695E-4
3.225	  1.2966026E-4
3.235	  1.2558882E-4
3.245	  1.21648234E-4
3.255	  1.17834206E-4
3.265	  1.141426E-4
3.275	  1.1056938E-4
3.285	  1.071107E-4
3.295	  1.037628E-4
3.305	  1.0052208E-4
3.315	  9.7385004E-5
3.325	  9.4348215E-5
3.335	  9.140843E-5
3.345	  8.856248E-5
3.355	  8.5807325E-5
3.365	  8.3139996E-5
3.375	  8.055763E-5
3.385	  7.805746E-5
3.395	  7.563683E-5
3.405	  7.329314E-5
3.415	  7.10239E-5
3.425	  6.8826674E-5
3.435	  6.6699155E-5
3.445	  6.463906E-5
3.455	  6.264421E-5
3.465	  6.0712504E-5
3.475	  5.8841884E-5
3.485	  5.7030382E-5
3.495	  5.5276087E-5
3.505	  5.3577147E-5
3.515	  5.1931776E-5
3.525	  5.033825E-5
3.535	  4.8794893E-5
3.545	  4.7300095E-5
3.555	  4.5852285E-5
3.565	  4.4449956E-5
3.575	  4.3091648E-5
3.585	  4.177594E-5
3.595	  4.050147E-5
3.605	  3.926691E-5
3.615	  3.8070986E-5
3.625	  3.6912454E-5
3.635	  3.5790123E-5
3.645	  3.470283E-5
3.655	  3.3649452E-5
3.665	  3.2628912E-5
3.675	  3.164016E-5
3.685	  3.0682182E-5
3.695	  2.9753992E-5
3.705	  2.8854643E-5
3.715	  2.798322E-5
3.725	  2.7138833E-5
3.735	  2.632062E-5
3.745	  2.5527752E-5
3.755	  2.4759422E-5
3.765	  2.4014855E-5
3.775	  2.3293293E-5
3.785	  2.2594011E-5
3.795	  2.1916303E-5
3.805	  2.1259486E-5
3.815	  2.06229E-5
3.825	  2.0005904E-5
3.835	  1.9407884E-5
3.845	  1.8828237E-5
3.855	  1.8266386E-5
3.865	  1.7721772E-5
3.875	  1.719385E-5
3.885	  1.6682097E-5
3.895	  1.6186004E-5
3.905	  1.570508E-5
3.915	  1.52388475E-5
3.925	  1.4786849E-5
3.935	  1.4348635E-5
3.945	  1.3923777E-5
3.955	  1.3511856E-5
3.965	  1.3112468E-5
3.975	  1.27252215E-5
3.985	  1.23497375E-5
3.995	  1.19856495E-5
4.005	  1.1632603E-5



DATASET #3

     Name: BPT Fit
   Points: 401
     Info: Mean = 100.0, Aperiodicity = 0.5, Duration = 30.0, Delta T = 1.0, Num Points = 500, Historic Open Interval = 0.0
Computed mean = 0.97022814

Data[x,y]:
0.0	  0.0
0.01	  0.0
0.02	  0.0
0.03	  0.0
0.04	  4.735714E-37
0.05	  4.6014905E-29
0.06	  9.125854E-24
0.07	  5.2915422E-20
0.08	  3.3889265E-17
0.09	  5.011415E-15
0.1	  2.6617215E-13
0.11	  6.723746E-12
0.12	  9.738467E-11
0.13	  9.202978E-10
0.14	  6.2224492E-9
0.15	  3.2203996E-8
0.16	  1.3419421E-7
0.17	  4.679545E-7
0.18	  1.4071647E-6
0.19	  3.7361742E-6
0.2	  8.925949E-6
0.21	  1.9483152E-5
0.22	  3.9342383E-5
0.23	  7.4255615E-5
0.24	  1.321251E-4
0.25	  2.2322849E-4
0.26	  3.6029573E-4
0.27	  5.5841496E-4
0.28	  8.3476363E-4
0.29	  0.0012081797
0.3	  0.0016986025
0.31	  0.0023264214
0.32	  0.0031117785
0.33	  0.004073866
0.34	  0.0052302605
0.35	  0.006596324
0.36	  0.008184699
0.37	  0.010004917
0.38	  0.012063115
0.39	  0.014361883
0.4	  0.016900215
0.41	  0.019673578
0.42	  0.022674052
0.43	  0.025890565
0.44	  0.029309187
0.45	  0.032913458
0.46	  0.03668476
0.47	  0.040602695
0.48	  0.04464549
0.49	  0.048790354
0.5	  0.05301388
0.51	  0.05729236
0.52	  0.061602134
0.53	  0.065919876
0.54	  0.07022284
0.55	  0.0744891
0.56	  0.078697756
0.57	  0.08282907
0.58	  0.086864606
0.59	  0.09078732
0.6	  0.09458166
0.61	  0.09823357
0.62	  0.10173055
0.63	  0.105061606
0.64	  0.108217314
0.65	  0.11118971
0.66	  0.11397229
0.67	  0.11655994
0.68	  0.118948855
0.69	  0.121136524
0.7	  0.12312159
0.71	  0.12490378
0.72	  0.12648389
0.73	  0.12786359
0.74	  0.12904543
0.75	  0.13003272
0.76	  0.13082948
0.77	  0.13144033
0.78	  0.13187037
0.79	  0.13212527
0.8	  0.132211
0.81	  0.1321339
0.82	  0.13190058
0.83	  0.13151784
0.84	  0.13099267
0.85	  0.13033213
0.86	  0.12954338
0.87	  0.12863362
0.88	  0.12760998
0.89	  0.1264796
0.9	  0.12524952
0.91	  0.123926684
0.92	  0.12251792
0.93	  0.12102989
0.94	  0.11946911
0.95	  0.11784192
0.96	  0.11615447
0.97	  0.11441268
0.98	  0.112622306
0.99	  0.11078887
1.0	  0.108917646
1.01	  0.107013725
1.02	  0.105081946
1.03	  0.10312694
1.04	  0.101153105
1.05	  0.0991646
1.06	  0.09716538
1.07	  0.09515918
1.08	  0.09314951
1.09	  0.09113968
1.1	  0.08913279
1.11	  0.087131746
1.12	  0.085139245
1.13	  0.08315781
1.14	  0.081189774
1.15	  0.079237305
1.16	  0.0773024
1.17	  0.075386874
1.18	  0.07349242
1.19	  0.07162056
1.2	  0.06977268
1.21	  0.06795004
1.22	  0.06615375
1.23	  0.06438481
1.24	  0.06264411
1.25	  0.060932416
1.26	  0.05925041
1.27	  0.057598658
1.28	  0.055977643
1.29	  0.054387752
1.3	  0.05282931
1.31	  0.05130254
1.32	  0.04980762
1.33	  0.04834464
1.34	  0.046913635
1.35	  0.04551459
1.36	  0.04414743
1.37	  0.04281203
1.38	  0.041508224
1.39	  0.0402358
1.4	  0.03899451
1.41	  0.037784066
1.42	  0.03660415
1.43	  0.03545443
1.44	  0.03433452
1.45	  0.033244036
1.46	  0.032182552
1.47	  0.031149643
1.48	  0.030144854
1.49	  0.029167717
1.5	  0.028217757
1.51	  0.027294483
1.52	  0.026397401
1.53	  0.025526002
1.54	  0.024679778
1.55	  0.023858212
1.56	  0.023060787
1.57	  0.022286981
1.58	  0.021536272
1.59	  0.02080814
1.6	  0.020102065
1.61	  0.019417526
1.62	  0.018754011
1.63	  0.018111005
1.64	  0.017488003
1.65	  0.016884498
1.66	  0.016299995
1.67	  0.015733998
1.68	  0.015186026
1.69	  0.014655597
1.7	  0.014142238
1.71	  0.013645483
1.72	  0.013164877
1.73	  0.012699968
1.74	  0.012250315
1.75	  0.011815485
1.76	  0.01139505
1.77	  0.010988595
1.78	  0.010595711
1.79	  0.010215998
1.8	  0.009849064
1.81	  0.009494527
1.82	  0.009152013
1.83	  0.008821156
1.84	  0.0085016
1.85	  0.008192995
1.86	  0.007895002
1.87	  0.0076072905
1.88	  0.0073295366
1.89	  0.007061426
1.9	  0.006802652
1.91	  0.006552916
1.92	  0.0063119275
1.93	  0.0060794046
1.94	  0.005855072
1.95	  0.005638662
1.96	  0.005429915
1.97	  0.005228579
1.98	  0.005034409
1.99	  0.004847166
2.0	  0.0046666195
2.01	  0.0044925446
2.02	  0.0043247244
2.03	  0.0041629467
2.04	  0.004007007
2.05	  0.0038567067
2.06	  0.003711853
2.07	  0.0035722593
2.08	  0.003437745
2.09	  0.0033081344
2.1	  0.0031832582
2.11	  0.0030629516
2.12	  0.0029470557
2.13	  0.0028354162
2.14	  0.002727884
2.15	  0.002624315
2.16	  0.0025245694
2.17	  0.002428512
2.18	  0.0023360127
2.19	  0.0022469442
2.2	  0.0021611853
2.21	  0.0020786172
2.22	  0.0019991258
2.23	  0.0019226013
2.24	  0.0018489365
2.25	  0.0017780287
2.26	  0.0017097781
2.27	  0.0016440888
2.28	  0.0015808678
2.29	  0.0015200254
2.3	  0.0014614752
2.31	  0.0014051333
2.32	  0.0013509193
2.33	  0.001298755
2.34	  0.0012485655
2.35	  0.001200278
2.36	  0.0011538228
2.37	  0.0011091318
2.38	  0.0010661404
2.39	  0.0010247855
2.4	  9.850062E-4
2.41	  9.4674446E-4
2.42	  9.099436E-4
2.43	  8.745493E-4
2.44	  8.4050914E-4
2.45	  8.0777257E-4
2.46	  7.762907E-4
2.47	  7.460168E-4
2.48	  7.1690534E-4
2.49	  6.8891287E-4
2.5	  6.619972E-4
2.51	  6.3611777E-4
2.52	  6.112356E-4
2.53	  5.873131E-4
2.54	  5.6431384E-4
2.55	  5.422031E-4
2.56	  5.2094704E-4
2.57	  5.005134E-4
2.58	  4.808709E-4
2.59	  4.6198946E-4
2.6	  4.4384017E-4
2.61	  4.2639513E-4
2.62	  4.0962748E-4
2.63	  3.9351138E-4
2.64	  3.7802194E-4
2.65	  3.631352E-4
2.66	  3.4882806E-4
2.67	  3.3507837E-4
2.68	  3.2186473E-4
2.69	  3.0916656E-4
2.7	  2.9696405E-4
2.71	  2.8523817E-4
2.72	  2.7397054E-4
2.73	  2.6314353E-4
2.74	  2.5274017E-4
2.75	  2.4274409E-4
2.76	  2.3313958E-4
2.77	  2.2391148E-4
2.78	  2.1504528E-4
2.79	  2.0652692E-4
2.8	  1.9834298E-4
2.81	  1.9048045E-4
2.82	  1.829269E-4
2.83	  1.7567031E-4
2.84	  1.6869917E-4
2.85	  1.6200237E-4
2.86	  1.5556923E-4
2.87	  1.493895E-4
2.88	  1.434533E-4
2.89	  1.3775115E-4
2.9	  1.3227393E-4
2.91	  1.2701283E-4
2.92	  1.2195944E-4
2.93	  1.17105636E-4
2.94	  1.1244361E-4
2.95	  1.07965876E-4
2.96	  1.036652E-4
2.97	  9.953466E-5
2.98	  9.556759E-5
2.99	  9.175759E-5
3.0	  8.809847E-5
3.01	  8.458434E-5
3.02	  8.120949E-5
3.03	  7.796845E-5
3.04	  7.485596E-5
3.05	  7.186697E-5
3.06	  6.899661E-5
3.07	  6.624022E-5
3.08	  6.359332E-5
3.09	  6.105157E-5
3.1	  5.8610847E-5
3.11	  5.626716E-5
3.12	  5.401668E-5
3.13	  5.1855728E-5
3.14	  4.9780767E-5
3.15	  4.7788406E-5
3.16	  4.5875375E-5
3.17	  4.4038537E-5
3.18	  4.227488E-5
3.19	  4.058151E-5
3.2	  3.8955644E-5
3.21	  3.739461E-5
3.22	  3.5895835E-5
3.23	  3.4456854E-5
3.24	  3.30753E-5
3.25	  3.174889E-5
3.26	  3.047544E-5
3.27	  2.9252846E-5
3.28	  2.8079092E-5
3.29	  2.6952235E-5
3.3	  2.5870415E-5
3.31	  2.4831841E-5
3.32	  2.3834793E-5
3.33	  2.287762E-5
3.34	  2.1958738E-5
3.35	  2.1076621E-5
3.36	  2.0229807E-5
3.37	  1.941689E-5
3.38	  1.863652E-5
3.39	  1.78874E-5
3.4	  1.7168284E-5
3.41	  1.6477978E-5
3.42	  1.5815333E-5
3.43	  1.5179246E-5
3.44	  1.4568655E-5
3.45	  1.3982547E-5
3.46	  1.3419941E-5
3.47	  1.28799E-5
3.48	  1.2361524E-5
3.49	  1.18639455E-5
3.5	  1.1386335E-5
3.51	  1.0927895E-5
3.52	  1.0487858E-5
3.53	  1.0065489E-5
3.54	  9.660082E-6
3.55	  9.270956E-6
3.56	  8.897462E-6
3.57	  8.538974E-6
3.58	  8.194891E-6
3.59	  7.864636E-6
3.6	  7.547656E-6
3.61	  7.2434186E-6
3.62	  6.9514144E-6
3.63	  6.6711523E-6
3.64	  6.402162E-6
3.65	  6.1439914E-6
3.66	  5.8962078E-6
3.67	  5.658393E-6
3.68	  5.4301486E-6
3.69	  5.2110904E-6
3.7	  5.0008493E-6
3.71	  4.799072E-6
3.72	  4.6054183E-6
3.73	  4.4195626E-6
3.74	  4.2411916E-6
3.75	  4.070005E-6
3.76	  3.905714E-6
3.77	  3.7480415E-6
3.78	  3.5967219E-6
3.79	  3.4514997E-6
3.8	  3.31213E-6
3.81	  3.1783775E-6
3.82	  3.0500164E-6
3.83	  2.92683E-6
3.84	  2.80861E-6
3.85	  2.6951568E-6
3.86	  2.5862787E-6
3.87	  2.4817916E-6
3.88	  2.381519E-6
3.89	  2.285291E-6
3.9	  2.192945E-6
3.91	  2.1043247E-6
3.92	  2.0192801E-6
3.93	  1.9376675E-6
3.94	  1.8593483E-6
3.95	  1.7841901E-6
3.96	  1.7120655E-6
3.97	  1.6428523E-6
3.98	  1.5764333E-6
3.99	  1.5126959E-6
4.0	  1.4515321E-6


