
X-Axis: 5.0s SA (g)
Y-Axis: Annual Probabilitiy
Number of Data Sets: 5


DATASET #1

Name: UCERF3
Num Points: 401
Info: 

X, Y Data:
1.0E-4	0.053881746
1.0333392E-4	0.05388165
1.06779E-4	0.053881537
1.1033893E-4	0.053881403
1.14017545E-4	0.053881243
1.178188E-4	0.053881057
1.2174679E-4	0.05388084
1.2580573E-4	0.053880587
1.3E-4	0.05388029
1.334183E-4	0.053880017
1.369265E-4	0.05387971
1.4052694E-4	0.05387937
1.4422205E-4	0.05387898
1.4801433E-4	0.05387855
1.5190631E-4	0.053878058
1.5590065E-4	0.05387751
1.6E-4	0.053876895
1.645257E-4	0.05387615
1.691794E-4	0.05387531
1.7396474E-4	0.053874362
1.7888544E-4	0.053873297
1.8394532E-4	0.0538721
1.8914833E-4	0.053870756
1.944985E-4	0.053869247
2.0E-4	0.05386756
2.0565712E-4	0.05386567
2.1147425E-4	0.053863563
2.1745593E-4	0.053861205
2.236068E-4	0.053858582
2.2993165E-4	0.053855658
2.364354E-4	0.05385241
2.4312311E-4	0.0538488
2.5E-4	0.053844795
2.5783465E-4	0.053839862
2.659148E-4	0.053834345
2.742482E-4	0.053828187
2.8284272E-4	0.053821318
2.917066E-4	0.053813674
3.0084825E-4	0.053805172
3.102764E-4	0.05379574
3.2E-4	0.053785283
3.290514E-4	0.05377487
3.383588E-4	0.053763475
3.4792948E-4	0.053751018
3.5777088E-4	0.053737413
3.6789064E-4	0.05372257
3.7829665E-4	0.053706408
3.88997E-4	0.053688817
4.0E-4	0.053669702
4.1131425E-4	0.053648952
4.229485E-4	0.05362646
4.3491187E-4	0.0536021
4.472136E-4	0.053575758
4.598633E-4	0.053547297
4.728708E-4	0.05351659
4.8624622E-4	0.053483497
5.0E-4	0.05344788
5.1465514E-4	0.053408165
5.2973983E-4	0.05336541
5.4526667E-4	0.053319443
5.612486E-4	0.05327008
5.77699E-4	0.053217147
5.946315E-4	0.053160444
6.120603E-4	0.053099792
6.3E-4	0.05303499
6.4807665E-4	0.05296732
6.6667196E-4	0.0528953
6.858008E-4	0.052818738
7.0547854E-4	0.05273744
7.257209E-4	0.052651223
7.465441E-4	0.052559894
7.6796475E-4	0.052463263
7.9E-4	0.052361146
8.136239E-4	0.052248746
8.379543E-4	0.052129988
8.630122E-4	0.052004665
8.8881946E-4	0.051872585
9.153984E-4	0.051733553
9.427722E-4	0.05158739
9.7096455E-4	0.05143392
0.001	0.051272977
0.0010293103	0.051107775
0.0010594797	0.050935097
0.0010905333	0.05075482
0.0011224973	0.050566826
0.001155398	0.050371014
0.001189263	0.050167285
0.0012241206	0.04995557
0.00126	0.049735796
0.0012961533	0.049512733
0.0013333439	0.049281865
0.0013716016	0.04904317
0.0014109571	0.04879665
0.0014514418	0.048542306
0.0014930882	0.048280165
0.0015359295	0.048010264
0.00158	0.04773266
0.0016272478	0.047435388
0.0016759086	0.047129925
0.0017260244	0.04681638
0.0017776389	0.046494875
0.0018307968	0.046165552
0.0018855444	0.04582857
0.0019419291	0.0454841
0.002	0.045132324
0.0020575977	0.044786647
0.002116854	0.044434562
0.002177817	0.044076275
0.0022405356	0.043711986
0.0023050604	0.04334192
0.0023714434	0.0429663
0.0024397383	0.042585354
0.00251	0.042199325
0.0025833033	0.041802984
0.0026587474	0.041401923
0.0027363948	0.04099639
0.0028163097	0.040586654
0.0028985585	0.04017297
0.0029832094	0.0397556
0.0030703326	0.03933481
0.00316	0.03891085
0.0032524571	0.0384832
0.0033476194	0.03805288
0.003445566	0.03762013
0.0035463783	0.037185207
0.0036501405	0.036748335
0.0037569385	0.036309745
0.003866861	0.035869658
0.00398	0.03542829
0.004096165	0.034986906
0.0042157196	0.034544643
0.0043387646	0.034101684
0.0044654002	0.0336582
0.0045957323	0.033214357
0.0047298684	0.032770317
0.0048679197	0.032326218
0.00501	0.031882197
0.005156579	0.03143733
0.0053074467	0.03099279
0.005462728	0.030548679
0.0056225527	0.030105101
0.0057870536	0.029662143
0.005956367	0.029219892
0.0061306343	0.028778419
0.00631	0.028337795
0.006493865	0.027899833
0.0066830874	0.027462829
0.0068778237	0.027026828
0.007078234	0.026591877
0.0072844843	0.026158014
0.0074967444	0.02572528
0.00771519	0.025293708
0.00794	0.024863329
0.008172275	0.024432508
0.008411343	0.024002953
0.008657407	0.023574693
0.008910668	0.023147764
0.009171338	0.022722194
0.009439633	0.022298021
0.009715778	0.02187528
0.01	0.021454014
0.010292081	0.021034908
0.010592694	0.020617362
0.010902087	0.020201428
0.011220517	0.019787163
0.011548247	0.019374626
0.011885551	0.018963888
0.012232705	0.018555019
0.01259	0.0181481
0.012957647	0.017743303
0.013336032	0.017340625
0.013725464	0.016940165
0.01412627	0.016542025
0.014538779	0.016146313
0.014963334	0.015753139
0.015400288	0.015362625
0.01585	0.014974894
0.016312422	0.014590419
0.016788337	0.014208984
0.017278135	0.013830725
0.017782224	0.013455784
0.01830102	0.013084305
0.01883495	0.012716435
0.019384459	0.012352323
0.01995	0.01199212
0.020533005	0.0116354
0.021133045	0.01128291
0.021750621	0.0109348
0.022386245	0.010591224
0.023040446	0.010252332
0.023713762	0.009918276
0.024406755	0.009589201
0.02512	0.0092652505
0.025853088	0.008946988
0.02660757	0.00863411
0.027384069	0.008326745
0.02818323	0.008025016
0.029005712	0.007729042
0.029852198	0.007438933
0.030723387	0.007154792
0.03162	0.006876715
0.032543603	0.006604553
0.033494186	0.006338633
0.034472536	0.0060790256
0.03547946	0.005825792
0.0365158	0.005578985
0.03758241	0.005338647
0.03868017	0.005104811
0.03981	0.0048774993
0.040972695	0.0046567507
0.042169347	0.0044425423
0.04340095	0.0042348667
0.044668525	0.004033709
0.04597312	0.0038390418
0.047315817	0.0036508308
0.04869773	0.003469031
0.05012	0.003293589
0.0515838	0.003124443
0.053090356	0.002961522
0.05464091	0.0028047464
0.05623675	0.00265403
0.0578792	0.0025092792
0.059569612	0.0023703931
0.0613094	0.0022372648
0.0631	0.0021097814
0.06494172	0.0019878997
0.066837184	0.0018714139
0.06878798	0.0017601966
0.070795715	0.001654116
0.072862044	0.0015530365
0.074988686	0.00145682
0.077177405	0.0013653256
0.07943	0.0012784103
0.08174976	0.001195881
0.08413727	0.0011176455
0.08659451	0.0010435571
0.08912351	9.734686E-4
0.09172637	9.072333E-4
0.09440525	8.447046E-4
0.097162366	7.8573724E-4
0.1	7.301868E-4
0.102919795	6.779229E-4
0.10592484	6.28791E-4
0.109017625	5.826526E-4
0.112200715	5.393715E-4
0.11547674	4.988144E-4
0.11884842	4.6085066E-4
0.12231855	4.253529E-4
0.12589	3.9219687E-4
0.12956645	3.6125604E-4
0.13335027	3.3241976E-4
0.13724458	3.055743E-4
0.14125264	2.806098E-4
0.14537773	2.5742003E-4
0.14962329	2.3590283E-4
0.15399285	2.1595975E-4
0.15849	1.9749628E-4
0.16311829	1.8042258E-4
0.16788174	1.6465108E-4
0.17278428	1.5009897E-4
0.17783	1.3668722E-4
0.18302307	1.2434054E-4
0.18836778	1.1298737E-4
0.19386858	1.0255977E-4
0.19953	9.2993316E-5
0.20535603	8.4228086E-5
0.21135218	7.6205295E-5
0.21752341	6.887063E-5
0.22387484	6.217292E-5
0.23041171	5.6064055E-5
0.23713945	5.0498846E-5
0.24406363	4.543492E-5
0.25119	4.083262E-5
0.25852492	3.6654597E-5
0.26607406	3.2866552E-5
0.27384362	2.9436225E-5
0.28184006	2.6333591E-5
0.29007	2.3530758E-5
0.29854023	2.1001839E-5
0.30725783	1.872286E-5
0.31623	1.667164E-5
0.32546407	1.4827706E-5
0.33496782	1.3172149E-5
0.34474903	1.1687572E-5
0.3548159	1.0357974E-5
0.3651767	9.168668E-6
0.37584007	8.106184E-6
0.3868148	7.158196E-6
0.39811	6.3134335E-6
0.40973493	5.5616165E-6
0.42169935	4.893365E-6
0.4340131	4.3001482E-6
0.44668642	3.7742157E-6
0.4597298	3.3085346E-6
0.47315407	2.8967338E-6
0.4869703	2.5330496E-6
0.50119	2.2122763E-6
0.5158249	1.9297183E-6
0.5308872	1.6811473E-6
0.5463893	1.4627614E-6
0.5623441	1.2711462E-6
0.57876474	1.103241E-6
0.59566486	9.563057E-7
0.61305845	8.278911E-7
0.63096	7.158111E-7
0.6493842	6.181186E-7
0.6683464	5.3307843E-7
0.6878623	4.591507E-7
0.7079481	3.949699E-7
0.72862035	3.393253E-7
0.7498962	2.911459E-7
0.7717934	2.494859E-7
0.79433	2.135116E-7
0.8175246	1.8248832E-7
0.8413966	1.5577136E-7
0.86596555	1.3279434E-7
0.8912519	1.1306025E-7
0.9172767	9.613394E-8
0.9440614	8.163566E-8
0.97162825	6.9234055E-8
1.0	5.8640065E-8
1.029201	4.9602342E-8
1.0592546	4.190311E-8
1.090186	3.5352976E-8
1.1220205	2.9787975E-8
1.1547846	2.5066365E-8
1.1885055	2.1065706E-8
1.223211	1.7680586E-8
1.25893	1.482019E-8
1.2956905	1.2406517E-8
1.3335243	1.0372509E-8
1.3724631	8.660716E-9
1.4125386	7.222095E-9
1.4537846	6.0146474E-9
1.4962348	5.0026174E-9
1.5399245	4.1555026E-9
1.58489	3.4474033E-9
1.6311698	2.856273E-9
1.678801	2.3634485E-9
1.727823	1.9531683E-9
1.7782766	1.6120637E-9
1.8302034	1.3288024E-9
1.8836465	1.0939369E-9
1.9386501	8.994474E-10
1.99526	7.3860784E-10
2.0535233	6.0575067E-10
2.113488	4.961428E-10
2.1752036	4.0583892E-10
2.2387214	3.3159875E-10
2.304094	2.7058056E-10
2.3713756	2.2049573E-10
2.4406219	1.7946356E-10
2.51189	1.458963E-10
2.5852382	1.1844459E-10
2.6607285	9.603307E-11
2.7384229	7.776069E-11
2.818386	6.286527E-11
2.900684	5.076306E-11
2.9853854	4.0937143E-11
3.0725598	3.295819E-11
3.16228	2.6510905E-11
3.2546198	2.12792E-11
3.3496559	1.7058466E-11
3.447467	1.3650969E-11
3.5481343	1.0902945E-11
3.6517413	8.69127E-12
3.7583735	6.9180217E-12
3.8681195	5.4921623E-12
3.98107	4.3587356E-12
4.097319	3.4403591E-12
4.2169633	2.7065017E-12
4.340101	2.1262991E-12
4.466834	1.6604496E-12
4.5972676	1.2987389E-12
4.7315106	1.0047518E-12
4.869673	7.704948E-13
5.01187	5.9008354E-13
5.1582193	4.5308202E-13
5.3088417	3.455014E-13
5.463863	2.599032E-13
5.62341	1.9095836E-13
5.7876167	1.4399593E-13
5.9566183	1.0669243E-13
6.1305547	7.849277E-14
6.30957	5.4845017E-14
6.493813	3.952394E-14
6.683436	2.7200464E-14
6.878596	1.8873791E-14
7.079455	1.2878587E-14
7.286179	9.103829E-15
7.4989395	5.551115E-15
7.7179127	3.663736E-15
7.94328	1.9984014E-15
8.175228	1.3322676E-15
8.41395	7.771561E-16
8.659641	4.440892E-16
8.912508	1.110223E-16
9.172758	0.0
9.440608	0.0
9.716279	0.0
10.0	0.0



DATASET #2

Name: RSQSim
Num Points: 401
Info: 

X, Y Data:
1.0E-4	0.08684069
1.0333392E-4	0.08684047
1.06779E-4	0.08684022
1.1033893E-4	0.086839914
1.14017545E-4	0.086839564
1.178188E-4	0.086839154
1.2174679E-4	0.08683868
1.2580573E-4	0.086838126
1.3E-4	0.08683748
1.334183E-4	0.0868369
1.369265E-4	0.08683624
1.4052694E-4	0.08683551
1.4422205E-4	0.08683469
1.4801433E-4	0.08683377
1.5190631E-4	0.08683274
1.5590065E-4	0.08683159
1.6E-4	0.08683031
1.645257E-4	0.086828776
1.691794E-4	0.08682705
1.7396474E-4	0.08682511
1.7888544E-4	0.08682295
1.8394532E-4	0.08682053
1.8914833E-4	0.08681782
1.944985E-4	0.08681481
2.0E-4	0.08681146
2.0565712E-4	0.086807735
2.1147425E-4	0.0868036
2.1745593E-4	0.086799
2.236068E-4	0.08679392
2.2993165E-4	0.08678829
2.364354E-4	0.086782075
2.4312311E-4	0.086775206
2.5E-4	0.08676764
2.5783465E-4	0.08675838
2.659148E-4	0.08674809
2.742482E-4	0.08673669
2.8284272E-4	0.08672405
2.917066E-4	0.08671008
3.0084825E-4	0.086694665
3.102764E-4	0.08667766
3.2E-4	0.08665895
3.290514E-4	0.08664044
3.383588E-4	0.0866203
3.4792948E-4	0.086598426
3.5777088E-4	0.08657467
3.6789064E-4	0.086548924
3.7829665E-4	0.086521044
3.88997E-4	0.08649089
4.0E-4	0.08645832
4.1131425E-4	0.086423166
4.229485E-4	0.08638527
4.3491187E-4	0.08634448
4.472136E-4	0.08630062
4.598633E-4	0.086253494
4.728708E-4	0.086202934
4.8624622E-4	0.08614875
5.0E-4	0.08609073
5.1465514E-4	0.0860264
5.2973983E-4	0.08595751
5.4526667E-4	0.08588384
5.612486E-4	0.08580515
5.77699E-4	0.08572118
5.946315E-4	0.08563169
6.120603E-4	0.08553642
6.3E-4	0.085435115
6.4807665E-4	0.08532981
6.6667196E-4	0.08521821
6.858008E-4	0.08510008
7.0547854E-4	0.084975146
7.257209E-4	0.084843166
7.465441E-4	0.08470389
7.6796475E-4	0.08455706
7.9E-4	0.08440242
8.136239E-4	0.08423278
8.379543E-4	0.084054105
8.630122E-4	0.08386613
8.8881946E-4	0.08366857
9.153984E-4	0.08346115
9.427722E-4	0.083243616
9.7096455E-4	0.0830157
0.001	0.08277715
0.0010293103	0.082532704
0.0010594797	0.08227757
0.0010905333	0.08201154
0.0011224973	0.081734404
0.001155398	0.081445955
0.001189263	0.08114601
0.0012241206	0.080834396
0.00126	0.080510944
0.0012961533	0.08018259
0.0013333439	0.07984259
0.0013716016	0.07949084
0.0014109571	0.079127215
0.0014514418	0.078751616
0.0014930882	0.07836396
0.0015359295	0.07796417
0.00158	0.07755219
0.0016272478	0.07711007
0.0016759086	0.07665462
0.0017260244	0.07618582
0.0017776389	0.07570367
0.0018307968	0.07520818
0.0018855444	0.074699365
0.0019419291	0.074177265
0.002	0.07364193
0.0020575977	0.07311366
0.002116854	0.07257325
0.002177817	0.07202079
0.0022405356	0.071456395
0.0023050604	0.070880175
0.0023714434	0.070292264
0.0024397383	0.069692805
0.00251	0.069081955
0.0025833033	0.06845117
0.0026587474	0.06780904
0.0027363948	0.06715576
0.0028163097	0.06649156
0.0028985585	0.06581665
0.0029832094	0.06513127
0.0030703326	0.064435676
0.00316	0.06373012
0.0032524571	0.06301357
0.0033476194	0.062287576
0.003445566	0.061552435
0.0035463783	0.06080845
0.0036501405	0.06005593
0.0037569385	0.059295196
0.003866861	0.058526576
0.00398	0.057750404
0.004096165	0.056968924
0.0042157196	0.056180622
0.0043387646	0.055385858
0.0044654002	0.054584984
0.0045957323	0.05377838
0.0047298684	0.052966412
0.0048679197	0.052149463
0.00501	0.051327918
0.005156579	0.0505002
0.0053074467	0.04966865
0.005462728	0.048833676
0.0056225527	0.047995668
0.0057870536	0.047155045
0.005956367	0.046312213
0.0061306343	0.045467585
0.00631	0.04462158
0.006493865	0.043778
0.0066830874	0.042933878
0.0068778237	0.042089637
0.007078234	0.04124569
0.0072844843	0.040402457
0.0074967444	0.03956036
0.00771519	0.03871981
0.00794	0.037881233
0.008172275	0.037041795
0.008411343	0.036205187
0.008657407	0.035371833
0.008910668	0.03454215
0.009171338	0.03371656
0.009439633	0.032895476
0.009715778	0.03207931
0.01	0.03126847
0.010292081	0.030464603
0.010592694	0.02966685
0.010902087	0.028875614
0.011220517	0.02809128
0.011548247	0.027314236
0.011885551	0.026544861
0.012232705	0.025783528
0.01259	0.0250306
0.012957647	0.024286598
0.013336032	0.023551702
0.013725464	0.022826254
0.01412627	0.022110581
0.014538779	0.021405002
0.014963334	0.020709828
0.015400288	0.02002535
0.01585	0.019351857
0.016312422	0.01869021
0.016788337	0.018040055
0.017278135	0.017401638
0.017782224	0.016775185
0.01830102	0.016160913
0.01883495	0.015559017
0.019384459	0.014969682
0.01995	0.014393075
0.020533005	0.013828434
0.021133045	0.013276845
0.021750621	0.0127384225
0.022386245	0.012213264
0.023040446	0.011701449
0.023713762	0.0112030385
0.024406755	0.010718076
0.02512	0.010246585
0.025853088	0.00978918
0.02660757	0.0093452055
0.027384069	0.008914632
0.02818323	0.008497411
0.029005712	0.008093479
0.029852198	0.007702753
0.030723387	0.0073251333
0.03162	0.0069605047
0.032543603	0.0066084317
0.033494186	0.006269094
0.034472536	0.00594233
0.03547946	0.005627964
0.0365158	0.005325807
0.03758241	0.005035655
0.03868017	0.004757295
0.03981	0.0044905017
0.040972695	0.0042350674
0.042169347	0.0039907154
0.04340095	0.0037571925
0.044668525	0.0035342362
0.04597312	0.0033215778
0.047315817	0.0031189423
0.04869773	0.0029260495
0.05012	0.0027426146
0.0515838	0.0025683509
0.053090356	0.0024029661
0.05464091	0.002246168
0.05623675	0.0020976625
0.0578792	0.001957156
0.059569612	0.001824355
0.0613094	0.0016989672
0.0631	0.0015807024
0.06494172	0.0014693411
0.066837184	0.0013645226
0.06878798	0.0012659668
0.070795715	0.0011733975
0.072862044	0.001086544
0.074988686	0.0010051404
0.077177405	9.289266E-4
0.07943	8.576487E-4
0.08174976	7.910202E-4
0.08413727	7.288445E-4
0.08659451	6.708871E-4
0.08912351	6.1692105E-4
0.09172637	5.667265E-4
0.09440525	5.200914E-4
0.097162366	4.768111E-4
0.1	4.3668886E-4
0.102919795	3.995441E-4
0.10592484	3.6518558E-4
0.109017625	3.3343976E-4
0.112200715	3.0414082E-4
0.11547674	2.7713043E-4
0.11884842	2.522579E-4
0.12231855	2.2937977E-4
0.12589	2.0835992E-4
0.12956645	1.8906569E-4
0.13335027	1.7137904E-4
0.13724458	1.5518448E-4
0.14125264	1.40373E-4
0.14537773	1.2684191E-4
0.14962329	1.1449464E-4
0.15399285	1.0324049E-4
0.15849	9.299442E-5
0.16311829	8.367721E-5
0.16788174	7.521397E-5
0.17278428	6.753525E-5
0.17783	6.057632E-5
0.18302307	5.4276952E-5
0.18836778	4.8581187E-5
0.19386858	4.34371E-5
0.19953	3.8796592E-5
0.20535603	3.4615656E-5
0.21135218	3.0852625E-5
0.21752341	2.746961E-5
0.22387484	2.4431722E-5
0.23041171	2.1706877E-5
0.23713945	1.9265613E-5
0.24406363	1.708092E-5
0.25119	1.5128063E-5
0.25852492	1.338432E-5
0.26607406	1.182918E-5
0.27384362	1.0443818E-5
0.28184006	9.211098E-6
0.29007	8.11544E-6
0.29854023	7.142705E-6
0.30725783	6.2800705E-6
0.31623	5.5159335E-6
0.32546407	4.839808E-6
0.33496782	4.242218E-6
0.34474903	3.714628E-6
0.3548159	3.2493529E-6
0.3651767	2.8394836E-6
0.37584007	2.4788187E-6
0.3868148	2.161797E-6
0.39811	1.8834403E-6
0.40973493	1.6392984E-6
0.42169935	1.4253943E-6
0.4340131	1.2381834E-6
0.44668642	1.0745089E-6
0.4597298	9.3156314E-7
0.47315407	8.0685214E-7
0.4869703	6.981635E-7
0.50119	6.035372E-7
0.5158249	5.2123875E-7
0.5308872	4.4973567E-7
0.5463893	3.876752E-7
0.5623441	3.338649E-7
0.57876474	2.87255E-7
0.59566486	2.4692238E-7
0.61305845	2.1205628E-7
0.63096	1.8194557E-7
0.6493842	1.5596721E-7
0.6683464	1.3357587E-7
0.6878623	1.14294956E-7
0.7079481	9.770838E-8
0.72862035	8.345329E-8
0.7498962	7.121361E-8
0.7717934	6.071437E-8
0.79433	5.171656E-8
0.8175246	4.4012708E-8
0.8413966	3.7422875E-8
0.86596555	3.1791227E-8
0.8912519	2.6982876E-8
0.9172767	2.2881284E-8
0.9440614	1.9385773E-8
0.97162825	1.6409528E-8
1.0	1.3877727E-8
1.029201	1.1725943E-8
1.0592546	9.898853E-9
1.090186	8.3488745E-9
1.1220205	7.0352018E-9
1.1547846	5.9228196E-9
1.1885055	4.981758E-9
1.223211	4.186362E-9
1.25893	3.5146992E-9
1.2956905	2.948079E-9
1.3335243	2.4704847E-9
1.3724631	2.0683117E-9
1.4125386	1.729973E-9
1.4537846	1.4456041E-9
1.4962348	1.2068199E-9
1.5399245	1.0065019E-9
1.58489	8.386203E-10
1.6311698	6.9805284E-10
1.678801	5.8047234E-10
1.727823	4.822148E-10
1.7782766	4.0019144E-10
1.8302034	3.3178238E-10
1.8836465	2.7478786E-10
1.9386501	2.2735247E-10
1.99526	1.8791269E-10
2.0535233	1.5515056E-10
2.113488	1.2796963E-10
2.1752036	1.05433884E-10
2.2387214	8.6776364E-11
2.304094	7.134615E-11
2.3713756	5.859646E-11
2.4406219	4.8074544E-11
2.51189	3.940004E-11
2.5852382	3.225409E-11
2.6607285	2.637679E-11
2.7384229	2.1543212E-11
2.818386	1.7574497E-11
2.900684	1.4323875E-11
2.9853854	1.16612275E-11
3.0725598	9.482193E-12
3.16228	7.700174E-12
3.2546198	6.2508887E-12
3.3496559	5.0692783E-12
3.447467	4.102829E-12
3.5481343	3.310241E-12
3.6517413	2.6723068E-12
3.7583735	2.1543878E-12
3.8681195	1.7377211E-12
3.98107	1.3985479E-12
4.097319	1.1234347E-12
4.2169633	9.0183416E-13
4.340101	7.231993E-13
4.466834	5.7875926E-13
4.5972676	4.615197E-13
4.7315106	3.6859404E-13
4.869673	2.9454217E-13
5.01187	2.3503421E-13
5.1582193	1.871836E-13
5.3088417	1.483258E-13
5.463863	1.1712853E-13
5.62341	9.214851E-14
5.7876167	7.2497564E-14
5.9566183	5.728751E-14
6.1305547	4.485301E-14
6.30957	3.5083048E-14
6.493813	2.797762E-14
6.683436	2.1982416E-14
6.878596	1.731948E-14
7.079455	1.3322676E-14
7.286179	1.04360964E-14
7.4989395	8.326673E-15
7.7179127	6.3282712E-15
7.94328	5.107026E-15
8.175228	3.996803E-15
8.41395	3.1086245E-15
8.659641	2.4424907E-15
8.912508	1.7763568E-15
9.172758	1.4432899E-15
9.440608	1.110223E-15
9.716279	8.881784E-16
10.0	6.661338E-16



DATASET #3

Name: 1000yr
Num Points: 2
Info: 

X, Y Data:
0.001	0.001
10.0	0.001



DATASET #4

Name: 2500yr
Num Points: 2
Info: 

X, Y Data:
0.001	4.0E-4
10.0	4.0E-4



DATASET #5

Name: 10000yr
Num Points: 2
Info: 

X, Y Data:
0.001	1.0E-4
10.0	1.0E-4


