
X-Axis: 5.0s SA (g)
Y-Axis: Annual Probabilitiy
Number of Data Sets: 5


DATASET #1

Name: UCERF3
Num Points: 401
Info: 

X, Y Data:
1.0E-4	0.05474162
1.0333392E-4	0.054741357
1.06779E-4	0.054741044
1.1033893E-4	0.054740675
1.14017545E-4	0.054740243
1.178188E-4	0.054739736
1.2174679E-4	0.054739147
1.2580573E-4	0.05473846
1.3E-4	0.054737657
1.334183E-4	0.054736935
1.369265E-4	0.054736122
1.4052694E-4	0.054735206
1.4422205E-4	0.05473418
1.4801433E-4	0.054733034
1.5190631E-4	0.054731753
1.5590065E-4	0.05473032
1.6E-4	0.05472872
1.645257E-4	0.054726798
1.691794E-4	0.054724637
1.7396474E-4	0.054722223
1.7888544E-4	0.05471952
1.8394532E-4	0.054716498
1.8914833E-4	0.05471313
1.944985E-4	0.05470938
2.0E-4	0.054705206
2.0565712E-4	0.054700572
2.1147425E-4	0.054695435
2.1745593E-4	0.054689743
2.236068E-4	0.054683447
2.2993165E-4	0.054676495
2.364354E-4	0.054668833
2.4312311E-4	0.05466039
2.5E-4	0.054651108
2.5783465E-4	0.054639775
2.659148E-4	0.054627225
2.742482E-4	0.054613356
2.8284272E-4	0.054598052
2.917066E-4	0.05458119
3.0084825E-4	0.054562654
3.102764E-4	0.0545423
3.2E-4	0.054519996
3.290514E-4	0.054498028
3.383588E-4	0.054474235
3.4792948E-4	0.054448493
3.5777088E-4	0.054420684
3.6789064E-4	0.054390684
3.7829665E-4	0.05435836
3.88997E-4	0.05432358
4.0E-4	0.054286208
4.1131425E-4	0.054246105
4.229485E-4	0.054203127
4.3491187E-4	0.054157123
4.472136E-4	0.054107953
4.598633E-4	0.054055464
4.728708E-4	0.053999502
4.8624622E-4	0.053939916
5.0E-4	0.05387655
5.1465514E-4	0.05380677
5.2973983E-4	0.0537326
5.4526667E-4	0.053653866
5.612486E-4	0.0535704
5.77699E-4	0.053482033
5.946315E-4	0.0533886
6.120603E-4	0.05328993
6.3E-4	0.053185873
6.4807665E-4	0.0530786
6.6667196E-4	0.05296587
6.858008E-4	0.052847534
7.0547854E-4	0.05272347
7.257209E-4	0.052593548
7.465441E-4	0.05245765
7.6796475E-4	0.05231566
7.9E-4	0.052167468
8.136239E-4	0.052006412
8.379543E-4	0.051838424
8.630122E-4	0.0516634
8.8881946E-4	0.051481254
9.153984E-4	0.051291917
9.427722E-4	0.051095318
9.7096455E-4	0.0508914
0.001	0.050680123
0.0010293103	0.050465796
0.0010594797	0.05024433
0.0010905333	0.05001572
0.0011224973	0.049779955
0.001155398	0.049537037
0.001189263	0.049286984
0.0012241206	0.049029812
0.00126	0.04876556
0.0012961533	0.048499964
0.0013333439	0.048227657
0.0013716016	0.047948685
0.0014109571	0.047663115
0.0014514418	0.047371004
0.0014930882	0.047072425
0.0015359295	0.04676746
0.00158	0.04645618
0.0016272478	0.046125356
0.0016759086	0.04578789
0.0017260244	0.045443896
0.0017776389	0.04509349
0.0018307968	0.0447368
0.0018855444	0.04437395
0.0019419291	0.044005077
0.002	0.043630317
0.0020575977	0.04326377
0.002116854	0.042892024
0.002177817	0.042515203
0.0022405356	0.042133458
0.0023050604	0.04174692
0.0023714434	0.04135574
0.0024397383	0.040960066
0.00251	0.040560044
0.0025833033	0.04015019
0.0026587474	0.0397362
0.0027363948	0.03931823
0.0028163097	0.038896456
0.0028985585	0.03847105
0.0029832094	0.03804219
0.0030703326	0.037610058
0.00316	0.03717483
0.0032524571	0.036735892
0.0033476194	0.036294222
0.003445566	0.035850015
0.0035463783	0.035403464
0.0036501405	0.03495476
0.0037569385	0.034504104
0.003866861	0.034051694
0.00398	0.033597726
0.004096165	0.0331435
0.0042157196	0.03268813
0.0043387646	0.032231808
0.0044654002	0.03177474
0.0045957323	0.031317122
0.0047298684	0.030859154
0.0048679197	0.030401032
0.00501	0.029942952
0.005156579	0.029484022
0.0053074467	0.029025523
0.005462728	0.028567642
0.0056225527	0.028110564
0.0057870536	0.027654473
0.005956367	0.027199546
0.0061306343	0.026745955
0.00631	0.02629387
0.006493865	0.025845252
0.0066830874	0.025398444
0.0068778237	0.0249536
0.007078234	0.02451086
0.0072844843	0.024070367
0.0074967444	0.023632249
0.00771519	0.023196636
0.00794	0.022763643
0.008172275	0.022331718
0.008411343	0.021902658
0.008657407	0.021476567
0.008910668	0.021053538
0.009171338	0.02063366
0.009439633	0.02021702
0.009715778	0.019803695
0.01	0.019393757
0.010292081	0.018987896
0.010592694	0.018585542
0.010902087	0.018186752
0.011220517	0.01779158
0.011548247	0.017400078
0.011885551	0.017012293
0.012232705	0.016628267
0.01259	0.016248042
0.012957647	0.015871739
0.013336032	0.015499312
0.013725464	0.0151307965
0.01412627	0.0147662265
0.014538779	0.014405635
0.014963334	0.014049056
0.015400288	0.013696522
0.01585	0.013348068
0.016312422	0.013004033
0.016788337	0.012664137
0.017278135	0.012328414
0.017782224	0.0119969
0.01830102	0.01166963
0.01883495	0.011346643
0.019384459	0.011027977
0.01995	0.010713671
0.020533005	0.010403265
0.021133045	0.010097316
0.021750621	0.009795866
0.022386245	0.00949896
0.023040446	0.009206641
0.023713762	0.008918955
0.024406755	0.008635946
0.02512	0.008357657
0.025853088	0.008084498
0.02660757	0.007816137
0.027384069	0.007552614
0.02818323	0.007293973
0.029005712	0.007040254
0.029852198	0.0067914953
0.030723387	0.0065477337
0.03162	0.0063090045
0.032543603	0.006075135
0.033494186	0.005846367
0.034472536	0.005622727
0.03547946	0.005404237
0.0365158	0.0051909164
0.03758241	0.0049827793
0.03868017	0.0047798366
0.03981	0.0045820954
0.040972695	0.0043895785
0.042169347	0.0042022606
0.04340095	0.0040201335
0.044668525	0.0038431853
0.04597312	0.0036713977
0.047315817	0.0035047482
0.04869773	0.0033432094
0.05012	0.0031867477
0.0515838	0.0030353265
0.053090356	0.0028889014
0.05464091	0.0027474244
0.05623675	0.0026108425
0.0578792	0.0024790978
0.059569612	0.002352128
0.0613094	0.0022298659
0.0631	0.00211224
0.06494172	0.0019992453
0.066837184	0.001890726
0.06878798	0.0017865996
0.070795715	0.0016867795
0.072862044	0.0015911759
0.074988686	0.0014996959
0.077177405	0.001412244
0.07943	0.0013287225
0.08174976	0.0012489839
0.08413727	0.0011729775
0.08659451	0.0011005995
0.08912351	0.0010317446
0.09172637	9.6630625E-4
0.09440525	9.041772E-4
0.097162366	8.452497E-4
0.1	7.894156E-4
0.102919795	7.365793E-4
0.10592484	6.86619E-4
0.109017625	6.394274E-4
0.112200715	5.948978E-4
0.11547674	5.529244E-4
0.11884842	5.134027E-4
0.12231855	4.762293E-4
0.12589	4.413025E-4
0.12956645	4.08516E-4
0.13335027	3.7777855E-4
0.13724458	3.4899387E-4
0.14125264	3.2206785E-4
0.14537773	2.9690858E-4
0.14962329	2.7342665E-4
0.15399285	2.51535E-4
0.15849	2.3114921E-4
0.16311829	2.1218827E-4
0.16788174	1.9457213E-4
0.17278428	1.7822439E-4
0.17783	1.6307148E-4
0.18302307	1.4904252E-4
0.18836778	1.3606952E-4
0.19386858	1.2408721E-4
0.19953	1.1303318E-4
0.20535603	1.02848935E-4
0.21135218	9.347618E-5
0.21752341	8.486071E-5
0.22387484	7.695099E-5
0.23041171	6.969812E-5
0.23713945	6.305573E-5
0.24406363	5.697997E-5
0.25119	5.14294E-5
0.25852492	4.6364643E-5
0.26607406	4.174929E-5
0.27384362	3.7548758E-5
0.28184006	3.373061E-5
0.29007	3.0264433E-5
0.29854023	2.7121801E-5
0.30725783	2.4276158E-5
0.31623	2.170275E-5
0.32546407	1.9378549E-5
0.33496782	1.7282124E-5
0.34474903	1.5393609E-5
0.3548159	1.3694598E-5
0.3651767	1.2168077E-5
0.37584007	1.07983315E-5
0.3868148	9.570876E-6
0.39811	8.47238E-6
0.40973493	7.490602E-6
0.42169935	6.614297E-6
0.4340131	5.8331743E-6
0.44668642	5.1378224E-6
0.4597298	4.5196502E-6
0.47315407	3.970827E-6
0.4869703	3.484226E-6
0.50119	3.053373E-6
0.5158249	2.6723935E-6
0.5308872	2.3359698E-6
0.5463893	2.0392918E-6
0.5623441	1.7780172E-6
0.57876474	1.5482332E-6
0.59566486	1.3464182E-6
0.61305845	1.1694086E-6
0.63096	1.0143663E-6
0.6493842	8.787498E-7
0.6683464	7.6028607E-7
0.6878623	6.5694644E-7
0.7079481	5.66923E-7
0.72862035	4.8860664E-7
0.7498962	4.2056726E-7
0.7717934	3.61537E-7
0.79433	3.103926E-7
0.8175246	2.6614074E-7
0.8413966	2.2790455E-7
0.86596555	1.9491132E-7
0.8912519	1.6648063E-7
0.9172767	1.4201487E-7
0.9440614	1.209896E-7
0.97162825	1.0294538E-7
1.0	8.748052E-8
1.029201	7.424385E-8
1.0592546	6.292993E-8
1.090186	5.327244E-8
1.1220205	4.503989E-8
1.1547846	3.803148E-8
1.1885055	3.207311E-8
1.223211	2.7014218E-8
1.25893	2.272473E-8
1.2956905	1.9092564E-8
1.3335243	1.6020923E-8
1.3724631	1.3426744E-8
1.4125386	1.1238692E-8
1.4537846	9.3955554E-9
1.4962348	7.845006E-9
1.5399245	6.5422934E-9
1.58489	5.4492424E-9
1.6311698	4.5332684E-9
1.678801	3.7666585E-9
1.727823	3.1258964E-9
1.7782766	2.590997E-9
1.8302034	2.1450495E-9
1.8836465	1.7737298E-9
1.9386501	1.4649415E-9
1.99526	1.2084695E-9
2.0535233	9.957047E-10
2.113488	8.194445E-10
2.1752036	6.735791E-10
2.2387214	5.5302596E-10
2.304094	4.5352788E-10
2.3713756	3.7148828E-10
2.4406219	3.03937E-10
2.51189	2.483853E-10
2.5852382	2.0272961E-10
2.6607285	1.6528867E-10
2.7384229	1.3460943E-10
2.818386	1.094963E-10
2.900684	8.896617E-11
2.9853854	7.220158E-11
3.0725598	5.8519634E-11
3.16228	4.7381987E-11
3.2546198	3.831291E-11
3.3496559	3.095668E-11
3.447467	2.4971691E-11
3.5481343	2.0119684E-11
3.6517413	1.6193269E-11
3.7583735	1.3018586E-11
3.8681195	1.0453305E-11
3.98107	8.372636E-12
4.097319	6.6988637E-12
4.2169633	5.3531624E-12
4.340101	4.277134E-12
4.466834	3.409495E-12
4.5972676	2.7068348E-12
4.7315106	2.1523894E-12
4.869673	1.7065238E-12
5.01187	1.3503643E-12
5.1582193	1.0684786E-12
5.3088417	8.452128E-13
5.463863	6.656897E-13
5.62341	5.2402527E-13
5.7876167	4.1200376E-13
5.9566183	3.2229774E-13
6.1305547	2.523537E-13
6.30957	1.956213E-13
6.493813	1.5121238E-13
6.683436	1.1590728E-13
6.878596	9.003909E-14
7.079455	6.8278716E-14
7.286179	5.0848215E-14
7.4989395	3.7525538E-14
7.7179127	2.7755576E-14
7.94328	2.1094237E-14
8.175228	1.5321078E-14
8.41395	1.0214052E-14
8.659641	6.661338E-15
8.912508	4.2188475E-15
9.172758	2.1094237E-15
9.440608	1.3322676E-15
9.716279	8.881784E-16
10.0	2.220446E-16



DATASET #2

Name: RSQSim
Num Points: 401
Info: 

X, Y Data:
1.0E-4	0.08412134
1.0333392E-4	0.08412097
1.06779E-4	0.08412053
1.1033893E-4	0.08412002
1.14017545E-4	0.084119424
1.178188E-4	0.08411873
1.2174679E-4	0.08411792
1.2580573E-4	0.08411698
1.3E-4	0.0841159
1.334183E-4	0.08411492
1.369265E-4	0.08411382
1.4052694E-4	0.08411259
1.4422205E-4	0.08411121
1.4801433E-4	0.08410968
1.5190631E-4	0.084107965
1.5590065E-4	0.08410606
1.6E-4	0.084103934
1.645257E-4	0.08410138
1.691794E-4	0.084098525
1.7396474E-4	0.08409534
1.7888544E-4	0.084091775
1.8394532E-4	0.084087804
1.8914833E-4	0.08408338
1.944985E-4	0.08407847
2.0E-4	0.08407301
2.0565712E-4	0.08406695
2.1147425E-4	0.08406025
2.1745593E-4	0.08405283
2.236068E-4	0.08404464
2.2993165E-4	0.084035605
2.364354E-4	0.084025644
2.4312311E-4	0.08401469
2.5E-4	0.08400265
2.5783465E-4	0.08398796
2.659148E-4	0.0839717
2.742482E-4	0.08395374
2.8284272E-4	0.08393391
2.917066E-4	0.08391208
3.0084825E-4	0.08388807
3.102764E-4	0.0838617
3.2E-4	0.08383279
3.290514E-4	0.0838043
3.383588E-4	0.08377343
3.4792948E-4	0.08373999
3.5777088E-4	0.08370384
3.6789064E-4	0.0836648
3.7829665E-4	0.08362269
3.88997E-4	0.08357731
4.0E-4	0.08352849
4.1131425E-4	0.08347601
4.229485E-4	0.08341967
4.3491187E-4	0.083359264
4.472136E-4	0.08329456
4.598633E-4	0.08322535
4.728708E-4	0.08315139
4.8624622E-4	0.083072454
5.0E-4	0.0829883
5.1465514E-4	0.082895376
5.2973983E-4	0.08279631
5.4526667E-4	0.08269084
5.612486E-4	0.082578674
5.77699E-4	0.08245952
5.946315E-4	0.082333095
6.120603E-4	0.08219911
6.3E-4	0.082057275
6.4807665E-4	0.08191049
6.6667196E-4	0.08175563
6.858008E-4	0.08159241
7.0547854E-4	0.08142057
7.257209E-4	0.08123984
7.465441E-4	0.08104995
7.6796475E-4	0.08085064
7.9E-4	0.08064165
8.136239E-4	0.08041341
8.379543E-4	0.08017411
8.630122E-4	0.079923496
8.8881946E-4	0.07966128
9.153984E-4	0.079387225
9.427722E-4	0.07910108
9.7096455E-4	0.07880261
0.001	0.078491576
0.0010293103	0.07817424
0.0010594797	0.07784444
0.0010905333	0.077502005
0.0011224973	0.07714676
0.001155398	0.07677856
0.001189263	0.07639726
0.0012241206	0.07600275
0.00126	0.075594895
0.0012961533	0.0751825
0.0013333439	0.074757144
0.0013716016	0.074318774
0.0014109571	0.07386734
0.0014514418	0.073402815
0.0014930882	0.07292517
0.0015359295	0.07243441
0.00158	0.07193056
0.0016272478	0.07139185
0.0016759086	0.070839025
0.0017260244	0.07027214
0.0017776389	0.06969129
0.0018307968	0.069096595
0.0018855444	0.06848817
0.0019419291	0.067866184
0.002	0.0672308
0.0020575977	0.06660607
0.002116854	0.065969266
0.002177817	0.065320596
0.0022405356	0.06466029
0.0023050604	0.06398859
0.0023714434	0.06330576
0.0024397383	0.062612064
0.00251	0.0619078
0.0025833033	0.0611833
0.0026587474	0.060448598
0.0027363948	0.05970406
0.0028163097	0.05895006
0.0028985585	0.05818699
0.0029832094	0.057415254
0.0030703326	0.056635287
0.00316	0.055847522
0.0032524571	0.05505095
0.0033476194	0.054247484
0.003445566	0.053437594
0.0035463783	0.052621786
0.0036501405	0.051800556
0.0037569385	0.05097443
0.003866861	0.050143924
0.00398	0.04930958
0.004096165	0.048473958
0.0042157196	0.047635596
0.0043387646	0.04679504
0.0044654002	0.04595285
0.0045957323	0.04510957
0.0047298684	0.044265766
0.0048679197	0.04342199
0.00501	0.042578798
0.005156579	0.041734748
0.0053074467	0.040892396
0.005462728	0.040052287
0.0056225527	0.03921497
0.0057870536	0.038380966
0.005956367	0.037550814
0.0061306343	0.03672503
0.00631	0.035904113
0.006493865	0.03509181
0.0066830874	0.034285303
0.0068778237	0.033485055
0.007078234	0.032691512
0.0072844843	0.031905107
0.0074967444	0.031126251
0.00771519	0.030355344
0.00794	0.029592767
0.008172275	0.028835963
0.008411343	0.028088268
0.008657407	0.027350005
0.008910668	0.026621483
0.009171338	0.025902994
0.009439633	0.0251948
0.009715778	0.024497151
0.01	0.023810275
0.010292081	0.023135405
0.010592694	0.022471664
0.010902087	0.021819217
0.011220517	0.021178212
0.011548247	0.020548772
0.011885551	0.019931007
0.012232705	0.019325001
0.01259	0.018730829
0.012957647	0.018148668
0.013336032	0.017578421
0.013725464	0.017020108
0.01412627	0.01647373
0.014538779	0.015939275
0.014963334	0.015416717
0.015400288	0.014906015
0.01585	0.014407116
0.016312422	0.013920386
0.016788337	0.013445294
0.017278135	0.012981752
0.017782224	0.012529662
0.01830102	0.012088914
0.01883495	0.011659395
0.019384459	0.01124098
0.01995	0.010833535
0.020533005	0.010436286
0.021133045	0.010049761
0.021750621	0.009673812
0.022386245	0.009308283
0.023040446	0.008953015
0.023713762	0.008607848
0.024406755	0.008272614
0.02512	0.007947149
0.025853088	0.0076316986
0.02660757	0.00732565
0.027384069	0.007028831
0.02818323	0.00674107
0.029005712	0.0064621936
0.029852198	0.0061920295
0.030723387	0.005930404
0.03162	0.005677146
0.032543603	0.0054318705
0.033494186	0.0051946337
0.034472536	0.004965265
0.03547946	0.004743595
0.0365158	0.004529457
0.03758241	0.0043226834
0.03868017	0.0041231103
0.03981	0.0039305734
0.040972695	0.0037449324
0.042169347	0.0035660043
0.04340095	0.0033936307
0.044668525	0.0032276553
0.04597312	0.0030679223
0.047315817	0.0029142788
0.04869773	0.0027665724
0.05012	0.0026246535
0.0515838	0.0024883738
0.053090356	0.0023575858
0.05464091	0.0022321437
0.05623675	0.0021119039
0.0578792	0.0019967235
0.059569612	0.0018864621
0.0613094	0.00178098
0.0631	0.0016801393
0.06494172	0.0015838628
0.066837184	0.0014919507
0.06878798	0.0014042696
0.070795715	0.0013206878
0.072862044	0.0012410748
0.074988686	0.0011653017
0.077177405	0.0010932412
0.07943	0.0010247674
0.08174976	9.597183E-4
0.08413727	8.980133E-4
0.08659451	8.395314E-4
0.08912351	7.841534E-4
0.09172637	7.3176186E-4
0.09440525	6.822411E-4
0.097162366	6.3547766E-4
0.1	5.9135986E-4
0.102919795	5.4978795E-4
0.10592484	5.106435E-4
0.109017625	4.7382156E-4
0.112200715	4.3921915E-4
0.11547674	4.0673575E-4
0.11884842	3.762732E-4
0.12231855	3.477358E-4
0.12589	3.2103033E-4
0.12956645	2.9606142E-4
0.13335027	2.7274629E-4
0.13724458	2.509994E-4
0.14125264	2.3073796E-4
0.14537773	2.1188175E-4
0.14962329	1.9435333E-4
0.15399285	1.7807797E-4
0.15849	1.6298366E-4
0.16311829	1.4900172E-4
0.16788174	1.3606492E-4
0.17278428	1.2410947E-4
0.17783	1.13074246E-4
0.18302307	1.0290079E-4
0.18836778	9.3533316E-5
0.19386858	8.491861E-5
0.19953	7.700605E-5
0.20535603	6.974836E-5
0.21135218	6.309891E-5
0.21752341	5.7014455E-5
0.22387484	5.1454117E-5
0.23041171	4.637929E-5
0.23713945	4.1753574E-5
0.24406363	3.754273E-5
0.25119	3.3714565E-5
0.25852492	3.023867E-5
0.26607406	2.7087035E-5
0.27384362	2.4233215E-5
0.28184006	2.165253E-5
0.29007	1.9321975E-5
0.29854023	1.7220156E-5
0.30725783	1.5327196E-5
0.31623	1.3624666E-5
0.32546407	1.2095519E-5
0.33496782	1.0723977E-5
0.34474903	9.495494E-6
0.3548159	8.396675E-6
0.3651767	7.4152026E-6
0.37584007	6.539769E-6
0.3868148	5.7600128E-6
0.39811	5.066454E-6
0.40973493	4.450438E-6
0.42169935	3.9040665E-6
0.4340131	3.4201532E-6
0.44668642	2.9921687E-6
0.4597298	2.614189E-6
0.47315407	2.2808501E-6
0.4869703	1.9873014E-6
0.50119	1.7291651E-6
0.5158249	1.5024963E-6
0.5308872	1.3037469E-6
0.5463893	1.1297304E-6
0.5623441	9.7759E-7
0.57876474	8.4476915E-7
0.59566486	7.2898314E-7
0.61305845	6.281945E-7
0.63096	5.405889E-7
0.6493842	4.6455352E-7
0.6683464	3.986567E-7
0.6878623	3.4163037E-7
0.7079481	2.923528E-7
0.72862035	2.4983373E-7
0.7498962	2.1320007E-7
0.7717934	1.8168363E-7
0.79433	1.5460951E-7
0.8175246	1.3138582E-7
0.8413966	1.1149425E-7
0.86596555	9.448182E-8
0.8912519	7.995321E-8
0.9172767	6.756405E-8
0.9440614	5.7014834E-8
0.97162825	4.804552E-8
1.0	4.0430713E-8
1.029201	3.3975194E-8
1.0592546	2.8510655E-8
1.090186	2.3891749E-8
1.1220205	1.999333E-8
1.1547846	1.6707823E-8
1.1885055	1.3942903E-8
1.223211	1.1619476E-8
1.25893	9.669886E-9
1.2956905	8.036412E-9
1.3335243	6.669712E-9
1.3724631	5.527877E-9
1.4125386	4.5752775E-9
1.4537846	3.7816985E-9
1.4962348	3.1215346E-9
1.5399245	2.5731381E-9
1.58489	2.1182371E-9
1.6311698	1.7414125E-9
1.678801	1.4297181E-9
1.727823	1.1722567E-9
1.7782766	9.598894E-10
1.8302034	7.849641E-10
1.8836465	6.410793E-10
1.9386501	5.228865E-10
1.99526	4.2593518E-10
2.0535233	3.4651348E-10
2.113488	2.8153868E-10
2.1752036	2.2846225E-10
2.2387214	1.85154E-10
2.304094	1.4986612E-10
2.3713756	1.2115786E-10
2.4406219	9.7824526E-11
2.51189	7.889145E-11
2.5852382	6.3540395E-11
2.6607285	5.1115E-11
2.7384229	4.1068815E-11
2.818386	3.2958858E-11
2.900684	2.6417757E-11
2.9853854	2.1153523E-11
3.0725598	1.691669E-11
3.16228	1.3512191E-11
3.2546198	1.0781154E-11
3.3496559	8.59024E-12
3.447467	6.835199E-12
3.5481343	5.4373173E-12
3.6517413	4.3184345E-12
3.7583735	3.4255931E-12
3.8681195	2.7144953E-12
3.98107	2.1487256E-12
4.097319	1.6995294E-12
4.2169633	1.3417045E-12
4.340101	1.0579315E-12
4.466834	8.322232E-13
4.5972676	6.556977E-13
4.7315106	5.142553E-13
4.869673	4.0600856E-13
5.01187	3.1774583E-13
5.1582193	2.4913405E-13
5.3088417	1.9395596E-13
5.463863	1.513234E-13
5.62341	1.1868284E-13
5.7876167	9.2814645E-14
5.9566183	7.172041E-14
6.1305547	5.540013E-14
6.30957	4.4186876E-14
6.493813	3.330669E-14
6.683436	2.5202063E-14
6.878596	1.8762769E-14
7.079455	1.3544721E-14
7.286179	9.103829E-15
7.4989395	5.2180482E-15
7.7179127	2.4424907E-15
7.94328	1.7763568E-15
8.175228	1.2212453E-15
8.41395	5.551115E-16
8.659641	3.330669E-16
8.912508	1.110223E-16
9.172758	1.110223E-16
9.440608	1.110223E-16
9.716279	1.110223E-16
10.0	1.110223E-16



DATASET #3

Name: 1000yr
Num Points: 2
Info: 

X, Y Data:
0.001	0.001
10.0	0.001



DATASET #4

Name: 2500yr
Num Points: 2
Info: 

X, Y Data:
0.001	4.0E-4
10.0	4.0E-4



DATASET #5

Name: 10000yr
Num Points: 2
Info: 

X, Y Data:
0.001	1.0E-4
10.0	1.0E-4


