
X-Axis: 2.0s SA (g)
Y-Axis: Annual Probabilitiy
Number of Data Sets: 5


DATASET #1

Name: UCERF3
Num Points: 401
Info: 

X, Y Data:
1.0E-4	0.04878404
1.0333392E-4	0.048784036
1.06779E-4	0.048784036
1.1033893E-4	0.048784036
1.14017545E-4	0.048784032
1.178188E-4	0.048784032
1.2174679E-4	0.04878403
1.2580573E-4	0.04878403
1.3E-4	0.048784025
1.334183E-4	0.04878402
1.369265E-4	0.048784018
1.4052694E-4	0.048784014
1.4422205E-4	0.04878401
1.4801433E-4	0.048784003
1.5190631E-4	0.048784
1.5590065E-4	0.04878399
1.6E-4	0.048783984
1.645257E-4	0.048783973
1.691794E-4	0.048783958
1.7396474E-4	0.048783947
1.7888544E-4	0.04878393
1.8394532E-4	0.04878391
1.8914833E-4	0.048783887
1.944985E-4	0.04878386
2.0E-4	0.04878383
2.0565712E-4	0.048783794
2.1147425E-4	0.048783753
2.1745593E-4	0.048783705
2.236068E-4	0.048783652
2.2993165E-4	0.04878359
2.364354E-4	0.048783515
2.4312311E-4	0.048783433
2.5E-4	0.048783336
2.5783465E-4	0.048783213
2.659148E-4	0.048783068
2.742482E-4	0.048782904
2.8284272E-4	0.04878271
2.917066E-4	0.048782486
3.0084825E-4	0.048782226
3.102764E-4	0.048781928
3.2E-4	0.04878158
3.290514E-4	0.048781224
3.383588E-4	0.048780818
3.4792948E-4	0.048780356
3.5777088E-4	0.048779834
3.6789064E-4	0.048779245
3.7829665E-4	0.04877858
3.88997E-4	0.048777826
4.0E-4	0.048776977
4.1131425E-4	0.048776023
4.229485E-4	0.048774946
4.3491187E-4	0.04877374
4.472136E-4	0.048772387
4.598633E-4	0.048770867
4.728708E-4	0.04876917
4.8624622E-4	0.04876727
5.0E-4	0.048765145
5.1465514E-4	0.048762687
5.2973983E-4	0.048759937
5.4526667E-4	0.048756868
5.612486E-4	0.04875344
5.77699E-4	0.048749622
5.946315E-4	0.04874537
6.120603E-4	0.048740644
6.3E-4	0.0487354
6.4807665E-4	0.04872971
6.6667196E-4	0.048723426
6.858008E-4	0.048716486
7.0547854E-4	0.048708834
7.257209E-4	0.04870041
7.465441E-4	0.048691146
7.6796475E-4	0.04868097
7.9E-4	0.0486698
8.136239E-4	0.04865703
8.379543E-4	0.048643
8.630122E-4	0.048627604
8.8881946E-4	0.048610736
9.153984E-4	0.048592277
9.427722E-4	0.0485721
9.7096455E-4	0.04855008
0.001	0.048526075
0.0010293103	0.04850047
0.0010594797	0.048472676
0.0010905333	0.048442543
0.0011224973	0.04840991
0.001155398	0.048374616
0.001189263	0.048336495
0.0012241206	0.048295364
0.00126	0.048251044
0.0012961533	0.048204374
0.0013333439	0.048154283
0.0013716016	0.048100583
0.0014109571	0.048043083
0.0014514418	0.047981583
0.0014930882	0.047915887
0.0015359295	0.04784579
0.00158	0.047771074
0.0016272478	0.04768813
0.0016759086	0.04759971
0.0017260244	0.04750558
0.0017776389	0.047405496
0.0018307968	0.04729921
0.0018855444	0.047186483
0.0019419291	0.047067072
0.002	0.046940744
0.0020575977	0.046812247
0.002116854	0.046676904
0.002177817	0.04653451
0.0022405356	0.046384864
0.0023050604	0.046227787
0.0023714434	0.04606309
0.0024397383	0.04589061
0.00251	0.045710176
0.0025833033	0.045518957
0.0026587474	0.04531926
0.0027363948	0.04511095
0.0028163097	0.0448939
0.0028985585	0.044668008
0.0029832094	0.04443318
0.0030703326	0.044189345
0.00316	0.04393644
0.0032524571	0.043673936
0.0033476194	0.043402266
0.003445566	0.043121427
0.0035463783	0.042831432
0.0036501405	0.042532314
0.0037569385	0.04222413
0.003866861	0.041906953
0.00398	0.041580882
0.004096165	0.04124684
0.0042157196	0.04090419
0.0043387646	0.04055309
0.0044654002	0.040193703
0.0045957323	0.03982623
0.0047298684	0.039450873
0.0048679197	0.03906786
0.00501	0.038677443
0.005156579	0.038278922
0.0053074467	0.0378735
0.005462728	0.037461463
0.0056225527	0.03704312
0.0057870536	0.03661879
0.005956367	0.036188804
0.0061306343	0.035753496
0.00631	0.03531322
0.006493865	0.034870118
0.0066830874	0.034422792
0.0068778237	0.033971608
0.007078234	0.03351693
0.0072844843	0.033059124
0.0074967444	0.032598555
0.00771519	0.032135595
0.00794	0.031670604
0.008172275	0.03120212
0.008411343	0.030732315
0.008657407	0.03026154
0.008910668	0.02979014
0.009171338	0.029318457
0.009439633	0.028846815
0.009715778	0.028375538
0.01	0.027904928
0.010292081	0.027436007
0.010592694	0.026968328
0.010902087	0.026502166
0.011220517	0.026037773
0.011548247	0.025575394
0.011885551	0.025115255
0.012232705	0.02465757
0.01259	0.024202542
0.012957647	0.023750454
0.013336032	0.023301378
0.013725464	0.022855474
0.01412627	0.022412881
0.014538779	0.021973737
0.014963334	0.021538159
0.015400288	0.021106252
0.01585	0.020678116
0.016312422	0.020254212
0.016788337	0.01983423
0.017278135	0.019418236
0.017782224	0.019006284
0.01830102	0.018598426
0.01883495	0.018194703
0.019384459	0.01779515
0.01995	0.017399797
0.020533005	0.017008036
0.021133045	0.016620537
0.021750621	0.016237319
0.022386245	0.015858397
0.023040446	0.015483784
0.023713762	0.015113494
0.024406755	0.01474754
0.02512	0.014385933
0.025853088	0.014029163
0.02660757	0.013676753
0.027384069	0.01332872
0.02818323	0.012985077
0.029005712	0.0126458425
0.029852198	0.012311036
0.030723387	0.011980678
0.03162	0.011654792
0.032543603	0.011333124
0.033494186	0.011015988
0.034472536	0.010703414
0.03547946	0.010395434
0.0365158	0.010092081
0.03758241	0.009793389
0.03868017	0.0094993925
0.03981	0.009210129
0.040972695	0.008925668
0.042169347	0.008646013
0.04340095	0.0083712
0.044668525	0.008101267
0.04597312	0.007836249
0.047315817	0.0075761806
0.04869773	0.007321095
0.05012	0.0070710233
0.0515838	0.0068259956
0.053090356	0.0065860366
0.05464091	0.006351169
0.05623675	0.0061214142
0.0578792	0.0058967876
0.059569612	0.005677303
0.0613094	0.005462968
0.0631	0.005253788
0.06494172	0.0050498904
0.066837184	0.004851137
0.06878798	0.004657519
0.070795715	0.0044690236
0.072862044	0.004285632
0.074988686	0.004107322
0.077177405	0.0039340653
0.07943	0.00376583
0.08174976	0.003602482
0.08413727	0.0034440826
0.08659451	0.003290586
0.08912351	0.0031419415
0.09172637	0.0029980948
0.09440525	0.002858987
0.097162366	0.0027245558
0.1	0.002594735
0.102919795	0.0024694845
0.10592484	0.0023486996
0.109017625	0.0022323045
0.112200715	0.00212022
0.11547674	0.0020123655
0.11884842	0.0019086563
0.12231855	0.0018090071
0.12589	0.0017133298
0.12956645	0.0016215175
0.13335027	0.0015334977
0.13724458	0.0014491783
0.14125264	0.0013684657
0.14537773	0.0012912656
0.14962329	0.0012174828
0.15399285	0.0011470221
0.15849	0.0010797875
0.16311829	0.0010156858
0.16788174	9.546184E-4
0.17278428	8.9648954E-4
0.17783	8.4120414E-4
0.18302307	7.886675E-4
0.18836778	7.387856E-4
0.19386858	6.914654E-4
0.19953	6.4661464E-4
0.20535603	6.0414715E-4
0.21135218	5.6396733E-4
0.21752341	5.259866E-4
0.22387484	4.901175E-4
0.23041171	4.562744E-4
0.23713945	4.2437285E-4
0.24406363	3.9433024E-4
0.25119	3.6606562E-4
0.25852492	3.3949813E-4
0.26607406	3.1455234E-4
0.27384362	2.9115274E-4
0.28184006	2.6922583E-4
0.29007	2.4870006E-4
0.29854023	2.2950585E-4
0.30725783	2.1157574E-4
0.31623	1.948443E-4
0.32546407	1.792483E-4
0.33496782	1.6472643E-4
0.34474903	1.5121957E-4
0.3548159	1.3867076E-4
0.3651767	1.2702512E-4
0.37584007	1.1622994E-4
0.3868148	1.0623456E-4
0.39811	9.699045E-5
0.40973493	8.845118E-5
0.42169935	8.057225E-5
0.4340131	7.3311254E-5
0.44668642	6.662774E-5
0.4597298	6.0483242E-5
0.47315407	5.484117E-5
0.4869703	4.966682E-5
0.50119	4.4927303E-5
0.5158249	4.0591487E-5
0.5308872	3.6629986E-5
0.5463893	3.3015076E-5
0.5623441	2.9720639E-5
0.57876474	2.672212E-5
0.59566486	2.3996472E-5
0.61305845	2.1522084E-5
0.63096	1.9278737E-5
0.6493842	1.7247543E-5
0.6683464	1.5410867E-5
0.6878623	1.37522975E-5
0.7079481	1.2256565E-5
0.72862035	1.09095E-5
0.7498962	9.697968E-6
0.7717934	8.609814E-6
0.79433	7.633808E-6
0.8175246	6.759596E-6
0.8413966	5.977639E-6
0.86596555	5.2791697E-6
0.8912519	4.6561418E-6
0.9172767	4.101183E-6
0.9440614	3.6075485E-6
0.97162825	3.1690797E-6
1.0	2.7801614E-6
1.029201	2.4356743E-6
1.0592546	2.1309843E-6
1.090186	1.8618781E-6
1.1220205	1.6245399E-6
1.1547846	1.4155195E-6
1.1885055	1.2317031E-6
1.223211	1.0702846E-6
1.25893	9.2874E-7
1.2956905	8.048068E-7
1.3335243	6.9644665E-7
1.3724631	6.018406E-7
1.4125386	5.193634E-7
1.4537846	4.4756516E-7
1.4962348	3.851547E-7
1.5399245	3.3098405E-7
1.58489	2.840344E-7
1.6311698	2.43402E-7
1.678801	2.0828976E-7
1.727823	1.7799238E-7
1.7782766	1.5188826E-7
1.8302034	1.2943023E-7
1.8836465	1.101376E-7
1.9386501	9.358875E-8
1.99526	7.941443E-8
2.0535233	6.729182E-8
2.113488	5.6939385E-8
2.1752036	4.811178E-8
2.2387214	4.0595516E-8
2.304094	3.4205254E-8
2.3713756	2.8780361E-8
2.4406219	2.4181803E-8
2.51189	2.0289493E-8
2.5852382	1.6999847E-8
2.6607285	1.4223627E-8
2.7384229	1.1884115E-8
2.818386	9.915542E-9
2.900684	8.261534E-9
2.9853854	6.873848E-9
3.0725598	5.711327E-9
3.16228	4.7388125E-9
3.2546198	3.9264445E-9
3.3496559	3.2488832E-9
3.447467	2.6845468E-9
3.5481343	2.2151951E-9
3.6517413	1.8253941E-9
3.7583735	1.5021465E-9
3.8681195	1.2344464E-9
3.98107	1.0130715E-9
4.097319	8.302805E-10
4.2169633	6.7953176E-10
4.340101	5.5543636E-10
4.466834	4.5337167E-10
4.5972676	3.6956038E-10
4.7315106	3.0084746E-10
4.869673	2.445818E-10
5.01187	1.9858482E-10
5.1582193	1.6098933E-10
5.3088417	1.3034818E-10
5.463863	1.0540169E-10
5.62341	8.510803E-11
5.7876167	6.864376E-11
5.9566183	5.527634E-11
6.1305547	4.445977E-11
6.30957	3.5718872E-11
6.493813	2.865963E-11
6.683436	2.2966407E-11
6.878596	1.8376523E-11
7.079455	1.468059E-11
7.286179	1.1719292E-11
7.4989395	9.338752E-12
7.7179127	7.435275E-12
7.94328	5.9070526E-12
8.175228	4.683698E-12
8.41395	3.7156944E-12
8.659641	2.937539E-12
8.912508	2.309597E-12
9.172758	1.821654E-12
9.440608	1.428524E-12
9.716279	1.1196599E-12
10.0	8.687495E-13



DATASET #2

Name: RSQSim
Num Points: 401
Info: 

X, Y Data:
1.0E-4	0.07772691
1.0333392E-4	0.07772691
1.06779E-4	0.07772691
1.1033893E-4	0.07772691
1.14017545E-4	0.07772691
1.178188E-4	0.0777269
1.2174679E-4	0.0777269
1.2580573E-4	0.0777269
1.3E-4	0.07772689
1.334183E-4	0.07772689
1.369265E-4	0.077726886
1.4052694E-4	0.077726886
1.4422205E-4	0.07772688
1.4801433E-4	0.07772688
1.5190631E-4	0.07772687
1.5590065E-4	0.07772686
1.6E-4	0.077726856
1.645257E-4	0.07772684
1.691794E-4	0.077726826
1.7396474E-4	0.07772682
1.7888544E-4	0.077726796
1.8394532E-4	0.07772678
1.8914833E-4	0.07772675
1.944985E-4	0.07772673
2.0E-4	0.0777267
2.0565712E-4	0.07772666
2.1147425E-4	0.07772662
2.1745593E-4	0.07772657
2.236068E-4	0.07772651
2.2993165E-4	0.077726446
2.364354E-4	0.07772637
2.4312311E-4	0.07772628
2.5E-4	0.077726185
2.5783465E-4	0.07772606
2.659148E-4	0.0777259
2.742482E-4	0.07772573
2.8284272E-4	0.07772553
2.917066E-4	0.07772529
3.0084825E-4	0.077725016
3.102764E-4	0.077724695
3.2E-4	0.07772433
3.290514E-4	0.07772395
3.383588E-4	0.07772351
3.4792948E-4	0.07772302
3.5777088E-4	0.07772246
3.6789064E-4	0.07772182
3.7829665E-4	0.077721104
3.88997E-4	0.077720284
4.0E-4	0.07771937
4.1131425E-4	0.077718325
4.229485E-4	0.077717155
4.3491187E-4	0.07771584
4.472136E-4	0.07771435
4.598633E-4	0.07771268
4.728708E-4	0.07771081
4.8624622E-4	0.077708706
5.0E-4	0.07770635
5.1465514E-4	0.077703625
5.2973983E-4	0.07770056
5.4526667E-4	0.077697136
5.612486E-4	0.07769329
5.77699E-4	0.07768901
5.946315E-4	0.077684216
6.120603E-4	0.07767888
6.3E-4	0.07767294
6.4807665E-4	0.077666484
6.6667196E-4	0.077659324
6.858008E-4	0.077651404
7.0547854E-4	0.07764264
7.257209E-4	0.07763296
7.465441E-4	0.077622294
7.6796475E-4	0.07761054
7.9E-4	0.0775976
8.136239E-4	0.07758276
8.379543E-4	0.07756641
8.630122E-4	0.07754841
8.8881946E-4	0.07752862
9.153984E-4	0.07750689
9.427722E-4	0.07748307
9.7096455E-4	0.07745699
0.001	0.07742846
0.0010293103	0.07739793
0.0010594797	0.077364676
0.0010905333	0.0773285
0.0011224973	0.077289194
0.001155398	0.07724654
0.001189263	0.0772003
0.0012241206	0.07715024
0.00126	0.077096105
0.0012961533	0.07703889
0.0013333439	0.07697726
0.0013716016	0.07691095
0.0014109571	0.07683969
0.0014514418	0.07676318
0.0014930882	0.076681145
0.0015359295	0.07659328
0.00158	0.07649926
0.0016272478	0.07639446
0.0016759086	0.07628228
0.0017260244	0.07616234
0.0017776389	0.07603427
0.0018307968	0.07589767
0.0018855444	0.075752154
0.0019419291	0.075597316
0.002	0.07543275
0.0020575977	0.07526461
0.002116854	0.0750867
0.002177817	0.07489866
0.0022405356	0.074700125
0.0023050604	0.07449074
0.0023714434	0.07427015
0.0024397383	0.07403801
0.00251	0.07379395
0.0025833033	0.073534004
0.0026587474	0.07326113
0.0027363948	0.07297499
0.0028163097	0.072675265
0.0028985585	0.07236165
0.0029832094	0.07203384
0.0030703326	0.07169157
0.00316	0.07133458
0.0032524571	0.07096193
0.0033476194	0.07057404
0.003445566	0.0701707
0.0035463783	0.06975175
0.0036501405	0.06931703
0.0037569385	0.0688664
0.003866861	0.06839978
0.00398	0.06791709
0.004096165	0.06741951
0.0042157196	0.06690586
0.0043387646	0.06637618
0.0044654002	0.0658305
0.0045957323	0.065268904
0.0047298684	0.06469149
0.0048679197	0.06409841
0.00501	0.063489825
0.005156579	0.06286444
0.0053074467	0.062223908
0.005462728	0.061568506
0.0056225527	0.06089853
0.0057870536	0.060214307
0.005956367	0.0595162
0.0061306343	0.05880459
0.00631	0.058079902
0.006493865	0.05734555
0.0066830874	0.056599133
0.0068778237	0.05584114
0.007078234	0.055072088
0.0072844843	0.05429251
0.0074967444	0.053502973
0.00771519	0.05270405
0.00794	0.051896345
0.008172275	0.051077273
0.008411343	0.050250605
0.008657407	0.049416985
0.008910668	0.048577078
0.009171338	0.047731552
0.009439633	0.046881087
0.009715778	0.046026368
0.01	0.045168087
0.010292081	0.044308253
0.010592694	0.043446247
0.010902087	0.042582758
0.011220517	0.041718464
0.011548247	0.040854055
0.011885551	0.039990205
0.012232705	0.03912758
0.01259	0.03826684
0.012957647	0.037408825
0.013336032	0.03655398
0.013725464	0.035702925
0.01412627	0.03485628
0.014538779	0.034014624
0.014963334	0.03317855
0.015400288	0.03234861
0.01585	0.031525347
0.016312422	0.030710021
0.016788337	0.029902386
0.017278135	0.029102925
0.017782224	0.028312104
0.01830102	0.02753036
0.01883495	0.026758112
0.019384459	0.025995761
0.01995	0.02524368
0.020533005	0.024501024
0.021133045	0.023769358
0.021750621	0.023048993
0.022386245	0.022340216
0.023040446	0.021643294
0.023713762	0.020958468
0.024406755	0.020285958
0.02512	0.019625964
0.025853088	0.018979523
0.02660757	0.018345892
0.027384069	0.017725209
0.02818323	0.017117584
0.029005712	0.01652311
0.029852198	0.01594186
0.030723387	0.0153738875
0.03162	0.014819226
0.032543603	0.014277422
0.033494186	0.013748967
0.034472536	0.013233842
0.03547946	0.012732013
0.0365158	0.012243427
0.03758241	0.011768016
0.03868017	0.011305698
0.03981	0.010856377
0.040972695	0.010419992
0.042169347	0.009996366
0.04340095	0.009585365
0.044668525	0.0091868425
0.04597312	0.008800641
0.047315817	0.008426592
0.04869773	0.008064519
0.05012	0.0077142366
0.0515838	0.007375553
0.053090356	0.007048264
0.05464091	0.006732164
0.05623675	0.0064270385
0.0578792	0.0061326683
0.059569612	0.0058488315
0.0613094	0.0055752997
0.0631	0.0053118435
0.06494172	0.0050583854
0.066837184	0.004814523
0.06878798	0.0045800186
0.070795715	0.0043546353
0.072862044	0.0041381354
0.074988686	0.0039302805
0.077177405	0.0037308342
0.07943	0.0035395597
0.08174976	0.0033561133
0.08413727	0.003180379
0.08659451	0.0030121251
0.08912351	0.0028511218
0.09172637	0.0026971423
0.09440525	0.0025499626
0.097162366	0.0024093613
0.1	0.0022751216
0.102919795	0.0021470592
0.10592484	0.0020249307
0.109017625	0.0019085301
0.112200715	0.0017976548
0.11547674	0.0016921064
0.11884842	0.0015916908
0.12231855	0.001496218
0.12589	0.0014055022
0.12956645	0.0013193458
0.13335027	0.0012375895
0.13724458	0.0011600605
0.14125264	0.0010865901
0.14537773	0.001017014
0.14962329	9.511724E-4
0.15399285	8.8890945E-4
0.15849	8.300738E-4
0.16311829	7.7452057E-4
0.16788174	7.221042E-4
0.17278428	6.726858E-4
0.17783	6.261306E-4
0.18302307	5.82308E-4
0.18836778	5.410913E-4
0.19386858	5.0235784E-4
0.19953	4.6598885E-4
0.20535603	4.3187343E-4
0.21135218	3.9989603E-4
0.21752341	3.6994935E-4
0.22387484	3.4192984E-4
0.23041171	3.1573768E-4
0.23713945	2.9127655E-4
0.24406363	2.684538E-4
0.25119	2.4718017E-4
0.25852492	2.273687E-4
0.26607406	2.0893842E-4
0.27384362	1.9181032E-4
0.28184006	1.7590862E-4
0.29007	1.6116074E-4
0.29854023	1.4749727E-4
0.30725783	1.3485187E-4
0.31623	1.2316121E-4
0.32546407	1.12365E-4
0.33496782	1.0240564E-4
0.34474903	9.322843E-5
0.3548159	8.478141E-5
0.3651767	7.701525E-5
0.37584007	6.9883215E-5
0.3868148	6.3341075E-5
0.39811	5.7346988E-5
0.40973493	5.186152E-5
0.42169935	4.68474E-5
0.4340131	4.2269585E-5
0.44668642	3.8095117E-5
0.4597298	3.429306E-5
0.47315407	3.083441E-5
0.4869703	2.7692E-5
0.50119	2.4840438E-5
0.5158249	2.2256016E-5
0.5308872	1.9916633E-5
0.5463893	1.7801722E-5
0.5623441	1.5892156E-5
0.57876474	1.4170193E-5
0.59566486	1.26193845E-5
0.61305845	1.12245125E-5
0.63096	9.971517E-6
0.6493842	8.847431E-6
0.6683464	7.840301E-6
0.6878623	6.9391403E-6
0.7079481	6.1338583E-6
0.72862035	5.415204E-6
0.7498962	4.774708E-6
0.7717934	4.204629E-6
0.79433	3.6979027E-6
0.8175246	3.248092E-6
0.8413966	2.8493405E-6
0.86596555	2.496329E-6
0.8912519	2.1842332E-6
0.9172767	1.9086847E-6
0.9440614	1.6657351E-6
0.97162825	1.4518196E-6
1.0	1.263726E-6
1.029201	1.0985599E-6
1.0592546	9.537298E-7
1.090186	8.2690684E-7
1.1220205	7.160052E-7
1.1547846	6.1916023E-7
1.1885055	5.3470734E-7
1.223211	4.61163E-7
1.25893	3.9720723E-7
1.2956905	3.416693E-7
1.3335243	2.9350642E-7
1.3724631	2.5179742E-7
1.4125386	2.1572797E-7
1.4537846	1.8457912E-7
1.4962348	1.5771722E-7
1.5399245	1.3458472E-7
1.58489	1.1469173E-7
1.6311698	9.760814E-8
1.678801	8.295818E-8
1.727823	7.041281E-8
1.7782766	5.968475E-8
1.8302034	5.0523614E-8
1.8836465	4.2711513E-8
1.9386501	3.605913E-8
1.99526	3.0402237E-8
2.0535233	2.5598588E-8
2.113488	2.1525207E-8
2.1752036	1.8075916E-8
2.2387214	1.515918E-8
2.304094	1.2696214E-8
2.3713756	1.0619327E-8
2.4406219	8.870423E-9
2.51189	7.399767E-9
2.5852382	6.164811E-9
2.6607285	5.129208E-9
2.7384229	4.2619703E-9
2.818386	3.536733E-9
2.900684	2.9310732E-9
2.9853854	2.4259696E-9
3.0725598	2.0053061E-9
3.16228	1.6554402E-9
3.2546198	1.3648607E-9
3.3496559	1.123836E-9
3.447467	9.241964E-10
3.5481343	7.590475E-10
3.6517413	6.226236E-10
3.7583735	5.100733E-10
3.8681195	4.1734338E-10
3.98107	3.4104108E-10
4.097319	2.7834623E-10
4.2169633	2.2689461E-10
4.340101	1.8472612E-10
4.466834	1.5021073E-10
4.5972676	1.2199464E-10
4.7315106	9.895895E-11
4.869673	8.017664E-11
5.01187	6.48821E-11
5.1582193	5.243983E-11
5.3088417	4.2336024E-11
5.463863	3.413969E-11
5.62341	2.7496116E-11
5.7876167	2.2119084E-11
5.9566183	1.7773227E-11
6.1305547	1.42644785E-11
6.30957	1.1436185E-11
6.493813	9.1568975E-12
6.683436	7.324807E-12
6.878596	5.853096E-12
7.079455	4.6725956E-12
7.286179	3.7257974E-12
7.4989395	2.9675151E-12
7.7179127	2.3613334E-12
7.94328	1.876388E-12
8.175228	1.4893642E-12
8.41395	1.1812773E-12
8.659641	9.35807E-13
8.912508	7.422951E-13
9.172758	5.865308E-13
9.440608	4.63074E-13
9.716279	3.6426417E-13
10.0	2.8643754E-13



DATASET #3

Name: 1000yr
Num Points: 2
Info: 

X, Y Data:
0.001	0.001
10.0	0.001



DATASET #4

Name: 2500yr
Num Points: 2
Info: 

X, Y Data:
0.001	4.0E-4
10.0	4.0E-4



DATASET #5

Name: 10000yr
Num Points: 2
Info: 

X, Y Data:
0.001	1.0E-4
10.0	1.0E-4


