
X-Axis: 0.2s SA (g)
Y-Axis: Annual Probabilitiy
Number of Data Sets: 5


DATASET #1

Name: UCERF3
Num Points: 401
Info: 

X, Y Data:
1.0E-4	0.14420243
1.0333392E-4	0.14374925
1.06779E-4	0.14329588
1.1033893E-4	0.1428423
1.14017545E-4	0.14238845
1.178188E-4	0.14193434
1.2174679E-4	0.14147991
1.2580573E-4	0.1410251
1.3E-4	0.14056987
1.334183E-4	0.14020926
1.369265E-4	0.1398483
1.4052694E-4	0.13948697
1.4422205E-4	0.13912524
1.4801433E-4	0.13876306
1.5190631E-4	0.13840039
1.5590065E-4	0.13803722
1.6E-4	0.13767347
1.645257E-4	0.1372819
1.691794E-4	0.13688959
1.7396474E-4	0.1364965
1.7888544E-4	0.13610259
1.8394532E-4	0.1357078
1.8914833E-4	0.13531208
1.944985E-4	0.13491543
2.0E-4	0.13451777
2.0565712E-4	0.13411911
2.1147425E-4	0.13371937
2.1745593E-4	0.13331856
2.236068E-4	0.13291663
2.2993165E-4	0.13251357
2.364354E-4	0.13210936
2.4312311E-4	0.13170397
2.5E-4	0.1312974
2.5783465E-4	0.13084622
2.659148E-4	0.13039356
2.742482E-4	0.12993944
2.8284272E-4	0.12948382
2.917066E-4	0.12902673
3.0084825E-4	0.12856814
3.102764E-4	0.1281081
3.2E-4	0.12764658
3.290514E-4	0.12722816
3.383588E-4	0.12680854
3.4792948E-4	0.12638776
3.5777088E-4	0.12596582
3.6789064E-4	0.12554272
3.7829665E-4	0.12511846
3.88997E-4	0.12469308
4.0E-4	0.12426655
4.1131425E-4	0.12383888
4.229485E-4	0.12341008
4.3491187E-4	0.12298014
4.472136E-4	0.12254906
4.598633E-4	0.12211682
4.728708E-4	0.12168342
4.8624622E-4	0.12124883
5.0E-4	0.120813034
5.1465514E-4	0.12036038
5.2973983E-4	0.11990637
5.4526667E-4	0.119450964
5.612486E-4	0.11899411
5.77699E-4	0.118535765
5.946315E-4	0.118075855
6.120603E-4	0.11761432
6.3E-4	0.11715109
6.4807665E-4	0.11669576
6.6667196E-4	0.11623864
6.858008E-4	0.11577965
7.0547854E-4	0.1153187
7.257209E-4	0.11485569
7.465441E-4	0.11439052
7.6796475E-4	0.11392309
7.9E-4	0.11345328
8.136239E-4	0.112961285
8.379543E-4	0.11246646
8.630122E-4	0.111968674
8.8881946E-4	0.11146778
9.153984E-4	0.11096365
9.427722E-4	0.110456154
9.7096455E-4	0.10994515
0.001	0.10943051
0.0010293103	0.108922265
0.0010594797	0.10841029
0.0010905333	0.107894465
0.0011224973	0.10737468
0.001155398	0.10685084
0.001189263	0.106322855
0.0012241206	0.10579064
0.00126	0.10525413
0.0012961533	0.10472453
0.0013333439	0.1041907
0.0013716016	0.10365262
0.0014109571	0.103110254
0.0014514418	0.1025636
0.0014930882	0.10201266
0.0015359295	0.10145745
0.00158	0.10089801
0.0016272478	0.10031086
0.0016759086	0.09971925
0.0017260244	0.09912326
0.0017776389	0.098523
0.0018307968	0.097918585
0.0018855444	0.09731016
0.0019419291	0.0966979
0.002	0.09608195
0.0020575977	0.09548514
0.002116854	0.09488529
0.002177817	0.09428258
0.0022405356	0.09367722
0.0023050604	0.09306944
0.0023714434	0.09245946
0.0024397383	0.09184752
0.00251	0.09123386
0.0025833033	0.090610184
0.0026587474	0.08998528
0.0027363948	0.089359425
0.0028163097	0.08873289
0.0028985585	0.088105954
0.0029832094	0.08747891
0.0030703326	0.086852044
0.00316	0.08622563
0.0032524571	0.08559881
0.0033476194	0.084973015
0.003445566	0.084348515
0.0035463783	0.08372558
0.0036501405	0.083104484
0.0037569385	0.082485475
0.003866861	0.0818688
0.00398	0.081254706
0.004096165	0.08064488
0.0042157196	0.08003808
0.0043387646	0.07943449
0.0044654002	0.07883432
0.0045957323	0.07823774
0.0047298684	0.07764494
0.0048679197	0.07705604
0.00501	0.076471224
0.005156579	0.07588923
0.0053074467	0.075311564
0.005462728	0.07473833
0.0056225527	0.07416962
0.0057870536	0.0736055
0.005956367	0.073046036
0.0061306343	0.07249127
0.00631	0.071941234
0.006493865	0.0713981
0.0066830874	0.070859686
0.0068778237	0.07032596
0.007078234	0.06979691
0.0072844843	0.069272496
0.0074967444	0.06875267
0.00771519	0.068237364
0.00794	0.06772651
0.008172275	0.067218065
0.008411343	0.06671394
0.008657407	0.06621401
0.008910668	0.065718174
0.009171338	0.06522631
0.009439633	0.064738296
0.009715778	0.06425398
0.01	0.06377324
0.010292081	0.06329664
0.010592694	0.06282329
0.010902087	0.06235305
0.011220517	0.061885748
0.011548247	0.061421227
0.011885551	0.06095933
0.012232705	0.060499895
0.01259	0.060042758
0.012957647	0.059587862
0.013336032	0.05913495
0.013725464	0.05868386
0.01412627	0.05823445
0.014538779	0.05778657
0.014963334	0.05734007
0.015400288	0.056894828
0.01585	0.056450706
0.016312422	0.056007978
0.016788337	0.055566125
0.017278135	0.055125043
0.017782224	0.054684624
0.01830102	0.05424478
0.01883495	0.053805415
0.019384459	0.05336646
0.01995	0.052927837
0.020533005	0.05248877
0.021133045	0.052049916
0.021750621	0.05161123
0.022386245	0.05117267
0.023040446	0.050734196
0.023713762	0.05029578
0.024406755	0.049857404
0.02512	0.049419045
0.025853088	0.04898128
0.02660757	0.048543513
0.027384069	0.048105735
0.02818323	0.047667947
0.029005712	0.04723015
0.029852198	0.046792343
0.030723387	0.04635453
0.03162	0.045916714
0.032543603	0.04547851
0.033494186	0.045040317
0.034472536	0.04460213
0.03547946	0.044163946
0.0365158	0.043725774
0.03758241	0.0432876
0.03868017	0.042849425
0.03981	0.042411238
0.040972695	0.041973073
0.042169347	0.041534867
0.04340095	0.0410966
0.044668525	0.040658247
0.04597312	0.04021978
0.047315817	0.03978117
0.04869773	0.03934239
0.05012	0.038903385
0.0515838	0.03846413
0.053090356	0.03802457
0.05464091	0.037584666
0.05623675	0.037144363
0.0578792	0.03670361
0.059569612	0.03626235
0.0613094	0.035820533
0.0631	0.035378106
0.06494172	0.034935284
0.066837184	0.034491744
0.06878798	0.034047425
0.070795715	0.033602275
0.072862044	0.033156246
0.074988686	0.03270929
0.077177405	0.03226136
0.07943	0.031812422
0.08174976	0.031362165
0.08413727	0.030910831
0.08659451	0.030458398
0.08912351	0.030004852
0.09172637	0.029550182
0.09440525	0.029094389
0.097162366	0.028637484
0.1	0.028179485
0.102919795	0.027720533
0.10592484	0.027260557
0.109017625	0.026799608
0.112200715	0.02633775
0.11547674	0.025875058
0.11884842	0.025411619
0.12231855	0.024947532
0.12589	0.024482913
0.12956645	0.024017798
0.13335027	0.023552412
0.13724458	0.023086913
0.14125264	0.022621462
0.14537773	0.022156239
0.14962329	0.02169143
0.15399285	0.021227242
0.15849	0.020763885
0.16311829	0.020301603
0.16788174	0.019840611
0.17278428	0.019381152
0.17783	0.018923476
0.18302307	0.018467845
0.18836778	0.018014524
0.19386858	0.017563783
0.19953	0.017115897
0.20535603	0.016671201
0.21135218	0.01622992
0.21752341	0.015792336
0.22387484	0.015358729
0.23041171	0.01492938
0.23713945	0.014504564
0.24406363	0.014084555
0.25119	0.0136696175
0.25852492	0.013259987
0.26607406	0.012855942
0.27384362	0.012457727
0.28184006	0.0120655745
0.29007	0.011679707
0.29854023	0.011300335
0.30725783	0.010927656
0.31623	0.010561854
0.32546407	0.010203101
0.33496782	0.009851548
0.34474903	0.009507336
0.3548159	0.009170587
0.3651767	0.008841409
0.37584007	0.008519893
0.3868148	0.008206112
0.39811	0.007900125
0.40973493	0.0076019745
0.42169935	0.0073116845
0.4340131	0.0070292633
0.44668642	0.0067547043
0.4597298	0.0064879856
0.47315407	0.0062290714
0.4869703	0.0059779105
0.50119	0.0057344385
0.5158249	0.0054985783
0.5308872	0.0052702418
0.5463893	0.005049328
0.5623441	0.0048357267
0.57876474	0.0046293177
0.59566486	0.004429972
0.61305845	0.0042375526
0.63096	0.0040519168
0.6493842	0.0038729145
0.6683464	0.0037003916
0.6878623	0.0035341885
0.7079481	0.0033741435
0.72862035	0.0032200918
0.7498962	0.003071867
0.7717934	0.0029293017
0.79433	0.0027922282
0.8175246	0.0026604796
0.8413966	0.0025338896
0.86596555	0.0024122938
0.8912519	0.0022955297
0.9172767	0.0021834378
0.9440614	0.0020758617
0.97162825	0.0019726476
1.0	0.0018736464
1.029201	0.00177871
1.0592546	0.0016876995
1.090186	0.0016004775
1.1220205	0.0015169116
1.1547846	0.001436873
1.1885055	0.0013602383
1.223211	0.0012868877
1.25893	0.0012167062
1.2956905	0.0011495857
1.3335243	0.0010854165
1.3724631	0.0010240959
1.4125386	9.6552505E-4
1.4537846	9.096087E-4
1.4962348	8.5625506E-4
1.5399245	8.0537575E-4
1.58489	7.5688533E-4
1.6311698	7.107E-4
1.678801	6.6674134E-4
1.727823	6.2493194E-4
1.7782766	5.8519666E-4
1.8302034	5.474625E-4
1.8836465	5.1165844E-4
1.9386501	4.7771522E-4
1.99526	4.4556518E-4
2.0535233	4.151421E-4
2.113488	3.8638155E-4
2.1752036	3.5922023E-4
2.2387214	3.3359608E-4
2.304094	3.0944825E-4
2.3713756	2.8671703E-4
2.4406219	2.6534378E-4
2.51189	2.4527108E-4
2.5852382	2.2644275E-4
2.6607285	2.0880315E-4
2.7384229	1.9229809E-4
2.818386	1.7687444E-4
2.900684	1.6248027E-4
2.9853854	1.4906477E-4
3.0725598	1.3657838E-4
3.16228	1.2497278E-4
3.2546198	1.1420094E-4
3.3496559	1.04217106E-4
3.447467	9.497693E-5
3.5481343	8.643743E-5
3.6517413	7.8557074E-5
3.7583735	7.129577E-5
3.8681195	6.461492E-5
3.98107	5.8477406E-5
4.097319	5.284761E-5
4.2169633	4.7691487E-5
4.340101	4.2976484E-5
4.466834	3.8671584E-5
4.5972676	3.4747263E-5
4.7315106	3.1175518E-5
4.869673	2.792982E-5
5.01187	2.4985096E-5
5.1582193	2.2317708E-5
5.3088417	1.9905418E-5
5.463863	1.772734E-5
5.62341	1.5763915E-5
5.7876167	1.39968615E-5
5.9566183	1.2409126E-5
6.1305547	1.0984836E-5
6.30957	9.709259E-6
6.493813	8.568736E-6
6.683436	7.550646E-6
6.878596	6.6433404E-6
7.079455	5.836097E-6
7.286179	5.1190655E-6
7.4989395	4.4832177E-6
7.7179127	3.920295E-6
7.94328	3.4227587E-6
8.175228	2.9837433E-6
8.41395	2.597008E-6
8.659641	2.256893E-6
8.912508	1.9582749E-6
9.172758	1.6965267E-6
9.440608	1.4674775E-6
9.716279	1.2673758E-6
10.0	1.0928536E-6



DATASET #2

Name: RSQSim
Num Points: 401
Info: 

X, Y Data:
1.0E-4	0.17656232
1.0333392E-4	0.17596065
1.06779E-4	0.17535517
1.1033893E-4	0.17474602
1.14017545E-4	0.17413335
1.178188E-4	0.17351724
1.2174679E-4	0.17289786
1.2580573E-4	0.1722753
1.3E-4	0.1716497
1.334183E-4	0.17115249
1.369265E-4	0.1706535
1.4052694E-4	0.1701528
1.4422205E-4	0.16965042
1.4801433E-4	0.16914642
1.5190631E-4	0.16864087
1.5590065E-4	0.1681338
1.6E-4	0.16762526
1.645257E-4	0.1670772
1.691794E-4	0.16652755
1.7396474E-4	0.16597643
1.7888544E-4	0.16542386
1.8394532E-4	0.16486992
1.8914833E-4	0.16431466
1.944985E-4	0.16375814
2.0E-4	0.16320044
2.0565712E-4	0.1626416
2.1147425E-4	0.1620817
2.1745593E-4	0.1615208
2.236068E-4	0.16095893
2.2993165E-4	0.1603962
2.364354E-4	0.15983264
2.4312311E-4	0.15926832
2.5E-4	0.15870331
2.5783465E-4	0.15807752
2.659148E-4	0.15745105
2.742482E-4	0.15682398
2.8284272E-4	0.15619642
2.917066E-4	0.15556844
3.0084825E-4	0.15494013
3.102764E-4	0.15431158
3.2E-4	0.15368289
3.290514E-4	0.15311456
3.383588E-4	0.15254624
3.4792948E-4	0.15197802
3.5777088E-4	0.15140994
3.6789064E-4	0.15084209
3.7829665E-4	0.15027452
3.88997E-4	0.14970727
4.0E-4	0.14914045
4.1131425E-4	0.14857407
4.229485E-4	0.14800821
4.3491187E-4	0.14744294
4.472136E-4	0.14687827
4.598633E-4	0.1463143
4.728708E-4	0.14575104
4.8624622E-4	0.14518857
5.0E-4	0.1446269
5.1465514E-4	0.14404607
5.2973983E-4	0.14346619
5.4526667E-4	0.14288732
5.612486E-4	0.14230947
5.77699E-4	0.14173266
5.946315E-4	0.14115696
6.120603E-4	0.14058235
6.3E-4	0.14000887
6.4807665E-4	0.13944839
6.6667196E-4	0.13888901
6.858008E-4	0.13833074
7.0547854E-4	0.1377736
7.257209E-4	0.13721755
7.465441E-4	0.13666263
7.6796475E-4	0.13610882
7.9E-4	0.13555609
8.136239E-4	0.13498154
8.379543E-4	0.13440816
8.630122E-4	0.13383594
8.8881946E-4	0.13326484
9.153984E-4	0.13269484
9.427722E-4	0.13212593
9.7096455E-4	0.13155809
0.001	0.13099127
0.0010293103	0.13043651
0.0010594797	0.12988268
0.0010905333	0.12932976
0.0011224973	0.12877773
0.001155398	0.12822653
0.001189263	0.12767617
0.0012241206	0.12712659
0.00126	0.12657776
0.0012961533	0.12604104
0.0013333439	0.125505
0.0013716016	0.124969594
0.0014109571	0.12443481
0.0014514418	0.123900615
0.0014930882	0.12336699
0.0015359295	0.12283391
0.00158	0.12230134
0.0016272478	0.121747166
0.0016759086	0.121193506
0.0017260244	0.12064034
0.0017776389	0.120087646
0.0018307968	0.11953541
0.0018855444	0.11898361
0.0019419291	0.11843223
0.002	0.11788127
0.0020575977	0.11735075
0.002116854	0.1168206
0.002177817	0.11629081
0.0022405356	0.11576138
0.0023050604	0.115232304
0.0023714434	0.11470358
0.0024397383	0.11417523
0.00251	0.113647245
0.0025833033	0.113112316
0.0026587474	0.11257778
0.0027363948	0.11204367
0.0028163097	0.11150999
0.0028985585	0.11097676
0.0029832094	0.11044402
0.0030703326	0.10991176
0.00316	0.10938004
0.0032524571	0.1088479
0.0033476194	0.10831635
0.003445566	0.10778541
0.0035463783	0.10725512
0.0036501405	0.10672552
0.0037569385	0.106196634
0.003866861	0.1056685
0.00398	0.105141155
0.004096165	0.10461588
0.0042157196	0.10409146
0.0043387646	0.10356789
0.0044654002	0.103045225
0.0045957323	0.10252347
0.0047298684	0.10200265
0.0048679197	0.10148277
0.00501	0.100963846
0.005156579	0.100444645
0.0053074467	0.099926405
0.005462728	0.0994091
0.0056225527	0.098892726
0.0057870536	0.09837724
0.005956367	0.09786262
0.0061306343	0.097348824
0.00631	0.09683579
0.006493865	0.0963255
0.0066830874	0.09581584
0.0068778237	0.09530671
0.007078234	0.094798036
0.0072844843	0.0942897
0.0074967444	0.0937816
0.00771519	0.09327361
0.00794	0.0927656
0.008172275	0.092255436
0.008411343	0.09174496
0.008657407	0.091234
0.008910668	0.09072238
0.009171338	0.09020993
0.009439633	0.08969647
0.009715778	0.08918178
0.01	0.08866568
0.010292081	0.08814876
0.010592694	0.08763001
0.010902087	0.08710923
0.011220517	0.0865862
0.011548247	0.086060695
0.011885551	0.08553251
0.012232705	0.085001424
0.01259	0.08446721
0.012957647	0.083929785
0.013336032	0.08338881
0.013725464	0.08284408
0.01412627	0.08229539
0.014538779	0.08174254
0.014963334	0.08118534
0.015400288	0.0806236
0.01585	0.08005714
0.016312422	0.07948631
0.016788337	0.07891044
0.017278135	0.07832937
0.017782224	0.077742964
0.01830102	0.0771511
0.01883495	0.07655363
0.019384459	0.07595046
0.01995	0.075341485
0.020533005	0.074725606
0.021133045	0.074103735
0.021750621	0.07347581
0.022386245	0.07284176
0.023040446	0.07220155
0.023713762	0.07155515
0.024406755	0.070902534
0.02512	0.070243694
0.025853088	0.069579534
0.02660757	0.068909176
0.027384069	0.06823265
0.02818323	0.06754999
0.029005712	0.066861235
0.029852198	0.06616646
0.030723387	0.06546572
0.03162	0.0647591
0.032543603	0.06404605
0.033494186	0.063327305
0.034472536	0.06260297
0.03547946	0.061873164
0.0365158	0.061138026
0.03758241	0.060397703
0.03868017	0.059652347
0.03981	0.058902126
0.040972695	0.058147304
0.042169347	0.05738798
0.04340095	0.05662436
0.044668525	0.055856653
0.04597312	0.055085078
0.047315817	0.054309864
0.04869773	0.053531263
0.05012	0.052749522
0.0515838	0.051964913
0.053090356	0.051177707
0.05464091	0.05038819
0.05623675	0.049596652
0.0578792	0.048803404
0.059569612	0.04800876
0.0613094	0.047213037
0.0631	0.04641657
0.06494172	0.045620196
0.066837184	0.044823766
0.06878798	0.044027623
0.070795715	0.04323213
0.072862044	0.04243765
0.074988686	0.041644543
0.077177405	0.040853184
0.07943	0.040063944
0.08174976	0.03927672
0.08413727	0.038492367
0.08659451	0.037711255
0.08912351	0.03693376
0.09172637	0.036160253
0.09440525	0.0353911
0.097162366	0.034626663
0.1	0.0338673
0.102919795	0.033113547
0.10592484	0.032365557
0.109017625	0.03162367
0.112200715	0.030888215
0.11547674	0.030159505
0.11884842	0.029437851
0.12231855	0.028723547
0.12589	0.028016878
0.12956645	0.027317984
0.13335027	0.02662726
0.13724458	0.025944954
0.14125264	0.025271298
0.14537773	0.024606513
0.14962329	0.023950806
0.15399285	0.023304366
0.15849	0.02266737
0.16311829	0.022040011
0.16788174	0.021422407
0.17278428	0.020814696
0.17783	0.020216996
0.18302307	0.019629415
0.18836778	0.01905205
0.19386858	0.018484974
0.19953	0.017928263
0.20535603	0.017382033
0.21135218	0.01684626
0.21752341	0.016320975
0.22387484	0.0158062
0.23041171	0.015301944
0.23713945	0.014808204
0.24406363	0.014324972
0.25119	0.0138522275
0.25852492	0.013389911
0.26607406	0.012938016
0.27384362	0.012496499
0.28184006	0.012065306
0.29007	0.011644378
0.29854023	0.011233648
0.30725783	0.010833043
0.31623	0.010442484
0.32546407	0.010061888
0.33496782	0.009691164
0.34474903	0.009330216
0.3548159	0.008978943
0.3651767	0.008637243
0.37584007	0.008305005
0.3868148	0.007982117
0.39811	0.0076684617
0.40973493	0.007363921
0.42169935	0.007068368
0.4340131	0.0067816754
0.44668642	0.0065037115
0.4597298	0.0062343427
0.47315407	0.0059734313
0.4869703	0.0057208375
0.50119	0.005476418
0.5158249	0.0052400264
0.5308872	0.005011516
0.5463893	0.004790736
0.5623441	0.0045775333
0.57876474	0.0043717544
0.59566486	0.0041732416
0.61305845	0.0039818375
0.63096	0.0037973823
0.6493842	0.0036197163
0.6683464	0.0034486768
0.6878623	0.0032841016
0.7079481	0.0031258275
0.72862035	0.0029736913
0.7498962	0.0028275296
0.7717934	0.0026871795
0.79433	0.0025524783
0.8175246	0.002423264
0.8413966	0.0022993763
0.86596555	0.0021806548
0.8912519	0.0020669415
0.9172767	0.00195808
0.9440614	0.0018539159
0.97162825	0.0017542964
1.0	0.0016590714
1.029201	0.001568091
1.0592546	0.0014812126
1.090186	0.0013982937
1.1220205	0.001319195
1.1547846	0.0012437803
1.1885055	0.0011719161
1.223211	0.0011034724
1.25893	0.0010383222
1.2956905	9.7634434E-4
1.3335243	9.174157E-4
1.3724631	8.614192E-4
1.4125386	8.082409E-4
1.4537846	7.5777026E-4
1.4962348	7.098998E-4
1.5399245	6.645253E-4
1.58489	6.2154565E-4
1.6311698	5.8086147E-4
1.678801	5.423789E-4
1.727823	5.060058E-4
1.7782766	4.716526E-4
1.8302034	4.3923268E-4
1.8836465	4.0866208E-4
1.9386501	3.7985938E-4
1.99526	3.5274573E-4
2.0535233	3.2724458E-4
2.113488	3.032821E-4
2.1752036	2.807867E-4
2.2387214	2.596889E-4
2.304094	2.399216E-4
2.3713756	2.2141973E-4
2.4406219	2.0412038E-4
2.51189	1.8796277E-4
2.5852382	1.7288825E-4
2.6607285	1.5883983E-4
2.7384229	1.4576265E-4
2.818386	1.336038E-4
2.900684	1.223123E-4
2.9853854	1.1183903E-4
3.0725598	1.0213671E-4
3.16228	9.3159935E-5
3.2546198	8.4865096E-5
3.3496559	7.721033E-5
3.447467	7.0155584E-5
3.5481343	6.366252E-5
3.6517413	5.769453E-5
3.7583735	5.221669E-5
3.8681195	4.719573E-5
3.98107	4.2600015E-5
4.097319	3.8399492E-5
4.2169633	3.4565706E-5
4.340101	3.107171E-5
4.466834	2.7892043E-5
4.5972676	2.5002697E-5
4.7315106	2.2381062E-5
4.869673	2.00059E-5
5.01187	1.7857285E-5
5.1582193	1.5916556E-5
5.3088417	1.41662795E-5
5.463863	1.2590191E-5
5.62341	1.1173148E-5
5.7876167	9.9010795E-6
5.9566183	8.760936E-6
6.1305547	7.740638E-6
6.30957	6.829024E-6
6.493813	6.015805E-6
6.683436	5.2915116E-6
6.878596	4.6474474E-6
7.079455	4.07564E-6
7.286179	3.5687956E-6
7.4989395	3.1202562E-6
7.7179127	2.7239535E-6
7.94328	2.3743694E-6
8.175228	2.0664954E-6
8.41395	1.7957943E-6
8.659641	1.5581647E-6
8.912508	1.3499057E-6
9.172758	1.1676843E-6
9.440608	1.0085057E-6
9.716279	8.6968305E-7
10.0	7.4881126E-7



DATASET #3

Name: 1000yr
Num Points: 2
Info: 

X, Y Data:
0.001	0.001
10.0	0.001



DATASET #4

Name: 2500yr
Num Points: 2
Info: 

X, Y Data:
0.001	4.0E-4
10.0	4.0E-4



DATASET #5

Name: 10000yr
Num Points: 2
Info: 

X, Y Data:
0.001	1.0E-4
10.0	1.0E-4


