
X-Axis: 0.2s SA (g)
Y-Axis: Annual Probabilitiy
Number of Data Sets: 5


DATASET #1

Name: UCERF3
Num Points: 401
Info: 

X, Y Data:
1.0E-4	0.1536807
1.0333392E-4	0.15333483
1.06779E-4	0.15298899
1.1033893E-4	0.15264316
1.14017545E-4	0.15229729
1.178188E-4	0.15195133
1.2174679E-4	0.1516052
1.2580573E-4	0.15125881
1.3E-4	0.15091205
1.334183E-4	0.15063724
1.369265E-4	0.15036204
1.4052694E-4	0.15008636
1.4422205E-4	0.1498101
1.4801433E-4	0.14953318
1.5190631E-4	0.14925548
1.5590065E-4	0.14897689
1.6E-4	0.14869729
1.645257E-4	0.14839554
1.691794E-4	0.1480923
1.7396474E-4	0.1477874
1.7888544E-4	0.14748068
1.8394532E-4	0.14717191
1.8914833E-4	0.14686091
1.944985E-4	0.14654747
2.0E-4	0.14623135
2.0565712E-4	0.14591236
2.1147425E-4	0.14559026
2.1745593E-4	0.1452648
2.236068E-4	0.14493576
2.2993165E-4	0.14460286
2.364354E-4	0.14426589
2.4312311E-4	0.14392456
2.5E-4	0.14357863
2.5783465E-4	0.14319023
2.659148E-4	0.14279553
2.742482E-4	0.14239413
2.8284272E-4	0.14198568
2.917066E-4	0.14156981
3.0084825E-4	0.14114617
3.102764E-4	0.14071438
3.2E-4	0.14027408
3.290514E-4	0.13986845
3.383588E-4	0.13945535
3.4792948E-4	0.13903448
3.5777088E-4	0.13860561
3.6789064E-4	0.1381685
3.7829665E-4	0.13772291
3.88997E-4	0.13726862
4.0E-4	0.13680539
4.1131425E-4	0.13633303
4.229485E-4	0.13585135
4.3491187E-4	0.13536015
4.472136E-4	0.13485926
4.598633E-4	0.13434851
4.728708E-4	0.13382778
4.8624622E-4	0.13329692
5.0E-4	0.13275582
5.1465514E-4	0.13218449
5.2973983E-4	0.13160197
5.4526667E-4	0.1310082
5.612486E-4	0.13040312
5.77699E-4	0.1297867
5.946315E-4	0.12915894
6.120603E-4	0.12851986
6.3E-4	0.12786947
6.4807665E-4	0.1272217
6.6667196E-4	0.12656325
6.858008E-4	0.1258942
7.0547854E-4	0.12521467
7.257209E-4	0.12452479
7.465441E-4	0.12382474
7.6796475E-4	0.123114675
7.9E-4	0.122394815
8.136239E-4	0.12163483
8.379543E-4	0.12086472
8.630122E-4	0.12008474
8.8881946E-4	0.11929522
9.153984E-4	0.11849647
9.427722E-4	0.11768882
9.7096455E-4	0.11687263
0.001	0.11604826
0.0010293103	0.115232445
0.0010594797	0.11440948
0.0010905333	0.11357974
0.0011224973	0.112743616
0.001155398	0.11190146
0.001189263	0.111053675
0.0012241206	0.11020062
0.00126	0.10934269
0.0012961533	0.1084982
0.0013333439	0.10764973
0.0013716016	0.10679763
0.0014109571	0.10594221
0.0014514418	0.10508382
0.0014930882	0.10422276
0.0015359295	0.103359334
0.00158	0.10249382
0.0016272478	0.10159041
0.0016759086	0.10068533
0.0017260244	0.09977885
0.0017776389	0.09887124
0.0018307968	0.097962715
0.0018855444	0.0970535
0.0019419291	0.09614379
0.002	0.095233746
0.0020575977	0.0943567
0.002116854	0.09347961
0.002177817	0.09260258
0.0022405356	0.0917257
0.0023050604	0.090849034
0.0023714434	0.08997265
0.0024397383	0.08909658
0.00251	0.088220865
0.0025833033	0.08733336
0.0026587474	0.08644625
0.0027363948	0.085559525
0.0028163097	0.08467319
0.0028985585	0.083787225
0.0029832094	0.08290163
0.0030703326	0.08201637
0.00316	0.08113145
0.0032524571	0.080245234
0.0033476194	0.07935933
0.003445566	0.07847374
0.0035463783	0.07758846
0.0036501405	0.07670352
0.0037569385	0.075818926
0.003866861	0.074934736
0.00398	0.074050985
0.004096165	0.07316988
0.0042157196	0.07228936
0.0043387646	0.071409546
0.0044654002	0.070530534
0.0045957323	0.069652475
0.0047298684	0.06877552
0.0048679197	0.06789983
0.00501	0.06702562
0.005156579	0.066151015
0.0053074467	0.06527833
0.005462728	0.06440781
0.0056225527	0.06353973
0.0057870536	0.062674366
0.005956367	0.061812017
0.0061306343	0.060953
0.00631	0.06009764
0.006493865	0.059249662
0.0066830874	0.05840599
0.0068778237	0.057566978
0.007078234	0.05673297
0.0072844843	0.05590434
0.0074967444	0.055081442
0.00771519	0.054264646
0.00794	0.05345431
0.008172275	0.052647684
0.008411343	0.05184829
0.008657407	0.05105648
0.008910668	0.05027259
0.009171338	0.04949696
0.009439633	0.048729904
0.009715778	0.04797172
0.01	0.047222704
0.010292081	0.046484247
0.010592694	0.045755446
0.010902087	0.045036532
0.011220517	0.044327714
0.011548247	0.043629184
0.011885551	0.042941105
0.012232705	0.04226362
0.01259	0.041596856
0.012957647	0.04094105
0.013336032	0.04029613
0.013725464	0.039662145
0.01412627	0.039039128
0.014538779	0.038427077
0.014963334	0.03782598
0.015400288	0.037235796
0.01585	0.03665647
0.016312422	0.036088426
0.016788337	0.035531033
0.017278135	0.034984186
0.017782224	0.03444774
0.01830102	0.033921555
0.01883495	0.033405457
0.019384459	0.03289927
0.01995	0.03240281
0.020533005	0.031915072
0.021133045	0.031436674
0.021750621	0.030967388
0.022386245	0.030506982
0.023040446	0.030055223
0.023713762	0.029611865
0.024406755	0.029176665
0.02512	0.028749373
0.025853088	0.028330294
0.02660757	0.0279186
0.027384069	0.027514039
0.02818323	0.027116358
0.029005712	0.02672531
0.029852198	0.026340649
0.030723387	0.025962127
0.03162	0.025589507
0.032543603	0.025222227
0.033494186	0.024860388
0.034472536	0.024503762
0.03547946	0.024152122
0.0365158	0.023805253
0.03758241	0.023462942
0.03868017	0.023124982
0.03981	0.022791173
0.040972695	0.022461357
0.042169347	0.022135304
0.04340095	0.021812836
0.044668525	0.021493772
0.04597312	0.021177944
0.047315817	0.020865183
0.04869773	0.020555332
0.05012	0.020248236
0.0515838	0.01994375
0.053090356	0.01964173
0.05464091	0.019342037
0.05623675	0.019044543
0.0578792	0.018749122
0.059569612	0.018455654
0.0613094	0.01816403
0.0631	0.017874137
0.06494172	0.017586058
0.066837184	0.017299514
0.06878798	0.017014422
0.070795715	0.016730694
0.072862044	0.01644826
0.074988686	0.01616705
0.077177405	0.015887009
0.07943	0.015608081
0.08174976	0.015330058
0.08413727	0.015053071
0.08659451	0.014777095
0.08912351	0.014502113
0.09172637	0.014228114
0.09440525	0.0139550995
0.097162366	0.013683081
0.1	0.013412077
0.102919795	0.013142183
0.10592484	0.012873374
0.109017625	0.012605697
0.112200715	0.012339212
0.11547674	0.012073986
0.11884842	0.0118101
0.12231855	0.011547637
0.12589	0.011286695
0.12956645	0.011027326
0.13335027	0.010769692
0.13724458	0.010513914
0.14125264	0.010260114
0.14537773	0.010008425
0.14962329	0.009758984
0.15399285	0.009511928
0.15849	0.009267403
0.16311829	0.009025564
0.16788174	0.008786549
0.17278428	0.008550506
0.17783	0.008317581
0.18302307	0.008087922
0.18836778	0.007861672
0.19386858	0.0076389695
0.19953	0.0074199517
0.20535603	0.007204774
0.21135218	0.006993533
0.21752341	0.0067863455
0.22387484	0.00658332
0.23041171	0.0063845553
0.23713945	0.006190142
0.24406363	0.0060001602
0.25119	0.005814679
0.25852492	0.005633744
0.26607406	0.005457415
0.27384362	0.005285726
0.28184006	0.0051186997
0.29007	0.004956347
0.29854023	0.0047986656
0.30725783	0.0046456424
0.31623	0.004497252
0.32546407	0.004353457
0.33496782	0.004214209
0.34474903	0.004079448
0.3548159	0.0039491043
0.3651767	0.003823098
0.37584007	0.0037013402
0.3868148	0.0035837335
0.39811	0.0034701722
0.40973493	0.0033605453
0.42169935	0.0032547328
0.4340131	0.003152611
0.44668642	0.003054051
0.4597298	0.0029589203
0.47315407	0.0028670842
0.4869703	0.002778405
0.50119	0.0026927448
0.5158249	0.0026099645
0.5308872	0.0025299261
0.5463893	0.0024524927
0.5623441	0.0023775294
0.57876474	0.0023049042
0.59566486	0.0022344883
0.61305845	0.0021661567
0.63096	0.0020997892
0.6493842	0.002035271
0.6683464	0.0019724919
0.6878623	0.001911348
0.7079481	0.0018517418
0.72862035	0.0017935819
0.7498962	0.0017367835
0.7717934	0.0016812689
0.79433	0.0016269668
0.8175246	0.0015738129
0.8413966	0.0015217498
0.86596555	0.0014707264
0.8912519	0.0014206986
0.9172767	0.0013716281
0.9440614	0.0013234833
0.97162825	0.0012762378
1.0	0.0012298711
1.029201	0.0011843662
1.0592546	0.0011397136
1.090186	0.0010959068
1.1220205	0.0010529431
1.1547846	0.0010108234
1.1885055	9.695516E-4
1.223211	9.2913426E-4
1.25893	8.8958E-4
1.2956905	8.509007E-4
1.3335243	8.131066E-4
1.3724631	7.762101E-4
1.4125386	7.402244E-4
1.4537846	7.0516247E-4
1.4962348	6.710374E-4
1.5399245	6.378615E-4
1.58489	6.0564623E-4
1.6311698	5.7440106E-4
1.678801	5.441359E-4
1.727823	5.1485817E-4
1.7782766	4.8657347E-4
1.8302034	4.5928545E-4
1.8836465	4.3299582E-4
1.9386501	4.0770406E-4
1.99526	3.834076E-4
2.0535233	3.6010137E-4
2.113488	3.377785E-4
2.1752036	3.1642977E-4
2.2387214	2.9604379E-4
2.304094	2.7660708E-4
2.3713756	2.5810424E-4
2.4406219	2.4051787E-4
2.51189	2.2382893E-4
2.5852382	2.0801689E-4
2.6607285	1.9305928E-4
2.7384229	1.7893253E-4
2.818386	1.656119E-4
2.900684	1.5307155E-4
2.9853854	1.4128487E-4
3.0725598	1.3022442E-4
3.16228	1.19862285E-4
3.2546198	1.1017014E-4
3.3496559	1.01119374E-4
3.447467	9.268128E-5
3.5481343	8.4827174E-5
3.6517413	7.752854E-5
3.7583735	7.075712E-5
3.8681195	6.448508E-5
3.98107	5.868503E-5
4.097319	5.3330157E-5
4.2169633	4.8394355E-5
4.340101	4.3852226E-5
4.466834	3.9679162E-5
4.5972676	3.5851397E-5
4.7315106	3.2346063E-5
4.869673	2.9141196E-5
5.01187	2.6215792E-5
5.1582193	2.3549803E-5
5.3088417	2.1124151E-5
5.463863	1.892074E-5
5.62341	1.6922437E-5
5.7876167	1.5113071E-5
5.9566183	1.3477419E-5
6.1305547	1.2001184E-5
6.30957	1.0670971E-5
6.493813	9.474263E-6
6.683436	8.399391E-6
6.878596	7.4355E-6
7.079455	6.572518E-6
7.286179	5.80112E-6
7.4989395	5.1126904E-6
7.7179127	4.49929E-6
7.94328	3.9536153E-6
8.175228	3.468966E-6
8.41395	3.0392055E-6
8.659641	2.6587263E-6
8.912508	2.3224156E-6
9.172758	2.0256211E-6
9.440608	1.7641178E-6
9.716279	1.5340775E-6
10.0	1.3320378E-6



DATASET #2

Name: RSQSim
Num Points: 401
Info: 

X, Y Data:
1.0E-4	0.19726174
1.0333392E-4	0.19701178
1.06779E-4	0.19675861
1.1033893E-4	0.19650221
1.14017545E-4	0.19624256
1.178188E-4	0.19597967
1.2174679E-4	0.19571352
1.2580573E-4	0.19544409
1.3E-4	0.19517134
1.334183E-4	0.1949531
1.369265E-4	0.19473274
1.4052694E-4	0.19451024
1.4422205E-4	0.19428556
1.4801433E-4	0.19405867
1.5190631E-4	0.19382954
1.5590065E-4	0.1935981
1.6E-4	0.19336435
1.645257E-4	0.1931105
1.691794E-4	0.19285384
1.7396474E-4	0.19259429
1.7888544E-4	0.19233179
1.8394532E-4	0.19206625
1.8914833E-4	0.1917976
1.944985E-4	0.19152573
2.0E-4	0.19125055
2.0565712E-4	0.19097194
2.1147425E-4	0.19068982
2.1745593E-4	0.19040404
2.236068E-4	0.1901145
2.2993165E-4	0.18982105
2.364354E-4	0.18952356
2.4312311E-4	0.1892219
2.5E-4	0.18891592
2.5783465E-4	0.18857218
2.659148E-4	0.18822274
2.742482E-4	0.18786736
2.8284272E-4	0.1875058
2.917066E-4	0.18713781
3.0084825E-4	0.18676314
3.102764E-4	0.18638153
3.2E-4	0.18599269
3.290514E-4	0.18563475
3.383588E-4	0.18527044
3.4792948E-4	0.18489957
3.5777088E-4	0.1845219
3.6789064E-4	0.18413717
3.7829665E-4	0.18374518
3.88997E-4	0.18334565
4.0E-4	0.18293835
4.1131425E-4	0.18252303
4.229485E-4	0.1820994
4.3491187E-4	0.18166725
4.472136E-4	0.18122628
4.598633E-4	0.18077622
4.728708E-4	0.1803168
4.8624622E-4	0.17984776
5.0E-4	0.17936881
5.1465514E-4	0.17886202
5.2973983E-4	0.17834398
5.4526667E-4	0.1778144
5.612486E-4	0.17727295
5.77699E-4	0.17671931
5.946315E-4	0.17615318
6.120603E-4	0.17557427
6.3E-4	0.17498225
6.4807665E-4	0.17438953
6.6667196E-4	0.17378366
6.858008E-4	0.17316438
7.0547854E-4	0.17253143
7.257209E-4	0.1718845
7.465441E-4	0.17122339
7.6796475E-4	0.17054781
7.9E-4	0.16985755
8.136239E-4	0.1691227
8.379543E-4	0.1683714
8.630122E-4	0.16760343
8.8881946E-4	0.16681856
9.153984E-4	0.1660166
9.427722E-4	0.16519733
9.7096455E-4	0.16436061
0.001	0.16350628
0.0010293103	0.16265146
0.0010594797	0.16177948
0.0010905333	0.16089025
0.0011224973	0.15998374
0.001155398	0.1590599
0.001189263	0.15811871
0.0012241206	0.15716018
0.00126	0.15618435
0.0012961533	0.15521206
0.0013333439	0.15422332
0.0013716016	0.15321822
0.0014109571	0.15219688
0.0014514418	0.15115948
0.0014930882	0.15010618
0.0015359295	0.14903717
0.00158	0.1479527
0.0016272478	0.14680696
0.0016759086	0.14564504
0.0017260244	0.14446725
0.0017776389	0.14327401
0.0018307968	0.14206569
0.0018855444	0.14084274
0.0019419291	0.13960561
0.002	0.1383548
0.0020575977	0.13713707
0.002116854	0.1359076
0.002177817	0.1346669
0.0022405356	0.13341548
0.0023050604	0.1321539
0.0023714434	0.13088271
0.0024397383	0.12960249
0.00251	0.12831385
0.0025833033	0.12699935
0.0026587474	0.12567748
0.0027363948	0.124348894
0.0028163097	0.123014286
0.0028985585	0.12167433
0.0029832094	0.12032974
0.0030703326	0.118981205
0.00316	0.11762945
0.0032524571	0.1162727
0.0033476194	0.11491415
0.003445566	0.113554515
0.0035463783	0.11219451
0.0036501405	0.11083485
0.0037569385	0.10947625
0.003866861	0.10811941
0.00398	0.10676503
0.004096165	0.105417036
0.0042157196	0.10407283
0.0043387646	0.10273308
0.0044654002	0.10139843
0.0045957323	0.1000695
0.0047298684	0.098746896
0.0048679197	0.09743121
0.00501	0.096123025
0.005156579	0.09481982
0.0053074467	0.09352524
0.005462728	0.092239805
0.0056225527	0.09096399
0.0057870536	0.08969828
0.005956367	0.088443115
0.0061306343	0.08719891
0.00631	0.085966066
0.006493865	0.0847498
0.0066830874	0.08354552
0.0068778237	0.082353525
0.007078234	0.081174105
0.0072844843	0.08000753
0.0074967444	0.07885405
0.00771519	0.07771386
0.00794	0.07658716
0.008172275	0.075469814
0.008411343	0.07436638
0.008657407	0.073276974
0.008910668	0.0722017
0.009171338	0.071140625
0.009439633	0.07009381
0.009715778	0.06906129
0.01	0.06804307
0.010292081	0.06704067
0.010592694	0.066052504
0.010902087	0.06507851
0.011220517	0.064118646
0.011548247	0.06317282
0.011885551	0.062240943
0.012232705	0.06132291
0.01259	0.060418587
0.012957647	0.05952805
0.013336032	0.058650937
0.013725464	0.05778709
0.01412627	0.056936346
0.014538779	0.056098517
0.014963334	0.05527342
0.015400288	0.054460853
0.01585	0.053660613
0.016312422	0.05287319
0.016788337	0.052097645
0.017278135	0.051333748
0.017782224	0.050581276
0.01830102	0.049840003
0.01883495	0.049109686
0.019384459	0.04839009
0.01995	0.047680974
0.020533005	0.04698097
0.021133045	0.046290994
0.021750621	0.045610804
0.022386245	0.044940162
0.023040446	0.044278815
0.023713762	0.043626532
0.024406755	0.04298306
0.02512	0.04234817
0.025853088	0.04172245
0.02660757	0.041104816
0.027384069	0.040495034
0.02818323	0.039892875
0.029005712	0.03929811
0.029852198	0.03871052
0.030723387	0.038129885
0.03162	0.037555985
0.032543603	0.036988117
0.033494186	0.036426578
0.034472536	0.035871163
0.03547946	0.03532167
0.0365158	0.034777902
0.03758241	0.03423967
0.03868017	0.033706773
0.03981	0.03317904
0.040972695	0.03265634
0.042169347	0.032138444
0.04340095	0.031625178
0.044668525	0.031116372
0.04597312	0.030611865
0.047315817	0.030111501
0.04869773	0.029615128
0.05012	0.029122598
0.0515838	0.028633773
0.053090356	0.028148515
0.05464091	0.027666695
0.05623675	0.02718819
0.0578792	0.02671288
0.059569612	0.026240662
0.0613094	0.02577143
0.0631	0.02530509
0.06494172	0.02484185
0.066837184	0.024381338
0.06878798	0.023923483
0.070795715	0.02346823
0.072862044	0.023015529
0.074988686	0.022565342
0.077177405	0.022117639
0.07943	0.021672405
0.08174976	0.021229368
0.08413727	0.0207888
0.08659451	0.02035072
0.08912351	0.019915158
0.09172637	0.01948215
0.09440525	0.019051755
0.097162366	0.018624032
0.1	0.01819906
0.102919795	0.017777026
0.10592484	0.017357929
0.109017625	0.016941875
0.112200715	0.016528988
0.11547674	0.016119398
0.11884842	0.015713241
0.12231855	0.015310668
0.12589	0.014911836
0.12956645	0.0145168295
0.13335027	0.0141258985
0.13724458	0.013739215
0.14125264	0.013356961
0.14537773	0.012979317
0.14962329	0.012606468
0.15399285	0.012238598
0.15849	0.011875894
0.16311829	0.011518552
0.16788174	0.011166739
0.17278428	0.010820632
0.17783	0.0104804
0.18302307	0.010146212
0.18836778	0.009818225
0.19386858	0.009496588
0.19953	0.0091814445
0.20535603	0.00887296
0.21135218	0.008571214
0.21752341	0.008276316
0.22387484	0.007988359
0.23041171	0.0077074254
0.23713945	0.0074335816
0.24406363	0.0071668816
0.25119	0.006907364
0.25852492	0.0066550365
0.26607406	0.006409925
0.27384362	0.006172024
0.28184006	0.0059413137
0.29007	0.005717758
0.29854023	0.005501308
0.30725783	0.0052919
0.31623	0.005089458
0.32546407	0.0048938934
0.33496782	0.0047051026
0.34474903	0.0045229723
0.3548159	0.004347379
0.3651767	0.0041781883
0.37584007	0.0040152567
0.3868148	0.0038584333
0.39811	0.003707559
0.40973493	0.00356247
0.42169935	0.0034229946
0.4340131	0.0032889582
0.44668642	0.0031601817
0.4597298	0.0030364848
0.47315407	0.0029176844
0.4869703	0.0028035971
0.50119	0.0026940396
0.5158249	0.0025888295
0.5308872	0.0024877856
0.5463893	0.0023907302
0.5623441	0.0022974873
0.57876474	0.0022078857
0.59566486	0.002121758
0.61305845	0.0020389413
0.63096	0.0019592787
0.6493842	0.0018826186
0.6683464	0.001808815
0.6878623	0.0017377285
0.7079481	0.0016692257
0.72862035	0.0016031805
0.7498962	0.0015394728
0.7717934	0.00147799
0.79433	0.0014186254
0.8175246	0.0013612796
0.8413966	0.0013058597
0.86596555	0.0012522788
0.8912519	0.0012004571
0.9172767	0.00115032
0.9440614	0.0011017995
0.97162825	0.0010548327
1.0	0.001009362
1.029201	9.6533395E-4
1.0592546	9.2270185E-4
1.090186	8.814221E-4
1.1220205	8.414552E-4
1.1547846	8.027652E-4
1.1885055	7.653196E-4
1.223211	7.290888E-4
1.25893	6.940456E-4
1.2956905	6.6016684E-4
1.3335243	6.2742824E-4
1.3724631	5.958087E-4
1.4125386	5.652887E-4
1.4537846	5.358496E-4
1.4962348	5.0747365E-4
1.5399245	4.8014382E-4
1.58489	4.5384344E-4
1.6311698	4.2855527E-4
1.678801	4.042637E-4
1.727823	3.8095217E-4
1.7782766	3.5860384E-4
1.8302034	3.3720155E-4
1.8836465	3.1672773E-4
1.9386501	2.9716417E-4
1.99526	2.7849217E-4
2.0535233	2.606923E-4
2.113488	2.4374465E-4
2.1752036	2.2762867E-4
2.2387214	2.123231E-4
2.304094	1.978061E-4
2.3713756	1.840553E-4
2.4406219	1.7104774E-4
2.51189	1.5876006E-4
2.5852382	1.471686E-4
2.6607285	1.3624907E-4
2.7384229	1.2597707E-4
2.818386	1.1632802E-4
2.900684	1.07277214E-4
2.9853854	9.879994E-5
3.0725598	9.087149E-5
3.16228	8.3467305E-5
3.2546198	7.656304E-5
3.3496559	7.013456E-5
3.447467	6.4158114E-5
3.5481343	5.8610338E-5
3.6517413	5.3468328E-5
3.7583735	4.8709706E-5
3.8681195	4.4312656E-5
3.98107	4.025598E-5
4.097319	3.651912E-5
4.2169633	3.3082226E-5
4.340101	2.9926161E-5
4.466834	2.7032514E-5
4.5972676	2.4383635E-5
4.7315106	2.1962638E-5
4.869673	1.9753414E-5
5.01187	1.7740631E-5
5.1582193	1.590973E-5
5.3088417	1.4246928E-5
5.463863	1.2739198E-5
5.62341	1.1374261E-5
5.7876167	1.0140572E-5
5.9566183	9.027301E-6
6.1305547	8.024305E-6
6.30957	7.122118E-6
6.493813	6.311914E-6
6.683436	5.5854916E-6
6.878596	4.93524E-6
7.079455	4.354116E-6
7.286179	3.835613E-6
7.4989395	3.3737342E-6
7.7179127	2.9629662E-6
7.94328	2.5982479E-6
8.175228	2.2749455E-6
8.41395	1.9888241E-6
8.659641	1.7360221E-6
8.912508	1.5130252E-6
9.172758	1.316642E-6
9.440608	1.1439802E-6
9.716279	9.92424E-7
10.0	8.596125E-7



DATASET #3

Name: 1000yr
Num Points: 2
Info: 

X, Y Data:
0.001	0.001
10.0	0.001



DATASET #4

Name: 2500yr
Num Points: 2
Info: 

X, Y Data:
0.001	4.0E-4
10.0	4.0E-4



DATASET #5

Name: 10000yr
Num Points: 2
Info: 

X, Y Data:
0.001	1.0E-4
10.0	1.0E-4


