
X-Axis: 0.2s SA (g)
Y-Axis: Annual Probabilitiy
Number of Data Sets: 5


DATASET #1

Name: UCERF3
Num Points: 401
Info: 

X, Y Data:
1.0E-4	0.14224866
1.0333392E-4	0.14190081
1.06779E-4	0.14155063
1.1033893E-4	0.14119798
1.14017545E-4	0.14084275
1.178188E-4	0.14048481
1.2174679E-4	0.14012404
1.2580573E-4	0.13976035
1.3E-4	0.13939363
1.334183E-4	0.13910118
1.369265E-4	0.13880673
1.4052694E-4	0.13851024
1.4422205E-4	0.13821167
1.4801433E-4	0.13791096
1.5190631E-4	0.13760811
1.5590065E-4	0.13730307
1.6E-4	0.13699582
1.645257E-4	0.13666312
1.691794E-4	0.13632782
1.7396474E-4	0.13598987
1.7888544E-4	0.13564926
1.8394532E-4	0.13530597
1.8914833E-4	0.13496001
1.944985E-4	0.13461134
2.0E-4	0.13425995
2.0565712E-4	0.13390587
2.1147425E-4	0.13354908
2.1745593E-4	0.13318957
2.236068E-4	0.13282739
2.2993165E-4	0.1324625
2.364354E-4	0.13209493
2.4312311E-4	0.13172472
2.5E-4	0.13135183
2.5783465E-4	0.13093626
2.659148E-4	0.13051748
2.742482E-4	0.13009553
2.8284272E-4	0.12967043
2.917066E-4	0.12924221
3.0084825E-4	0.1288109
3.102764E-4	0.12837651
3.2E-4	0.12793909
3.290514E-4	0.1275411
3.383588E-4	0.12714064
3.4792948E-4	0.12673777
3.5777088E-4	0.12633248
3.6789064E-4	0.12592477
3.7829665E-4	0.12551466
3.88997E-4	0.12510218
4.0E-4	0.12468729
4.1131425E-4	0.12427004
4.229485E-4	0.1238504
4.3491187E-4	0.12342838
4.472136E-4	0.123003975
4.598633E-4	0.122577175
4.728708E-4	0.12214797
4.8624622E-4	0.12171635
5.0E-4	0.12128231
5.1465514E-4	0.120830186
5.2973983E-4	0.120375425
5.4526667E-4	0.11991799
5.612486E-4	0.11945788
5.77699E-4	0.11899504
5.946315E-4	0.11852947
6.120603E-4	0.118061125
6.3E-4	0.11758999
6.4807665E-4	0.11712588
6.6667196E-4	0.11665905
6.858008E-4	0.11618945
7.0547854E-4	0.11571705
7.257209E-4	0.11524184
7.465441E-4	0.11476378
7.6796475E-4	0.11428286
7.9E-4	0.11379905
8.136239E-4	0.11329202
8.379543E-4	0.11278183
8.630122E-4	0.11226843
8.8881946E-4	0.11175182
9.153984E-4	0.11123198
9.427722E-4	0.1107089
9.7096455E-4	0.11018257
0.001	0.10965298
0.0010293103	0.10913058
0.0010594797	0.10860505
0.0010905333	0.10807637
0.0011224973	0.107544556
0.001155398	0.107009605
0.001189263	0.10647151
0.0012241206	0.10593028
0.00126	0.10538593
0.0012961533	0.104849845
0.0013333439	0.10431076
0.0013716016	0.103768684
0.0014109571	0.10322361
0.0014514418	0.10267554
0.0014930882	0.102124475
0.0015359295	0.101570405
0.00158	0.10101333
0.0016272478	0.10042989
0.0016759086	0.09984317
0.0017260244	0.09925315
0.0017776389	0.09865981
0.0018307968	0.09806314
0.0018855444	0.097463116
0.0019419291	0.0968597
0.002	0.09625288
0.0020575977	0.09566491
0.002116854	0.09507372
0.002177817	0.09447928
0.0022405356	0.093881555
0.0023050604	0.093280524
0.0023714434	0.09267615
0.0024397383	0.09206842
0.00251	0.091457285
0.0025833033	0.09083419
0.0026587474	0.09020757
0.0027363948	0.0895774
0.0028163097	0.08894367
0.0028985585	0.08830639
0.0029832094	0.08766555
0.0030703326	0.087021165
0.00316	0.08637325
0.0032524571	0.08572065
0.0033476194	0.085064575
0.003445566	0.08440508
0.0035463783	0.08374223
0.0036501405	0.08307609
0.0037569385	0.08240675
0.003866861	0.08173432
0.00398	0.0810589
0.004096165	0.08038226
0.0042157196	0.079702914
0.0043387646	0.07902102
0.0044654002	0.078336746
0.0045957323	0.077650264
0.0047298684	0.07696177
0.0048679197	0.076271474
0.00501	0.0755796
0.005156579	0.07488471
0.0053074467	0.0741887
0.005462728	0.07349183
0.0056225527	0.07279433
0.0057870536	0.0720965
0.005956367	0.07139859
0.0061306343	0.07070089
0.00631	0.07000367
0.006493865	0.06931002
0.0066830874	0.06861741
0.0068778237	0.06792613
0.007078234	0.06723647
0.0072844843	0.06654869
0.0074967444	0.06586307
0.00771519	0.06517989
0.00794	0.06449939
0.008172275	0.0638192
0.008411343	0.06314221
0.008657407	0.062468655
0.008910668	0.061798763
0.009171338	0.061132733
0.009439633	0.06047076
0.009715778	0.05981302
0.01	0.059159674
0.010292081	0.05851186
0.010592694	0.057868704
0.010902087	0.057230312
0.011220517	0.05659678
0.011548247	0.055968177
0.011885551	0.055344567
0.012232705	0.054725986
0.01259	0.05411246
0.012957647	0.053504128
0.013336032	0.052900847
0.013725464	0.05230258
0.01412627	0.051709298
0.014538779	0.051120933
0.014963334	0.050537422
0.015400288	0.04995868
0.01585	0.04938461
0.016312422	0.048815615
0.016788337	0.04825106
0.017278135	0.04769082
0.017782224	0.047134764
0.01830102	0.046582747
0.01883495	0.046034627
0.019384459	0.04549025
0.01995	0.04494946
0.020533005	0.044411235
0.021133045	0.04387629
0.021750621	0.043344475
0.022386245	0.042815626
0.023040446	0.042289585
0.023713762	0.041766204
0.024406755	0.041245326
0.02512	0.040726803
0.025853088	0.04021119
0.02660757	0.03969765
0.027384069	0.039186053
0.02818323	0.038676277
0.029005712	0.038168207
0.029852198	0.03766173
0.030723387	0.037156753
0.03162	0.036653183
0.032543603	0.03615049
0.033494186	0.035649046
0.034472536	0.03514879
0.03547946	0.03464966
0.0365158	0.03415161
0.03758241	0.0336546
0.03868017	0.0331586
0.03981	0.03266359
0.040972695	0.032169618
0.042169347	0.031676617
0.04340095	0.03118459
0.044668525	0.030693552
0.04597312	0.03020352
0.047315817	0.029714523
0.04869773	0.029226596
0.05012	0.028739776
0.0515838	0.028254116
0.053090356	0.027769666
0.05464091	0.027286485
0.05623675	0.02680464
0.0578792	0.026324203
0.059569612	0.02584525
0.0613094	0.025367863
0.0631	0.024892129
0.06494172	0.024418438
0.066837184	0.023946585
0.06878798	0.023476675
0.070795715	0.023008808
0.072862044	0.0225431
0.074988686	0.022079661
0.077177405	0.021618612
0.07943	0.021160074
0.08174976	0.020703899
0.08413727	0.020250497
0.08659451	0.019800002
0.08912351	0.019352552
0.09172637	0.018908288
0.09440525	0.018467356
0.097162366	0.018029904
0.1	0.017596085
0.102919795	0.017166154
0.10592484	0.016740164
0.109017625	0.016318271
0.112200715	0.01590064
0.11547674	0.015487427
0.11884842	0.015078797
0.12231855	0.014674913
0.12589	0.014275937
0.12956645	0.013881955
0.13335027	0.013493206
0.13724458	0.013109848
0.14125264	0.012732037
0.14537773	0.0123599265
0.14962329	0.011993664
0.15399285	0.011633396
0.15849	0.011279259
0.16311829	0.0109314015
0.16788174	0.010589933
0.17278428	0.010254974
0.17783	0.009926631
0.18302307	0.009605008
0.18836778	0.009290197
0.19386858	0.008982278
0.19953	0.008681324
0.20535603	0.0083874315
0.21135218	0.00810061
0.21752341	0.007820898
0.22387484	0.0075483215
0.23041171	0.0072828936
0.23713945	0.007024615
0.24406363	0.0067734746
0.25119	0.006529449
0.25852492	0.006292487
0.26607406	0.0060625575
0.27384362	0.0058396007
0.28184006	0.005623546
0.29007	0.0054143113
0.29854023	0.0052118045
0.30725783	0.0050159227
0.31623	0.004826555
0.32546407	0.004643581
0.33496782	0.004466871
0.34474903	0.0042962884
0.3548159	0.004131691
0.3651767	0.0039729294
0.37584007	0.0038198505
0.3868148	0.0036722955
0.39811	0.0035301028
0.40973493	0.003393109
0.42169935	0.0032611468
0.4340131	0.0031340488
0.44668642	0.003011647
0.4597298	0.0028937738
0.47315407	0.0027802633
0.4869703	0.0026709505
0.50119	0.0025656729
0.5158249	0.002464271
0.5308872	0.0023665887
0.5463893	0.0022724739
0.5623441	0.002181779
0.57876474	0.0020943608
0.59566486	0.002010081
0.61305845	0.0019288072
0.63096	0.001850412
0.6493842	0.0017747739
0.6683464	0.0017017772
0.6878623	0.0016313117
0.7079481	0.0015632736
0.72862035	0.0014975644
0.7498962	0.0014340917
0.7717934	0.0013727688
0.79433	0.0013135143
0.8175246	0.0012562524
0.8413966	0.0012009122
0.86596555	0.0011474275
0.8912519	0.0010957372
0.9172767	0.0010457842
0.9440614	9.975159E-4
0.97162825	9.508829E-4
1.0	9.0583984E-4
1.029201	8.6234324E-4
1.0592546	8.2035473E-4
1.090186	7.798374E-4
1.1220205	7.407567E-4
1.1547846	7.0308E-4
1.1885055	6.6677644E-4
1.223211	6.318166E-4
1.25893	5.981724E-4
1.2956905	5.65818E-4
1.3335243	5.347255E-4
1.3724631	5.048692E-4
1.4125386	4.7622368E-4
1.4537846	4.4876378E-4
1.4962348	4.2246442E-4
1.5399245	3.9730055E-4
1.58489	3.7324693E-4
1.6311698	3.5027752E-4
1.678801	3.2836728E-4
1.727823	3.0749018E-4
1.7782766	2.8761986E-4
1.8302034	2.687295E-4
1.8836465	2.5079193E-4
1.9386501	2.3377963E-4
1.99526	2.1766474E-4
2.0535233	2.024189E-4
2.113488	1.8801379E-4
2.1752036	1.7442065E-4
2.2387214	1.6161062E-4
2.304094	1.495547E-4
2.3713756	1.3822383E-4
2.4406219	1.27589E-4
2.51189	1.1762127E-4
2.5852382	1.08292006E-4
2.6607285	9.957253E-5
2.7384229	9.1434624E-5
2.818386	8.385043E-5
2.900684	7.679254E-5
2.9853854	7.023405E-5
3.0725598	6.41486E-5
3.16228	5.851045E-5
3.2546198	5.3294545E-5
3.3496559	4.847651E-5
3.447467	4.403272E-5
3.5481343	3.994034E-5
3.6517413	3.617734E-5
3.7583735	3.2722517E-5
3.8681195	2.9555538E-5
3.98107	2.6656917E-5
4.097319	2.400803E-5
4.2169633	2.1591159E-5
4.340101	1.938944E-5
4.466834	1.7386878E-5
4.5972676	1.5568337E-5
4.7315106	1.3919528E-5
4.869673	1.2426984E-5
5.01187	1.1078052E-5
5.1582193	9.860864E-6
5.3088417	8.7643175E-6
5.463863	7.778043E-6
5.62341	6.8923846E-6
5.7876167	6.0983625E-6
5.9566183	5.38765E-6
6.1305547	4.7525405E-6
6.30957	4.185916E-6
6.493813	3.6812166E-6
6.683436	3.2324103E-6
6.878596	2.8339616E-6
7.079455	2.4808012E-6
7.286179	2.1682968E-6
7.4989395	1.8922237E-6
7.7179127	1.6487377E-6
7.94328	1.4343476E-6
8.175228	1.2458892E-6
8.41395	1.0805007E-6
8.659641	9.3559936E-7
8.912508	8.0885866E-7
9.172758	6.9818725E-7
9.440608	6.017089E-7
9.716279	5.17744E-7
10.0	4.4479168E-7



DATASET #2

Name: RSQSim
Num Points: 401
Info: 

X, Y Data:
1.0E-4	0.1866774
1.0333392E-4	0.1863168
1.06779E-4	0.18595155
1.1033893E-4	0.18558149
1.14017545E-4	0.18520649
1.178188E-4	0.18482639
1.2174679E-4	0.184441
1.2580573E-4	0.18405019
1.3E-4	0.18365377
1.334183E-4	0.18333593
1.369265E-4	0.18301438
1.4052694E-4	0.18268903
1.4422205E-4	0.18235978
1.4801433E-4	0.18202654
1.5190631E-4	0.18168922
1.5590065E-4	0.1813477
1.6E-4	0.18100192
1.645257E-4	0.18062544
1.691794E-4	0.18024379
1.7396474E-4	0.17985685
1.7888544E-4	0.17946452
1.8394532E-4	0.17906664
1.8914833E-4	0.17866313
1.944985E-4	0.17825386
2.0E-4	0.17783873
2.0565712E-4	0.17741759
2.1147425E-4	0.17699036
2.1745593E-4	0.17655694
2.236068E-4	0.1761172
2.2993165E-4	0.17567106
2.364354E-4	0.1752184
2.4312311E-4	0.17475913
2.5E-4	0.1742932
2.5783465E-4	0.17376985
2.659148E-4	0.1732381
2.742482E-4	0.17269786
2.8284272E-4	0.17214906
2.917066E-4	0.17159161
3.0084825E-4	0.17102547
3.102764E-4	0.17045055
3.2E-4	0.16986686
3.290514E-4	0.16933165
3.383588E-4	0.16878924
3.4792948E-4	0.16823962
3.5777088E-4	0.16768281
3.6789064E-4	0.16711885
3.7829665E-4	0.16654775
3.88997E-4	0.16596957
4.0E-4	0.16538438
4.1131425E-4	0.16479224
4.229485E-4	0.16419324
4.3491187E-4	0.1635875
4.472136E-4	0.16297509
4.598633E-4	0.16235617
4.728708E-4	0.16173084
4.8624622E-4	0.16109928
5.0E-4	0.16046165
5.1465514E-4	0.15979502
5.2973983E-4	0.15912227
5.4526667E-4	0.1584436
5.612486E-4	0.15775926
5.77699E-4	0.1570695
5.946315E-4	0.15637457
6.120603E-4	0.15567474
6.3E-4	0.15497029
6.4807665E-4	0.15427627
6.6667196E-4	0.15357836
6.858008E-4	0.15287687
7.0547854E-4	0.15217209
7.257209E-4	0.1514643
7.465441E-4	0.15075383
7.6796475E-4	0.15004095
7.9E-4	0.14932601
8.136239E-4	0.14857946
8.379543E-4	0.14783134
8.630122E-4	0.14708197
8.8881946E-4	0.14633171
9.153984E-4	0.14558092
9.427722E-4	0.1448299
9.7096455E-4	0.14407898
0.001	0.14332847
0.0010293103	0.14259335
0.0010594797	0.1418592
0.0010905333	0.14112629
0.0011224973	0.14039485
0.001155398	0.13966513
0.001189263	0.13893732
0.0012241206	0.13821168
0.00126	0.13748835
0.0012961533	0.13678245
0.0013333439	0.13607907
0.0013716016	0.13537836
0.0014109571	0.13468039
0.0014514418	0.13398525
0.0014930882	0.13329302
0.0015359295	0.13260375
0.00158	0.13191743
0.0016272478	0.13120577
0.0016759086	0.13049732
0.0017260244	0.12979206
0.0017776389	0.12908992
0.0018307968	0.12839085
0.0018855444	0.12769471
0.0019419291	0.12700139
0.002	0.12631077
0.0020575977	0.1256477
0.002116854	0.1249868
0.002177817	0.124327905
0.0022405356	0.123670846
0.0023050604	0.12301541
0.0023714434	0.12236138
0.0024397383	0.12170854
0.00251	0.12105665
0.0025833033	0.12039645
0.0026587474	0.11973672
0.0027363948	0.119077206
0.0028163097	0.11841763
0.0028985585	0.11775772
0.0029832094	0.11709721
0.0030703326	0.1164358
0.00316	0.11577324
0.0032524571	0.11510802
0.0033476194	0.11444108
0.003445566	0.11377215
0.0035463783	0.11310095
0.0036501405	0.11242725
0.0037569385	0.11175077
0.003866861	0.11107127
0.00398	0.11038852
0.004096165	0.10970395
0.0042157196	0.10901571
0.0043387646	0.10832359
0.0044654002	0.107627414
0.0045957323	0.10692699
0.0047298684	0.10622218
0.0048679197	0.10551283
0.00501	0.104798794
0.005156579	0.10407826
0.0053074467	0.103352815
0.005462728	0.10262237
0.0056225527	0.10188685
0.0057870536	0.10114622
0.005956367	0.10040043
0.0061306343	0.099649474
0.00631	0.09889333
0.006493865	0.098135084
0.0066830874	0.09737174
0.0068778237	0.09660335
0.007078234	0.09582996
0.0072844843	0.09505166
0.0074967444	0.09426853
0.00771519	0.09348068
0.00794	0.0926882
0.008172275	0.09188813
0.008411343	0.091083676
0.008657407	0.09027499
0.008910668	0.08946223
0.009171338	0.08864557
0.009439633	0.08782519
0.009715778	0.087001264
0.01	0.086174004
0.010292081	0.08534487
0.010592694	0.08451282
0.010902087	0.08367805
0.011220517	0.08284077
0.011548247	0.0820012
0.011885551	0.081159554
0.012232705	0.080316044
0.01259	0.0794709
0.012957647	0.078624524
0.013336032	0.07777694
0.013725464	0.07692836
0.01412627	0.076078996
0.014538779	0.07522906
0.014963334	0.07437876
0.015400288	0.07352828
0.01585	0.07267782
0.016312422	0.071828336
0.016788337	0.07097924
0.017278135	0.070130706
0.017782224	0.069282904
0.01830102	0.068436
0.01883495	0.06759014
0.019384459	0.06674547
0.01995	0.06590213
0.020533005	0.06505887
0.021133045	0.0642172
0.021750621	0.06337723
0.022386245	0.06253907
0.023040446	0.061702814
0.023713762	0.060868554
0.024406755	0.060036372
0.02512	0.059206348
0.025853088	0.058379658
0.02660757	0.057555247
0.027384069	0.05673317
0.02818323	0.05591347
0.029005712	0.0550962
0.029852198	0.05428139
0.030723387	0.05346908
0.03162	0.052659288
0.032543603	0.05185134
0.033494186	0.05104596
0.034472536	0.05024318
0.03547946	0.04944301
0.0365158	0.04864547
0.03758241	0.04785057
0.03868017	0.047058336
0.03981	0.046268776
0.040972695	0.045482006
0.042169347	0.044697955
0.04340095	0.043916646
0.044668525	0.043138113
0.04597312	0.04236239
0.047315817	0.041589517
0.04869773	0.040819537
0.05012	0.040052515
0.0515838	0.039288506
0.053090356	0.038527586
0.05464091	0.037769828
0.05623675	0.03701533
0.0578792	0.036264192
0.059569612	0.03551652
0.0613094	0.034772445
0.0631	0.034032095
0.06494172	0.033296086
0.066837184	0.032564107
0.06878798	0.031836327
0.070795715	0.031112934
0.072862044	0.030394118
0.074988686	0.02968009
0.077177405	0.028971065
0.07943	0.028267272
0.08174976	0.027568534
0.08413727	0.026875526
0.08659451	0.026188504
0.08912351	0.025507737
0.09172637	0.024833499
0.09440525	0.024166068
0.097162366	0.02350573
0.1	0.022852775
0.102919795	0.022207648
0.10592484	0.02157048
0.109017625	0.020941565
0.112200715	0.020321192
0.11547674	0.019709649
0.11884842	0.019107215
0.12231855	0.018514168
0.12589	0.017930772
0.12956645	0.01735718
0.13335027	0.016793754
0.13724458	0.016240727
0.14125264	0.015698325
0.14537773	0.015166757
0.14962329	0.0146462135
0.15399285	0.014136874
0.15849	0.013638896
0.16311829	0.013152439
0.16788174	0.012677605
0.17278428	0.012214494
0.17783	0.011763185
0.18302307	0.011323741
0.18836778	0.0108961975
0.19386858	0.010480574
0.19953	0.0100768665
0.20535603	0.009685097
0.21135218	0.009305172
0.21752341	0.008937023
0.22387484	0.008580565
0.23041171	0.008235696
0.23713945	0.007902288
0.24406363	0.007580202
0.25119	0.007269279
0.25852492	0.0069693252
0.26607406	0.0066801715
0.27384362	0.0064016148
0.28184006	0.006133438
0.29007	0.0058754142
0.29854023	0.005627304
0.30725783	0.00538886
0.31623	0.0051598265
0.32546407	0.0049399417
0.33496782	0.004728936
0.34474903	0.0045265364
0.3548159	0.0043324674
0.3651767	0.0041464497
0.37584007	0.003968205
0.3868148	0.0037974527
0.39811	0.0036339152
0.40973493	0.0034773175
0.42169935	0.0033273844
0.4340131	0.003183846
0.44668642	0.003046437
0.4597298	0.0029148972
0.47315407	0.002788972
0.4869703	0.0026684138
0.50119	0.002552981
0.5158249	0.00244244
0.5308872	0.0023365647
0.5463893	0.0022351372
0.5623441	0.0021379478
0.57876474	0.0020447953
0.59566486	0.001955487
0.61305845	0.001869839
0.63096	0.0017876764
0.6493842	0.0017088325
0.6683464	0.0016331495
0.6878623	0.0015604778
0.7079481	0.0014906764
0.72862035	0.0014236125
0.7498962	0.001359161
0.7717934	0.0012972045
0.79433	0.001237633
0.8175246	0.0011803439
0.8413966	0.0011252407
0.86596555	0.0010722337
0.8912519	0.001021239
0.9172767	9.721787E-4
0.9440614	9.2498E-4
0.97162825	8.7957515E-4
1.0	8.3590084E-4
1.029201	7.938972E-4
1.0592546	7.5351016E-4
1.090186	7.146881E-4
1.1220205	6.773827E-4
1.1547846	6.415483E-4
1.1885055	6.07142E-4
1.223211	5.7412306E-4
1.25893	5.424526E-4
1.2956905	5.1209494E-4
1.3335243	4.8301305E-4
1.3724631	4.5517267E-4
1.4125386	4.2854054E-4
1.4537846	4.0308427E-4
1.4962348	3.7877212E-4
1.5399245	3.5557296E-4
1.58489	3.3345612E-4
1.6311698	3.1239062E-4
1.678801	2.92347E-4
1.727823	2.732952E-4
1.7782766	2.552055E-4
1.8302034	2.3804804E-4
1.8836465	2.2179315E-4
1.9386501	2.0641112E-4
1.99526	1.9187231E-4
2.0535233	1.7814705E-4
2.113488	1.652059E-4
2.1752036	1.5301946E-4
2.2387214	1.415584E-4
2.304094	1.307936E-4
2.3713756	1.2069616E-4
2.4406219	1.112374E-4
2.51189	1.02389E-4
2.5852382	9.4123076E-5
2.6607285	8.6411936E-5
2.7384229	7.922848E-5
2.818386	7.254612E-5
2.900684	6.633883E-5
2.9853854	6.0581187E-5
3.0725598	5.524843E-5
3.16228	5.0316477E-5
3.2546198	4.576198E-5
3.3496559	4.1562318E-5
3.447467	3.7695667E-5
3.5481343	3.4141005E-5
3.6517413	3.0878127E-5
3.7583735	2.7887663E-5
3.8681195	2.5151074E-5
3.98107	2.2650676E-5
4.097319	2.0369613E-5
4.2169633	1.8291894E-5
4.340101	1.6402351E-5
4.466834	1.4686638E-5
4.5972676	1.3131213E-5
4.7315106	1.17233285E-5
4.869673	1.045101E-5
5.01187	9.30303E-6
5.1582193	8.268888E-6
5.3088417	7.3387846E-6
5.463863	6.5035924E-6
5.62341	5.7548305E-6
5.7876167	5.084635E-6
5.9566183	4.48573E-6
6.1305547	3.951397E-6
6.30957	3.4754462E-6
6.493813	3.0521858E-6
6.683436	2.676395E-6
6.878596	2.3432938E-6
7.079455	2.0485138E-6
7.286179	1.7880725E-6
7.4989395	1.5583463E-6
7.7179127	1.3560449E-6
7.94328	1.1781864E-6
8.175228	1.0220742E-6
8.41395	8.85275E-7
8.659641	7.655967E-7
8.912508	6.6106924E-7
9.172758	5.69925E-7
9.440608	4.9058184E-7
9.716279	4.216258E-7
10.0	3.6179617E-7



DATASET #3

Name: 1000yr
Num Points: 2
Info: 

X, Y Data:
0.001	0.001
10.0	0.001



DATASET #4

Name: 2500yr
Num Points: 2
Info: 

X, Y Data:
0.001	4.0E-4
10.0	4.0E-4



DATASET #5

Name: 10000yr
Num Points: 2
Info: 

X, Y Data:
0.001	1.0E-4
10.0	1.0E-4


