
X-Axis: Normalized Distance Along Strike
Y-Axis: Hypocenter Density
Number of Data Sets: 4


DATASET #1

     Name: 
   Points: 31
     Info: 

Data[x,y]:
0.05	  0.0071707955
0.15	  0.0052151238
0.25	  0.011734028
0.35	  0.009778357
0.45	  0.009778357
0.55	  0.017601043
0.65	  0.027379401
0.75	  0.028031291
0.85	  0.061277706
0.95	  0.09517601
1.05	  0.06584094
1.15	  0.05215124
1.25	  0.042372882
1.35	  0.032594524
1.45	  0.033898305
1.55	  0.033898305
1.65	  0.032594524
1.75	  0.042372882
1.85	  0.05215124
1.95	  0.06584094
2.05	  0.09517601
2.15	  0.061277706
2.25	  0.028031291
2.35	  0.027379401
2.45	  0.017601043
2.55	  0.009778357
2.65	  0.009778357
2.75	  0.011734028
2.85	  0.0052151238
2.95	  0.0071707955
3.05	  0.0



DATASET #2

     Name: 
   Points: 31
     Info: 

Data[x,y]:
0.05	  0.0
0.15	  0.0
0.25	  0.0
0.35	  0.0
0.45	  0.0
0.55	  0.0
0.65	  0.0
0.75	  0.0
0.85	  0.0
0.95	  0.0
1.05	  0.0
1.15	  0.0
1.25	  0.0
1.35	  0.0
1.45	  0.0
1.55	  0.0
1.65	  0.0
1.75	  0.0
1.85	  0.0
1.95	  0.0
2.05	  0.0
2.15	  0.0
2.25	  0.0
2.35	  0.0
2.45	  0.0
2.55	  0.0
2.65	  0.0
2.75	  0.0
2.85	  0.0
2.95	  0.0
3.05	  0.0



DATASET #3

Name: 
Num Points: 4
Info: 

X, Y Data:
0.021	  0.0013324642
0.021	  0.13191395
2.979	  0.13191395
2.979	  0.0013324642



DATASET #4

Name: 
Num Points: 4
Info: 

X, Y Data:
1.0	  0.0013324642
1.0	  0.11858931
2.0	  0.11858931
2.0	  0.0013324642


