
X-Axis: Normalized Distance Along Strike
Y-Axis: Hypocenter Density
Number of Data Sets: 4


DATASET #1

     Name: 
   Points: 31
     Info: 

Data[x,y]:
0.05	  0.03125
0.15	  0.025
0.25	  0.06875
0.35	  0.00625
0.45	  0.0125
0.55	  0.01875
0.65	  0.01875
0.75	  0.03125
0.85	  0.01875
0.95	  0.08125
1.05	  0.05625
1.15	  0.03125
1.25	  0.0375
1.35	  0.04375
1.45	  0.01875
1.55	  0.01875
1.65	  0.04375
1.75	  0.0375
1.85	  0.03125
1.95	  0.05625
2.05	  0.08125
2.15	  0.01875
2.25	  0.03125
2.35	  0.01875
2.45	  0.01875
2.55	  0.0125
2.65	  0.00625
2.75	  0.06875
2.85	  0.025
2.95	  0.03125
3.05	  0.0



DATASET #2

     Name: 
   Points: 31
     Info: 

Data[x,y]:
0.05	  0.0
0.15	  0.0
0.25	  0.0
0.35	  0.0
0.45	  0.0
0.55	  0.0
0.65	  0.0
0.75	  0.0
0.85	  0.0
0.95	  0.0
1.05	  0.0
1.15	  0.0
1.25	  0.0
1.35	  0.0
1.45	  0.0
1.55	  0.0
1.65	  0.0
1.75	  0.0
1.85	  0.0
1.95	  0.0
2.05	  0.0
2.15	  0.0
2.25	  0.0
2.35	  0.0
2.45	  0.0
2.55	  0.0
2.65	  0.0
2.75	  0.0
2.85	  0.0
2.95	  0.0
3.05	  0.0



DATASET #3

Name: 
Num Points: 4
Info: 

X, Y Data:
0.021	  0.0011375
0.021	  0.1126125
2.979	  0.1126125
2.979	  0.0011375



DATASET #4

Name: 
Num Points: 4
Info: 

X, Y Data:
1.0	  0.0011375
1.0	  0.1012375
2.0	  0.1012375
2.0	  0.0011375


