
X-Axis: Normalized Interevent Time
Y-Axis: Probability
Number of Data Sets: 3


DATASET #1

     Name: Bruce 4317 Histogram
   Points: 41
     Info: 

Data[x,y]:
0.05	  0.029448621
0.15	  0.021533
0.25	  0.02281746
0.35	  0.025334168
0.45	  0.027955305
0.55	  0.032487467
0.65	  0.038868003
0.75	  0.04946742
0.85	  0.07413325
0.95	  0.12022765
1.05	  0.15343568
1.15	  0.12496867
1.25	  0.094099835
1.35	  0.063596494
1.45	  0.043473266
1.55	  0.02778822
1.65	  0.018013785
1.75	  0.011664578
1.85	  0.00734127
1.95	  0.00447995
2.05	  0.0029970761
2.15	  0.001754386
2.25	  0.0011695906
2.35	  7.7276526E-4
2.45	  5.430242E-4
2.55	  2.8195488E-4
2.65	  1.984127E-4
2.75	  2.1929825E-4
2.85	  1.4619883E-4
2.95	  1.3575605E-4
3.05	  1.2531328E-4
3.15	  4.1771094E-5
3.25	  1.3575605E-4
3.35	  4.1771094E-5
3.45	  2.0885547E-5
3.55	  2.0885547E-5
3.65	  2.0885547E-5
3.75	  3.132832E-5
3.85	  1.0442774E-5
3.95	  2.0885547E-5
4.05	  1.7752715E-4



DATASET #2

     Name: Log-Normal Fit
   Points: 401
     Info: 

Data[x,y]:
0.005	  0.0
0.015	  1.1860757E-20
0.025	  9.2282426E-17
0.035	  2.969582E-14
0.045	  1.86001E-12
0.055	  4.340995E-11
0.065	  5.2684995E-10
0.075	  4.0356185E-9
0.085	  2.2038087E-8
0.095	  9.304609E-8
0.105	  3.2133056E-7
0.115	  9.4521255E-7
0.125	  2.4403073E-6
0.135	  5.6566096E-6
0.145	  1.1980837E-5
0.155	  2.3509088E-5
0.165	  4.3211116E-5
0.175	  7.5066964E-5
0.185	  1.2415912E-4
0.195	  1.9670805E-4
0.205	  3.0004434E-4
0.215	  4.4251728E-4
0.225	  6.333443E-4
0.235	  8.8241E-4
0.245	  0.0012000276
0.255	  0.0015966753
0.265	  0.0020827204
0.275	  0.002668147
0.285	  0.0033622955
0.295	  0.0041736257
0.305	  0.00510951
0.315	  0.006176061
0.325	  0.007378
0.335	  0.00871856
0.345	  0.010199439
0.355	  0.011820769
0.365	  0.013581148
0.375	  0.015477678
0.385	  0.017506037
0.395	  0.019660585
0.405	  0.021934466
0.415	  0.02431974
0.425	  0.026807522
0.435	  0.029388113
0.445	  0.032051157
0.455	  0.034785774
0.465	  0.037580695
0.475	  0.040424414
0.485	  0.043305293
0.495	  0.046211697
0.505	  0.049132094
0.515	  0.052055147
0.525	  0.054969817
0.535	  0.057865433
0.545	  0.060731757
0.555	  0.06355905
0.565	  0.066338085
0.575	  0.06906024
0.585	  0.07171749
0.595	  0.07430243
0.605	  0.07680827
0.615	  0.0792289
0.625	  0.08155882
0.635	  0.0837932
0.645	  0.08592779
0.655	  0.087958984
0.665	  0.08988376
0.675	  0.09169965
0.685	  0.09340476
0.695	  0.0949977
0.705	  0.09647757
0.715	  0.09784393
0.725	  0.0990968
0.735	  0.10023657
0.745	  0.10126405
0.755	  0.102180354
0.765	  0.10298694
0.775	  0.103685535
0.785	  0.10427814
0.795	  0.104766995
0.805	  0.10515454
0.815	  0.10544339
0.825	  0.10563633
0.835	  0.10573628
0.845	  0.10574627
0.855	  0.10566943
0.865	  0.105508976
0.875	  0.10526815
0.885	  0.10495028
0.895	  0.10455868
0.905	  0.1040967
0.915	  0.1035677
0.925	  0.10297498
0.935	  0.102321886
0.945	  0.101611674
0.955	  0.10084759
0.965	  0.10003281
0.975	  0.099170476
0.985	  0.09826365
0.995	  0.09731535
1.005	  0.09632848
1.015	  0.09530591
1.025	  0.09425042
1.035	  0.09316468
1.045	  0.09205132
1.055	  0.09091285
1.065	  0.089751706
1.075	  0.08857023
1.085	  0.087370686
1.095	  0.086155236
1.105	  0.08492597
1.115	  0.08368488
1.125	  0.08243386
1.135	  0.08117473
1.145	  0.07990924
1.155	  0.07863903
1.165	  0.07736568
1.175	  0.07609067
1.185	  0.074815415
1.195	  0.07354125
1.205	  0.07226943
1.215	  0.07100116
1.225	  0.06973754
1.235	  0.06847963
1.245	  0.06722841
1.255	  0.06598481
1.265	  0.06474967
1.275	  0.06352382
1.285	  0.06230798
1.295	  0.06110285
1.305	  0.059909057
1.315	  0.058727197
1.325	  0.057557803
1.335	  0.05640137
1.345	  0.055258334
1.355	  0.054129113
1.365	  0.053014066
1.375	  0.05191352
1.385	  0.050827764
1.395	  0.049757056
1.405	  0.048701618
1.415	  0.04766164
1.425	  0.04663728
1.435	  0.04562868
1.445	  0.044635944
1.455	  0.04365915
1.465	  0.04269836
1.475	  0.041753616
1.485	  0.040824927
1.495	  0.03991229
1.505	  0.039015684
1.515	  0.038135074
1.525	  0.0372704
1.535	  0.036421597
1.545	  0.035588577
1.555	  0.034771245
1.565	  0.033969495
1.575	  0.033183206
1.585	  0.032412246
1.595	  0.031656478
1.605	  0.030915752
1.615	  0.030189916
1.625	  0.029478807
1.635	  0.028782254
1.645	  0.028100083
1.655	  0.027432114
1.665	  0.026778162
1.675	  0.026138036
1.685	  0.025511546
1.695	  0.024898496
1.705	  0.024298685
1.715	  0.023711914
1.725	  0.02313798
1.735	  0.022576677
1.745	  0.022027802
1.755	  0.021491146
1.765	  0.020966504
1.775	  0.02045367
1.785	  0.019952433
1.795	  0.01946259
1.805	  0.01898393
1.815	  0.018516252
1.825	  0.01805935
1.835	  0.01761302
1.845	  0.01717706
1.855	  0.016751269
1.865	  0.016335448
1.875	  0.015929399
1.885	  0.015532927
1.895	  0.015145837
1.905	  0.01476794
1.915	  0.014399044
1.925	  0.014038964
1.935	  0.013687514
1.945	  0.013344511
1.955	  0.013009776
1.965	  0.012683132
1.975	  0.012364403
1.985	  0.012053417
1.995	  0.011750005
2.005	  0.011453999
2.015	  0.011165235
2.025	  0.010883552
2.035	  0.0106087895
2.045	  0.010340793
2.055	  0.010079408
2.065	  0.009824484
2.075	  0.009575872
2.085	  0.009333427
2.095	  0.009097007
2.105	  0.008866472
2.115	  0.008641684
2.125	  0.008422509
2.135	  0.008208813
2.145	  0.008000469
2.155	  0.0077973492
2.165	  0.007599329
2.175	  0.007406287
2.185	  0.007218104
2.195	  0.0070346626
2.205	  0.0068558496
2.215	  0.006681552
2.225	  0.006511661
2.235	  0.0063460693
2.245	  0.006184672
2.255	  0.0060273665
2.265	  0.005874052
2.275	  0.005724632
2.285	  0.005579009
2.295	  0.0054370905
2.305	  0.0052987845
2.315	  0.0051640007
2.325	  0.0050326525
2.335	  0.0049046543
2.345	  0.0047799223
2.355	  0.004658375
2.365	  0.0045399326
2.375	  0.0044245175
2.385	  0.004312054
2.395	  0.004202467
2.405	  0.0040956847
2.415	  0.0039916364
2.425	  0.0038902527
2.435	  0.0037914666
2.445	  0.003695212
2.455	  0.0036014249
2.465	  0.0035100426
2.475	  0.0034210037
2.485	  0.0033342491
2.495	  0.0032497204
2.505	  0.0031673608
2.515	  0.003087115
2.525	  0.0030089288
2.535	  0.0029327497
2.545	  0.0028585265
2.555	  0.0027862089
2.565	  0.0027157478
2.575	  0.002647096
2.585	  0.002580207
2.595	  0.0025150354
2.605	  0.0024515372
2.615	  0.0023896692
2.625	  0.0023293893
2.635	  0.0022706569
2.645	  0.002213432
2.655	  0.0021576756
2.665	  0.0021033501
2.675	  0.0020504186
2.685	  0.0019988448
2.695	  0.0019485939
2.705	  0.0018996316
2.715	  0.0018519246
2.725	  0.0018054405
2.735	  0.0017601477
2.745	  0.0017160154
2.755	  0.0016730136
2.765	  0.0016311129
2.775	  0.0015902849
2.785	  0.0015505018
2.795	  0.0015117367
2.805	  0.001473963
2.815	  0.0014371552
2.825	  0.0014012882
2.835	  0.0013663378
2.845	  0.00133228
2.855	  0.0012990918
2.865	  0.0012667507
2.875	  0.0012352348
2.885	  0.0012045226
2.895	  0.0011745933
2.905	  0.0011454268
2.915	  0.001117003
2.925	  0.001089303
2.935	  0.001062308
2.945	  0.0010359996
2.955	  0.0010103602
2.965	  9.853723E-4
2.975	  9.610192E-4
2.985	  9.372843E-4
2.995	  9.1415184E-4
3.005	  8.9160603E-4
3.015	  8.6963177E-4
3.025	  8.482143E-4
3.035	  8.2733925E-4
3.045	  8.069925E-4
3.055	  7.8716053E-4
3.065	  7.6782994E-4
3.075	  7.4898783E-4
3.085	  7.306216E-4
3.095	  7.12719E-4
3.105	  6.952679E-4
3.115	  6.7825685E-4
3.125	  6.616745E-4
3.135	  6.4550963E-4
3.145	  6.297516E-4
3.155	  6.1438995E-4
3.165	  5.994144E-4
3.175	  5.848151E-4
3.185	  5.7058234E-4
3.195	  5.567066E-4
3.205	  5.431789E-4
3.215	  5.299901E-4
3.225	  5.1713164E-4
3.235	  5.0459494E-4
3.245	  4.923718E-4
3.255	  4.8045415E-4
3.265	  4.688342E-4
3.275	  4.5750424E-4
3.285	  4.4645692E-4
3.295	  4.3568498E-4
3.305	  4.2518138E-4
3.315	  4.1493925E-4
3.325	  4.049519E-4
3.335	  3.9521282E-4
3.345	  3.8571568E-4
3.355	  3.7645432E-4
3.365	  3.6742268E-4
3.375	  3.5861495E-4
3.385	  3.500254E-4
3.395	  3.4164847E-4
3.405	  3.3347876E-4
3.415	  3.25511E-4
3.425	  3.1774008E-4
3.435	  3.1016095E-4
3.445	  3.0276875E-4
3.455	  2.9555874E-4
3.465	  2.8852632E-4
3.475	  2.81667E-4
3.485	  2.7497634E-4
3.495	  2.684501E-4
3.505	  2.620841E-4
3.515	  2.558743E-4
3.525	  2.498168E-4
3.535	  2.4390768E-4
3.545	  2.3814323E-4
3.555	  2.325198E-4
3.565	  2.2703382E-4
3.575	  2.2168185E-4
3.585	  2.164605E-4
3.595	  2.113665E-4
3.605	  2.0639661E-4
3.615	  2.0154777E-4
3.625	  1.9681688E-4
3.635	  1.9220103E-4
3.645	  1.876973E-4
3.655	  1.833029E-4
3.665	  1.7901507E-4
3.675	  1.7483118E-4
3.685	  1.707486E-4
3.695	  1.6676482E-4
3.705	  1.6287735E-4
3.715	  1.590838E-4
3.725	  1.5538181E-4
3.735	  1.5176913E-4
3.745	  1.482435E-4
3.755	  1.4480279E-4
3.765	  1.4144488E-4
3.775	  1.3816768E-4
3.785	  1.3496922E-4
3.795	  1.3184753E-4
3.805	  1.2880072E-4
3.815	  1.2582692E-4
3.825	  1.2292432E-4
3.835	  1.2009117E-4
3.845	  1.17325755E-4
3.855	  1.1462639E-4
3.865	  1.1199145E-4
3.875	  1.0941935E-4
3.885	  1.06908534E-4
3.895	  1.044575E-4
3.905	  1.0206476E-4
3.915	  9.9728895E-5
3.925	  9.744851E-5
3.935	  9.5222225E-5
3.945	  9.304873E-5
3.955	  9.0926726E-5
3.965	  8.885494E-5
3.975	  8.683216E-5
3.985	  8.485717E-5
3.995	  8.292882E-5
4.005	  8.104595E-5



DATASET #3

     Name: BPT Fit
   Points: 401
     Info: Mean = 100.0, Aperiodicity = 0.5, Duration = 30.0, Delta T = 1.0, Num Points = 500, Historic Open Interval = 0.0
Computed mean = 0.9965455

Data[x,y]:
0.0	  0.0
0.01	  0.0
0.02	  0.0
0.03	  1.938821E-39
0.04	  5.1621073E-29
0.05	  8.510329E-23
0.06	  1.1182848E-18
0.07	  9.357581E-16
0.08	  1.406826E-13
0.09	  6.754584E-12
0.1	  1.4617227E-10
0.11	  1.7745567E-9
0.12	  1.3980718E-8
0.13	  7.904964E-8
0.14	  3.4464531E-7
0.15	  1.2211409E-6
0.16	  3.6573308E-6
0.17	  9.541338E-6
0.18	  2.219353E-5
0.19	  4.688084E-5
0.2	  9.126176E-5
0.21	  1.6567482E-4
0.22	  2.8320716E-4
0.23	  4.595157E-4
0.24	  7.1241E-4
0.25	  0.0010612372
0.26	  0.0015261284
0.27	  0.002127176
0.28	  0.0028836078
0.29	  0.0038130172
0.3	  0.0049306923
0.31	  0.006249076
0.32	  0.0077773742
0.33	  0.009521309
0.34	  0.011483023
0.35	  0.013661101
0.36	  0.01605072
0.37	  0.018643873
0.38	  0.021429677
0.39	  0.024394715
0.4	  0.027523424
0.41	  0.03079849
0.42	  0.03420123
0.43	  0.037711993
0.44	  0.0413105
0.45	  0.044976205
0.46	  0.048688576
0.47	  0.052427374
0.48	  0.056172892
0.49	  0.059906144
0.5	  0.06360904
0.51	  0.06726452
0.52	  0.07085664
0.53	  0.074370675
0.54	  0.07779314
0.55	  0.081111856
0.56	  0.084315896
0.57	  0.08739564
0.58	  0.09034272
0.59	  0.093150005
0.6	  0.095811516
0.61	  0.09832243
0.62	  0.10067897
0.63	  0.102878384
0.64	  0.10491886
0.65	  0.106799446
0.66	  0.108520016
0.67	  0.11008117
0.68	  0.11148419
0.69	  0.11273097
0.7	  0.113823935
0.71	  0.11476602
0.72	  0.11556055
0.73	  0.11621126
0.74	  0.11672218
0.75	  0.117097646
0.76	  0.11734218
0.77	  0.11746052
0.78	  0.11745753
0.79	  0.11733821
0.8	  0.11710761
0.81	  0.11677084
0.82	  0.116333045
0.83	  0.115799345
0.84	  0.11517484
0.85	  0.11446458
0.86	  0.113673575
0.87	  0.11280673
0.88	  0.11186887
0.89	  0.11086473
0.9	  0.1097989
0.91	  0.108675875
0.92	  0.10750002
0.93	  0.10627555
0.94	  0.10500657
0.95	  0.103697
0.96	  0.10235067
0.97	  0.10097121
0.98	  0.099562146
0.99	  0.098126836
1.0	  0.0966685
1.01	  0.0951902
1.02	  0.09369487
1.03	  0.09218531
1.04	  0.09066416
1.05	  0.08913393
1.06	  0.087597005
1.07	  0.08605563
1.08	  0.084511936
1.09	  0.08296792
1.1	  0.081425466
1.11	  0.07988635
1.12	  0.078352205
1.13	  0.076824605
1.14	  0.07530498
1.15	  0.07379468
1.16	  0.07229495
1.17	  0.07080695
1.18	  0.06933176
1.19	  0.06787035
1.2	  0.06642363
1.21	  0.064992435
1.22	  0.06357751
1.23	  0.06217955
1.24	  0.06079917
1.25	  0.059436925
1.26	  0.05809331
1.27	  0.056768764
1.28	  0.05546368
1.29	  0.054178383
1.3	  0.05291317
1.31	  0.051668275
1.32	  0.050443903
1.33	  0.04924021
1.34	  0.048057318
1.35	  0.046895318
1.36	  0.045754258
1.37	  0.04463416
1.38	  0.04353502
1.39	  0.042456806
1.4	  0.041399457
1.41	  0.04036289
1.42	  0.039347004
1.43	  0.038351674
1.44	  0.037376758
1.45	  0.036422096
1.46	  0.035487514
1.47	  0.03457282
1.48	  0.033677816
1.49	  0.032802287
1.5	  0.031946007
1.51	  0.031108739
1.52	  0.030290242
1.53	  0.029490264
1.54	  0.028708545
1.55	  0.027944824
1.56	  0.027198827
1.57	  0.026470283
1.58	  0.025758913
1.59	  0.025064435
1.6	  0.024386564
1.61	  0.023725014
1.62	  0.0230795
1.63	  0.022449732
1.64	  0.021835418
1.65	  0.021236274
1.66	  0.020652007
1.67	  0.02008233
1.68	  0.019526957
1.69	  0.018985597
1.7	  0.018457972
1.71	  0.017943796
1.72	  0.01744279
1.73	  0.016954675
1.74	  0.016479177
1.75	  0.016016023
1.76	  0.015564942
1.77	  0.015125669
1.78	  0.01469794
1.79	  0.014281496
1.8	  0.0138760805
1.81	  0.01348144
1.82	  0.013097326
1.83	  0.012723493
1.84	  0.0123597
1.85	  0.012005709
1.86	  0.011661286
1.87	  0.0113262
1.88	  0.011000228
1.89	  0.010683147
1.9	  0.010374739
1.91	  0.010074791
1.92	  0.009783091
1.93	  0.009499436
1.94	  0.009223624
1.95	  0.008955456
1.96	  0.00869474
1.97	  0.008441285
1.98	  0.008194906
1.99	  0.00795542
2.0	  0.0077226497
2.01	  0.0074964217
2.02	  0.0072765644
2.03	  0.0070629115
2.04	  0.0068553006
2.05	  0.0066535715
2.06	  0.006457569
2.07	  0.006267141
2.08	  0.006082139
2.09	  0.005902418
2.1	  0.005727835
2.11	  0.005558253
2.12	  0.0053935363
2.13	  0.005233553
2.14	  0.005078174
2.15	  0.004927275
2.16	  0.004780732
2.17	  0.0046384265
2.18	  0.004500242
2.19	  0.004366064
2.2	  0.0042357827
2.21	  0.0041092895
2.22	  0.0039864792
2.23	  0.0038672495
2.24	  0.0037515003
2.25	  0.003639134
2.26	  0.0035300562
2.27	  0.0034241742
2.28	  0.003321398
2.29	  0.00322164
2.3	  0.0031248147
2.31	  0.0030308391
2.32	  0.0029396324
2.33	  0.0028511158
2.34	  0.0027652124
2.35	  0.0026818481
2.36	  0.0026009497
2.37	  0.0025224471
2.38	  0.0024462712
2.39	  0.0023723552
2.4	  0.0023006343
2.41	  0.0022310447
2.42	  0.0021635254
2.43	  0.0020980162
2.44	  0.002034459
2.45	  0.001972797
2.46	  0.0019129756
2.47	  0.0018549408
2.48	  0.0017986408
2.49	  0.0017440249
2.5	  0.0016910441
2.51	  0.0016396506
2.52	  0.0015897977
2.53	  0.0015414404
2.54	  0.0014945349
2.55	  0.0014490384
2.56	  0.0014049096
2.57	  0.0013621083
2.58	  0.0013205952
2.59	  0.0012803323
2.6	  0.0012412828
2.61	  0.0012034108
2.62	  0.0011666815
2.63	  0.0011310609
2.64	  0.0010965163
2.65	  0.0010630157
2.66	  0.0010305281
2.67	  9.990234E-4
2.68	  9.6847233E-4
2.69	  9.388465E-4
2.7	  9.1011834E-4
2.71	  8.822611E-4
2.72	  8.552487E-4
2.73	  8.29056E-4
2.74	  8.036585E-4
2.75	  7.7903236E-4
2.76	  7.551544E-4
2.77	  7.320024E-4
2.78	  7.0955436E-4
2.79	  6.8778935E-4
2.8	  6.6668674E-4
2.81	  6.4622675E-4
2.82	  6.263899E-4
2.83	  6.071576E-4
2.84	  5.885115E-4
2.85	  5.7043403E-4
2.86	  5.5290805E-4
2.87	  5.3591694E-4
2.88	  5.194445E-4
2.89	  5.034751E-4
2.9	  4.8799356E-4
2.91	  4.729851E-4
2.92	  4.5843545E-4
2.93	  4.4433068E-4
2.94	  4.3065735E-4
2.95	  4.174024E-4
2.96	  4.0455314E-4
2.97	  3.9209725E-4
2.98	  3.800228E-4
2.99	  3.6831826E-4
3.0	  3.5697233E-4
3.01	  3.4597417E-4
3.02	  3.3531318E-4
3.03	  3.2497913E-4
3.04	  3.1496206E-4
3.05	  3.0525232E-4
3.06	  2.9584055E-4
3.07	  2.8671772E-4
3.08	  2.7787496E-4
3.09	  2.693038E-4
3.1	  2.609959E-4
3.11	  2.5294328E-4
3.12	  2.4513813E-4
3.13	  2.3757288E-4
3.14	  2.3024021E-4
3.15	  2.2313304E-4
3.16	  2.1624446E-4
3.17	  2.0956779E-4
3.18	  2.0309656E-4
3.19	  1.9682448E-4
3.2	  1.9074546E-4
3.21	  1.8485358E-4
3.22	  1.7914311E-4
3.23	  1.7360853E-4
3.24	  1.6824441E-4
3.25	  1.6304555E-4
3.26	  1.5800688E-4
3.27	  1.5312349E-4
3.28	  1.4839061E-4
3.29	  1.4380363E-4
3.3	  1.3935808E-4
3.31	  1.3504962E-4
3.32	  1.3087402E-4
3.33	  1.2682722E-4
3.34	  1.2290527E-4
3.35	  1.1910431E-4
3.36	  1.1542065E-4
3.37	  1.1185067E-4
3.38	  1.0839088E-4
3.39	  1.05037885E-4
3.4	  1.0178841E-4
3.41	  9.863927E-5
3.42	  9.558738E-5
3.43	  9.2629736E-5
3.44	  8.9763445E-5
3.45	  8.6985696E-5
3.46	  8.4293766E-5
3.47	  8.168501E-5
3.48	  7.915685E-5
3.49	  7.6706834E-5
3.5	  7.433253E-5
3.51	  7.203162E-5
3.52	  6.980183E-5
3.53	  6.764097E-5
3.54	  6.554692E-5
3.55	  6.351762E-5
3.56	  6.155107E-5
3.57	  5.9645336E-5
3.58	  5.779854E-5
3.59	  5.6008867E-5
3.6	  5.427455E-5
3.61	  5.2593885E-5
3.62	  5.0965213E-5
3.63	  4.938693E-5
3.64	  4.785748E-5
3.65	  4.6375357E-5
3.66	  4.4939094E-5
3.67	  4.3547283E-5
3.68	  4.2198546E-5
3.69	  4.089155E-5
3.7	  3.962501E-5
3.71	  3.8397677E-5
3.72	  3.7208334E-5
3.73	  3.6055808E-5
3.74	  3.4938967E-5
3.75	  3.38567E-5
3.76	  3.2807944E-5
3.77	  3.179166E-5
3.78	  3.0806845E-5
3.79	  2.9852525E-5
3.8	  2.8927758E-5
3.81	  2.8031629E-5
3.82	  2.7163253E-5
3.83	  2.6321772E-5
3.84	  2.5506351E-5
3.85	  2.4716188E-5
3.86	  2.3950499E-5
3.87	  2.3208528E-5
3.88	  2.248954E-5
3.89	  2.1792821E-5
3.9	  2.1117688E-5
3.91	  2.0463469E-5
3.92	  1.9829517E-5
3.93	  1.9215204E-5
3.94	  1.8619923E-5
3.95	  1.8043087E-5
3.96	  1.748412E-5
3.97	  1.6942473E-5
3.98	  1.6417607E-5
3.99	  1.5909005E-5
4.0	  1.541616E-5


