
X-Axis: Normalized Distance Along Strike
Y-Axis: Hypocenter Density
Number of Data Sets: 4


DATASET #1

     Name: 
   Points: 31
     Info: 

Data[x,y]:
0.05	  0.010606061
0.15	  0.015151516
0.25	  0.025757575
0.35	  0.021212121
0.45	  0.02878788
0.55	  0.01969697
0.65	  0.02878788
0.75	  0.033333335
0.85	  0.03787879
0.95	  0.06969697
1.05	  0.05757576
1.15	  0.046969697
1.25	  0.02878788
1.35	  0.03787879
1.45	  0.03787879
1.55	  0.03787879
1.65	  0.03787879
1.75	  0.02878788
1.85	  0.046969697
1.95	  0.05757576
2.05	  0.06969697
2.15	  0.03787879
2.25	  0.033333335
2.35	  0.02878788
2.45	  0.01969697
2.55	  0.02878788
2.65	  0.021212121
2.75	  0.025757575
2.85	  0.015151516
2.95	  0.010606061
3.05	  0.0



DATASET #2

     Name: 
   Points: 31
     Info: 

Data[x,y]:
0.05	  0.0
0.15	  0.0
0.25	  0.0
0.35	  0.0
0.45	  0.0
0.55	  0.0
0.65	  0.0
0.75	  0.0
0.85	  0.0
0.95	  0.0
1.05	  0.0
1.15	  0.0
1.25	  0.0
1.35	  0.0
1.45	  0.0
1.55	  0.0
1.65	  0.0
1.75	  0.0
1.85	  0.0
1.95	  0.0
2.05	  0.0
2.15	  0.0
2.25	  0.0
2.35	  0.0
2.45	  0.0
2.55	  0.0
2.65	  0.0
2.75	  0.0
2.85	  0.0
2.95	  0.0
3.05	  0.0



DATASET #3

Name: 
Num Points: 4
Info: 

X, Y Data:
0.021	  9.757576E-4
0.021	  0.0966
2.979	  0.0966
2.979	  9.757576E-4



DATASET #4

Name: 
Num Points: 4
Info: 

X, Y Data:
1.0	  9.757576E-4
1.0	  0.086842425
2.0	  0.086842425
2.0	  9.757576E-4


