
X-Axis: Normalized Interevent Time
Y-Axis: Probability
Number of Data Sets: 3


DATASET #1

     Name: Bruce 2411 Histogram
   Points: 41
     Info: 

Data[x,y]:
0.05	  0.015102975
0.15	  0.02791762
0.25	  0.023798628
0.35	  0.023340961
0.45	  0.043020595
0.55	  0.053089246
0.65	  0.08375286
0.75	  0.07139588
0.85	  0.080549195
0.95	  0.14279176
1.05	  0.17528604
1.15	  0.080091536
1.25	  0.04347826
1.35	  0.026086956
1.45	  0.01784897
1.55	  0.010526316
1.65	  0.014187643
1.75	  0.008695652
1.85	  0.009153318
1.95	  0.008237986
2.05	  0.005491991
2.15	  0.0027459955
2.25	  0.010068649
2.35	  0.0022883294
2.45	  0.0018306636
2.55	  0.004576659
2.65	  0.0018306636
2.75	  0.0022883294
2.85	  9.153318E-4
2.95	  4.576659E-4
3.05	  9.153318E-4
3.15	  0.0018306636
3.25	  0.0
3.35	  4.576659E-4
3.45	  9.153318E-4
3.55	  0.0
3.65	  4.576659E-4
3.75	  4.576659E-4
3.85	  4.576659E-4
3.95	  0.0
4.05	  0.0036613273



DATASET #2

     Name: Log-Normal Fit
   Points: 401
     Info: 

Data[x,y]:
0.005	  6.550316E-14
0.015	  3.0817068E-10
0.025	  2.3113047E-8
0.035	  3.6084558E-7
0.045	  2.4939623E-6
0.055	  1.0603344E-5
0.065	  3.2868833E-5
0.075	  8.187846E-5
0.085	  1.7405282E-4
0.095	  3.2838192E-4
0.105	  5.6487083E-4
0.115	  9.0301945E-4
0.125	  0.0013605398
0.135	  0.0019524046
0.145	  0.0026902405
0.155	  0.0035820333
0.165	  0.0046320907
0.175	  0.005841199
0.185	  0.007206918
0.195	  0.00872396
0.205	  0.010384615
0.215	  0.012179186
0.225	  0.014096423
0.235	  0.01612392
0.245	  0.01824849
0.255	  0.020456478
0.265	  0.022734065
0.275	  0.025067493
0.285	  0.027443277
0.295	  0.029848363
0.305	  0.03227026
0.315	  0.034697127
0.325	  0.037117872
0.335	  0.039522164
0.345	  0.04190049
0.355	  0.04424416
0.365	  0.046545293
0.375	  0.04879683
0.385	  0.050992478
0.395	  0.05312672
0.405	  0.05519475
0.415	  0.05719246
0.425	  0.059116382
0.435	  0.06096366
0.445	  0.062731996
0.455	  0.06441963
0.465	  0.06602526
0.475	  0.06754805
0.485	  0.06898756
0.495	  0.07034371
0.505	  0.07161676
0.515	  0.07280725
0.525	  0.07391601
0.535	  0.07494408
0.545	  0.075892724
0.555	  0.07676337
0.565	  0.07755762
0.575	  0.0782772
0.585	  0.078923956
0.595	  0.07949982
0.605	  0.0800068
0.615	  0.08044699
0.625	  0.0808225
0.635	  0.08113548
0.645	  0.08138814
0.655	  0.08158264
0.665	  0.08172121
0.675	  0.08180601
0.685	  0.08183924
0.695	  0.08182305
0.705	  0.08175958
0.715	  0.08165092
0.725	  0.08149915
0.735	  0.08130629
0.745	  0.08107435
0.755	  0.08080526
0.765	  0.08050091
0.775	  0.080163166
0.785	  0.07979382
0.795	  0.079394616
0.805	  0.07896726
0.815	  0.07851339
0.825	  0.07803461
0.835	  0.07753245
0.845	  0.077008404
0.855	  0.0764639
0.865	  0.07590032
0.875	  0.075319014
0.885	  0.074721254
0.895	  0.07410827
0.905	  0.07348126
0.915	  0.072841346
0.925	  0.07218963
0.935	  0.071527146
0.945	  0.07085491
0.955	  0.07017386
0.965	  0.06948493
0.975	  0.06878898
0.985	  0.068086855
0.995	  0.06737935
1.005	  0.066667214
1.015	  0.065951176
1.025	  0.06523193
1.035	  0.064510114
1.045	  0.063786365
1.055	  0.06306126
1.065	  0.062335372
1.075	  0.06160922
1.085	  0.06088331
1.095	  0.06015811
1.105	  0.059434082
1.115	  0.05871164
1.125	  0.057991184
1.135	  0.057273094
1.145	  0.05655772
1.155	  0.055845395
1.165	  0.055136435
1.175	  0.054431133
1.185	  0.053729758
1.195	  0.053032573
1.205	  0.052339815
1.215	  0.0516517
1.225	  0.050968446
1.235	  0.05029024
1.245	  0.04961726
1.255	  0.04894967
1.265	  0.048287623
1.275	  0.047631256
1.285	  0.0469807
1.295	  0.046336066
1.305	  0.04569746
1.315	  0.045064982
1.325	  0.04443871
1.335	  0.043818723
1.345	  0.04320509
1.355	  0.04259787
1.365	  0.041997112
1.375	  0.04140286
1.385	  0.040815156
1.395	  0.04023402
1.405	  0.039659485
1.415	  0.03909156
1.425	  0.038530264
1.435	  0.0379756
1.445	  0.03742757
1.455	  0.03688617
1.465	  0.036351394
1.475	  0.035823226
1.485	  0.035301656
1.495	  0.034786656
1.505	  0.034278207
1.515	  0.033776283
1.525	  0.033280857
1.535	  0.032791886
1.545	  0.032309346
1.555	  0.03183319
1.565	  0.031363387
1.575	  0.030899884
1.585	  0.030442644
1.595	  0.029991617
1.605	  0.029546758
1.615	  0.029108014
1.625	  0.028675336
1.635	  0.028248671
1.645	  0.027827963
1.655	  0.02741316
1.665	  0.027004205
1.675	  0.02660104
1.685	  0.02620361
1.695	  0.025811853
1.705	  0.025425712
1.715	  0.025045129
1.725	  0.02467004
1.735	  0.024300387
1.745	  0.02393611
1.755	  0.023577144
1.765	  0.023223432
1.775	  0.022874909
1.785	  0.022531515
1.795	  0.02219319
1.805	  0.021859867
1.815	  0.02153149
1.825	  0.021207994
1.835	  0.02088932
1.845	  0.020575402
1.855	  0.020266185
1.865	  0.019961603
1.875	  0.019661598
1.885	  0.019366108
1.895	  0.019075075
1.905	  0.018788436
1.915	  0.018506136
1.925	  0.018228112
1.935	  0.017954309
1.945	  0.017684665
1.955	  0.017419126
1.965	  0.017157631
1.975	  0.016900126
1.985	  0.016646555
1.995	  0.01639686
2.005	  0.016150985
2.015	  0.015908878
2.025	  0.015670486
2.035	  0.015435751
2.045	  0.0152046215
2.055	  0.014977046
2.065	  0.014752972
2.075	  0.014532347
2.085	  0.014315122
2.095	  0.0141012445
2.105	  0.013890666
2.115	  0.013683338
2.125	  0.0134792095
2.135	  0.013278235
2.145	  0.013080365
2.155	  0.012885555
2.165	  0.012693756
2.175	  0.012504925
2.185	  0.012319015
2.195	  0.0121359825
2.205	  0.011955783
2.215	  0.011778373
2.225	  0.01160371
2.235	  0.011431753
2.245	  0.011262458
2.255	  0.011095785
2.265	  0.010931693
2.275	  0.010770143
2.285	  0.0106110955
2.295	  0.01045451
2.305	  0.010300351
2.315	  0.010148578
2.325	  0.009999156
2.335	  0.009852046
2.345	  0.009707213
2.355	  0.009564622
2.365	  0.009424238
2.375	  0.009286024
2.385	  0.009149948
2.395	  0.009015976
2.405	  0.008884075
2.415	  0.0087542115
2.425	  0.008626354
2.435	  0.008500472
2.445	  0.008376531
2.455	  0.008254505
2.465	  0.0081343595
2.475	  0.008016067
2.485	  0.007899597
2.495	  0.0077849217
2.505	  0.0076720123
2.515	  0.007560841
2.525	  0.007451379
2.535	  0.007343601
2.545	  0.0072374786
2.555	  0.007132987
2.565	  0.007030099
2.575	  0.00692879
2.585	  0.0068290345
2.595	  0.006730808
2.605	  0.0066340864
2.615	  0.006538845
2.625	  0.006445061
2.635	  0.006352711
2.645	  0.006261772
2.655	  0.0061722216
2.665	  0.006084038
2.675	  0.0059971996
2.685	  0.005911684
2.695	  0.0058274716
2.705	  0.0057445406
2.715	  0.005662871
2.725	  0.0055824425
2.735	  0.005503236
2.745	  0.005425231
2.755	  0.0053484095
2.765	  0.0052727526
2.775	  0.0051982407
2.785	  0.0051248567
2.795	  0.0050525824
2.805	  0.0049814
2.815	  0.004911293
2.825	  0.0048422427
2.835	  0.0047742333
2.845	  0.004707249
2.855	  0.004641272
2.865	  0.0045762877
2.875	  0.0045122798
2.885	  0.004449233
2.895	  0.004387132
2.905	  0.0043259617
2.915	  0.0042657075
2.925	  0.0042063547
2.935	  0.0041478896
2.945	  0.0040902975
2.955	  0.0040335655
2.965	  0.003977679
2.975	  0.003922626
2.985	  0.0038683917
2.995	  0.0038149646
3.005	  0.003762331
3.015	  0.0037104792
3.025	  0.0036593964
3.035	  0.003609071
3.045	  0.0035594904
3.055	  0.0035106435
3.065	  0.0034625186
3.075	  0.0034151045
3.085	  0.0033683898
3.095	  0.0033223636
3.105	  0.0032770152
3.115	  0.0032323343
3.125	  0.00318831
3.135	  0.003144932
3.145	  0.0031021906
3.155	  0.0030600757
3.165	  0.0030185776
3.175	  0.0029776867
3.185	  0.0029373933
3.195	  0.0028976884
3.205	  0.0028585626
3.215	  0.0028200073
3.225	  0.0027820133
3.235	  0.0027445718
3.245	  0.0027076746
3.255	  0.002671313
3.265	  0.0026354787
3.275	  0.002600164
3.285	  0.0025653602
3.295	  0.0025310598
3.305	  0.002497255
3.315	  0.0024639382
3.325	  0.0024311016
3.335	  0.0023987382
3.345	  0.0023668406
3.355	  0.0023354015
3.365	  0.0023044138
3.375	  0.0022738709
3.385	  0.0022437656
3.395	  0.0022140916
3.405	  0.002184842
3.415	  0.0021560106
3.425	  0.0021275906
3.435	  0.002099576
3.445	  0.0020719604
3.455	  0.002044738
3.465	  0.0020179027
3.475	  0.0019914487
3.485	  0.0019653698
3.495	  0.0019396609
3.505	  0.001914316
3.515	  0.0018893295
3.525	  0.0018646963
3.535	  0.0018404109
3.545	  0.0018164678
3.555	  0.0017928623
3.565	  0.001769589
3.575	  0.001746643
3.585	  0.0017240192
3.595	  0.001701713
3.605	  0.0016797193
3.615	  0.0016580337
3.625	  0.0016366515
3.635	  0.0016155681
3.645	  0.001594779
3.655	  0.0015742799
3.665	  0.0015540663
3.675	  0.001534134
3.685	  0.0015144789
3.695	  0.0014950967
3.705	  0.0014759835
3.715	  0.0014571352
3.725	  0.0014385479
3.735	  0.0014202177
3.745	  0.0014021407
3.755	  0.0013843132
3.765	  0.0013667316
3.775	  0.0013493922
3.785	  0.0013322913
3.795	  0.0013154255
3.805	  0.0012987914
3.815	  0.0012823853
3.825	  0.0012662042
3.835	  0.0012502444
3.845	  0.001234503
3.855	  0.0012189766
3.865	  0.001203662
3.875	  0.0011885563
3.885	  0.0011736562
3.895	  0.0011589589
3.905	  0.0011444612
3.915	  0.0011301605
3.925	  0.0011160537
3.935	  0.0011021378
3.945	  0.0010884105
3.955	  0.0010748687
3.965	  0.0010615097
3.975	  0.001048331
3.985	  0.00103533
3.995	  0.001022504
4.005	  0.0010098504



DATASET #3

     Name: BPT Fit
   Points: 401
     Info: Mean = 100.0, Aperiodicity = 0.5, Duration = 30.0, Delta T = 1.0, Num Points = 500, Historic Open Interval = 0.0
Computed mean = 0.9716492

Data[x,y]:
0.0	  0.0
0.01	  0.0
0.02	  3.7104624E-28
0.03	  2.014903E-18
0.04	  1.297747E-13
0.05	  9.185894E-11
0.06	  6.9043393E-9
0.07	  1.4512648E-7
0.08	  1.3818901E-6
0.09	  7.784658E-6
0.1	  3.0432957E-5
0.11	  9.1352485E-5
0.12	  2.2518841E-4
0.13	  4.774685E-4
0.14	  8.9998584E-4
0.15	  0.0015448268
0.16	  0.0024586269
0.17	  0.0036781377
0.18	  0.0052275565
0.19	  0.0071175834
0.2	  0.009345884
0.21	  0.0118985325
0.22	  0.014752019
0.23	  0.017875487
0.24	  0.021232951
0.25	  0.024785323
0.26	  0.028492175
0.27	  0.032313187
0.28	  0.036209293
0.29	  0.040143516
0.3	  0.04408158
0.31	  0.04799228
0.32	  0.0518477
0.33	  0.055623267
0.34	  0.059297714
0.35	  0.06285297
0.36	  0.06627399
0.37	  0.069548525
0.38	  0.072666906
0.39	  0.07562183
0.4	  0.07840807
0.41	  0.081022285
0.42	  0.08346277
0.43	  0.08572925
0.44	  0.08782269
0.45	  0.08974513
0.46	  0.09149947
0.47	  0.09308938
0.48	  0.09451913
0.49	  0.09579349
0.5	  0.09691762
0.51	  0.097896956
0.52	  0.09873718
0.53	  0.09944409
0.54	  0.100023605
0.55	  0.10048163
0.56	  0.1008241
0.57	  0.101056896
0.58	  0.1011858
0.59	  0.101216495
0.6	  0.10115456
0.61	  0.101005405
0.62	  0.10077429
0.63	  0.10046631
0.64	  0.1000864
0.65	  0.09963928
0.66	  0.09912953
0.67	  0.09856151
0.68	  0.09793942
0.69	  0.097267255
0.7	  0.09654885
0.71	  0.09578784
0.72	  0.0949877
0.73	  0.09415173
0.74	  0.093283065
0.75	  0.09238468
0.76	  0.091459386
0.77	  0.09050985
0.78	  0.08953859
0.79	  0.08854799
0.8	  0.08754029
0.81	  0.08651761
0.82	  0.08548195
0.83	  0.08443517
0.84	  0.08337905
0.85	  0.08231524
0.86	  0.08124529
0.87	  0.080170654
0.88	  0.07909269
0.89	  0.07801268
0.9	  0.07693182
0.91	  0.07585121
0.92	  0.07477189
0.93	  0.07369482
0.94	  0.07262089
0.95	  0.07155095
0.96	  0.07048575
0.97	  0.069426015
0.98	  0.0683724
0.99	  0.06732551
1.0	  0.06628591
1.01	  0.06525411
1.02	  0.06423057
1.03	  0.06321574
1.04	  0.06220999
1.05	  0.06121369
1.06	  0.060227156
1.07	  0.05925068
1.08	  0.058284514
1.09	  0.05732889
1.1	  0.05638402
1.11	  0.055450078
1.12	  0.05452722
1.13	  0.05361558
1.14	  0.05271528
1.15	  0.051826403
1.16	  0.05094903
1.17	  0.050083224
1.18	  0.04922903
1.19	  0.04838647
1.2	  0.04755557
1.21	  0.046736326
1.22	  0.045928735
1.23	  0.045132775
1.24	  0.04434842
1.25	  0.043575626
1.26	  0.042814348
1.27	  0.042064533
1.28	  0.041326113
1.29	  0.04059902
1.3	  0.039883178
1.31	  0.039178506
1.32	  0.038484912
1.33	  0.037802313
1.34	  0.0371306
1.35	  0.036469687
1.36	  0.035819456
1.37	  0.035179805
1.38	  0.034550622
1.39	  0.0339318
1.4	  0.033323213
1.41	  0.03272475
1.42	  0.03213629
1.43	  0.031557713
1.44	  0.030988896
1.45	  0.030429715
1.46	  0.029880047
1.47	  0.029339766
1.48	  0.028808746
1.49	  0.028286863
1.5	  0.02777399
1.51	  0.027269999
1.52	  0.026774764
1.53	  0.026288161
1.54	  0.025810063
1.55	  0.025340343
1.56	  0.02487888
1.57	  0.024425546
1.58	  0.023980219
1.59	  0.023542777
1.6	  0.023113094
1.61	  0.022691054
1.62	  0.022276532
1.63	  0.02186941
1.64	  0.02146957
1.65	  0.021076897
1.66	  0.02069127
1.67	  0.020312577
1.68	  0.019940706
1.69	  0.01957554
1.7	  0.01921697
1.71	  0.018864885
1.72	  0.018519178
1.73	  0.018179739
1.74	  0.017846465
1.75	  0.017519249
1.76	  0.017197985
1.77	  0.016882576
1.78	  0.016572919
1.79	  0.016268913
1.8	  0.015970463
1.81	  0.015677469
1.82	  0.015389838
1.83	  0.015107475
1.84	  0.014830289
1.85	  0.014558187
1.86	  0.01429108
1.87	  0.014028879
1.88	  0.013771498
1.89	  0.013518849
1.9	  0.013270849
1.91	  0.013027416
1.92	  0.012788466
1.93	  0.012553919
1.94	  0.012323697
1.95	  0.01209772
1.96	  0.0118759135
1.97	  0.0116582
1.98	  0.011444506
1.99	  0.011234759
2.0	  0.011028888
2.01	  0.0108268205
2.02	  0.010628488
2.03	  0.010433822
2.04	  0.0102427555
2.05	  0.0100552235
2.06	  0.009871161
2.07	  0.009690503
2.08	  0.009513188
2.09	  0.009339155
2.1	  0.009168342
2.11	  0.009000691
2.12	  0.008836144
2.13	  0.008674642
2.14	  0.00851613
2.15	  0.008360553
2.16	  0.008207855
2.17	  0.0080579845
2.18	  0.007910889
2.19	  0.0077665164
2.2	  0.007624816
2.21	  0.007485739
2.22	  0.007349236
2.23	  0.0072152596
2.24	  0.0070837624
2.25	  0.006954699
2.26	  0.006828023
2.27	  0.006703691
2.28	  0.006581659
2.29	  0.0064618844
2.3	  0.0063443244
2.31	  0.0062289387
2.32	  0.006115686
2.33	  0.006004527
2.34	  0.005895423
2.35	  0.005788334
2.36	  0.005683224
2.37	  0.005580056
2.38	  0.0054787933
2.39	  0.0053793998
2.4	  0.005281842
2.41	  0.005186084
2.42	  0.0050920933
2.43	  0.004999837
2.44	  0.0049092816
2.45	  0.004820396
2.46	  0.00473315
2.47	  0.004647511
2.48	  0.0045634503
2.49	  0.0044809384
2.5	  0.0043999455
2.51	  0.004320444
2.52	  0.004242406
2.53	  0.004165804
2.54	  0.004090611
2.55	  0.004016801
2.56	  0.003944348
2.57	  0.0038732267
2.58	  0.0038034122
2.59	  0.0037348801
2.6	  0.0036676065
2.61	  0.003601568
2.62	  0.0035367415
2.63	  0.0034731042
2.64	  0.0034106341
2.65	  0.0033493096
2.66	  0.0032891089
2.67	  0.0032300113
2.68	  0.0031719964
2.69	  0.0031150437
2.7	  0.0030591334
2.71	  0.0030042466
2.72	  0.0029503636
2.73	  0.002897466
2.74	  0.0028455353
2.75	  0.0027945538
2.76	  0.0027445036
2.77	  0.0026953674
2.78	  0.0026471282
2.79	  0.0025997695
2.8	  0.0025532746
2.81	  0.0025076277
2.82	  0.002462813
2.83	  0.002418815
2.84	  0.0023756186
2.85	  0.0023332087
2.86	  0.0022915709
2.87	  0.0022506907
2.88	  0.0022105544
2.89	  0.002171148
2.9	  0.002132458
2.91	  0.002094471
2.92	  0.0020571738
2.93	  0.0020205542
2.94	  0.001984599
2.95	  0.0019492964
2.96	  0.0019146343
2.97	  0.0018806006
2.98	  0.0018471838
2.99	  0.0018143725
3.0	  0.0017821554
3.01	  0.0017505217
3.02	  0.0017194605
3.03	  0.0016889613
3.04	  0.0016590137
3.05	  0.0016296075
3.06	  0.0016007328
3.07	  0.0015723797
3.08	  0.0015445387
3.09	  0.0015172001
3.1	  0.001490355
3.11	  0.0014639942
3.12	  0.0014381086
3.13	  0.0014126898
3.14	  0.0013877288
3.15	  0.0013632176
3.16	  0.0013391476
3.17	  0.001315511
3.18	  0.0012922995
3.19	  0.0012695055
3.2	  0.0012471214
3.21	  0.0012251395
3.22	  0.0012035525
3.23	  0.0011823532
3.24	  0.0011615345
3.25	  0.0011410894
3.26	  0.0011210111
3.27	  0.0011012928
3.28	  0.0010819279
3.29	  0.0010629101
3.3	  0.001044233
3.31	  0.0010258902
3.32	  0.0010078758
3.33	  9.901837E-4
3.34	  9.72808E-4
3.35	  9.55743E-4
3.36	  9.3898305E-4
3.37	  9.2252245E-4
3.38	  9.063559E-4
3.39	  8.9047797E-4
3.4	  8.748834E-4
3.41	  8.5956696E-4
3.42	  8.445238E-4
3.43	  8.297487E-4
3.44	  8.1523694E-4
3.45	  8.0098375E-4
3.46	  7.869843E-4
3.47	  7.732341E-4
3.48	  7.5972854E-4
3.49	  7.4646325E-4
3.5	  7.334339E-4
3.51	  7.2063605E-4
3.52	  7.080657E-4
3.53	  6.9571857E-4
3.54	  6.8359065E-4
3.55	  6.7167805E-4
3.56	  6.5997685E-4
3.57	  6.4848317E-4
3.58	  6.3719327E-4
3.59	  6.261035E-4
3.6	  6.1521016E-4
3.61	  6.0450984E-4
3.62	  5.9399894E-4
3.63	  5.8367406E-4
3.64	  5.735319E-4
3.65	  5.6356913E-4
3.66	  5.5378245E-4
3.67	  5.441688E-4
3.68	  5.34725E-4
3.69	  5.25448E-4
3.7	  5.163348E-4
3.71	  5.073824E-4
3.72	  4.98588E-4
3.73	  4.8994867E-4
3.74	  4.8146173E-4
3.75	  4.7312432E-4
3.76	  4.6493384E-4
3.77	  4.568876E-4
3.78	  4.4898305E-4
3.79	  4.4121762E-4
3.8	  4.335888E-4
3.81	  4.260942E-4
3.82	  4.1873136E-4
3.83	  4.1149795E-4
3.84	  4.0439164E-4
3.85	  3.9741013E-4
3.86	  3.9055123E-4
3.87	  3.8381273E-4
3.88	  3.7719245E-4
3.89	  3.7068833E-4
3.9	  3.6429826E-4
3.91	  3.580202E-4
3.92	  3.5185216E-4
3.93	  3.4579216E-4
3.94	  3.398383E-4
3.95	  3.3398866E-4
3.96	  3.2824138E-4
3.97	  3.225947E-4
3.98	  3.170467E-4
3.99	  3.1159577E-4
4.0	  3.0624008E-4


