
X-Axis: Normalized Interevent Time
Y-Axis: Probability
Number of Data Sets: 3


DATASET #1

     Name: Bruce 2411 Histogram
   Points: 41
     Info: 

Data[x,y]:
0.05	  0.008894494
0.15	  0.0075143995
0.25	  0.009316524
0.35	  0.013611528
0.45	  0.016881907
0.55	  0.02308773
0.65	  0.036388755
0.75	  0.06271677
0.85	  0.10499624
0.95	  0.19931781
1.05	  0.23009838
1.15	  0.13045612
1.25	  0.060779396
1.35	  0.031241901
1.45	  0.020556258
1.55	  0.014802559
1.65	  0.009921953
1.75	  0.005987019
1.85	  0.004155154
1.95	  0.0026557439
2.05	  0.0016902442
2.15	  0.0011867823
2.25	  8.284816E-4
2.35	  5.972857E-4
2.45	  4.489379E-4
2.55	  3.7529512E-4
2.65	  2.7439027E-4
2.75	  2.1490955E-4
2.85	  1.7631789E-4
2.95	  1.451613E-4
3.05	  1.1789931E-4
3.15	  9.417783E-5
3.25	  8.001575E-5
3.35	  5.912668E-5
3.45	  5.8418576E-5
3.55	  4.638081E-5
3.65	  3.1864678E-5
3.75	  4.071598E-5
3.85	  2.5491743E-5
3.95	  2.9740366E-5
4.05	  9.7718344E-5



DATASET #2

     Name: Log-Normal Fit
   Points: 401
     Info: 

Data[x,y]:
0.005	  0.0
0.015	  7.844955E-37
0.025	  8.8044926E-30
0.035	  3.0576895E-25
0.045	  5.5435717E-22
0.055	  1.7159276E-19
0.065	  1.6546031E-17
0.075	  7.014369E-16
0.085	  1.6209268E-14
0.095	  2.355544E-13
0.105	  2.3780953E-12
0.115	  1.7924176E-11
0.125	  1.0640859E-10
0.135	  5.1827076E-10
0.145	  2.1376918E-9
0.155	  7.6563715E-9
0.165	  2.4295158E-8
0.175	  6.9427266E-8
0.185	  1.8108705E-7
0.195	  4.359509E-7
0.205	  9.77786E-7
0.215	  2.0594043E-6
0.225	  4.1006997E-6
0.235	  7.764333E-6
0.245	  1.4049095E-5
0.255	  2.439909E-5
0.265	  4.082483E-5
0.275	  6.6030334E-5
0.285	  1.035388E-4
0.295	  1.5780824E-4
0.305	  2.3432825E-4
0.315	  3.396891E-4
0.325	  4.8161583E-4
0.335	  6.689614E-4
0.345	  9.116549E-4
0.355	  0.0012206038
0.365	  0.0016075504
0.375	  0.0020848874
0.385	  0.002665435
0.395	  0.0033621918
0.405	  0.0041880608
0.415	  0.0051555657
0.425	  0.006276565
0.435	  0.007561973
0.445	  0.009021491
0.455	  0.010663371
0.465	  0.012494199
0.475	  0.014518723
0.485	  0.01673971
0.495	  0.019157847
0.505	  0.021771695
0.515	  0.02457767
0.525	  0.02757006
0.535	  0.030741107
0.545	  0.034081094
0.555	  0.037578482
0.565	  0.041220054
0.575	  0.04499111
0.585	  0.048875645
0.595	  0.05285656
0.605	  0.056915887
0.615	  0.061034985
0.625	  0.06519477
0.635	  0.06937593
0.645	  0.07355912
0.655	  0.07772515
0.665	  0.08185518
0.675	  0.08593089
0.685	  0.0899346
0.695	  0.09384945
0.705	  0.09765947
0.715	  0.10134971
0.725	  0.10490632
0.735	  0.10831659
0.745	  0.11156905
0.755	  0.114653416
0.765	  0.1175607
0.775	  0.12028317
0.785	  0.12281434
0.795	  0.12514895
0.805	  0.12728298
0.815	  0.1292135
0.825	  0.13093878
0.835	  0.13245814
0.845	  0.13377187
0.855	  0.13488123
0.865	  0.1357884
0.875	  0.13649632
0.885	  0.13700871
0.895	  0.13732998
0.905	  0.13746513
0.915	  0.13741973
0.925	  0.13719977
0.935	  0.13681173
0.945	  0.1362624
0.955	  0.13555884
0.965	  0.13470839
0.975	  0.13371855
0.985	  0.13259694
0.995	  0.13135126
1.005	  0.12998927
1.015	  0.1285187
1.025	  0.12694727
1.035	  0.1252826
1.045	  0.1235322
1.055	  0.121703476
1.065	  0.119803645
1.075	  0.11783977
1.085	  0.115818694
1.095	  0.113747075
1.105	  0.11163132
1.115	  0.1094776
1.125	  0.107291855
1.135	  0.105079755
1.145	  0.10284672
1.155	  0.1005979
1.165	  0.0983382
1.175	  0.09607224
1.185	  0.09380439
1.195	  0.09153876
1.205	  0.089279205
1.215	  0.087029316
1.225	  0.08479245
1.235	  0.08257173
1.245	  0.08037003
1.255	  0.07819
1.265	  0.076034084
1.275	  0.07390449
1.285	  0.07180325
1.295	  0.06973219
1.305	  0.067692935
1.315	  0.06568695
1.325	  0.063715525
1.335	  0.06177979
1.345	  0.05988072
1.355	  0.05801914
1.365	  0.056195743
1.375	  0.054411102
1.385	  0.05266566
1.395	  0.050959744
1.405	  0.04929359
1.415	  0.047667313
1.425	  0.04608096
1.435	  0.044534486
1.445	  0.043027755
1.455	  0.04156057
1.465	  0.04013268
1.475	  0.03874374
1.485	  0.037393387
1.495	  0.036081184
1.505	  0.034806658
1.515	  0.033569288
1.525	  0.03236853
1.535	  0.031203793
1.545	  0.030074468
1.555	  0.028979918
1.565	  0.027919484
1.575	  0.02689249
1.585	  0.025898246
1.595	  0.024936046
1.605	  0.024005178
1.615	  0.023104923
1.625	  0.022234553
1.635	  0.02139334
1.645	  0.020580554
1.655	  0.019795466
1.665	  0.01903735
1.675	  0.01830548
1.685	  0.017599141
1.695	  0.01691762
1.705	  0.016260209
1.715	  0.015626214
1.725	  0.015014948
1.735	  0.014425731
1.745	  0.013857898
1.755	  0.013310792
1.765	  0.012783769
1.775	  0.012276196
1.785	  0.011787455
1.795	  0.011316937
1.805	  0.010864052
1.815	  0.010428216
1.825	  0.010008865
1.835	  0.009605444
1.845	  0.009217414
1.855	  0.00884425
1.865	  0.008485438
1.875	  0.008140481
1.885	  0.007808894
1.895	  0.0074902046
1.905	  0.007183955
1.915	  0.0068897
1.925	  0.0066070086
1.935	  0.006335461
1.945	  0.006074651
1.955	  0.005824185
1.965	  0.0055836816
1.975	  0.0053527714
1.985	  0.005131096
1.995	  0.00491831
2.005	  0.0047140783
2.015	  0.0045180772
2.025	  0.004329994
2.035	  0.004149526
2.045	  0.0039763814
2.055	  0.0038102784
2.065	  0.0036509442
2.075	  0.0034981163
2.085	  0.0033515415
2.095	  0.0032109749
2.105	  0.0030761808
2.115	  0.002946932
2.125	  0.0028230099
2.135	  0.0027042027
2.145	  0.0025903075
2.155	  0.0024811283
2.165	  0.002376477
2.175	  0.0022761717
2.185	  0.0021800376
2.195	  0.002087907
2.205	  0.0019996178
2.215	  0.0019150146
2.225	  0.0018339477
2.235	  0.0017562734
2.245	  0.0016818532
2.255	  0.0016105542
2.265	  0.0015422484
2.275	  0.0014768133
2.285	  0.0014141308
2.295	  0.0013540876
2.305	  0.0012965746
2.315	  0.0012414875
2.325	  0.0011887256
2.335	  0.0011381927
2.345	  0.0010897962
2.355	  0.0010434473
2.365	  9.990606E-4
2.375	  9.565543E-4
2.385	  9.1584993E-4
2.395	  8.7687204E-4
2.405	  8.395484E-4
2.415	  8.038097E-4
2.425	  7.695893E-4
2.435	  7.368234E-4
2.445	  7.05451E-4
2.455	  6.7541323E-4
2.465	  6.4665393E-4
2.475	  6.1911915E-4
2.485	  5.9275713E-4
2.495	  5.6751835E-4
2.505	  5.4335524E-4
2.515	  5.202223E-4
2.525	  4.980759E-4
2.535	  4.7687415E-4
2.545	  4.56577E-4
2.555	  4.37146E-4
2.565	  4.1854437E-4
2.575	  4.007368E-4
2.585	  3.8368962E-4
2.595	  3.6737035E-4
2.605	  3.5174802E-4
2.615	  3.3679293E-4
2.625	  3.2247664E-4
2.635	  3.0877188E-4
2.645	  2.9565257E-4
2.655	  2.8309374E-4
2.665	  2.710714E-4
2.675	  2.5956266E-4
2.685	  2.4854555E-4
2.695	  2.3799909E-4
2.705	  2.2790312E-4
2.715	  2.1823836E-4
2.725	  2.0898638E-4
2.735	  2.0012952E-4
2.745	  1.9165085E-4
2.755	  1.8353418E-4
2.765	  1.7576401E-4
2.775	  1.683255E-4
2.785	  1.6120444E-4
2.795	  1.5438723E-4
2.805	  1.4786085E-4
2.815	  1.4161285E-4
2.825	  1.3563129E-4
2.835	  1.2990474E-4
2.845	  1.2442231E-4
2.855	  1.1917349E-4
2.865	  1.141483E-4
2.875	  1.09337154E-4
2.885	  1.0473086E-4
2.895	  1.0032066E-4
2.905	  9.609814E-5
2.915	  9.205527E-5
2.925	  8.818434E-5
2.935	  8.4477986E-5
2.945	  8.092916E-5
2.955	  7.753112E-5
2.965	  7.427741E-5
2.975	  7.1161834E-5
2.985	  6.81785E-5
2.995	  6.5321736E-5
3.005	  6.258613E-5
3.015	  5.996649E-5
3.025	  5.7457863E-5
3.035	  5.5055498E-5
3.045	  5.275485E-5
3.055	  5.0551578E-5
3.065	  4.8441514E-5
3.075	  4.642068E-5
3.085	  4.448526E-5
3.095	  4.263161E-5
3.105	  4.0856237E-5
3.115	  3.9155802E-5
3.125	  3.7527112E-5
3.135	  3.59671E-5
3.145	  3.4472836E-5
3.155	  3.3041528E-5
3.165	  3.1670486E-5
3.175	  3.0357147E-5
3.185	  2.9099052E-5
3.195	  2.7893851E-5
3.205	  2.6739293E-5
3.215	  2.5633226E-5
3.225	  2.4573586E-5
3.235	  2.3558403E-5
3.245	  2.2585786E-5
3.255	  2.165393E-5
3.265	  2.0761105E-5
3.275	  1.9905652E-5
3.285	  1.908599E-5
3.295	  1.8300601E-5
3.305	  1.7548035E-5
3.315	  1.6826898E-5
3.325	  1.6135862E-5
3.335	  1.5473655E-5
3.345	  1.4839055E-5
3.355	  1.4230898E-5
3.365	  1.3648066E-5
3.375	  1.3089488E-5
3.385	  1.2554143E-5
3.395	  1.204105E-5
3.405	  1.154927E-5
3.415	  1.10779065E-5
3.425	  1.0626099E-5
3.435	  1.0193024E-5
3.445	  9.777894E-6
3.455	  9.3799545E-6
3.465	  8.998483E-6
3.475	  8.632787E-6
3.485	  8.282206E-6
3.495	  7.946105E-6
3.505	  7.623876E-6
3.515	  7.314939E-6
3.525	  7.018737E-6
3.535	  6.7347364E-6
3.545	  6.4624273E-6
3.555	  6.2013205E-6
3.565	  5.950948E-6
3.575	  5.710862E-6
3.585	  5.480633E-6
3.595	  5.2598493E-6
3.605	  5.0481176E-6
3.615	  4.845061E-6
3.625	  4.6503187E-6
3.635	  4.4635435E-6
3.645	  4.2844053E-6
3.655	  4.1125863E-6
3.665	  3.9477823E-6
3.675	  3.7897025E-6
3.685	  3.638068E-6
3.695	  3.4926115E-6
3.705	  3.353077E-6
3.715	  3.2192197E-6
3.725	  3.0908045E-6
3.735	  2.9676064E-6
3.745	  2.8494098E-6
3.755	  2.7360084E-6
3.765	  2.6272041E-6
3.775	  2.5228073E-6
3.785	  2.422637E-6
3.795	  2.3265184E-6
3.805	  2.234285E-6
3.815	  2.1457772E-6
3.825	  2.0608418E-6
3.835	  1.979332E-6
3.845	  1.9011072E-6
3.855	  1.8260329E-6
3.865	  1.7539797E-6
3.875	  1.684824E-6
3.885	  1.6184474E-6
3.895	  1.554736E-6
3.905	  1.4935807E-6
3.915	  1.4348775E-6
3.925	  1.3785261E-6
3.935	  1.3244307E-6
3.945	  1.2724993E-6
3.955	  1.2226436E-6
3.965	  1.1747794E-6
3.975	  1.1288255E-6
3.985	  1.0847044E-6
3.995	  1.0423416E-6
4.005	  1.0016657E-6



DATASET #3

     Name: BPT Fit
   Points: 401
     Info: Mean = 100.0, Aperiodicity = 0.5, Duration = 30.0, Delta T = 1.0, Num Points = 500, Historic Open Interval = 0.0
Computed mean = 0.99603325

Data[x,y]:
0.0	  0.0
0.01	  0.0
0.02	  0.0
0.03	  0.0
0.04	  0.0
0.05	  1.5215E-41
0.06	  6.0019575E-34
0.07	  1.5196474E-28
0.08	  1.6474323E-24
0.09	  2.1924E-21
0.1	  6.734051E-19
0.11	  7.1318096E-17
0.12	  3.4024668E-15
0.13	  8.7975566E-14
0.14	  1.4067247E-12
0.15	  1.5322106E-11
0.16	  1.2222157E-10
0.17	  7.5462314E-10
0.18	  3.7647823E-9
0.19	  1.5700229E-8
0.2	  5.623418E-8
0.21	  1.7682498E-7
0.22	  4.969559E-7
0.23	  1.2669095E-6
0.24	  2.9660184E-6
0.25	  6.4430246E-6
0.26	  1.3100464E-5
0.27	  2.5118437E-5
0.28	  4.570587E-5
0.29	  7.936071E-5
0.3	  1.3211575E-4
0.31	  2.1174482E-4
0.32	  3.27905E-4
0.33	  4.9219467E-4
0.34	  7.1811303E-4
0.35	  0.0010209146
0.36	  0.0014173605
0.37	  0.0019253734
0.38	  0.0025636153
0.39	  0.0033510032
0.4	  0.0043061893
0.41	  0.0054470273
0.42	  0.0067900517
0.43	  0.008349985
0.44	  0.0101393
0.45	  0.012167842
0.46	  0.01444253
0.47	  0.016967144
0.48	  0.019742183
0.49	  0.02276483
0.5	  0.026028967
0.51	  0.029525297
0.52	  0.033241507
0.53	  0.03716249
0.54	  0.041270636
0.55	  0.045546122
0.56	  0.04996725
0.57	  0.054510817
0.58	  0.05915243
0.59	  0.063866906
0.6	  0.06862858
0.61	  0.07341166
0.62	  0.07819052
0.63	  0.08294
0.64	  0.08763565
0.65	  0.09225398
0.66	  0.09677265
0.67	  0.10117061
0.68	  0.10542829
0.69	  0.1095277
0.7	  0.11345247
0.71	  0.11718797
0.72	  0.12072129
0.73	  0.124041274
0.74	  0.12713851
0.75	  0.13000529
0.76	  0.13263556
0.77	  0.1350249
0.78	  0.13717043
0.79	  0.13907072
0.8	  0.1407257
0.81	  0.14213663
0.82	  0.14330591
0.83	  0.14423706
0.84	  0.14493461
0.85	  0.14540395
0.86	  0.1456513
0.87	  0.14568357
0.88	  0.14550826
0.89	  0.14513344
0.9	  0.14456758
0.91	  0.1438195
0.92	  0.1428983
0.93	  0.14181334
0.94	  0.14057404
0.95	  0.13918994
0.96	  0.13767058
0.97	  0.13602549
0.98	  0.13426411
0.99	  0.13239574
1.0	  0.13042958
1.01	  0.12837455
1.02	  0.1262394
1.03	  0.124032654
1.04	  0.121762514
1.05	  0.11943692
1.06	  0.11706352
1.07	  0.11464964
1.08	  0.11220228
1.09	  0.10972811
1.1	  0.10723349
1.11	  0.10472441
1.12	  0.102206565
1.13	  0.09968529
1.14	  0.097165614
1.15	  0.09465222
1.16	  0.0921495
1.17	  0.08966153
1.18	  0.087192066
1.19	  0.08474459
1.2	  0.082322285
1.21	  0.079928085
1.22	  0.07756465
1.23	  0.07523437
1.24	  0.07293942
1.25	  0.07068172
1.26	  0.068463
1.27	  0.06628475
1.28	  0.06414829
1.29	  0.06205473
1.3	  0.060005013
1.31	  0.05799992
1.32	  0.056040067
1.33	  0.05412594
1.34	  0.05225787
1.35	  0.050436072
1.36	  0.048660643
1.37	  0.04693157
1.38	  0.045248732
1.39	  0.043611933
1.4	  0.042020872
1.41	  0.040475182
1.42	  0.038974423
1.43	  0.037518088
1.44	  0.03610562
1.45	  0.034736402
1.46	  0.033409774
1.47	  0.032125033
1.48	  0.030881448
1.49	  0.029678246
1.5	  0.028514631
1.51	  0.027389789
1.52	  0.026302882
1.53	  0.025253057
1.54	  0.02423945
1.55	  0.02326119
1.56	  0.022317395
1.57	  0.021407185
1.58	  0.020529674
1.59	  0.019683981
1.6	  0.018869225
1.61	  0.018084534
1.62	  0.017329035
1.63	  0.016601874
1.64	  0.015902197
1.65	  0.015229166
1.66	  0.014581952
1.67	  0.013959741
1.68	  0.013361731
1.69	  0.012787134
1.7	  0.01223518
1.71	  0.011705111
1.72	  0.011196187
1.73	  0.010707682
1.74	  0.0102388915
1.75	  0.009789123
1.76	  0.009357703
1.77	  0.008943975
1.78	  0.0085473005
1.79	  0.008167057
1.8	  0.007802641
1.81	  0.0074534635
1.82	  0.007118955
1.83	  0.0067985607
1.84	  0.006491744
1.85	  0.0061979853
1.86	  0.0059167794
1.87	  0.0056476383
1.88	  0.0053900904
1.89	  0.0051436774
1.9	  0.0049079587
1.91	  0.004682507
1.92	  0.0044669094
1.93	  0.0042607686
1.94	  0.0040637003
1.95	  0.0038753338
1.96	  0.0036953117
1.97	  0.0035232895
1.98	  0.003358935
1.99	  0.0032019292
2.0	  0.0030519636
2.01	  0.0029087423
2.02	  0.00277198
2.03	  0.0026414022
2.04	  0.0025167456
2.05	  0.0023977563
2.06	  0.0022841909
2.07	  0.002175815
2.08	  0.002072404
2.09	  0.0019737417
2.1	  0.0018796208
2.11	  0.0017898426
2.12	  0.001704216
2.13	  0.001622558
2.14	  0.0015446927
2.15	  0.0014704518
2.16	  0.0013996741
2.17	  0.0013322046
2.18	  0.001267895
2.19	  0.0012066035
2.2	  0.001148194
2.21	  0.001092536
2.22	  0.001039505
2.23	  9.889816E-4
2.24	  9.4085146E-4
2.25	  8.9500524E-4
2.26	  8.513384E-4
2.27	  8.097508E-4
2.28	  7.701468E-4
2.29	  7.324348E-4
2.3	  6.9652736E-4
2.31	  6.623409E-4
2.32	  6.297954E-4
2.33	  5.988146E-4
2.34	  5.693253E-4
2.35	  5.4125796E-4
2.36	  5.145459E-4
2.37	  4.891255E-4
2.38	  4.6493605E-4
2.39	  4.4191952E-4
2.4	  4.2002057E-4
2.41	  3.991863E-4
2.42	  3.7936633E-4
2.43	  3.6051247E-4
2.44	  3.4257877E-4
2.45	  3.2552145E-4
2.46	  3.0929866E-4
2.47	  2.9387054E-4
2.48	  2.7919907E-4
2.49	  2.6524792E-4
2.5	  2.5198254E-4
2.51	  2.3936995E-4
2.52	  2.273787E-4
2.53	  2.1597883E-4
2.54	  2.0514177E-4
2.55	  1.9484028E-4
2.56	  1.8504844E-4
2.57	  1.7574153E-4
2.58	  1.6689597E-4
2.59	  1.5848935E-4
2.6	  1.5050027E-4
2.61	  1.4290838E-4
2.62	  1.3569428E-4
2.63	  1.2883953E-4
2.64	  1.223265E-4
2.65	  1.1613847E-4
2.66	  1.1025949E-4
2.67	  1.0467438E-4
2.68	  9.936869E-5
2.69	  9.4328665E-5
2.7	  8.954121E-5
2.71	  8.499386E-5
2.72	  8.067476E-5
2.73	  7.6572636E-5
2.74	  7.267673E-5
2.75	  6.897684E-5
2.76	  6.546324E-5
2.77	  6.212668E-5
2.78	  5.8958372E-5
2.79	  5.594994E-5
2.8	  5.3093427E-5
2.81	  5.0381263E-5
2.82	  4.7806247E-5
2.83	  4.5361536E-5
2.84	  4.3040614E-5
2.85	  4.08373E-5
2.86	  3.8745704E-5
2.87	  3.6760226E-5
2.88	  3.4875553E-5
2.89	  3.308662E-5
2.9	  3.1388623E-5
2.91	  2.9776995E-5
2.92	  2.824739E-5
2.93	  2.6795678E-5
2.94	  2.5417938E-5
2.95	  2.411044E-5
2.96	  2.2869643E-5
2.97	  2.1692178E-5
2.98	  2.0574846E-5
2.99	  1.9514606E-5
3.0	  1.8508572E-5
3.01	  1.7554E-5
3.02	  1.6648282E-5
3.03	  1.5788944E-5
3.04	  1.4973631E-5
3.05	  1.4200109E-5
3.06	  1.3466256E-5
3.07	  1.2770056E-5
3.08	  1.2109595E-5
3.09	  1.1483055E-5
3.1	  1.0888706E-5
3.11	  1.0324912E-5
3.12	  9.790114E-6
3.13	  9.282832E-6
3.14	  8.801664E-6
3.15	  8.345276E-6
3.16	  7.912401E-6
3.17	  7.5018384E-6
3.18	  7.112447E-6
3.19	  6.7431424E-6
3.2	  6.392898E-6
3.21	  6.0607363E-6
3.22	  5.745731E-6
3.23	  5.4470024E-6
3.24	  5.1637157E-6
3.25	  4.895078E-6
3.26	  4.6403375E-6
3.27	  4.3987798E-6
3.28	  4.1697276E-6
3.29	  3.9525385E-6
3.3	  3.7466011E-6
3.31	  3.551337E-6
3.32	  3.3661963E-6
3.33	  3.1906577E-6
3.34	  3.0242265E-6
3.35	  2.8664329E-6
3.36	  2.7168317E-6
3.37	  2.5749996E-6
3.38	  2.440536E-6
3.39	  2.3130603E-6
3.4	  2.1922115E-6
3.41	  2.077647E-6
3.42	  1.969042E-6
3.43	  1.866088E-6
3.44	  1.768493E-6
3.45	  1.6759792E-6
3.46	  1.5882838E-6
3.47	  1.505157E-6
3.48	  1.4263621E-6
3.49	  1.3516745E-6
3.5	  1.2808814E-6
3.51	  1.2137806E-6
3.52	  1.1501805E-6
3.53	  1.0898996E-6
3.54	  1.0327651E-6
3.55	  9.78614E-7
3.56	  9.27291E-7
3.57	  8.786492E-7
3.58	  8.3254923E-7
3.59	  7.888588E-7
3.6	  7.474526E-7
3.61	  7.082117E-7
3.62	  6.710234E-7
3.63	  6.357808E-7
3.64	  6.023826E-7
3.65	  5.7073265E-7
3.66	  5.407398E-7
3.67	  5.123177E-7
3.68	  4.853844E-7
3.69	  4.5986226E-7
3.7	  4.3567766E-7
3.71	  4.1276076E-7
3.72	  3.9104535E-7
3.73	  3.704687E-7
3.74	  3.509714E-7
3.75	  3.3249694E-7
3.76	  3.1499192E-7
3.77	  2.9840567E-7
3.78	  2.826901E-7
3.79	  2.6779975E-7
3.8	  2.5369135E-7
3.81	  2.4032406E-7
3.82	  2.2765906E-7
3.83	  2.1565958E-7
3.84	  2.0429077E-7
3.85	  1.935196E-7
3.86	  1.8331475E-7
3.87	  1.7364655E-7
3.88	  1.6448689E-7
3.89	  1.5580908E-7
3.9	  1.4758787E-7
3.91	  1.3979931E-7
3.92	  1.324207E-7
3.93	  1.2543053E-7
3.94	  1.1880841E-7
3.95	  1.12535034E-7
3.96	  1.0659208E-7
3.97	  1.00962204E-7
3.98	  9.5628955E-8
3.99	  9.057675E-8
4.0	  8.579082E-8


