
X-Axis: Normalized Distance Along Strike
Y-Axis: Hypocenter Density
Number of Data Sets: 4


DATASET #1

     Name: 
   Points: 31
     Info: 

Data[x,y]:
0.05	  0.03034445
0.15	  0.0215965
0.25	  0.026517222
0.35	  0.028977584
0.45	  0.03663204
0.55	  0.03745216
0.65	  0.04209951
0.75	  0.03963915
0.85	  0.049753964
0.95	  0.06533625
1.05	  0.027610715
1.15	  0.028430836
1.25	  0.025970476
1.35	  0.019682886
1.45	  0.01995626
1.55	  0.01995626
1.65	  0.019682886
1.75	  0.025970476
1.85	  0.028430836
1.95	  0.027610715
2.05	  0.06533625
2.15	  0.049753964
2.25	  0.03963915
2.35	  0.04209951
2.45	  0.03745216
2.55	  0.03663204
2.65	  0.028977584
2.75	  0.026517222
2.85	  0.0215965
2.95	  0.03034445
3.05	  0.0



DATASET #2

     Name: 
   Points: 31
     Info: 

Data[x,y]:
0.05	  0.0
0.15	  0.0
0.25	  0.0
0.35	  0.0
0.45	  0.0
0.55	  0.0
0.65	  0.0
0.75	  0.0
0.85	  0.0
0.95	  0.0
1.05	  8.201203E-4
1.15	  0.001913614
1.25	  0.0043739746
1.35	  0.0016402405
1.45	  0.0021869873
1.55	  0.0021869873
1.65	  0.0016402405
1.75	  0.0043739746
1.85	  0.001913614
1.95	  8.201203E-4
2.05	  0.0
2.15	  0.0
2.25	  0.0
2.35	  0.0
2.45	  0.0
2.55	  0.0
2.65	  0.0
2.75	  0.0
2.85	  0.0
2.95	  0.0
3.05	  0.0



DATASET #3

Name: 
Num Points: 4
Info: 

X, Y Data:
0.021	  9.147075E-4
0.021	  0.09055604
2.979	  0.09055604
2.979	  9.147075E-4



DATASET #4

Name: 
Num Points: 4
Info: 

X, Y Data:
1.0	  9.147075E-4
1.0	  0.08140897
2.0	  0.08140897
2.0	  9.147075E-4


