
X-Axis: Time (years)
Y-Axis: Cumulative Probability
Number of Data Sets: 5


DATASET #1

Name: Catalog
Num Points: 548
Info: 

X, Y Data:
4.464151E-6	1.0
3.5459918E-5	1.0
4.0412895E-5	1.0
0.40126023	1.0
0.5951522	0.99998015
0.6979298	0.9999507
0.7482576	0.9999162
0.7846608	0.9998792
0.8245981	0.9998403
0.83798873	0.99979955
0.8614985	0.9997581
0.95119786	0.9997155
1.1259611	0.9996684
1.2365125	0.99961275
1.252132	0.99955153
1.5074959	0.9994896
1.5530742	0.99941504
1.6564461	0.9993382
1.7133235	0.99925625
1.7253717	0.9991715
1.7446082	0.99908614
1.982947	0.99899983
2.1020544	0.9989018
2.2648659	0.9987978
2.3130956	0.9986857
2.4038484	0.9985713
2.4976265	0.99845237
2.6235847	0.9983288
2.6559718	0.99819905
2.7201624	0.9980677
2.7425869	0.9979331
2.7678182	0.9977974
2.7735848	0.9976605
2.9464915	0.9975233
3.2097619	0.9973775
3.241255	0.9972187
3.2423024	0.9970584
3.2989786	0.996898
3.3437057	0.9967348
3.4278142	0.9965694
3.4468927	0.9963998
3.6966496	0.9962293
3.7172732	0.9960464
3.7394898	0.99586254
3.8496797	0.99567753
3.86628	0.9954871
3.903429	0.9952958
4.038182	0.99510276
4.082056	0.99490297
4.1140304	0.994701
4.234416	0.99449754
4.394253	0.9942881
4.603892	0.99407065
4.6159196	0.9938429
4.655257	0.99361455
4.7113585	0.9933843
4.846052	0.99315125
4.8777	0.9929115
4.9310274	0.9926702
5.0070224	0.9924263
5.129043	0.99217856
5.161987	0.9919248
5.291317	0.9916695
5.368858	0.9914077
5.426769	0.9911421
5.6193233	0.99087363
5.6650367	0.9905957
5.723059	0.99031544
5.750813	0.9900323
5.8300056	0.9897478
5.981936	0.9894594
6.031265	0.9891635
6.252239	0.98886514
6.673097	0.98855585
6.6865306	0.98822576
6.728185	0.98789495
6.8664894	0.9875621
6.8958573	0.98722243
6.900883	0.9868813
6.9027925	0.9865399
6.902816	0.9861984
6.9628305	0.98585695
7.022926	0.9855125
7.031466	0.9851651
7.0750337	0.98481727
7.0927033	0.98446727
7.148454	0.9841164
7.158144	0.98376274
7.232805	0.98340863
7.3714175	0.9830508
7.4080462	0.98268616
7.5062346	0.9823197
7.8871927	0.9819484
8.036668	0.9815582
8.363323	0.98116064
8.576386	0.9807469
8.724742	0.98032266
8.745393	0.97989106
8.847831	0.9794584
8.919085	0.9790207
8.964759	0.9785795
9.076028	0.978136
9.177192	0.97768706
9.223478	0.97723305
9.32365	0.9767768
9.497359	0.97631556
9.763956	0.9758457
9.805209	0.9753627
9.811896	0.97487766
9.814678	0.97439224
9.816645	0.9739067
9.895339	0.9734211
10.172922	0.97293156
10.185515	0.9724283
10.275015	0.9719245
10.294507	0.9714162
10.326772	0.9709069
10.32727	0.97039604
10.328132	0.9698852
10.440124	0.96937424
10.451263	0.96885777
10.460787	0.96834075
10.482831	0.96782327
10.496778	0.9673047
11.097472	0.96678543
11.22938	0.9662364
11.263616	0.9656809
11.475351	0.9651237
11.482136	0.96455604
11.553527	0.963988
11.556194	0.9634165
11.657413	0.9628448
11.76983	0.9622681
12.128753	0.9616859
12.261044	0.96108586
12.363855	0.9604793
12.553433	0.9598677
12.569804	0.9592467
12.648063	0.9586249
12.805999	0.95799917
12.827774	0.9573657
12.874762	0.9567311
13.272484	0.9560942
13.291012	0.9554376
13.32703	0.9547801
13.34754	0.9541208
13.447485	0.9534605
13.460853	0.9527953
13.527876	0.9521294
13.67916	0.9514602
13.792034	0.9507835
13.915011	0.9501012
13.948362	0.9494128
13.974476	0.94872284
14.028761	0.94803154
14.109893	0.9473375
14.213878	0.94663954
14.231786	0.9459364
14.360553	0.94523233
14.429758	0.9445219
14.5693	0.9438081
14.722216	0.94308734
14.745301	0.9423591
14.973544	0.94162965
14.975334	0.9408889
15.298602	0.94014806
15.473667	0.93939126
15.534891	0.9386258
15.6941185	0.9378573
15.786006	0.9370809
15.820943	0.9363
16.13296	0.9355174
16.133724	0.93471926
16.216421	0.93392116
16.289383	0.93311894
16.552717	0.9323131
16.556328	0.93149424
16.669483	0.9306752
16.688671	0.9298506
17.278877	0.929025
17.325119	0.9281702
17.36487	0.92731315
17.38164	0.9264541
17.382936	0.9255943
17.454735	0.92473435
17.494455	0.92387086
17.50854	0.92300546
17.579983	0.9221393
17.737522	0.92126966
17.789652	0.92039216
18.029774	0.91951215
18.144484	0.9186202
18.209799	0.91772264
18.560457	0.9168218
18.631336	0.9159036
18.819807	0.91498196
18.90765	0.91405094
18.942793	0.9131156
19.18075	0.9121785
19.246758	0.91122967
19.440073	0.91027755
19.44699	0.9093158
19.464281	0.9083538
19.475052	0.90739095
19.56128	0.9064275
19.751472	0.9054598
19.807444	0.9044827
20.226202	0.9035029
20.34714	0.9025023
20.499979	0.90149575
20.537397	0.90048164
20.54193	0.8994657
20.715311	0.8984495
21.03906	0.8974247
21.186634	0.8963839
21.244968	0.8953358
21.259235	0.89428484
21.286148	0.8932332
21.38749	0.89218014
21.572952	0.8911221
21.878136	0.89005494
21.93874	0.88897264
22.148539	0.88788736
22.225945	0.88679165
22.376707	0.8856922
22.794651	0.8845852
22.927662	0.88345754
23.128616	0.8823233
23.136703	0.8811792
23.36612	0.8800346
23.58037	0.8788787
23.593756	0.87771225
23.645933	0.8765451
23.68255	0.87537533
24.055365	0.87420374
24.370935	0.87301373
24.532925	0.8718081
24.698395	0.8705945
24.92292	0.86937267
24.94109	0.86813974
24.96375	0.8669059
25.257753	0.86567104
25.336792	0.86442155
25.487585	0.8631681
25.647026	0.8619073
25.733198	0.86063856
25.847317	0.8593655
25.879587	0.8580869
25.918371	0.85680664
26.139557	0.8555245
26.245768	0.85423136
26.328093	0.852933
26.354872	0.85163057
26.781586	0.85032684
26.92638	0.84900194
26.959085	0.84766996
27.016693	0.8463363
27.106663	0.8449998
27.251102	0.84365886
27.388329	0.8423107
27.568321	0.84095585
27.635712	0.8395921
27.921568	0.83822495
28.094767	0.8368437
28.115763	0.83545387
28.119617	0.834063
28.368788	0.83267194
28.455826	0.83126855
28.491817	0.82986087
28.558855	0.8284514
28.811634	0.8270386
28.931662	0.8256133
29.17548	0.8241821
29.285135	0.8227388
29.569181	0.8212901
29.572542	0.8198273
29.7007	0.8183644
29.715961	0.8168951
29.919712	0.8154251
30.102898	0.813945
30.17825	0.81245583
30.250916	0.8109629
30.348951	0.8094664
30.424171	0.8079651
30.477566	0.80646
30.875465	0.8049523
31.057583	0.80342495
31.111038	0.8018885
31.283361	0.8003495
31.335604	0.7988019
31.629206	0.79725176
31.685703	0.7956871
31.817738	0.7941196
31.994108	0.7925456
32.004215	0.7909629
32.182804	0.78937966
32.2046	0.7877876
32.322662	0.78619444
32.540684	0.7845955
32.555805	0.78298575
32.73914	0.7813752
33.05892	0.77975565
33.224598	0.7781202
33.34008	0.7764766
33.557575	0.7748273
33.925713	0.77316725
34.07774	0.77148896
34.54736	0.76980317
35.222553	0.7680941
35.287476	0.7663517
35.299946	0.76460606
35.425266	0.76285976
35.590374	0.7611073
36.264385	0.75934666
36.282978	0.75755274
36.30067	0.7557578
36.397717	0.75396204
36.416744	0.7521615
36.761818	0.75035995
36.821117	0.7485414
36.95578	0.7467199
37.481888	0.7448917
37.884712	0.7430375
38.175365	0.7411634
38.17816	0.73927486
38.228306	0.7373862
38.41069	0.7354951
38.68285	0.73359495
38.909832	0.73168135
39.591877	0.7297565
39.637753	0.7277979
40.033867	0.72583705
40.24249	0.72385657
40.87386	0.72186583
40.902847	0.7198438
41.03257	0.7178204
41.191517	0.7157905
41.196026	0.7137528
41.24601	0.71171486
41.32771	0.7096745
41.406	0.70763004
41.67392	0.70558167
41.895157	0.7035201
41.9388	0.7014476
42.036358	0.6993729
42.37432	0.6972934
42.401165	0.69519717
42.517685	0.6930996
42.54997	0.6909963
42.551003	0.68889135
42.892918	0.6867864
42.902737	0.68466455
43.201237	0.68254215
43.220062	0.680405
43.25413	0.67826694
43.34077	0.6761272
43.44485	0.67398316
43.447495	0.671834
43.583607	0.66968465
44.14442	0.6675286
44.339222	0.66534483
44.411457	0.6631514
44.462093	0.66095436
44.672207	0.6587549
44.972393	0.656545
45.24068	0.65432024
45.25244	0.6520822
45.62161	0.6498436
45.62682	0.6475867
45.71326	0.6453296
45.760864	0.6430682
46.038803	0.6408044
46.07383	0.6385269
46.122894	0.6362477
46.2663	0.633966
46.413834	0.63167727
46.467762	0.6293812
47.198452	0.62708247
47.523853	0.6247476
47.54764	0.6223966
47.606117	0.62004447
47.925354	0.61768943
48.14774	0.6153186
48.502518	0.61293674
48.53072	0.61053735
48.980312	0.6081366
49.233	0.60571355
49.28671	0.60327804
49.512974	0.60083985
49.5625	0.5983905
49.576626	0.5959387
49.631943	0.59348613
49.649902	0.5910309
49.77123	0.58857477
49.913097	0.5861126
50.14287	0.58364344
50.365482	0.58116287
50.40888	0.57867134
50.514366	0.57617766
50.925953	0.57367873
51.474545	0.5711595
51.59294	0.56861305
52.06725	0.5660608
52.178085	0.5634851
52.18389	0.56090385
52.192535	0.55832237
52.502743	0.5557404
52.5279	0.55314314
52.814686	0.5505446
53.072918	0.5479319
54.092644	0.54530644
54.137096	0.5426305
54.14598	0.5399524
54.238976	0.5372738
54.42508	0.53459066
54.87086	0.5318983
54.971493	0.52918386
55.133923	0.52646446
55.152214	0.523737
55.19662	0.5210087
55.290115	0.5182782
55.328762	0.515543
55.40179	0.51280594
55.460003	0.51006526
55.608562	0.50732166
56.59056	0.5045707
56.875324	0.5017713
57.07033	0.49895766
57.154392	0.49613443
57.402756	0.49330705
57.566936	0.49046737
57.627697	0.48761958
57.910007	0.48476878
58.16291	0.481904
58.492435	0.47902673
59.269066	0.47613314
59.441914	0.47320116
59.82189	0.4702606
60.178932	0.46730125
60.817284	0.46432424
60.91383	0.46131566
60.92601	0.4583023
61.18436	0.45528832
61.729485	0.45226157
61.772808	0.44920787
62.006203	0.446152
62.08558	0.4430846
62.18466	0.44001326
62.2375	0.43693703
62.522915	0.4338582
62.80282	0.4307652
63.494022	0.4276584
63.567642	0.4245174
64.12215	0.42137277
64.85983	0.41820067
65.5252	0.41499212
65.93602	0.4117506
66.030914	0.4084888
66.25109	0.4052223
66.48206	0.4019449
67.61712	0.3986561
67.89734	0.39531112
68.273	0.39195228
69.09009	0.38857487
69.24632	0.38515702
70.15564	0.38173145
70.653885	0.3782609
71.083466	0.37476572
71.348145	0.37124926
72.208435	0.3677197
72.43358	0.36414763
72.62608	0.36056438
72.75615	0.35697162
73.20185	0.35337242
73.245224	0.34975117
73.39239	0.34612778
74.7092	0.3424971
74.867744	0.3388013
75.9183	0.33509764
75.96921	0.331342
76.313896	0.32758388
76.96667	0.3238087
77.503876	0.32000118
77.74308	0.31616715
77.77432	0.31232125
78.49004	0.3084738
78.555115	0.30459094
78.59909	0.3007049
81.22932	0.29681665
81.83975	0.29279828
82.125374	0.28874972
82.3659	0.28468704
82.61143	0.28061247
83.61575	0.27652574
84.016075	0.27238932
85.05794	0.2682331
86.17247	0.26402533
86.205894	0.25976244
88.100746	0.2554979
88.26461	0.2511396
88.290726	0.24677323
88.96491	0.24240555
90.22553	0.23800452
90.65819	0.23354113
91.44932	0.22905633
91.599335	0.2245324
92.099686	0.22000104
92.496414	0.21544492
92.63507	0.2108692
92.65435	0.20628661
92.8571	0.20170306
93.52502	0.19710948
93.75053	0.19248286
94.02875	0.1878451
94.96531	0.18319355
95.33431	0.17849569
96.2897	0.17377956
96.398705	0.16901618
96.48047	0.1642474
97.00226	0.15947458
99.02564	0.15467595
100.135666	0.14977722
100.776886	0.14482357
101.31221	0.1398382
102.919785	0.13482636
103.47617	0.129735
104.82953	0.1246161
105.19618	0.11943026
105.5972	0.114226274
106.37775	0.109002456
108.153175	0.10374002
108.60805	0.09838976
108.964645	0.093017
109.28466	0.08762659
109.78098	0.08222035
109.986626	0.076789565
110.279396	0.0713486
110.54183	0.06589316
110.62359	0.06042473
112.09722	0.054952256
119.322296	0.049406886
121.58355	0.043504097
122.07626	0.03748944
122.43687	0.031450413
122.53565	0.025393546
126.0266	0.019331792
128.4714	0.013097345
136.28558	0.0067419535



DATASET #2

     Name: Poisson
   Points: 100
     Info: 

Data[x,y]:
0.0	  1.0
2.2935803	  0.93971646
4.5871606	  0.883067
6.8807406	  0.8298326
9.174321	  0.7798074
11.467901	  0.73279786
13.761481	  0.68862224
16.055061	  0.6471096
18.348642	  0.6080996
20.642223	  0.5714412
22.935802	  0.53699267
25.229383	  0.50462085
27.522963	  0.47420055
29.816544	  0.44561407
32.110123	  0.41875088
34.403706	  0.3935071
36.697285	  0.3697851
38.990864	  0.34749314
41.284447	  0.32654503
43.578026	  0.30685973
45.871605	  0.28836116
48.165184	  0.27097774
50.458767	  0.25464222
52.752346	  0.2392915
55.045925	  0.22486617
57.339508	  0.21131043
59.633087	  0.19857189
61.926666	  0.18660128
64.220245	  0.17535229
66.513824	  0.16478144
68.80741	  0.15484783
71.10099	  0.14551306
73.39457	  0.13674101
75.68815	  0.12849778
77.98173	  0.120751485
80.27531	  0.11347216
82.56889	  0.10663166
84.86247	  0.10020352
87.15605	  0.094162904
89.44963	  0.08848643
91.74321	  0.08315215
94.03679	  0.07813945
96.33037	  0.07342893
98.623955	  0.069002375
100.917534	  0.06484266
103.21111	  0.06093372
105.50469	  0.05726042
107.79827	  0.053808562
110.09185	  0.050564792
112.38544	  0.047516566
114.679016	  0.0446521
116.972595	  0.041960314
119.266174	  0.039430797
121.55975	  0.03705377
123.85333	  0.03482004
126.14691	  0.032720964
128.44049	  0.030748429
130.73407	  0.028894804
133.02765	  0.027152924
135.32124	  0.02551605
137.61482	  0.023977851
139.9084	  0.022532381
142.20198	  0.02117405
144.49556	  0.019897604
146.78914	  0.018698106
149.08272	  0.017570918
151.3763	  0.01651168
153.66988	  0.015516299
155.96346	  0.014580921
158.25703	  0.013701932
160.55061	  0.012875931
162.8442	  0.012099724
165.13779	  0.011370311
167.43137	  0.010684868
169.72495	  0.010040746
172.01852	  0.009435454
174.3121	  0.008866652
176.60568	  0.008332139
178.89926	  0.007829849
181.19284	  0.007357837
183.48642	  0.006914281
185.78	  0.0064974637
188.07358	  0.0061057736
190.36716	  0.005737696
192.66074	  0.0053918073
194.95433	  0.00506677
197.24791	  0.0047613275
199.54149	  0.0044742976
201.83507	  0.0042045712
204.12865	  0.003951105
206.42223	  0.0037129184
208.7158	  0.0034890906
211.00938	  0.0032787558
213.30296	  0.0030811008
215.59654	  0.0028953613
217.89012	  0.0027208186
220.1837	  0.002556798
222.47728	  0.0024026653
224.77087	  0.0022578242
227.06445	  0.0021217144



DATASET #3

Name: Prob Filtered
Num Points: 1110
Info: 

X, Y Data:
4.464151E-6	1.0
3.5459918E-5	1.0
4.0412895E-5	1.0
0.40126023	1.0
0.5951522	0.9999855
0.6979298	0.9999599
0.7482576	0.9999254
0.7846608	0.9998917
0.8245981	0.99986064
0.83798873	0.99983495
0.8614985	0.9998047
0.95119786	0.9997625
1.1259611	0.9997173
1.2365125	0.99966496
1.252132	0.9996056
1.5074959	0.9995573
1.5530742	0.9994939
1.6564461	0.99942166
1.7133235	0.99934304
1.7253717	0.9992879
1.7446082	0.99920684
1.982947	0.9991361
1.9829515	0.9990821
2.1020544	0.9990576
2.2648659	0.99895567
2.3130956	0.99885035
2.3842072	0.99877256
2.3842118	0.9987584
2.4038484	0.9987525
2.4976265	0.9986419
2.6235847	0.9985554
2.6559718	0.9984516
2.7201624	0.9983675
2.7425869	0.9982343
2.7678182	0.9981366
2.7735848	0.9980284
2.9464915	0.99792415
3.2097619	0.99780315
3.241255	0.9976618
3.2423024	0.9975063
3.2989786	0.9974004
3.3437057	0.9972764
3.4278142	0.99712586
3.4468927	0.99696475
3.6966496	0.99681985
3.7172732	0.9966388
3.7394898	0.9964917
3.8496797	0.9963104
3.86628	0.99612373
3.903429	0.9959459
4.038182	0.99577016
4.082056	0.9955944
4.1140304	0.9954126
4.1986237	0.99524164
4.234416	0.99521047
4.394253	0.99506176
4.603892	0.9948792
4.6159196	0.9947311
4.655257	0.9945279
4.7113585	0.9943091
4.846052	0.994076
4.8777	0.993901
4.9310274	0.99370074
5.0070224	0.99347144
5.129043	0.99322623
5.161987	0.99297506
5.291317	0.9927503
5.368858	0.9925383
5.426769	0.992278
5.6193233	0.9920391
5.6650367	0.9917833
5.723059	0.99151707
5.750813	0.9913302
5.8300056	0.99105144
5.981936	0.99086106
6.031265	0.9906243
6.252239	0.99034685
6.3117037	0.99004686
6.673097	0.99003744
6.6865306	0.98972386
6.728185	0.98941624
6.8664894	0.98911667
6.8958573	0.98880756
6.900883	0.9885108
6.900919	0.9883059
6.9027925	0.9882684
6.902816	0.98800546
6.9628305	0.987722
7.022926	0.98749465
7.031466	0.9872549
7.0750337	0.98696625
7.0927033	0.98662674
7.148454	0.98630744
7.158144	0.98596793
7.232805	0.985759
7.3714175	0.98540837
7.4080462	0.9851531
7.4327264	0.9847976
7.5062346	0.9847645
7.8871927	0.9844155
8.036668	0.98410726
8.363323	0.98373353
8.576386	0.9833736
8.676154	0.98296624
8.724742	0.9828332
8.745393	0.9825224
8.847831	0.98214173
8.919085	0.9817303
8.964759	0.98143905
9.076028	0.9810089
9.177192	0.9806003
9.213979	0.980169
9.214014	0.98005503
9.223478	0.9800505
9.32365	0.9797904
9.415673	0.97939837
9.497359	0.9793937
9.763956	0.978938
9.805209	0.97852737
9.811896	0.97807145
9.814678	0.9777268
9.816645	0.97732866
9.895339	0.976911
10.172922	0.97648025
10.185515	0.97601724
10.275015	0.9755134
10.294507	0.97518295
10.301758	0.9746992
10.326772	0.9746941
10.32727	0.97420365
10.328132	0.9737796
10.440124	0.9732993
10.451263	0.97286546
10.460787	0.97246736
10.482831	0.97197056
10.496778	0.9715298
10.520517	0.9710209
11.097472	0.9710001
11.22938	0.9705664
11.245725	0.9700275
11.263616	0.9700164
11.475351	0.96950376
11.482136	0.9692199
11.553527	0.9687201
11.556194	0.9682285
11.561253	0.9676854
11.657413	0.96760535
11.76983	0.96704596
12.128753	0.96647537
12.261044	0.96589935
12.363855	0.9653534
12.553433	0.9647479
12.569804	0.9642387
12.648063	0.9636355
12.805999	0.96310365
12.827774	0.96263486
12.874762	0.96201295
13.118729	0.96158624
13.272484	0.96157974
13.291012	0.9611267
13.32703	0.9604955
13.34754	0.9600538
13.447485	0.95939344
13.460853	0.95874155
13.527876	0.95816886
13.537031	0.95757324
13.67916	0.95753974
13.792034	0.9568901
13.915011	0.9563443
13.948362	0.9556972
13.974476	0.9550969
14.028761	0.95450234
14.109893	0.953968
14.213878	0.9535422
14.231786	0.95290935
14.360553	0.95223343
14.429758	0.9516225
14.5693	0.95098
14.722216	0.9502737
14.745301	0.94974935
14.956391	0.9490418
14.973544	0.94902694
14.975334	0.9483677
15.028862	0.94778985
15.298602	0.9477824
15.473667	0.9471845
15.534891	0.9464803
15.6941185	0.94577324
15.786006	0.9450512
15.820943	0.9442937
16.039793	0.94357365
16.099504	0.9435578
16.13296	0.9435259
16.133724	0.9427757
16.216421	0.9423447
16.289383	0.9415666
16.450487	0.9407768
16.552717	0.9407362
16.556328	0.9399419
16.669483	0.9391556
16.688671	0.93842167
17.278877	0.9377199
17.325119	0.93697625
17.36487	0.9362477
17.38164	0.93539727
17.382936	0.9345546
17.442379	0.93372047
17.454735	0.9337118
17.494455	0.93287426
17.50854	0.9320348
17.579983	0.93152374
17.70187	0.93066275
17.737522	0.9305226
17.789652	0.92967147
18.029774	0.9288002
18.064745	0.9281313
18.144484	0.9280687
18.209799	0.9275122
18.560457	0.9266654
18.631336	0.9257564
18.817373	0.9249822
18.819807	0.92492634
18.90765	0.924014
18.942793	0.9231347
19.18075	0.92246
19.246758	0.92156804
19.440073	0.9209587
19.44699	0.92021817
19.464281	0.9193427
19.475052	0.918582
19.56128	0.91765714
19.751472	0.9167959
19.807444	0.9160142
20.226202	0.9150441
20.34714	0.91408354
20.499979	0.9132078
20.537397	0.91245735
20.54193	0.91150236
20.552221	0.91053694
20.715311	0.9102726
20.757845	0.9093298
21.021662	0.90927845
21.03906	0.90910167
21.186634	0.90835226
21.244968	0.9074928
21.25641	0.9065259
21.259235	0.90638924
21.28294	0.905632
21.286148	0.90562147
21.38749	0.9046211
21.436537	0.9036371
21.572952	0.9035629
21.878136	0.9026131
21.8789	0.9015741
21.93874	0.90153074
22.003586	0.90054315
22.148539	0.90053225
22.225945	0.89963377
22.376707	0.89861125
22.620676	0.8975153
22.693756	0.89750415
22.794651	0.8974143
22.927662	0.8965235
23.025589	0.8954233
23.075933	0.8952524
23.128616	0.8952296
23.136703	0.89409685
23.358133	0.89321554
23.36612	0.8931924
23.547499	0.8920596
23.558714	0.89173347
23.58037	0.8916169
23.593756	0.89068365
23.645933	0.8895865
23.68255	0.8886624
24.055365	0.8878423
24.118807	0.8866999
24.365032	0.8866522
24.370935	0.8864232
24.532925	0.885326
24.698395	0.88419735
24.753492	0.8830244
24.92292	0.8829387
24.94109	0.88171804
24.96375	0.8805336
25.006563	0.87943447
25.257753	0.879385
25.336792	0.8785853
25.487585	0.87739456
25.568235	0.8761589
25.647026	0.87590593
25.733198	0.8746752
25.847317	0.873695
25.879587	0.8724803
25.918371	0.87126404
26.139557	0.87000746
26.23552	0.8689471
26.245768	0.86884326
26.308	0.8677267
26.328093	0.8677137
26.354872	0.86647636
26.41375	0.8653942
26.738497	0.86513287
26.75017	0.8651064
26.781586	0.8650932
26.864292	0.8638478
26.92638	0.86374146
26.959085	0.862516
27.016693	0.861289
27.106663	0.86008614
27.215027	0.8589195
27.251102	0.85889256
27.30635	0.8576928
27.30651	0.85767925
27.388329	0.8576252
27.568321	0.85631096
27.635712	0.85520625
27.700073	0.8540442
27.921568	0.8540168
28.094767	0.85275984
28.115763	0.851509
28.119617	0.8504797
28.261711	0.849186
28.286442	0.84915805
28.368788	0.8488502
28.376348	0.8474468
28.455826	0.84740466
28.491817	0.84601104
28.558855	0.8447002
28.660957	0.8433863
28.811634	0.8433721
28.869352	0.8420038
28.931662	0.84181815
28.93452	0.84042984
29.17548	0.84041554
29.285135	0.83924645
29.569181	0.8379281
29.572542	0.83652383
29.7007	0.83520716
29.715961	0.8337967
29.861048	0.8326647
29.919712	0.83264995
30.102898	0.8312882
30.17825	0.8300522
30.250916	0.8288877
30.348951	0.8276456
30.424171	0.8264295
30.477566	0.825105
30.564682	0.8237029
30.875465	0.82362723
31.057583	0.82268023
31.073795	0.82168156
31.111038	0.82165086
31.17516	0.82015795
31.196527	0.8201425
31.283361	0.82012707
31.335604	0.81867236
31.629206	0.8172772
31.685703	0.8157438
31.817738	0.8143017
31.994108	0.81310546
32.004215	0.811586
32.03769	0.81066775
32.182804	0.8106202
32.2046	0.8093465
32.254375	0.8082632
32.321278	0.8077047
32.322662	0.8076887
32.35895	0.8062176
32.540684	0.80620164
32.54242	0.8047206
32.555805	0.8046401
32.600525	0.80319065
32.69603	0.8029487
32.73914	0.80293256
32.79131	0.8014425
32.874264	0.801183
33.05892	0.80115044
33.224598	0.8000056
33.28046	0.79850996
33.305977	0.798477
33.34008	0.7980816
33.46285	0.7964487
33.53841	0.7964322
33.557575	0.79641557
33.713554	0.7947887
33.8651	0.7942383
33.925713	0.79420483
34.03033	0.79279506
34.07774	0.7927782
34.12474	0.79119354
34.40935	0.7911766
34.506226	0.79115963
34.54736	0.79100597
34.605812	0.789502
34.725143	0.7894849
34.946247	0.7894677
35.100266	0.789364
35.222553	0.7893119
35.235363	0.78762174
35.287476	0.7875694
35.299946	0.785911
35.37972	0.78433937
35.425266	0.78428686
35.585884	0.7825694
35.590374	0.7825166
35.82545	0.78075594
35.846424	0.78073823
35.940575	0.78070277
36.25459	0.7804183
36.264385	0.7803466
36.282978	0.7788575
36.30067	0.7775293
36.397717	0.7757335
36.416744	0.77398694
36.74743	0.7725457
36.761818	0.7724366
36.821037	0.7706544
36.821117	0.77058154
36.95578	0.7688146
37.481888	0.7670047
37.849113	0.7657067
37.879856	0.7656506
37.884712	0.7656131
38.16013	0.7641325
38.175365	0.76409477
38.17816	0.7623384
38.228306	0.7606197
38.41069	0.75906897
38.559742	0.7573208
38.68285	0.75730175
38.909832	0.75573254
39.581955	0.75394243
39.591877	0.75355077
39.637753	0.7518664
39.63779	0.74998397
39.939087	0.74992514
40.033867	0.7498856
40.033905	0.7484002
40.24249	0.7482022
40.480324	0.74676883
40.49137	0.7467488
40.87386	0.7467288
40.902847	0.7454953
41.03257	0.74363375
41.191517	0.7417256
41.196026	0.73983055
41.24601	0.73809826
41.32771	0.7366496
41.406	0.7346255
41.497997	0.73274106
41.631836	0.73261786
41.67392	0.7325973
41.747295	0.7313397
41.895157	0.7312364
41.9388	0.72949547
42.036358	0.7276697
42.37432	0.72588134
42.401165	0.7239528
42.517685	0.722023
42.54997	0.7200038
42.551003	0.7186987
42.79064	0.7168042
42.841667	0.7167619
42.892918	0.71674067
42.902737	0.7146612
42.902775	0.71279347
42.959072	0.7127298
43.201237	0.7126023
43.220062	0.71106356
43.25413	0.7091179
43.257725	0.70729905
43.34077	0.70727766
43.44485	0.70526224
43.447495	0.7031775
43.583607	0.70107114
43.59232	0.6991738
43.930077	0.69913065
44.14442	0.6990872
44.310513	0.69696885
44.331863	0.696947
44.339222	0.6968373
44.411457	0.69481933
44.462093	0.69314957
44.517544	0.6914999
44.672207	0.6914118
44.853306	0.68944496
44.972393	0.6888237
45.070324	0.6867101
45.10608	0.68664324
45.24068	0.68653166
45.24555	0.6844727
45.25244	0.6844055
45.62161	0.68223405
45.62682	0.68011254
45.71326	0.67796826
45.760864	0.6766566
46.038803	0.67480034
46.07383	0.67261386
46.107132	0.670403
46.122894	0.6703802
46.25918	0.6684407
46.2663	0.668395
46.413834	0.6664724
46.467762	0.6642451
46.538673	0.6622912
46.577972	0.66226816
46.609455	0.6620608
46.622364	0.66157657
46.787064	0.6615535
47.058556	0.6614841
47.198452	0.6611116
47.277275	0.6598274
47.319794	0.6597339
47.523853	0.6593125
47.54764	0.6571966
47.606117	0.65543246
47.730476	0.65331286
47.925354	0.65324205
47.97777	0.65087116
48.14774	0.6506576
48.502518	0.6484186
48.53072	0.6460672
48.696842	0.64369035
48.838673	0.6429918
48.980312	0.64294344
49.02088	0.64068997
49.048626	0.64066577
49.233	0.64064145
49.28671	0.6384738
49.325775	0.63613313
49.4931	0.6357427
49.512974	0.6356203
49.5625	0.6337832
49.576626	0.63150305
49.631943	0.6291976
49.649902	0.6277244
49.77123	0.6253665
49.913097	0.6229043
50.14287	0.6205833
50.365482	0.61825156
50.40888	0.61588454
50.514366	0.6146377
50.593304	0.61233866
50.637817	0.6122886
50.73035	0.6121383
50.783596	0.612063
50.847004	0.6119625
50.925953	0.6118619
51.23937	0.6094685
51.39208	0.6094432
51.474545	0.60896015
51.59294	0.6069994
51.703243	0.6047534
52.06725	0.60472775
52.12957	0.6022808
52.178085	0.60199714
52.18389	0.5996998
52.192535	0.59719574
52.502743	0.59487194
52.5279	0.59258634
52.63928	0.59048146
52.66368	0.5904294
52.702454	0.5899865
52.814686	0.58993435
53.072918	0.5875829
53.155403	0.5851412
53.314953	0.585036
53.542797	0.5845348
54.092644	0.58450836
54.126152	0.58201975
54.137096	0.5816984
54.14598	0.5791006
54.238976	0.5767434
54.31816	0.57502615
54.42508	0.57430065
54.632343	0.5717967
54.87086	0.571067
54.971493	0.5690854
55.007046	0.5667467
55.029995	0.56661063
55.133923	0.5665834
55.152214	0.5639923
55.19662	0.56172776
55.290115	0.55927026
55.328762	0.55782056
55.40179	0.55530244
55.460003	0.5531099
55.608562	0.5506955
55.676353	0.54802704
55.85552	0.54780674
56.081905	0.5473646
56.224552	0.5473091
56.376213	0.5472813
56.450165	0.54691875
56.553738	0.54658365
56.59056	0.54641575
56.623672	0.5437002
56.74578	0.54353213
56.875324	0.543476
57.007584	0.5408312
57.07033	0.54032356
57.154392	0.537585
57.348797	0.53489894
57.402756	0.53470033
57.43394	0.53285456
57.566936	0.5325988
57.627697	0.5299218
57.827072	0.52712804
57.876278	0.5270708
57.910007	0.52687037
58.05943	0.52412015
58.16291	0.52406275
58.492435	0.5215595
58.56464	0.51869476
58.936806	0.51843405
59.269066	0.5182591
59.311264	0.5157962
59.404892	0.5155908
59.441914	0.5155614
59.581593	0.5130913
59.602108	0.5130324
59.753956	0.5130029
59.82189	0.5129733
59.8896	0.5103986
60.05928	0.510369
60.099163	0.5103393
60.178932	0.5101609
60.332817	0.5079579
60.56345	0.5078982
60.817284	0.50786823
60.84359	0.50519055
60.91383	0.50516045
60.92601	0.50250864
60.96159	0.49955493
61.116028	0.49952477
61.134792	0.49934337
61.18436	0.4992224
61.192017	0.4970431
61.639828	0.49701282
61.729485	0.49698234
61.772808	0.49392858
61.88745	0.4909949
61.948032	0.49090305
62.006203	0.4908724
62.06311	0.48795834
62.08558	0.4877434
62.097885	0.48485634
62.18466	0.4848256
62.2375	0.48362586
62.522915	0.48076248
62.619896	0.47785506
62.658855	0.4777931
62.760876	0.47760713
62.80282	0.4773277
62.817387	0.47440726
62.819427	0.47418973
62.87968	0.47403434
62.886986	0.4729767
63.134766	0.4729456
63.170593	0.4727582
63.407467	0.47260195
63.494022	0.47257057
63.567642	0.4696494
63.687313	0.46659905
63.812897	0.46656755
63.902164	0.466536
64.03201	0.46584052
64.12215	0.46580884
64.242294	0.46285877
64.36821	0.46282697
64.513596	0.46257222
64.85861	0.4613914
64.85983	0.4613593
64.95742	0.45908117
65.103836	0.45901692
65.422905	0.4589847
65.42696	0.45885524
65.5252	0.45824027
65.61923	0.45545256
65.65439	0.45538762
65.714325	0.45532268
65.93602	0.4543474
66.030914	0.4517379
66.04439	0.44860202
66.10852	0.44843867
66.159775	0.44804624
66.25109	0.44781712
66.31856	0.44496575
66.48206	0.44447362
66.52599	0.44174388
66.77154	0.44164515
66.77225	0.44157907
67.26809	0.44144693
67.55432	0.44141367
67.61712	0.44131342
67.718575	0.4381022
67.89734	0.4380687
68.05825	0.4352472
68.08212	0.43491054
68.14802	0.43484318
68.273	0.43480948
68.28367	0.43163466
68.31535	0.4315333
68.588936	0.4314995
68.96568	0.4314656
69.09009	0.4313291
69.24632	0.4280821
69.68087	0.42469075
69.794395	0.4245529
69.884384	0.42451835
70.15564	0.4244492
70.27752	0.42122155
70.34293	0.42010903
70.653885	0.42007422
70.70292	0.4173829
70.858185	0.41731292
70.98024	0.41727787
71.083466	0.41717252
71.086754	0.41372636
71.10919	0.4136912
71.24646	0.41362083
71.282715	0.41333887
71.30012	0.41316256
71.348145	0.4128804
71.939316	0.40959787
72.208435	0.40952668
72.43358	0.40616885
72.53205	0.40355307
72.55686	0.4035172
72.62608	0.4034454
72.75615	0.40046334
73.20185	0.39718804
73.245224	0.3937116
73.39239	0.3904505
74.18041	0.38816315
74.21698	0.38808975
74.41072	0.38695157
74.435844	0.38687795
74.7092	0.386657
74.767914	0.38410687
74.867744	0.38355204
74.873665	0.38014463
75.2841	0.3801076
75.28468	0.38007036
75.4182	0.3800331
75.64753	0.37980926
75.67483	0.3797344
75.9183	0.37950978
75.96921	0.376017
75.99573	0.37252188
76.229195	0.3722963
76.313896	0.37146667
76.325424	0.3687485
76.47576	0.368673
76.66799	0.36863515
76.96667	0.36764902
77.002426	0.36433646
77.14701	0.36429837
77.151886	0.36380222
77.18084	0.36277172
77.503784	0.362619
77.503876	0.36200553
77.70111	0.35920665
77.74308	0.35893756
77.77432	0.35528392
78.06844	0.35309085
78.17326	0.35289773
78.23192	0.352395
78.26939	0.3523176
78.4851	0.35224015
78.49004	0.352046
78.555115	0.34831843
78.58615	0.34482092
78.59909	0.34458765
78.64191	0.34093267
78.79601	0.34077704
79.18814	0.34069908
79.20436	0.34042487
79.24549	0.34038568
79.46845	0.3403465
79.54031	0.34018922
79.6932	0.34011054
80.293846	0.33884895
80.54969	0.33849147
80.650024	0.33825237
80.653275	0.3374943
81.085304	0.33741453
81.22932	0.3373343
81.29638	0.3335168
81.53068	0.33343637
81.78809	0.3329927
81.83975	0.33283085
81.99429	0.32943
82.125374	0.32918665
82.23247	0.32593644
82.34992	0.32589576
82.3659	0.32524395
82.370995	0.32198423
82.48678	0.32141376
82.530685	0.32096487
82.61143	0.32035246
82.74255	0.3170013
82.9355	0.31696036
82.93664	0.3165911
83.011	0.31655008
83.104004	0.31634477
83.25033	0.31630364
83.573006	0.31597418
83.61575	0.31589147
83.90158	0.31192046
84.016075	0.31175444
84.02942	0.3082216
84.05463	0.30813846
84.081726	0.3080969
84.14875	0.3080137
84.25663	0.30763903
84.57302	0.30755568
85.05794	0.30743018
85.16046	0.30490547
85.286644	0.30402076
85.49493	0.3033879
85.68696	0.3033033
85.81745	0.30313376
85.86818	0.30304885
86.17247	0.30300638
86.205894	0.29985178
86.53089	0.29665333
86.62926	0.2966105
86.731255	0.29656765
86.7399	0.29648185
87.14801	0.29609567
87.15847	0.29605255
87.80053	0.29583696
88.09852	0.29496825
88.100746	0.2948811
88.107315	0.29060993
88.26461	0.28982535
88.290726	0.28550258
88.96491	0.2827072
89.10412	0.27958244
89.482	0.2794943
89.60564	0.2792287
89.93425	0.27918434
90.22553	0.27909535
90.32776	0.27637267
90.479454	0.27592582
90.65819	0.27588105
90.96822	0.27274165
91.02891	0.27256164
91.0538	0.2725166
91.10532	0.27247155
91.44932	0.2724265
91.599335	0.26821917
91.64468	0.26495653
91.80668	0.2647752
91.86676	0.26463896
91.988075	0.26441172
91.99693	0.26404765
92.099686	0.26400214
92.34431	0.25999272
92.38354	0.25994703
92.40506	0.2589416
92.496414	0.25875872
92.63507	0.2542287
92.65435	0.24987517
92.71979	0.24561241
92.8571	0.24556655
92.95885	0.2414782
92.99934	0.2400986
93.15547	0.2400526
93.16839	0.23996042
93.30837	0.23991433
93.34394	0.23986818
93.52502	0.239822
93.609795	0.23584305
93.655334	0.23579673
93.75053	0.23519443
93.96007	0.23134503
94.02875	0.23129854
94.028755	0.2276703
94.372314	0.2273912
94.768814	0.22734451
94.84762	0.22729763
94.96531	0.22725071
95.33431	0.22283465
95.832634	0.21821278
96.0117	0.21811797
96.015396	0.21802297
96.2897	0.21783297
96.398705	0.21316479
96.48047	0.20901589
96.54878	0.20557941
96.676125	0.20548388
96.711426	0.20510128
97.00226	0.2043358
97.02108	0.19992098
97.06737	0.19857709
97.25008	0.19848105
97.383675	0.19795184
97.59741	0.19607298
98.54538	0.1957833
98.895546	0.1956858
99.00838	0.19563687
99.02564	0.19558789
99.08579	0.1915219
99.23664	0.19132581
99.32007	0.19127673
99.33689	0.19058886
100.135666	0.19053972
100.23466	0.18578415
100.52879	0.18469326
100.533134	0.18464352
100.70068	0.18394725
100.776886	0.18359853
100.99869	0.17975976
101.31221	0.17965983
101.47827	0.17565028
101.772316	0.17499767
101.888336	0.17484663
102.225876	0.17419137
102.31463	0.17414081
102.38477	0.17409019
102.43934	0.17403954
102.467865	0.17398886
102.919785	0.17393817
103.37099	0.17027234
103.47617	0.1702212
104.43824	0.16530699
104.82953	0.16520366
105.19618	0.16012146
105.24944	0.155698
105.3283	0.15543768
105.5972	0.15528135
105.92609	0.15099776
106.37775	0.15089296
106.49994	0.14726183
106.55345	0.14657691
107.01403	0.14647149
107.286865	0.14636561
107.65212	0.14588794
108.153175	0.14535537
108.60805	0.14102161
108.964645	0.13575622
109.28466	0.13149774
109.44421	0.12609142
109.57452	0.12603728
109.78098	0.12582046
109.986626	0.12120422
110.279396	0.11603523
110.3524	0.11177992
110.54183	0.11167074
110.62359	0.106585026
110.89631	0.10122193
111.69724	0.101002485
112.05829	0.09962107
112.07523	0.098401494
112.09722	0.09823516
112.47051	0.09274517
112.78756	0.09268953
112.800644	0.09185259
113.098854	0.091796786
113.154045	0.091461085
113.53681	0.09140511
113.548485	0.09134894
113.610596	0.08966377
113.718895	0.08915794
113.77205	0.08910168
113.85721	0.088876545
113.8902	0.08842595
113.97295	0.08831327
114.18282	0.08825688
114.87312	0.087804995
114.87904	0.08774816
115.340065	0.087350346
115.56274	0.08729329
116.189644	0.087121785
116.39397	0.08562733
116.52142	0.08545459
116.84959	0.08435937
117.31012	0.08418595
118.92423	0.084069885
119.08435	0.083363906
119.29712	0.083304994
119.322296	0.08324598
119.4902	0.077579215
119.58444	0.07746099
119.60304	0.077342674
119.66457	0.07669183
120.64819	0.076632634
120.749115	0.07657295
121.58355	0.07621454
121.798546	0.07152304
122.07626	0.07128203
122.2842	0.06584682
122.43687	0.06578633
122.52968	0.060637917
122.53565	0.060274225
122.75357	0.054273
123.00283	0.05348356
123.031265	0.053118464
123.227325	0.0530576
123.32839	0.052447997
123.50648	0.05208193
123.65341	0.052020833
123.87662	0.051959664
124.04994	0.05189838
124.79986	0.051100604
125.027725	0.050668433
125.68065	0.050235473
125.75113	0.0501733
125.89052	0.049177956
126.0266	0.049115676
126.273796	0.0440657
126.27489	0.044003233
126.32852	0.043940764
126.95653	0.04387827
127.957306	0.04375266
128.36472	0.04368936
128.42328	0.043625858
128.4714	0.043562327
128.74936	0.038668603
128.83876	0.03854122
128.9139	0.038286272
129.39912	0.0382225
129.71387	0.038158484
129.87378	0.038094316
130.12813	0.038030066
131.24423	0.037257574
131.47127	0.037192646
132.24516	0.03712761
132.2796	0.037062187
132.3288	0.03699675
132.60558	0.036865823
133.02417	0.03607862
133.11082	0.03574959
133.15933	0.035683736
133.5723	0.035486113
133.82831	0.03535396
134.0676	0.035221547
134.19472	0.0350889
134.69785	0.035022516
134.80057	0.033689816
134.85268	0.032089353
134.97466	0.03195593
135.13933	0.031688843
135.34818	0.030485481
135.37419	0.030150697
136.12491	0.028610395
136.28558	0.028408373
136.46672	0.022070844
136.54518	0.021193214
137.00465	0.020990565
137.72649	0.02017725
138.38852	0.018610185
138.50026	0.018267881
138.79625	0.018199366
138.92378	0.01806204
139.26953	0.017993314
139.61333	0.017924417
140.14044	0.016474016
140.46419	0.01633536
141.68161	0.015987923
141.78531	0.015917832
142.10735	0.015847692
142.17967	0.01570709
142.4017	0.015566418
142.68579	0.015495972
142.97122	0.015354798
143.01378	0.015213342
143.11305	0.014788849
143.75775	0.014505656
143.76643	0.014363423
143.83577	0.013865573
144.37262	0.011944373
144.4242	0.011730109
144.59319	0.011658663
144.92435	0.011587133
146.09436	0.011443744
146.35756	0.011371472
147.07118	0.011299068
148.30191	0.010425995
148.31235	0.0089586945
148.58226	0.008811954
149.29129	0.008664947
149.81984	0.008591093
151.90619	0.008516977
152.55173	0.008216385
152.68777	0.006329701
153.61981	0.005272215
154.25214	0.00519622
154.73116	0.005119911
154.75337	0.0050433655
155.04935	0.004813696
160.3484	0.004583587
161.57126	0.0036316945
162.34631	0.0030721892
163.55496	0.0029918763
164.00008	0.001616395
164.58635	0.0014541332
166.36694	0.0013727123
166.95271	0.0012904106
167.02654	0.0012078191
169.31403	7.9467875E-4
170.15361	7.109191E-4
174.51892	5.4256903E-4
175.81049	3.6989994E-4
182.37653	2.8292646E-4
183.11624	1.9270476E-4
206.42223	1.0211711E-4



DATASET #4

     Name: Poisson
   Points: 100
     Info: 

Data[x,y]:
0.0	  1.0
2.2935803	  0.9436508
4.5871606	  0.8904768
6.8807406	  0.8402991
9.174321	  0.79294896
11.467901	  0.7482669
13.761481	  0.7061026
16.055061	  0.6663143
18.348642	  0.628768
20.642223	  0.5933374
22.935802	  0.5599033
25.229383	  0.5283532
27.522963	  0.49858093
29.816544	  0.47048628
32.110123	  0.44397476
34.403706	  0.4189571
36.697285	  0.39534923
38.990864	  0.3730716
41.284447	  0.35204932
43.578026	  0.3322116
45.871605	  0.31349173
48.165184	  0.29582673
50.458767	  0.27915713
52.752346	  0.26342684
55.045925	  0.24858294
57.339508	  0.2345755
59.633087	  0.22135735
61.926666	  0.20888403
64.220245	  0.19711359
66.513824	  0.18600638
68.80741	  0.17552507
71.10099	  0.16563438
73.39457	  0.156301
75.68815	  0.14749357
77.98173	  0.13918242
80.27531	  0.1313396
82.56889	  0.12393872
84.86247	  0.11695487
87.15605	  0.11036456
89.44963	  0.1041456
91.74321	  0.09827708
94.03679	  0.09273924
96.33037	  0.087513454
98.623955	  0.08258214
100.917534	  0.0779287
103.21111	  0.073537484
105.50469	  0.0693937
107.79827	  0.06548342
110.09185	  0.06179348
112.38544	  0.058311466
114.679016	  0.055025663
116.972595	  0.05192501
119.266174	  0.048999075
121.55975	  0.046238016
123.85333	  0.04363254
126.14691	  0.041173883
128.44049	  0.038853765
130.73407	  0.036664385
133.02765	  0.034598377
135.32124	  0.032648787
137.61482	  0.030809052
139.9084	  0.029072987
142.20198	  0.027434746
144.49556	  0.02588882
146.78914	  0.024430005
149.08272	  0.023053393
151.3763	  0.021754352
153.66988	  0.020528512
155.96346	  0.019371746
158.25703	  0.018280163
160.55061	  0.01725009
162.8442	  0.016278062
165.13779	  0.015360806
167.43137	  0.014495237
169.72495	  0.013678442
172.01852	  0.012907672
174.3121	  0.012180335
176.60568	  0.011493983
178.89926	  0.010846306
181.19284	  0.010235124
183.48642	  0.009658383
185.78	  0.009114142
188.07358	  0.008600567
190.36716	  0.008115931
192.66074	  0.007658605
194.95433	  0.0072270487
197.24791	  0.0068198103
199.54149	  0.006435519
201.83507	  0.0060728826
204.12865	  0.0057306807
206.42223	  0.0054077613
208.7158	  0.005103038
211.00938	  0.004815486
213.30296	  0.004544137
215.59654	  0.0042880783
217.89012	  0.0040464485
220.1837	  0.0038184344
222.47728	  0.0036032686
224.77087	  0.0034002273
227.06445	  0.0032086272



DATASET #5

     Name: Data Poisson
   Points: 100
     Info: 

Data[x,y]:
0.0	  1.0
2.2935803	  0.93000746
4.5871606	  0.8649138
6.8807406	  0.8043763
9.174321	  0.74807596
11.467901	  0.6957162
13.761481	  0.64702123
16.055061	  0.6017346
18.348642	  0.55961764
20.642223	  0.52044857
22.935802	  0.48402104
25.229383	  0.45014316
27.522963	  0.4186365
29.816544	  0.38933507
32.110123	  0.3620845
34.403706	  0.33674127
36.697285	  0.3131719
38.990864	  0.2912522
41.284447	  0.27086672
43.578026	  0.25190806
45.871605	  0.23427637
48.165184	  0.21787876
50.458767	  0.20262887
52.752346	  0.18844636
55.045925	  0.17525652
57.339508	  0.16298987
59.633087	  0.1515818
61.926666	  0.1409722
64.220245	  0.13110518
66.513824	  0.121928796
68.80741	  0.11339469
71.10099	  0.10545791
73.39457	  0.09807664
75.68815	  0.091212004
77.98173	  0.08482784
80.27531	  0.078890525
82.56889	  0.07336877
84.86247	  0.068233505
87.15605	  0.06345767
89.44963	  0.059016105
91.74321	  0.054885417
94.03679	  0.051043846
96.33037	  0.047471154
98.623955	  0.044148527
100.917534	  0.04105846
103.21111	  0.038184673
105.50469	  0.03551203
107.79827	  0.033026453
110.09185	  0.030714847
112.38544	  0.028565036
114.679016	  0.026565697
116.972595	  0.024706295
119.266174	  0.02297704
121.55975	  0.021368816
123.85333	  0.019873159
126.14691	  0.018482186
128.44049	  0.01718857
130.73407	  0.015985498
133.02765	  0.014866632
135.32124	  0.013826079
137.61482	  0.012858356
139.9084	  0.011958366
142.20198	  0.01112137
144.49556	  0.0103429565
146.78914	  0.009619026
149.08272	  0.008945767
151.3763	  0.008319629
153.66988	  0.0077373176
155.96346	  0.007195763
158.25703	  0.006692113
160.55061	  0.006223715
162.8442	  0.005788101
165.13779	  0.005382977
167.43137	  0.0050062086
169.72495	  0.0046558115
172.01852	  0.0043299394
174.3121	  0.004026876
176.60568	  0.0037450243
178.89926	  0.0034829006
181.19284	  0.0032391234
183.48642	  0.003012409
185.78	  0.0028015627
188.07358	  0.002605474
190.36716	  0.0024231104
192.66074	  0.0022535108
194.95433	  0.0020957817
197.24791	  0.0019490926
199.54149	  0.0018126706
201.83507	  0.0016857971
204.12865	  0.0015678039
206.42223	  0.0014580693
208.7158	  0.0013560153
211.00938	  0.0012611044
213.30296	  0.0011728364
215.59654	  0.0010907466
217.89012	  0.0010144025
220.1837	  9.434018E-4
222.47728	  8.773707E-4
224.77087	  8.159613E-4
227.06445	  7.588501E-4


