
X-Axis: PGA (g)
Y-Axis: Annual Probabilitiy
Number of Data Sets: 6


DATASET #1

Name: UCERF3 Full
Num Points: 51
Info: 

X, Y Data:
1.0E-4	0.8395532
1.3E-4	0.8393614
1.6E-4	0.83903575
2.0E-4	0.83836764
2.5E-4	0.83714616
3.2E-4	0.8347553
4.0E-4	0.83118075
5.0E-4	0.82570803
6.3E-4	0.8173725
7.9E-4	0.80585384
0.001	0.78951305
0.00126	0.76840365
0.00158	0.7421909
0.002	0.7085779
0.00251	0.6699689
0.00316	0.62491435
0.00398	0.5746559
0.00501	0.52074206
0.00631	0.46459284
0.00794	0.40835074
0.01	0.35323146
0.01259	0.3008911
0.01585	0.2522338
0.01995	0.20792942
0.02512	0.16826925
0.03162	0.13360424
0.03981	0.1039433
0.05012	0.079245836
0.0631	0.059234448
0.07943	0.04345285
0.1	0.031289596
0.12589	0.022130547
0.15849	0.015383485
0.19953	0.010529831
0.25119	0.007114701
0.31623	0.004746963
0.39811	0.0031118272
0.50119	0.0019800814
0.63096	0.0012019883
0.79433	6.832947E-4
1.0	3.5779187E-4
1.25893	1.7034181E-4
1.58489	7.305659E-5
1.99526	2.8052054E-5
2.51189	9.610156E-6
3.16228	2.933628E-6
3.98107	7.9842283E-7
5.01187	1.9415377E-7
6.30957	4.2326185E-8
7.94328	8.3063645E-9
10.0	1.473906E-9



DATASET #2

Name: UCERF3
Num Points: 401
Info: 

X, Y Data:
1.0E-4	0.14425717
1.0333392E-4	0.14390096
1.06779E-4	0.14354207
1.1033893E-4	0.1431803
1.14017545E-4	0.14281544
1.178188E-4	0.14244734
1.2174679E-4	0.14207576
1.2580573E-4	0.14170055
1.3E-4	0.14132152
1.334183E-4	0.14101875
1.369265E-4	0.14071338
1.4052694E-4	0.14040536
1.4422205E-4	0.1400946
1.4801433E-4	0.13978103
1.5190631E-4	0.13946457
1.5590065E-4	0.13914518
1.6E-4	0.13882278
1.645257E-4	0.13847287
1.691794E-4	0.13811935
1.7396474E-4	0.13776214
1.7888544E-4	0.13740121
1.8394532E-4	0.13703649
1.8914833E-4	0.13666792
1.944985E-4	0.13629547
2.0E-4	0.1359191
2.0565712E-4	0.13553877
2.1147425E-4	0.13515446
2.1745593E-4	0.13476615
2.236068E-4	0.13437381
2.2993165E-4	0.13397746
2.364354E-4	0.13357706
2.4312311E-4	0.13317262
2.5E-4	0.13276413
2.5783465E-4	0.13230753
2.659148E-4	0.13184598
2.742482E-4	0.13137953
2.8284272E-4	0.13090818
2.917066E-4	0.13043194
3.0084825E-4	0.12995084
3.102764E-4	0.12946491
3.2E-4	0.12897417
3.290514E-4	0.12852645
3.383588E-4	0.12807482
3.4792948E-4	0.12761931
3.5777088E-4	0.12715992
3.6789064E-4	0.12669665
3.7829665E-4	0.12622951
3.88997E-4	0.12575848
4.0E-4	0.12528357
4.1131425E-4	0.124804765
4.229485E-4	0.124322034
4.3491187E-4	0.123835355
4.472136E-4	0.1233447
4.598633E-4	0.12285002
4.728708E-4	0.12235128
4.8624622E-4	0.12184842
5.0E-4	0.12134137
5.1465514E-4	0.12081173
5.2973983E-4	0.12027745
5.4526667E-4	0.11973843
5.612486E-4	0.119194575
5.77699E-4	0.118645765
5.946315E-4	0.1180919
6.120603E-4	0.11753287
6.3E-4	0.11696853
6.4807665E-4	0.11641065
6.6667196E-4	0.11584745
6.858008E-4	0.1152788
7.0547854E-4	0.11470458
7.257209E-4	0.11412466
7.465441E-4	0.113538936
7.6796475E-4	0.11294727
7.9E-4	0.11234956
8.136239E-4	0.11172046
8.379543E-4	0.11108456
8.630122E-4	0.11044176
8.8881946E-4	0.10979197
9.153984E-4	0.1091351
9.427722E-4	0.10847108
9.7096455E-4	0.10779985
0.001	0.10712136
0.0010293103	0.106449075
0.0010594797	0.105769776
0.0010905333	0.10508347
0.0011224973	0.10439018
0.001155398	0.10368994
0.001189263	0.1029828
0.0012241206	0.10226883
0.00126	0.10154811
0.0012961533	0.100835934
0.0013333439	0.1001175
0.0013716016	0.099392936
0.0014109571	0.098662384
0.0014514418	0.097926006
0.0014930882	0.09718397
0.0015359295	0.096436456
0.00158	0.09568367
0.0016272478	0.09489419
0.0016759086	0.09409947
0.0017260244	0.09329976
0.0017776389	0.092495345
0.0018307968	0.09168651
0.0018855444	0.09087356
0.0019419291	0.0900568
0.002	0.089236565
0.0020575977	0.08844321
0.002116854	0.087647244
0.002177817	0.086848974
0.0022405356	0.08604871
0.0023050604	0.08524677
0.0023714434	0.0844435
0.0024397383	0.08363924
0.00251	0.08283431
0.0025833033	0.08201788
0.0026587474	0.08120149
0.0027363948	0.08038549
0.0028163097	0.07957025
0.0028985585	0.07875613
0.0029832094	0.0779435
0.0030703326	0.07713271
0.00316	0.07632412
0.0032524571	0.07551662
0.0033476194	0.07471203
0.003445566	0.0739107
0.0035463783	0.07311295
0.0036501405	0.07231912
0.0037569385	0.07152952
0.003866861	0.070744455
0.00398	0.06996421
0.004096165	0.069190904
0.0042157196	0.06842293
0.0043387646	0.06766051
0.0044654002	0.06690387
0.0045957323	0.066153206
0.0047298684	0.06540871
0.0048679197	0.06467052
0.00501	0.06393878
0.005156579	0.0632119
0.0053074467	0.062491708
0.005462728	0.061778273
0.0056225527	0.06107164
0.0057870536	0.06037184
0.005956367	0.059678856
0.0061306343	0.058992676
0.00631	0.058313254
0.006493865	0.057643197
0.0066830874	0.056979693
0.0068778237	0.056322634
0.007078234	0.055671904
0.0072844843	0.055027362
0.0074967444	0.05438886
0.00771519	0.053756226
0.00794	0.05312929
0.008172275	0.052505452
0.008411343	0.051886972
0.008657407	0.05127364
0.008910668	0.050665252
0.009171338	0.050061595
0.009439633	0.04946246
0.009715778	0.048867628
0.01	0.048276898
0.010292081	0.047690954
0.010592694	0.047108695
0.010902087	0.046529923
0.011220517	0.04595446
0.011548247	0.045382123
0.011885551	0.04481275
0.012232705	0.04424619
0.01259	0.0436823
0.012957647	0.043121077
0.013336032	0.04256228
0.013725464	0.042005807
0.01412627	0.04145157
0.014538779	0.040899497
0.014963334	0.040349524
0.015400288	0.039801616
0.01585	0.039255735
0.016312422	0.038712353
0.016788337	0.038170975
0.017278135	0.03763161
0.017782224	0.037094273
0.01830102	0.036558997
0.01883495	0.03602583
0.019384459	0.03549482
0.01995	0.03496603
0.020533005	0.034438666
0.021133045	0.03391368
0.021750621	0.033391148
0.022386245	0.032871164
0.023040446	0.032353822
0.023713762	0.031839218
0.024406755	0.031327453
0.02512	0.030818632
0.025853088	0.030313537
0.02660757	0.029811585
0.027384069	0.029312883
0.02818323	0.02881753
0.029005712	0.02832563
0.029852198	0.02783728
0.030723387	0.027352579
0.03162	0.026871614
0.032543603	0.026394058
0.033494186	0.025920417
0.034472536	0.025450772
0.03547946	0.024985192
0.0365158	0.024523746
0.03758241	0.024066495
0.03868017	0.02361349
0.03981	0.023164785
0.040972695	0.022720465
0.042169347	0.022280516
0.04340095	0.021844968
0.044668525	0.021413842
0.04597312	0.020987151
0.047315817	0.02056491
0.04869773	0.020147119
0.05012	0.019733775
0.0515838	0.01932488
0.053090356	0.01892042
0.05464091	0.018520376
0.05623675	0.018124735
0.0578792	0.017733475
0.059569612	0.017346576
0.0613094	0.016964013
0.0631	0.016585762
0.06494172	0.016212033
0.066837184	0.015842564
0.06878798	0.015477336
0.070795715	0.015116327
0.072862044	0.014759524
0.074988686	0.014406913
0.077177405	0.014058486
0.07943	0.01371424
0.08174976	0.013373974
0.08413727	0.013037903
0.08659451	0.012706042
0.08912351	0.0123784095
0.09172637	0.012055032
0.09440525	0.01173594
0.097162366	0.011421175
0.1	0.011110777
0.102919795	0.010804872
0.10592484	0.010503437
0.109017625	0.010206533
0.112200715	0.00991422
0.11547674	0.009626567
0.11884842	0.009343643
0.12231855	0.009065515
0.12589	0.008792257
0.12956645	0.008523886
0.13335027	0.008260524
0.13724458	0.008002239
0.14125264	0.007749093
0.14537773	0.0075011454
0.14962329	0.007258449
0.15399285	0.007021052
0.15849	0.0067889923
0.16311829	0.006562313
0.16788174	0.0063410276
0.17278428	0.0061251493
0.17783	0.005914683
0.18302307	0.0057096235
0.18836778	0.005509955
0.19386858	0.0053156503
0.19953	0.005126674
0.20535603	0.004943001
0.21135218	0.004764551
0.21752341	0.004591257
0.22387484	0.0044230437
0.23041171	0.0042598266
0.23713945	0.0041015144
0.24406363	0.0039480063
0.25119	0.003799197
0.25852492	0.0036549661
0.26607406	0.0035152074
0.27384362	0.0033798013
0.28184006	0.0032486254
0.29007	0.0031215562
0.29854023	0.0029984682
0.30725783	0.002879237
0.31623	0.002763739
0.32546407	0.0026518528
0.33496782	0.0025434582
0.34474903	0.0024384393
0.3548159	0.0023366837
0.3651767	0.0022380834
0.37584007	0.0021425358
0.3868148	0.0020499427
0.39811	0.0019602124
0.40973493	0.0018732584
0.42169935	0.0017889995
0.4340131	0.0017073605
0.44668642	0.0016282719
0.4597298	0.0015516699
0.47315407	0.0014774958
0.4869703	0.0014056962
0.50119	0.001336222
0.5158249	0.0012690288
0.5308872	0.0012040758
0.5463893	0.0011413255
0.5623441	0.0010807437
0.57876474	0.0010222986
0.59566486	9.659599E-4
0.61305845	9.116994E-4
0.63096	8.5948943E-4
0.6493842	8.093034E-4
0.6683464	7.611143E-4
0.6878623	7.1489514E-4
0.7079481	6.706182E-4
0.72862035	6.2825496E-4
0.7498962	5.8777555E-4
0.7717934	5.491487E-4
0.79433	5.1234156E-4
0.8175246	4.7731932E-4
0.8413966	4.4404544E-4
0.86596555	4.1248128E-4
0.8912519	3.8258635E-4
0.9172767	3.5431818E-4
0.9440614	3.2763244E-4
0.97162825	3.02483E-4
1.0	2.788221E-4
1.029201	2.5659992E-4
1.0592546	2.3576654E-4
1.090186	2.1627021E-4
1.1220205	1.9805836E-4
1.1547846	1.8107769E-4
1.1885055	1.652744E-4
1.223211	1.5059453E-4
1.25893	1.3698405E-4
1.2956905	1.2438968E-4
1.3335243	1.1275753E-4
1.3724631	1.02034915E-4
1.4125386	9.2170005E-5
1.4537846	8.311199E-5
1.4962348	7.481129E-5
1.5399245	6.721964E-5
1.58489	6.0290302E-5
1.6311698	5.3977943E-5
1.678801	4.823932E-5
1.727823	4.3032764E-5
1.7782766	3.831846E-5
1.8302034	3.4058485E-5
1.8836465	3.0216837E-5
1.9386501	2.6759451E-5
1.99526	2.3654204E-5
2.0535233	2.087087E-5
2.113488	1.8381163E-5
2.1752036	1.6158632E-5
2.2387214	1.417864E-5
2.304094	1.2418304E-5
2.3713756	1.0856435E-5
2.4406219	9.473472E-6
2.51189	8.251406E-6
2.5852382	7.173723E-6
2.6607285	6.2252743E-6
2.7384229	5.3922504E-6
2.818386	4.6620817E-6
2.900684	4.023359E-6
2.9853854	3.465754E-6
3.0725598	2.9799417E-6
3.16228	2.5575266E-6
3.2546198	2.1909705E-6
3.3496559	1.8735198E-6
3.447467	1.5991424E-6
3.5481343	1.3624638E-6
3.6517413	1.1587075E-6
3.7583735	9.836392E-7
3.8681195	8.3351483E-7
3.98107	7.0503177E-7
4.097319	5.9528384E-7
4.2169633	5.017214E-7
4.340101	4.2211136E-7
4.466834	3.5450321E-7
4.5972676	2.971975E-7
4.7315106	2.487167E-7
4.869673	2.0777958E-7
5.01187	1.7327747E-7
5.1582193	1.4425336E-7
5.3088417	1.198831E-7
5.463863	9.945841E-8
5.62341	8.2372104E-8
5.7876167	6.810476E-8
5.9566183	5.6213043E-8
6.1305547	4.6319375E-8
6.30957	3.8102907E-8
6.493813	3.1291524E-8
6.683436	2.5655025E-8
6.878596	2.099904E-8
7.079455	1.7159755E-8
7.286179	1.39994585E-8
7.4989395	1.1402595E-8
7.7179127	9.272417E-9
7.94328	7.528037E-9
8.175228	6.102034E-9
8.41395	4.938266E-9
8.659641	3.990124E-9
8.912508	3.2189273E-9
9.172758	2.5927236E-9
9.440608	2.085081E-9
9.716279	1.6742292E-9
10.0	1.3422585E-9



DATASET #3

Name: RSQSim
Num Points: 401
Info: 

X, Y Data:
1.0E-4	0.24718764
1.0333392E-4	0.24672057
1.06779E-4	0.24624762
1.1033893E-4	0.2457685
1.14017545E-4	0.24528295
1.178188E-4	0.24479066
1.2174679E-4	0.24429134
1.2580573E-4	0.24378468
1.3E-4	0.24327037
1.334183E-4	0.24285771
1.369265E-4	0.2424399
1.4052694E-4	0.24201679
1.4422205E-4	0.2415882
1.4801433E-4	0.241154
1.5190631E-4	0.240714
1.5590065E-4	0.24026805
1.6E-4	0.23981598
1.645257E-4	0.23932317
1.691794E-4	0.23882289
1.7396474E-4	0.23831497
1.7888544E-4	0.23779923
1.8394532E-4	0.23727542
1.8914833E-4	0.2367434
1.944985E-4	0.23620296
2.0E-4	0.2356539
2.0565712E-4	0.23509607
2.1147425E-4	0.23452927
2.1745593E-4	0.23395336
2.236068E-4	0.23336811
2.2993165E-4	0.23277342
2.364354E-4	0.23216912
2.4312311E-4	0.23155506
2.5E-4	0.23093109
2.5783465E-4	0.2302291
2.659148E-4	0.22951466
2.742482E-4	0.22878763
2.8284272E-4	0.22804785
2.917066E-4	0.2272952
3.0084825E-4	0.2265296
3.102764E-4	0.22575092
3.2E-4	0.2249591
3.290514E-4	0.22423202
3.383588E-4	0.22349411
3.4792948E-4	0.22274539
3.5777088E-4	0.22198583
3.6789064E-4	0.22121547
3.7829665E-4	0.22043431
3.88997E-4	0.2196424
4.0E-4	0.21883981
4.1131425E-4	0.21802658
4.229485E-4	0.21720281
4.3491187E-4	0.21636862
4.472136E-4	0.21552408
4.598633E-4	0.21466936
4.728708E-4	0.21380459
4.8624622E-4	0.21292992
5.0E-4	0.21204555
5.1465514E-4	0.21111956
5.2973983E-4	0.21018359
5.4526667E-4	0.20923787
5.612486E-4	0.2082827
5.77699E-4	0.2073183
5.946315E-4	0.20634502
6.120603E-4	0.20536312
6.3E-4	0.20437294
6.4807665E-4	0.20339562
6.6667196E-4	0.202411
6.858008E-4	0.2014194
7.0547854E-4	0.20042115
7.257209E-4	0.19941664
7.465441E-4	0.19840616
7.6796475E-4	0.19739011
7.9E-4	0.19636881
8.136239E-4	0.19529988
8.379543E-4	0.19422606
8.630122E-4	0.19314773
8.8881946E-4	0.19206531
9.153984E-4	0.19097917
9.427722E-4	0.18988968
9.7096455E-4	0.1887972
0.001	0.1877021
0.0010293103	0.18662618
0.0010594797	0.18554834
0.0010905333	0.18446885
0.0011224973	0.18338798
0.001155398	0.18230598
0.001189263	0.18122303
0.0012241206	0.18013936
0.00126	0.17905511
0.0012961533	0.17799295
0.0013333439	0.17693049
0.0013716016	0.1758678
0.0014109571	0.17480496
0.0014514418	0.17374197
0.0014930882	0.17267887
0.0015359295	0.17161563
0.00158	0.17055224
0.0016272478	0.16944438
0.0016759086	0.1683362
0.0017260244	0.16722755
0.0017776389	0.16611832
0.0018307968	0.16500835
0.0018855444	0.16389745
0.0019419291	0.16278546
0.002	0.16167213
0.0020575977	0.16059792
0.002116854	0.15952207
0.002177817	0.15844439
0.0022405356	0.15736467
0.0023050604	0.15628268
0.0023714434	0.15519823
0.0024397383	0.15411107
0.00251	0.15302104
0.0025833033	0.15191272
0.0026587474	0.150801
0.0027363948	0.14968574
0.0028163097	0.14856672
0.0028985585	0.14744382
0.0029832094	0.14631686
0.0030703326	0.14518571
0.00316	0.14405029
0.0032524571	0.14290838
0.0033476194	0.14176203
0.003445566	0.14061116
0.0035463783	0.13945574
0.0036501405	0.13829575
0.0037569385	0.13713126
0.003866861	0.13596225
0.00398	0.13478881
0.004096165	0.13361385
0.0042157196	0.13243467
0.0043387646	0.13125138
0.0044654002	0.1300641
0.0045957323	0.12887304
0.0047298684	0.12767832
0.0048679197	0.12648018
0.00501	0.12527882
0.005156579	0.12407158
0.0053074467	0.12286157
0.005462728	0.12164903
0.0056225527	0.12043422
0.0057870536	0.1192174
0.005956367	0.11799886
0.0061306343	0.11677888
0.00631	0.11555773
0.006493865	0.114340596
0.0066830874	0.11312288
0.0068778237	0.111904874
0.007078234	0.11068685
0.0072844843	0.1094691
0.0074967444	0.1082519
0.00771519	0.10703552
0.00794	0.10582022
0.008172275	0.104601555
0.008411343	0.1033845
0.008657407	0.10216932
0.008910668	0.10095623
0.009171338	0.09974547
0.009439633	0.09853726
0.009715778	0.09733179
0.01	0.09612928
0.010292081	0.094931744
0.010592694	0.093737505
0.010902087	0.092546724
0.011220517	0.09135955
0.011548247	0.09017612
0.011885551	0.08899656
0.012232705	0.08782099
0.01259	0.086649515
0.012957647	0.085482486
0.013336032	0.08431973
0.013725464	0.08316132
0.01412627	0.08200732
0.014538779	0.08085779
0.014963334	0.07971278
0.015400288	0.07857233
0.01585	0.07743649
0.016312422	0.07630629
0.016788337	0.07518075
0.017278135	0.07405987
0.017782224	0.07294368
0.01830102	0.0718322
0.01883495	0.07072545
0.019384459	0.069623426
0.01995	0.06852615
0.020533005	0.06743186
0.021133045	0.06634237
0.021750621	0.06525768
0.022386245	0.06417783
0.023040446	0.06310285
0.023713762	0.062032744
0.024406755	0.060967565
0.02512	0.059907347
0.025853088	0.05885355
0.02660757	0.057804797
0.027384069	0.05676115
0.02818323	0.05572267
0.029005712	0.05468943
0.029852198	0.05366151
0.030723387	0.052639
0.03162	0.051621992
0.032543603	0.050609704
0.033494186	0.049603146
0.034472536	0.048602436
0.03547946	0.0476077
0.0365158	0.046619076
0.03758241	0.045636702
0.03868017	0.044660736
0.03981	0.043691326
0.040972695	0.04272875
0.042169347	0.041773066
0.04340095	0.040824458
0.044668525	0.039883103
0.04597312	0.038949195
0.047315817	0.03802293
0.04869773	0.037104517
0.05012	0.036194157
0.0515838	0.035292074
0.053090356	0.034398485
0.05464091	0.033513613
0.05623675	0.03263769
0.0578792	0.031770952
0.059569612	0.030913638
0.0613094	0.030065997
0.0631	0.029228274
0.06494172	0.02840124
0.066837184	0.027584625
0.06878798	0.026778681
0.070795715	0.02598367
0.072862044	0.025199855
0.074988686	0.024427498
0.077177405	0.02366686
0.07943	0.022918206
0.08174976	0.022181353
0.08413727	0.021457013
0.08659451	0.02074544
0.08912351	0.02004688
0.09172637	0.019361574
0.09440525	0.018689755
0.097162366	0.018031647
0.1	0.017387459
0.102919795	0.016757544
0.10592484	0.016141927
0.109017625	0.0155407805
0.112200715	0.014954255
0.11547674	0.014382485
0.11884842	0.013825585
0.12231855	0.01328365
0.12589	0.01275675
0.12956645	0.012244835
0.13335027	0.011748031
0.13724458	0.011266339
0.14125264	0.010799729
0.14537773	0.0103481505
0.14962329	0.009911521
0.15399285	0.009489736
0.15849	0.00908266
0.16311829	0.008690152
0.16788174	0.00831201
0.17278428	0.007948022
0.17783	0.007597956
0.18302307	0.007261554
0.18836778	0.006938537
0.19386858	0.0066286074
0.19953	0.0063314466
0.20535603	0.0060467543
0.21135218	0.0057741427
0.21752341	0.00551325
0.22387484	0.0052637
0.23041171	0.0050251097
0.23713945	0.004797088
0.24406363	0.004579238
0.25119	0.0043711606
0.25852492	0.004172442
0.26607406	0.0039826967
0.27384362	0.0038015277
0.28184006	0.0036285426
0.29007	0.0034633551
0.29854023	0.003305588
0.30725783	0.0031548718
0.31623	0.0030108492
0.32546407	0.0028731755
0.33496782	0.0027415168
0.34474903	0.0026155543
0.3548159	0.0024949838
0.3651767	0.0023795164
0.37584007	0.0022688785
0.3868148	0.0021628127
0.39811	0.0020610772
0.40973493	0.0019634464
0.42169935	0.0018697099
0.4340131	0.0017796725
0.44668642	0.0016931541
0.4597298	0.0016099891
0.47315407	0.0015300256
0.4869703	0.0014531247
0.50119	0.0013791596
0.5158249	0.0013080152
0.5308872	0.0012395869
0.5463893	0.0011737796
0.5623441	0.0011105072
0.57876474	0.0010496913
0.59566486	9.912606E-4
0.61305845	9.351497E-4
0.63096	8.812987E-4
0.6493842	8.296519E-4
0.6683464	7.801573E-4
0.6878623	7.3276565E-4
0.7079481	6.874302E-4
0.72862035	6.441057E-4
0.7498962	6.0274807E-4
0.7717934	5.633137E-4
0.79433	5.257593E-4
0.8175246	4.9004133E-4
0.8413966	4.5611567E-4
0.86596555	4.2393763E-4
0.8912519	3.9346152E-4
0.9172767	3.6464067E-4
0.9440614	3.3742737E-4
0.97162825	3.1177275E-4
1.0	2.876269E-4
1.029201	2.6493825E-4
1.0592546	2.4365562E-4
1.090186	2.237263E-4
1.1220205	2.0509695E-4
1.1547846	1.8771375E-4
1.1885055	1.7152258E-4
1.223211	1.5646918E-4
1.25893	1.4249937E-4
1.2956905	1.2955979E-4
1.3335243	1.1759641E-4
1.3724631	1.06556516E-4
1.4125386	9.638818E-5
1.4537846	8.7040535E-5
1.4962348	7.846387E-5
1.5399245	7.0609814E-5
1.58489	6.343145E-5
1.6311698	5.688324E-5
1.678801	5.092172E-5
1.727823	4.5504956E-5
1.7782766	4.0592826E-5
1.8302034	3.614708E-5
1.8836465	3.213136E-5
1.9386501	2.8511213E-5
1.99526	2.5254107E-5
2.0535233	2.2329394E-5
2.113488	1.9708354E-5
2.1752036	1.7364082E-5
2.2387214	1.5271486E-5
2.304094	1.3407221E-5
2.3713756	1.17496365E-5
2.4406219	1.0278714E-5
2.51189	8.97599E-6
2.5852382	7.824502E-6
2.6607285	6.8086642E-6
2.7384229	5.914242E-6
2.818386	5.1282527E-6
2.900684	4.438888E-6
2.9853854	3.8354374E-6
3.0725598	3.3082108E-6
3.16228	2.8484637E-6
3.2546198	2.4483275E-6
3.3496559	2.1007356E-6
3.447467	1.7993613E-6
3.5481343	1.5385535E-6
3.6517413	1.3132769E-6
3.7583735	1.119056E-6
3.8681195	9.519223E-7
3.98107	8.0836554E-7
4.097319	6.852875E-7
4.2169633	5.7996186E-7
4.340101	4.899935E-7
4.466834	4.1328346E-7
4.5972676	3.4799675E-7
4.7315106	2.9253272E-7
4.869673	2.454983E-7
5.01187	2.0568378E-7
5.1582193	1.7204087E-7
5.3088417	1.4366334E-7
5.463863	1.1976934E-7
5.62341	9.96858E-8
5.7876167	8.283453E-8
5.9566183	6.871992E-8
6.1305547	5.691797E-8
6.30957	4.7066735E-8
6.493813	3.885787E-8
6.683436	3.202925E-8
6.878596	2.635843E-8
7.079455	2.1657058E-8
7.286179	1.7765966E-8
7.4989395	1.4550894E-8
7.7179127	1.1898837E-8
7.94328	9.714839E-9
8.175228	7.9192555E-9
8.41395	6.4454184E-9
8.659641	5.237704E-9
8.912508	4.2496633E-9
9.172758	3.4426608E-9
9.440608	2.7845943E-9
9.716279	2.2488391E-9
10.0	1.8133676E-9



DATASET #4

Name: 1000yr
Num Points: 2
Info: 

X, Y Data:
0.001	0.001
10.0	0.001



DATASET #5

Name: 2500yr
Num Points: 2
Info: 

X, Y Data:
0.001	4.0E-4
10.0	4.0E-4



DATASET #6

Name: 10000yr
Num Points: 2
Info: 

X, Y Data:
0.001	1.0E-4
10.0	1.0E-4


