
X-Axis: 1.0s SA (g)
Y-Axis: Annual Probabilitiy
Number of Data Sets: 6


DATASET #1

Name: UCERF3 Full
Num Points: 51
Info: 

X, Y Data:
1.0E-4	0.86838007
1.3E-4	0.8676267
1.6E-4	0.8665193
2.0E-4	0.86452085
2.5E-4	0.861284
3.2E-4	0.85563713
4.0E-4	0.84799075
5.0E-4	0.8371998
6.3E-4	0.82188916
7.9E-4	0.8019898
0.001	0.77527326
0.00126	0.7425046
0.00158	0.7037992
0.002	0.65666056
0.00251	0.6053073
0.00316	0.54848844
0.00398	0.48840868
0.00501	0.42725512
0.00631	0.3667575
0.00794	0.30918765
0.01	0.25568193
0.01259	0.2076973
0.01585	0.16580842
0.01995	0.13020122
0.02512	0.10055913
0.03162	0.076459505
0.03981	0.05717666
0.05012	0.042019427
0.0631	0.030295487
0.07943	0.021385679
0.1	0.014734475
0.12589	0.009881418
0.15849	0.006426734
0.19953	0.0040375586
0.25119	0.002438526
0.31623	0.0014078114
0.39811	7.7215355E-4
0.50119	3.997844E-4
0.63096	1.941798E-4
0.79433	8.797325E-5
1.0	3.698955E-5
1.25893	1.4372523E-5
1.58489	5.1433385E-6
1.99526	1.6905948E-6
2.51189	5.0948773E-7
3.16228	1.4064375E-7
3.98107	3.5560877E-8
5.01187	8.243023E-9
6.30957	1.7550468E-9
7.94328	3.440569E-10
10.0	6.217826E-11



DATASET #2

Name: UCERF3
Num Points: 401
Info: 

X, Y Data:
1.0E-4	0.061617594
1.0333392E-4	0.061617594
1.06779E-4	0.061617594
1.1033893E-4	0.061617594
1.14017545E-4	0.061617594
1.178188E-4	0.061617594
1.2174679E-4	0.061617594
1.2580573E-4	0.061617594
1.3E-4	0.061617594
1.334183E-4	0.061617594
1.369265E-4	0.061617594
1.4052694E-4	0.061617594
1.4422205E-4	0.061617594
1.4801433E-4	0.061617594
1.5190631E-4	0.06161759
1.5590065E-4	0.06161759
1.6E-4	0.06161759
1.645257E-4	0.06161759
1.691794E-4	0.06161759
1.7396474E-4	0.06161759
1.7888544E-4	0.06161759
1.8394532E-4	0.06161759
1.8914833E-4	0.06161759
1.944985E-4	0.06161759
2.0E-4	0.06161759
2.0565712E-4	0.06161759
2.1147425E-4	0.06161759
2.1745593E-4	0.061617587
2.236068E-4	0.061617587
2.2993165E-4	0.061617587
2.364354E-4	0.061617583
2.4312311E-4	0.061617583
2.5E-4	0.06161758
2.5783465E-4	0.06161758
2.659148E-4	0.061617576
2.742482E-4	0.06161757
2.8284272E-4	0.061617564
2.917066E-4	0.06161756
3.0084825E-4	0.061617553
3.102764E-4	0.061617546
3.2E-4	0.061617535
3.290514E-4	0.061617523
3.383588E-4	0.06161751
3.4792948E-4	0.061617494
3.5777088E-4	0.061617475
3.6789064E-4	0.061617453
3.7829665E-4	0.06161743
3.88997E-4	0.0616174
4.0E-4	0.061617367
4.1131425E-4	0.061617326
4.229485E-4	0.061617278
4.3491187E-4	0.06161722
4.472136E-4	0.06161716
4.598633E-4	0.061617084
4.728708E-4	0.061617
4.8624622E-4	0.061616898
5.0E-4	0.061616782
5.1465514E-4	0.06161664
5.2973983E-4	0.06161648
5.4526667E-4	0.06161629
5.612486E-4	0.06161607
5.77699E-4	0.06161582
5.946315E-4	0.06161553
6.120603E-4	0.06161519
6.3E-4	0.061614808
6.4807665E-4	0.06161437
6.6667196E-4	0.061613873
6.858008E-4	0.061613303
7.0547854E-4	0.061612654
7.257209E-4	0.061611913
7.465441E-4	0.061611068
7.6796475E-4	0.06161011
7.9E-4	0.06160902
8.136239E-4	0.06160773
8.379543E-4	0.06160626
8.630122E-4	0.06160459
8.8881946E-4	0.061602693
9.153984E-4	0.061600547
9.427722E-4	0.06159812
9.7096455E-4	0.061595373
0.001	0.061592277
0.0010293103	0.061588865
0.0010594797	0.06158503
0.0010905333	0.061580736
0.0011224973	0.061575934
0.001155398	0.061570566
0.001189263	0.061564576
0.0012241206	0.0615579
0.00126	0.061550476
0.0012961533	0.061542407
0.0013333439	0.061533473
0.0013716016	0.061523598
0.0014109571	0.061512694
0.0014514418	0.06150067
0.0014930882	0.06148743
0.0015359295	0.06147287
0.00158	0.061456885
0.0016272478	0.06143859
0.0016759086	0.061418477
0.0017260244	0.061396398
0.0017776389	0.0613722
0.0018307968	0.06134571
0.0018855444	0.061316762
0.0019419291	0.061285164
0.002	0.06125073
0.0020575977	0.061214678
0.002116854	0.06117562
0.002177817	0.06113335
0.0022405356	0.061087675
0.0023050604	0.06103838
0.0023714434	0.06098525
0.0024397383	0.060928058
0.00251	0.060866576
0.0025833033	0.060799617
0.0026587474	0.06072775
0.0027363948	0.06065072
0.0028163097	0.060568262
0.0028985585	0.06048011
0.0029832094	0.060385995
0.0030703326	0.06028564
0.00316	0.060178768
0.0032524571	0.060064893
0.0033476194	0.059943922
0.003445566	0.05981558
0.0035463783	0.059679586
0.0036501405	0.059535667
0.0037569385	0.059383553
0.003866861	0.05922298
0.00398	0.059053686
0.004096165	0.058875855
0.0042157196	0.05868885
0.0043387646	0.05849243
0.0044654002	0.058286376
0.0045957323	0.05807047
0.0047298684	0.057844512
0.0048679197	0.05760831
0.00501	0.057361692
0.005156579	0.057103876
0.0053074467	0.056835283
0.005462728	0.056555793
0.0056225527	0.05626529
0.0057870536	0.055963684
0.005956367	0.055650905
0.0061306343	0.055326894
0.00631	0.054991625
0.006493865	0.054646492
0.0066830874	0.054290183
0.0068778237	0.053922735
0.007078234	0.053544194
0.0072844843	0.053154636
0.0074967444	0.05275416
0.00771519	0.052342873
0.00794	0.05192092
0.008172275	0.051486753
0.008411343	0.051042173
0.008657407	0.050587386
0.008910668	0.050122607
0.009171338	0.049648084
0.009439633	0.049164075
0.009715778	0.04867085
0.01	0.048168715
0.010292081	0.047658764
0.010592694	0.04714056
0.010902087	0.046614442
0.011220517	0.04608076
0.011548247	0.045539882
0.011885551	0.044992182
0.012232705	0.044438045
0.01259	0.043877866
0.012957647	0.04331217
0.013336032	0.04274124
0.013725464	0.04216549
0.01412627	0.04158534
0.014538779	0.041001204
0.014963334	0.04041351
0.015400288	0.03982267
0.01585	0.039229114
0.016312422	0.03863379
0.016788337	0.03803658
0.017278135	0.0374379
0.017782224	0.036838155
0.01830102	0.036237746
0.01883495	0.035637062
0.019384459	0.035036493
0.01995	0.034436416
0.020533005	0.03383622
0.021133045	0.033237245
0.021750621	0.032639846
0.022386245	0.03204436
0.023040446	0.03145111
0.023713762	0.030860418
0.024406755	0.030272588
0.02512	0.029687908
0.025853088	0.029107435
0.02660757	0.028530648
0.027384069	0.027957797
0.02818323	0.02738912
0.029005712	0.026824843
0.029852198	0.02626518
0.030723387	0.025710328
0.03162	0.025160477
0.032543603	0.02461532
0.033494186	0.02407551
0.034472536	0.023541195
0.03547946	0.023012517
0.0365158	0.022489602
0.03758241	0.021972569
0.03868017	0.021461522
0.03981	0.020956561
0.040972695	0.020457827
0.042169347	0.01996534
0.04340095	0.01947917
0.044668525	0.01899938
0.04597312	0.018526021
0.047315817	0.01805914
0.04869773	0.017598778
0.05012	0.017144969
0.0515838	0.016697742
0.053090356	0.016257118
0.05464091	0.015823115
0.05623675	0.015395746
0.0578792	0.014975021
0.059569612	0.014560945
0.0613094	0.014153522
0.0631	0.013752752
0.06494172	0.013358877
0.066837184	0.012971639
0.06878798	0.012591029
0.070795715	0.012217037
0.072862044	0.011849656
0.074988686	0.01148887
0.077177405	0.011134666
0.07943	0.010787031
0.08174976	0.010445743
0.08413727	0.010110998
0.08659451	0.009782777
0.08912351	0.009461062
0.09172637	0.009145833
0.09440525	0.0088370675
0.097162366	0.008534746
0.1	0.008238845
0.102919795	0.007949409
0.10592484	0.007666341
0.109017625	0.0073896158
0.112200715	0.0071192053
0.11547674	0.006855081
0.11884842	0.0065972125
0.12231855	0.0063455687
0.12589	0.0061001163
0.12956645	0.005860775
0.13335027	0.005627555
0.13724458	0.0054004183
0.14125264	0.005179324
0.14537773	0.00496423
0.14962329	0.0047550905
0.15399285	0.004551858
0.15849	0.004354483
0.16311829	0.004162921
0.16788174	0.0039771087
0.17278428	0.0037969889
0.17783	0.003622501
0.18302307	0.003453582
0.18836778	0.0032901666
0.19386858	0.0031321864
0.19953	0.0029795698
0.20535603	0.0028322607
0.21135218	0.0026901634
0.21752341	0.0025531983
0.22387484	0.0024212827
0.23041171	0.0022943323
0.23713945	0.002172259
0.24406363	0.0020549728
0.25119	0.001942381
0.25852492	0.0018343818
0.26607406	0.0017308856
0.27384362	0.0016317929
0.28184006	0.0015370023
0.29007	0.0014464108
0.29854023	0.0013599134
0.30725783	0.0012774038
0.31623	0.0011987742
0.32546407	0.0011239164
0.33496782	0.0010527197
0.34474903	9.850736E-4
0.3548159	9.2086714E-4
0.3651767	8.599885E-4
0.37584007	8.02326E-4
0.3868148	7.477681E-4
0.39811	6.962033E-4
0.40973493	6.4752105E-4
0.42169935	6.016107E-4
0.4340131	5.583628E-4
0.44668642	5.176691E-4
0.4597298	4.7942245E-4
0.47315407	4.4351732E-4
0.4869703	4.0984963E-4
0.50119	3.7831717E-4
0.5158249	3.4881965E-4
0.5308872	3.2125888E-4
0.5463893	2.9553886E-4
0.5623441	2.7156604E-4
0.57876474	2.492492E-4
0.59566486	2.2849978E-4
0.61305845	2.092318E-4
0.63096	1.913621E-4
0.6493842	1.7481025E-4
0.6683464	1.5949867E-4
0.6878623	1.4535263E-4
0.7079481	1.3230037E-4
0.72862035	1.2027303E-4
0.7498962	1.0920465E-4
0.7717934	9.903225E-5
0.79433	8.969569E-5
0.8175246	8.113776E-5
0.8413966	7.3304036E-5
0.86596555	6.6142915E-5
0.8912519	5.960552E-5
0.9172767	5.3645657E-5
0.9440614	4.8219743E-5
0.97162825	4.3286735E-5
1.0	3.8808044E-5
1.029201	3.4747376E-5
1.0592546	3.1070933E-5
1.090186	2.7747017E-5
1.1220205	2.4746036E-5
1.1547846	2.2040433E-5
1.1885055	1.960458E-5
1.223211	1.7414692E-5
1.25893	1.5448732E-5
1.2956905	1.3686386E-5
1.3335243	1.21087605E-5
1.3724631	1.069852E-5
1.4125386	9.439716E-6
1.4537846	8.317711E-6
1.4962348	7.3190813E-6
1.5399245	6.431551E-6
1.58489	5.6439044E-6
1.6311698	4.9459E-6
1.678801	4.328256E-6
1.727823	3.7825205E-6
1.7782766	3.3010267E-6
1.8302034	2.8768354E-6
1.8836465	2.5036763E-6
1.9386501	2.175893E-6
1.99526	1.8883917E-6
2.0535233	1.6365923E-6
2.113488	1.4163888E-6
2.1752036	1.2241012E-6
2.2387214	1.0564388E-6
2.304094	9.104647E-7
2.3713756	7.835614E-7
2.4406219	6.734011E-7
2.51189	5.779165E-7
2.5852382	4.952765E-7
2.6607285	4.2385813E-7
2.7384229	3.622292E-7
2.818386	3.0912685E-7
2.900684	2.6343915E-7
2.9853854	2.2418914E-7
3.0725598	1.9051951E-7
3.16228	1.616799E-7
3.2546198	1.3701393E-7
3.3496559	1.15948644E-7
3.447467	9.7985186E-8
3.5481343	8.268926E-8
3.6517413	6.9683956E-8
3.7583735	5.864251E-8
3.8681195	4.9282157E-8
3.98107	4.1358497E-8
4.097319	3.4660864E-8
4.2169633	2.9007788E-8
4.340101	2.4243363E-8
4.466834	2.0233706E-8
4.5972676	1.6864153E-8
4.7315106	1.40366E-8
4.869673	1.1667248E-8
5.01187	9.684735E-9
5.1582193	8.02828E-9
5.3088417	6.646193E-9
5.463863	5.4946625E-9
5.62341	4.536595E-9
5.7876167	3.7406407E-9
5.9566183	3.0802618E-9
6.1305547	2.5331475E-9
6.30957	2.0804685E-9
6.493813	1.7064474E-9
6.683436	1.3978732E-9
6.878596	1.1436119E-9
7.079455	9.344109E-10
7.286179	7.6250606E-10
7.4989395	6.21438E-10
7.7179127	5.0581817E-10
7.94328	4.1118586E-10
8.175228	3.338505E-10
8.41395	2.7070057E-10
8.659641	2.1923785E-10
8.912508	1.7733004E-10
9.172758	1.4325385E-10
9.440608	1.1557155E-10
9.716279	9.311929E-11
10.0	7.4942275E-11



DATASET #3

Name: RSQSim
Num Points: 401
Info: 

X, Y Data:
1.0E-4	0.07903703
1.0333392E-4	0.07903703
1.06779E-4	0.07903703
1.1033893E-4	0.07903703
1.14017545E-4	0.07903703
1.178188E-4	0.07903703
1.2174679E-4	0.07903703
1.2580573E-4	0.07903703
1.3E-4	0.07903703
1.334183E-4	0.07903703
1.369265E-4	0.07903703
1.4052694E-4	0.07903703
1.4422205E-4	0.07903703
1.4801433E-4	0.07903703
1.5190631E-4	0.07903703
1.5590065E-4	0.07903703
1.6E-4	0.07903703
1.645257E-4	0.07903703
1.691794E-4	0.07903703
1.7396474E-4	0.07903703
1.7888544E-4	0.07903703
1.8394532E-4	0.07903703
1.8914833E-4	0.07903703
1.944985E-4	0.07903703
2.0E-4	0.079037026
2.0565712E-4	0.079037026
2.1147425E-4	0.079037026
2.1745593E-4	0.079037026
2.236068E-4	0.079037026
2.2993165E-4	0.079037026
2.364354E-4	0.079037026
2.4312311E-4	0.079037026
2.5E-4	0.079037026
2.5783465E-4	0.07903702
2.659148E-4	0.07903702
2.742482E-4	0.07903702
2.8284272E-4	0.07903702
2.917066E-4	0.07903701
3.0084825E-4	0.079037
3.102764E-4	0.079037
3.2E-4	0.079036996
3.290514E-4	0.07903699
3.383588E-4	0.07903698
3.4792948E-4	0.07903697
3.5777088E-4	0.07903696
3.6789064E-4	0.07903694
3.7829665E-4	0.07903693
3.88997E-4	0.079036914
4.0E-4	0.07903689
4.1131425E-4	0.07903686
4.229485E-4	0.07903684
4.3491187E-4	0.0790368
4.472136E-4	0.079036765
4.598633E-4	0.07903671
4.728708E-4	0.07903666
4.8624622E-4	0.07903659
5.0E-4	0.07903652
5.1465514E-4	0.07903644
5.2973983E-4	0.07903633
5.4526667E-4	0.079036206
5.612486E-4	0.07903607
5.77699E-4	0.07903591
5.946315E-4	0.07903572
6.120603E-4	0.0790355
6.3E-4	0.07903525
6.4807665E-4	0.07903497
6.6667196E-4	0.07903464
6.858008E-4	0.07903427
7.0547854E-4	0.07903384
7.257209E-4	0.079033345
7.465441E-4	0.079032786
7.6796475E-4	0.079032145
7.9E-4	0.079031415
8.136239E-4	0.07903055
8.379543E-4	0.07902956
8.630122E-4	0.07902843
8.8881946E-4	0.07902714
9.153984E-4	0.07902567
9.427722E-4	0.079023995
9.7096455E-4	0.0790221
0.001	0.07901995
0.0010293103	0.07901757
0.0010594797	0.07901488
0.0010905333	0.07901186
0.0011224973	0.07900845
0.001155398	0.07900462
0.001189263	0.07900034
0.0012241206	0.078995526
0.00126	0.07899015
0.0012961533	0.07898427
0.0013333439	0.07897773
0.0013716016	0.07897045
0.0014109571	0.07896236
0.0014514418	0.07895339
0.0014930882	0.07894346
0.0015359295	0.078932464
0.00158	0.07892031
0.0016272478	0.07890632
0.0016759086	0.07889082
0.0017260244	0.0788737
0.0017776389	0.07885481
0.0018307968	0.07883397
0.0018855444	0.078811035
0.0019419291	0.078785814
0.002	0.07875813
0.0020575977	0.07872893
0.002116854	0.078697056
0.002177817	0.07866231
0.0022405356	0.07862448
0.0023050604	0.07858334
0.0023714434	0.078538656
0.0024397383	0.07849018
0.00251	0.07843766
0.0025833033	0.07838
0.0026587474	0.07831761
0.0027363948	0.07825019
0.0028163097	0.078177415
0.0028985585	0.07809896
0.0029832094	0.07801449
0.0030703326	0.077923656
0.00316	0.07782609
0.0032524571	0.07772123
0.0033476194	0.07760886
0.003445566	0.0774886
0.0035463783	0.07736004
0.0036501405	0.07722278
0.0037569385	0.07707641
0.003866861	0.07692052
0.00398	0.076754674
0.004096165	0.07657889
0.0042157196	0.076392375
0.0043387646	0.076194696
0.0044654002	0.07598543
0.0045957323	0.07576417
0.0047298684	0.0755305
0.0048679197	0.07528401
0.00501	0.075024314
0.005156579	0.07475035
0.0053074467	0.07446234
0.005462728	0.07415993
0.0056225527	0.07384276
0.0057870536	0.07351049
0.005956367	0.073162824
0.0061306343	0.07279946
0.00631	0.07242013
0.006493865	0.0720262
0.0066830874	0.07161598
0.0068778237	0.07118927
0.007078234	0.07074592
0.0072844843	0.0702858
0.0074967444	0.0698088
0.00771519	0.06931488
0.00794	0.06880401
0.008172275	0.0682741
0.008411343	0.067727156
0.008657407	0.067163266
0.008910668	0.06658255
0.009171338	0.06598518
0.009439633	0.06537136
0.009715778	0.06474131
0.01	0.06409535
0.010292081	0.0634348
0.010592694	0.062759064
0.010902087	0.062068533
0.011220517	0.061363645
0.011548247	0.060644876
0.011885551	0.05991274
0.012232705	0.05916778
0.01259	0.058410574
0.012957647	0.057641905
0.013336032	0.05686224
0.013725464	0.05607225
0.01412627	0.05527262
0.014538779	0.05446407
0.014963334	0.053647324
0.015400288	0.052823137
0.01585	0.05199227
0.016312422	0.051156264
0.016788337	0.05031515
0.017278135	0.049469724
0.017782224	0.048620775
0.01830102	0.047769103
0.01883495	0.046915498
0.019384459	0.04606075
0.01995	0.04520563
0.020533005	0.04434952
0.021133045	0.043494575
0.021750621	0.04264153
0.022386245	0.041791115
0.023040446	0.040944036
0.023713762	0.040100966
0.024406755	0.039262563
0.02512	0.038429454
0.025853088	0.037603345
0.02660757	0.036783684
0.027384069	0.035971
0.02818323	0.0351658
0.029005712	0.034368556
0.029852198	0.033579696
0.030723387	0.03279963
0.03162	0.032028724
0.032543603	0.03126664
0.033494186	0.030514363
0.034472536	0.029772159
0.03547946	0.029040257
0.0365158	0.02831886
0.03758241	0.027608132
0.03868017	0.026908211
0.03981	0.026219206
0.040972695	0.025541272
0.042169347	0.02487438
0.04340095	0.024218561
0.044668525	0.023573821
0.04597312	0.02294014
0.047315817	0.022317484
0.04869773	0.021705799
0.05012	0.021105014
0.0515838	0.02051505
0.053090356	0.01993581
0.05464091	0.019367183
0.05623675	0.01880906
0.0578792	0.018261315
0.059569612	0.017723825
0.0613094	0.01719646
0.0631	0.016679088
0.06494172	0.016171893
0.066837184	0.015674418
0.06878798	0.01518653
0.070795715	0.014708105
0.072862044	0.01423902
0.074988686	0.013779158
0.077177405	0.013328407
0.07943	0.01288666
0.08174976	0.012453562
0.08413727	0.012029285
0.08659451	0.011613744
0.08912351	0.011206861
0.09172637	0.010808561
0.09440525	0.01041878
0.097162366	0.010037457
0.1	0.009664538
0.102919795	0.009300064
0.10592484	0.0089439005
0.109017625	0.008596007
0.112200715	0.008256351
0.11547674	0.007924899
0.11884842	0.007601625
0.12231855	0.007286499
0.12589	0.0069794953
0.12956645	0.006680531
0.13335027	0.0063896393
0.13724458	0.006106793
0.14125264	0.0058319606
0.14537773	0.0055651106
0.14962329	0.005306206
0.15399285	0.0050552073
0.15849	0.004812069
0.16311829	0.0045767506
0.16788174	0.004349187
0.17278428	0.004129316
0.17783	0.0039170706
0.18302307	0.003712375
0.18836778	0.0035151488
0.19386858	0.003325303
0.19953	0.0031427431
0.20535603	0.002967387
0.21135218	0.0027991026
0.21752341	0.0026377738
0.22387484	0.002483277
0.23041171	0.0023354832
0.23713945	0.002194256
0.24406363	0.0020594534
0.25119	0.0019309281
0.25852492	0.0018085192
0.26607406	0.0016920783
0.27384362	0.0015814432
0.28184006	0.0014764484
0.29007	0.0013769249
0.29854023	0.0012827009
0.30725783	0.0011936025
0.31623	0.0011094537
0.32546407	0.0010300784
0.33496782	9.552981E-4
0.34474903	8.8493514E-4
0.3548159	8.188121E-4
0.3651767	7.567524E-4
0.37584007	6.985808E-4
0.3868148	6.441239E-4
0.39811	5.9321045E-4
0.40973493	5.4567214E-4
0.42169935	5.013431E-4
0.4340131	4.6006098E-4
0.44668642	4.2166724E-4
0.4597298	3.8600728E-4
0.47315407	3.529306E-4
0.4869703	3.2229128E-4
0.50119	2.9394796E-4
0.5158249	2.6776397E-4
0.5308872	2.4360776E-4
0.5463893	2.2135266E-4
0.5623441	2.0087711E-4
0.57876474	1.820647E-4
0.59566486	1.6480418E-4
0.61305845	1.4898943E-4
0.63096	1.3451948E-4
0.6493842	1.2129843E-4
0.6683464	1.0923533E-4
0.6878623	9.824417E-5
0.7079481	8.824379E-5
0.72862035	7.915767E-5
0.7498962	7.0913906E-5
0.7717934	6.344499E-5
0.79433	5.668771E-5
0.8175246	5.058296E-5
0.8413966	4.507559E-5
0.86596555	4.0114257E-5
0.8912519	3.5651225E-5
0.9172767	3.1642212E-5
0.9440614	2.8046217E-5
0.97162825	2.482534E-5
1.0	2.194462E-5
1.029201	1.9371799E-5
1.0592546	1.7077364E-5
1.090186	1.5034166E-5
1.1220205	1.3217342E-5
1.1547846	1.1604166E-5
1.1885055	1.0173902E-5
1.223211	8.907664E-6
1.25893	7.788281E-6
1.2956905	6.8002105E-6
1.3335243	5.9292893E-6
1.3724631	5.162756E-6
1.4125386	4.4890903E-6
1.4537846	3.897913E-6
1.4962348	3.379887E-6
1.5399245	2.9266303E-6
1.58489	2.5306294E-6
1.6311698	2.1851536E-6
1.678801	1.8842103E-6
1.727823	1.6224467E-6
1.7782766	1.3950984E-6
1.8302034	1.1979325E-6
1.8836465	1.0271948E-6
1.9386501	8.7956136E-7
1.99526	7.520945E-7
2.0535233	6.4220114E-7
2.113488	5.4759937E-7
2.1752036	4.662815E-7
2.2387214	3.964854E-7
2.304094	3.3666686E-7
2.3713756	2.8547512E-7
2.4406219	2.417305E-7
2.51189	2.044046E-7
2.5852382	1.7260275E-7
2.6607285	1.4554676E-7
2.7384229	1.2256207E-7
2.818386	1.0306458E-7
2.900684	8.654934E-8
2.9853854	7.258057E-8
3.0725598	6.078279E-8
3.16228	5.083304E-8
3.2546198	4.245398E-8
3.3496559	3.5407822E-8
3.447467	2.9491057E-8
3.5481343	2.4529756E-8
3.6517413	2.0375579E-8
3.7583735	1.6902197E-8
3.8681195	1.4002149E-8
3.98107	1.1584232E-8
4.097319	9.5711155E-9
4.2169633	7.897385E-9
4.340101	6.5077677E-9
4.466834	5.3556515E-9
4.5972676	4.4017696E-9
4.7315106	3.6130836E-9
4.869673	2.9618845E-9
5.01187	2.424947E-9
5.1582193	1.9828046E-9
5.3088417	1.6192437E-9
5.463863	1.3206684E-9
5.62341	1.0758083E-9
5.7876167	8.752561E-10
5.9566183	7.112051E-10
6.1305547	5.7719685E-10
6.30957	4.678744E-10
6.493813	3.788011E-10
6.683436	3.063103E-10
6.878596	2.47392E-10
7.079455	1.9958035E-10
7.286179	1.6081836E-10
7.4989395	1.2943024E-10
7.7179127	1.0405221E-10
7.94328	8.3556384E-11
8.175228	6.701972E-11
8.41395	5.3692495E-11
8.659641	4.2970738E-11
8.912508	3.4346415E-11
9.172758	2.742162E-11
9.440608	2.1864843E-11
9.716279	1.741074E-11
10.0	1.3857693E-11



DATASET #4

Name: 1000yr
Num Points: 2
Info: 

X, Y Data:
0.001	0.001
10.0	0.001



DATASET #5

Name: 2500yr
Num Points: 2
Info: 

X, Y Data:
0.001	4.0E-4
10.0	4.0E-4



DATASET #6

Name: 10000yr
Num Points: 2
Info: 

X, Y Data:
0.001	1.0E-4
10.0	1.0E-4


