
X-Axis: 5.0s SA (g)
Y-Axis: Annual Probabilitiy
Number of Data Sets: 5


DATASET #1

Name: UCERF3
Num Points: 401
Info: 

X, Y Data:
1.0E-4	0.055180486
1.0333392E-4	0.055180173
1.06779E-4	0.055179805
1.1033893E-4	0.05517937
1.14017545E-4	0.055178862
1.178188E-4	0.05517827
1.2174679E-4	0.055177577
1.2580573E-4	0.055176772
1.3E-4	0.05517584
1.334183E-4	0.055175
1.369265E-4	0.055174053
1.4052694E-4	0.05517299
1.4422205E-4	0.055171806
1.4801433E-4	0.05517048
1.5190631E-4	0.055168997
1.5590065E-4	0.055167347
1.6E-4	0.055165507
1.645257E-4	0.055163298
1.691794E-4	0.055160824
1.7396474E-4	0.055158056
1.7888544E-4	0.055154968
1.8394532E-4	0.055151522
1.8914833E-4	0.055147685
1.944985E-4	0.05514342
2.0E-4	0.055138685
2.0565712E-4	0.055133436
2.1147425E-4	0.05512762
2.1745593E-4	0.05512119
2.236068E-4	0.05511409
2.2993165E-4	0.055106264
2.364354E-4	0.055097647
2.4312311E-4	0.055088174
2.5E-4	0.05507777
2.5783465E-4	0.055065084
2.659148E-4	0.055051066
2.742482E-4	0.0550356
2.8284272E-4	0.055018555
2.917066E-4	0.054999813
3.0084825E-4	0.054979235
3.102764E-4	0.05495668
3.2E-4	0.054931995
3.290514E-4	0.05490772
3.383588E-4	0.05488146
3.4792948E-4	0.054853093
3.5777088E-4	0.054822482
3.6789064E-4	0.054789502
3.7829665E-4	0.054754015
3.88997E-4	0.054715876
4.0E-4	0.054674942
4.1131425E-4	0.05463107
4.229485E-4	0.054584105
4.3491187E-4	0.05453389
4.472136E-4	0.05448028
4.598633E-4	0.05442311
4.728708E-4	0.05436222
4.8624622E-4	0.054297447
5.0E-4	0.054228637
5.1465514E-4	0.054152932
5.2973983E-4	0.05407254
5.4526667E-4	0.053987283
5.612486E-4	0.053896975
5.77699E-4	0.05380144
5.946315E-4	0.053700507
6.120603E-4	0.053594004
6.3E-4	0.05348176
6.4807665E-4	0.05336613
6.6667196E-4	0.05324468
6.858008E-4	0.053117275
7.0547854E-4	0.05298377
7.257209E-4	0.05284403
7.465441E-4	0.052697923
7.6796475E-4	0.052545328
7.9E-4	0.052386124
8.136239E-4	0.052213162
8.379543E-4	0.0520328
8.630122E-4	0.05184492
8.8881946E-4	0.05164944
9.153984E-4	0.05144626
9.427722E-4	0.051235303
9.7096455E-4	0.051016502
0.001	0.050789796
0.0010293103	0.0505598
0.0010594797	0.05032212
0.0010905333	0.050076723
0.0011224973	0.049823593
0.001155398	0.04956272
0.001189263	0.0492941
0.0012241206	0.049017742
0.00126	0.04873366
0.0012961533	0.048448015
0.0013333439	0.048155017
0.0013716016	0.047854703
0.0014109571	0.047547124
0.0014514418	0.047232326
0.0014930882	0.04691037
0.0015359295	0.046581328
0.00158	0.046245266
0.0016272478	0.045887858
0.0016759086	0.04552302
0.0017260244	0.045150865
0.0017776389	0.0447715
0.0018307968	0.044385042
0.0018855444	0.04399162
0.0019419291	0.043591373
0.002	0.04318444
0.0020575977	0.04278614
0.002116854	0.04238191
0.002177817	0.04197189
0.0022405356	0.04155623
0.0023050604	0.041135095
0.0023714434	0.04070864
0.0024397383	0.040277034
0.00251	0.039840456
0.0025833033	0.039392922
0.0026587474	0.038940653
0.0027363948	0.03848385
0.0028163097	0.038022723
0.0028985585	0.037557483
0.0029832094	0.037088346
0.0030703326	0.03661554
0.00316	0.036139295
0.0032524571	0.035658967
0.0033476194	0.035175666
0.003445566	0.034689642
0.0035463783	0.03420115
0.0036501405	0.03371044
0.0037569385	0.033217777
0.003866861	0.032723423
0.00398	0.032227654
0.004096165	0.031731933
0.0042157196	0.031235343
0.0043387646	0.030738154
0.0044654002	0.030240644
0.0045957323	0.029743085
0.0047298684	0.029245755
0.0048679197	0.028748928
0.00501	0.028252875
0.005156579	0.027756702
0.0053074467	0.027261851
0.005462728	0.026768595
0.0056225527	0.026277194
0.0057870536	0.02578791
0.005956367	0.025300998
0.0061306343	0.024816707
0.00631	0.024335278
0.006493865	0.023858853
0.0066830874	0.023385726
0.0068778237	0.022916114
0.007078234	0.02245023
0.0072844843	0.021988269
0.0074967444	0.021530425
0.00771519	0.021076879
0.00794	0.020627802
0.008172275	0.020181635
0.008411343	0.019740291
0.008657407	0.019303907
0.008910668	0.018872617
0.009171338	0.018446542
0.009439633	0.018025791
0.009715778	0.017610462
0.01	0.017200647
0.010292081	0.016797038
0.010592694	0.016399067
0.010902087	0.016006792
0.011220517	0.015620262
0.011548247	0.0152395135
0.011885551	0.014864574
0.012232705	0.014495464
0.01259	0.014132195
0.012957647	0.013774849
0.013336032	0.013423339
0.013725464	0.013077657
0.01412627	0.012737781
0.014538779	0.01240369
0.014963334	0.012075354
0.015400288	0.011752739
0.01585	0.011435804
0.016312422	0.011124785
0.016788337	0.0108193485
0.017278135	0.010519444
0.017782224	0.01022502
0.01830102	0.009936023
0.01883495	0.009652397
0.019384459	0.009374084
0.01995	0.009101029
0.020533005	0.008832738
0.021133045	0.008569605
0.021750621	0.008311571
0.022386245	0.008058578
0.023040446	0.0078105694
0.023713762	0.007567491
0.024406755	0.0073292865
0.02512	0.0070959046
0.025853088	0.0068675964
0.02660757	0.0066439966
0.027384069	0.0064250566
0.02818323	0.006210731
0.029005712	0.0060009747
0.029852198	0.005795746
0.030723387	0.0055950037
0.03162	0.0053987084
0.032543603	0.0052066552
0.033494186	0.005018983
0.034472536	0.004835657
0.03547946	0.004656643
0.0365158	0.004481908
0.03758241	0.0043114205
0.03868017	0.004145148
0.03981	0.003983061
0.040972695	0.003825145
0.042169347	0.0036713511
0.04340095	0.003521648
0.044668525	0.0033760045
0.04597312	0.0032343885
0.047315817	0.003096767
0.04869773	0.0029631064
0.05012	0.0028333717
0.0515838	0.0027075273
0.053090356	0.0025855342
0.05464091	0.0024673538
0.05623675	0.0023529443
0.0578792	0.002242263
0.059569612	0.0021352647
0.0613094	0.0020319028
0.0631	0.0019321282
0.06494172	0.0018359494
0.066837184	0.0017432491
0.06878798	0.0016539723
0.070795715	0.0015680618
0.072862044	0.001485458
0.074988686	0.0014060996
0.077177405	0.0013299236
0.07943	0.0012568646
0.08174976	0.0011868147
0.08413727	0.0011197501
0.08659451	0.0010556007
0.08912351	9.942949E-4
0.09172637	9.3576E-4
0.09440525	8.7992207E-4
0.097162366	8.267063E-4
0.1	7.76037E-4
0.102919795	7.2784926E-4
0.10592484	6.820539E-4
0.109017625	6.3857395E-4
0.112200715	5.973322E-4
0.11547674	5.582517E-4
0.11884842	5.2125554E-4
0.12231855	4.8626712E-4
0.12589	4.5321052E-4
0.12956645	4.2200446E-4
0.13335027	3.9258096E-4
0.13724458	3.648663E-4
0.14125264	3.3878794E-4
0.14537773	3.142744E-4
0.14962329	2.9125562E-4
0.15399285	2.6966288E-4
0.15849	2.4942894E-4
0.16311829	2.3048898E-4
0.16788174	2.1277815E-4
0.17278428	1.9623422E-4
0.17783	1.8079678E-4
0.18302307	1.6640723E-4
0.18836778	1.5300885E-4
0.19386858	1.4054685E-4
0.19953	1.2896839E-4
0.20535603	1.1822379E-4
0.21135218	1.08262684E-4
0.21752341	9.90381E-5
0.22387484	9.050503E-5
0.23041171	8.262042E-5
0.23713945	7.534312E-5
0.24406363	6.863389E-5
0.25119	6.245536E-5
0.25852492	5.6771634E-5
0.26607406	5.1549407E-5
0.27384362	4.6756693E-5
0.28184006	4.2363223E-5
0.29007	3.8340393E-5
0.29854023	3.4661207E-5
0.30725783	3.130024E-5
0.31623	2.8233564E-5
0.32546407	2.5438727E-5
0.33496782	2.2894626E-5
0.34474903	2.0581525E-5
0.3548159	1.8480961E-5
0.3651767	1.6575697E-5
0.37584007	1.4849662E-5
0.3868148	1.3287891E-5
0.39811	1.1876474E-5
0.40973493	1.0602506E-5
0.42169935	9.454011E-6
0.4340131	8.419909E-6
0.44668642	7.4899654E-6
0.4597298	6.6547314E-6
0.47315407	5.9055037E-6
0.4869703	5.2342725E-6
0.50119	4.63368E-6
0.5158249	4.0969753E-6
0.5308872	3.6179765E-6
0.5463893	3.191028E-6
0.5623441	2.8109646E-6
0.57876474	2.4730762E-6
0.59566486	2.1730737E-6
0.61305845	1.9070573E-6
0.63096	1.6714866E-6
0.6493842	1.4631529E-6
0.6683464	1.2791503E-6
0.6878623	1.1168534E-6
0.7079481	9.738931E-7
0.72862035	8.481339E-7
0.7498962	7.3765506E-7
0.7717934	6.4073174E-7
0.79433	5.5581563E-7
0.8175246	4.815207E-7
0.8413966	4.1660678E-7
0.86596555	3.599676E-7
0.8912519	3.1061592E-7
0.9172767	2.676736E-7
0.9440614	2.3036031E-7
0.97162825	1.9798331E-7
1.0	1.6992831E-7
1.029201	1.4565202E-7
1.0592546	1.246753E-7
1.090186	1.0657531E-7
1.1220205	9.097901E-8
1.1547846	7.755987E-8
1.1885055	6.603005E-8
1.223211	5.6137505E-8
1.25893	4.766178E-8
1.2956905	4.0410633E-8
1.3335243	3.421575E-8
1.3724631	2.8930584E-8
1.4125386	2.442816E-8
1.4537846	2.0598144E-8
1.4962348	1.7344696E-8
1.5399245	1.4585034E-8
1.58489	1.2247551E-8
1.6311698	1.0270402E-8
1.678801	8.600575E-9
1.727823	7.192366E-9
1.7782766	6.0064185E-9
1.8302034	5.009116E-9
1.8836465	4.1716595E-9
1.9386501	3.4694174E-9
1.99526	2.8814306E-9
2.0535233	2.3898017E-9
2.113488	1.97935E-9
2.1752036	1.6371408E-9
2.2387214	1.3522432E-9
2.304094	1.115385E-9
2.3713756	9.187725E-10
2.4406219	7.558003E-10
2.51189	6.2087213E-10
2.5852382	5.093378E-10
2.6607285	4.1728798E-10
2.7384229	3.4142722E-10
2.818386	2.7896008E-10
2.900684	2.2760427E-10
2.9853854	1.8543844E-10
3.0725598	1.5090373E-10
3.16228	1.226319E-10
3.2546198	9.952017E-11
3.3496559	8.064449E-11
3.447467	6.525569E-11
3.5481343	5.2751026E-11
3.6517413	4.2554182E-11
3.7583735	3.429046E-11
3.8681195	2.7589042E-11
3.98107	2.2171598E-11
4.097319	1.7789215E-11
4.2169633	1.4239165E-11
4.340101	1.13922205E-11
4.466834	9.091727E-12
4.5972676	7.2518658E-12
4.7315106	5.769385E-12
4.869673	4.5876636E-12
5.01187	3.6360914E-12
5.1582193	2.8766989E-12
5.3088417	2.2684077E-12
5.463863	1.7847945E-12
5.62341	1.4043211E-12
5.7876167	1.0905721E-12
5.9566183	8.4843244E-13
6.1305547	6.564749E-13
6.30957	5.0792703E-13
6.493813	3.8913317E-13
6.683436	2.8987923E-13
6.878596	2.1982416E-13
7.079455	1.6520119E-13
7.286179	1.254552E-13
7.4989395	9.3369756E-14
7.7179127	6.739054E-14
7.94328	5.018208E-14
8.175228	3.6748382E-14
8.41395	2.653433E-14
8.659641	1.8984814E-14
8.912508	1.3877788E-14
9.172758	1.01030295E-14
9.440608	6.994405E-15
9.716279	5.107026E-15
10.0	3.7747583E-15



DATASET #2

Name: RSQSim
Num Points: 401
Info: 

X, Y Data:
1.0E-4	0.068439566
1.0333392E-4	0.068439275
1.06779E-4	0.06843894
1.1033893E-4	0.06843854
1.14017545E-4	0.06843807
1.178188E-4	0.068437524
1.2174679E-4	0.06843689
1.2580573E-4	0.068436146
1.3E-4	0.06843529
1.334183E-4	0.068434514
1.369265E-4	0.06843364
1.4052694E-4	0.06843267
1.4422205E-4	0.06843157
1.4801433E-4	0.06843034
1.5190631E-4	0.06842897
1.5590065E-4	0.06842744
1.6E-4	0.06842574
1.645257E-4	0.06842368
1.691794E-4	0.068421386
1.7396474E-4	0.06841881
1.7888544E-4	0.068415925
1.8394532E-4	0.0684127
1.8914833E-4	0.06840911
1.944985E-4	0.0684051
2.0E-4	0.068400644
2.0565712E-4	0.06839569
2.1147425E-4	0.06839019
2.1745593E-4	0.06838409
2.236068E-4	0.06837734
2.2993165E-4	0.06836987
2.364354E-4	0.068361625
2.4312311E-4	0.06835253
2.5E-4	0.068342514
2.5783465E-4	0.06833025
2.659148E-4	0.06831665
2.742482E-4	0.06830158
2.8284272E-4	0.06828491
2.917066E-4	0.06826649
3.0084825E-4	0.06824617
3.102764E-4	0.0682238
3.2E-4	0.068199195
3.290514E-4	0.06817489
3.383588E-4	0.06814847
3.4792948E-4	0.068119794
3.5777088E-4	0.0680887
3.6789064E-4	0.06805504
3.7829665E-4	0.06801863
3.88997E-4	0.06797929
4.0E-4	0.06793685
4.1131425E-4	0.06789111
4.229485E-4	0.06784188
4.3491187E-4	0.06778894
4.472136E-4	0.0677321
4.598633E-4	0.06767113
4.728708E-4	0.06760579
4.8624622E-4	0.067535885
5.0E-4	0.067461155
5.1465514E-4	0.06737842
5.2973983E-4	0.06728998
5.4526667E-4	0.06719556
5.612486E-4	0.06709487
5.77699E-4	0.06698764
5.946315E-4	0.066873565
6.120603E-4	0.06675235
6.3E-4	0.06662371
6.4807665E-4	0.066490255
6.6667196E-4	0.06634912
6.858008E-4	0.06620001
7.0547854E-4	0.06604266
7.257209E-4	0.06587679
7.465441E-4	0.06570213
7.6796475E-4	0.06551842
7.9E-4	0.06532537
8.136239E-4	0.06511412
8.379543E-4	0.06489218
8.630122E-4	0.06465928
8.8881946E-4	0.06441517
9.153984E-4	0.06415957
9.427722E-4	0.06389226
9.7096455E-4	0.06361299
0.001	0.06332155
0.0010293103	0.063023806
0.0010594797	0.06271399
0.0010905333	0.062391944
0.0011224973	0.062057536
0.001155398	0.061710633
0.001189263	0.061351128
0.0012241206	0.060978938
0.00126	0.060593992
0.0012961533	0.060204633
0.0013333439	0.059802976
0.0013716016	0.059389014
0.0014109571	0.058962762
0.0014514418	0.05852426
0.0014930882	0.05807356
0.0015359295	0.05761075
0.00158	0.05713592
0.0016272478	0.05662871
0.0016759086	0.05610876
0.0017260244	0.05557626
0.0017776389	0.055031426
0.0018307968	0.0544745
0.0018855444	0.05390574
0.0019419291	0.05332544
0.002	0.052733913
0.0020575977	0.052153632
0.002116854	0.051563565
0.002177817	0.05096405
0.0022405356	0.050355457
0.0023050604	0.049738158
0.0023714434	0.04911255
0.0024397383	0.048479054
0.00251	0.047838088
0.0025833033	0.04718106
0.0026587474	0.046517286
0.0027363948	0.045847263
0.0028163097	0.045171484
0.0028985585	0.04449047
0.0029832094	0.043804735
0.0030703326	0.04311481
0.00316	0.042421237
0.0032524571	0.041723274
0.0033476194	0.041022733
0.003445566	0.04032017
0.0035463783	0.039616127
0.0036501405	0.03891116
0.0037569385	0.038205817
0.003866861	0.03750064
0.00398	0.036796164
0.004096165	0.036094617
0.0042157196	0.035394818
0.0043387646	0.03469728
0.0044654002	0.0340025
0.0045957323	0.033310972
0.0047298684	0.03262316
0.0048679197	0.03193953
0.00501	0.03126052
0.005156579	0.030584972
0.0053074467	0.02991491
0.005462728	0.029250726
0.0056225527	0.028592797
0.0057870536	0.027941475
0.005956367	0.02729709
0.0061306343	0.02665996
0.00631	0.026030367
0.006493865	0.025411053
0.0066830874	0.024799725
0.0068778237	0.024196606
0.007078234	0.023601893
0.0072844843	0.023015764
0.0074967444	0.022438373
0.00771519	0.021869851
0.00794	0.021310315
0.008172275	0.02075773
0.008411343	0.020214366
0.008657407	0.019680275
0.008910668	0.019155493
0.009171338	0.018640038
0.009439633	0.01813391
0.009715778	0.017637094
0.01	0.01714956
0.010292081	0.01667199
0.010592694	0.01620357
0.010902087	0.015744234
0.011220517	0.015293902
0.011548247	0.014852486
0.011885551	0.014419889
0.012232705	0.013996007
0.01259	0.013580731
0.012957647	0.013174036
0.013336032	0.012775709
0.013725464	0.012385629
0.01412627	0.012003672
0.014538779	0.011629716
0.014963334	0.011263633
0.015400288	0.010905302
0.01585	0.0105546
0.016312422	0.01021171
0.016788337	0.009876198
0.017278135	0.00954795
0.017782224	0.009226853
0.01830102	0.008912803
0.01883495	0.008605696
0.019384459	0.008305436
0.01995	0.008011928
0.020533005	0.007724622
0.021133045	0.0074439184
0.021750621	0.0071697375
0.022386245	0.006902005
0.023040446	0.0066406503
0.023713762	0.0063856076
0.024406755	0.006136814
0.02512	0.005894212
0.025853088	0.005658059
0.02660757	0.0054279724
0.027384069	0.0052039023
0.02818323	0.0049858
0.029005712	0.00477362
0.029852198	0.0045673153
0.030723387	0.0043668416
0.03162	0.0041721533
0.032543603	0.003983041
0.033494186	0.003799632
0.034472536	0.003621879
0.03547946	0.0034497324
0.0365158	0.003283141
0.03758241	0.0031220505
0.03868017	0.002966405
0.03981	0.002816144
0.040972695	0.0026712213
0.042169347	0.0025315534
0.04340095	0.00239707
0.044668525	0.0022676978
0.04597312	0.0021433593
0.047315817	0.0020239733
0.04869773	0.0019094544
0.05012	0.0017997138
0.0515838	0.0016946595
0.053090356	0.0015941944
0.05464091	0.0014982189
0.05623675	0.0014066297
0.0578792	0.0013193208
0.059569612	0.001236183
0.0613094	0.0011571046
0.0631	0.0010819719
0.06494172	0.0010107125
0.066837184	9.431601E-4
0.06878798	8.79196E-4
0.070795715	8.187E-4
0.072862044	7.615514E-4
0.074988686	7.076288E-4
0.077177405	6.56811E-4
0.07943	6.089767E-4
0.08174976	5.639791E-4
0.08413727	5.2172784E-4
0.08659451	4.8210402E-4
0.08912351	4.4499015E-4
0.09172637	4.102704E-4
0.09440525	3.778309E-4
0.097162366	3.475599E-4
0.1	3.19348E-4
0.102919795	2.9309458E-4
0.10592484	2.6868854E-4
0.109017625	2.4602888E-4
0.112200715	2.2501752E-4
0.11547674	2.0555958E-4
0.11884842	1.8756343E-4
0.12231855	1.7094075E-4
0.12589	1.5560664E-4
0.12956645	1.4147694E-4
0.13335027	1.2847666E-4
0.13724458	1.1653115E-4
0.14125264	1.05569205E-4
0.14537773	9.552306E-5
0.14962329	8.6328306E-5
0.15399285	7.792389E-5
0.15849	7.025203E-5
0.16311829	6.325841E-5
0.16788174	5.6891255E-5
0.17278428	5.110213E-5
0.17783	4.5845572E-5
0.18302307	4.1078936E-5
0.18836778	3.6762332E-5
0.19386858	3.2858494E-5
0.19953	2.933267E-5
0.20535603	2.6152895E-5
0.21135218	2.3288681E-5
0.21752341	2.0712178E-5
0.22387484	1.8397597E-5
0.23041171	1.6321115E-5
0.23713945	1.4460746E-5
0.24406363	1.2796246E-5
0.25119	1.1309005E-5
0.25852492	9.981858E-6
0.26607406	8.799259E-6
0.27384362	7.74689E-6
0.28184006	6.8116815E-6
0.29007	5.9817166E-6
0.29854023	5.246153E-6
0.30725783	4.595139E-6
0.31623	4.019741E-6
0.32546407	3.511872E-6
0.33496782	3.0642143E-6
0.34474903	2.670168E-6
0.3548159	2.3237862E-6
0.3651767	2.0197194E-6
0.37584007	1.7531635E-6
0.3868148	1.5198106E-6
0.39811	1.3158048E-6
0.40973493	1.1377008E-6
0.42169935	9.824222E-7
0.4340131	8.4722944E-7
0.44668642	7.2968606E-7
0.4597298	6.276284E-7
0.47315407	5.391381E-7
0.4869703	4.6251716E-7
0.50119	3.9626474E-7
0.5158249	3.3905664E-7
0.5308872	2.897263E-7
0.5463893	2.4724756E-7
0.5623441	2.1071922E-7
0.57876474	1.7935106E-7
0.59566486	1.524513E-7
0.61305845	1.2941526E-7
0.63096	1.0971518E-7
0.6493842	9.289128E-8
0.6683464	7.854342E-8
0.6878623	6.632409E-8
0.7079481	5.5931878E-8
0.72862035	4.710577E-8
0.7498962	3.9620108E-8
0.7717934	3.3280052E-8
0.79433	2.79177E-8
0.8175246	2.3388516E-8
0.8413966	1.9568336E-8
0.86596555	1.6350585E-8
0.8912519	1.3643997E-8
0.9172767	1.1370487E-8
0.9440614	9.46339E-9
0.97162825	7.865846E-9
1.0	6.5294357E-9
1.029201	5.41298E-9
1.0592546	4.4815813E-9
1.090186	3.705617E-9
1.1220205	3.0600305E-9
1.1547846	2.5236422E-9
1.1885055	2.0785893E-9
1.223211	1.7098174E-9
1.25893	1.404661E-9
1.2956905	1.1524979E-9
1.3335243	9.443962E-10
1.3724631	7.728842E-10
1.4125386	6.3172056E-10
1.4537846	5.1568616E-10
1.4962348	4.2043402E-10
1.5399245	3.423497E-10
1.58489	2.784155E-10
1.6311698	2.2614033E-10
1.678801	1.834568E-10
1.727823	1.4863888E-10
1.7782766	1.2028856E-10
1.8302034	9.722334E-11
1.8836465	7.848999E-11
1.9386501	6.328227E-11
1.99526	5.0964677E-11
2.0535233	4.0996873E-11
2.113488	3.2937653E-11
2.1752036	2.6430635E-11
2.2387214	2.1188828E-11
2.304094	1.6963986E-11
2.3713756	1.356637E-11
2.4406219	1.0836332E-11
2.51189	8.644863E-12
2.5852382	6.889045E-12
2.6607285	5.4826144E-12
2.7384229	4.359735E-12
2.818386	3.4625636E-12
2.900684	2.7488012E-12
2.9853854	2.175482E-12
3.0725598	1.7177371E-12
3.16228	1.3549162E-12
3.2546198	1.0694778E-12
3.3496559	8.4399154E-13
3.447467	6.6291417E-13
3.5481343	5.185852E-13
3.6517413	4.0145665E-13
3.7583735	3.1297187E-13
3.8681195	2.404743E-13
3.98107	1.8784974E-13
4.097319	1.4399593E-13
4.2169633	1.10245146E-13
4.340101	8.526513E-14
4.466834	6.7279515E-14
4.5972676	5.1958438E-14
4.7315106	3.952394E-14
4.869673	2.9087843E-14
5.01187	2.3314684E-14
5.1582193	1.7541524E-14
5.3088417	1.4765966E-14
5.463863	1.0214052E-14
5.62341	7.771561E-15
5.7876167	5.7731597E-15
5.9566183	3.996803E-15
6.1305547	2.1094237E-15
6.30957	7.771561E-16
6.493813	1.110223E-16
6.683436	1.110223E-16
6.878596	0.0
7.079455	0.0
7.286179	0.0
7.4989395	0.0
7.7179127	0.0
7.94328	0.0
8.175228	0.0
8.41395	0.0
8.659641	0.0
8.912508	0.0
9.172758	0.0
9.440608	0.0
9.716279	0.0
10.0	0.0



DATASET #3

Name: 1000yr
Num Points: 2
Info: 

X, Y Data:
0.001	0.001
10.0	0.001



DATASET #4

Name: 2500yr
Num Points: 2
Info: 

X, Y Data:
0.001	4.0E-4
10.0	4.0E-4



DATASET #5

Name: 10000yr
Num Points: 2
Info: 

X, Y Data:
0.001	1.0E-4
10.0	1.0E-4


