
X-Axis: 5.0s SA (g)
Y-Axis: Annual Probabilitiy
Number of Data Sets: 5


DATASET #1

Name: UCERF3
Num Points: 401
Info: 

X, Y Data:
1.0E-4	0.057477817
1.0333392E-4	0.05747714
1.06779E-4	0.057476353
1.1033893E-4	0.057475436
1.14017545E-4	0.05747438
1.178188E-4	0.05747315
1.2174679E-4	0.057471734
1.2580573E-4	0.057470102
1.3E-4	0.057468228
1.334183E-4	0.057466548
1.369265E-4	0.057464678
1.4052694E-4	0.057462595
1.4422205E-4	0.057460286
1.4801433E-4	0.05745772
1.5190631E-4	0.057454877
1.5590065E-4	0.05745173
1.6E-4	0.05744825
1.645257E-4	0.057444107
1.691794E-4	0.057439502
1.7396474E-4	0.057434395
1.7888544E-4	0.057428736
1.8394532E-4	0.05742248
1.8914833E-4	0.057415567
1.944985E-4	0.05740794
2.0E-4	0.057399545
2.0565712E-4	0.05739031
2.1147425E-4	0.057380162
2.1745593E-4	0.057369035
2.236068E-4	0.057356846
2.2993165E-4	0.057343513
2.364354E-4	0.05732895
2.4312311E-4	0.057313066
2.5E-4	0.057295762
2.5783465E-4	0.05727485
2.659148E-4	0.05725193
2.742482E-4	0.057226863
2.8284272E-4	0.05719949
2.917066E-4	0.057169646
3.0084825E-4	0.057137165
3.102764E-4	0.057101868
3.2E-4	0.057063576
3.290514E-4	0.05702623
3.383588E-4	0.056986142
3.4792948E-4	0.05694317
3.5777088E-4	0.056897167
3.6789064E-4	0.05684798
3.7829665E-4	0.056795456
3.88997E-4	0.056739442
4.0E-4	0.056679785
4.1131425E-4	0.05661633
4.229485E-4	0.056548912
4.3491187E-4	0.056477383
4.472136E-4	0.056401577
4.598633E-4	0.05632134
4.728708E-4	0.056236524
4.8624622E-4	0.056146972
5.0E-4	0.056052525
5.1465514E-4	0.055949397
5.2973983E-4	0.055840705
5.4526667E-4	0.055726286
5.612486E-4	0.055605996
5.77699E-4	0.05547968
5.946315E-4	0.0553472
6.120603E-4	0.055208422
6.3E-4	0.055063214
6.4807665E-4	0.054914676
6.6667196E-4	0.05475975
6.858008E-4	0.05459833
7.0547854E-4	0.05443033
7.257209E-4	0.054255664
7.465441E-4	0.054074254
7.6796475E-4	0.05388603
7.9E-4	0.053690933
8.136239E-4	0.053480357
8.379543E-4	0.053262215
8.630122E-4	0.053036474
8.8881946E-4	0.05280309
9.153984E-4	0.052562058
9.427722E-4	0.052313358
9.7096455E-4	0.05205699
0.001	0.05179296
0.0010293103	0.051526677
0.0010594797	0.05125307
0.0010905333	0.05097217
0.0011224973	0.05068402
0.001155398	0.050388668
0.001189263	0.050086163
0.0012241206	0.04977657
0.00126	0.049459953
0.0012961533	0.049143177
0.0013333439	0.048819814
0.0013716016	0.048489943
0.0014109571	0.04815365
0.0014514418	0.047811028
0.0014930882	0.04746217
0.0015359295	0.047107168
0.00158	0.04674614
0.0016272478	0.046363793
0.0016759086	0.04597515
0.0017260244	0.04558033
0.0017776389	0.045179475
0.0018307968	0.04477272
0.0018855444	0.044360213
0.0019419291	0.043942098
0.002	0.04351853
0.0020575977	0.04310537
0.002116854	0.042687435
0.002177817	0.042264864
0.0022405356	0.04183781
0.0023050604	0.041406423
0.0023714434	0.040970854
0.0024397383	0.040531263
0.00251	0.040087808
0.0025833033	0.03963442
0.0026587474	0.039177403
0.0027363948	0.038716927
0.0028163097	0.03825317
0.0028985585	0.03778631
0.0029832094	0.03731653
0.0030703326	0.03684401
0.00316	0.03636894
0.0032524571	0.035890624
0.0033476194	0.035410114
0.003445566	0.034927603
0.0035463783	0.034443278
0.0036501405	0.03395733
0.0037569385	0.033469938
0.003866861	0.0329813
0.00398	0.032491595
0.004096165	0.032002196
0.0042157196	0.03151211
0.0043387646	0.031021517
0.0044654002	0.030530596
0.0045957323	0.030039527
0.0047298684	0.029548483
0.0048679197	0.02905764
0.00501	0.028567169
0.005156579	0.028076077
0.0053074467	0.02758569
0.005462728	0.027096178
0.0056225527	0.026607696
0.0057870536	0.026120402
0.005956367	0.025634449
0.0061306343	0.02514999
0.00631	0.024667172
0.006493865	0.024188058
0.0066830874	0.023710856
0.0068778237	0.023235701
0.007078234	0.02276273
0.0072844843	0.022292074
0.0074967444	0.021823864
0.00771519	0.02135823
0.00794	0.020895295
0.008172275	0.020433398
0.008411343	0.019974474
0.008657407	0.019518645
0.008910668	0.019066034
0.009171338	0.018616762
0.009439633	0.018170951
0.009715778	0.01772872
0.01	0.01729019
0.010292081	0.016856145
0.010592694	0.016426029
0.010902087	0.015999962
0.011220517	0.015578062
0.011548247	0.015160451
0.011885551	0.014747246
0.012232705	0.01433857
0.01259	0.013934541
0.012957647	0.013535366
0.013336032	0.013141076
0.013725464	0.012751789
0.01412627	0.012367623
0.014538779	0.011988696
0.014963334	0.011615123
0.015400288	0.011247019
0.01585	0.010884498
0.016312422	0.010527988
0.016788337	0.010177269
0.017278135	0.009832445
0.017782224	0.009493618
0.01830102	0.009160887
0.01883495	0.008834345
0.019384459	0.008514083
0.01995	0.008200184
0.020533005	0.007892233
0.021133045	0.00759082
0.021750621	0.007296014
0.022386245	0.0070078764
0.023040446	0.0067264624
0.023713762	0.00645182
0.024406755	0.0061839893
0.02512	0.005923004
0.025853088	0.005669225
0.02660757	0.005422315
0.027384069	0.0051822825
0.02818323	0.0049491273
0.029005712	0.0047228425
0.029852198	0.0045034112
0.030723387	0.004290809
0.03162	0.004085002
0.032543603	0.0038857767
0.033494186	0.0036932677
0.034472536	0.0035074165
0.03547946	0.0033281571
0.0365158	0.0031554159
0.03758241	0.002989111
0.03868017	0.0028291545
0.03981	0.0026754502
0.040972695	0.0025279128
0.042169347	0.0023864156
0.04340095	0.0022508446
0.044668525	0.00212108
0.04597312	0.0019969966
0.047315817	0.001878465
0.04869773	0.0017653513
0.05012	0.001657518
0.0515838	0.0015548248
0.053090356	0.0014571272
0.05464091	0.0013642791
0.05623675	0.0012761321
0.0578792	0.0011925364
0.059569612	0.0011133414
0.0613094	0.0010383956
0.0631	9.67547E-4
0.06494172	9.006851E-4
0.066837184	8.3761313E-4
0.06878798	7.781812E-4
0.070795715	7.222407E-4
0.072862044	6.696447E-4
0.074988686	6.2024797E-4
0.077177405	5.739077E-4
0.07943	5.3048343E-4
0.08174976	4.8981386E-4
0.08413727	4.5179098E-4
0.08659451	4.1628306E-4
0.08912351	3.8316162E-4
0.09172637	3.5230178E-4
0.09440525	3.2358227E-4
0.097162366	2.968856E-4
0.1	2.7209823E-4
0.102919795	2.4911578E-4
0.10592484	2.2782652E-4
0.109017625	2.0812893E-4
0.112200715	1.8992556E-4
0.11547674	1.7312301E-4
0.11884842	1.5763202E-4
0.12231855	1.4336726E-4
0.12589	1.3024746E-4
0.12956645	1.1819301E-4
0.13335027	1.0713306E-4
0.13724458	9.699789E-5
0.14125264	8.7721484E-5
0.14537773	7.924147E-5
0.14962329	7.1499E-5
0.15399285	6.443862E-5
0.15849	5.8008194E-5
0.16311829	5.215902E-5
0.16788174	4.6844925E-5
0.17278428	4.202299E-5
0.17783	3.7653102E-5
0.18302307	3.3697852E-5
0.18836778	3.0122399E-5
0.19386858	2.6894353E-5
0.19953	2.3983643E-5
0.20535603	2.1362705E-5
0.21135218	1.900539E-5
0.21752341	1.6887883E-5
0.22387484	1.4988222E-5
0.23041171	1.3286173E-5
0.23713945	1.1763141E-5
0.24406363	1.0402048E-5
0.25119	9.187245E-6
0.25852492	8.104343E-6
0.26607406	7.1403356E-6
0.27384362	6.2832833E-6
0.28184006	5.522309E-6
0.29007	4.847522E-6
0.29854023	4.249941E-6
0.30725783	3.721423E-6
0.31623	3.2545981E-6
0.32546407	2.8428074E-6
0.33496782	2.4800368E-6
0.34474903	2.1608698E-6
0.3548159	1.8804346E-6
0.3651767	1.634356E-6
0.37584007	1.4187078E-6
0.3868148	1.2299763E-6
0.39811	1.0650205E-6
0.40973493	9.210359E-7
0.42169935	7.9552115E-7
0.4340131	6.862513E-7
0.44668642	5.9124955E-7
0.4597298	5.0876145E-7
0.47315407	4.37234E-7
0.4869703	3.7529287E-7
0.50119	3.2172392E-7
0.5158249	2.7545642E-7
0.5308872	2.355479E-7
0.5463893	2.0117005E-7
0.5623441	1.7159505E-7
0.57876474	1.4618554E-7
0.59566486	1.2438366E-7
0.61305845	1.0570173E-7
0.63096	8.971415E-8
0.6493842	7.6050284E-8
0.6683464	6.438761E-8
0.6878623	5.4446183E-8
0.7079481	4.5982965E-8
0.72862035	3.8787515E-8
0.7498962	3.267786E-8
0.7717934	2.7496847E-8
0.79433	2.3109044E-8
0.8175246	1.9397715E-8
0.8413966	1.6262673E-8
0.86596555	1.3617811E-8
0.8912519	1.1389311E-8
0.9172767	9.514038E-9
0.9440614	7.938017E-9
0.97162825	6.6151506E-9
1.0	5.5061493E-9
1.029201	4.5776423E-9
1.0592546	3.801173E-9
1.090186	3.1527083E-9
1.1220205	2.611821E-9
1.1547846	2.1612148E-9
1.1885055	1.7862308E-9
1.223211	1.4745913E-9
1.25893	1.2159266E-9
1.2956905	1.0014853E-9
1.3335243	8.239259E-10
1.3724631	6.770746E-10
1.4125386	5.55762E-10
1.4537846	4.5564752E-10
1.4962348	3.7318748E-10
1.5399245	3.052656E-10
1.58489	2.494095E-10
1.6311698	2.0356006E-10
1.678801	1.6595203E-10
1.727823	1.3514134E-10
1.7782766	1.09903864E-10
1.8302034	8.930112E-11
1.8836465	7.2462925E-11
1.9386501	5.87258E-11
1.99526	4.754097E-11
2.0535233	3.845413E-11
2.113488	3.1061598E-11
2.1752036	2.5058955E-11
2.2387214	2.018119E-11
2.304094	1.6247004E-11
2.3713756	1.3057555E-11
2.4406219	1.0468071E-11
2.51189	8.3901774E-12
2.5852382	6.7074124E-12
2.6607285	5.3578253E-12
2.7384229	4.2641446E-12
2.818386	3.385514E-12
2.900684	2.688516E-12
2.9853854	2.1317392E-12
3.0725598	1.6904256E-12
3.16228	1.3309354E-12
3.2546198	1.0487167E-12
3.3496559	8.224532E-13
3.447467	6.4237504E-13
3.5481343	5.038192E-13
3.6517413	3.9501735E-13
3.7583735	3.0642155E-13
3.8681195	2.33924E-13
3.98107	1.8240964E-13
4.097319	1.3766766E-13
4.2169633	1.0458301E-13
4.340101	7.949197E-14
4.466834	5.739853E-14
4.5972676	4.42979E-14
4.7315106	3.1086245E-14
4.869673	2.3758773E-14
5.01187	1.498801E-14
5.1582193	9.103829E-15
5.3088417	6.217249E-15
5.463863	3.7747583E-15
5.62341	2.8865799E-15
5.7876167	1.7763568E-15
5.9566183	1.2212453E-15
6.1305547	5.551115E-16
6.30957	4.440892E-16
6.493813	4.440892E-16
6.683436	1.110223E-16
6.878596	0.0
7.079455	0.0
7.286179	0.0
7.4989395	0.0
7.7179127	0.0
7.94328	0.0
8.175228	0.0
8.41395	0.0
8.659641	0.0
8.912508	0.0
9.172758	0.0
9.440608	0.0
9.716279	0.0
10.0	0.0



DATASET #2

Name: RSQSim
Num Points: 401
Info: 

X, Y Data:
1.0E-4	0.06939564
1.0333392E-4	0.0693952
1.06779E-4	0.06939468
1.1033893E-4	0.06939407
1.14017545E-4	0.06939336
1.178188E-4	0.06939254
1.2174679E-4	0.06939158
1.2580573E-4	0.06939047
1.3E-4	0.06938919
1.334183E-4	0.06938803
1.369265E-4	0.069386736
1.4052694E-4	0.06938529
1.4422205E-4	0.06938367
1.4801433E-4	0.06938187
1.5190631E-4	0.069379866
1.5590065E-4	0.06937763
1.6E-4	0.06937514
1.645257E-4	0.06937216
1.691794E-4	0.06936883
1.7396474E-4	0.069365114
1.7888544E-4	0.069360964
1.8394532E-4	0.06935635
1.8914833E-4	0.06935122
1.944985E-4	0.06934552
2.0E-4	0.06933919
2.0565712E-4	0.06933219
2.1147425E-4	0.06932444
2.1745593E-4	0.06931587
2.236068E-4	0.06930643
2.2993165E-4	0.06929602
2.364354E-4	0.06928456
2.4312311E-4	0.06927197
2.5E-4	0.06925814
2.5783465E-4	0.069241285
2.659148E-4	0.06922265
2.742482E-4	0.06920209
2.8284272E-4	0.06917943
2.917066E-4	0.06915449
3.0084825E-4	0.06912709
3.102764E-4	0.069097035
3.2E-4	0.0690641
3.290514E-4	0.06903169
3.383588E-4	0.068996586
3.4792948E-4	0.06895862
3.5777088E-4	0.06891759
3.6789064E-4	0.068873316
3.7829665E-4	0.0688256
3.88997E-4	0.06877423
4.0E-4	0.068719
4.1131425E-4	0.06865968
4.229485E-4	0.06859604
4.3491187E-4	0.06852786
4.472136E-4	0.06845489
4.598633E-4	0.06837689
4.728708E-4	0.0682936
4.8624622E-4	0.068204775
5.0E-4	0.06811015
5.1465514E-4	0.06800575
5.2973983E-4	0.06789453
5.4526667E-4	0.06777622
5.612486E-4	0.06765049
5.77699E-4	0.06751705
5.946315E-4	0.06737558
6.120603E-4	0.06722578
6.3E-4	0.06706734
6.4807665E-4	0.066903524
6.6667196E-4	0.06673085
6.858008E-4	0.066549025
7.0547854E-4	0.06635779
7.257209E-4	0.066156864
7.465441E-4	0.06594599
7.6796475E-4	0.065724894
7.9E-4	0.06549333
8.136239E-4	0.06524076
8.379543E-4	0.06497631
8.630122E-4	0.06469974
8.8881946E-4	0.064410806
9.153984E-4	0.06410929
9.427722E-4	0.06379499
9.7096455E-4	0.06346773
0.001	0.06312734
0.0010293103	0.06278071
0.0010594797	0.06242119
0.0010905333	0.06204869
0.0011224973	0.06166312
0.001155398	0.06126443
0.001189263	0.06085258
0.0012241206	0.06042756
0.00126	0.059989385
0.0012961533	0.05954759
0.0013333439	0.05909326
0.0013716016	0.058626477
0.0014109571	0.058147345
0.0014514418	0.057655983
0.0014930882	0.057152543
0.0015359295	0.05663719
0.00158	0.05611012
0.0016272478	0.05554891
0.0016759086	0.05497549
0.0017260244	0.054390162
0.0017776389	0.05379324
0.0018307968	0.053185076
0.0018855444	0.052566037
0.0019419291	0.051936522
0.002	0.051296946
0.0020575977	0.05067156
0.002116854	0.05003765
0.002177817	0.049395643
0.0022405356	0.048745982
0.0023050604	0.04808912
0.0023714434	0.04742553
0.0024397383	0.046755694
0.00251	0.0460801
0.0025833033	0.04538976
0.0026587474	0.04469455
0.0027363948	0.043995004
0.0028163097	0.04329166
0.0028985585	0.042585064
0.0029832094	0.04187576
0.0030703326	0.0411643
0.00316	0.04045123
0.0032524571	0.039735775
0.0033476194	0.03901979
0.003445566	0.0383038
0.0035463783	0.037588336
0.0036501405	0.036873914
0.0037569385	0.036161046
0.003866861	0.03545022
0.00398	0.034741923
0.004096165	0.03403832
0.0042157196	0.033338152
0.0043387646	0.032641854
0.0044654002	0.031949844
0.0045957323	0.03126252
0.0047298684	0.030580273
0.0048679197	0.029903462
0.00501	0.029232435
0.005156579	0.028565947
0.0053074467	0.027905907
0.005462728	0.027252607
0.0056225527	0.026606312
0.0057870536	0.025967278
0.005956367	0.02533573
0.0061306343	0.02471188
0.00631	0.024095926
0.006493865	0.023490451
0.0066830874	0.022893133
0.0068778237	0.022304108
0.007078234	0.0217235
0.0072844843	0.021151412
0.0074967444	0.020587934
0.00771519	0.020033143
0.00794	0.019487102
0.008172275	0.018947786
0.008411343	0.018417377
0.008657407	0.017895902
0.008910668	0.017383374
0.009171338	0.016879806
0.009439633	0.016385194
0.009715778	0.01589953
0.01	0.015422795
0.010292081	0.014955679
0.010592694	0.014497414
0.010902087	0.014047969
0.011220517	0.013607304
0.011548247	0.013175378
0.011885551	0.0127521455
0.012232705	0.01233756
0.01259	0.01193157
0.012957647	0.011534212
0.013336032	0.01114534
0.013725464	0.010764901
0.01412627	0.010392836
0.014538779	0.010029091
0.014963334	0.009673604
0.015400288	0.009326318
0.01585	0.008987174
0.016312422	0.008656406
0.016788337	0.008333642
0.017278135	0.008018822
0.017782224	0.0077118846
0.01830102	0.0074127642
0.01883495	0.0071213976
0.019384459	0.006837719
0.01995	0.0065616607
0.020533005	0.0062927227
0.021133045	0.0060312906
0.021750621	0.0057772924
0.022386245	0.0055306535
0.023040446	0.0052912976
0.023713762	0.0050591454
0.024406755	0.0048341155
0.02512	0.0046161236
0.025853088	0.004405363
0.02660757	0.004201446
0.027384069	0.004004281
0.02818323	0.0038137725
0.029005712	0.0036298227
0.029852198	0.0034523308
0.030723387	0.0032811926
0.03162	0.0031163013
0.032543603	0.0029574095
0.033494186	0.0028045522
0.034472536	0.0026576137
0.03547946	0.002516475
0.0365158	0.002381015
0.03758241	0.00225111
0.03868017	0.0021266344
0.03981	0.00200746
0.040972695	0.0018934692
0.042169347	0.0017845171
0.04340095	0.0016804702
0.044668525	0.0015811943
0.04597312	0.001486554
0.047315817	0.0013964132
0.04869773	0.001310635
0.05012	0.0012290825
0.0515838	0.0011516188
0.053090356	0.0010781068
0.05464091	0.0010084099
0.05623675	9.4239233E-4
0.0578792	8.7991916E-4
0.059569612	8.2085666E-4
0.0613094	7.650725E-4
0.0631	7.1243575E-4
0.06494172	6.6284795E-4
0.066837184	6.1614794E-4
0.06878798	5.722113E-4
0.070795715	5.309155E-4
0.072862044	4.9214094E-4
0.074988686	4.557703E-4
0.077177405	4.2168924E-4
0.07943	3.897862E-4
0.08174976	3.5993534E-4
0.08413727	3.3205084E-4
0.08659451	3.0603024E-4
0.08912351	2.8177432E-4
0.09172637	2.5918716E-4
0.09440525	2.3817612E-4
0.097162366	2.1865194E-4
0.1	2.0052872E-4
0.102919795	1.8372785E-4
0.10592484	1.6816567E-4
0.109017625	1.537664E-4
0.112200715	1.4045757E-4
0.11547674	1.2817E-4
0.11884842	1.1683768E-4
0.12231855	1.0639783E-4
0.12589	9.6790754E-5
0.12956645	8.795815E-5
0.13335027	7.984823E-5
0.13724458	7.241016E-5
0.14125264	6.5595916E-5
0.14537773	5.9360176E-5
0.14962329	5.3660253E-5
0.15399285	4.8455986E-5
0.15849	4.3709668E-5
0.16311829	3.9386094E-5
0.16788174	3.5451936E-5
0.17278428	3.187621E-5
0.17783	2.863E-5
0.18302307	2.568633E-5
0.18836778	2.302009E-5
0.19386858	2.0607931E-5
0.19953	1.842818E-5
0.20535603	1.6460968E-5
0.21135218	1.4687421E-5
0.21752341	1.3090348E-5
0.22387484	1.165388E-5
0.23041171	1.0363392E-5
0.23713945	9.20542E-6
0.24406363	8.167588E-6
0.25119	7.238539E-6
0.25852492	6.4078117E-6
0.26607406	5.66594E-6
0.27384362	5.0042154E-6
0.28184006	4.4146896E-6
0.29007	3.890118E-6
0.29854023	3.4239094E-6
0.30725783	3.0100725E-6
0.31623	2.643171E-6
0.32546407	2.3182804E-6
0.33496782	2.03094E-6
0.34474903	1.7771213E-6
0.3548159	1.553189E-6
0.3651767	1.3558677E-6
0.37584007	1.1822095E-6
0.3868148	1.0295662E-6
0.39811	8.955612E-7
0.40973493	7.7806584E-7
0.42169935	6.751739E-7
0.4340131	5.85183E-7
0.44668642	5.0657417E-7
0.4597298	4.3799415E-7
0.47315407	3.782388E-7
0.4869703	3.2623836E-7
0.50119	2.8104367E-7
0.5158249	2.4181372E-7
0.5308872	2.0780469E-7
0.5463893	1.7835927E-7
0.5623441	1.5289764E-7
0.57876474	1.3090897E-7
0.59566486	1.1194392E-7
0.61305845	9.5607696E-8
0.63096	8.1554035E-8
0.6493842	6.9479626E-8
0.6683464	5.911908E-8
0.6878623	5.0240637E-8
0.7079481	4.2642135E-8
0.72862035	3.614752E-8
0.7498962	3.0603612E-8
0.7717934	2.5877423E-8
0.79433	2.185359E-8
0.8175246	1.8432207E-8
0.8413966	1.5526883E-8
0.86596555	1.3063005E-8
0.8912519	1.0976226E-8
0.9172767	9.211168E-9
0.9440614	7.720168E-9
0.97162825	6.462334E-9
1.0	5.4025984E-9
1.029201	4.51092E-9
1.0592546	3.761648E-9
1.090186	3.1328602E-9
1.1220205	2.605885E-9
1.1547846	2.164819E-9
1.1885055	1.7961367E-9
1.223211	1.4883662E-9
1.25893	1.2317795E-9
1.2956905	1.0181518E-9
1.3335243	8.4052143E-10
1.3724631	6.9300865E-10
1.4125386	5.706706E-10
1.4537846	4.69341E-10
1.4962348	3.855224E-10
1.5399245	3.1627878E-10
1.58489	2.591496E-10
1.6311698	2.1207835E-10
1.678801	1.7334267E-10
1.727823	1.4151014E-10
1.7782766	1.15378596E-10
1.8302034	9.395973E-11
1.8836465	7.6423645E-11
1.9386501	6.208467E-11
1.99526	5.0375926E-11
2.0535233	4.0829007E-11
2.113488	3.3053116E-11
2.1752036	2.672318E-11
2.2387214	2.1575963E-11
2.304094	1.7398083E-11
2.3713756	1.4019008E-11
2.4406219	1.12792E-11
2.51189	9.061418E-12
2.5852382	7.2707396E-12
2.6607285	5.829448E-12
2.7384229	4.6671556E-12
2.818386	3.7361225E-12
2.900684	2.9842795E-12
2.9853854	2.3823166E-12
3.0725598	1.9005908E-12
3.16228	1.5116797E-12
3.2546198	1.2032597E-12
3.3496559	9.55569E-13
3.447467	7.571721E-13
3.5481343	5.9752203E-13
3.6517413	4.7373216E-13
3.7583735	3.7470027E-13
3.8681195	2.947642E-13
3.98107	2.319256E-13
4.097319	1.8274271E-13
4.2169633	1.4355184E-13
4.340101	1.1335377E-13
4.466834	8.815171E-14
4.5972676	6.894485E-14
4.7315106	5.451195E-14
4.869673	4.2521542E-14
5.01187	3.28626E-14
5.1582193	2.5202063E-14
5.3088417	1.9095836E-14
5.463863	1.4543922E-14
5.62341	1.0880186E-14
5.7876167	8.326673E-15
5.9566183	6.217249E-15
6.1305547	4.8849813E-15
6.30957	3.8857806E-15
6.493813	2.8865799E-15
6.683436	2.1094237E-15
6.878596	1.5543122E-15
7.079455	1.2212453E-15
7.286179	7.771561E-16
7.4989395	3.330669E-16
7.7179127	0.0
7.94328	0.0
8.175228	0.0
8.41395	0.0
8.659641	0.0
8.912508	0.0
9.172758	0.0
9.440608	0.0
9.716279	0.0
10.0	0.0



DATASET #3

Name: 1000yr
Num Points: 2
Info: 

X, Y Data:
0.001	0.001
10.0	0.001



DATASET #4

Name: 2500yr
Num Points: 2
Info: 

X, Y Data:
0.001	4.0E-4
10.0	4.0E-4



DATASET #5

Name: 10000yr
Num Points: 2
Info: 

X, Y Data:
0.001	1.0E-4
10.0	1.0E-4


