
X-Axis: Normalized Interevent Time
Y-Axis: Probability
Number of Data Sets: 3


DATASET #1

     Name: aRed0_2 Histogram
   Points: 41
     Info: 

Data[x,y]:
0.05	  0.06659359
0.15	  0.0396936
0.25	  0.039770294
0.35	  0.041231904
0.45	  0.043397255
0.55	  0.044728044
0.65	  0.04686182
0.75	  0.049194083
0.85	  0.055099178
0.95	  0.068519846
1.05	  0.075561754
1.15	  0.07426705
1.25	  0.06968372
1.35	  0.055049554
1.45	  0.04525134
1.55	  0.03760494
1.65	  0.03187578
1.75	  0.02653458
1.85	  0.021698628
1.95	  0.015802557
2.05	  0.011282384
2.15	  0.008729074
2.25	  0.0068659694
2.35	  0.0054449574
2.45	  0.0042855917
2.55	  0.0033968955
2.65	  0.0027292452
2.75	  0.0020164838
2.85	  0.0015608576
2.95	  0.0011322985
3.05	  8.526072E-4
3.15	  7.037393E-4
3.25	  5.4133794E-4
3.35	  5.052487E-4
3.45	  3.3382504E-4
3.55	  2.9773585E-4
3.65	  1.9849057E-4
3.75	  1.5789023E-4
3.85	  9.022299E-5
3.95	  7.217839E-5
4.05	  3.8344768E-4



DATASET #2

     Name: Log-Normal Fit
   Points: 401
     Info: 

Data[x,y]:
0.005	  1.3933299E-13
0.015	  5.141183E-10
0.025	  3.409867E-8
0.035	  4.914437E-7
0.045	  3.2074038E-6
0.055	  1.3059326E-5
0.065	  3.9133913E-5
0.075	  9.486279E-5
0.085	  1.9717954E-4
0.095	  3.6508995E-4
0.105	  6.180735E-4
0.115	  9.746191E-4
0.125	  0.00145106
0.135	  0.0020607656
0.145	  0.0028136773
0.155	  0.0037161382
0.165	  0.004770954
0.175	  0.0059776227
0.185	  0.0073326672
0.195	  0.008830043
0.205	  0.010461558
0.215	  0.012217304
0.225	  0.014086061
0.235	  0.016055673
0.245	  0.018113386
0.255	  0.02024614
0.265	  0.022440823
0.275	  0.024684485
0.285	  0.02696451
0.295	  0.029268747
0.305	  0.031585634
0.315	  0.033904266
0.325	  0.03621444
0.335	  0.03850672
0.345	  0.040772434
0.355	  0.043003675
0.365	  0.045193315
0.375	  0.047334965
0.385	  0.049422972
0.395	  0.051452372
0.405	  0.053418864
0.415	  0.055318784
0.425	  0.057149053
0.435	  0.058907136
0.445	  0.060591023
0.455	  0.06219917
0.465	  0.06373047
0.475	  0.06518421
0.485	  0.066560045
0.495	  0.06785796
0.505	  0.06907822
0.515	  0.07022139
0.525	  0.07128823
0.535	  0.07227974
0.545	  0.0731971
0.555	  0.07404163
0.565	  0.07481482
0.575	  0.075518265
0.585	  0.07615366
0.595	  0.076722786
0.605	  0.07722749
0.615	  0.07766969
0.625	  0.078051314
0.635	  0.078374356
0.645	  0.07864081
0.655	  0.07885268
0.665	  0.07901199
0.675	  0.07912075
0.685	  0.07918093
0.695	  0.07919454
0.705	  0.079163514
0.715	  0.0790898
0.725	  0.078975275
0.735	  0.07882181
0.745	  0.07863124
0.755	  0.07840534
0.765	  0.07814586
0.775	  0.07785451
0.785	  0.077532925
0.795	  0.07718273
0.805	  0.076805495
0.815	  0.07640273
0.825	  0.07597591
0.835	  0.07552646
0.845	  0.07505575
0.855	  0.074565105
0.865	  0.07405583
0.875	  0.07352914
0.885	  0.07298624
0.895	  0.07242827
0.905	  0.07185634
0.915	  0.07127151
0.925	  0.07067479
0.935	  0.07006717
0.945	  0.069449574
0.955	  0.068822905
0.965	  0.06818803
0.975	  0.067545764
0.985	  0.066896886
0.995	  0.06624216
1.005	  0.0655823
1.015	  0.06491798
1.025	  0.064249866
1.035	  0.06357857
1.045	  0.062904686
1.055	  0.06222878
1.065	  0.06155138
1.075	  0.060873
1.085	  0.06019412
1.095	  0.059515193
1.105	  0.058836658
1.115	  0.058158923
1.125	  0.057482373
1.135	  0.056807376
1.145	  0.056134276
1.155	  0.055463407
1.165	  0.054795064
1.175	  0.054129545
1.185	  0.05346712
1.195	  0.052808043
1.205	  0.052152548
1.215	  0.051500868
1.225	  0.050853204
1.235	  0.050209753
1.245	  0.049570702
1.255	  0.04893621
1.265	  0.048306443
1.275	  0.04768154
1.285	  0.047061637
1.295	  0.046446852
1.305	  0.045837305
1.315	  0.045233097
1.325	  0.04463432
1.335	  0.044041056
1.345	  0.043453388
1.355	  0.042871382
1.365	  0.042295102
1.375	  0.041724596
1.385	  0.041159917
1.395	  0.0406011
1.405	  0.040048182
1.415	  0.039501194
1.425	  0.038960155
1.435	  0.038425088
1.445	  0.037896
1.455	  0.037372902
1.465	  0.0368558
1.475	  0.036344685
1.485	  0.03583956
1.495	  0.035340417
1.505	  0.03484724
1.515	  0.034360018
1.525	  0.03387873
1.535	  0.033403352
1.545	  0.032933865
1.555	  0.03247024
1.565	  0.032012448
1.575	  0.031560462
1.585	  0.031114241
1.595	  0.030673753
1.605	  0.030238964
1.615	  0.02980983
1.625	  0.029386314
1.635	  0.028968371
1.645	  0.02855596
1.655	  0.028149035
1.665	  0.027747551
1.675	  0.027351461
1.685	  0.026960718
1.695	  0.026575271
1.705	  0.026195072
1.715	  0.02582007
1.725	  0.025450217
1.735	  0.025085457
1.745	  0.02472574
1.755	  0.024371017
1.765	  0.02402123
1.775	  0.023676328
1.785	  0.02333626
1.795	  0.023000969
1.805	  0.022670403
1.815	  0.022344507
1.825	  0.022023229
1.835	  0.021706514
1.845	  0.021394309
1.855	  0.021086557
1.865	  0.020783208
1.875	  0.020484207
1.885	  0.020189501
1.895	  0.019899035
1.905	  0.019612757
1.915	  0.019330615
1.925	  0.019052554
1.935	  0.018778522
1.945	  0.01850847
1.955	  0.01824234
1.965	  0.017980088
1.975	  0.017721657
1.985	  0.017467
1.995	  0.017216062
2.005	  0.016968798
2.015	  0.016725156
2.025	  0.016485088
2.035	  0.016248543
2.045	  0.016015472
2.055	  0.015785832
2.065	  0.01555957
2.075	  0.015336642
2.085	  0.015117001
2.095	  0.0149006
2.105	  0.014687394
2.115	  0.014477338
2.125	  0.014270387
2.135	  0.014066496
2.145	  0.013865623
2.155	  0.013667724
2.165	  0.013472755
2.175	  0.013280676
2.185	  0.013091444
2.195	  0.0129050175
2.205	  0.012721356
2.215	  0.012540419
2.225	  0.012362167
2.235	  0.012186561
2.245	  0.012013561
2.255	  0.01184313
2.265	  0.011675229
2.275	  0.011509823
2.285	  0.011346871
2.295	  0.011186341
2.305	  0.011028193
2.315	  0.010872395
2.325	  0.01071891
2.335	  0.010567704
2.345	  0.010418744
2.355	  0.010271994
2.365	  0.010127423
2.375	  0.009984997
2.385	  0.009844686
2.395	  0.009706455
2.405	  0.0095702745
2.415	  0.009436114
2.425	  0.009303942
2.435	  0.009173729
2.445	  0.009045445
2.455	  0.008919062
2.465	  0.00879455
2.475	  0.008671881
2.485	  0.008551027
2.495	  0.00843196
2.505	  0.008314653
2.515	  0.008199081
2.525	  0.008085215
2.535	  0.007973032
2.545	  0.007862504
2.555	  0.007753606
2.565	  0.007646314
2.575	  0.0075406036
2.585	  0.00743645
2.595	  0.00733383
2.605	  0.00723272
2.615	  0.007133097
2.625	  0.007034938
2.635	  0.0069382214
2.645	  0.0068429247
2.655	  0.006749026
2.665	  0.0066565047
2.675	  0.006565339
2.685	  0.0064755087
2.695	  0.006386993
2.705	  0.0062997723
2.715	  0.006213826
2.725	  0.006129136
2.735	  0.006045682
2.745	  0.005963445
2.755	  0.0058824075
2.765	  0.005802551
2.775	  0.005723856
2.785	  0.005646306
2.795	  0.0055698836
2.805	  0.0054945713
2.815	  0.0054203523
2.825	  0.00534721
2.835	  0.0052751275
2.845	  0.005204089
2.855	  0.0051340787
2.865	  0.0050650802
2.875	  0.0049970793
2.885	  0.00493006
2.895	  0.0048640077
2.905	  0.0047989073
2.915	  0.0047347443
2.925	  0.004671505
2.935	  0.0046091755
2.945	  0.004547741
2.955	  0.0044871885
2.965	  0.0044275047
2.975	  0.0043686763
2.985	  0.0043106903
2.995	  0.004253534
3.005	  0.0041971947
3.015	  0.00414166
3.025	  0.0040869177
3.035	  0.0040329564
3.045	  0.0039797635
3.055	  0.003927328
3.065	  0.003875638
3.075	  0.0038246824
3.085	  0.0037744502
3.095	  0.0037249303
3.105	  0.0036761123
3.115	  0.0036279853
3.125	  0.003580539
3.135	  0.0035337633
3.145	  0.0034876482
3.155	  0.0034421834
3.165	  0.0033973593
3.175	  0.0033531664
3.185	  0.003309595
3.195	  0.003266636
3.205	  0.0032242802
3.215	  0.0031825185
3.225	  0.0031413422
3.235	  0.0031007424
3.245	  0.0030607104
3.255	  0.0030212377
3.265	  0.0029823163
3.275	  0.0029439377
3.285	  0.0029060938
3.295	  0.002868777
3.305	  0.002831979
3.315	  0.0027956923
3.325	  0.0027599093
3.335	  0.0027246226
3.345	  0.0026898247
3.355	  0.0026555085
3.365	  0.0026216665
3.375	  0.0025882924
3.385	  0.0025553787
3.395	  0.0025229186
3.405	  0.0024909058
3.415	  0.0024593335
3.425	  0.0024281952
3.435	  0.0023974844
3.445	  0.002367195
3.455	  0.0023373205
3.465	  0.0023078553
3.475	  0.002278793
3.485	  0.002250128
3.495	  0.002221854
3.505	  0.0021939657
3.515	  0.0021664575
3.525	  0.0021393236
3.535	  0.0021125586
3.545	  0.002086157
3.555	  0.002060114
3.565	  0.0020344236
3.575	  0.0020090814
3.585	  0.001984082
3.595	  0.0019594203
3.605	  0.0019350917
3.615	  0.0019110912
3.625	  0.001887414
3.635	  0.0018640555
3.645	  0.0018410111
3.655	  0.0018182764
3.665	  0.0017958465
3.675	  0.0017737175
3.685	  0.0017518848
3.695	  0.0017303441
3.705	  0.0017090914
3.715	  0.0016881223
3.725	  0.001667433
3.735	  0.0016470193
3.745	  0.0016268773
3.755	  0.0016070032
3.765	  0.001587393
3.775	  0.001568043
3.785	  0.0015489495
3.795	  0.0015301089
3.805	  0.0015115174
3.815	  0.0014931718
3.825	  0.0014750683
3.835	  0.0014572035
3.845	  0.001439574
3.855	  0.0014221767
3.865	  0.001405008
3.875	  0.0013880649
3.885	  0.001371344
3.895	  0.0013548423
3.905	  0.0013385566
3.915	  0.0013224841
3.925	  0.0013066215
3.935	  0.0012909659
3.945	  0.0012755145
3.955	  0.0012602644
3.965	  0.0012452127
3.975	  0.0012303566
3.985	  0.0012156937
3.995	  0.0012012208
4.005	  0.0011869355



DATASET #3

     Name: BPT Fit
   Points: 401
     Info: Mean = 100.0, Aperiodicity = 0.5, Duration = 30.0, Delta T = 1.0, Num Points = 500, Historic Open Interval = 0.0
Computed mean = 0.99111617

Data[x,y]:
0.0	  0.0
0.01	  0.0
0.02	  8.243867E-28
0.03	  3.319062E-18
0.04	  1.8414197E-13
0.05	  1.1921833E-10
0.06	  8.445615E-9
0.07	  1.7021125E-7
0.08	  1.5707269E-6
0.09	  8.636829E-6
0.1	  3.3122113E-5
0.11	  9.78887E-5
0.12	  2.3822149E-4
0.13	  4.997047E-4
0.14	  9.333705E-4
0.15	  0.0015897197
0.16	  0.0025131654
0.17	  0.0037378967
0.18	  0.005285526
0.19	  0.0071644224
0.2	  0.009370369
0.21	  0.011888123
0.22	  0.014693463
0.23	  0.017755404
0.24	  0.02103835
0.25	  0.02450405
0.26	  0.028113252
0.27	  0.031827066
0.28	  0.035608005
0.29	  0.039420772
0.3	  0.043232784
0.31	  0.04701449
0.32	  0.050739553
0.33	  0.054384883
0.34	  0.057930566
0.35	  0.061359752
0.36	  0.06465845
0.37	  0.067815356
0.38	  0.07082159
0.39	  0.07367049
0.4	  0.07635736
0.41	  0.07887925
0.42	  0.08123477
0.43	  0.08342384
0.44	  0.08544754
0.45	  0.08730794
0.46	  0.089007914
0.47	  0.09055104
0.48	  0.09194146
0.49	  0.09318374
0.5	  0.094282836
0.51	  0.095243946
0.52	  0.09607247
0.53	  0.096773945
0.54	  0.097353965
0.55	  0.09781816
0.56	  0.09817213
0.57	  0.09842144
0.58	  0.098571576
0.59	  0.09862792
0.6	  0.098595716
0.61	  0.09848009
0.62	  0.09828601
0.63	  0.098018296
0.64	  0.09768158
0.65	  0.09728036
0.66	  0.09681892
0.67	  0.0963014
0.68	  0.09573176
0.69	  0.09511377
0.7	  0.094451055
0.71	  0.09374706
0.72	  0.09300506
0.73	  0.092228174
0.74	  0.09141938
0.75	  0.09058148
0.76	  0.089717135
0.77	  0.08882889
0.78	  0.087919116
0.79	  0.08699008
0.8	  0.08604392
0.81	  0.085082635
0.82	  0.08410813
0.83	  0.08312219
0.84	  0.08212648
0.85	  0.0811226
0.86	  0.08011202
0.87	  0.07909614
0.88	  0.07807625
0.89	  0.077053584
0.9	  0.076029286
0.91	  0.075004406
0.92	  0.07397996
0.93	  0.07295687
0.94	  0.07193599
0.95	  0.070918135
0.96	  0.06990406
0.97	  0.06889444
0.98	  0.06788993
0.99	  0.06689112
1.0	  0.06589856
1.01	  0.064912744
1.02	  0.06393415
1.03	  0.062963195
1.04	  0.062000263
1.05	  0.06104572
1.06	  0.06009988
1.07	  0.05916304
1.08	  0.058235463
1.09	  0.057317384
1.1	  0.05640901
1.11	  0.055510536
1.12	  0.054622125
1.13	  0.053743917
1.14	  0.052876044
1.15	  0.05201861
1.16	  0.051171698
1.17	  0.05033539
1.18	  0.049509738
1.19	  0.04869479
1.2	  0.04789057
1.21	  0.047097106
1.22	  0.046314396
1.23	  0.04554244
1.24	  0.044781227
1.25	  0.04403073
1.26	  0.043290917
1.27	  0.04256175
1.28	  0.041843187
1.29	  0.041135166
1.3	  0.040437628
1.31	  0.039750513
1.32	  0.039073743
1.33	  0.038407248
1.34	  0.03775094
1.35	  0.037104744
1.36	  0.03646856
1.37	  0.03584231
1.38	  0.035225887
1.39	  0.034619197
1.4	  0.034022145
1.41	  0.03343462
1.42	  0.03285652
1.43	  0.032287747
1.44	  0.031728182
1.45	  0.03117772
1.46	  0.030636255
1.47	  0.03010367
1.48	  0.029579857
1.49	  0.029064702
1.5	  0.028558094
1.51	  0.028059917
1.52	  0.02757006
1.53	  0.027088407
1.54	  0.026614849
1.55	  0.02614927
1.56	  0.025691554
1.57	  0.025241593
1.58	  0.024799274
1.59	  0.024364483
1.6	  0.023937112
1.61	  0.023517048
1.62	  0.023104182
1.63	  0.022698404
1.64	  0.022299606
1.65	  0.021907683
1.66	  0.021522526
1.67	  0.02114403
1.68	  0.020772092
1.69	  0.020406606
1.7	  0.020047469
1.71	  0.019694582
1.72	  0.019347843
1.73	  0.019007154
1.74	  0.018672414
1.75	  0.01834353
1.76	  0.018020403
1.77	  0.017702939
1.78	  0.017391045
1.79	  0.017084628
1.8	  0.016783597
1.81	  0.016487863
1.82	  0.016197335
1.83	  0.015911927
1.84	  0.015631553
1.85	  0.015356127
1.86	  0.015085565
1.87	  0.014819783
1.88	  0.014558702
1.89	  0.01430224
1.9	  0.014050317
1.91	  0.013802856
1.92	  0.013559781
1.93	  0.013321014
1.94	  0.013086482
1.95	  0.012856112
1.96	  0.012629829
1.97	  0.0124075655
1.98	  0.012189249
1.99	  0.011974811
2.0	  0.011764184
2.01	  0.011557301
2.02	  0.011354095
2.03	  0.011154504
2.04	  0.010958462
2.05	  0.010765908
2.06	  0.010576781
2.07	  0.010391018
2.08	  0.010208561
2.09	  0.010029352
2.1	  0.009853333
2.11	  0.009680446
2.12	  0.009510638
2.13	  0.009343852
2.14	  0.009180036
2.15	  0.009019136
2.16	  0.0088611
2.17	  0.008705879
2.18	  0.008553419
2.19	  0.008403674
2.2	  0.008256594
2.21	  0.008112132
2.22	  0.00797024
2.23	  0.007830873
2.24	  0.007693987
2.25	  0.007559535
2.26	  0.0074274754
2.27	  0.0072977645
2.28	  0.00717036
2.29	  0.007045221
2.3	  0.006922307
2.31	  0.0068015773
2.32	  0.0066829934
2.33	  0.006566516
2.34	  0.0064521083
2.35	  0.0063397326
2.36	  0.006229352
2.37	  0.0061209314
2.38	  0.006014435
2.39	  0.0059098285
2.4	  0.0058070775
2.41	  0.005706149
2.42	  0.0056070103
2.43	  0.005509629
2.44	  0.0054139737
2.45	  0.005320013
2.46	  0.005227717
2.47	  0.005137055
2.48	  0.0050479984
2.49	  0.004960518
2.5	  0.004874585
2.51	  0.004790172
2.52	  0.004707252
2.53	  0.0046257973
2.54	  0.0045457827
2.55	  0.004467181
2.56	  0.004389968
2.57	  0.0043141176
2.58	  0.0042396057
2.59	  0.004166409
2.6	  0.0040945034
2.61	  0.0040238653
2.62	  0.003954472
2.63	  0.0038863018
2.64	  0.003819332
2.65	  0.0037535415
2.66	  0.003688909
2.67	  0.0036254139
2.68	  0.0035630353
2.69	  0.0035017536
2.7	  0.003441549
2.71	  0.0033824022
2.72	  0.0033242942
2.73	  0.0032672065
2.74	  0.0032111206
2.75	  0.0031560187
2.76	  0.003101883
2.77	  0.0030486966
2.78	  0.0029964421
2.79	  0.0029451032
2.8	  0.0028946633
2.81	  0.0028451062
2.82	  0.0027964164
2.83	  0.002748578
2.84	  0.0027015763
2.85	  0.002655396
2.86	  0.0026100227
2.87	  0.0025654417
2.88	  0.002521639
2.89	  0.0024786007
2.9	  0.002436313
2.91	  0.002394763
2.92	  0.0023539371
2.93	  0.0023138225
2.94	  0.0022744066
2.95	  0.002235677
2.96	  0.0021976214
2.97	  0.0021602279
2.98	  0.0021234846
2.99	  0.00208738
3.0	  0.0020519027
3.01	  0.0020170417
3.02	  0.0019827858
3.03	  0.0019491246
3.04	  0.0019160473
3.05	  0.0018835437
3.06	  0.0018516034
3.07	  0.0018202167
3.08	  0.0017893735
3.09	  0.0017590644
3.1	  0.0017292798
3.11	  0.0017000105
3.12	  0.0016712474
3.13	  0.0016429815
3.14	  0.001615204
3.15	  0.0015879063
3.16	  0.00156108
3.17	  0.0015347166
3.18	  0.001508808
3.19	  0.0014833462
3.2	  0.0014583233
3.21	  0.0014337316
3.22	  0.0014095636
3.23	  0.0013858116
3.24	  0.0013624685
3.25	  0.0013395268
3.26	  0.0013169798
3.27	  0.0012948203
3.28	  0.0012730416
3.29	  0.001251637
3.3	  0.0012305999
3.31	  0.0012099239
3.32	  0.0011896027
3.33	  0.0011696299
3.34	  0.0011499994
3.35	  0.0011307055
3.36	  0.0011117419
3.37	  0.0010931031
3.38	  0.0010747833
3.39	  0.001056777
3.4	  0.0010390786
3.41	  0.0010216828
3.42	  0.0010045841
3.43	  9.877777E-4
3.44	  9.712582E-4
3.45	  9.550207E-4
3.46	  9.390603E-4
3.47	  9.2337205E-4
3.48	  9.0795127E-4
3.49	  8.9279335E-4
3.5	  8.778936E-4
3.51	  8.6324767E-4
3.52	  8.48851E-4
3.53	  8.346993E-4
3.54	  8.207883E-4
3.55	  8.0711395E-4
3.56	  7.9367193E-4
3.57	  7.8045833E-4
3.58	  7.674691E-4
3.59	  7.5470045E-4
3.6	  7.421485E-4
3.61	  7.2980946E-4
3.62	  7.176797E-4
3.63	  7.057555E-4
3.64	  6.940334E-4
3.65	  6.8250985E-4
3.66	  6.711814E-4
3.67	  6.600448E-4
3.68	  6.4909656E-4
3.69	  6.383335E-4
3.7	  6.277524E-4
3.71	  6.1735016E-4
3.72	  6.071236E-4
3.73	  5.9706985E-4
3.74	  5.871858E-4
3.75	  5.774685E-4
3.76	  5.6791515E-4
3.77	  5.5852294E-4
3.78	  5.4928905E-4
3.79	  5.4021075E-4
3.8	  5.3128536E-4
3.81	  5.225103E-4
3.82	  5.1388296E-4
3.83	  5.0540076E-4
3.84	  4.9706124E-4
3.85	  4.8886193E-4
3.86	  4.8080046E-4
3.87	  4.7287444E-4
3.88	  4.6508154E-4
3.89	  4.574195E-4
3.9	  4.4988605E-4
3.91	  4.42479E-4
3.92	  4.351962E-4
3.93	  4.280355E-4
3.94	  4.2099482E-4
3.95	  4.1407213E-4
3.96	  4.0726535E-4
3.97	  4.0057255E-4
3.98	  3.9399177E-4
3.99	  3.8752108E-4
4.0	  3.8115864E-4


